사용일자,호선명,역명,승차승객수,하차승객수
2022-01-01,1호선,신설동,4939,4733
2022-01-01,1호선,동대문,6486,6390
2022-01-01,1호선,종로5가,7975,7922
2022-01-01,1호선,서울역,18398,16926
2022-01-01,1호선,동묘앞,7240,7366
2022-01-01,1호선,시청,5604,5006
2022-01-01,1호선,종각,9977,8864
2022-01-01,1호선,종로3가,11017,9630
2022-01-01,1호선,청량리,9400,9553
2022-01-01,1호선,제기동,7244,7259
2022-01-02,1호선,청량리,10719,10816
2022-01-02,1호선,제기동,7793,8559
2022-01-02,1호선,신설동,5989,6218
2022-01-02,1호선,종로5가,7065,7156
2022-01-02,1호선,종로3가,11357,10036
2022-01-02,1호선,종각,10056,8862
2022-01-02,1호선,시청,5933,5744
2022-01-02,1호선,동묘앞,10028,10292
2022-01-02,1호선,서울역,26464,20031
2022-01-02,1호선,동대문,7925,7654
2022-01-03,1호선,종각,33790,32789
2022-01-03,1호선,시청,19725,19839
2022-01-03,1호선,동묘앞,6324,6598
2022-01-03,1호선,서울역,40413,36361
2022-01-03,1호선,청량리,17754,17906
2022-01-03,1호선,제기동,15506,15998
2022-01-03,1호선,신설동,12680,12483
2022-01-03,1호선,동대문,8844,8651
2022-01-03,1호선,종로5가,20166,19926
2022-01-03,1호선,종로3가,23162,21718
2022-01-04,1호선,서울역,39092,36147
2022-01-04,1호선,동묘앞,6868,7110
2022-01-04,1호선,시청,21043,21137
2022-01-04,1호선,종각,33848,32900
2022-01-04,1호선,종로3가,23970,22267
2022-01-04,1호선,종로5가,21139,20766
2022-01-04,1호선,동대문,10058,9421
2022-01-04,1호선,신설동,12888,12612
2022-01-04,1호선,제기동,16388,16850
2022-01-04,1호선,청량리,18462,18619
2022-01-05,1호선,시청,21174,21287
2022-01-05,1호선,동묘앞,6762,7136
2022-01-05,1호선,서울역,38744,36262
2022-01-05,1호선,종로3가,24322,22268
2022-01-05,1호선,종로5가,21062,20595
2022-01-05,1호선,동대문,9999,9324
2022-01-05,1호선,신설동,13140,12803
2022-01-05,1호선,제기동,16043,16367
2022-01-05,1호선,청량리,18158,18070
2022-01-05,1호선,종각,33946,33241
2022-01-06,1호선,서울역,40340,38347
2022-01-06,1호선,동묘앞,6982,7278
2022-01-06,1호선,시청,21276,21242
2022-01-06,1호선,종각,34091,33098
2022-01-06,1호선,종로3가,24996,22827
2022-01-06,1호선,종로5가,21472,21415
2022-01-06,1호선,동대문,10266,9601
2022-01-06,1호선,신설동,13285,12895
2022-01-06,1호선,제기동,17035,17370
2022-01-06,1호선,청량리,18919,18856
2022-01-07,1호선,동대문,10577,9613
2022-01-07,1호선,동묘앞,7400,7679
2022-01-07,1호선,서울역,43576,42324
2022-01-07,1호선,시청,21016,21220
2022-01-07,1호선,신설동,13673,13125
2022-01-07,1호선,제기동,17405,17836
2022-01-07,1호선,종각,34088,33298
2022-01-07,1호선,종로3가,25665,23798
2022-01-07,1호선,종로5가,22208,22010
2022-01-07,1호선,청량리,19858,19994
2022-01-08,1호선,서울역,27185,26970
2022-01-08,1호선,동묘앞,10262,10670
2022-01-08,1호선,시청,9385,9665
2022-01-08,1호선,종각,16933,15881
2022-01-08,1호선,종로3가,21271,18898
2022-01-08,1호선,종로5가,16802,17017
2022-01-08,1호선,동대문,9733,8988
2022-01-08,1호선,신설동,9082,8464
2022-01-08,1호선,제기동,14978,15170
2022-01-08,1호선,청량리,16624,17094
2022-01-09,1호선,서울역,22698,20411
2022-01-09,1호선,동묘앞,10902,11103
2022-01-09,1호선,시청,6426,6014
2022-01-09,1호선,종각,10970,9660
2022-01-09,1호선,종로3가,12373,11030
2022-01-09,1호선,종로5가,8055,8048
2022-01-09,1호선,동대문,8011,8290
2022-01-09,1호선,신설동,6894,6916
2022-01-09,1호선,제기동,9346,9753
2022-01-09,1호선,청량리,11579,11717
2022-01-10,1호선,청량리,19105,19182
2022-01-10,1호선,제기동,17374,17838
2022-01-10,1호선,신설동,13445,13034
2022-01-10,1호선,동대문,10169,9667
2022-01-10,1호선,종로5가,21434,21249
2022-01-10,1호선,종로3가,24887,22972
2022-01-10,1호선,종각,34149,32860
2022-01-10,1호선,시청,20759,20958
2022-01-10,1호선,동묘앞,6756,7002
2022-01-10,1호선,서울역,41049,39058
2022-01-11,1호선,청량리,17880,17908
2022-01-11,1호선,제기동,15156,15468
2022-01-11,1호선,신설동,12847,12527
2022-01-11,1호선,동대문,9740,9100
2022-01-11,1호선,종로5가,21316,20888
2022-01-11,1호선,종로3가,23828,21952
2022-01-11,1호선,종각,34616,33532
2022-01-11,1호선,시청,21594,21421
2022-01-11,1호선,동묘앞,6097,6329
2022-01-11,1호선,서울역,41022,39000
2022-01-12,1호선,서울역,40827,38656
2022-01-12,1호선,동묘앞,5976,6169
2022-01-12,1호선,시청,21425,21176
2022-01-12,1호선,종각,34756,33411
2022-01-12,1호선,종로3가,23112,21411
2022-01-12,1호선,종로5가,20613,20381
2022-01-12,1호선,동대문,9894,9059
2022-01-12,1호선,신설동,12914,12586
2022-01-12,1호선,제기동,14907,15034
2022-01-12,1호선,청량리,17052,16862
2022-01-13,1호선,청량리,17950,18129
2022-01-13,1호선,제기동,15891,16088
2022-01-13,1호선,신설동,13313,12895
2022-01-13,1호선,동대문,9843,9082
2022-01-13,1호선,종로5가,21386,21057
2022-01-13,1호선,종로3가,23658,21882
2022-01-13,1호선,종각,34704,33454
2022-01-13,1호선,시청,21327,21565
2022-01-13,1호선,동묘앞,6199,6529
2022-01-13,1호선,서울역,41730,39204
2022-01-14,1호선,서울역,44956,43212
2022-01-14,1호선,동묘앞,6843,7135
2022-01-14,1호선,시청,21008,21187
2022-01-14,1호선,종각,34432,32858
2022-01-14,1호선,종로3가,24875,23082
2022-01-14,1호선,종로5가,21969,21703
2022-01-14,1호선,동대문,10215,9507
2022-01-14,1호선,신설동,13837,13340
2022-01-14,1호선,제기동,17368,17602
2022-01-14,1호선,청량리,19577,19999
2022-01-15,1호선,청량리,17466,18079
2022-01-15,1호선,제기동,16526,17161
2022-01-15,1호선,신설동,9213,8614
2022-01-15,1호선,동대문,9692,8809
2022-01-15,1호선,종로5가,17701,17956
2022-01-15,1호선,종로3가,20637,19468
2022-01-15,1호선,종각,17538,16043
2022-01-15,1호선,시청,9427,9666
2022-01-15,1호선,동묘앞,9825,10159
2022-01-15,1호선,서울역,28600,28201
2022-01-16,1호선,서울역,24951,22877
2022-01-16,1호선,동묘앞,10914,10771
2022-01-16,1호선,시청,6628,6196
2022-01-16,1호선,종각,11669,10275
2022-01-16,1호선,종로3가,12333,11091
2022-01-16,1호선,종로5가,8641,8473
2022-01-16,1호선,동대문,8233,8481
2022-01-16,1호선,신설동,7130,7110
2022-01-16,1호선,제기동,10108,10671
2022-01-16,1호선,청량리,12379,12255
2022-01-17,1호선,서울역,41857,39516
2022-01-17,1호선,동묘앞,6486,6641
2022-01-17,1호선,시청,21072,21112
2022-01-17,1호선,종각,35176,33692
2022-01-17,1호선,종로3가,23959,22259
2022-01-17,1호선,종로5가,21497,20975
2022-01-17,1호선,동대문,10235,9573
2022-01-17,1호선,신설동,13535,13129
2022-01-17,1호선,제기동,16940,17430
2022-01-17,1호선,청량리,18860,18814
2022-01-18,1호선,청량리,19069,19169
2022-01-18,1호선,제기동,17059,17386
2022-01-18,1호선,신설동,13254,12908
2022-01-18,1호선,동대문,10026,9379
2022-01-18,1호선,종로5가,21331,21065
2022-01-18,1호선,종로3가,23936,21806
2022-01-18,1호선,종각,34898,33710
2022-01-18,1호선,시청,22017,22175
2022-01-18,1호선,동묘앞,6886,7125
2022-01-18,1호선,서울역,41563,39218
2022-01-19,1호선,청량리,17724,18086
2022-01-19,1호선,제기동,15643,15705
2022-01-19,1호선,신설동,13758,13386
2022-01-19,1호선,동대문,10185,9373
2022-01-19,1호선,종로5가,21523,20787
2022-01-19,1호선,종로3가,23900,21803
2022-01-19,1호선,종각,36458,34681
2022-01-19,1호선,시청,22757,22640
2022-01-19,1호선,동묘앞,5813,6394
2022-01-19,1호선,서울역,43713,40739
2022-01-20,1호선,서울역,43402,41037
2022-01-20,1호선,청량리,20370,20097
2022-01-20,1호선,제기동,17689,18394
2022-01-20,1호선,신설동,13742,13361
2022-01-20,1호선,동대문,10441,9353
2022-01-20,1호선,종로5가,22152,22033
2022-01-20,1호선,종로3가,25062,22768
2022-01-20,1호선,종각,35826,34909
2022-01-20,1호선,시청,22125,22266
2022-01-20,1호선,동묘앞,7247,7631
2022-01-21,1호선,청량리,21669,21812
2022-01-21,1호선,제기동,19997,20638
2022-01-21,1호선,신설동,14300,13665
2022-01-21,1호선,동대문,11068,10066
2022-01-21,1호선,종로5가,23292,22980
2022-01-21,1호선,종로3가,26719,24562
2022-01-21,1호선,종각,36003,34974
2022-01-21,1호선,시청,22081,22228
2022-01-21,1호선,동묘앞,7810,8186
2022-01-21,1호선,서울역,46637,44427
2022-01-22,1호선,서울역,28977,28803
2022-01-22,1호선,동묘앞,10581,11012
2022-01-22,1호선,시청,10106,10589
2022-01-22,1호선,종각,18119,16687
2022-01-22,1호선,종로3가,21796,20115
2022-01-22,1호선,종로5가,17821,18012
2022-01-22,1호선,동대문,9942,9099
2022-01-22,1호선,신설동,9669,9176
2022-01-22,1호선,제기동,17662,18300
2022-01-22,1호선,청량리,18658,19140
2022-01-23,1호선,서울역,23835,21440
2022-01-23,1호선,동묘앞,11459,11555
2022-01-23,1호선,시청,6993,6565
2022-01-23,1호선,종각,12042,10621
2022-01-23,1호선,종로3가,13245,11686
2022-01-23,1호선,종로5가,8719,8553
2022-01-23,1호선,동대문,8408,8749
2022-01-23,1호선,신설동,7372,7275
2022-01-23,1호선,제기동,11302,11957
2022-01-23,1호선,청량리,12993,13008
2022-01-24,1호선,청량리,20846,21012
2022-01-24,1호선,제기동,19915,20683
2022-01-24,1호선,신설동,13549,13040
2022-01-24,1호선,동대문,10477,9794
2022-01-24,1호선,종로5가,21737,21575
2022-01-24,1호선,종로3가,24867,22725
2022-01-24,1호선,종각,34229,33503
2022-01-24,1호선,시청,21013,21267
2022-01-24,1호선,동묘앞,7115,7417
2022-01-24,1호선,서울역,41306,39822
2022-01-25,1호선,청량리,20098,20142
2022-01-25,1호선,제기동,18781,19241
2022-01-25,1호선,신설동,13446,13092
2022-01-25,1호선,동대문,10203,9494
2022-01-25,1호선,종로5가,22005,21675
2022-01-25,1호선,종로3가,24710,22412
2022-01-25,1호선,종각,34558,33662
2022-01-25,1호선,시청,22124,22099
2022-01-25,1호선,동묘앞,6342,6640
2022-01-25,1호선,서울역,41537,39739
2022-01-26,1호선,서울역,42167,41207
2022-01-26,1호선,동묘앞,7813,8166
2022-01-26,1호선,시청,22733,22803
2022-01-26,1호선,종각,35346,34368
2022-01-26,1호선,종로3가,25502,23461
2022-01-26,1호선,종로5가,22828,22386
2022-01-26,1호선,동대문,10782,9880
2022-01-26,1호선,신설동,14042,13539
2022-01-26,1호선,제기동,20506,21250
2022-01-26,1호선,청량리,21722,22121
2022-01-27,1호선,청량리,20872,21268
2022-01-27,1호선,제기동,19563,20404
2022-01-27,1호선,신설동,13602,13058
2022-01-27,1호선,동대문,10541,9703
2022-01-27,1호선,종로5가,22600,21405
2022-01-27,1호선,종로3가,24453,22290
2022-01-27,1호선,종각,34149,33315
2022-01-27,1호선,시청,21888,21799
2022-01-27,1호선,동묘앞,7534,7763
2022-01-27,1호선,서울역,40907,44780
2022-01-28,1호선,동묘앞,7723,7949
2022-01-28,1호선,서울역,38242,39895
2022-01-28,1호선,시청,19955,20181
2022-01-28,1호선,종각,31832,30911
2022-01-28,1호선,종로3가,24404,22454
2022-01-28,1호선,종로5가,23053,21716
2022-01-28,1호선,동대문,10582,9624
2022-01-28,1호선,신설동,13659,12886
2022-01-28,1호선,제기동,19090,19678
2022-01-28,1호선,청량리,21027,21465
2022-01-29,1호선,청량리,16977,17105
2022-01-29,1호선,제기동,15376,16120
2022-01-29,1호선,신설동,8060,7327
2022-01-29,1호선,동대문,8649,8281
2022-01-29,1호선,종로5가,14878,14124
2022-01-29,1호선,종로3가,17062,15986
2022-01-29,1호선,종각,13440,12581
2022-01-29,1호선,시청,7205,7244
2022-01-29,1호선,동묘앞,9309,9512
2022-01-29,1호선,서울역,19588,24323
2022-01-30,1호선,청량리,12675,12947
2022-01-30,1호선,제기동,10067,10483
2022-01-30,1호선,신설동,6398,5607
2022-01-30,1호선,동대문,8095,8313
2022-01-30,1호선,종로5가,8322,7719
2022-01-30,1호선,종로3가,10842,9841
2022-01-30,1호선,종각,9133,8329
2022-01-30,1호선,시청,5500,5305
2022-01-30,1호선,동묘앞,9488,9649
2022-01-30,1호선,서울역,15691,19367
2022-01-31,1호선,청량리,9670,10051
2022-01-31,1호선,제기동,7217,7169
2022-01-31,1호선,동대문,6744,6720
2022-01-31,1호선,종로5가,6658,6303
2022-01-31,1호선,종로3가,8629,7556
2022-01-31,1호선,종각,7447,6393
2022-01-31,1호선,동묘앞,6014,6136
2022-01-31,1호선,서울역,15649,16857
2022-01-31,1호선,신설동,4267,3770
2022-01-31,1호선,시청,4315,4155
2022-02-01,1호선,청량리,6194,6306
2022-02-01,1호선,제기동,3458,3693
2022-02-01,1호선,신설동,3126,3237
2022-02-01,1호선,동대문,5813,5304
2022-02-01,1호선,종로5가,3389,3142
2022-02-01,1호선,종로3가,6012,5363
2022-02-01,1호선,종각,7295,6513
2022-02-01,1호선,시청,3743,3740
2022-02-01,1호선,동묘앞,3082,3500
2022-02-01,1호선,서울역,16407,14010
2022-02-02,1호선,서울역,19614,15617
2022-02-02,1호선,동묘앞,5716,6138
2022-02-02,1호선,종각,9460,8673
2022-02-02,1호선,종로3가,10190,9097
2022-02-02,1호선,종로5가,6412,6474
2022-02-02,1호선,동대문,5875,5428
2022-02-02,1호선,신설동,4381,4819
2022-02-02,1호선,제기동,5266,5764
2022-02-02,1호선,청량리,8259,8385
2022-02-02,1호선,시청,5463,5437
2022-02-03,1호선,청량리,15691,15706
2022-02-03,1호선,제기동,13138,13361
2022-02-03,1호선,신설동,11718,11721
2022-02-03,1호선,종로5가,19561,19651
2022-02-03,1호선,종로3가,21582,20138
2022-02-03,1호선,종각,28418,27821
2022-02-03,1호선,시청,18621,18945
2022-02-03,1호선,동묘앞,6253,6630
2022-02-03,1호선,서울역,40979,32120
2022-02-03,1호선,동대문,8433,8191
2022-02-04,1호선,청량리,16692,16750
2022-02-04,1호선,제기동,14132,14326
2022-02-04,1호선,신설동,12654,12366
2022-02-04,1호선,동대문,9723,8884
2022-02-04,1호선,종로5가,21502,21115
2022-02-04,1호선,종로3가,23615,22179
2022-02-04,1호선,종각,30369,29494
2022-02-04,1호선,시청,19724,19912
2022-02-04,1호선,동묘앞,6658,7054
2022-02-04,1호선,서울역,39412,35770
2022-02-05,1호선,서울역,22832,21468
2022-02-05,1호선,동묘앞,8397,8494
2022-02-05,1호선,시청,8421,8634
2022-02-05,1호선,종각,14426,13701
2022-02-05,1호선,종로3가,16936,16424
2022-02-05,1호선,종로5가,15064,15010
2022-02-05,1호선,동대문,8335,7490
2022-02-05,1호선,신설동,7452,7166
2022-02-05,1호선,제기동,11245,11376
2022-02-05,1호선,청량리,13325,13555
2022-02-06,1호선,청량리,10091,10101
2022-02-06,1호선,제기동,7427,7757
2022-02-06,1호선,동묘앞,9142,9174
2022-02-06,1호선,신설동,5887,5919
2022-02-06,1호선,동대문,6638,6980
2022-02-06,1호선,시청,5692,5454
2022-02-06,1호선,종각,9467,8512
2022-02-06,1호선,종로3가,10752,9499
2022-02-06,1호선,종로5가,6825,6650
2022-02-06,1호선,서울역,19362,16886
2022-02-07,1호선,서울역,37914,36091
2022-02-07,1호선,동묘앞,6524,6950
2022-02-07,1호선,시청,20241,20422
2022-02-07,1호선,종각,32283,31701
2022-02-07,1호선,종로3가,22857,21276
2022-02-07,1호선,종로5가,20565,20554
2022-02-07,1호선,동대문,9510,8983
2022-02-07,1호선,신설동,13051,12717
2022-02-07,1호선,제기동,15013,15221
2022-02-07,1호선,청량리,17660,17491
2022-02-08,1호선,청량리,18061,18076
2022-02-08,1호선,제기동,15944,16194
2022-02-08,1호선,신설동,12760,12527
2022-02-08,1호선,동대문,9815,8977
2022-02-08,1호선,종로5가,21626,21278
2022-02-08,1호선,종로3가,23444,21501
2022-02-08,1호선,종각,32313,31758
2022-02-08,1호선,시청,20754,20986
2022-02-08,1호선,동묘앞,7185,7389
2022-02-08,1호선,서울역,38004,35865
2022-02-09,1호선,서울역,38756,36031
2022-02-09,1호선,동묘앞,7348,7491
2022-02-09,1호선,시청,21132,21446
2022-02-09,1호선,종각,32742,32205
2022-02-09,1호선,종로3가,24002,21924
2022-02-09,1호선,종로5가,20849,20647
2022-02-09,1호선,동대문,9908,9132
2022-02-09,1호선,신설동,13339,13000
2022-02-09,1호선,제기동,15979,16256
2022-02-09,1호선,청량리,18412,18307
2022-02-10,1호선,서울역,38849,36875
2022-02-10,1호선,동묘앞,6957,7271
2022-02-10,1호선,시청,20919,21339
2022-02-10,1호선,종각,31926,31261
2022-02-10,1호선,종로3가,23631,21759
2022-02-10,1호선,종로5가,21142,20939
2022-02-10,1호선,동대문,9818,9130
2022-02-10,1호선,신설동,13261,12981
2022-02-10,1호선,제기동,16315,16369
2022-02-10,1호선,청량리,18451,18420
2022-02-11,1호선,서울역,42390,40709
2022-02-11,1호선,동묘앞,7135,7397
2022-02-11,1호선,시청,20307,20842
2022-02-11,1호선,종각,31765,30900
2022-02-11,1호선,종로3가,24998,23043
2022-02-11,1호선,종로5가,21710,21776
2022-02-11,1호선,동대문,10400,9513
2022-02-11,1호선,신설동,13936,13376
2022-02-11,1호선,제기동,16387,16673
2022-02-11,1호선,청량리,19246,19344
2022-02-12,1호선,서울역,25027,25115
2022-02-12,1호선,동묘앞,10166,10566
2022-02-12,1호선,시청,9220,9699
2022-02-12,1호선,종각,15857,14805
2022-02-12,1호선,종로3가,20757,18690
2022-02-12,1호선,종로5가,16296,16389
2022-02-12,1호선,동대문,9279,8508
2022-02-12,1호선,신설동,9288,8709
2022-02-12,1호선,제기동,14298,14846
2022-02-12,1호선,청량리,16459,16798
2022-02-13,1호선,동대문,7631,8088
2022-02-13,1호선,종로5가,7823,7753
2022-02-13,1호선,종각,10444,9568
2022-02-13,1호선,종로3가,12510,11007
2022-02-13,1호선,서울역,21053,19161
2022-02-13,1호선,동묘앞,10570,10640
2022-02-13,1호선,시청,6328,6058
2022-02-13,1호선,청량리,11528,11689
2022-02-13,1호선,제기동,9132,9569
2022-02-13,1호선,신설동,7061,6936
2022-02-14,1호선,동대문,9746,9166
2022-02-14,1호선,서울역,38551,37346
2022-02-14,1호선,동묘앞,6217,6505
2022-02-14,1호선,시청,19787,20335
2022-02-14,1호선,종각,31755,30760
2022-02-14,1호선,종로3가,22677,21188
2022-02-14,1호선,종로5가,20692,20170
2022-02-14,1호선,신설동,13023,12930
2022-02-14,1호선,제기동,15516,15567
2022-02-14,1호선,청량리,18270,18221
2022-02-15,1호선,서울역,37878,35755
2022-02-15,1호선,동묘앞,6006,6331
2022-02-15,1호선,시청,21803,21945
2022-02-15,1호선,종각,32639,31849
2022-02-15,1호선,종로3가,22148,20516
2022-02-15,1호선,종로5가,20638,20219
2022-02-15,1호선,동대문,9724,8933
2022-02-15,1호선,신설동,12655,12434
2022-02-15,1호선,제기동,14133,14482
2022-02-15,1호선,청량리,17467,17104
2022-02-16,1호선,서울역,37631,35674
2022-02-16,1호선,동묘앞,5702,6011
2022-02-16,1호선,시청,20616,20948
2022-02-16,1호선,종각,31581,30571
2022-02-16,1호선,종로3가,21177,19675
2022-02-16,1호선,종로5가,19702,19361
2022-02-16,1호선,동대문,9149,8620
2022-02-16,1호선,신설동,12633,12379
2022-02-16,1호선,제기동,13505,13392
2022-02-16,1호선,청량리,16253,16283
2022-02-17,1호선,청량리,16772,16543
2022-02-17,1호선,제기동,13645,13676
2022-02-17,1호선,신설동,12559,12316
2022-02-17,1호선,동대문,9389,8704
2022-02-17,1호선,종로5가,19833,19655
2022-02-17,1호선,종로3가,21485,19944
2022-02-17,1호선,종각,30827,30022
2022-02-17,1호선,시청,20034,20242
2022-02-17,1호선,동묘앞,5995,6220
2022-02-17,1호선,서울역,37548,35823
2022-02-18,1호선,청량리,18698,18761
2022-02-18,1호선,제기동,15603,15727
2022-02-18,1호선,신설동,13219,12864
2022-02-18,1호선,동대문,9967,9127
2022-02-18,1호선,종로5가,20951,20774
2022-02-18,1호선,종로3가,24092,22175
2022-02-18,1호선,종각,30834,29832
2022-02-18,1호선,시청,19717,20247
2022-02-18,1호선,동묘앞,7033,7310
2022-02-18,1호선,서울역,41323,39749
2022-02-19,1호선,서울역,24632,25055
2022-02-19,1호선,동묘앞,9499,9760
2022-02-19,1호선,시청,9810,10057
2022-02-19,1호선,종각,16290,15067
2022-02-19,1호선,청량리,15733,15769
2022-02-19,1호선,제기동,13304,13292
2022-02-19,1호선,신설동,8822,8308
2022-02-19,1호선,동대문,9200,8716
2022-02-19,1호선,종로5가,16085,16086
2022-02-19,1호선,종로3가,18911,18508
2022-02-20,1호선,청량리,10520,10541
2022-02-20,1호선,제기동,7896,8148
2022-02-20,1호선,신설동,6237,6321
2022-02-20,1호선,동대문,6916,7067
2022-02-20,1호선,종로5가,7622,7108
2022-02-20,1호선,종로3가,10628,9589
2022-02-20,1호선,종각,10292,9143
2022-02-20,1호선,시청,6085,5978
2022-02-20,1호선,동묘앞,8966,9306
2022-02-20,1호선,서울역,21179,19303
2022-02-21,1호선,청량리,17422,17620
2022-02-21,1호선,제기동,14798,15091
2022-02-21,1호선,신설동,12592,12360
2022-02-21,1호선,동대문,9408,9006
2022-02-21,1호선,종로5가,20321,19222
2022-02-21,1호선,종로3가,22017,20250
2022-02-21,1호선,종각,30447,29514
2022-02-21,1호선,시청,19281,19453
2022-02-21,1호선,동묘앞,5979,6286
2022-02-21,1호선,서울역,37553,36039
2022-02-22,1호선,동대문,9552,8926
2022-02-22,1호선,신설동,12214,11992
2022-02-22,1호선,제기동,14557,14695
2022-02-22,1호선,청량리,17344,17412
2022-02-22,1호선,종로5가,20274,20064
2022-02-22,1호선,종로3가,21815,20056
2022-02-22,1호선,종각,30255,29544
2022-02-22,1호선,시청,20259,20377
2022-02-22,1호선,동묘앞,6033,6571
2022-02-22,1호선,서울역,37054,35325
2022-02-23,1호선,청량리,16795,16840
2022-02-23,1호선,제기동,14352,14292
2022-02-23,1호선,신설동,12480,12257
2022-02-23,1호선,동대문,9497,8868
2022-02-23,1호선,종로5가,19701,19394
2022-02-23,1호선,종로3가,21239,19509
2022-02-23,1호선,종각,30684,29634
2022-02-23,1호선,시청,20290,20409
2022-02-23,1호선,동묘앞,5953,6296
2022-02-23,1호선,서울역,37127,35236
2022-02-24,1호선,서울역,37837,35692
2022-02-24,1호선,동묘앞,6531,6841
2022-02-24,1호선,시청,20005,20204
2022-02-24,1호선,종각,30155,29396
2022-02-24,1호선,종로3가,22333,20489
2022-02-24,1호선,종로5가,20479,19916
2022-02-24,1호선,동대문,9556,8859
2022-02-24,1호선,신설동,12651,12414
2022-02-24,1호선,제기동,15014,15319
2022-02-24,1호선,청량리,17450,17775
2022-02-25,1호선,서울역,41491,40496
2022-02-25,1호선,동묘앞,7198,7720
2022-02-25,1호선,시청,19899,20338
2022-02-25,1호선,종각,30665,29559
2022-02-25,1호선,종로3가,23849,21836
2022-02-25,1호선,종로5가,21823,21594
2022-02-25,1호선,동대문,10233,9572
2022-02-25,1호선,신설동,13337,12932
2022-02-25,1호선,제기동,16181,16616
2022-02-25,1호선,청량리,19380,19483
2022-02-26,1호선,서울역,24750,25357
2022-02-26,1호선,동묘앞,9163,9418
2022-02-26,1호선,시청,8584,9078
2022-02-26,1호선,종각,14692,14633
2022-02-26,1호선,종로3가,17885,17194
2022-02-26,1호선,종로5가,15956,15656
2022-02-26,1호선,동대문,8843,7977
2022-02-26,1호선,신설동,8483,8161
2022-02-26,1호선,제기동,12927,13309
2022-02-26,1호선,청량리,15439,15507
2022-02-27,1호선,서울역,21220,19479
2022-02-27,1호선,동묘앞,11213,11392
2022-02-27,1호선,시청,6975,6898
2022-02-27,1호선,종각,11166,9716
2022-02-27,1호선,종로3가,12266,10969
2022-02-27,1호선,종로5가,8070,7938
2022-02-27,1호선,동대문,7794,8256
2022-02-27,1호선,신설동,7069,6949
2022-02-27,1호선,제기동,8911,9282
2022-02-27,1호선,청량리,11597,11864
2022-02-28,1호선,동묘앞,7188,7339
2022-02-28,1호선,청량리,18473,18410
2022-02-28,1호선,제기동,15913,16250
2022-02-28,1호선,신설동,12533,12300
2022-02-28,1호선,동대문,10159,9709
2022-02-28,1호선,종로5가,20531,20461
2022-02-28,1호선,종로3가,23565,21630
2022-02-28,1호선,종각,27981,27637
2022-02-28,1호선,시청,17878,18388
2022-02-28,1호선,서울역,37038,34360
2022-03-01,1호선,동묘앞,7106,7394
2022-03-01,1호선,청량리,13021,12958
2022-03-01,1호선,제기동,10733,11414
2022-03-01,1호선,신설동,6374,6211
2022-03-01,1호선,동대문,8153,7978
2022-03-01,1호선,종로5가,14036,13472
2022-03-01,1호선,종로3가,16349,14533
2022-03-01,1호선,종각,15750,13544
2022-03-01,1호선,시청,12439,12379
2022-03-01,1호선,서울역,20994,19468
2022-03-02,1호선,서울역,35974,34212
2022-03-02,1호선,시청,20111,20187
2022-03-02,1호선,종각,30162,29499
2022-03-02,1호선,종로3가,21817,19803
2022-03-02,1호선,종로5가,20566,20001
2022-03-02,1호선,동대문,10037,9347
2022-03-02,1호선,신설동,13284,13035
2022-03-02,1호선,제기동,15660,15915
2022-03-02,1호선,청량리,18246,18182
2022-03-02,1호선,동묘앞,7000,7349
2022-03-03,1호선,시청,19914,19971
2022-03-03,1호선,종각,31468,30836
2022-03-03,1호선,종로3가,22398,20259
2022-03-03,1호선,종로5가,20530,20199
2022-03-03,1호선,동대문,9897,9400
2022-03-03,1호선,신설동,13047,12795
2022-03-03,1호선,제기동,16041,16009
2022-03-03,1호선,청량리,18350,18397
2022-03-03,1호선,동묘앞,7314,7692
2022-03-03,1호선,서울역,35847,34633
2022-03-04,1호선,동묘앞,6935,7403
2022-03-04,1호선,청량리,18005,18165
2022-03-04,1호선,제기동,14998,15113
2022-03-04,1호선,신설동,13281,12971
2022-03-04,1호선,동대문,9761,8911
2022-03-04,1호선,종로5가,20378,20033
2022-03-04,1호선,종로3가,22378,20647
2022-03-04,1호선,종각,30186,29482
2022-03-04,1호선,시청,19824,19714
2022-03-04,1호선,서울역,40023,38144
2022-03-05,1호선,서울역,23365,23142
2022-03-05,1호선,시청,10598,10808
2022-03-05,1호선,종각,17526,16107
2022-03-05,1호선,종로3가,18166,17189
2022-03-05,1호선,종로5가,15453,15249
2022-03-05,1호선,동대문,8748,8162
2022-03-05,1호선,신설동,8434,8023
2022-03-05,1호선,제기동,12681,12896
2022-03-05,1호선,청량리,15308,15693
2022-03-05,1호선,동묘앞,9433,9989
2022-03-06,1호선,동묘앞,10674,10866
2022-03-06,1호선,청량리,11153,11284
2022-03-06,1호선,제기동,8347,8720
2022-03-06,1호선,신설동,6733,6599
2022-03-06,1호선,동대문,7649,8148
2022-03-06,1호선,종로5가,7275,7266
2022-03-06,1호선,종로3가,11387,10292
2022-03-06,1호선,종각,10309,9069
2022-03-06,1호선,시청,6006,5685
2022-03-06,1호선,서울역,19236,18236
2022-03-07,1호선,동묘앞,6492,6887
2022-03-07,1호선,청량리,17979,18021
2022-03-07,1호선,제기동,15194,15482
2022-03-07,1호선,신설동,12760,12504
2022-03-07,1호선,동대문,9882,9146
2022-03-07,1호선,종로5가,19945,19901
2022-03-07,1호선,종로3가,21986,20146
2022-03-07,1호선,종각,29721,29183
2022-03-07,1호선,시청,18881,19131
2022-03-07,1호선,서울역,35599,34253
2022-03-08,1호선,서울역,37193,35485
2022-03-08,1호선,시청,27134,28043
2022-03-08,1호선,종각,32567,31518
2022-03-08,1호선,종로3가,23079,21367
2022-03-08,1호선,종로5가,21276,21016
2022-03-08,1호선,동대문,10275,9580
2022-03-08,1호선,신설동,12618,12464
2022-03-08,1호선,제기동,15670,16026
2022-03-08,1호선,청량리,18749,18725
2022-03-08,1호선,동묘앞,7215,7617
2022-03-09,1호선,서울역,17151,16519
2022-03-09,1호선,동묘앞,7668,8132
2022-03-09,1호선,청량리,13217,13311
2022-03-09,1호선,제기동,11165,11391
2022-03-09,1호선,신설동,6888,6415
2022-03-09,1호선,동대문,8223,8040
2022-03-09,1호선,종로5가,13381,13338
2022-03-09,1호선,종로3가,16041,14513
2022-03-09,1호선,종각,12453,11279
2022-03-09,1호선,시청,6860,6938
2022-03-10,1호선,서울역,35453,34369
2022-03-10,1호선,시청,19311,19104
2022-03-10,1호선,종각,29050,28418
2022-03-10,1호선,종로3가,21856,20128
2022-03-10,1호선,종로5가,19594,19441
2022-03-10,1호선,동대문,9575,8890
2022-03-10,1호선,신설동,12558,12402
2022-03-10,1호선,제기동,14214,14392
2022-03-10,1호선,청량리,17347,17265
2022-03-10,1호선,동묘앞,6850,7163
2022-03-11,1호선,동묘앞,7824,8125
2022-03-11,1호선,청량리,18888,19012
2022-03-11,1호선,제기동,15802,15972
2022-03-11,1호선,신설동,13091,12808
2022-03-11,1호선,동대문,10036,9151
2022-03-11,1호선,종로5가,20876,20700
2022-03-11,1호선,종로3가,23442,21631
2022-03-11,1호선,종각,29589,29151
2022-03-11,1호선,시청,19268,19380
2022-03-11,1호선,서울역,39094,37789
2022-03-12,1호선,서울역,23802,23666
2022-03-12,1호선,동묘앞,10259,10800
2022-03-12,1호선,청량리,15805,15965
2022-03-12,1호선,제기동,13274,13727
2022-03-12,1호선,신설동,8768,8269
2022-03-12,1호선,동대문,8996,8365
2022-03-12,1호선,종로5가,15650,15774
2022-03-12,1호선,종로3가,18990,17576
2022-03-12,1호선,종각,15948,14743
2022-03-12,1호선,시청,9900,9759
2022-03-13,1호선,서울역,19062,17541
2022-03-13,1호선,시청,5256,5110
2022-03-13,1호선,종각,8788,8130
2022-03-13,1호선,종로3가,9993,8862
2022-03-13,1호선,종로5가,6616,6774
2022-03-13,1호선,동대문,6217,6468
2022-03-13,1호선,신설동,5423,5286
2022-03-13,1호선,제기동,6855,6971
2022-03-13,1호선,청량리,9384,9600
2022-03-13,1호선,동묘앞,6036,6379
2022-03-14,1호선,서울역,34426,33042
2022-03-14,1호선,시청,18916,18773
2022-03-14,1호선,종각,28726,28161
2022-03-14,1호선,종로3가,19548,18284
2022-03-14,1호선,종로5가,18731,18528
2022-03-14,1호선,동대문,9186,8709
2022-03-14,1호선,신설동,12299,12054
2022-03-14,1호선,제기동,13108,13205
2022-03-14,1호선,청량리,16120,15968
2022-03-14,1호선,동묘앞,5339,5594
2022-03-15,1호선,서울역,34864,33272
2022-03-15,1호선,동묘앞,7646,7923
2022-03-15,1호선,청량리,18638,18134
2022-03-15,1호선,제기동,15904,16393
2022-03-15,1호선,신설동,12565,12161
2022-03-15,1호선,동대문,9754,9202
2022-03-15,1호선,종로5가,20652,20400
2022-03-15,1호선,종로3가,22064,20370
2022-03-15,1호선,종각,29079,28525
2022-03-15,1호선,시청,19279,19369
2022-03-16,1호선,서울역,35130,33573
2022-03-16,1호선,시청,19287,19449
2022-03-16,1호선,종각,28749,28425
2022-03-16,1호선,종로3가,22185,20198
2022-03-16,1호선,종로5가,20073,19914
2022-03-16,1호선,동대문,9767,8999
2022-03-16,1호선,신설동,12621,12433
2022-03-16,1호선,제기동,15439,15800
2022-03-16,1호선,청량리,17547,17476
2022-03-16,1호선,동묘앞,7418,7668
2022-03-17,1호선,서울역,35000,33191
2022-03-17,1호선,시청,19082,19172
2022-03-17,1호선,종각,29055,28218
2022-03-17,1호선,종로3가,21224,19739
2022-03-17,1호선,종로5가,19764,19409
2022-03-17,1호선,동대문,9401,8841
2022-03-17,1호선,신설동,12677,12425
2022-03-17,1호선,제기동,14994,15420
2022-03-17,1호선,청량리,17342,17334
2022-03-17,1호선,동묘앞,6999,7313
2022-03-18,1호선,서울역,38907,38083
2022-03-18,1호선,시청,18980,19371
2022-03-18,1호선,종각,29468,28687
2022-03-18,1호선,종로3가,21645,20341
2022-03-18,1호선,종로5가,20277,20114
2022-03-18,1호선,동대문,9835,8950
2022-03-18,1호선,신설동,12963,12584
2022-03-18,1호선,제기동,14819,14866
2022-03-18,1호선,청량리,18003,17601
2022-03-18,1호선,동묘앞,6874,7516
2022-03-19,1호선,동묘앞,5730,6102
2022-03-19,1호선,청량리,13184,13369
2022-03-19,1호선,제기동,10862,10995
2022-03-19,1호선,신설동,7213,6677
2022-03-19,1호선,동대문,7852,7046
2022-03-19,1호선,종로5가,14347,14612
2022-03-19,1호선,종로3가,16362,15486
2022-03-19,1호선,종각,14555,13614
2022-03-19,1호선,서울역,22028,22382
2022-03-19,1호선,시청,8001,8112
2022-03-20,1호선,신설동,6734,6677
2022-03-20,1호선,종로5가,7980,7950
2022-03-20,1호선,종로3가,11730,10641
2022-03-20,1호선,종각,10817,9225
2022-03-20,1호선,시청,6097,5751
2022-03-20,1호선,서울역,20940,19549
2022-03-20,1호선,동대문,8125,8372
2022-03-20,1호선,동묘앞,11187,11369
2022-03-20,1호선,청량리,11206,11437
2022-03-20,1호선,제기동,8940,9331
2022-03-21,1호선,서울역,35748,34264
2022-03-21,1호선,시청,19074,19163
2022-03-21,1호선,종각,28985,28398
2022-03-21,1호선,종로3가,20936,19631
2022-03-21,1호선,종로5가,20336,20046
2022-03-21,1호선,동대문,9677,9087
2022-03-21,1호선,신설동,12654,12294
2022-03-21,1호선,제기동,15581,16128
2022-03-21,1호선,청량리,17839,17641
2022-03-21,1호선,동묘앞,6911,7286
2022-03-22,1호선,서울역,35208,33766
2022-03-22,1호선,시청,19331,19517
2022-03-22,1호선,종각,29389,28756
2022-03-22,1호선,종로3가,21802,19938
2022-03-22,1호선,종로5가,20822,20495
2022-03-22,1호선,동대문,9881,9111
2022-03-22,1호선,신설동,12604,12277
2022-03-22,1호선,제기동,15886,16163
2022-03-22,1호선,청량리,18348,18077
2022-03-22,1호선,동묘앞,7427,7892
2022-03-23,1호선,서울역,34841,33672
2022-03-23,1호선,시청,19755,19712
2022-03-23,1호선,종각,29914,28877
2022-03-23,1호선,종로3가,21093,19443
2022-03-23,1호선,종로5가,19828,19783
2022-03-23,1호선,동대문,9738,8905
2022-03-23,1호선,신설동,12934,12524
2022-03-23,1호선,제기동,15156,15402
2022-03-23,1호선,청량리,17703,17456
2022-03-23,1호선,동묘앞,6728,7139
2022-03-24,1호선,서울역,36679,35202
2022-03-24,1호선,시청,20518,20281
2022-03-24,1호선,종각,29672,28801
2022-03-24,1호선,종로3가,21443,19786
2022-03-24,1호선,종로5가,20324,20007
2022-03-24,1호선,동대문,9623,8946
2022-03-24,1호선,신설동,12799,12465
2022-03-24,1호선,제기동,15464,15884
2022-03-24,1호선,청량리,18090,17710
2022-03-24,1호선,동묘앞,6830,7222
2022-03-25,1호선,서울역,41104,41346
2022-03-25,1호선,시청,19905,20390
2022-03-25,1호선,종각,31002,29242
2022-03-25,1호선,종로3가,22837,21496
2022-03-25,1호선,종로5가,21678,21554
2022-03-25,1호선,동대문,10329,9197
2022-03-25,1호선,신설동,13506,12929
2022-03-25,1호선,제기동,16243,16604
2022-03-25,1호선,청량리,19315,19401
2022-03-25,1호선,동묘앞,7559,8048
2022-03-26,1호선,동묘앞,7763,8291
2022-03-26,1호선,청량리,14655,14483
2022-03-26,1호선,제기동,12420,12681
2022-03-26,1호선,신설동,8234,7664
2022-03-26,1호선,종로5가,15290,16055
2022-03-26,1호선,종로3가,18567,17154
2022-03-26,1호선,종각,16179,15454
2022-03-26,1호선,시청,9668,9904
2022-03-26,1호선,서울역,24604,25433
2022-03-26,1호선,동대문,8494,8011
2022-03-27,1호선,동묘앞,12310,12584
2022-03-27,1호선,청량리,12143,12201
2022-03-27,1호선,제기동,9723,10379
2022-03-27,1호선,신설동,7231,7317
2022-03-27,1호선,동대문,8870,9324
2022-03-27,1호선,종로5가,9296,8907
2022-03-27,1호선,종로3가,13519,11911
2022-03-27,1호선,종각,11635,10242
2022-03-27,1호선,시청,6726,6707
2022-03-27,1호선,서울역,23514,21481
2022-03-28,1호선,서울역,37708,36335
2022-03-28,1호선,시청,19669,19809
2022-03-28,1호선,종각,30214,29494
2022-03-28,1호선,종로3가,22353,20317
2022-03-28,1호선,종로5가,20827,20945
2022-03-28,1호선,동대문,10196,9446
2022-03-28,1호선,신설동,12869,12569
2022-03-28,1호선,제기동,16524,17031
2022-03-28,1호선,청량리,18720,18497
2022-03-28,1호선,동묘앞,7126,7541
2022-03-29,1호선,서울역,36740,35596
2022-03-29,1호선,시청,20580,20818
2022-03-29,1호선,종각,30237,29737
2022-03-29,1호선,종로3가,22602,20418
2022-03-29,1호선,종로5가,21686,21424
2022-03-29,1호선,동대문,10204,9481
2022-03-29,1호선,신설동,12849,12484
2022-03-29,1호선,제기동,17062,17547
2022-03-29,1호선,청량리,19113,18996
2022-03-29,1호선,동묘앞,7921,8189
2022-03-30,1호선,서울역,36714,35489
2022-03-30,1호선,시청,20409,20659
2022-03-30,1호선,종각,30848,29966
2022-03-30,1호선,종로3가,21661,19682
2022-03-30,1호선,종로5가,20613,20180
2022-03-30,1호선,동대문,9694,9044
2022-03-30,1호선,신설동,12956,12775
2022-03-30,1호선,제기동,15198,15640
2022-03-30,1호선,청량리,17755,17474
2022-03-30,1호선,동묘앞,6487,6837
2022-03-31,1호선,서울역,37698,36841
2022-03-31,1호선,시청,20126,20703
2022-03-31,1호선,종각,30278,29527
2022-03-31,1호선,종로3가,22938,21049
2022-03-31,1호선,종로5가,21556,21270
2022-03-31,1호선,동대문,10216,9399
2022-03-31,1호선,신설동,13167,12803
2022-03-31,1호선,제기동,16410,16854
2022-03-31,1호선,청량리,18972,18820
2022-03-31,1호선,동묘앞,7818,8339
2022-04-01,1호선,시청,20773,21177
2022-04-01,1호선,종각,31866,30795
2022-04-01,1호선,종로3가,24279,22331
2022-04-01,1호선,종로5가,22217,22157
2022-04-01,1호선,동대문,10776,9652
2022-04-01,1호선,신설동,13637,13185
2022-04-01,1호선,제기동,17133,17426
2022-04-01,1호선,청량리,19844,19618
2022-04-01,1호선,동묘앞,8297,8644
2022-04-01,1호선,서울역,43089,43731
2022-04-02,1호선,동묘앞,11515,11938
2022-04-02,1호선,청량리,17282,17276
2022-04-02,1호선,제기동,15027,15378
2022-04-02,1호선,신설동,9282,8764
2022-04-02,1호선,동대문,10056,9713
2022-04-02,1호선,종로5가,18374,18337
2022-04-02,1호선,종로3가,20827,19713
2022-04-02,1호선,종각,18211,16370
2022-04-02,1호선,시청,11118,11346
2022-04-02,1호선,서울역,28867,30246
2022-04-03,1호선,동묘앞,12534,12714
2022-04-03,1호선,청량리,12393,12134
2022-04-03,1호선,제기동,9644,10281
2022-04-03,1호선,신설동,7250,7463
2022-04-03,1호선,동대문,9068,9490
2022-04-03,1호선,종로5가,8896,9043
2022-04-03,1호선,종로3가,13697,11841
2022-04-03,1호선,종각,12019,9990
2022-04-03,1호선,시청,7388,6932
2022-04-03,1호선,서울역,26207,23197
2022-04-04,1호선,서울역,39136,37312
2022-04-04,1호선,시청,20788,20597
2022-04-04,1호선,종각,31125,30741
2022-04-04,1호선,종로3가,22588,20757
2022-04-04,1호선,종로5가,21283,21355
2022-04-04,1호선,동대문,10189,9693
2022-04-04,1호선,신설동,13260,13173
2022-04-04,1호선,제기동,16651,17157
2022-04-04,1호선,청량리,19062,18819
2022-04-04,1호선,동묘앞,7412,7753
2022-04-05,1호선,서울역,38512,37425
2022-04-05,1호선,시청,21895,21825
2022-04-05,1호선,종각,32121,31438
2022-04-05,1호선,종로3가,23299,21360
2022-04-05,1호선,종로5가,22152,21995
2022-04-05,1호선,동대문,10543,9724
2022-04-05,1호선,신설동,13044,12791
2022-04-05,1호선,제기동,17223,17507
2022-04-05,1호선,청량리,19367,18999
2022-04-05,1호선,동묘앞,7797,8125
2022-04-06,1호선,동묘앞,7881,8398
2022-04-06,1호선,청량리,19081,19041
2022-04-06,1호선,제기동,16886,17057
2022-04-06,1호선,신설동,13589,13280
2022-04-06,1호선,동대문,10441,9838
2022-04-06,1호선,종로5가,21565,21739
2022-04-06,1호선,종로3가,23789,21607
2022-04-06,1호선,종각,32109,31388
2022-04-06,1호선,시청,21854,22135
2022-04-06,1호선,서울역,38934,37846
2022-04-07,1호선,동묘앞,8053,8431
2022-04-07,1호선,청량리,19668,19531
2022-04-07,1호선,제기동,17143,17384
2022-04-07,1호선,신설동,13561,13229
2022-04-07,1호선,동대문,10633,9921
2022-04-07,1호선,종로5가,22201,22162
2022-04-07,1호선,종로3가,23894,22044
2022-04-07,1호선,종각,32486,31686
2022-04-07,1호선,시청,21680,22129
2022-04-07,1호선,서울역,40672,39178
2022-04-08,1호선,서울역,45182,45468
2022-04-08,1호선,시청,21934,22451
2022-04-08,1호선,종각,32486,32460
2022-04-08,1호선,종로3가,25503,23356
2022-04-08,1호선,종로5가,22639,22759
2022-04-08,1호선,동대문,10828,9819
2022-04-08,1호선,신설동,14096,13489
2022-04-08,1호선,제기동,17671,17747
2022-04-08,1호선,청량리,20347,20253
2022-04-08,1호선,동묘앞,8476,8825
2022-04-09,1호선,동묘앞,11221,11546
2022-04-09,1호선,청량리,17889,17559
2022-04-09,1호선,제기동,14786,15192
2022-04-09,1호선,신설동,9780,9204
2022-04-09,1호선,동대문,10425,10411
2022-04-09,1호선,종로5가,18465,18779
2022-04-09,1호선,종로3가,22605,20361
2022-04-09,1호선,종각,18881,17110
2022-04-09,1호선,시청,12553,12756
2022-04-09,1호선,서울역,32255,33153
2022-04-10,1호선,시청,8518,8371
2022-04-10,1호선,서울역,28853,26107
2022-04-10,1호선,종각,12559,10556
2022-04-10,1호선,종로3가,15067,12561
2022-04-10,1호선,종로5가,9959,9775
2022-04-10,1호선,동대문,10060,10338
2022-04-10,1호선,신설동,7871,7868
2022-04-10,1호선,제기동,10080,10611
2022-04-10,1호선,청량리,12733,12779
2022-04-10,1호선,동묘앞,12475,12499
2022-04-11,1호선,동묘앞,7508,7802
2022-04-11,1호선,청량리,19353,18786
2022-04-11,1호선,제기동,16767,17254
2022-04-11,1호선,신설동,13550,13159
2022-04-11,1호선,동대문,10718,10028
2022-04-11,1호선,종로5가,21860,21947
2022-04-11,1호선,종로3가,23844,21452
2022-04-11,1호선,종각,31970,31458
2022-04-11,1호선,시청,21273,21609
2022-04-11,1호선,서울역,40811,39414
2022-04-12,1호선,동대문,10597,9861
2022-04-12,1호선,신설동,13353,13068
2022-04-12,1호선,제기동,17130,17419
2022-04-12,1호선,청량리,19739,19332
2022-04-12,1호선,동묘앞,7618,8115
2022-04-12,1호선,종로5가,22771,22235
2022-04-12,1호선,종로3가,23683,21619
2022-04-12,1호선,종각,33391,32587
2022-04-12,1호선,시청,22164,22247
2022-04-12,1호선,서울역,40094,38562
2022-04-13,1호선,동묘앞,6745,7192
2022-04-13,1호선,청량리,18288,17868
2022-04-13,1호선,제기동,15324,15375
2022-04-13,1호선,신설동,13348,13236
2022-04-13,1호선,동대문,10531,9788
2022-04-13,1호선,종로5가,22076,21442
2022-04-13,1호선,종로3가,24483,22707
2022-04-13,1호선,종각,34012,32933
2022-04-13,1호선,시청,21967,22742
2022-04-13,1호선,서울역,40496,39098
2022-04-14,1호선,동묘앞,7460,7831
2022-04-14,1호선,청량리,19187,18912
2022-04-14,1호선,제기동,16818,17180
2022-04-14,1호선,신설동,13729,13443
2022-04-14,1호선,동대문,10529,10090
2022-04-14,1호선,종로5가,22173,22123
2022-04-14,1호선,종로3가,24054,21759
2022-04-14,1호선,종각,33674,33025
2022-04-14,1호선,시청,22527,22645
2022-04-14,1호선,서울역,41503,40369
2022-04-15,1호선,서울역,46888,46616
2022-04-15,1호선,동묘앞,8638,9057
2022-04-15,1호선,청량리,21332,21033
2022-04-15,1호선,제기동,18098,18464
2022-04-15,1호선,신설동,14173,13906
2022-04-15,1호선,동대문,11210,9977
2022-04-15,1호선,종로5가,23487,23394
2022-04-15,1호선,종로3가,26258,24349
2022-04-15,1호선,종각,34175,33628
2022-04-15,1호선,시청,22215,22793
2022-04-16,1호선,동묘앞,11789,12472
2022-04-16,1호선,청량리,18146,18068
2022-04-16,1호선,제기동,15691,16155
2022-04-16,1호선,신설동,9985,9507
2022-04-16,1호선,동대문,10631,10524
2022-04-16,1호선,종로5가,19236,19690
2022-04-16,1호선,종로3가,23047,21699
2022-04-16,1호선,종각,18991,17374
2022-04-16,1호선,시청,11338,12034
2022-04-16,1호선,서울역,32648,32937
2022-04-17,1호선,서울역,29339,26393
2022-04-17,1호선,시청,12798,12474
2022-04-17,1호선,종각,12591,10776
2022-04-17,1호선,종로3가,15545,13064
2022-04-17,1호선,종로5가,9951,10189
2022-04-17,1호선,동대문,10385,10715
2022-04-17,1호선,신설동,7948,8036
2022-04-17,1호선,제기동,10441,10923
2022-04-17,1호선,청량리,13105,13079
2022-04-17,1호선,동묘앞,13084,13397
2022-04-18,1호선,서울역,42230,40071
2022-04-18,1호선,시청,21645,21771
2022-04-18,1호선,종각,33326,32917
2022-04-18,1호선,종로3가,23829,21690
2022-04-18,1호선,종로5가,21978,21965
2022-04-18,1호선,동대문,10763,10283
2022-04-18,1호선,신설동,13645,13395
2022-04-18,1호선,제기동,17398,17791
2022-04-18,1호선,청량리,20018,19649
2022-04-18,1호선,동묘앞,7593,7927
2022-04-19,1호선,동묘앞,8156,8431
2022-04-19,1호선,청량리,20141,19766
2022-04-19,1호선,제기동,18042,18455
2022-04-19,1호선,신설동,13882,13615
2022-04-19,1호선,동대문,10904,10274
2022-04-19,1호선,종로5가,22966,22983
2022-04-19,1호선,종로3가,24763,22355
2022-04-19,1호선,종각,34293,33761
2022-04-19,1호선,시청,22963,23441
2022-04-19,1호선,서울역,41853,40525
2022-04-20,1호선,서울역,42565,41248
2022-04-20,1호선,시청,23391,23265
2022-04-20,1호선,종각,34907,34433
2022-04-20,1호선,종로3가,25294,23016
2022-04-20,1호선,종로5가,22874,22938
2022-04-20,1호선,동대문,11231,10600
2022-04-20,1호선,신설동,14105,13841
2022-04-20,1호선,제기동,17771,18134
2022-04-20,1호선,청량리,20517,20034
2022-04-20,1호선,동묘앞,8450,8748
2022-04-21,1호선,동묘앞,8283,8639
2022-04-21,1호선,청량리,20770,20175
2022-04-21,1호선,제기동,17825,18052
2022-04-21,1호선,신설동,14052,13765
2022-04-21,1호선,동대문,11082,10505
2022-04-21,1호선,종로5가,23177,23185
2022-04-21,1호선,종로3가,25965,23867
2022-04-21,1호선,종각,35016,34374
2022-04-21,1호선,시청,23597,25100
2022-04-21,1호선,서울역,44195,43114
2022-04-22,1호선,동묘앞,7520,7972
2022-04-22,1호선,청량리,20235,19868
2022-04-22,1호선,제기동,17011,17072
2022-04-22,1호선,신설동,14414,13787
2022-04-22,1호선,동대문,10928,9643
2022-04-22,1호선,종로5가,22687,22655
2022-04-22,1호선,종로3가,25306,23825
2022-04-22,1호선,종각,34937,34797
2022-04-22,1호선,시청,22611,23832
2022-04-22,1호선,서울역,48821,48438
2022-04-23,1호선,동묘앞,12346,12956
2022-04-23,1호선,청량리,19179,18976
2022-04-23,1호선,제기동,16079,16459
2022-04-23,1호선,신설동,10095,9510
2022-04-23,1호선,동대문,10871,10493
2022-04-23,1호선,종로5가,19721,20440
2022-04-23,1호선,종로3가,24454,22793
2022-04-23,1호선,종각,19784,18514
2022-04-23,1호선,시청,12181,12773
2022-04-23,1호선,서울역,33471,33971
2022-04-24,1호선,시청,8320,7877
2022-04-24,1호선,동묘앞,12770,13149
2022-04-24,1호선,청량리,13447,13266
2022-04-24,1호선,제기동,10309,10924
2022-04-24,1호선,신설동,7708,7746
2022-04-24,1호선,동대문,10046,10299
2022-04-24,1호선,종로5가,10158,10096
2022-04-24,1호선,종로3가,15299,12957
2022-04-24,1호선,종각,12941,11205
2022-04-24,1호선,서울역,28573,25426
2022-04-25,1호선,서울역,43225,41194
2022-04-25,1호선,시청,22449,22688
2022-04-25,1호선,종각,33955,33545
2022-04-25,1호선,종로3가,24262,22181
2022-04-25,1호선,종로5가,22046,22104
2022-04-25,1호선,동대문,10861,10447
2022-04-25,1호선,신설동,13849,13648
2022-04-25,1호선,제기동,17410,17894
2022-04-25,1호선,청량리,20184,19855
2022-04-25,1호선,동묘앞,7436,7809
2022-04-26,1호선,동묘앞,8130,8680
2022-04-26,1호선,청량리,20382,20091
2022-04-26,1호선,제기동,17711,17913
2022-04-26,1호선,신설동,13931,13783
2022-04-26,1호선,동대문,11219,10476
2022-04-26,1호선,종로5가,22922,22832
2022-04-26,1호선,종로3가,25090,22982
2022-04-26,1호선,종각,35305,34994
2022-04-26,1호선,시청,23658,23877
2022-04-26,1호선,서울역,42381,41142
2022-04-27,1호선,서울역,44113,42814
2022-04-27,1호선,시청,24331,24870
2022-04-27,1호선,종각,36181,35822
2022-04-27,1호선,종로3가,26612,23949
2022-04-27,1호선,종로5가,23261,23483
2022-04-27,1호선,동대문,11298,10780
2022-04-27,1호선,신설동,14489,14285
2022-04-27,1호선,제기동,17989,18351
2022-04-27,1호선,청량리,20896,20700
2022-04-27,1호선,동묘앞,8576,8898
2022-04-28,1호선,서울역,46191,44495
2022-04-28,1호선,시청,24057,24502
2022-04-28,1호선,종각,36749,36231
2022-04-28,1호선,종로3가,26841,24207
2022-04-28,1호선,종로5가,24233,24246
2022-04-28,1호선,동대문,11548,10870
2022-04-28,1호선,신설동,14533,14189
2022-04-28,1호선,제기동,17976,18384
2022-04-28,1호선,청량리,21378,20922
2022-04-28,1호선,동묘앞,8411,8911
2022-04-29,1호선,서울역,52299,51354
2022-04-29,1호선,시청,24144,24798
2022-04-29,1호선,종각,37840,37622
2022-04-29,1호선,종로3가,27685,25791
2022-04-29,1호선,종로5가,24213,24475
2022-04-29,1호선,동대문,11585,10363
2022-04-29,1호선,신설동,14941,14473
2022-04-29,1호선,제기동,17526,17495
2022-04-29,1호선,청량리,21288,21089
2022-04-29,1호선,동묘앞,8364,8826
2022-04-30,1호선,서울역,38627,38918
2022-04-30,1호선,시청,16058,16299
2022-04-30,1호선,종각,36679,27533
2022-04-30,1호선,종로3가,34784,29355
2022-04-30,1호선,종로5가,28210,25594
2022-04-30,1호선,동대문,14552,13181
2022-04-30,1호선,신설동,12068,10907
2022-04-30,1호선,제기동,16631,17034
2022-04-30,1호선,청량리,19741,21383
2022-04-30,1호선,동묘앞,13126,13439
2022-05-01,1호선,서울역,33748,31073
2022-05-01,1호선,시청,11326,13055
2022-05-01,1호선,종각,22191,18166
2022-05-01,1호선,종로3가,18239,15697
2022-05-01,1호선,종로5가,11811,11456
2022-05-01,1호선,동대문,11285,11749
2022-05-01,1호선,신설동,8608,8342
2022-05-01,1호선,제기동,10935,11681
2022-05-01,1호선,청량리,14302,14335
2022-05-01,1호선,동묘앞,13992,14031
2022-05-02,1호선,서울역,45673,43758
2022-05-02,1호선,시청,23408,23673
2022-05-02,1호선,동묘앞,8083,8483
2022-05-02,1호선,청량리,20887,20708
2022-05-02,1호선,제기동,18008,18507
2022-05-02,1호선,신설동,14255,13997
2022-05-02,1호선,동대문,11656,10962
2022-05-02,1호선,종로5가,22917,22841
2022-05-02,1호선,종로3가,25480,23165
2022-05-02,1호선,종각,36817,36210
2022-05-03,1호선,서울역,45870,44727
2022-05-03,1호선,시청,25077,25061
2022-05-03,1호선,종각,38218,37531
2022-05-03,1호선,종로3가,26656,24076
2022-05-03,1호선,종로5가,23724,23827
2022-05-03,1호선,동대문,11928,11294
2022-05-03,1호선,신설동,14516,14188
2022-05-03,1호선,제기동,18558,19067
2022-05-03,1호선,청량리,21587,21235
2022-05-03,1호선,동묘앞,8561,8987
2022-05-04,1호선,서울역,52571,53277
2022-05-04,1호선,시청,25734,26222
2022-05-04,1호선,종각,39812,39262
2022-05-04,1호선,종로3가,28591,26215
2022-05-04,1호선,종로5가,24653,24810
2022-05-04,1호선,동대문,12152,11686
2022-05-04,1호선,신설동,15123,14522
2022-05-04,1호선,제기동,18795,18833
2022-05-04,1호선,청량리,22469,21984
2022-05-04,1호선,동묘앞,8658,9185
2022-05-05,1호선,서울역,30025,33845
2022-05-05,1호선,시청,11447,11372
2022-05-05,1호선,종각,19703,16928
2022-05-05,1호선,종로3가,22327,19653
2022-05-05,1호선,종로5가,19567,19213
2022-05-05,1호선,동대문,12065,12237
2022-05-05,1호선,신설동,8146,7642
2022-05-05,1호선,제기동,14421,15039
2022-05-05,1호선,청량리,17256,17404
2022-05-05,1호선,동묘앞,10707,10997
2022-05-06,1호선,서울역,46752,49960
2022-05-06,1호선,시청,22315,22286
2022-05-06,1호선,종각,34085,32666
2022-05-06,1호선,종로3가,28097,25720
2022-05-06,1호선,종로5가,24716,24499
2022-05-06,1호선,동대문,12405,11325
2022-05-06,1호선,신설동,14106,13425
2022-05-06,1호선,제기동,17293,17737
2022-05-06,1호선,청량리,21493,21508
2022-05-06,1호선,동묘앞,8728,9074
2022-05-07,1호선,종로3가,22356,20529
2022-05-07,1호선,종로5가,18447,18694
2022-05-07,1호선,서울역,37322,37087
2022-05-07,1호선,시청,13259,13092
2022-05-07,1호선,종각,19990,18946
2022-05-07,1호선,동대문,10668,10409
2022-05-07,1호선,신설동,9699,9026
2022-05-07,1호선,제기동,14485,14791
2022-05-07,1호선,청량리,18539,18491
2022-05-07,1호선,동묘앞,11443,11870
2022-05-08,1호선,동묘앞,11574,11629
2022-05-08,1호선,청량리,13031,13063
2022-05-08,1호선,제기동,9702,10671
2022-05-08,1호선,신설동,7568,7834
2022-05-08,1호선,동대문,9705,10234
2022-05-08,1호선,종로5가,9185,8771
2022-05-08,1호선,종로3가,13367,11781
2022-05-08,1호선,종각,17657,16482
2022-05-08,1호선,시청,7616,6914
2022-05-08,1호선,서울역,33122,28886
2022-05-09,1호선,서울역,49727,44700
2022-05-09,1호선,시청,23955,24233
2022-05-09,1호선,종각,36885,36258
2022-05-09,1호선,종로3가,26127,24010
2022-05-09,1호선,종로5가,23599,23521
2022-05-09,1호선,동대문,11542,10841
2022-05-09,1호선,신설동,14252,14175
2022-05-09,1호선,제기동,17311,17976
2022-05-09,1호선,청량리,20747,20350
2022-05-09,1호선,동묘앞,7920,8308
2022-05-10,1호선,동묘앞,8216,8821
2022-05-10,1호선,청량리,21761,20939
2022-05-10,1호선,제기동,17805,18010
2022-05-10,1호선,신설동,14518,14025
2022-05-10,1호선,동대문,11612,10904
2022-05-10,1호선,종로5가,23572,23441
2022-05-10,1호선,종로3가,26942,24331
2022-05-10,1호선,종각,38366,37819
2022-05-10,1호선,시청,25177,25080
2022-05-10,1호선,서울역,48574,46887
2022-05-11,1호선,동묘앞,8553,9186
2022-05-11,1호선,청량리,21685,20960
2022-05-11,1호선,제기동,18062,18412
2022-05-11,1호선,신설동,14807,14442
2022-05-11,1호선,동대문,11803,11071
2022-05-11,1호선,종로5가,24615,24512
2022-05-11,1호선,종로3가,27776,24969
2022-05-11,1호선,종각,38959,38270
2022-05-11,1호선,시청,25501,25925
2022-05-11,1호선,서울역,47203,45505
2022-05-12,1호선,서울역,49050,47408
2022-05-12,1호선,시청,25542,26184
2022-05-12,1호선,종각,38943,38342
2022-05-12,1호선,종로3가,28000,25395
2022-05-12,1호선,종로5가,24924,25101
2022-05-12,1호선,동대문,11576,10958
2022-05-12,1호선,신설동,14884,14541
2022-05-12,1호선,제기동,18312,18663
2022-05-12,1호선,청량리,21545,21314
2022-05-12,1호선,동묘앞,8626,9052
2022-05-13,1호선,동묘앞,8837,9277
2022-05-13,1호선,청량리,22199,21980
2022-05-13,1호선,제기동,18225,18535
2022-05-13,1호선,신설동,15322,14968
2022-05-13,1호선,동대문,12014,10699
2022-05-13,1호선,종로5가,25201,25790
2022-05-13,1호선,종로3가,29662,27432
2022-05-13,1호선,시청,25954,27062
2022-05-13,1호선,종각,40065,39947
2022-05-13,1호선,서울역,54795,54091
2022-05-14,1호선,동묘앞,12953,13573
2022-05-14,1호선,청량리,20507,20410
2022-05-14,1호선,제기동,16376,16812
2022-05-14,1호선,신설동,11015,10072
2022-05-14,1호선,동대문,11709,11696
2022-05-14,1호선,종로5가,22612,22181
2022-05-14,1호선,종로3가,27650,25944
2022-05-14,1호선,서울역,41604,41135
2022-05-14,1호선,시청,14972,15357
2022-05-14,1호선,종각,23998,21694
2022-05-15,1호선,동묘앞,14245,14317
2022-05-15,1호선,청량리,14799,14646
2022-05-15,1호선,제기동,11213,11850
2022-05-15,1호선,신설동,8715,8465
2022-05-15,1호선,동대문,11197,11660
2022-05-15,1호선,종로5가,11947,11278
2022-05-15,1호선,종로3가,18253,14882
2022-05-15,1호선,종각,16095,13378
2022-05-15,1호선,시청,10178,9472
2022-05-15,1호선,서울역,34298,32629
2022-05-16,1호선,서울역,48277,46482
2022-05-16,1호선,시청,24430,24510
2022-05-16,1호선,종각,37722,36969
2022-05-16,1호선,종로3가,27333,24377
2022-05-16,1호선,종로5가,23979,23062
2022-05-16,1호선,동대문,11664,11157
2022-05-16,1호선,신설동,14290,13926
2022-05-16,1호선,제기동,17923,18458
2022-05-16,1호선,청량리,20996,20905
2022-05-16,1호선,동묘앞,8064,8422
2022-05-17,1호선,서울역,47179,45823
2022-05-17,1호선,시청,25334,25398
2022-05-17,1호선,종각,37766,37016
2022-05-17,1호선,종로3가,27499,24737
2022-05-17,1호선,종로5가,24796,23392
2022-05-17,1호선,동대문,11548,11101
2022-05-17,1호선,신설동,14433,14243
2022-05-17,1호선,제기동,18480,18859
2022-05-17,1호선,청량리,21477,21220
2022-05-17,1호선,동묘앞,8443,8820
2022-05-18,1호선,동묘앞,7790,7914
2022-05-18,1호선,청량리,20626,20375
2022-05-18,1호선,제기동,17117,17314
2022-05-18,1호선,신설동,14552,14221
2022-05-18,1호선,동대문,11225,10706
2022-05-18,1호선,종로5가,23904,23240
2022-05-18,1호선,종로3가,26949,24083
2022-05-18,1호선,종각,38526,38018
2022-05-18,1호선,시청,25853,26322
2022-05-18,1호선,서울역,47049,45696
2022-05-19,1호선,시청,25640,25755
2022-05-19,1호선,서울역,49283,48314
2022-05-19,1호선,동묘앞,8468,8818
2022-05-19,1호선,청량리,21753,21702
2022-05-19,1호선,제기동,18547,18759
2022-05-19,1호선,신설동,14698,14332
2022-05-19,1호선,동대문,11449,10871
2022-05-19,1호선,종로5가,24507,24409
2022-05-19,1호선,종로3가,28272,25236
2022-05-19,1호선,종각,39084,38652
2022-05-20,1호선,서울역,55250,54967
2022-05-20,1호선,시청,26169,26690
2022-05-20,1호선,종각,39714,39777
2022-05-20,1호선,종로3가,29985,27749
2022-05-20,1호선,종로5가,25717,25831
2022-05-20,1호선,동대문,12014,10815
2022-05-20,1호선,신설동,15355,15034
2022-05-20,1호선,제기동,18477,18514
2022-05-20,1호선,청량리,22742,22841
2022-05-20,1호선,동묘앞,8980,9466
2022-05-21,1호선,서울역,41094,40983
2022-05-21,1호선,시청,15618,16223
2022-05-21,1호선,종각,24847,22655
2022-05-21,1호선,종로3가,28555,25825
2022-05-21,1호선,종로5가,22560,22784
2022-05-21,1호선,동대문,11801,11591
2022-05-21,1호선,신설동,10977,10464
2022-05-21,1호선,제기동,16477,16760
2022-05-21,1호선,청량리,20732,20961
2022-05-21,1호선,동묘앞,12672,13040
2022-05-22,1호선,서울역,33518,32027
2022-05-22,1호선,시청,10036,9357
2022-05-22,1호선,종각,15515,13282
2022-05-22,1호선,종로3가,18053,14882
2022-05-22,1호선,종로5가,11817,11580
2022-05-22,1호선,동대문,10932,11185
2022-05-22,1호선,신설동,8528,8395
2022-05-22,1호선,제기동,10744,11206
2022-05-22,1호선,청량리,14619,14643
2022-05-22,1호선,동묘앞,13834,13960
2022-05-23,1호선,동묘앞,7997,8353
2022-05-23,1호선,청량리,20946,20629
2022-05-23,1호선,제기동,17468,17712
2022-05-23,1호선,신설동,14394,14023
2022-05-23,1호선,동대문,11415,10895
2022-05-23,1호선,종로5가,23702,23562
2022-05-23,1호선,종로3가,26042,23587
2022-05-23,1호선,종각,37287,36422
2022-05-23,1호선,시청,24186,24360
2022-05-23,1호선,서울역,47889,46597
2022-05-24,1호선,동묘앞,8329,8715
2022-05-24,1호선,청량리,21197,20992
2022-05-24,1호선,제기동,17700,17913
2022-05-24,1호선,신설동,14636,14239
2022-05-24,1호선,동대문,11327,10764
2022-05-24,1호선,종로5가,24565,24367
2022-05-24,1호선,종로3가,26818,24481
2022-05-24,1호선,종각,37742,37357
2022-05-24,1호선,시청,25702,26158
2022-05-24,1호선,서울역,47761,45919
2022-05-25,1호선,동묘앞,8700,9036
2022-05-25,1호선,청량리,21728,21521
2022-05-25,1호선,제기동,17983,18289
2022-05-25,1호선,신설동,15024,14744
2022-05-25,1호선,동대문,11732,10994
2022-05-25,1호선,종로5가,25157,24807
2022-05-25,1호선,종로3가,26899,24595
2022-05-25,1호선,종각,40417,38603
2022-05-25,1호선,시청,26242,26445
2022-05-25,1호선,서울역,48790,47082
2022-05-26,1호선,서울역,50053,48046
2022-05-26,1호선,시청,25925,26529
2022-05-26,1호선,종각,39347,38453
2022-05-26,1호선,종로3가,28206,25240
2022-05-26,1호선,종로5가,25284,25128
2022-05-26,1호선,동대문,11920,11150
2022-05-26,1호선,신설동,15108,14738
2022-05-26,1호선,제기동,18660,18610
2022-05-26,1호선,청량리,21604,21629
2022-05-26,1호선,동묘앞,8963,9317
2022-05-27,1호선,동묘앞,8992,9482
2022-05-27,1호선,청량리,22410,22420
2022-05-27,1호선,제기동,18277,18660
2022-05-27,1호선,신설동,15431,15057
2022-05-27,1호선,동대문,12180,10821
2022-05-27,1호선,종로5가,25760,26091
2022-05-27,1호선,종로3가,29898,27274
2022-05-27,1호선,종각,39943,39535
2022-05-27,1호선,시청,25949,26749
2022-05-27,1호선,서울역,57079,55250
2022-05-28,1호선,서울역,42409,42588
2022-05-28,1호선,시청,15181,15823
2022-05-28,1호선,종각,24765,22413
2022-05-28,1호선,종로3가,28448,25267
2022-05-28,1호선,종로5가,22453,22765
2022-05-28,1호선,동대문,11635,11409
2022-05-28,1호선,신설동,10916,10259
2022-05-28,1호선,제기동,16252,16320
2022-05-28,1호선,청량리,20098,20490
2022-05-28,1호선,동묘앞,12581,12905
2022-05-29,1호선,동묘앞,13043,13065
2022-05-29,1호선,청량리,13894,14215
2022-05-29,1호선,제기동,10480,10871
2022-05-29,1호선,신설동,8243,8172
2022-05-29,1호선,동대문,10328,10692
2022-05-29,1호선,종로5가,11332,11225
2022-05-29,1호선,종로3가,17168,14545
2022-05-29,1호선,종각,14958,12811
2022-05-29,1호선,시청,9611,8659
2022-05-29,1호선,서울역,32758,31999
2022-05-30,1호선,동묘앞,7746,7902
2022-05-30,1호선,청량리,20091,20203
2022-05-30,1호선,제기동,17241,17582
2022-05-30,1호선,신설동,14231,13815
2022-05-30,1호선,동대문,11246,10806
2022-05-30,1호선,종로5가,23335,23485
2022-05-30,1호선,종로3가,25502,22892
2022-05-30,1호선,종각,38213,37520
2022-05-30,1호선,시청,21280,24142
2022-05-30,1호선,서울역,48112,46166
2022-05-31,1호선,동묘앞,8770,9175
2022-05-31,1호선,청량리,22705,22452
2022-05-31,1호선,제기동,18554,18894
2022-05-31,1호선,신설동,14745,14437
2022-05-31,1호선,동대문,12020,11398
2022-05-31,1호선,종로5가,26035,26143
2022-05-31,1호선,종로3가,28428,25876
2022-05-31,1호선,종각,40117,40193
2022-05-31,1호선,시청,26014,26307
2022-05-31,1호선,서울역,49864,48244
2022-06-01,1호선,동묘앞,9565,9909
2022-06-01,1호선,청량리,16081,16524
2022-06-01,1호선,제기동,14062,14635
2022-06-01,1호선,신설동,8182,7806
2022-06-01,1호선,동대문,10394,10390
2022-06-01,1호선,종로5가,19108,18748
2022-06-01,1호선,종로3가,21148,18271
2022-06-01,1호선,종각,17948,15679
2022-06-01,1호선,시청,10235,10086
2022-06-01,1호선,서울역,26040,25835
2022-06-02,1호선,동묘앞,8358,8815
2022-06-02,1호선,청량리,20968,20930
2022-06-02,1호선,제기동,17684,17859
2022-06-02,1호선,신설동,14522,14208
2022-06-02,1호선,동대문,11251,10754
2022-06-02,1호선,종로5가,24155,23994
2022-06-02,1호선,종로3가,26535,24028
2022-06-02,1호선,종각,37924,37450
2022-06-02,1호선,시청,24949,25417
2022-06-02,1호선,서울역,47618,46920
2022-06-03,1호선,동묘앞,8887,9068
2022-06-03,1호선,청량리,21689,21683
2022-06-03,1호선,제기동,17962,18342
2022-06-03,1호선,신설동,15061,14364
2022-06-03,1호선,동대문,11770,10500
2022-06-03,1호선,종로5가,25609,25682
2022-06-03,1호선,종로3가,28464,26557
2022-06-03,1호선,종각,39350,38906
2022-06-03,1호선,시청,25245,25818
2022-06-03,1호선,서울역,53042,55340
2022-06-04,1호선,동묘앞,11688,12306
2022-06-04,1호선,청량리,19167,19614
2022-06-04,1호선,제기동,15657,16018
2022-06-04,1호선,신설동,10077,9504
2022-06-04,1호선,동대문,10853,11096
2022-06-04,1호선,종로5가,21364,21905
2022-06-04,1호선,종로3가,25509,23634
2022-06-04,1호선,종각,21346,20387
2022-06-04,1호선,시청,13363,13763
2022-06-04,1호선,서울역,40297,41895
2022-06-05,1호선,동대문,11178,11902
2022-06-05,1호선,종로5가,12302,12795
2022-06-05,1호선,종로3가,17674,15425
2022-06-05,1호선,종각,15242,13705
2022-06-05,1호선,시청,10120,11058
2022-06-05,1호선,서울역,32569,29929
2022-06-05,1호선,동묘앞,12440,12686
2022-06-05,1호선,청량리,13766,14051
2022-06-05,1호선,제기동,10718,10924
2022-06-05,1호선,신설동,7907,7751
2022-06-06,1호선,서울역,33562,30937
2022-06-06,1호선,동묘앞,8022,8494
2022-06-06,1호선,청량리,14404,14777
2022-06-06,1호선,제기동,12630,13666
2022-06-06,1호선,신설동,6871,6931
2022-06-06,1호선,동대문,9613,9204
2022-06-06,1호선,종로5가,16106,16174
2022-06-06,1호선,종로3가,18097,15798
2022-06-06,1호선,시청,10353,8345
2022-06-06,1호선,종각,14662,12235
2022-06-07,1호선,서울역,50399,46486
2022-06-07,1호선,시청,25194,25304
2022-06-07,1호선,종각,38432,37972
2022-06-07,1호선,종로3가,27134,24553
2022-06-07,1호선,종로5가,24228,24223
2022-06-07,1호선,동대문,11296,10862
2022-06-07,1호선,신설동,14490,14175
2022-06-07,1호선,제기동,18358,18782
2022-06-07,1호선,청량리,21219,21243
2022-06-07,1호선,동묘앞,8446,8829
2022-06-08,1호선,서울역,47442,45883
2022-06-08,1호선,시청,25713,25939
2022-06-08,1호선,종각,39054,38638
2022-06-08,1호선,종로3가,27379,24530
2022-06-08,1호선,종로5가,24322,24408
2022-06-08,1호선,동대문,11470,10813
2022-06-08,1호선,신설동,14554,14324
2022-06-08,1호선,제기동,18177,18482
2022-06-08,1호선,청량리,21123,20881
2022-06-08,1호선,동묘앞,8536,8846
2022-06-09,1호선,동묘앞,7807,8147
2022-06-09,1호선,청량리,20945,20486
2022-06-09,1호선,제기동,17643,17832
2022-06-09,1호선,신설동,14566,14083
2022-06-09,1호선,동대문,11238,10641
2022-06-09,1호선,종로5가,24409,24339
2022-06-09,1호선,종로3가,27591,24955
2022-06-09,1호선,종각,39050,38764
2022-06-09,1호선,시청,25254,25677
2022-06-09,1호선,서울역,48521,46760
2022-06-10,1호선,서울역,54261,53081
2022-06-10,1호선,시청,26084,26734
2022-06-10,1호선,종각,39910,39654
2022-06-10,1호선,종로3가,28758,26919
2022-06-10,1호선,종로5가,25268,25241
2022-06-10,1호선,동대문,11689,10457
2022-06-10,1호선,신설동,15301,14228
2022-06-10,1호선,제기동,18117,18401
2022-06-10,1호선,청량리,21786,21564
2022-06-10,1호선,동묘앞,8507,8751
2022-06-11,1호선,서울역,38309,38500
2022-06-11,1호선,종각,22685,21639
2022-06-11,1호선,시청,14588,14748
2022-06-11,1호선,종로5가,21621,22340
2022-06-11,1호선,동대문,11207,11359
2022-06-11,1호선,신설동,10340,9369
2022-06-11,1호선,제기동,16840,17355
2022-06-11,1호선,청량리,19871,19980
2022-06-11,1호선,동묘앞,12228,12328
2022-06-11,1호선,종로3가,27755,25353
2022-06-12,1호선,동묘앞,12749,13068
2022-06-12,1호선,청량리,14064,14503
2022-06-12,1호선,제기동,10908,11166
2022-06-12,1호선,신설동,8031,7638
2022-06-12,1호선,동대문,10541,10902
2022-06-12,1호선,종로5가,11194,11218
2022-06-12,1호선,종로3가,17528,14906
2022-06-12,1호선,종각,14436,12071
2022-06-12,1호선,시청,9546,8651
2022-06-12,1호선,서울역,30668,28871
2022-06-13,1호선,서울역,48140,44778
2022-06-13,1호선,시청,23957,22242
2022-06-13,1호선,종각,37732,34409
2022-06-13,1호선,종로3가,26505,23891
2022-06-13,1호선,종로5가,23452,22493
2022-06-13,1호선,동대문,11179,10794
2022-06-13,1호선,신설동,14198,12936
2022-06-13,1호선,제기동,17455,17599
2022-06-13,1호선,청량리,20221,19785
2022-06-13,1호선,동묘앞,7819,7993
2022-06-14,1호선,서울역,47808,46245
2022-06-14,1호선,시청,25152,25142
2022-06-14,1호선,종각,38846,38203
2022-06-14,1호선,종로3가,26825,24460
2022-06-14,1호선,종로5가,24093,24164
2022-06-14,1호선,동대문,11506,10883
2022-06-14,1호선,신설동,14264,13290
2022-06-14,1호선,제기동,18352,18733
2022-06-14,1호선,청량리,21512,21475
2022-06-14,1호선,동묘앞,8289,8733
2022-06-15,1호선,동묘앞,6861,7125
2022-06-15,1호선,청량리,20004,19655
2022-06-15,1호선,제기동,16356,16452
2022-06-15,1호선,신설동,14468,13313
2022-06-15,1호선,동대문,11172,10520
2022-06-15,1호선,종로5가,23471,23293
2022-06-15,1호선,종로3가,26925,24609
2022-06-15,1호선,종각,39068,38557
2022-06-15,1호선,시청,25782,25848
2022-06-15,1호선,서울역,48013,46691
2022-06-16,1호선,시청,26216,26760
2022-06-16,1호선,서울역,50271,48951
2022-06-16,1호선,동묘앞,8719,9164
2022-06-16,1호선,청량리,21999,21801
2022-06-16,1호선,제기동,18652,18954
2022-06-16,1호선,신설동,14845,13664
2022-06-16,1호선,동대문,11556,11007
2022-06-16,1호선,종로5가,24675,24981
2022-06-16,1호선,종로3가,28409,25805
2022-06-16,1호선,종각,40019,39674
2022-06-17,1호선,서울역,55480,55203
2022-06-17,1호선,시청,25638,26189
2022-06-17,1호선,종각,40480,40283
2022-06-17,1호선,종로3가,29621,27365
2022-06-17,1호선,종로5가,25120,25053
2022-06-17,1호선,동대문,11831,10658
2022-06-17,1호선,신설동,15435,13987
2022-06-17,1호선,제기동,18769,19031
2022-06-17,1호선,청량리,22430,22379
2022-06-17,1호선,동묘앞,9002,9309
2022-06-18,1호선,서울역,40159,40128
2022-06-18,1호선,시청,13371,13902
2022-06-18,1호선,종각,21874,21405
2022-06-18,1호선,종로3가,27223,25237
2022-06-18,1호선,종로5가,20483,20985
2022-06-18,1호선,동대문,10911,10979
2022-06-18,1호선,신설동,10361,9112
2022-06-18,1호선,제기동,16429,16751
2022-06-18,1호선,청량리,19843,20360
2022-06-18,1호선,동묘앞,11137,11616
2022-06-19,1호선,신설동,7904,7462
2022-06-19,1호선,서울역,33101,31446
2022-06-19,1호선,시청,9380,8724
2022-06-19,1호선,종각,14645,12456
2022-06-19,1호선,종로3가,16968,14477
2022-06-19,1호선,종로5가,10352,10261
2022-06-19,1호선,동묘앞,12146,12094
2022-06-19,1호선,청량리,13468,13764
2022-06-19,1호선,제기동,10603,11142
2022-06-19,1호선,동대문,10288,10650
2022-06-20,1호선,종각,38349,37741
2022-06-20,1호선,종로3가,26868,24120
2022-06-20,1호선,종로5가,23684,23953
2022-06-20,1호선,동대문,11584,11058
2022-06-20,1호선,신설동,14412,13536
2022-06-20,1호선,제기동,18345,18745
2022-06-20,1호선,청량리,20874,21023
2022-06-20,1호선,동묘앞,8297,8734
2022-06-20,1호선,서울역,49576,48118
2022-06-20,1호선,시청,24632,25219
2022-06-21,1호선,서울역,48594,47324
2022-06-21,1호선,시청,25878,26065
2022-06-21,1호선,종각,39741,39028
2022-06-21,1호선,종로3가,27088,24735
2022-06-21,1호선,종로5가,24736,24515
2022-06-21,1호선,동대문,11557,10734
2022-06-21,1호선,신설동,14538,13927
2022-06-21,1호선,제기동,17900,18292
2022-06-21,1호선,청량리,20952,21021
2022-06-21,1호선,동묘앞,8329,8528
2022-06-22,1호선,동묘앞,8626,8894
2022-06-22,1호선,청량리,20966,20982
2022-06-22,1호선,제기동,18601,18765
2022-06-22,1호선,신설동,14629,14252
2022-06-22,1호선,동대문,11535,10889
2022-06-22,1호선,종로5가,25115,25206
2022-06-22,1호선,종로3가,27930,25241
2022-06-22,1호선,종각,40869,40548
2022-06-22,1호선,시청,25705,26072
2022-06-22,1호선,서울역,49443,48383
2022-06-23,1호선,시청,25110,25719
2022-06-23,1호선,서울역,50409,48028
2022-06-23,1호선,동묘앞,6130,6462
2022-06-23,1호선,청량리,18418,18378
2022-06-23,1호선,제기동,15449,15716
2022-06-23,1호선,신설동,13634,13629
2022-06-23,1호선,동대문,10332,9788
2022-06-23,1호선,종로5가,24143,23226
2022-06-23,1호선,종로3가,23445,22423
2022-06-23,1호선,종각,41326,39745
2022-06-24,1호선,서울역,55677,54538
2022-06-24,1호선,시청,24778,25878
2022-06-24,1호선,종각,40049,40404
2022-06-24,1호선,종로3가,29210,27395
2022-06-24,1호선,종로5가,25330,25727
2022-06-24,1호선,동대문,11663,10348
2022-06-24,1호선,신설동,15148,14519
2022-06-24,1호선,제기동,17733,17922
2022-06-24,1호선,청량리,21877,21656
2022-06-24,1호선,동묘앞,8520,8805
2022-06-25,1호선,서울역,40553,41057
2022-06-25,1호선,시청,14863,15254
2022-06-25,1호선,종각,23974,22975
2022-06-25,1호선,종로3가,26883,25331
2022-06-25,1호선,종로5가,21837,22167
2022-06-25,1호선,동대문,11060,11034
2022-06-25,1호선,신설동,10696,10116
2022-06-25,1호선,제기동,16579,16777
2022-06-25,1호선,청량리,19522,20194
2022-06-25,1호선,동묘앞,11808,12420
2022-06-26,1호선,서울역,31733,31238
2022-06-26,1호선,시청,9001,8412
2022-06-26,1호선,종각,13815,12288
2022-06-26,1호선,종로3가,15919,13603
2022-06-26,1호선,종로5가,10432,10231
2022-06-26,1호선,동대문,9206,9689
2022-06-26,1호선,신설동,7652,7554
2022-06-26,1호선,제기동,10195,10775
2022-06-26,1호선,청량리,13569,13528
2022-06-26,1호선,동묘앞,10382,10585
2022-06-27,1호선,동묘앞,6411,6792
2022-06-27,1호선,청량리,19068,19036
2022-06-27,1호선,제기동,16216,16461
2022-06-27,1호선,신설동,13907,13513
2022-06-27,1호선,동대문,10697,10215
2022-06-27,1호선,종로5가,22794,22939
2022-06-27,1호선,종로3가,24688,22491
2022-06-27,1호선,종각,37766,37284
2022-06-27,1호선,시청,23534,24448
2022-06-27,1호선,서울역,48415,47729
2022-06-28,1호선,서울역,48231,47227
2022-06-28,1호선,시청,24583,24903
2022-06-28,1호선,종각,38697,38025
2022-06-28,1호선,종로3가,24977,22889
2022-06-28,1호선,종로5가,23326,22994
2022-06-28,1호선,동대문,10621,9921
2022-06-28,1호선,신설동,13747,13306
2022-06-28,1호선,제기동,16250,16370
2022-06-28,1호선,청량리,19037,18836
2022-06-28,1호선,동묘앞,6812,7266
2022-06-29,1호선,서울역,48258,46324
2022-06-29,1호선,시청,25294,25090
2022-06-29,1호선,종각,40295,39014
2022-06-29,1호선,종로3가,24550,22601
2022-06-29,1호선,종로5가,23236,23072
2022-06-29,1호선,동대문,10557,9977
2022-06-29,1호선,신설동,13910,13635
2022-06-29,1호선,제기동,15404,15447
2022-06-29,1호선,청량리,18578,18281
2022-06-29,1호선,동묘앞,6739,7059
2022-06-30,1호선,동묘앞,5655,6012
2022-06-30,1호선,청량리,17031,16793
2022-06-30,1호선,제기동,13911,13700
2022-06-30,1호선,신설동,13537,13062
2022-06-30,1호선,동대문,10463,9478
2022-06-30,1호선,종로5가,22691,22333
2022-06-30,1호선,종로3가,22328,20655
2022-06-30,1호선,종각,38576,38282
2022-06-30,1호선,시청,24220,24441
2022-06-30,1호선,서울역,48882,46503
2022-07-01,1호선,시청,25798,26720
2022-07-01,1호선,종각,39956,39840
2022-07-01,1호선,종로3가,28252,26092
2022-07-01,1호선,종로5가,25748,26118
2022-07-01,1호선,동대문,12013,10593
2022-07-01,1호선,신설동,15358,14550
2022-07-01,1호선,제기동,18330,18625
2022-07-01,1호선,청량리,21619,21718
2022-07-01,1호선,동묘앞,9062,9335
2022-07-01,1호선,서울역,51298,54304
2022-07-02,1호선,서울역,43834,40499
2022-07-02,1호선,시청,17973,20576
2022-07-02,1호선,종각,23719,23169
2022-07-02,1호선,종로3가,25588,23944
2022-07-02,1호선,종로5가,21491,21399
2022-07-02,1호선,동대문,11345,10621
2022-07-02,1호선,신설동,10573,9959
2022-07-02,1호선,제기동,16028,16351
2022-07-02,1호선,청량리,19125,19569
2022-07-02,1호선,동묘앞,11336,11823
2022-07-03,1호선,동묘앞,11108,11032
2022-07-03,1호선,청량리,13164,13518
2022-07-03,1호선,제기동,10278,10774
2022-07-03,1호선,신설동,7876,7744
2022-07-03,1호선,동대문,9549,9901
2022-07-03,1호선,종로5가,9935,9738
2022-07-03,1호선,종로3가,15100,13302
2022-07-03,1호선,종각,13478,11863
2022-07-03,1호선,시청,8667,7876
2022-07-03,1호선,서울역,30495,29306
2022-07-04,1호선,동묘앞,7504,7889
2022-07-04,1호선,청량리,20091,19949
2022-07-04,1호선,제기동,17095,17521
2022-07-04,1호선,신설동,14370,13883
2022-07-04,1호선,동대문,11145,10679
2022-07-04,1호선,종로5가,23157,23254
2022-07-04,1호선,종로3가,26642,24736
2022-07-04,1호선,종각,38812,38361
2022-07-04,1호선,시청,23939,24804
2022-07-04,1호선,서울역,47157,46887
2022-07-05,1호선,서울역,46491,45419
2022-07-05,1호선,시청,25190,25600
2022-07-05,1호선,종각,39391,38964
2022-07-05,1호선,종로3가,26669,24600
2022-07-05,1호선,종로5가,23391,23343
2022-07-05,1호선,동대문,11014,10507
2022-07-05,1호선,신설동,14332,13960
2022-07-05,1호선,제기동,17314,17480
2022-07-05,1호선,청량리,19886,19841
2022-07-05,1호선,동묘앞,7992,8247
2022-07-06,1호선,동묘앞,8388,8693
2022-07-06,1호선,청량리,20049,20142
2022-07-06,1호선,제기동,17595,17973
2022-07-06,1호선,신설동,14465,14049
2022-07-06,1호선,동대문,11469,10726
2022-07-06,1호선,종로5가,24088,23618
2022-07-06,1호선,종로3가,26723,25075
2022-07-06,1호선,종각,41504,39785
2022-07-06,1호선,시청,25214,25540
2022-07-06,1호선,서울역,47279,45824
2022-07-07,1호선,동묘앞,7531,7842
2022-07-07,1호선,청량리,19487,19525
2022-07-07,1호선,제기동,16763,17075
2022-07-07,1호선,신설동,14065,13753
2022-07-07,1호선,동대문,10690,10067
2022-07-07,1호선,종로5가,22880,22794
2022-07-07,1호선,종로3가,26191,24293
2022-07-07,1호선,종각,39889,39164
2022-07-07,1호선,시청,25624,25939
2022-07-07,1호선,서울역,47343,46539
2022-07-08,1호선,동묘앞,8251,8626
2022-07-08,1호선,청량리,20840,20906
2022-07-08,1호선,제기동,17661,17919
2022-07-08,1호선,신설동,14755,14044
2022-07-08,1호선,동대문,11418,9930
2022-07-08,1호선,종로5가,23758,24263
2022-07-08,1호선,종로3가,28695,27060
2022-07-08,1호선,종각,40341,40323
2022-07-08,1호선,시청,25408,25658
2022-07-08,1호선,서울역,53055,52623
2022-07-09,1호선,동묘앞,11335,11625
2022-07-09,1호선,청량리,18566,19175
2022-07-09,1호선,제기동,15780,16039
2022-07-09,1호선,신설동,10313,9609
2022-07-09,1호선,동대문,10370,10191
2022-07-09,1호선,종로5가,19037,19497
2022-07-09,1호선,종로3가,23940,22485
2022-07-09,1호선,종각,21311,20733
2022-07-09,1호선,시청,12202,12690
2022-07-09,1호선,서울역,36244,36601
2022-07-10,1호선,서울역,30175,28550
2022-07-10,1호선,동묘앞,10958,10851
2022-07-10,1호선,청량리,12819,13189
2022-07-10,1호선,제기동,10204,10663
2022-07-10,1호선,신설동,7527,7502
2022-07-10,1호선,동대문,10014,10464
2022-07-10,1호선,종로5가,9810,9665
2022-07-10,1호선,종로3가,14891,12767
2022-07-10,1호선,종각,14022,12592
2022-07-10,1호선,시청,8580,8041
2022-07-11,1호선,동묘앞,7440,7673
2022-07-11,1호선,서울역,46309,45502
2022-07-11,1호선,시청,23460,23939
2022-07-11,1호선,종각,38293,37796
2022-07-11,1호선,종로3가,26288,24204
2022-07-11,1호선,종로5가,23018,22893
2022-07-11,1호선,동대문,11009,10566
2022-07-11,1호선,신설동,14129,13681
2022-07-11,1호선,제기동,16884,17249
2022-07-11,1호선,청량리,19615,19512
2022-07-12,1호선,동묘앞,8225,8615
2022-07-12,1호선,청량리,20685,20896
2022-07-12,1호선,제기동,18130,18413
2022-07-12,1호선,신설동,14246,14050
2022-07-12,1호선,동대문,11382,10718
2022-07-12,1호선,종로5가,24573,24549
2022-07-12,1호선,종로3가,26951,24697
2022-07-12,1호선,종각,39419,39011
2022-07-12,1호선,시청,25155,25451
2022-07-12,1호선,서울역,46923,46024
2022-07-13,1호선,신설동,13155,13048
2022-07-13,1호선,제기동,13686,13512
2022-07-13,1호선,청량리,16803,16442
2022-07-13,1호선,동묘앞,5631,5962
2022-07-13,1호선,서울역,48276,45551
2022-07-13,1호선,시청,24150,24239
2022-07-13,1호선,종각,39552,38868
2022-07-13,1호선,종로3가,22367,21122
2022-07-13,1호선,종로5가,21593,21168
2022-07-13,1호선,동대문,9763,9233
2022-07-14,1호선,서울역,48500,47714
2022-07-14,1호선,시청,25208,25821
2022-07-14,1호선,종각,40307,40154
2022-07-14,1호선,종로3가,27697,25379
2022-07-14,1호선,종로5가,24217,24282
2022-07-14,1호선,동대문,11336,10581
2022-07-14,1호선,신설동,14307,13802
2022-07-14,1호선,제기동,18710,19222
2022-07-14,1호선,청량리,21128,20934
2022-07-14,1호선,동묘앞,8495,8802
2022-07-15,1호선,동대문,11660,10420
2022-07-15,1호선,종로5가,24476,24466
2022-07-15,1호선,신설동,15277,14613
2022-07-15,1호선,제기동,19129,19637
2022-07-15,1호선,청량리,21901,21931
2022-07-15,1호선,동묘앞,8642,8942
2022-07-15,1호선,종로3가,28474,26574
2022-07-15,1호선,종각,40764,40402
2022-07-15,1호선,시청,24715,25463
2022-07-15,1호선,서울역,53146,52667
2022-07-16,1호선,동묘앞,9980,10103
2022-07-16,1호선,청량리,18183,18568
2022-07-16,1호선,제기동,15104,15122
2022-07-16,1호선,신설동,9917,9574
2022-07-16,1호선,동대문,10340,10049
2022-07-16,1호선,종로5가,19928,20018
2022-07-16,1호선,종로3가,23982,22923
2022-07-16,1호선,종각,23186,21761
2022-07-16,1호선,시청,25899,29437
2022-07-16,1호선,서울역,39140,38213
2022-07-17,1호선,서울역,30407,28987
2022-07-17,1호선,시청,8727,8126
2022-07-17,1호선,종각,14003,12346
2022-07-17,1호선,종로3가,15155,13043
2022-07-17,1호선,종로5가,10128,9959
2022-07-17,1호선,동대문,9128,9524
2022-07-17,1호선,신설동,7836,7880
2022-07-17,1호선,제기동,10198,10705
2022-07-17,1호선,청량리,13016,13193
2022-07-17,1호선,동묘앞,11700,11637
2022-07-18,1호선,동묘앞,7426,7975
2022-07-18,1호선,청량리,19503,19236
2022-07-18,1호선,제기동,16824,16920
2022-07-18,1호선,신설동,14107,13745
2022-07-18,1호선,동대문,10974,10253
2022-07-18,1호선,종로5가,22973,22777
2022-07-18,1호선,종로3가,25979,24010
2022-07-18,1호선,종각,38017,37878
2022-07-18,1호선,시청,23220,23606
2022-07-18,1호선,서울역,46822,45348
2022-07-19,1호선,종로5가,23585,23529
2022-07-19,1호선,종로3가,26471,24237
2022-07-19,1호선,종각,39144,38835
2022-07-19,1호선,시청,24808,25201
2022-07-19,1호선,서울역,47044,45244
2022-07-19,1호선,동묘앞,7753,8167
2022-07-19,1호선,청량리,19784,19491
2022-07-19,1호선,제기동,16810,16969
2022-07-19,1호선,신설동,14106,13694
2022-07-19,1호선,동대문,11031,10377
2022-07-20,1호선,서울역,48149,46822
2022-07-20,1호선,시청,25469,26079
2022-07-20,1호선,종각,40874,39934
2022-07-20,1호선,종로3가,26587,24767
2022-07-20,1호선,종로5가,24035,23644
2022-07-20,1호선,동대문,11302,10735
2022-07-20,1호선,신설동,14218,14102
2022-07-20,1호선,제기동,17152,17256
2022-07-20,1호선,청량리,20096,20031
2022-07-20,1호선,동묘앞,8017,8393
2022-07-21,1호선,서울역,47832,46734
2022-07-21,1호선,시청,24624,25402
2022-07-21,1호선,종각,39127,39372
2022-07-21,1호선,종로3가,26655,24492
2022-07-21,1호선,종로5가,23296,23652
2022-07-21,1호선,동대문,10890,10143
2022-07-21,1호선,신설동,13902,13459
2022-07-21,1호선,제기동,16980,17036
2022-07-21,1호선,청량리,19900,19371
2022-07-21,1호선,동묘앞,7313,7656
2022-07-22,1호선,동묘앞,8020,8258
2022-07-22,1호선,서울역,53137,52368
2022-07-22,1호선,시청,24428,25315
2022-07-22,1호선,종각,40065,39956
2022-07-22,1호선,종로3가,28175,26412
2022-07-22,1호선,종로5가,24181,24154
2022-07-22,1호선,동대문,11479,10209
2022-07-22,1호선,신설동,14451,14039
2022-07-22,1호선,제기동,17285,17643
2022-07-22,1호선,청량리,21117,21008
2022-07-23,1호선,청량리,18301,18671
2022-07-23,1호선,동묘앞,10914,11273
2022-07-23,1호선,제기동,15421,15760
2022-07-23,1호선,신설동,9726,9317
2022-07-23,1호선,서울역,34747,35058
2022-07-23,1호선,시청,11888,12330
2022-07-23,1호선,종각,21197,20018
2022-07-23,1호선,종로3가,22757,22632
2022-07-23,1호선,종로5가,20142,19348
2022-07-23,1호선,동대문,9940,10067
2022-07-24,1호선,동묘앞,10589,10851
2022-07-24,1호선,청량리,12662,12773
2022-07-24,1호선,제기동,10020,10615
2022-07-24,1호선,신설동,7286,7234
2022-07-24,1호선,동대문,8807,9392
2022-07-24,1호선,종로5가,9738,9565
2022-07-24,1호선,종로3가,14778,13103
2022-07-24,1호선,종각,13402,12005
2022-07-24,1호선,시청,8177,7838
2022-07-24,1호선,서울역,29049,26654
2022-07-25,1호선,동묘앞,7575,7862
2022-07-25,1호선,청량리,19826,19774
2022-07-25,1호선,제기동,17492,17862
2022-07-25,1호선,신설동,13674,13441
2022-07-25,1호선,동대문,10791,10578
2022-07-25,1호선,종로5가,23312,23141
2022-07-25,1호선,종로3가,26087,24172
2022-07-25,1호선,종각,37963,37313
2022-07-25,1호선,시청,22878,23486
2022-07-25,1호선,서울역,47357,45890
2022-07-26,1호선,서울역,46582,44443
2022-07-26,1호선,시청,24549,25028
2022-07-26,1호선,종각,38309,37681
2022-07-26,1호선,종로3가,26076,23811
2022-07-26,1호선,종로5가,23523,23436
2022-07-26,1호선,동대문,10877,10463
2022-07-26,1호선,신설동,13509,13479
2022-07-26,1호선,제기동,16883,17186
2022-07-26,1호선,청량리,20365,20470
2022-07-26,1호선,동묘앞,7106,7270
2022-07-27,1호선,동묘앞,7677,7975
2022-07-27,1호선,청량리,19216,19176
2022-07-27,1호선,제기동,16446,16614
2022-07-27,1호선,신설동,13826,13629
2022-07-27,1호선,동대문,10903,10347
2022-07-27,1호선,종로5가,23441,23048
2022-07-27,1호선,종로3가,26034,23841
2022-07-27,1호선,종각,38668,38118
2022-07-27,1호선,시청,24879,25515
2022-07-27,1호선,서울역,48224,46488
2022-07-28,1호선,서울역,48499,47581
2022-07-28,1호선,시청,24179,24670
2022-07-28,1호선,종각,38689,38118
2022-07-28,1호선,종로3가,25805,23701
2022-07-28,1호선,종로5가,23456,23356
2022-07-28,1호선,동대문,11213,10590
2022-07-28,1호선,신설동,13604,13216
2022-07-28,1호선,제기동,16520,16544
2022-07-28,1호선,청량리,19164,19377
2022-07-28,1호선,동묘앞,7445,7766
2022-07-29,1호선,서울역,52759,53172
2022-07-29,1호선,시청,23833,24476
2022-07-29,1호선,종각,38828,38328
2022-07-29,1호선,종로3가,25957,24498
2022-07-29,1호선,종로5가,23537,23417
2022-07-29,1호선,동대문,11287,10124
2022-07-29,1호선,신설동,14142,13553
2022-07-29,1호선,제기동,16263,16198
2022-07-29,1호선,청량리,19619,19977
2022-07-29,1호선,동묘앞,7316,7514
2022-07-30,1호선,서울역,35541,36777
2022-07-30,1호선,시청,11608,11825
2022-07-30,1호선,종각,18938,18665
2022-07-30,1호선,종로3가,19952,19222
2022-07-30,1호선,종로5가,16778,16854
2022-07-30,1호선,동대문,9652,9811
2022-07-30,1호선,신설동,8967,8370
2022-07-30,1호선,제기동,13394,13464
2022-07-30,1호선,청량리,16309,16809
2022-07-30,1호선,동묘앞,9590,9678
2022-07-31,1호선,시청,7861,7656
2022-07-31,1호선,종각,12650,11099
2022-07-31,1호선,종로3가,12360,11444
2022-07-31,1호선,종로5가,9458,8998
2022-07-31,1호선,동대문,8855,9049
2022-07-31,1호선,신설동,6293,6413
2022-07-31,1호선,서울역,32137,29669
2022-07-31,1호선,제기동,8492,8896
2022-07-31,1호선,청량리,11384,12157
2022-07-31,1호선,동묘앞,7502,7679
2022-08-01,1호선,서울역,47711,45432
2022-08-01,1호선,시청,21830,22357
2022-08-01,1호선,종각,35945,35727
2022-08-01,1호선,종로3가,19983,18539
2022-08-01,1호선,종로5가,18002,18063
2022-08-01,1호선,동대문,11640,10931
2022-08-01,1호선,신설동,11936,11565
2022-08-01,1호선,제기동,15315,15439
2022-08-01,1호선,청량리,17892,17792
2022-08-01,1호선,동묘앞,6776,7056
2022-08-02,1호선,동묘앞,5979,6224
2022-08-02,1호선,청량리,17870,17859
2022-08-02,1호선,제기동,15017,15413
2022-08-02,1호선,신설동,11952,11657
2022-08-02,1호선,동대문,10771,9997
2022-08-02,1호선,종로5가,18290,17848
2022-08-02,1호선,종로3가,19273,17958
2022-08-02,1호선,종각,36981,35629
2022-08-02,1호선,시청,23308,23317
2022-08-02,1호선,서울역,46815,43759
2022-08-03,1호선,동묘앞,6424,6636
2022-08-03,1호선,청량리,17512,17334
2022-08-03,1호선,제기동,14692,14785
2022-08-03,1호선,신설동,11920,11569
2022-08-03,1호선,동대문,10404,9807
2022-08-03,1호선,종로5가,17393,17459
2022-08-03,1호선,종로3가,20688,19068
2022-08-03,1호선,종각,37184,36840
2022-08-03,1호선,시청,23034,23408
2022-08-03,1호선,서울역,46124,44255
2022-08-04,1호선,서울역,46776,45483
2022-08-04,1호선,시청,23973,24448
2022-08-04,1호선,종각,38662,37604
2022-08-04,1호선,종로3가,25961,23869
2022-08-04,1호선,종로5가,22640,22523
2022-08-04,1호선,동대문,11100,10569
2022-08-04,1호선,신설동,12939,12636
2022-08-04,1호선,제기동,16097,16429
2022-08-04,1호선,청량리,19211,19176
2022-08-04,1호선,동묘앞,7138,7395
2022-08-05,1호선,동묘앞,7276,7360
2022-08-05,1호선,청량리,19302,19398
2022-08-05,1호선,제기동,16291,16302
2022-08-05,1호선,신설동,13283,12805
2022-08-05,1호선,동대문,10918,9623
2022-08-05,1호선,종로5가,23023,22976
2022-08-05,1호선,종로3가,26170,24557
2022-08-05,1호선,종각,38185,37503
2022-08-05,1호선,시청,23395,23970
2022-08-05,1호선,서울역,49735,49242
2022-08-06,1호선,서울역,32416,32367
2022-08-06,1호선,시청,12599,13305
2022-08-06,1호선,종각,19765,18996
2022-08-06,1호선,종로3가,20815,20031
2022-08-06,1호선,종로5가,17455,17276
2022-08-06,1호선,동대문,9273,8852
2022-08-06,1호선,신설동,8805,8435
2022-08-06,1호선,제기동,13709,13933
2022-08-06,1호선,청량리,17133,17186
2022-08-06,1호선,동묘앞,10156,10233
2022-08-07,1호선,서울역,28430,26845
2022-08-07,1호선,시청,9370,9218
2022-08-07,1호선,종각,13662,12174
2022-08-07,1호선,종로3가,13546,12064
2022-08-07,1호선,종로5가,9106,8858
2022-08-07,1호선,동대문,8319,7905
2022-08-07,1호선,신설동,6945,6924
2022-08-07,1호선,제기동,9290,9765
2022-08-07,1호선,청량리,12006,12330
2022-08-07,1호선,동묘앞,10400,10402
2022-08-08,1호선,서울역,44544,43670
2022-08-08,1호선,시청,20943,22866
2022-08-08,1호선,종각,36092,36408
2022-08-08,1호선,종로3가,21147,20913
2022-08-08,1호선,종로5가,20208,20151
2022-08-08,1호선,동대문,7884,7275
2022-08-08,1호선,신설동,11498,11892
2022-08-08,1호선,제기동,13467,13714
2022-08-08,1호선,청량리,16351,16950
2022-08-08,1호선,동묘앞,4514,4901
2022-08-09,1호선,서울역,42032,40050
2022-08-09,1호선,시청,21602,21565
2022-08-09,1호선,종각,34458,32557
2022-08-09,1호선,종로3가,19594,18829
2022-08-09,1호선,종로5가,19312,18485
2022-08-09,1호선,동대문,7269,6475
2022-08-09,1호선,신설동,11045,11077
2022-08-09,1호선,제기동,12203,12196
2022-08-09,1호선,청량리,15456,15455
2022-08-09,1호선,동묘앞,4205,4565
2022-08-10,1호선,서울역,45329,44310
2022-08-10,1호선,시청,23373,24044
2022-08-10,1호선,종각,37574,36483
2022-08-10,1호선,종로3가,25336,23458
2022-08-10,1호선,종로5가,22845,22667
2022-08-10,1호선,동대문,8616,7880
2022-08-10,1호선,신설동,13121,12741
2022-08-10,1호선,제기동,16171,16622
2022-08-10,1호선,청량리,19103,19128
2022-08-10,1호선,동묘앞,6744,7081
2022-08-11,1호선,서울역,45932,45132
2022-08-11,1호선,시청,23105,23727
2022-08-11,1호선,종각,37345,37044
2022-08-11,1호선,종로3가,25195,23142
2022-08-11,1호선,종로5가,21675,21838
2022-08-11,1호선,동대문,8632,7800
2022-08-11,1호선,신설동,12718,12399
2022-08-11,1호선,제기동,15707,15933
2022-08-11,1호선,청량리,18737,18626
2022-08-11,1호선,동묘앞,6442,6527
2022-08-12,1호선,서울역,51661,53036
2022-08-12,1호선,시청,23816,24257
2022-08-12,1호선,종각,39001,38704
2022-08-12,1호선,종로3가,27525,25653
2022-08-12,1호선,종로5가,24241,24336
2022-08-12,1호선,동대문,9733,8860
2022-08-12,1호선,신설동,13626,13004
2022-08-12,1호선,제기동,17598,17864
2022-08-12,1호선,청량리,21099,21164
2022-08-12,1호선,동묘앞,8006,8159
2022-08-13,1호선,동묘앞,7537,7834
2022-08-13,1호선,청량리,16207,16749
2022-08-13,1호선,제기동,13176,13175
2022-08-13,1호선,신설동,8230,7728
2022-08-13,1호선,동대문,8043,7819
2022-08-13,1호선,종로5가,17024,17192
2022-08-13,1호선,종로3가,20137,19288
2022-08-13,1호선,종각,17933,17206
2022-08-13,1호선,시청,11121,11846
2022-08-13,1호선,서울역,34909,37747
2022-08-14,1호선,시청,9876,9670
2022-08-14,1호선,종각,14940,13592
2022-08-14,1호선,서울역,27476,26518
2022-08-14,1호선,동묘앞,11300,11330
2022-08-14,1호선,청량리,12897,13199
2022-08-14,1호선,제기동,10143,10556
2022-08-14,1호선,신설동,7136,7106
2022-08-14,1호선,동대문,9134,9095
2022-08-14,1호선,종로5가,10729,10530
2022-08-14,1호선,종로3가,15131,13721
2022-08-15,1호선,동묘앞,7302,7898
2022-08-15,1호선,청량리,13636,14305
2022-08-15,1호선,제기동,11834,12488
2022-08-15,1호선,신설동,6500,6685
2022-08-15,1호선,동대문,7840,8053
2022-08-15,1호선,종로5가,15078,14474
2022-08-15,1호선,종로3가,17198,15589
2022-08-15,1호선,종각,18931,16095
2022-08-15,1호선,시청,19918,19136
2022-08-15,1호선,서울역,32920,29633
2022-08-16,1호선,서울역,48749,44367
2022-08-16,1호선,시청,22703,23176
2022-08-16,1호선,종각,36681,36104
2022-08-16,1호선,종로3가,25808,23847
2022-08-16,1호선,종로5가,22540,22619
2022-08-16,1호선,동대문,10886,10419
2022-08-16,1호선,신설동,12806,12638
2022-08-16,1호선,제기동,16618,17021
2022-08-16,1호선,청량리,19435,19268
2022-08-16,1호선,동묘앞,7241,7644
2022-08-17,1호선,서울역,48154,46350
2022-08-17,1호선,시청,23927,24637
2022-08-17,1호선,종각,38314,37549
2022-08-17,1호선,종로3가,26253,23999
2022-08-17,1호선,종로5가,23117,23313
2022-08-17,1호선,동대문,10971,10158
2022-08-17,1호선,신설동,13788,13400
2022-08-17,1호선,제기동,16795,17270
2022-08-17,1호선,청량리,19322,19276
2022-08-17,1호선,동묘앞,7377,7657
2022-08-18,1호선,동묘앞,7645,7852
2022-08-18,1호선,청량리,20372,19667
2022-08-18,1호선,제기동,17482,17945
2022-08-18,1호선,신설동,13874,13499
2022-08-18,1호선,동대문,10849,10079
2022-08-18,1호선,종로5가,23249,23427
2022-08-18,1호선,종로3가,26838,24437
2022-08-18,1호선,종각,38727,38073
2022-08-18,1호선,시청,24026,24738
2022-08-18,1호선,서울역,48506,46806
2022-08-19,1호선,동묘앞,7102,7292
2022-08-19,1호선,청량리,19780,19914
2022-08-19,1호선,제기동,16795,17088
2022-08-19,1호선,신설동,13890,13726
2022-08-19,1호선,동대문,10683,9455
2022-08-19,1호선,종로5가,24039,23393
2022-08-19,1호선,종로3가,25597,24420
2022-08-19,1호선,종각,38615,37725
2022-08-19,1호선,시청,24165,24392
2022-08-19,1호선,서울역,52600,51610
2022-08-20,1호선,동묘앞,10873,11206
2022-08-20,1호선,청량리,17841,18258
2022-08-20,1호선,제기동,15340,15713
2022-08-20,1호선,신설동,9396,9046
2022-08-20,1호선,동대문,9838,9490
2022-08-20,1호선,종로5가,18918,18704
2022-08-20,1호선,종로3가,22999,21905
2022-08-20,1호선,종각,21052,19999
2022-08-20,1호선,시청,13140,13581
2022-08-20,1호선,서울역,35245,35625
2022-08-21,1호선,서울역,30169,28266
2022-08-21,1호선,시청,8921,8392
2022-08-21,1호선,종각,13881,12253
2022-08-21,1호선,종로3가,15021,12957
2022-08-21,1호선,종로5가,9295,9326
2022-08-21,1호선,동대문,9050,9431
2022-08-21,1호선,신설동,7628,7634
2022-08-21,1호선,제기동,10348,10906
2022-08-21,1호선,청량리,12928,12967
2022-08-21,1호선,동묘앞,11536,11576
2022-08-22,1호선,시청,22636,23381
2022-08-22,1호선,서울역,46390,45083
2022-08-22,1호선,종로5가,22568,22825
2022-08-22,1호선,동묘앞,7484,7838
2022-08-22,1호선,청량리,19767,19731
2022-08-22,1호선,제기동,17180,17839
2022-08-22,1호선,신설동,13533,13250
2022-08-22,1호선,동대문,10784,10111
2022-08-22,1호선,종로3가,25365,23195
2022-08-22,1호선,종각,37521,36719
2022-08-23,1호선,서울역,46672,44148
2022-08-23,1호선,시청,26097,26901
2022-08-23,1호선,종각,37839,37299
2022-08-23,1호선,종로3가,26083,23818
2022-08-23,1호선,종로5가,23191,22876
2022-08-23,1호선,동대문,10946,10074
2022-08-23,1호선,신설동,13664,13140
2022-08-23,1호선,제기동,17665,17970
2022-08-23,1호선,청량리,20047,19865
2022-08-23,1호선,동묘앞,7963,8268
2022-08-24,1호선,동묘앞,8213,8479
2022-08-24,1호선,청량리,20183,19874
2022-08-24,1호선,제기동,18139,18492
2022-08-24,1호선,신설동,14151,13693
2022-08-24,1호선,동대문,10889,10360
2022-08-24,1호선,종로5가,23106,23119
2022-08-24,1호선,종로3가,26327,23712
2022-08-24,1호선,종각,38327,37994
2022-08-24,1호선,시청,24469,24814
2022-08-24,1호선,서울역,48101,45766
2022-08-25,1호선,동묘앞,7317,7621
2022-08-25,1호선,청량리,20237,20166
2022-08-25,1호선,제기동,17609,18041
2022-08-25,1호선,신설동,13961,13553
2022-08-25,1호선,동대문,10776,10253
2022-08-25,1호선,종로5가,23346,23382
2022-08-25,1호선,종로3가,25890,23997
2022-08-25,1호선,종각,38514,37819
2022-08-25,1호선,시청,24614,24853
2022-08-25,1호선,서울역,48513,46600
2022-08-26,1호선,서울역,54837,53283
2022-08-26,1호선,시청,25120,25756
2022-08-26,1호선,종각,38864,38778
2022-08-26,1호선,종로3가,28480,26427
2022-08-26,1호선,종로5가,24816,25236
2022-08-26,1호선,동대문,11446,10129
2022-08-26,1호선,신설동,15046,14254
2022-08-26,1호선,제기동,19605,19885
2022-08-26,1호선,청량리,21929,22236
2022-08-26,1호선,동묘앞,9030,9309
2022-08-27,1호선,종로5가,20780,21550
2022-08-27,1호선,동묘앞,12403,12783
2022-08-27,1호선,청량리,20007,20362
2022-08-27,1호선,제기동,18062,18818
2022-08-27,1호선,신설동,10167,9701
2022-08-27,1호선,동대문,10694,10415
2022-08-27,1호선,종로3가,25944,24527
2022-08-27,1호선,종각,23050,21733
2022-08-27,1호선,시청,14422,14671
2022-08-27,1호선,서울역,39242,38664
2022-08-28,1호선,서울역,32602,30503
2022-08-28,1호선,시청,13579,13379
2022-08-28,1호선,종각,15231,12928
2022-08-28,1호선,종로3가,16819,14418
2022-08-28,1호선,종로5가,11456,11123
2022-08-28,1호선,동대문,10121,10565
2022-08-28,1호선,신설동,8098,8213
2022-08-28,1호선,제기동,11928,12920
2022-08-28,1호선,청량리,14410,14628
2022-08-28,1호선,동묘앞,13286,13183
2022-08-29,1호선,신설동,13840,13304
2022-08-29,1호선,서울역,48834,46678
2022-08-29,1호선,시청,25245,25415
2022-08-29,1호선,청량리,20508,20100
2022-08-29,1호선,종로3가,24406,22152
2022-08-29,1호선,종로5가,22750,22623
2022-08-29,1호선,동대문,10914,10390
2022-08-29,1호선,동묘앞,7052,7522
2022-08-29,1호선,종각,37137,36814
2022-08-29,1호선,제기동,18269,18892
2022-08-30,1호선,서울역,47548,45011
2022-08-30,1호선,시청,25057,24830
2022-08-30,1호선,종각,37848,37232
2022-08-30,1호선,종로3가,22591,20692
2022-08-30,1호선,종로5가,22569,22361
2022-08-30,1호선,동대문,10139,9317
2022-08-30,1호선,신설동,13398,13107
2022-08-30,1호선,제기동,15680,15629
2022-08-30,1호선,청량리,18315,18050
2022-08-30,1호선,동묘앞,6109,6386
2022-08-31,1호선,서울역,49311,46839
2022-08-31,1호선,시청,25407,25185
2022-08-31,1호선,종각,38849,38522
2022-08-31,1호선,종로3가,26689,23990
2022-08-31,1호선,종로5가,24246,24238
2022-08-31,1호선,동대문,11024,10694
2022-08-31,1호선,신설동,14466,14153
2022-08-31,1호선,제기동,20801,21500
2022-08-31,1호선,청량리,21818,21928
2022-08-31,1호선,동묘앞,8427,8999
2022-09-01,1호선,동묘앞,8759,8937
2022-09-01,1호선,청량리,22981,23353
2022-09-01,1호선,제기동,21748,22507
2022-09-01,1호선,서울역,49081,47845
2022-09-01,1호선,시청,26721,26378
2022-09-01,1호선,종각,40534,39678
2022-09-01,1호선,종로3가,27728,25170
2022-09-01,1호선,종로5가,24956,24754
2022-09-01,1호선,동대문,11465,10762
2022-09-01,1호선,신설동,14979,14453
2022-09-02,1호선,시청,26029,26471
2022-09-02,1호선,동묘앞,8944,9180
2022-09-02,1호선,청량리,23763,23870
2022-09-02,1호선,제기동,21944,22863
2022-09-02,1호선,신설동,15401,14870
2022-09-02,1호선,동대문,11733,10125
2022-09-02,1호선,종로5가,26190,26500
2022-09-02,1호선,종로3가,28474,26575
2022-09-02,1호선,종각,39966,40247
2022-09-02,1호선,서울역,54463,52615
2022-09-03,1호선,종로3가,26241,23999
2022-09-03,1호선,종각,23077,21651
2022-09-03,1호선,시청,15222,15639
2022-09-03,1호선,서울역,38756,37447
2022-09-03,1호선,종로5가,22779,23473
2022-09-03,1호선,동대문,10571,10407
2022-09-03,1호선,신설동,10642,9883
2022-09-03,1호선,제기동,20698,21749
2022-09-03,1호선,청량리,21877,22520
2022-09-03,1호선,동묘앞,12419,12695
2022-09-04,1호선,서울역,29262,28987
2022-09-04,1호선,시청,9151,8707
2022-09-04,1호선,종각,12110,10834
2022-09-04,1호선,종로3가,13445,12005
2022-09-04,1호선,종로5가,10102,9493
2022-09-04,1호선,동대문,7924,7902
2022-09-04,1호선,신설동,6657,6651
2022-09-04,1호선,제기동,11317,12093
2022-09-04,1호선,청량리,12950,13580
2022-09-04,1호선,동묘앞,7024,7115
2022-09-05,1호선,동묘앞,5330,5759
2022-09-05,1호선,청량리,17687,17480
2022-09-05,1호선,제기동,14830,15173
2022-09-05,1호선,신설동,13049,12957
2022-09-05,1호선,동대문,9800,9021
2022-09-05,1호선,종로5가,21616,21093
2022-09-05,1호선,종로3가,19961,19028
2022-09-05,1호선,종각,37311,35855
2022-09-05,1호선,시청,23816,23746
2022-09-05,1호선,서울역,44945,43305
2022-09-06,1호선,동묘앞,7994,8148
2022-09-06,1호선,청량리,22355,22359
2022-09-06,1호선,제기동,20745,21710
2022-09-06,1호선,신설동,13599,13097
2022-09-06,1호선,동대문,10841,10088
2022-09-06,1호선,종로5가,23491,23391
2022-09-06,1호선,종로3가,25424,22947
2022-09-06,1호선,종각,33890,33998
2022-09-06,1호선,시청,23587,23852
2022-09-06,1호선,서울역,37357,38248
2022-09-07,1호선,서울역,48689,54143
2022-09-07,1호선,시청,26756,26857
2022-09-07,1호선,종각,40239,39405
2022-09-07,1호선,종로3가,28234,25539
2022-09-07,1호선,종로5가,25644,25558
2022-09-07,1호선,동대문,11967,11093
2022-09-07,1호선,신설동,15493,14655
2022-09-07,1호선,제기동,23141,24376
2022-09-07,1호선,청량리,25223,25507
2022-09-07,1호선,동묘앞,9222,9507
2022-09-08,1호선,서울역,49174,58571
2022-09-08,1호선,시청,24680,24317
2022-09-08,1호선,종각,36404,35575
2022-09-08,1호선,종로3가,26741,24599
2022-09-08,1호선,종로5가,24831,24328
2022-09-08,1호선,동대문,11670,10257
2022-09-08,1호선,신설동,15293,13793
2022-09-08,1호선,제기동,21622,22079
2022-09-08,1호선,청량리,25257,25784
2022-09-08,1호선,동묘앞,9376,9354
2022-09-09,1호선,서울역,26967,38417
2022-09-09,1호선,시청,8251,7969
2022-09-09,1호선,종각,12578,11273
2022-09-09,1호선,종로3가,13701,12200
2022-09-09,1호선,종로5가,12022,11758
2022-09-09,1호선,동대문,9757,10446
2022-09-09,1호선,신설동,6706,5262
2022-09-09,1호선,제기동,11315,11053
2022-09-09,1호선,청량리,14563,14784
2022-09-09,1호선,동묘앞,8823,8918
2022-09-10,1호선,동묘앞,6305,6796
2022-09-10,1호선,청량리,8949,8857
2022-09-10,1호선,제기동,5059,5010
2022-09-10,1호선,신설동,4814,4589
2022-09-10,1호선,동대문,10510,11077
2022-09-10,1호선,종로5가,7192,6507
2022-09-10,1호선,종로3가,11686,10362
2022-09-10,1호선,종각,12128,10331
2022-09-10,1호선,시청,7938,7824
2022-09-10,1호선,서울역,28492,28558
2022-09-11,1호선,동묘앞,10686,11032
2022-09-11,1호선,청량리,10480,10903
2022-09-11,1호선,제기동,7052,7408
2022-09-11,1호선,신설동,6329,6599
2022-09-11,1호선,동대문,11377,10898
2022-09-11,1호선,종로5가,10038,9830
2022-09-11,1호선,종로3가,16321,14523
2022-09-11,1호선,종각,15190,13109
2022-09-11,1호선,시청,9873,9639
2022-09-11,1호선,서울역,34150,24371
2022-09-12,1호선,시청,9469,9168
2022-09-12,1호선,청량리,11875,12317
2022-09-12,1호선,제기동,9380,10304
2022-09-12,1호선,신설동,6208,6790
2022-09-12,1호선,동대문,8368,8141
2022-09-12,1호선,종로5가,11580,11799
2022-09-12,1호선,종로3가,18614,15917
2022-09-12,1호선,종각,14754,12500
2022-09-12,1호선,서울역,36137,27420
2022-09-12,1호선,동묘앞,8996,9818
2022-09-13,1호선,동묘앞,7857,8331
2022-09-13,1호선,청량리,19286,19379
2022-09-13,1호선,제기동,16163,16458
2022-09-13,1호선,신설동,13603,13571
2022-09-13,1호선,동대문,10586,9963
2022-09-13,1호선,종로5가,22836,23251
2022-09-13,1호선,종로3가,25827,23694
2022-09-13,1호선,종각,35018,34889
2022-09-13,1호선,시청,23986,24697
2022-09-13,1호선,서울역,50597,43054
2022-09-14,1호선,신설동,14483,14116
2022-09-14,1호선,제기동,16887,16896
2022-09-14,1호선,청량리,19896,20032
2022-09-14,1호선,동묘앞,8322,8653
2022-09-14,1호선,동대문,11227,10565
2022-09-14,1호선,종로5가,24129,24349
2022-09-14,1호선,종로3가,26488,24161
2022-09-14,1호선,종각,39448,39168
2022-09-14,1호선,시청,26381,26231
2022-09-14,1호선,서울역,49381,46245
2022-09-15,1호선,서울역,50504,48531
2022-09-15,1호선,시청,26952,27225
2022-09-15,1호선,종각,39919,39872
2022-09-15,1호선,종로3가,27852,25161
2022-09-15,1호선,종로5가,25009,25268
2022-09-15,1호선,동대문,11229,10492
2022-09-15,1호선,신설동,14711,14274
2022-09-15,1호선,제기동,17820,17964
2022-09-15,1호선,청량리,20563,20558
2022-09-15,1호선,동묘앞,8507,8962
2022-09-16,1호선,동묘앞,8538,8895
2022-09-16,1호선,청량리,20766,20924
2022-09-16,1호선,제기동,17441,17473
2022-09-16,1호선,신설동,15318,14754
2022-09-16,1호선,동대문,11417,10127
2022-09-16,1호선,종로5가,25735,25779
2022-09-16,1호선,종로3가,28773,27632
2022-09-16,1호선,종각,42045,41797
2022-09-16,1호선,시청,29259,32530
2022-09-16,1호선,서울역,59887,55390
2022-09-17,1호선,서울역,41348,39328
2022-09-17,1호선,시청,15253,15259
2022-09-17,1호선,종각,23425,22233
2022-09-17,1호선,종로3가,27644,26089
2022-09-17,1호선,종로5가,21742,22296
2022-09-17,1호선,동대문,10635,10350
2022-09-17,1호선,신설동,10658,9967
2022-09-17,1호선,제기동,15517,15587
2022-09-17,1호선,청량리,18293,18836
2022-09-17,1호선,동묘앞,11471,12014
2022-09-18,1호선,시청,10496,9931
2022-09-18,1호선,종각,15181,13104
2022-09-18,1호선,종로3가,17574,15121
2022-09-18,1호선,종로5가,11321,11045
2022-09-18,1호선,동대문,10090,10519
2022-09-18,1호선,신설동,8406,8359
2022-09-18,1호선,제기동,10517,10894
2022-09-18,1호선,청량리,13371,13771
2022-09-18,1호선,동묘앞,12938,12939
2022-09-18,1호선,서울역,32843,32591
2022-09-19,1호선,서울역,48798,48175
2022-09-19,1호선,시청,25249,25900
2022-09-19,1호선,종각,39268,39054
2022-09-19,1호선,종로3가,26340,23860
2022-09-19,1호선,종로5가,23673,23781
2022-09-19,1호선,동대문,11149,10459
2022-09-19,1호선,신설동,14399,13751
2022-09-19,1호선,제기동,17444,17716
2022-09-19,1호선,청량리,20017,19760
2022-09-19,1호선,동묘앞,7751,8178
2022-09-20,1호선,서울역,49585,48440
2022-09-20,1호선,시청,27115,27218
2022-09-20,1호선,종각,39786,39667
2022-09-20,1호선,종로3가,28014,25575
2022-09-20,1호선,종로5가,24560,24493
2022-09-20,1호선,동대문,11407,10866
2022-09-20,1호선,신설동,14595,14175
2022-09-20,1호선,제기동,18699,18937
2022-09-20,1호선,청량리,21262,21181
2022-09-20,1호선,동묘앞,8857,9194
2022-09-21,1호선,동묘앞,8777,9082
2022-09-21,1호선,청량리,21014,20853
2022-09-21,1호선,제기동,18078,18462
2022-09-21,1호선,신설동,14710,14132
2022-09-21,1호선,동대문,11648,10973
2022-09-21,1호선,종로5가,24370,24327
2022-09-21,1호선,종로3가,28162,25355
2022-09-21,1호선,종각,40881,40247
2022-09-21,1호선,시청,27220,27598
2022-09-21,1호선,서울역,50430,49003
2022-09-22,1호선,제기동,18343,18792
2022-09-22,1호선,청량리,21411,21040
2022-09-22,1호선,동묘앞,8909,9320
2022-09-22,1호선,종각,40650,40570
2022-09-22,1호선,종로3가,28735,25828
2022-09-22,1호선,종로5가,24582,24825
2022-09-22,1호선,동대문,11504,10874
2022-09-22,1호선,신설동,14825,14418
2022-09-22,1호선,서울역,51885,50427
2022-09-22,1호선,시청,27503,27993
2022-09-23,1호선,서울역,57535,55995
2022-09-23,1호선,시청,27989,28850
2022-09-23,1호선,종각,41294,41151
2022-09-23,1호선,종로3가,29760,27730
2022-09-23,1호선,종로5가,25187,25714
2022-09-23,1호선,동대문,12004,10664
2022-09-23,1호선,신설동,15426,14894
2022-09-23,1호선,제기동,18419,18328
2022-09-23,1호선,청량리,21758,21689
2022-09-23,1호선,동묘앞,8862,9153
2022-09-24,1호선,서울역,46646,44963
2022-09-24,1호선,시청,21477,21843
2022-09-24,1호선,종각,27559,24885
2022-09-24,1호선,종로3가,29768,27332
2022-09-24,1호선,종로5가,23554,24214
2022-09-24,1호선,동대문,12372,12008
2022-09-24,1호선,신설동,11756,10512
2022-09-24,1호선,제기동,17016,17380
2022-09-24,1호선,청량리,19991,20569
2022-09-24,1호선,동묘앞,13331,13919
2022-09-25,1호선,서울역,34571,33994
2022-09-25,1호선,시청,11560,10680
2022-09-25,1호선,종각,16766,14433
2022-09-25,1호선,종로3가,19239,15680
2022-09-25,1호선,종로5가,11724,11369
2022-09-25,1호선,동대문,11486,11907
2022-09-25,1호선,신설동,8885,9035
2022-09-25,1호선,제기동,11082,11778
2022-09-25,1호선,청량리,14495,14825
2022-09-25,1호선,동묘앞,14134,14429
2022-09-26,1호선,서울역,50484,49337
2022-09-26,1호선,시청,25827,26203
2022-09-26,1호선,종각,39527,39042
2022-09-26,1호선,종로3가,27005,24304
2022-09-26,1호선,종로5가,23986,24100
2022-09-26,1호선,동대문,11397,10935
2022-09-26,1호선,신설동,14760,14137
2022-09-26,1호선,제기동,18165,18552
2022-09-26,1호선,청량리,20933,20681
2022-09-26,1호선,동묘앞,8374,8752
2022-09-27,1호선,동묘앞,8895,9192
2022-09-27,1호선,청량리,21545,21950
2022-09-27,1호선,제기동,18617,18960
2022-09-27,1호선,신설동,14666,14298
2022-09-27,1호선,동대문,11612,10921
2022-09-27,1호선,종로5가,24553,24609
2022-09-27,1호선,종로3가,28000,25286
2022-09-27,1호선,종각,40098,39625
2022-09-27,1호선,시청,27127,27500
2022-09-27,1호선,서울역,50442,49278
2022-09-28,1호선,시청,28072,28754
2022-09-28,1호선,종각,41036,40793
2022-09-28,1호선,종로3가,28140,25691
2022-09-28,1호선,종로5가,25048,24778
2022-09-28,1호선,동대문,11659,10985
2022-09-28,1호선,신설동,14881,14425
2022-09-28,1호선,제기동,18463,18649
2022-09-28,1호선,청량리,21254,21130
2022-09-28,1호선,동묘앞,8840,9137
2022-09-28,1호선,서울역,50639,49173
2022-09-29,1호선,동묘앞,8552,8816
2022-09-29,1호선,청량리,21300,21237
2022-09-29,1호선,제기동,18564,18874
2022-09-29,1호선,신설동,14920,14580
2022-09-29,1호선,동대문,11456,10680
2022-09-29,1호선,종로5가,24437,24773
2022-09-29,1호선,종로3가,28537,25533
2022-09-29,1호선,종각,41063,40476
2022-09-29,1호선,시청,27448,27919
2022-09-29,1호선,서울역,51719,50514
2022-09-30,1호선,동묘앞,9397,9483
2022-09-30,1호선,청량리,22309,22155
2022-09-30,1호선,제기동,19013,18951
2022-09-30,1호선,신설동,15455,14708
2022-09-30,1호선,동대문,12059,10872
2022-09-30,1호선,종로5가,25496,25780
2022-09-30,1호선,종로3가,29834,27558
2022-09-30,1호선,종각,41821,42353
2022-09-30,1호선,시청,27677,28597
2022-09-30,1호선,서울역,58193,58620
2022-10-01,1호선,동묘앞,12784,13315
2022-10-01,1호선,청량리,19245,19656
2022-10-01,1호선,제기동,16287,16615
2022-10-01,1호선,신설동,10673,10015
2022-10-01,1호선,동대문,11335,11587
2022-10-01,1호선,종로5가,22382,23109
2022-10-01,1호선,종로3가,27779,25549
2022-10-01,1호선,종각,24275,22607
2022-10-01,1호선,시청,18020,17937
2022-10-01,1호선,서울역,43012,45410
2022-10-02,1호선,서울역,34177,32758
2022-10-02,1호선,시청,11673,11434
2022-10-02,1호선,종각,17258,15234
2022-10-02,1호선,종로3가,17894,16383
2022-10-02,1호선,종로5가,14240,13572
2022-10-02,1호선,동대문,10410,10751
2022-10-02,1호선,신설동,8145,7974
2022-10-02,1호선,제기동,10814,11031
2022-10-02,1호선,청량리,13679,14138
2022-10-02,1호선,동묘앞,11819,12150
2022-10-03,1호선,서울역,35360,32951
2022-10-03,1호선,시청,22145,21045
2022-10-03,1호선,종각,20180,18477
2022-10-03,1호선,종로3가,17320,15667
2022-10-03,1호선,종로5가,17066,15809
2022-10-03,1호선,동대문,8574,8021
2022-10-03,1호선,신설동,6248,6337
2022-10-03,1호선,제기동,9770,10343
2022-10-03,1호선,청량리,11883,12281
2022-10-03,1호선,동묘앞,4597,4890
2022-10-04,1호선,동묘앞,8267,8714
2022-10-04,1호선,청량리,20925,20770
2022-10-04,1호선,제기동,17729,18122
2022-10-04,1호선,신설동,14592,14186
2022-10-04,1호선,동대문,11353,10786
2022-10-04,1호선,종로5가,24130,24081
2022-10-04,1호선,종로3가,26566,24244
2022-10-04,1호선,종각,39597,39597
2022-10-04,1호선,시청,26178,26255
2022-10-04,1호선,서울역,50224,48333
2022-10-05,1호선,동묘앞,8955,9350
2022-10-05,1호선,청량리,21437,21227
2022-10-05,1호선,제기동,19115,19377
2022-10-05,1호선,신설동,15446,14789
2022-10-05,1호선,동대문,11813,11248
2022-10-05,1호선,종로5가,25266,24982
2022-10-05,1호선,종로3가,28558,25508
2022-10-05,1호선,종각,43104,42595
2022-10-05,1호선,시청,28282,28476
2022-10-05,1호선,서울역,49946,49324
2022-10-06,1호선,시청,27343,27233
2022-10-06,1호선,종각,41507,40658
2022-10-06,1호선,종로3가,28215,26093
2022-10-06,1호선,종로5가,25361,25019
2022-10-06,1호선,동대문,11970,11278
2022-10-06,1호선,신설동,15127,14681
2022-10-06,1호선,제기동,19172,19572
2022-10-06,1호선,청량리,21606,21343
2022-10-06,1호선,동묘앞,8687,9074
2022-10-06,1호선,서울역,51791,51553
2022-10-07,1호선,종로5가,25889,25903
2022-10-07,1호선,종로3가,30268,28011
2022-10-07,1호선,종각,42045,42044
2022-10-07,1호선,시청,28383,28559
2022-10-07,1호선,서울역,59379,59698
2022-10-07,1호선,동묘앞,9497,9849
2022-10-07,1호선,청량리,22439,22583
2022-10-07,1호선,제기동,19682,19787
2022-10-07,1호선,신설동,15833,15083
2022-10-07,1호선,동대문,12560,11053
2022-10-08,1호선,동묘앞,13931,14714
2022-10-08,1호선,청량리,20927,21547
2022-10-08,1호선,제기동,17900,18060
2022-10-08,1호선,신설동,11511,10883
2022-10-08,1호선,동대문,12345,12602
2022-10-08,1호선,종로5가,24021,24948
2022-10-08,1호선,종로3가,29551,27137
2022-10-08,1호선,종각,27306,24443
2022-10-08,1호선,시청,19218,19623
2022-10-08,1호선,서울역,48060,50364
2022-10-09,1호선,서울역,35676,34219
2022-10-09,1호선,시청,12821,12747
2022-10-09,1호선,종각,15932,14592
2022-10-09,1호선,종로3가,16037,15045
2022-10-09,1호선,종로5가,14367,13450
2022-10-09,1호선,동대문,9228,9509
2022-10-09,1호선,신설동,7302,6944
2022-10-09,1호선,제기동,9518,9220
2022-10-09,1호선,청량리,12327,12858
2022-10-09,1호선,동묘앞,7080,7464
2022-10-10,1호선,신설동,7593,7631
2022-10-10,1호선,제기동,14203,15047
2022-10-10,1호선,서울역,38354,36260
2022-10-10,1호선,시청,19372,18230
2022-10-10,1호선,종각,19028,17523
2022-10-10,1호선,종로3가,19725,18193
2022-10-10,1호선,종로5가,19724,18552
2022-10-10,1호선,동대문,10068,10095
2022-10-10,1호선,청량리,15540,15926
2022-10-10,1호선,동묘앞,9232,9586
2022-10-11,1호선,서울역,52941,50452
2022-10-11,1호선,시청,26578,26455
2022-10-11,1호선,종각,39915,39484
2022-10-11,1호선,종로3가,27808,25047
2022-10-11,1호선,종로5가,24671,24521
2022-10-11,1호선,동대문,11790,11249
2022-10-11,1호선,신설동,14610,14308
2022-10-11,1호선,제기동,18483,18801
2022-10-11,1호선,청량리,21296,21319
2022-10-11,1호선,동묘앞,8969,9433
2022-10-12,1호선,동묘앞,9094,9531
2022-10-12,1호선,청량리,21543,20951
2022-10-12,1호선,제기동,18809,19058
2022-10-12,1호선,신설동,15130,14658
2022-10-12,1호선,동대문,11785,11121
2022-10-12,1호선,종로5가,25673,25345
2022-10-12,1호선,종로3가,28391,25483
2022-10-12,1호선,종각,41552,40474
2022-10-12,1호선,시청,27809,27365
2022-10-12,1호선,서울역,51393,50516
2022-10-13,1호선,서울역,53544,51467
2022-10-13,1호선,시청,27828,28073
2022-10-13,1호선,종각,41420,40657
2022-10-13,1호선,종로3가,28958,26095
2022-10-13,1호선,종로5가,25714,25686
2022-10-13,1호선,동대문,11903,11224
2022-10-13,1호선,신설동,14850,14589
2022-10-13,1호선,제기동,19119,19365
2022-10-13,1호선,청량리,21592,21509
2022-10-13,1호선,동묘앞,9126,9432
2022-10-14,1호선,동묘앞,9555,9695
2022-10-14,1호선,청량리,22049,22170
2022-10-14,1호선,제기동,19209,19491
2022-10-14,1호선,신설동,15704,14924
2022-10-14,1호선,서울역,58607,58245
2022-10-14,1호선,동대문,12042,10732
2022-10-14,1호선,종로5가,26324,26308
2022-10-14,1호선,종로3가,30297,27751
2022-10-14,1호선,종각,40611,40085
2022-10-14,1호선,시청,28612,28838
2022-10-15,1호선,서울역,44214,44965
2022-10-15,1호선,시청,19894,19949
2022-10-15,1호선,종각,26916,24713
2022-10-15,1호선,종로3가,29194,26285
2022-10-15,1호선,종로5가,22647,23294
2022-10-15,1호선,동대문,11586,11105
2022-10-15,1호선,신설동,11430,10535
2022-10-15,1호선,제기동,17221,17470
2022-10-15,1호선,청량리,20026,20847
2022-10-15,1호선,동묘앞,13199,13811
2022-10-16,1호선,서울역,37204,34868
2022-10-16,1호선,시청,12227,11427
2022-10-16,1호선,종각,16003,13706
2022-10-16,1호선,종로3가,17951,15048
2022-10-16,1호선,종로5가,11763,11617
2022-10-16,1호선,동대문,10795,11691
2022-10-16,1호선,신설동,8749,8792
2022-10-16,1호선,제기동,11298,11617
2022-10-16,1호선,청량리,14255,14505
2022-10-16,1호선,동묘앞,13609,13898
2022-10-17,1호선,서울역,52535,50584
2022-10-17,1호선,시청,26622,26697
2022-10-17,1호선,종각,40254,40083
2022-10-17,1호선,종로3가,27226,24912
2022-10-17,1호선,종로5가,24557,24564
2022-10-17,1호선,동대문,11542,11082
2022-10-17,1호선,신설동,14740,14408
2022-10-17,1호선,제기동,18588,18694
2022-10-17,1호선,청량리,21146,20862
2022-10-17,1호선,동묘앞,8514,8808
2022-10-18,1호선,서울역,51698,50819
2022-10-18,1호선,시청,28303,28003
2022-10-18,1호선,종각,41155,40597
2022-10-18,1호선,종로3가,27642,24876
2022-10-18,1호선,종로5가,25226,24795
2022-10-18,1호선,동대문,11553,10896
2022-10-18,1호선,신설동,14523,14276
2022-10-18,1호선,제기동,18899,19204
2022-10-18,1호선,청량리,21419,21317
2022-10-18,1호선,동묘앞,8851,9148
2022-10-19,1호선,서울역,52174,51606
2022-10-19,1호선,시청,28219,29340
2022-10-19,1호선,종각,41846,41541
2022-10-19,1호선,종로3가,28162,25444
2022-10-19,1호선,종로5가,25015,24879
2022-10-19,1호선,동대문,11894,11292
2022-10-19,1호선,신설동,15121,14638
2022-10-19,1호선,제기동,18610,18631
2022-10-19,1호선,청량리,21126,20915
2022-10-19,1호선,동묘앞,9099,9292
2022-10-20,1호선,서울역,53565,52283
2022-10-20,1호선,시청,28822,28789
2022-10-20,1호선,종각,41483,40743
2022-10-20,1호선,종로3가,29722,26309
2022-10-20,1호선,종로5가,25685,25931
2022-10-20,1호선,동대문,11912,11485
2022-10-20,1호선,신설동,15102,14723
2022-10-20,1호선,제기동,19135,19445
2022-10-20,1호선,청량리,21807,21684
2022-10-20,1호선,동묘앞,9278,9682
2022-10-21,1호선,동묘앞,9420,9848
2022-10-21,1호선,청량리,21905,22278
2022-10-21,1호선,제기동,19137,19174
2022-10-21,1호선,신설동,15763,14871
2022-10-21,1호선,동대문,12134,10864
2022-10-21,1호선,종로5가,26584,26366
2022-10-21,1호선,종로3가,30681,28140
2022-10-21,1호선,종각,43041,42191
2022-10-21,1호선,시청,28885,29288
2022-10-21,1호선,서울역,58988,57555
2022-10-22,1호선,동묘앞,13366,14145
2022-10-22,1호선,청량리,20368,21273
2022-10-22,1호선,제기동,17405,17752
2022-10-22,1호선,신설동,11554,10780
2022-10-22,1호선,동대문,11881,12060
2022-10-22,1호선,종로5가,24083,24412
2022-10-22,1호선,종로3가,30636,28082
2022-10-22,1호선,종각,29356,27187
2022-10-22,1호선,시청,33301,43614
2022-10-22,1호선,서울역,57200,50709
2022-10-23,1호선,서울역,36000,35934
2022-10-23,1호선,시청,14454,14554
2022-10-23,1호선,종각,17558,14555
2022-10-23,1호선,종로3가,19053,15964
2022-10-23,1호선,종로5가,12883,12256
2022-10-23,1호선,동대문,11255,11831
2022-10-23,1호선,신설동,8859,8713
2022-10-23,1호선,제기동,11630,12043
2022-10-23,1호선,청량리,14723,14931
2022-10-23,1호선,동묘앞,14136,14360
2022-10-24,1호선,동묘앞,8222,8675
2022-10-24,1호선,청량리,20615,20629
2022-10-24,1호선,제기동,18337,18478
2022-10-24,1호선,신설동,15864,15086
2022-10-24,1호선,동대문,11604,11129
2022-10-24,1호선,종로5가,24685,24301
2022-10-24,1호선,종로3가,26964,24226
2022-10-24,1호선,종각,40155,39028
2022-10-24,1호선,시청,25980,26138
2022-10-24,1호선,서울역,52086,50671
2022-10-25,1호선,동묘앞,8931,9514
2022-10-25,1호선,청량리,21518,21481
2022-10-25,1호선,제기동,18710,19014
2022-10-25,1호선,신설동,15158,14663
2022-10-25,1호선,동대문,12004,11325
2022-10-25,1호선,종로5가,25347,25174
2022-10-25,1호선,종로3가,28074,25194
2022-10-25,1호선,종각,41722,41136
2022-10-25,1호선,시청,28481,28450
2022-10-25,1호선,서울역,52070,51386
2022-10-26,1호선,동묘앞,8888,9606
2022-10-26,1호선,청량리,21335,21478
2022-10-26,1호선,제기동,18701,18940
2022-10-26,1호선,신설동,15065,14557
2022-10-26,1호선,동대문,11932,11263
2022-10-26,1호선,종로5가,26216,25895
2022-10-26,1호선,종로3가,29006,25793
2022-10-26,1호선,종각,42253,41452
2022-10-26,1호선,시청,28757,29284
2022-10-26,1호선,서울역,53323,52499
2022-10-27,1호선,동묘앞,8986,9468
2022-10-27,1호선,청량리,22002,21892
2022-10-27,1호선,제기동,18991,19310
2022-10-27,1호선,신설동,15318,14855
2022-10-27,1호선,동대문,12074,11427
2022-10-27,1호선,종로5가,25982,25596
2022-10-27,1호선,종로3가,29650,26220
2022-10-27,1호선,종각,42552,41660
2022-10-27,1호선,시청,29069,29198
2022-10-27,1호선,서울역,54756,53221
2022-10-28,1호선,서울역,61206,60155
2022-10-28,1호선,시청,29943,29985
2022-10-28,1호선,종각,41939,41756
2022-10-28,1호선,종로3가,31032,28542
2022-10-28,1호선,종로5가,26371,26513
2022-10-28,1호선,동대문,12266,11076
2022-10-28,1호선,신설동,15802,15216
2022-10-28,1호선,제기동,19547,19767
2022-10-28,1호선,청량리,22332,22593
2022-10-28,1호선,동묘앞,9555,9833
2022-10-29,1호선,서울역,56563,52503
2022-10-29,1호선,시청,29385,33730
2022-10-29,1호선,종각,29493,26971
2022-10-29,1호선,종로3가,31103,28323
2022-10-29,1호선,종로5가,24501,24855
2022-10-29,1호선,동대문,11793,11692
2022-10-29,1호선,신설동,12126,11210
2022-10-29,1호선,제기동,17859,18027
2022-10-29,1호선,청량리,20529,21319
2022-10-29,1호선,동묘앞,13368,13923
2022-10-30,1호선,종각,17769,14254
2022-10-30,1호선,종로3가,18934,15538
2022-10-30,1호선,종로5가,12198,11730
2022-10-30,1호선,동대문,10592,11021
2022-10-30,1호선,신설동,8832,8718
2022-10-30,1호선,제기동,10857,11376
2022-10-30,1호선,청량리,14271,14575
2022-10-30,1호선,동묘앞,13323,13612
2022-10-30,1호선,서울역,38311,39081
2022-10-30,1호선,시청,13734,12788
2022-10-31,1호선,동묘앞,8406,8914
2022-10-31,1호선,청량리,20983,20777
2022-10-31,1호선,제기동,18165,18612
2022-10-31,1호선,신설동,14955,14507
2022-10-31,1호선,동대문,11584,11013
2022-10-31,1호선,종로5가,23843,23690
2022-10-31,1호선,종로3가,26958,23684
2022-10-31,1호선,종각,39708,38525
2022-10-31,1호선,시청,27624,27940
2022-10-31,1호선,서울역,51812,49852
2022-11-01,1호선,서울역,50185,48097
2022-11-01,1호선,시청,29081,29006
2022-11-01,1호선,종각,40310,39217
2022-11-01,1호선,종로3가,27166,24126
2022-11-01,1호선,종로5가,24585,24181
2022-11-01,1호선,동대문,11548,10926
2022-11-01,1호선,신설동,14648,14218
2022-11-01,1호선,제기동,18538,18779
2022-11-01,1호선,청량리,21411,21308
2022-11-01,1호선,동묘앞,8558,9034
2022-11-02,1호선,서울역,50193,49702
2022-11-02,1호선,시청,29083,29093
2022-11-02,1호선,종각,41265,40379
2022-11-02,1호선,종로3가,27907,24962
2022-11-02,1호선,종로5가,25162,25035
2022-11-02,1호선,동대문,11566,10905
2022-11-02,1호선,신설동,15018,14616
2022-11-02,1호선,제기동,18354,18670
2022-11-02,1호선,청량리,21040,21018
2022-11-02,1호선,동묘앞,8872,9204
2022-11-03,1호선,서울역,52637,50876
2022-11-03,1호선,시청,28222,29000
2022-11-03,1호선,종각,41876,40571
2022-11-03,1호선,종로3가,27631,24588
2022-11-03,1호선,종로5가,25366,25235
2022-11-03,1호선,동대문,11379,10933
2022-11-03,1호선,신설동,14705,14428
2022-11-03,1호선,제기동,18513,18727
2022-11-03,1호선,청량리,21386,21168
2022-11-03,1호선,동묘앞,8229,8833
2022-11-04,1호선,서울역,59662,59072
2022-11-04,1호선,시청,29414,29513
2022-11-04,1호선,종각,43005,41806
2022-11-04,1호선,종로3가,29241,26993
2022-11-04,1호선,종로5가,26642,26104
2022-11-04,1호선,동대문,11944,10519
2022-11-04,1호선,신설동,15458,14747
2022-11-04,1호선,제기동,18391,18685
2022-11-04,1호선,청량리,21809,21746
2022-11-04,1호선,동묘앞,8965,9258
2022-11-05,1호선,서울역,46683,46301
2022-11-05,1호선,시청,22709,24519
2022-11-05,1호선,종각,25787,23852
2022-11-05,1호선,종로3가,27910,25687
2022-11-05,1호선,종로5가,23084,22913
2022-11-05,1호선,동대문,11365,11022
2022-11-05,1호선,신설동,11149,10407
2022-11-05,1호선,제기동,16527,16884
2022-11-05,1호선,청량리,19487,19988
2022-11-05,1호선,동묘앞,12375,13228
2022-11-06,1호선,서울역,35989,37105
2022-11-06,1호선,시청,13225,13267
2022-11-06,1호선,종각,17839,15589
2022-11-06,1호선,종로3가,19243,16268
2022-11-06,1호선,종로5가,12326,11949
2022-11-06,1호선,동대문,11022,11432
2022-11-06,1호선,신설동,9321,8888
2022-11-06,1호선,제기동,11666,11989
2022-11-06,1호선,청량리,14436,14241
2022-11-06,1호선,동묘앞,13862,14423
2022-11-07,1호선,동묘앞,7946,8620
2022-11-07,1호선,청량리,19540,20019
2022-11-07,1호선,제기동,17064,16999
2022-11-07,1호선,신설동,13961,13251
2022-11-07,1호선,동대문,11308,11252
2022-11-07,1호선,종로5가,21848,21432
2022-11-07,1호선,종로3가,25792,23137
2022-11-07,1호선,종각,34480,32324
2022-11-07,1호선,시청,22070,21140
2022-11-07,1호선,서울역,52389,47370
2022-11-08,1호선,서울역,50378,48616
2022-11-08,1호선,시청,27417,27069
2022-11-08,1호선,종각,40115,39528
2022-11-08,1호선,종로3가,27817,24743
2022-11-08,1호선,종로5가,24535,24080
2022-11-08,1호선,동대문,11588,10803
2022-11-08,1호선,신설동,14481,14061
2022-11-08,1호선,제기동,18758,18996
2022-11-08,1호선,청량리,21411,21335
2022-11-08,1호선,동묘앞,8714,9071
2022-11-09,1호선,서울역,50576,49559
2022-11-09,1호선,시청,28254,28413
2022-11-09,1호선,종각,41002,40330
2022-11-09,1호선,종로3가,28369,25191
2022-11-09,1호선,종로5가,24599,24686
2022-11-09,1호선,동대문,11360,10743
2022-11-09,1호선,신설동,14791,14136
2022-11-09,1호선,제기동,18323,18651
2022-11-09,1호선,청량리,21173,20753
2022-11-09,1호선,동묘앞,8699,9126
2022-11-10,1호선,서울역,53405,51659
2022-11-10,1호선,시청,28353,29286
2022-11-10,1호선,종각,41435,41153
2022-11-10,1호선,종로3가,28673,25584
2022-11-10,1호선,종로5가,25045,24854
2022-11-10,1호선,동대문,11637,10970
2022-11-10,1호선,신설동,14953,14380
2022-11-10,1호선,제기동,18637,18775
2022-11-10,1호선,청량리,21326,21378
2022-11-10,1호선,동묘앞,8798,9080
2022-11-11,1호선,서울역,58928,59230
2022-11-11,1호선,시청,28787,29277
2022-11-11,1호선,종각,42053,41542
2022-11-11,1호선,종로3가,30361,28189
2022-11-11,1호선,종로5가,25584,25835
2022-11-11,1호선,동대문,11996,10623
2022-11-11,1호선,신설동,15605,14798
2022-11-11,1호선,제기동,18773,18730
2022-11-11,1호선,청량리,22134,22206
2022-11-11,1호선,동묘앞,9257,9786
2022-11-12,1호선,동묘앞,11052,11412
2022-11-12,1호선,청량리,18174,19643
2022-11-12,1호선,제기동,15189,15519
2022-11-12,1호선,신설동,10600,10326
2022-11-12,1호선,동대문,10800,10684
2022-11-12,1호선,종로5가,24469,22785
2022-11-12,1호선,종로3가,26053,25107
2022-11-12,1호선,종각,27820,25815
2022-11-12,1호선,시청,31007,28266
2022-11-12,1호선,서울역,50491,49980
2022-11-13,1호선,서울역,36262,35316
2022-11-13,1호선,시청,11367,10478
2022-11-13,1호선,종각,15651,13755
2022-11-13,1호선,종로3가,17237,14668
2022-11-13,1호선,종로5가,11101,11162
2022-11-13,1호선,동대문,10165,10269
2022-11-13,1호선,신설동,8023,7812
2022-11-13,1호선,제기동,10265,10851
2022-11-13,1호선,청량리,13304,13569
2022-11-13,1호선,동묘앞,11398,11765
2022-11-14,1호선,시청,25719,25978
2022-11-14,1호선,종각,38814,38378
2022-11-14,1호선,종로3가,26061,23616
2022-11-14,1호선,종로5가,23643,23334
2022-11-14,1호선,동대문,11053,10623
2022-11-14,1호선,신설동,14285,14019
2022-11-14,1호선,제기동,17780,18303
2022-11-14,1호선,청량리,20419,20162
2022-11-14,1호선,동묘앞,8246,8501
2022-11-14,1호선,서울역,52325,49644
2022-11-15,1호선,서울역,50826,48685
2022-11-15,1호선,시청,27522,27654
2022-11-15,1호선,종각,40703,39754
2022-11-15,1호선,종로3가,26815,24298
2022-11-15,1호선,종로5가,24217,23935
2022-11-15,1호선,동대문,11134,10512
2022-11-15,1호선,신설동,14283,13983
2022-11-15,1호선,제기동,17898,18049
2022-11-15,1호선,청량리,20890,20859
2022-11-15,1호선,동묘앞,8232,8510
2022-11-16,1호선,동묘앞,8789,9095
2022-11-16,1호선,청량리,20581,20557
2022-11-16,1호선,제기동,18049,18252
2022-11-16,1호선,신설동,14995,14319
2022-11-16,1호선,동대문,11669,11076
2022-11-16,1호선,종로5가,24549,24469
2022-11-16,1호선,종로3가,28028,25112
2022-11-16,1호선,종각,41341,40381
2022-11-16,1호선,시청,27689,27596
2022-11-16,1호선,서울역,51174,50582
2022-11-17,1호선,서울역,52524,52124
2022-11-17,1호선,시청,27677,27612
2022-11-17,1호선,종각,40935,40225
2022-11-17,1호선,종로3가,28425,25450
2022-11-17,1호선,종로5가,24761,24793
2022-11-17,1호선,동대문,11457,10814
2022-11-17,1호선,신설동,14779,14222
2022-11-17,1호선,제기동,18382,18609
2022-11-17,1호선,청량리,20851,20833
2022-11-17,1호선,동묘앞,8744,9069
2022-11-18,1호선,종로5가,25936,26035
2022-11-18,1호선,종로3가,29692,27523
2022-11-18,1호선,종각,41138,40489
2022-11-18,1호선,시청,27660,28156
2022-11-18,1호선,서울역,59914,59000
2022-11-18,1호선,동묘앞,9491,9627
2022-11-18,1호선,청량리,21806,21890
2022-11-18,1호선,제기동,18177,18265
2022-11-18,1호선,신설동,15430,14736
2022-11-18,1호선,동대문,11877,10527
2022-11-19,1호선,신설동,11158,10476
2022-11-19,1호선,제기동,16346,16648
2022-11-19,1호선,청량리,19524,20024
2022-11-19,1호선,동묘앞,12994,13564
2022-11-19,1호선,동대문,11202,11035
2022-11-19,1호선,종로5가,21669,22237
2022-11-19,1호선,종로3가,28857,26753
2022-11-19,1호선,종각,26112,25379
2022-11-19,1호선,시청,22633,28367
2022-11-19,1호선,서울역,52881,48650
2022-11-20,1호선,서울역,39184,37959
2022-11-20,1호선,시청,12102,11432
2022-11-20,1호선,종각,15878,14242
2022-11-20,1호선,종로3가,18113,15258
2022-11-20,1호선,종로5가,12329,12234
2022-11-20,1호선,동대문,10750,11189
2022-11-20,1호선,신설동,8873,8824
2022-11-20,1호선,제기동,10894,11352
2022-11-20,1호선,청량리,13780,13929
2022-11-20,1호선,동묘앞,13754,14195
2022-11-21,1호선,서울역,52397,50716
2022-11-21,1호선,시청,26008,25963
2022-11-21,1호선,종각,39104,38342
2022-11-21,1호선,종로3가,26411,23840
2022-11-21,1호선,종로5가,23693,23691
2022-11-21,1호선,동대문,11208,10906
2022-11-21,1호선,신설동,14420,13923
2022-11-21,1호선,제기동,17608,17935
2022-11-21,1호선,청량리,20373,20261
2022-11-21,1호선,동묘앞,8137,8478
2022-11-22,1호선,동묘앞,8137,8447
2022-11-22,1호선,청량리,20348,20141
2022-11-22,1호선,제기동,17411,17505
2022-11-22,1호선,신설동,14479,13971
2022-11-22,1호선,동대문,11138,10582
2022-11-22,1호선,종로5가,24174,23962
2022-11-22,1호선,종로3가,26631,24108
2022-11-22,1호선,종각,40507,39759
2022-11-22,1호선,시청,28479,32104
2022-11-22,1호선,서울역,52251,49543
2022-11-23,1호선,동묘앞,8524,8916
2022-11-23,1호선,청량리,20351,20180
2022-11-23,1호선,제기동,17777,17996
2022-11-23,1호선,신설동,14761,14288
2022-11-23,1호선,동대문,11400,10734
2022-11-23,1호선,종로5가,24706,24528
2022-11-23,1호선,종로3가,27924,24702
2022-11-23,1호선,종각,41308,40760
2022-11-23,1호선,시청,28040,28400
2022-11-23,1호선,서울역,52196,50180
2022-11-24,1호선,서울역,54880,52078
2022-11-24,1호선,시청,29027,28932
2022-11-24,1호선,종각,42866,41837
2022-11-24,1호선,종로3가,27693,24905
2022-11-24,1호선,종로5가,24948,24828
2022-11-24,1호선,동대문,11437,10818
2022-11-24,1호선,신설동,15030,14359
2022-11-24,1호선,제기동,17982,18028
2022-11-24,1호선,청량리,20936,20924
2022-11-24,1호선,동묘앞,8558,9020
2022-11-25,1호선,서울역,61510,59273
2022-11-25,1호선,시청,28069,28445
2022-11-25,1호선,종각,42377,41472
2022-11-25,1호선,종로3가,29707,27452
2022-11-25,1호선,종로5가,25580,25310
2022-11-25,1호선,동대문,11820,10561
2022-11-25,1호선,신설동,15400,14713
2022-11-25,1호선,제기동,18118,18216
2022-11-25,1호선,청량리,21771,21809
2022-11-25,1호선,동묘앞,9041,9396
2022-11-26,1호선,서울역,49419,47949
2022-11-26,1호선,시청,20562,20941
2022-11-26,1호선,종각,27584,25767
2022-11-26,1호선,종로3가,27895,26796
2022-11-26,1호선,종로5가,23080,22682
2022-11-26,1호선,동대문,11360,11545
2022-11-26,1호선,신설동,11038,10434
2022-11-26,1호선,제기동,16162,16416
2022-11-26,1호선,청량리,19422,19926
2022-11-26,1호선,동묘앞,12494,12942
2022-11-27,1호선,서울역,37098,36697
2022-11-27,1호선,시청,11330,10527
2022-11-27,1호선,종각,16128,13784
2022-11-27,1호선,종로3가,17583,15368
2022-11-27,1호선,종로5가,11554,11007
2022-11-27,1호선,동대문,10078,10531
2022-11-27,1호선,신설동,8296,8240
2022-11-27,1호선,제기동,10332,10799
2022-11-27,1호선,청량리,13556,14087
2022-11-27,1호선,동묘앞,12529,12967
2022-11-28,1호선,동묘앞,6971,7258
2022-11-28,1호선,청량리,19149,18936
2022-11-28,1호선,제기동,16493,16635
2022-11-28,1호선,신설동,13898,13806
2022-11-28,1호선,동대문,10520,10069
2022-11-28,1호선,종로5가,23497,22549
2022-11-28,1호선,종로3가,23504,21649
2022-11-28,1호선,종각,38907,37307
2022-11-28,1호선,시청,25742,25159
2022-11-28,1호선,서울역,52074,49506
2022-11-29,1호선,동묘앞,7855,8191
2022-11-29,1호선,청량리,20401,20060
2022-11-29,1호선,제기동,17053,17353
2022-11-29,1호선,신설동,14329,13867
2022-11-29,1호선,동대문,11126,10428
2022-11-29,1호선,종로5가,24488,23854
2022-11-29,1호선,종로3가,25943,23304
2022-11-29,1호선,종각,40670,38732
2022-11-29,1호선,시청,27105,26837
2022-11-29,1호선,서울역,51236,48225
2022-11-30,1호선,서울역,49894,47287
2022-11-30,1호선,시청,26897,26371
2022-11-30,1호선,종각,39534,37524
2022-11-30,1호선,종로3가,23608,22636
2022-11-30,1호선,종로5가,22176,21361
2022-11-30,1호선,동대문,10602,9877
2022-11-30,1호선,신설동,13918,13389
2022-11-30,1호선,제기동,14753,14911
2022-11-30,1호선,청량리,18204,18204
2022-11-30,1호선,동묘앞,7288,7470
2022-12-01,1호선,동묘앞,7226,7769
2022-12-01,1호선,청량리,18751,18622
2022-12-01,1호선,제기동,15135,15341
2022-12-01,1호선,신설동,14059,13419
2022-12-01,1호선,동대문,10626,9780
2022-12-01,1호선,종로5가,22642,22225
2022-12-01,1호선,종로3가,24380,22222
2022-12-01,1호선,종각,40262,38766
2022-12-01,1호선,시청,27381,27020
2022-12-01,1호선,서울역,50274,47936
2022-12-02,1호선,동묘앞,8418,8740
2022-12-02,1호선,청량리,20701,20671
2022-12-02,1호선,제기동,17384,17385
2022-12-02,1호선,신설동,15167,14291
2022-12-02,1호선,동대문,11717,10477
2022-12-02,1호선,종로5가,25170,25079
2022-12-02,1호선,종로3가,27534,25613
2022-12-02,1호선,종각,41940,41629
2022-12-02,1호선,시청,27666,28152
2022-12-02,1호선,서울역,56380,55408
2022-12-03,1호선,서울역,43273,43138
2022-12-03,1호선,시청,18774,18675
2022-12-03,1호선,종각,25092,24106
2022-12-03,1호선,종로3가,26930,25154
2022-12-03,1호선,종로5가,21076,21086
2022-12-03,1호선,동대문,10753,10472
2022-12-03,1호선,신설동,10474,9767
2022-12-03,1호선,제기동,14942,15155
2022-12-03,1호선,청량리,18413,18561
2022-12-03,1호선,동묘앞,10814,11252
2022-12-04,1호선,동묘앞,11606,11578
2022-12-04,1호선,청량리,12552,12922
2022-12-04,1호선,제기동,9797,10278
2022-12-04,1호선,신설동,7731,7746
2022-12-04,1호선,동대문,9798,10143
2022-12-04,1호선,종로5가,11474,10462
2022-12-04,1호선,종로3가,15829,13930
2022-12-04,1호선,종각,14567,13355
2022-12-04,1호선,시청,10321,9414
2022-12-04,1호선,서울역,34521,33377
2022-12-05,1호선,종로5가,23570,23224
2022-12-05,1호선,동대문,11023,10367
2022-12-05,1호선,신설동,14395,13842
2022-12-05,1호선,제기동,16594,16772
2022-12-05,1호선,청량리,19385,19321
2022-12-05,1호선,동묘앞,7486,7825
2022-12-05,1호선,종로3가,24887,22756
2022-12-05,1호선,서울역,50578,48790
2022-12-05,1호선,시청,26503,26275
2022-12-05,1호선,종각,39231,38848
2022-12-06,1호선,서울역,49796,48317
2022-12-06,1호선,시청,28130,27374
2022-12-06,1호선,종각,40828,39272
2022-12-06,1호선,종로3가,25794,23310
2022-12-06,1호선,종로5가,24145,23999
2022-12-06,1호선,동대문,11198,10547
2022-12-06,1호선,신설동,14301,13752
2022-12-06,1호선,제기동,16963,17339
2022-12-06,1호선,청량리,20094,19781
2022-12-06,1호선,동묘앞,7712,8179
2022-12-07,1호선,서울역,51041,49129
2022-12-07,1호선,시청,27903,28176
2022-12-07,1호선,종각,42116,41006
2022-12-07,1호선,종로3가,27259,24711
2022-12-07,1호선,종로5가,25166,24949
2022-12-07,1호선,동대문,11687,11171
2022-12-07,1호선,신설동,15076,14460
2022-12-07,1호선,제기동,18210,18404
2022-12-07,1호선,청량리,20851,20632
2022-12-07,1호선,동묘앞,8541,8940
2022-12-08,1호선,동묘앞,8713,9016
2022-12-08,1호선,청량리,21373,21035
2022-12-08,1호선,제기동,18564,18789
2022-12-08,1호선,신설동,14868,14302
2022-12-08,1호선,동대문,11762,10949
2022-12-08,1호선,종로5가,25663,25656
2022-12-08,1호선,종로3가,28457,25630
2022-12-08,1호선,종각,42619,41793
2022-12-08,1호선,시청,28866,28902
2022-12-08,1호선,서울역,53010,51617
2022-12-09,1호선,서울역,59613,58184
2022-12-09,1호선,시청,28423,28749
2022-12-09,1호선,종각,43088,43431
2022-12-09,1호선,종로3가,30343,28387
2022-12-09,1호선,종로5가,26084,26593
2022-12-09,1호선,동대문,11974,10694
2022-12-09,1호선,신설동,15592,14843
2022-12-09,1호선,제기동,18818,18911
2022-12-09,1호선,청량리,21838,21783
2022-12-09,1호선,동묘앞,8952,9290
2022-12-10,1호선,서울역,47754,46993
2022-12-10,1호선,시청,20314,19580
2022-12-10,1호선,종각,28451,27228
2022-12-10,1호선,종로3가,30262,29260
2022-12-10,1호선,종로5가,24016,24261
2022-12-10,1호선,동대문,12469,12410
2022-12-10,1호선,신설동,11146,10458
2022-12-10,1호선,제기동,17042,17418
2022-12-10,1호선,청량리,19896,20218
2022-12-10,1호선,동묘앞,12529,13206
2022-12-11,1호선,서울역,35831,35429
2022-12-11,1호선,시청,11393,10352
2022-12-11,1호선,종각,16661,14887
2022-12-11,1호선,종로3가,18156,15711
2022-12-11,1호선,종로5가,13059,12341
2022-12-11,1호선,동대문,11523,12076
2022-12-11,1호선,신설동,8481,8337
2022-12-11,1호선,제기동,11171,11769
2022-12-11,1호선,청량리,14164,14359
2022-12-11,1호선,동묘앞,13073,13426
2022-12-12,1호선,동묘앞,7990,8185
2022-12-12,1호선,청량리,20406,20554
2022-12-12,1호선,제기동,18057,18490
2022-12-12,1호선,신설동,14303,14006
2022-12-12,1호선,동대문,11470,10848
2022-12-12,1호선,종로5가,25344,24632
2022-12-12,1호선,종로3가,25935,23961
2022-12-12,1호선,종각,41575,39721
2022-12-12,1호선,시청,26455,26303
2022-12-12,1호선,서울역,53062,50958
2022-12-13,1호선,서울역,53234,50857
2022-12-13,1호선,시청,28772,28481
2022-12-13,1호선,종각,43985,41758
2022-12-13,1호선,종로3가,27284,25268
2022-12-13,1호선,종로5가,26969,25851
2022-12-13,1호선,동대문,11549,10983
2022-12-13,1호선,신설동,14532,14218
2022-12-13,1호선,제기동,17699,18226
2022-12-13,1호선,청량리,21200,20848
2022-12-13,1호선,동묘앞,7839,8083
2022-12-14,1호선,동묘앞,6958,7246
2022-12-14,1호선,청량리,18057,17754
2022-12-14,1호선,제기동,14724,14728
2022-12-14,1호선,신설동,13924,13511
2022-12-14,1호선,동대문,10769,10137
2022-12-14,1호선,종로5가,23119,22508
2022-12-14,1호선,종로3가,24754,22707
2022-12-14,1호선,종각,41911,40906
2022-12-14,1호선,시청,27539,27322
2022-12-14,1호선,서울역,51393,49508
2022-12-15,1호선,동묘앞,6584,6888
2022-12-15,1호선,청량리,19495,19047
2022-12-15,1호선,제기동,15478,15506
2022-12-15,1호선,신설동,14616,14244
2022-12-15,1호선,동대문,11235,10647
2022-12-15,1호선,종로5가,25146,24447
2022-12-15,1호선,종로3가,26801,24595
2022-12-15,1호선,종각,45191,43329
2022-12-15,1호선,시청,29519,29465
2022-12-15,1호선,서울역,55622,53440
2022-12-16,1호선,동묘앞,8053,8374
2022-12-16,1호선,청량리,20293,20142
2022-12-16,1호선,제기동,16585,16663
2022-12-16,1호선,신설동,15097,14482
2022-12-16,1호선,동대문,11738,10429
2022-12-16,1호선,종로5가,26281,25882
2022-12-16,1호선,종로3가,28503,26905
2022-12-16,1호선,종각,45342,45202
2022-12-16,1호선,시청,28923,28991
2022-12-16,1호선,서울역,59873,58758
2022-12-17,1호선,서울역,49738,47889
2022-12-17,1호선,시청,23289,22595
2022-12-17,1호선,종각,29013,28365
2022-12-17,1호선,종로3가,28509,27735
2022-12-17,1호선,종로5가,24752,23787
2022-12-17,1호선,동대문,11408,11324
2022-12-17,1호선,신설동,10704,10036
2022-12-17,1호선,제기동,14887,15247
2022-12-17,1호선,청량리,18675,19291
2022-12-17,1호선,동묘앞,10063,10451
2022-12-18,1호선,동묘앞,9161,8967
2022-12-18,1호선,청량리,11750,11890
2022-12-18,1호선,제기동,8878,9213
2022-12-18,1호선,신설동,7353,7295
2022-12-18,1호선,동대문,9395,9746
2022-12-18,1호선,종로5가,11832,10767
2022-12-18,1호선,종로3가,15677,13687
2022-12-18,1호선,종각,15105,13386
2022-12-18,1호선,시청,11471,10413
2022-12-18,1호선,서울역,35939,35850
2022-12-19,1호선,동묘앞,7117,8338
2022-12-19,1호선,청량리,18862,18592
2022-12-19,1호선,제기동,15780,16014
2022-12-19,1호선,신설동,13886,13979
2022-12-19,1호선,동대문,11110,10807
2022-12-19,1호선,종로5가,24051,23674
2022-12-19,1호선,종로3가,24957,22829
2022-12-19,1호선,종각,40372,36945
2022-12-19,1호선,시청,26225,24163
2022-12-19,1호선,서울역,51494,48234
2022-12-20,1호선,서울역,52974,50839
2022-12-20,1호선,시청,29026,28614
2022-12-20,1호선,종각,44119,42911
2022-12-20,1호선,종로3가,28497,26025
2022-12-20,1호선,종로5가,27203,26740
2022-12-20,1호선,동대문,11992,11346
2022-12-20,1호선,신설동,14558,14043
2022-12-20,1호선,제기동,19222,19706
2022-12-20,1호선,청량리,21371,21468
2022-12-20,1호선,동묘앞,8570,8935
2022-12-21,1호선,동묘앞,7371,7748
2022-12-21,1호선,청량리,20294,20156
2022-12-21,1호선,제기동,16252,16400
2022-12-21,1호선,신설동,15271,14693
2022-12-21,1호선,동대문,11664,10879
2022-12-21,1호선,종로5가,25841,25476
2022-12-21,1호선,종로3가,27905,25176
2022-12-21,1호선,종각,45163,44203
2022-12-21,1호선,시청,30241,30181
2022-12-21,1호선,서울역,56474,53942
2022-12-22,1호선,동묘앞,7712,7977
2022-12-22,1호선,청량리,20360,19968
2022-12-22,1호선,제기동,16593,16945
2022-12-22,1호선,신설동,14424,14132
2022-12-22,1호선,동대문,11589,10795
2022-12-22,1호선,종로5가,26249,25505
2022-12-22,1호선,종로3가,27140,25098
2022-12-22,1호선,종각,46987,45240
2022-12-22,1호선,시청,29419,29273
2022-12-22,1호선,서울역,57310,54458
2022-12-23,1호선,동묘앞,7345,7442
2022-12-23,1호선,청량리,18470,18455
2022-12-23,1호선,제기동,14677,14646
2022-12-23,1호선,신설동,14467,13948
2022-12-23,1호선,동대문,11213,9907
2022-12-23,1호선,종로5가,24577,23254
2022-12-23,1호선,종로3가,25797,24888
2022-12-23,1호선,종각,42535,41955
2022-12-23,1호선,시청,28180,27839
2022-12-23,1호선,서울역,58160,56540
2022-12-24,1호선,동묘앞,9660,10046
2022-12-24,1호선,청량리,17177,17504
2022-12-24,1호선,제기동,13855,14069
2022-12-24,1호선,신설동,9738,9005
2022-12-24,1호선,동대문,10786,10469
2022-12-24,1호선,종로5가,20946,20534
2022-12-24,1호선,종로3가,22536,21792
2022-12-24,1호선,종각,24496,22717
2022-12-24,1호선,시청,21331,19446
2022-12-24,1호선,서울역,41027,41093
2022-12-25,1호선,서울역,35763,34745
2022-12-25,1호선,시청,16900,14560
2022-12-25,1호선,종각,18853,15915
2022-12-25,1호선,종로3가,16483,15127
2022-12-25,1호선,종로5가,12788,12375
2022-12-25,1호선,동대문,10261,10939
2022-12-25,1호선,신설동,8005,7921
2022-12-25,1호선,제기동,9931,10340
2022-12-25,1호선,청량리,12830,13044
2022-12-25,1호선,동묘앞,10934,11069
2022-12-26,1호선,서울역,53674,50761
2022-12-26,1호선,시청,26518,26650
2022-12-26,1호선,종각,40193,38696
2022-12-26,1호선,종로3가,26582,24409
2022-12-26,1호선,종로5가,25976,25263
2022-12-26,1호선,동대문,11310,10751
2022-12-26,1호선,신설동,14048,13593
2022-12-26,1호선,제기동,17789,18137
2022-12-26,1호선,청량리,20217,20250
2022-12-26,1호선,동묘앞,7642,7825
2022-12-27,1호선,서울역,52705,50977
2022-12-27,1호선,시청,28147,28643
2022-12-27,1호선,종각,42389,41224
2022-12-27,1호선,종로3가,29159,26711
2022-12-27,1호선,종로5가,27207,26303
2022-12-27,1호선,동대문,11957,11237
2022-12-27,1호선,신설동,14150,13741
2022-12-27,1호선,제기동,18906,19457
2022-12-27,1호선,청량리,20803,21051
2022-12-27,1호선,동묘앞,7996,8234
2022-12-28,1호선,동묘앞,7942,8090
2022-12-28,1호선,청량리,20631,20473
2022-12-28,1호선,제기동,18701,18834
2022-12-28,1호선,신설동,14437,14090
2022-12-28,1호선,동대문,11844,11267
2022-12-28,1호선,종로5가,27916,27416
2022-12-28,1호선,종로3가,28601,26072
2022-12-28,1호선,종각,43050,41597
2022-12-28,1호선,시청,28575,29077
2022-12-28,1호선,서울역,53531,51826
2022-12-29,1호선,시청,27757,28423
2022-12-29,1호선,서울역,52937,52354
2022-12-29,1호선,종각,41319,40119
2022-12-29,1호선,종로3가,29170,26596
2022-12-29,1호선,종로5가,27301,27019
2022-12-29,1호선,동대문,12076,11182
2022-12-29,1호선,신설동,14464,13713
2022-12-29,1호선,제기동,18509,18667
2022-12-29,1호선,청량리,20305,20513
2022-12-29,1호선,동묘앞,8107,8378
2022-12-30,1호선,동묘앞,8633,8884
2022-12-30,1호선,청량리,21184,21199
2022-12-30,1호선,제기동,18927,19311
2022-12-30,1호선,신설동,14443,13440
2022-12-30,1호선,동대문,12171,11017
2022-12-30,1호선,종로5가,27648,27462
2022-12-30,1호선,종로3가,29723,28038
2022-12-30,1호선,종각,39419,38318
2022-12-30,1호선,시청,26963,27195
2022-12-30,1호선,서울역,53890,54534
2022-12-31,1호선,서울역,36443,38215
2022-12-31,1호선,시청,18545,18478
2022-12-31,1호선,종각,20964,24425
2022-12-31,1호선,종로3가,26194,23146
2022-12-31,1호선,종로5가,20939,20528
2022-12-31,1호선,동대문,10758,10907
2022-12-31,1호선,신설동,9193,8425
2022-12-31,1호선,제기동,15819,16370
2022-12-31,1호선,청량리,17172,18082
2022-12-31,1호선,동묘앞,10811,11307
2022-01-01,2호선,구로디지털단지,18363,18352
2022-01-01,2호선,신대방,11652,11727
2022-01-01,2호선,신림,29564,29162
2022-01-01,2호선,봉천,9207,8941
2022-01-01,2호선,서울대입구,20142,20315
2022-01-01,2호선,낙성대,11148,10973
2022-01-01,2호선,사당,15292,16173
2022-01-01,2호선,방배,4297,4484
2022-01-01,2호선,서초,4010,3348
2022-01-01,2호선,교대,6678,7333
2022-01-01,2호선,강남,26200,24977
2022-01-01,2호선,역삼,8239,8524
2022-01-01,2호선,선릉,9197,7746
2022-01-01,2호선,삼성,15003,13937
2022-01-01,2호선,종합운동장,3428,3504
2022-01-01,2호선,잠실새내,8404,8750
2022-01-01,2호선,잠실,35454,33619
2022-01-01,2호선,잠실나루,3594,3660
2022-01-01,2호선,강변,14225,13711
2022-01-01,2호선,구의,8872,8862
2022-01-01,2호선,건대입구,21954,23039
2022-01-01,2호선,성수,9220,10042
2022-01-01,2호선,뚝섬,6067,5964
2022-01-01,2호선,한양대,1359,1517
2022-01-01,2호선,왕십리,6953,6214
2022-01-01,2호선,상왕십리,5212,5043
2022-01-01,2호선,신당,6015,6529
2022-01-01,2호선,동대문역사문화공원,5620,6213
2022-01-01,2호선,을지로4가,2568,2350
2022-01-01,2호선,을지로3가,5883,5290
2022-01-01,2호선,을지로입구,10825,9485
2022-01-01,2호선,시청,4137,2961
2022-01-01,2호선,이대,4692,4938
2022-01-01,2호선,신촌,15120,14485
2022-01-01,2호선,홍대입구,38842,38438
2022-01-01,2호선,합정,13993,14840
2022-01-01,2호선,당산,6288,7044
2022-01-01,2호선,영등포구청,5631,5554
2022-01-01,2호선,문래,5480,5672
2022-01-01,2호선,신도림,18150,18655
2022-01-01,2호선,대림,10717,11703
2022-01-01,2호선,아현,3624,3682
2022-01-01,2호선,충정로,2661,2761
2022-01-01,2호선,용답,1334,1385
2022-01-01,2호선,신답,512,551
2022-01-01,2호선,신설동,1801,1806
2022-01-01,2호선,도림천,332,348
2022-01-01,2호선,양천구청,2299,2518
2022-01-01,2호선,신정네거리,3834,4073
2022-01-01,2호선,용두,889,882
2022-01-02,2호선,시청,4292,3507
2022-01-02,2호선,용두,957,998
2022-01-02,2호선,신정네거리,4437,4479
2022-01-02,2호선,양천구청,2756,2825
2022-01-02,2호선,도림천,379,418
2022-01-02,2호선,신설동,2298,2550
2022-01-02,2호선,신답,602,633
2022-01-02,2호선,용답,1387,1507
2022-01-02,2호선,충정로,2847,3021
2022-01-02,2호선,아현,4335,4418
2022-01-02,2호선,이대,5374,6263
2022-01-02,2호선,신촌,17755,17927
2022-01-02,2호선,홍대입구,39667,39606
2022-01-02,2호선,합정,16022,16990
2022-01-02,2호선,당산,6727,7314
2022-01-02,2호선,영등포구청,6306,6771
2022-01-02,2호선,문래,5972,6236
2022-01-02,2호선,신도림,21220,21784
2022-01-02,2호선,대림,11906,12223
2022-01-02,2호선,구로디지털단지,19473,20224
2022-01-02,2호선,신대방,12379,12956
2022-01-02,2호선,신림,30662,32909
2022-01-02,2호선,봉천,9799,10421
2022-01-02,2호선,서울대입구,21118,23761
2022-01-02,2호선,낙성대,12310,14112
2022-01-02,2호선,사당,16722,18540
2022-01-02,2호선,방배,5546,5866
2022-01-02,2호선,서초,9894,9108
2022-01-02,2호선,교대,8357,9224
2022-01-02,2호선,강남,28851,27608
2022-01-02,2호선,역삼,9117,10127
2022-01-02,2호선,선릉,9592,8449
2022-01-02,2호선,삼성,17182,16571
2022-01-02,2호선,종합운동장,4138,4560
2022-01-02,2호선,잠실새내,9297,9781
2022-01-02,2호선,잠실,41857,38814
2022-01-02,2호선,잠실나루,4344,4411
2022-01-02,2호선,강변,19839,16427
2022-01-02,2호선,구의,9237,9886
2022-01-02,2호선,건대입구,22711,24285
2022-01-02,2호선,성수,10290,11533
2022-01-02,2호선,뚝섬,7108,7317
2022-01-02,2호선,한양대,1657,1862
2022-01-02,2호선,왕십리,7469,7281
2022-01-02,2호선,상왕십리,5766,6122
2022-01-02,2호선,신당,6697,7268
2022-01-02,2호선,동대문역사문화공원,6265,6923
2022-01-02,2호선,을지로4가,2417,2334
2022-01-02,2호선,을지로3가,6412,6183
2022-01-02,2호선,을지로입구,15144,14139
2022-01-03,2호선,성수,35943,38199
2022-01-03,2호선,뚝섬,20279,21873
2022-01-03,2호선,한양대,6307,6803
2022-01-03,2호선,왕십리,14002,12003
2022-01-03,2호선,상왕십리,13203,13173
2022-01-03,2호선,신당,12336,12754
2022-01-03,2호선,동대문역사문화공원,9536,11120
2022-01-03,2호선,을지로4가,12086,11988
2022-01-03,2호선,을지로3가,21408,21158
2022-01-03,2호선,을지로입구,37348,37786
2022-01-03,2호선,시청,21695,20941
2022-01-03,2호선,건대입구,31439,33647
2022-01-03,2호선,구의,22114,22275
2022-01-03,2호선,강변,28008,26207
2022-01-03,2호선,잠실나루,13491,13268
2022-01-03,2호선,잠실,61246,61197
2022-01-03,2호선,잠실새내,19471,19395
2022-01-03,2호선,종합운동장,6785,7225
2022-01-03,2호선,삼성,49525,49218
2022-01-03,2호선,선릉,54376,47992
2022-01-03,2호선,역삼,51818,56662
2022-01-03,2호선,강남,82703,79988
2022-01-03,2호선,교대,30745,34149
2022-01-03,2호선,서초,19508,18809
2022-01-03,2호선,방배,15296,15833
2022-01-03,2호선,사당,31943,35058
2022-01-03,2호선,낙성대,24670,24935
2022-01-03,2호선,서울대입구,43068,41647
2022-01-03,2호선,봉천,22172,21130
2022-01-03,2호선,신림,58307,57981
2022-01-03,2호선,신대방,24818,24584
2022-01-03,2호선,구로디지털단지,57836,58202
2022-01-03,2호선,대림,22887,23296
2022-01-03,2호선,신도림,43237,42563
2022-01-03,2호선,문래,20546,20798
2022-01-03,2호선,영등포구청,21964,22510
2022-01-03,2호선,당산,16916,19766
2022-01-03,2호선,합정,27568,28398
2022-01-03,2호선,홍대입구,46517,47843
2022-01-03,2호선,신촌,29737,30693
2022-01-03,2호선,이대,11485,12493
2022-01-03,2호선,아현,9245,8964
2022-01-03,2호선,충정로,9327,9866
2022-01-03,2호선,용답,2440,2510
2022-01-03,2호선,신답,1544,1840
2022-01-03,2호선,신설동,2976,3215
2022-01-03,2호선,도림천,1379,1425
2022-01-03,2호선,양천구청,6433,6816
2022-01-03,2호선,신정네거리,9778,10164
2022-01-03,2호선,용두,2135,2265
2022-01-04,2호선,시청,23070,22229
2022-01-04,2호선,을지로입구,38512,38923
2022-01-04,2호선,을지로3가,22074,21874
2022-01-04,2호선,을지로4가,12787,12559
2022-01-04,2호선,동대문역사문화공원,10556,11804
2022-01-04,2호선,신당,12945,13351
2022-01-04,2호선,상왕십리,13619,13485
2022-01-04,2호선,왕십리,14276,12336
2022-01-04,2호선,한양대,6505,6818
2022-01-04,2호선,뚝섬,21197,22717
2022-01-04,2호선,성수,37495,40038
2022-01-04,2호선,건대입구,32452,34172
2022-01-04,2호선,구의,22797,22551
2022-01-04,2호선,강변,28104,26741
2022-01-04,2호선,잠실나루,14197,13780
2022-01-04,2호선,잠실,64568,64231
2022-01-04,2호선,잠실새내,20190,19848
2022-01-04,2호선,종합운동장,6612,7023
2022-01-04,2호선,삼성,50807,50835
2022-01-04,2호선,선릉,56679,50209
2022-01-04,2호선,역삼,54233,59720
2022-01-04,2호선,강남,85529,82798
2022-01-04,2호선,교대,32445,36201
2022-01-04,2호선,서초,20690,20106
2022-01-04,2호선,방배,15859,16496
2022-01-04,2호선,사당,34043,36815
2022-01-04,2호선,낙성대,25784,25657
2022-01-04,2호선,서울대입구,45023,41320
2022-01-04,2호선,봉천,22886,21599
2022-01-04,2호선,신림,60080,59323
2022-01-04,2호선,신대방,25371,24933
2022-01-04,2호선,구로디지털단지,58965,59323
2022-01-04,2호선,대림,23123,23660
2022-01-04,2호선,신도림,45116,44238
2022-01-04,2호선,문래,21153,21415
2022-01-04,2호선,영등포구청,22593,22925
2022-01-04,2호선,당산,17526,20400
2022-01-04,2호선,합정,29103,29992
2022-01-04,2호선,홍대입구,49289,49959
2022-01-04,2호선,신촌,30824,31535
2022-01-04,2호선,이대,11844,12715
2022-01-04,2호선,충정로,9570,10005
2022-01-04,2호선,용답,2558,2563
2022-01-04,2호선,신답,1618,1915
2022-01-04,2호선,신설동,3011,3166
2022-01-04,2호선,도림천,1391,1465
2022-01-04,2호선,양천구청,6620,7013
2022-01-04,2호선,신정네거리,10058,10468
2022-01-04,2호선,용두,2278,2314
2022-01-04,2호선,아현,9557,9266
2022-01-05,2호선,영등포구청,22749,23126
2022-01-05,2호선,당산,17847,20544
2022-01-05,2호선,합정,29420,30363
2022-01-05,2호선,홍대입구,50074,51299
2022-01-05,2호선,신촌,30378,31188
2022-01-05,2호선,이대,12165,12863
2022-01-05,2호선,아현,9670,9322
2022-01-05,2호선,충정로,9583,10242
2022-01-05,2호선,용답,2544,2648
2022-01-05,2호선,신답,1656,1899
2022-01-05,2호선,신설동,3043,3168
2022-01-05,2호선,도림천,1438,1433
2022-01-05,2호선,양천구청,6528,6946
2022-01-05,2호선,신정네거리,10021,10409
2022-01-05,2호선,용두,2287,2329
2022-01-05,2호선,시청,23273,22453
2022-01-05,2호선,을지로입구,38468,39075
2022-01-05,2호선,을지로3가,22568,22245
2022-01-05,2호선,을지로4가,12630,12434
2022-01-05,2호선,동대문역사문화공원,11270,12288
2022-01-05,2호선,신당,13019,13689
2022-01-05,2호선,상왕십리,13680,13352
2022-01-05,2호선,왕십리,14859,12789
2022-01-05,2호선,한양대,6340,6656
2022-01-05,2호선,뚝섬,21554,23189
2022-01-05,2호선,성수,37655,40372
2022-01-05,2호선,건대입구,33043,35323
2022-01-05,2호선,구의,23145,23105
2022-01-05,2호선,강변,28475,26833
2022-01-05,2호선,잠실나루,13910,13614
2022-01-05,2호선,잠실,64727,64090
2022-01-05,2호선,잠실새내,20336,20349
2022-01-05,2호선,종합운동장,6678,7048
2022-01-05,2호선,삼성,51327,51487
2022-01-05,2호선,선릉,57173,50828
2022-01-05,2호선,역삼,54128,59889
2022-01-05,2호선,강남,85391,82379
2022-01-05,2호선,교대,32733,36418
2022-01-05,2호선,서초,20910,20222
2022-01-05,2호선,방배,15866,16619
2022-01-05,2호선,사당,34666,37483
2022-01-05,2호선,낙성대,25887,25551
2022-01-05,2호선,서울대입구,45341,45364
2022-01-05,2호선,봉천,23214,21790
2022-01-05,2호선,신림,60772,59804
2022-01-05,2호선,신대방,25306,24891
2022-01-05,2호선,구로디지털단지,59242,59546
2022-01-05,2호선,대림,23052,23603
2022-01-05,2호선,신도림,45212,44424
2022-01-05,2호선,문래,21009,21382
2022-01-06,2호선,시청,23059,22320
2022-01-06,2호선,을지로입구,38778,39500
2022-01-06,2호선,을지로3가,22071,21925
2022-01-06,2호선,을지로4가,13009,12941
2022-01-06,2호선,동대문역사문화공원,11503,12788
2022-01-06,2호선,신당,13257,13645
2022-01-06,2호선,상왕십리,13966,13690
2022-01-06,2호선,왕십리,14976,12878
2022-01-06,2호선,한양대,6562,6864
2022-01-06,2호선,뚝섬,21789,23260
2022-01-06,2호선,성수,37858,40830
2022-01-06,2호선,건대입구,33545,35694
2022-01-06,2호선,구의,23268,22898
2022-01-06,2호선,강변,28693,27082
2022-01-06,2호선,잠실나루,14187,13784
2022-01-06,2호선,잠실,66777,66556
2022-01-06,2호선,잠실새내,20452,20278
2022-01-06,2호선,종합운동장,6923,7337
2022-01-06,2호선,삼성,51897,52051
2022-01-06,2호선,선릉,57573,51419
2022-01-06,2호선,역삼,54099,59750
2022-01-06,2호선,강남,86215,84876
2022-01-06,2호선,교대,32862,36863
2022-01-06,2호선,서초,21016,20475
2022-01-06,2호선,방배,15974,16705
2022-01-06,2호선,사당,35198,38257
2022-01-06,2호선,낙성대,26386,26019
2022-01-06,2호선,서울대입구,45738,45341
2022-01-06,2호선,봉천,23149,21742
2022-01-06,2호선,신림,61525,60435
2022-01-06,2호선,신대방,25768,25322
2022-01-06,2호선,구로디지털단지,59838,59844
2022-01-06,2호선,대림,22873,23441
2022-01-06,2호선,신도림,45958,45152
2022-01-06,2호선,문래,21285,21568
2022-01-06,2호선,영등포구청,22693,23193
2022-01-06,2호선,당산,17993,20798
2022-01-06,2호선,합정,30267,31207
2022-01-06,2호선,홍대입구,52648,53736
2022-01-06,2호선,신촌,31426,32056
2022-01-06,2호선,이대,11983,12783
2022-01-06,2호선,아현,9623,9234
2022-01-06,2호선,충정로,9581,10007
2022-01-06,2호선,용답,2556,2561
2022-01-06,2호선,신답,1631,1879
2022-01-06,2호선,신설동,3150,3304
2022-01-06,2호선,도림천,1366,1414
2022-01-06,2호선,양천구청,6599,7084
2022-01-06,2호선,신정네거리,10014,10393
2022-01-06,2호선,용두,2369,2475
2022-01-07,2호선,강남,90564,89305
2022-01-07,2호선,강변,30382,29500
2022-01-07,2호선,건대입구,35800,38542
2022-01-07,2호선,교대,33746,37815
2022-01-07,2호선,구로디지털단지,60359,60335
2022-01-07,2호선,구의,23939,23552
2022-01-07,2호선,낙성대,27262,25906
2022-01-07,2호선,당산,18231,21128
2022-01-07,2호선,대림,23470,23930
2022-01-07,2호선,도림천,1402,1436
2022-01-07,2호선,동대문역사문화공원,11715,13114
2022-01-07,2호선,뚝섬,22117,23461
2022-01-07,2호선,문래,21239,21538
2022-01-07,2호선,방배,16036,16883
2022-01-07,2호선,봉천,23682,21644
2022-01-07,2호선,사당,36489,39801
2022-01-07,2호선,삼성,52489,51923
2022-01-07,2호선,상왕십리,14213,13699
2022-01-07,2호선,서울대입구,47992,46891
2022-01-07,2호선,서초,20789,19949
2022-01-07,2호선,선릉,57994,51049
2022-01-07,2호선,성수,37819,40772
2022-01-07,2호선,시청,22937,22052
2022-01-07,2호선,신답,1687,1876
2022-01-07,2호선,신당,13587,14258
2022-01-07,2호선,신대방,26247,25659
2022-01-07,2호선,신도림,47620,47339
2022-01-07,2호선,신림,62877,61917
2022-01-07,2호선,신설동,3522,3708
2022-01-07,2호선,신정네거리,10327,10859
2022-01-07,2호선,신촌,32789,33582
2022-01-07,2호선,아현,9899,9562
2022-01-07,2호선,양천구청,6775,7161
2022-01-07,2호선,역삼,52991,58173
2022-01-07,2호선,영등포구청,22864,23363
2022-01-07,2호선,왕십리,15674,13798
2022-01-07,2호선,용답,2621,2577
2022-01-07,2호선,용두,2419,2510
2022-01-07,2호선,을지로3가,21978,21980
2022-01-07,2호선,을지로4가,13069,13020
2022-01-07,2호선,을지로입구,39302,39862
2022-01-07,2호선,이대,12498,13094
2022-01-07,2호선,잠실,69885,69051
2022-01-07,2호선,잠실나루,14385,13647
2022-01-07,2호선,잠실새내,21514,21877
2022-01-07,2호선,종합운동장,7366,7834
2022-01-07,2호선,충정로,9560,10091
2022-01-07,2호선,한양대,6739,6869
2022-01-07,2호선,합정,31769,33136
2022-01-07,2호선,홍대입구,57310,59625
2022-01-08,2호선,시청,7036,6120
2022-01-08,2호선,을지로입구,20983,20590
2022-01-08,2호선,을지로3가,9928,9819
2022-01-08,2호선,을지로4가,7145,6973
2022-01-08,2호선,동대문역사문화공원,9530,10453
2022-01-08,2호선,신당,10320,10886
2022-01-08,2호선,상왕십리,9222,8674
2022-01-08,2호선,왕십리,12464,11065
2022-01-08,2호선,한양대,6538,6293
2022-01-08,2호선,뚝섬,12587,12859
2022-01-08,2호선,성수,17929,19777
2022-01-08,2호선,건대입구,32797,34819
2022-01-08,2호선,구의,15359,15137
2022-01-08,2호선,강변,23294,23124
2022-01-08,2호선,잠실나루,6888,6758
2022-01-08,2호선,잠실,60847,58266
2022-01-08,2호선,잠실새내,15595,16228
2022-01-08,2호선,종합운동장,4951,5426
2022-01-08,2호선,삼성,27958,27740
2022-01-08,2호선,선릉,22333,19574
2022-01-08,2호선,역삼,18233,19880
2022-01-08,2호선,강남,60515,59780
2022-01-08,2호선,교대,15895,17914
2022-01-08,2호선,서초,10377,8809
2022-01-08,2호선,방배,9138,9411
2022-01-08,2호선,사당,28402,31021
2022-01-08,2호선,낙성대,19755,18538
2022-01-08,2호선,서울대입구,36134,34927
2022-01-08,2호선,봉천,16146,15061
2022-01-08,2호선,신림,47240,45940
2022-01-08,2호선,신대방,18637,18169
2022-01-08,2호선,구로디지털단지,32316,31994
2022-01-08,2호선,대림,16817,17773
2022-01-08,2호선,신도림,36645,37148
2022-01-08,2호선,문래,11239,11732
2022-01-08,2호선,영등포구청,11818,12321
2022-01-08,2호선,당산,11426,12499
2022-01-08,2호선,합정,26459,28046
2022-01-08,2호선,홍대입구,58826,62640
2022-01-08,2호선,신촌,27651,27604
2022-01-08,2호선,이대,9073,9691
2022-01-08,2호선,아현,6545,6335
2022-01-08,2호선,충정로,5107,5317
2022-01-08,2호선,용답,1993,1994
2022-01-08,2호선,신답,932,1027
2022-01-08,2호선,신설동,3201,3326
2022-01-08,2호선,도림천,718,800
2022-01-08,2호선,양천구청,4102,4253
2022-01-08,2호선,신정네거리,6923,6912
2022-01-08,2호선,용두,1696,1639
2022-01-09,2호선,시청,5038,4060
2022-01-09,2호선,을지로입구,14927,13853
2022-01-09,2호선,을지로3가,7390,6971
2022-01-09,2호선,을지로4가,3152,2996
2022-01-09,2호선,동대문역사문화공원,6773,8202
2022-01-09,2호선,신당,7318,7725
2022-01-09,2호선,상왕십리,6231,6251
2022-01-09,2호선,왕십리,8510,7814
2022-01-09,2호선,한양대,1987,2154
2022-01-09,2호선,뚝섬,9329,9360
2022-01-09,2호선,성수,12457,13292
2022-01-09,2호선,건대입구,24608,25544
2022-01-09,2호선,구의,10463,10625
2022-01-09,2호선,강변,18185,17425
2022-01-09,2호선,잠실나루,4569,4816
2022-01-09,2호선,잠실,44557,41825
2022-01-09,2호선,잠실새내,10103,10363
2022-01-09,2호선,종합운동장,4006,4599
2022-01-09,2호선,삼성,20078,19485
2022-01-09,2호선,선릉,12572,10627
2022-01-09,2호선,역삼,11034,12091
2022-01-09,2호선,강남,33870,32354
2022-01-09,2호선,교대,9310,10445
2022-01-09,2호선,서초,10610,9796
2022-01-09,2호선,방배,6284,6667
2022-01-09,2호선,사당,19329,21450
2022-01-09,2호선,낙성대,14282,14736
2022-01-09,2호선,서울대입구,25168,26033
2022-01-09,2호선,봉천,11298,11176
2022-01-09,2호선,신림,34676,33117
2022-01-09,2호선,신대방,13847,13732
2022-01-09,2호선,구로디지털단지,21940,21522
2022-01-09,2호선,대림,12846,13140
2022-01-09,2호선,신도림,25126,25449
2022-01-09,2호선,문래,6785,7046
2022-01-09,2호선,영등포구청,7202,7598
2022-01-09,2호선,당산,7604,8252
2022-01-09,2호선,합정,19238,19963
2022-01-09,2호선,홍대입구,45921,44982
2022-01-09,2호선,신촌,20239,19566
2022-01-09,2호선,이대,6310,6983
2022-01-09,2호선,아현,4693,4731
2022-01-09,2호선,충정로,3400,3725
2022-01-09,2호선,용답,1521,1500
2022-01-09,2호선,신답,701,759
2022-01-09,2호선,신설동,2837,3072
2022-01-09,2호선,도림천,407,402
2022-01-09,2호선,양천구청,2941,3085
2022-01-09,2호선,신정네거리,4777,4884
2022-01-09,2호선,용두,959,937
2022-01-10,2호선,용두,2335,2423
2022-01-10,2호선,신정네거리,10033,10417
2022-01-10,2호선,양천구청,6670,7054
2022-01-10,2호선,도림천,1389,1461
2022-01-10,2호선,신설동,3143,3238
2022-01-10,2호선,신답,1647,1907
2022-01-10,2호선,용답,2527,2617
2022-01-10,2호선,충정로,9610,10025
2022-01-10,2호선,이대,11878,12798
2022-01-10,2호선,신촌,30818,31574
2022-01-10,2호선,홍대입구,49806,50788
2022-01-10,2호선,합정,29018,29899
2022-01-10,2호선,당산,17617,20631
2022-01-10,2호선,영등포구청,22973,23544
2022-01-10,2호선,문래,21304,21584
2022-01-10,2호선,신도림,44858,44104
2022-01-10,2호선,대림,23362,23746
2022-01-10,2호선,구로디지털단지,59721,60233
2022-01-10,2호선,신대방,25638,25207
2022-01-10,2호선,신림,60732,57854
2022-01-10,2호선,봉천,23478,22286
2022-01-10,2호선,서울대입구,45273,45262
2022-01-10,2호선,낙성대,25884,25552
2022-01-10,2호선,사당,34247,37503
2022-01-10,2호선,방배,15813,16478
2022-01-10,2호선,서초,20922,20208
2022-01-10,2호선,교대,33745,37667
2022-01-10,2호선,강남,86972,84796
2022-01-10,2호선,역삼,54281,60073
2022-01-10,2호선,선릉,58395,51412
2022-01-10,2호선,삼성,50835,51226
2022-01-10,2호선,종합운동장,6766,7430
2022-01-10,2호선,잠실새내,20365,20491
2022-01-10,2호선,잠실,64779,64626
2022-01-10,2호선,잠실나루,14176,13873
2022-01-10,2호선,강변,28965,27517
2022-01-10,2호선,구의,23013,23157
2022-01-10,2호선,건대입구,32965,34829
2022-01-10,2호선,성수,36921,39531
2022-01-10,2호선,뚝섬,20742,22246
2022-01-10,2호선,한양대,6502,6873
2022-01-10,2호선,왕십리,14365,12333
2022-01-10,2호선,상왕십리,13596,13349
2022-01-10,2호선,신당,13102,13557
2022-01-10,2호선,동대문역사문화공원,10729,11951
2022-01-10,2호선,을지로4가,12898,12759
2022-01-10,2호선,을지로3가,21930,21833
2022-01-10,2호선,을지로입구,37862,38295
2022-01-10,2호선,시청,22481,21847
2022-01-10,2호선,아현,9578,9292
2022-01-11,2호선,용두,2258,2377
2022-01-11,2호선,신정네거리,9944,10403
2022-01-11,2호선,양천구청,6690,7114
2022-01-11,2호선,도림천,1412,1504
2022-01-11,2호선,신설동,3225,3225
2022-01-11,2호선,신답,1620,1862
2022-01-11,2호선,용답,2461,2519
2022-01-11,2호선,충정로,9885,10301
2022-01-11,2호선,아현,9978,9814
2022-01-11,2호선,이대,12099,12874
2022-01-11,2호선,신촌,31621,32118
2022-01-11,2호선,홍대입구,51041,51762
2022-01-11,2호선,합정,29837,30798
2022-01-11,2호선,당산,17596,20540
2022-01-11,2호선,영등포구청,23515,23729
2022-01-11,2호선,문래,21732,21966
2022-01-11,2호선,신도림,45109,44212
2022-01-11,2호선,대림,22680,23428
2022-01-11,2호선,구로디지털단지,60101,60296
2022-01-11,2호선,신대방,25584,25168
2022-01-11,2호선,신림,61582,60628
2022-01-11,2호선,봉천,23283,22028
2022-01-11,2호선,서울대입구,46100,45564
2022-01-11,2호선,낙성대,26331,25885
2022-01-11,2호선,사당,35225,38314
2022-01-11,2호선,방배,16287,16982
2022-01-11,2호선,서초,21757,21027
2022-01-11,2호선,교대,34511,38936
2022-01-11,2호선,강남,89258,87157
2022-01-11,2호선,역삼,56681,61648
2022-01-11,2호선,선릉,58922,52472
2022-01-11,2호선,삼성,52846,52687
2022-01-11,2호선,종합운동장,7443,7874
2022-01-11,2호선,잠실새내,20892,20772
2022-01-11,2호선,잠실,66829,66520
2022-01-11,2호선,잠실나루,14215,14055
2022-01-11,2호선,강변,27964,26547
2022-01-11,2호선,구의,23454,23366
2022-01-11,2호선,건대입구,33189,34920
2022-01-11,2호선,성수,38340,40973
2022-01-11,2호선,뚝섬,21718,23229
2022-01-11,2호선,한양대,6698,7035
2022-01-11,2호선,왕십리,15001,12693
2022-01-11,2호선,상왕십리,13856,13681
2022-01-11,2호선,신당,13148,13825
2022-01-11,2호선,동대문역사문화공원,11135,12295
2022-01-11,2호선,을지로4가,12774,12479
2022-01-11,2호선,을지로3가,22540,22165
2022-01-11,2호선,을지로입구,38296,39285
2022-01-11,2호선,시청,23778,22743
2022-01-12,2호선,시청,23644,22461
2022-01-12,2호선,을지로입구,38799,39363
2022-01-12,2호선,을지로3가,22675,22200
2022-01-12,2호선,을지로4가,12731,12322
2022-01-12,2호선,동대문역사문화공원,11302,12387
2022-01-12,2호선,신당,12979,13643
2022-01-12,2호선,상왕십리,13705,13556
2022-01-12,2호선,왕십리,14997,12498
2022-01-12,2호선,한양대,6882,7276
2022-01-12,2호선,뚝섬,21727,23392
2022-01-12,2호선,성수,38123,40786
2022-01-12,2호선,건대입구,33270,35293
2022-01-12,2호선,구의,23183,22949
2022-01-12,2호선,강변,28552,27023
2022-01-12,2호선,잠실나루,14140,13580
2022-01-12,2호선,잠실,67271,67606
2022-01-12,2호선,잠실새내,20648,20412
2022-01-12,2호선,종합운동장,6858,7414
2022-01-12,2호선,삼성,52432,52235
2022-01-12,2호선,선릉,57818,51313
2022-01-12,2호선,역삼,55474,60647
2022-01-12,2호선,강남,87834,85411
2022-01-12,2호선,교대,34409,38731
2022-01-12,2호선,서초,21500,20659
2022-01-12,2호선,방배,16089,16860
2022-01-12,2호선,사당,35068,38291
2022-01-12,2호선,낙성대,26189,25682
2022-01-12,2호선,서울대입구,45617,45075
2022-01-12,2호선,봉천,22923,21656
2022-01-12,2호선,신림,61441,60475
2022-01-12,2호선,신대방,25215,24792
2022-01-12,2호선,구로디지털단지,59366,59222
2022-01-12,2호선,대림,22714,23250
2022-01-12,2호선,신도림,45623,44751
2022-01-12,2호선,문래,21150,21525
2022-01-12,2호선,영등포구청,22668,23203
2022-01-12,2호선,당산,17593,20400
2022-01-12,2호선,합정,30220,30838
2022-01-12,2호선,홍대입구,51272,52155
2022-01-12,2호선,신촌,31179,31788
2022-01-12,2호선,이대,12061,12662
2022-01-12,2호선,아현,9560,9166
2022-01-12,2호선,충정로,9740,10259
2022-01-12,2호선,용답,2521,2565
2022-01-12,2호선,신답,1596,1939
2022-01-12,2호선,신설동,3237,3363
2022-01-12,2호선,도림천,1416,1451
2022-01-12,2호선,양천구청,6599,7022
2022-01-12,2호선,신정네거리,9869,10351
2022-01-12,2호선,용두,2200,2273
2022-01-13,2호선,용두,2259,2330
2022-01-13,2호선,신정네거리,9880,10380
2022-01-13,2호선,양천구청,6605,7078
2022-01-13,2호선,도림천,1365,1443
2022-01-13,2호선,신설동,3367,3392
2022-01-13,2호선,신답,1572,1895
2022-01-13,2호선,용답,2525,2582
2022-01-13,2호선,충정로,9663,10144
2022-01-13,2호선,아현,9618,9537
2022-01-13,2호선,이대,12298,12871
2022-01-13,2호선,신촌,31604,32315
2022-01-13,2호선,홍대입구,53135,54210
2022-01-13,2호선,합정,30694,31763
2022-01-13,2호선,당산,17490,20448
2022-01-13,2호선,영등포구청,23034,23257
2022-01-13,2호선,문래,21365,21690
2022-01-13,2호선,신도림,46183,45513
2022-01-13,2호선,대림,22617,23078
2022-01-13,2호선,구로디지털단지,59515,59456
2022-01-13,2호선,신대방,25380,25027
2022-01-13,2호선,신림,61880,60695
2022-01-13,2호선,봉천,22802,21541
2022-01-13,2호선,서울대입구,46029,45163
2022-01-13,2호선,낙성대,26426,25964
2022-01-13,2호선,사당,35641,38657
2022-01-13,2호선,방배,15889,16837
2022-01-13,2호선,서초,21672,20956
2022-01-13,2호선,교대,34352,38733
2022-01-13,2호선,강남,88800,86176
2022-01-13,2호선,역삼,55616,60562
2022-01-13,2호선,선릉,57998,51795
2022-01-13,2호선,삼성,51985,52135
2022-01-13,2호선,종합운동장,6582,7215
2022-01-13,2호선,잠실새내,20632,20382
2022-01-13,2호선,잠실,67588,67405
2022-01-13,2호선,잠실나루,14198,13822
2022-01-13,2호선,강변,28413,27283
2022-01-13,2호선,구의,23147,23129
2022-01-13,2호선,건대입구,33964,36095
2022-01-13,2호선,성수,38518,41057
2022-01-13,2호선,뚝섬,22088,23662
2022-01-13,2호선,한양대,6760,6853
2022-01-13,2호선,왕십리,15055,12718
2022-01-13,2호선,상왕십리,13851,13833
2022-01-13,2호선,신당,12914,13585
2022-01-13,2호선,동대문역사문화공원,11315,12391
2022-01-13,2호선,을지로4가,13066,12785
2022-01-13,2호선,을지로3가,22475,22352
2022-01-13,2호선,을지로입구,39062,39814
2022-01-13,2호선,시청,23992,22778
2022-01-14,2호선,시청,23053,22076
2022-01-14,2호선,을지로입구,39190,39726
2022-01-14,2호선,을지로3가,22556,22689
2022-01-14,2호선,을지로4가,13161,12934
2022-01-14,2호선,동대문역사문화공원,11446,13031
2022-01-14,2호선,신당,13709,14421
2022-01-14,2호선,상왕십리,14259,13930
2022-01-14,2호선,왕십리,15777,13430
2022-01-14,2호선,한양대,6764,6975
2022-01-14,2호선,성수,38263,41347
2022-01-14,2호선,건대입구,35679,38014
2022-01-14,2호선,구의,23552,23510
2022-01-14,2호선,강변,30978,29889
2022-01-14,2호선,잠실나루,14157,13648
2022-01-14,2호선,잠실,69692,69282
2022-01-14,2호선,잠실새내,21680,21941
2022-01-14,2호선,종합운동장,7078,7512
2022-01-14,2호선,삼성,51995,51864
2022-01-14,2호선,선릉,57531,51023
2022-01-14,2호선,역삼,53225,58295
2022-01-14,2호선,강남,92109,89913
2022-01-14,2호선,교대,34541,39052
2022-01-14,2호선,서초,21426,20497
2022-01-14,2호선,방배,16412,16989
2022-01-14,2호선,사당,36555,39892
2022-01-14,2호선,낙성대,27023,25862
2022-01-14,2호선,서울대입구,47768,46476
2022-01-14,2호선,봉천,23410,21848
2022-01-14,2호선,신림,63065,61543
2022-01-14,2호선,신대방,26186,25311
2022-01-14,2호선,구로디지털단지,59640,59669
2022-01-14,2호선,대림,23083,23589
2022-01-14,2호선,신도림,47111,46943
2022-01-14,2호선,문래,21296,21586
2022-01-14,2호선,영등포구청,22801,23284
2022-01-14,2호선,당산,18078,20907
2022-01-14,2호선,합정,32668,34199
2022-01-14,2호선,홍대입구,57559,59788
2022-01-14,2호선,신촌,32779,33398
2022-01-14,2호선,이대,12802,13430
2022-01-14,2호선,아현,9924,9579
2022-01-14,2호선,충정로,9688,10179
2022-01-14,2호선,용답,2593,2617
2022-01-14,2호선,신답,1642,1897
2022-01-14,2호선,신설동,3571,3605
2022-01-14,2호선,도림천,1371,1385
2022-01-14,2호선,양천구청,6683,7223
2022-01-14,2호선,용두,2459,2509
2022-01-14,2호선,뚝섬,22022,23586
2022-01-14,2호선,신정네거리,10205,10613
2022-01-15,2호선,용두,1749,1777
2022-01-15,2호선,신정네거리,7080,7216
2022-01-15,2호선,양천구청,4190,4298
2022-01-15,2호선,도림천,790,796
2022-01-15,2호선,신설동,3255,3267
2022-01-15,2호선,신답,964,1100
2022-01-15,2호선,용답,2008,2012
2022-01-15,2호선,충정로,5111,5547
2022-01-15,2호선,아현,6761,6644
2022-01-15,2호선,이대,9262,9650
2022-01-15,2호선,신촌,27741,27791
2022-01-15,2호선,홍대입구,63354,66211
2022-01-15,2호선,합정,27867,29613
2022-01-15,2호선,당산,11694,12807
2022-01-15,2호선,영등포구청,12719,13282
2022-01-15,2호선,문래,11697,12307
2022-01-15,2호선,신도림,37671,38059
2022-01-15,2호선,대림,16604,17688
2022-01-15,2호선,구로디지털단지,32413,31999
2022-01-15,2호선,신대방,18666,18174
2022-01-15,2호선,신림,48103,46495
2022-01-15,2호선,봉천,16295,15314
2022-01-15,2호선,서울대입구,35833,34722
2022-01-15,2호선,낙성대,20144,18983
2022-01-15,2호선,사당,28815,31814
2022-01-15,2호선,방배,9099,9284
2022-01-15,2호선,서초,9988,8503
2022-01-15,2호선,교대,16184,18197
2022-01-15,2호선,강남,61843,60249
2022-01-15,2호선,역삼,18875,20783
2022-01-15,2호선,선릉,23308,20365
2022-01-15,2호선,삼성,28176,28283
2022-01-15,2호선,종합운동장,4444,4732
2022-01-15,2호선,잠실새내,15786,16071
2022-01-15,2호선,잠실,60696,58670
2022-01-15,2호선,잠실나루,6753,6702
2022-01-15,2호선,강변,24067,23498
2022-01-15,2호선,구의,15604,15382
2022-01-15,2호선,건대입구,33201,35238
2022-01-15,2호선,성수,19032,21324
2022-01-15,2호선,뚝섬,13308,12946
2022-01-15,2호선,한양대,3350,3440
2022-01-15,2호선,왕십리,12259,10647
2022-01-15,2호선,상왕십리,9184,8953
2022-01-15,2호선,신당,10331,10976
2022-01-15,2호선,동대문역사문화공원,10174,11352
2022-01-15,2호선,을지로4가,7091,7263
2022-01-15,2호선,을지로3가,10079,10075
2022-01-15,2호선,을지로입구,20171,19951
2022-01-15,2호선,시청,7655,6573
2022-01-16,2호선,시청,5505,4399
2022-01-16,2호선,을지로입구,14962,13908
2022-01-16,2호선,을지로3가,7813,7333
2022-01-16,2호선,을지로4가,3299,3104
2022-01-16,2호선,동대문역사문화공원,7680,8783
2022-01-16,2호선,신당,7750,8216
2022-01-16,2호선,상왕십리,6472,6525
2022-01-16,2호선,왕십리,9397,8149
2022-01-16,2호선,한양대,3167,3256
2022-01-16,2호선,뚝섬,9447,9605
2022-01-16,2호선,성수,13839,14648
2022-01-16,2호선,건대입구,25753,26300
2022-01-16,2호선,구의,10838,11075
2022-01-16,2호선,강변,18633,18432
2022-01-16,2호선,잠실나루,4683,4844
2022-01-16,2호선,잠실,47523,44419
2022-01-16,2호선,잠실새내,10481,10662
2022-01-16,2호선,종합운동장,3562,3866
2022-01-16,2호선,삼성,19624,18701
2022-01-16,2호선,선릉,12606,10737
2022-01-16,2호선,역삼,11803,12699
2022-01-16,2호선,강남,35106,32806
2022-01-16,2호선,교대,9862,10929
2022-01-16,2호선,서초,11220,10359
2022-01-16,2호선,방배,6262,6766
2022-01-16,2호선,사당,20188,21859
2022-01-16,2호선,낙성대,14558,15143
2022-01-16,2호선,서울대입구,25843,26565
2022-01-16,2호선,봉천,11421,11409
2022-01-16,2호선,신림,35219,35149
2022-01-16,2호선,신대방,14041,13784
2022-01-16,2호선,구로디지털단지,22203,22088
2022-01-16,2호선,대림,12922,13107
2022-01-16,2호선,신도림,25969,26243
2022-01-16,2호선,문래,7492,7700
2022-01-16,2호선,영등포구청,7462,8112
2022-01-16,2호선,당산,7602,8251
2022-01-16,2호선,합정,20404,21398
2022-01-16,2호선,홍대입구,49697,48109
2022-01-16,2호선,신촌,20928,20001
2022-01-16,2호선,이대,6231,6835
2022-01-16,2호선,아현,4821,4879
2022-01-16,2호선,충정로,3636,3917
2022-01-16,2호선,용답,1515,1540
2022-01-16,2호선,신답,691,742
2022-01-16,2호선,신설동,3054,3101
2022-01-16,2호선,도림천,413,447
2022-01-16,2호선,양천구청,3011,3237
2022-01-16,2호선,신정네거리,4979,4934
2022-01-16,2호선,용두,1133,1153
2022-01-17,2호선,당산,17546,20313
2022-01-17,2호선,삼성,53146,52136
2022-01-17,2호선,선릉,59123,51712
2022-01-17,2호선,역삼,56428,60587
2022-01-17,2호선,강남,88930,85584
2022-01-17,2호선,교대,34233,38193
2022-01-17,2호선,서초,21605,20490
2022-01-17,2호선,방배,15842,16561
2022-01-17,2호선,사당,34328,37450
2022-01-17,2호선,낙성대,26064,26095
2022-01-17,2호선,아현,9613,9436
2022-01-17,2호선,시청,23726,22148
2022-01-17,2호선,을지로입구,38811,38719
2022-01-17,2호선,을지로3가,22599,21977
2022-01-17,2호선,을지로4가,13082,12763
2022-01-17,2호선,동대문역사문화공원,10651,11787
2022-01-17,2호선,신당,13035,13586
2022-01-17,2호선,상왕십리,13947,13984
2022-01-17,2호선,왕십리,14705,12345
2022-01-17,2호선,한양대,6873,7136
2022-01-17,2호선,뚝섬,21576,23084
2022-01-17,2호선,성수,38279,40288
2022-01-17,2호선,건대입구,33133,34967
2022-01-17,2호선,구의,22994,23412
2022-01-17,2호선,강변,28956,27826
2022-01-17,2호선,잠실나루,14241,13950
2022-01-17,2호선,잠실,64564,64198
2022-01-17,2호선,잠실새내,20672,20709
2022-01-17,2호선,종합운동장,6560,7353
2022-01-17,2호선,서울대입구,45578,45575
2022-01-17,2호선,봉천,23049,22130
2022-01-17,2호선,신림,61183,60578
2022-01-17,2호선,신대방,25558,25487
2022-01-17,2호선,구로디지털단지,59603,59983
2022-01-17,2호선,대림,23229,23905
2022-01-17,2호선,신도림,45311,44128
2022-01-17,2호선,문래,21661,21772
2022-01-17,2호선,영등포구청,23372,23785
2022-01-17,2호선,합정,29119,29771
2022-01-17,2호선,홍대입구,50570,51028
2022-01-17,2호선,신촌,31394,31773
2022-01-17,2호선,이대,12291,13001
2022-01-17,2호선,충정로,9849,10355
2022-01-17,2호선,용답,2583,2660
2022-01-17,2호선,신답,1625,1967
2022-01-17,2호선,신설동,3383,3380
2022-01-17,2호선,도림천,1482,1506
2022-01-17,2호선,양천구청,6722,7172
2022-01-17,2호선,신정네거리,10108,10739
2022-01-17,2호선,용두,2321,2465
2022-01-18,2호선,용두,2349,2404
2022-01-18,2호선,신정네거리,10205,10591
2022-01-18,2호선,양천구청,6974,7320
2022-01-18,2호선,도림천,1473,1600
2022-01-18,2호선,신설동,3107,3241
2022-01-18,2호선,신답,1654,1946
2022-01-18,2호선,용답,2569,2585
2022-01-18,2호선,충정로,9857,10302
2022-01-18,2호선,아현,9723,9511
2022-01-18,2호선,이대,12524,13144
2022-01-18,2호선,신촌,31556,32290
2022-01-18,2호선,홍대입구,51102,52065
2022-01-18,2호선,합정,29976,30890
2022-01-18,2호선,당산,18089,20852
2022-01-18,2호선,영등포구청,23506,24332
2022-01-18,2호선,문래,21682,22147
2022-01-18,2호선,신도림,46099,45475
2022-01-18,2호선,대림,23459,24048
2022-01-18,2호선,구로디지털단지,60453,60605
2022-01-18,2호선,신대방,25837,25414
2022-01-18,2호선,신림,62161,60911
2022-01-18,2호선,봉천,23526,22135
2022-01-18,2호선,서울대입구,46123,45611
2022-01-18,2호선,낙성대,26627,25955
2022-01-18,2호선,사당,35643,38624
2022-01-18,2호선,방배,16207,17181
2022-01-18,2호선,서초,22140,21453
2022-01-18,2호선,교대,35021,39443
2022-01-18,2호선,강남,89782,87751
2022-01-18,2호선,역삼,56528,62263
2022-01-18,2호선,선릉,59315,52714
2022-01-18,2호선,삼성,53289,53589
2022-01-18,2호선,종합운동장,6920,7489
2022-01-18,2호선,잠실새내,21149,20924
2022-01-18,2호선,잠실,67048,66552
2022-01-18,2호선,잠실나루,14619,14153
2022-01-18,2호선,강변,28947,27600
2022-01-18,2호선,구의,23893,23735
2022-01-18,2호선,건대입구,33338,35426
2022-01-18,2호선,성수,38592,41346
2022-01-18,2호선,뚝섬,22072,23824
2022-01-18,2호선,한양대,7083,7250
2022-01-18,2호선,왕십리,15150,12317
2022-01-18,2호선,상왕십리,14106,13867
2022-01-18,2호선,신당,13142,13481
2022-01-18,2호선,동대문역사문화공원,10984,12066
2022-01-18,2호선,을지로4가,13109,12858
2022-01-18,2호선,을지로3가,22623,22339
2022-01-18,2호선,을지로입구,39518,40395
2022-01-18,2호선,시청,24222,23215
2022-01-19,2호선,구로디지털단지,61216,61080
2022-01-19,2호선,신대방,25734,25379
2022-01-19,2호선,신림,62548,62373
2022-01-19,2호선,봉천,23578,22441
2022-01-19,2호선,서울대입구,47447,47107
2022-01-19,2호선,낙성대,26970,26458
2022-01-19,2호선,사당,36668,39637
2022-01-19,2호선,방배,16914,17669
2022-01-19,2호선,서초,23061,22260
2022-01-19,2호선,교대,36189,40801
2022-01-19,2호선,강남,90594,87403
2022-01-19,2호선,역삼,58313,63147
2022-01-19,2호선,선릉,60485,53015
2022-01-19,2호선,삼성,56330,55876
2022-01-19,2호선,종합운동장,7115,7694
2022-01-19,2호선,잠실새내,22025,21918
2022-01-19,2호선,잠실,69130,68694
2022-01-19,2호선,잠실나루,15639,14956
2022-01-19,2호선,강변,29387,27886
2022-01-19,2호선,구의,24245,24253
2022-01-19,2호선,건대입구,33779,35685
2022-01-19,2호선,성수,40186,42157
2022-01-19,2호선,뚝섬,22803,24211
2022-01-19,2호선,한양대,7195,7433
2022-01-19,2호선,왕십리,15848,12864
2022-01-19,2호선,상왕십리,14684,14348
2022-01-19,2호선,신당,13569,14258
2022-01-19,2호선,동대문역사문화공원,11433,12599
2022-01-19,2호선,을지로4가,13285,12794
2022-01-19,2호선,을지로3가,23900,23256
2022-01-19,2호선,을지로입구,40437,40534
2022-01-19,2호선,시청,25606,24139
2022-01-19,2호선,대림,23731,24232
2022-01-19,2호선,용두,2341,2502
2022-01-19,2호선,신정네거리,10493,10993
2022-01-19,2호선,양천구청,6940,7493
2022-01-19,2호선,도림천,1466,1540
2022-01-19,2호선,신설동,3479,3553
2022-01-19,2호선,신답,1651,2019
2022-01-19,2호선,용답,2582,2648
2022-01-19,2호선,충정로,10254,10704
2022-01-19,2호선,아현,9834,9750
2022-01-19,2호선,이대,12796,13518
2022-01-19,2호선,신촌,32495,33206
2022-01-19,2호선,홍대입구,51993,53039
2022-01-19,2호선,합정,31235,31814
2022-01-19,2호선,당산,18267,21182
2022-01-19,2호선,영등포구청,23894,24371
2022-01-19,2호선,문래,22663,22653
2022-01-19,2호선,신도림,47425,47296
2022-01-20,2호선,용두,2466,2522
2022-01-20,2호선,신정네거리,10298,10671
2022-01-20,2호선,양천구청,6930,7353
2022-01-20,2호선,도림천,1405,1482
2022-01-20,2호선,신설동,3392,3558
2022-01-20,2호선,신답,1673,1957
2022-01-20,2호선,용답,2727,2738
2022-01-20,2호선,충정로,9797,10328
2022-01-20,2호선,아현,9856,9584
2022-01-20,2호선,이대,12714,13357
2022-01-20,2호선,신촌,31946,33083
2022-01-20,2호선,홍대입구,53551,54651
2022-01-20,2호선,합정,31230,32291
2022-01-20,2호선,당산,18206,21111
2022-01-20,2호선,영등포구청,23554,24135
2022-01-20,2호선,문래,21923,22405
2022-01-20,2호선,신도림,47551,46788
2022-01-20,2호선,대림,23382,23917
2022-01-20,2호선,구로디지털단지,60461,60614
2022-01-20,2호선,신대방,26130,25583
2022-01-20,2호선,신림,63222,61648
2022-01-20,2호선,봉천,23769,22294
2022-01-20,2호선,서울대입구,47097,46244
2022-01-20,2호선,낙성대,26971,26307
2022-01-20,2호선,사당,36242,39568
2022-01-20,2호선,방배,16234,17152
2022-01-20,2호선,서초,22800,22220
2022-01-20,2호선,교대,35367,40064
2022-01-20,2호선,강남,89339,87282
2022-01-20,2호선,역삼,55561,61362
2022-01-20,2호선,선릉,58951,52645
2022-01-20,2호선,삼성,54633,55286
2022-01-20,2호선,종합운동장,7106,7525
2022-01-20,2호선,잠실새내,21335,21081
2022-01-20,2호선,잠실,68645,68286
2022-01-20,2호선,잠실나루,14754,14335
2022-01-20,2호선,강변,29369,27785
2022-01-20,2호선,구의,24105,23835
2022-01-20,2호선,건대입구,34628,36305
2022-01-20,2호선,성수,38950,42255
2022-01-20,2호선,뚝섬,22469,24453
2022-01-20,2호선,한양대,7056,7319
2022-01-20,2호선,왕십리,15655,12912
2022-01-20,2호선,상왕십리,14194,13999
2022-01-20,2호선,신당,13600,13993
2022-01-20,2호선,동대문역사문화공원,11510,12708
2022-01-20,2호선,을지로4가,13430,13335
2022-01-20,2호선,을지로3가,22777,22762
2022-01-20,2호선,을지로입구,40030,40815
2022-01-20,2호선,시청,24189,23385
2022-01-21,2호선,용두,2638,2632
2022-01-21,2호선,신정네거리,10491,10958
2022-01-21,2호선,양천구청,7020,7331
2022-01-21,2호선,도림천,1386,1443
2022-01-21,2호선,신설동,3684,3827
2022-01-21,2호선,신답,1701,1918
2022-01-21,2호선,용답,2731,2715
2022-01-21,2호선,충정로,9741,10424
2022-01-21,2호선,아현,10267,9775
2022-01-21,2호선,이대,13181,13798
2022-01-21,2호선,신촌,33381,34024
2022-01-21,2호선,홍대입구,56189,58740
2022-01-21,2호선,합정,33005,34126
2022-01-21,2호선,당산,18649,21227
2022-01-21,2호선,영등포구청,23396,24073
2022-01-21,2호선,문래,21519,22047
2022-01-21,2호선,신도림,48182,47848
2022-01-21,2호선,대림,23870,24356
2022-01-21,2호선,구로디지털단지,60224,60333
2022-01-21,2호선,신대방,26493,25795
2022-01-21,2호선,신림,64508,63198
2022-01-21,2호선,봉천,24029,22448
2022-01-21,2호선,서울대입구,48684,47559
2022-01-21,2호선,낙성대,27391,26265
2022-01-21,2호선,사당,38617,42109
2022-01-21,2호선,방배,16490,17151
2022-01-21,2호선,서초,22413,21602
2022-01-21,2호선,교대,35779,40689
2022-01-21,2호선,강남,92932,91167
2022-01-21,2호선,역삼,53947,59558
2022-01-21,2호선,선릉,57932,51335
2022-01-21,2호선,삼성,56085,56247
2022-01-21,2호선,종합운동장,7167,7738
2022-01-21,2호선,잠실새내,22169,22508
2022-01-21,2호선,잠실,70855,69615
2022-01-21,2호선,잠실나루,14987,14366
2022-01-21,2호선,강변,31486,30514
2022-01-21,2호선,구의,24357,24180
2022-01-21,2호선,건대입구,37184,39631
2022-01-21,2호선,성수,38604,41760
2022-01-21,2호선,뚝섬,23137,24339
2022-01-21,2호선,한양대,6751,6987
2022-01-21,2호선,왕십리,16154,13329
2022-01-21,2호선,상왕십리,14523,14192
2022-01-21,2호선,신당,14019,14446
2022-01-21,2호선,동대문역사문화공원,11723,13166
2022-01-21,2호선,을지로4가,13506,13335
2022-01-21,2호선,을지로3가,23140,22942
2022-01-21,2호선,을지로입구,39961,40586
2022-01-21,2호선,시청,23783,22915
2022-01-22,2호선,동대문역사문화공원,10063,10875
2022-01-22,2호선,용두,1802,1872
2022-01-22,2호선,신정네거리,7020,7207
2022-01-22,2호선,양천구청,4165,4338
2022-01-22,2호선,도림천,803,812
2022-01-22,2호선,신설동,3456,3578
2022-01-22,2호선,신답,983,1052
2022-01-22,2호선,용답,2034,2034
2022-01-22,2호선,충정로,5515,5854
2022-01-22,2호선,아현,7086,6639
2022-01-22,2호선,이대,9315,9935
2022-01-22,2호선,신촌,28813,29052
2022-01-22,2호선,홍대입구,63399,66290
2022-01-22,2호선,합정,28460,30303
2022-01-22,2호선,당산,11798,13361
2022-01-22,2호선,영등포구청,12760,13427
2022-01-22,2호선,문래,11744,12547
2022-01-22,2호선,신도림,38224,38760
2022-01-22,2호선,시청,8444,7588
2022-01-22,2호선,을지로입구,19913,19659
2022-01-22,2호선,을지로3가,10399,10307
2022-01-22,2호선,을지로4가,7337,7489
2022-01-22,2호선,대림,16973,18046
2022-01-22,2호선,구로디지털단지,33563,32984
2022-01-22,2호선,신대방,19185,18438
2022-01-22,2호선,신림,49464,48148
2022-01-22,2호선,봉천,17091,15840
2022-01-22,2호선,서울대입구,37320,36010
2022-01-22,2호선,낙성대,20642,19530
2022-01-22,2호선,사당,30064,32649
2022-01-22,2호선,방배,9610,10034
2022-01-22,2호선,서초,10639,8963
2022-01-22,2호선,교대,16627,18904
2022-01-22,2호선,강남,62465,61334
2022-01-22,2호선,역삼,18902,20767
2022-01-22,2호선,선릉,23672,20913
2022-01-22,2호선,삼성,32095,31891
2022-01-22,2호선,종합운동장,5841,6525
2022-01-22,2호선,잠실새내,16441,16867
2022-01-22,2호선,잠실,62632,59632
2022-01-22,2호선,잠실나루,7072,6924
2022-01-22,2호선,강변,24020,24002
2022-01-22,2호선,구의,16009,15875
2022-01-22,2호선,건대입구,33819,36161
2022-01-22,2호선,성수,19625,21745
2022-01-22,2호선,뚝섬,13542,13670
2022-01-22,2호선,한양대,3162,3182
2022-01-22,2호선,왕십리,12759,10681
2022-01-22,2호선,상왕십리,9668,9436
2022-01-22,2호선,신당,10598,11232
2022-01-23,2호선,시청,5496,4478
2022-01-23,2호선,을지로입구,14704,13696
2022-01-23,2호선,을지로3가,7844,7098
2022-01-23,2호선,을지로4가,3489,3283
2022-01-23,2호선,동대문역사문화공원,6795,8159
2022-01-23,2호선,신당,7702,8249
2022-01-23,2호선,상왕십리,6585,6569
2022-01-23,2호선,왕십리,8770,7440
2022-01-23,2호선,한양대,2244,2381
2022-01-23,2호선,뚝섬,10100,10174
2022-01-23,2호선,성수,13693,14782
2022-01-23,2호선,건대입구,26000,26891
2022-01-23,2호선,구의,11127,11341
2022-01-23,2호선,강변,18335,18291
2022-01-23,2호선,잠실나루,4828,4870
2022-01-23,2호선,잠실,46400,43069
2022-01-23,2호선,잠실새내,10373,10930
2022-01-23,2호선,종합운동장,3723,3948
2022-01-23,2호선,삼성,21348,20506
2022-01-23,2호선,선릉,12504,10935
2022-01-23,2호선,역삼,11486,12629
2022-01-23,2호선,강남,35304,33656
2022-01-23,2호선,교대,9695,10548
2022-01-23,2호선,서초,10906,9961
2022-01-23,2호선,방배,6479,6889
2022-01-23,2호선,사당,20511,22655
2022-01-23,2호선,낙성대,14937,15120
2022-01-23,2호선,서울대입구,25981,26328
2022-01-23,2호선,봉천,11753,11240
2022-01-23,2호선,신림,35605,35342
2022-01-23,2호선,신대방,14337,13949
2022-01-23,2호선,구로디지털단지,22260,21887
2022-01-23,2호선,대림,13772,14012
2022-01-23,2호선,신도림,26144,26681
2022-01-23,2호선,문래,7514,7800
2022-01-23,2호선,영등포구청,7427,7712
2022-01-23,2호선,당산,7942,8701
2022-01-23,2호선,합정,20462,21316
2022-01-23,2호선,홍대입구,48221,47073
2022-01-23,2호선,신촌,20815,19999
2022-01-23,2호선,이대,6505,6987
2022-01-23,2호선,아현,4975,5010
2022-01-23,2호선,충정로,3984,4224
2022-01-23,2호선,용답,1605,1698
2022-01-23,2호선,신답,764,802
2022-01-23,2호선,신설동,3018,3214
2022-01-23,2호선,도림천,438,481
2022-01-23,2호선,양천구청,3112,3189
2022-01-23,2호선,신정네거리,5110,5157
2022-01-23,2호선,용두,1174,1164
2022-01-24,2호선,한양대,6735,7138
2022-01-24,2호선,신대방,25842,25183
2022-01-24,2호선,신림,61664,60370
2022-01-24,2호선,봉천,23519,22260
2022-01-24,2호선,서울대입구,46284,46019
2022-01-24,2호선,낙성대,26305,25955
2022-01-24,2호선,사당,34740,37793
2022-01-24,2호선,방배,16018,16620
2022-01-24,2호선,서초,21833,21489
2022-01-24,2호선,교대,33998,38309
2022-01-24,2호선,강남,87455,85914
2022-01-24,2호선,역삼,54845,61050
2022-01-24,2호선,선릉,57972,51638
2022-01-24,2호선,삼성,51731,52110
2022-01-24,2호선,종합운동장,7851,8444
2022-01-24,2호선,잠실새내,20857,20648
2022-01-24,2호선,잠실,65603,65223
2022-01-24,2호선,잠실나루,14717,14353
2022-01-24,2호선,강변,29253,27957
2022-01-24,2호선,구의,23327,23137
2022-01-24,2호선,건대입구,33272,35081
2022-01-24,2호선,성수,38072,40892
2022-01-24,2호선,뚝섬,21602,23399
2022-01-24,2호선,왕십리,15088,12382
2022-01-24,2호선,상왕십리,14008,13747
2022-01-24,2호선,신당,13272,13689
2022-01-24,2호선,동대문역사문화공원,10526,12018
2022-01-24,2호선,을지로4가,13106,13053
2022-01-24,2호선,을지로3가,22157,21988
2022-01-24,2호선,을지로입구,38792,39527
2022-01-24,2호선,시청,23356,22691
2022-01-24,2호선,용두,2578,2704
2022-01-24,2호선,신정네거리,10224,10633
2022-01-24,2호선,양천구청,6740,7119
2022-01-24,2호선,도림천,1425,1459
2022-01-24,2호선,신설동,3259,3414
2022-01-24,2호선,신답,1652,1956
2022-01-24,2호선,용답,2643,2621
2022-01-24,2호선,충정로,9811,10317
2022-01-24,2호선,아현,9899,9503
2022-01-24,2호선,이대,12397,13002
2022-01-24,2호선,신촌,30584,31417
2022-01-24,2호선,홍대입구,49818,50731
2022-01-24,2호선,합정,29409,30278
2022-01-24,2호선,당산,17910,20787
2022-01-24,2호선,영등포구청,23502,24051
2022-01-24,2호선,문래,21413,21805
2022-01-24,2호선,신도림,45960,45048
2022-01-24,2호선,대림,23866,24506
2022-01-24,2호선,구로디지털단지,59992,60197
2022-01-25,2호선,강변,28139,26926
2022-01-25,2호선,구의,23800,23661
2022-01-25,2호선,건대입구,33503,35380
2022-01-25,2호선,성수,38914,41723
2022-01-25,2호선,뚝섬,22030,23773
2022-01-25,2호선,한양대,6611,6959
2022-01-25,2호선,왕십리,15280,12865
2022-01-25,2호선,상왕십리,14104,13925
2022-01-25,2호선,신당,13655,14251
2022-01-25,2호선,동대문역사문화공원,10755,11998
2022-01-25,2호선,을지로4가,13169,13060
2022-01-25,2호선,을지로3가,22698,22384
2022-01-25,2호선,을지로입구,39615,40508
2022-01-25,2호선,시청,24495,23416
2022-01-25,2호선,용두,2461,2576
2022-01-25,2호선,신정네거리,10201,10612
2022-01-25,2호선,양천구청,6934,7325
2022-01-25,2호선,도림천,1447,1518
2022-01-25,2호선,신설동,3243,3388
2022-01-25,2호선,신답,1690,1986
2022-01-25,2호선,용답,2618,2647
2022-01-25,2호선,충정로,9924,10414
2022-01-25,2호선,이대,12463,13282
2022-01-25,2호선,신촌,31067,31839
2022-01-25,2호선,홍대입구,50950,51776
2022-01-25,2호선,합정,30529,31710
2022-01-25,2호선,당산,18259,21084
2022-01-25,2호선,영등포구청,23710,24357
2022-01-25,2호선,문래,22017,22328
2022-01-25,2호선,신도림,45798,45147
2022-01-25,2호선,대림,23697,24226
2022-01-25,2호선,구로디지털단지,60520,60634
2022-01-25,2호선,신대방,25965,25391
2022-01-25,2호선,신림,61983,60624
2022-01-25,2호선,봉천,23996,22385
2022-01-25,2호선,서울대입구,46703,46012
2022-01-25,2호선,낙성대,26698,26203
2022-01-25,2호선,사당,36033,39314
2022-01-25,2호선,방배,17753,18454
2022-01-25,2호선,서초,22088,21278
2022-01-25,2호선,교대,35010,39389
2022-01-25,2호선,강남,88820,86868
2022-01-25,2호선,역삼,56501,62621
2022-01-25,2호선,선릉,58570,51906
2022-01-25,2호선,삼성,53338,53772
2022-01-25,2호선,종합운동장,7556,7795
2022-01-25,2호선,잠실새내,21188,21092
2022-01-25,2호선,잠실,67366,67356
2022-01-25,2호선,잠실나루,14763,14408
2022-01-25,2호선,아현,9863,9460
2022-01-26,2호선,신정네거리,10379,10728
2022-01-26,2호선,용두,2662,2755
2022-01-26,2호선,시청,24913,23899
2022-01-26,2호선,을지로입구,39993,40899
2022-01-26,2호선,을지로3가,22773,22454
2022-01-26,2호선,을지로4가,13658,13221
2022-01-26,2호선,동대문역사문화공원,11308,12485
2022-01-26,2호선,신당,13915,14514
2022-01-26,2호선,상왕십리,14406,14224
2022-01-26,2호선,왕십리,15496,13172
2022-01-26,2호선,한양대,6970,7312
2022-01-26,2호선,뚝섬,22596,24314
2022-01-26,2호선,성수,39178,42286
2022-01-26,2호선,건대입구,34195,36169
2022-01-26,2호선,구의,24303,23911
2022-01-26,2호선,강변,29411,27746
2022-01-26,2호선,잠실나루,14986,14461
2022-01-26,2호선,잠실,68262,67853
2022-01-26,2호선,잠실새내,21376,21318
2022-01-26,2호선,종합운동장,7670,8093
2022-01-26,2호선,삼성,53163,53728
2022-01-26,2호선,선릉,58871,51999
2022-01-26,2호선,역삼,56425,61937
2022-01-26,2호선,강남,88530,85855
2022-01-26,2호선,교대,35390,39856
2022-01-26,2호선,서초,22293,21529
2022-01-26,2호선,방배,17644,18331
2022-01-26,2호선,사당,36681,39503
2022-01-26,2호선,낙성대,26820,26284
2022-01-26,2호선,서울대입구,47347,46793
2022-01-26,2호선,봉천,24124,22793
2022-01-26,2호선,신림,62999,61637
2022-01-26,2호선,신대방,26303,25672
2022-01-26,2호선,구로디지털단지,60610,60593
2022-01-26,2호선,대림,23911,24663
2022-01-26,2호선,신도림,47560,46892
2022-01-26,2호선,문래,21808,22193
2022-01-26,2호선,영등포구청,23831,24437
2022-01-26,2호선,당산,18360,21247
2022-01-26,2호선,합정,31127,31944
2022-01-26,2호선,홍대입구,53110,53614
2022-01-26,2호선,신촌,31692,32663
2022-01-26,2호선,이대,12590,13344
2022-01-26,2호선,아현,9910,9617
2022-01-26,2호선,충정로,10230,10828
2022-01-26,2호선,용답,2709,2772
2022-01-26,2호선,신답,1705,2017
2022-01-26,2호선,신설동,3468,3550
2022-01-26,2호선,도림천,1484,1516
2022-01-26,2호선,양천구청,6930,7347
2022-01-27,2호선,용두,2571,2709
2022-01-27,2호선,신정네거리,10165,10663
2022-01-27,2호선,양천구청,6784,7137
2022-01-27,2호선,도림천,1386,1440
2022-01-27,2호선,신설동,3432,3456
2022-01-27,2호선,신답,1657,1879
2022-01-27,2호선,용답,2652,2714
2022-01-27,2호선,충정로,9803,10263
2022-01-27,2호선,아현,9867,9371
2022-01-27,2호선,이대,12448,12746
2022-01-27,2호선,신촌,31305,31930
2022-01-27,2호선,홍대입구,51805,52873
2022-01-27,2호선,합정,30141,31231
2022-01-27,2호선,당산,17867,20671
2022-01-27,2호선,영등포구청,23469,23786
2022-01-27,2호선,문래,21562,21917
2022-01-27,2호선,신도림,46535,46034
2022-01-27,2호선,대림,23703,24394
2022-01-27,2호선,구로디지털단지,60098,59717
2022-01-27,2호선,신대방,25764,25050
2022-01-27,2호선,신림,63104,60538
2022-01-27,2호선,봉천,23686,22162
2022-01-27,2호선,서울대입구,46382,45079
2022-01-27,2호선,낙성대,26880,25481
2022-01-27,2호선,사당,35433,38249
2022-01-27,2호선,방배,16748,17151
2022-01-27,2호선,서초,22189,21620
2022-01-27,2호선,교대,35175,39824
2022-01-27,2호선,강남,87398,85315
2022-01-27,2호선,역삼,55019,60740
2022-01-27,2호선,선릉,57138,50565
2022-01-27,2호선,삼성,52070,52410
2022-01-27,2호선,종합운동장,8334,8693
2022-01-27,2호선,잠실새내,21214,21025
2022-01-27,2호선,잠실,66420,66215
2022-01-27,2호선,잠실나루,14628,14133
2022-01-27,2호선,강변,28775,28343
2022-01-27,2호선,구의,23925,23336
2022-01-27,2호선,건대입구,33606,35200
2022-01-27,2호선,성수,38088,41342
2022-01-27,2호선,뚝섬,22034,23744
2022-01-27,2호선,한양대,6725,6964
2022-01-27,2호선,왕십리,15586,12893
2022-01-27,2호선,신당,13793,14252
2022-01-27,2호선,동대문역사문화공원,10948,12103
2022-01-27,2호선,을지로4가,13075,12928
2022-01-27,2호선,을지로3가,22042,21941
2022-01-27,2호선,을지로입구,39213,40035
2022-01-27,2호선,시청,23830,23067
2022-01-27,2호선,상왕십리,14277,13680
2022-01-28,2호선,시청,21968,20967
2022-01-28,2호선,을지로입구,37071,37516
2022-01-28,2호선,을지로3가,20667,20681
2022-01-28,2호선,을지로4가,12631,12433
2022-01-28,2호선,동대문역사문화공원,10996,12249
2022-01-28,2호선,신당,13800,14223
2022-01-28,2호선,상왕십리,14190,13404
2022-01-28,2호선,왕십리,15515,12935
2022-01-28,2호선,한양대,6257,6458
2022-01-28,2호선,뚝섬,21381,22708
2022-01-28,2호선,성수,36274,39245
2022-01-28,2호선,건대입구,35378,36881
2022-01-28,2호선,구의,23469,22689
2022-01-28,2호선,강변,30198,35416
2022-01-28,2호선,잠실나루,14165,13376
2022-01-28,2호선,잠실,66146,65513
2022-01-28,2호선,잠실새내,21516,21426
2022-01-28,2호선,종합운동장,7303,7833
2022-01-28,2호선,삼성,49950,49315
2022-01-28,2호선,선릉,52544,46044
2022-01-28,2호선,역삼,50114,54467
2022-01-28,2호선,강남,86385,83877
2022-01-28,2호선,교대,32776,36595
2022-01-28,2호선,서초,20354,19052
2022-01-28,2호선,방배,15354,16380
2022-01-28,2호선,사당,34683,37854
2022-01-28,2호선,낙성대,26713,24311
2022-01-28,2호선,서울대입구,47501,44279
2022-01-28,2호선,봉천,23605,21180
2022-01-28,2호선,신림,63605,59295
2022-01-28,2호선,신대방,25688,24188
2022-01-28,2호선,구로디지털단지,57624,56705
2022-01-28,2호선,대림,23561,24111
2022-01-28,2호선,신도림,46983,46685
2022-01-28,2호선,문래,20584,21022
2022-01-28,2호선,영등포구청,22356,22941
2022-01-28,2호선,당산,17390,19857
2022-01-28,2호선,합정,30507,31896
2022-01-28,2호선,홍대입구,53953,55044
2022-01-28,2호선,신촌,31921,31722
2022-01-28,2호선,이대,12577,12681
2022-01-28,2호선,아현,9804,9239
2022-01-28,2호선,충정로,9281,9807
2022-01-28,2호선,용답,2682,2566
2022-01-28,2호선,신답,1640,1862
2022-01-28,2호선,신설동,3839,3646
2022-01-28,2호선,도림천,1363,1405
2022-01-28,2호선,양천구청,6710,6901
2022-01-28,2호선,신정네거리,10066,10523
2022-01-28,2호선,용두,2648,2719
2022-01-29,2호선,용두,1614,1645
2022-01-29,2호선,신정네거리,6023,5988
2022-01-29,2호선,양천구청,3689,3672
2022-01-29,2호선,도림천,684,708
2022-01-29,2호선,신설동,2994,2956
2022-01-29,2호선,신답,840,845
2022-01-29,2호선,용답,1888,1710
2022-01-29,2호선,충정로,4139,4172
2022-01-29,2호선,아현,5938,5564
2022-01-29,2호선,이대,7598,7256
2022-01-29,2호선,신촌,22910,22150
2022-01-29,2호선,홍대입구,47166,47569
2022-01-29,2호선,합정,20557,21749
2022-01-29,2호선,당산,9027,9636
2022-01-29,2호선,영등포구청,9413,9308
2022-01-29,2호선,문래,8463,8664
2022-01-29,2호선,신도림,28405,28328
2022-01-29,2호선,대림,15127,16037
2022-01-29,2호선,구로디지털단지,27413,25446
2022-01-29,2호선,신대방,16405,14670
2022-01-29,2호선,신림,41764,36642
2022-01-29,2호선,봉천,14330,12551
2022-01-29,2호선,서울대입구,30054,26418
2022-01-29,2호선,낙성대,16638,14034
2022-01-29,2호선,사당,21888,23978
2022-01-29,2호선,방배,7168,7684
2022-01-29,2호선,서초,7232,6382
2022-01-29,2호선,교대,13106,14424
2022-01-29,2호선,강남,46702,45958
2022-01-29,2호선,역삼,13948,14802
2022-01-29,2호선,선릉,16621,14513
2022-01-29,2호선,삼성,19407,19342
2022-01-29,2호선,종합운동장,3865,4074
2022-01-29,2호선,잠실새내,13809,14249
2022-01-29,2호선,잠실,46446,44730
2022-01-29,2호선,잠실나루,6029,5886
2022-01-29,2호선,강변,19081,26896
2022-01-29,2호선,구의,13451,12550
2022-01-29,2호선,건대입구,26634,27417
2022-01-29,2호선,성수,15279,16135
2022-01-29,2호선,뚝섬,10176,10270
2022-01-29,2호선,한양대,2304,2281
2022-01-29,2호선,왕십리,10111,8229
2022-01-29,2호선,상왕십리,7862,7206
2022-01-29,2호선,신당,9226,9255
2022-01-29,2호선,동대문역사문화공원,7380,8209
2022-01-29,2호선,을지로4가,5322,5373
2022-01-29,2호선,을지로3가,7260,7155
2022-01-29,2호선,을지로입구,15693,15581
2022-01-29,2호선,시청,5799,4963
2022-01-30,2호선,용두,1238,1196
2022-01-30,2호선,신정네거리,4282,4145
2022-01-30,2호선,양천구청,2660,2673
2022-01-30,2호선,도림천,363,381
2022-01-30,2호선,신설동,2514,2605
2022-01-30,2호선,신답,606,583
2022-01-30,2호선,용답,1456,1376
2022-01-30,2호선,충정로,2719,2773
2022-01-30,2호선,아현,4259,4030
2022-01-30,2호선,이대,4984,4709
2022-01-30,2호선,신촌,15969,14852
2022-01-30,2호선,홍대입구,35149,34713
2022-01-30,2호선,합정,14690,15094
2022-01-30,2호선,당산,6121,6610
2022-01-30,2호선,영등포구청,5962,6009
2022-01-30,2호선,문래,5579,5819
2022-01-30,2호선,신도림,20382,20410
2022-01-30,2호선,대림,12149,12872
2022-01-30,2호선,구로디지털단지,18368,17111
2022-01-30,2호선,신대방,12362,11121
2022-01-30,2호선,신림,30405,26212
2022-01-30,2호선,봉천,10023,8503
2022-01-30,2호선,서울대입구,20125,17726
2022-01-30,2호선,낙성대,11822,9890
2022-01-30,2호선,사당,14732,16128
2022-01-30,2호선,방배,4906,5189
2022-01-30,2호선,서초,7938,7252
2022-01-30,2호선,교대,7449,8143
2022-01-30,2호선,강남,26059,25004
2022-01-30,2호선,역삼,8490,8971
2022-01-30,2호선,삼성,14770,14392
2022-01-30,2호선,종합운동장,4065,4387
2022-01-30,2호선,잠실새내,8826,8965
2022-01-30,2호선,잠실,36173,34622
2022-01-30,2호선,잠실나루,3954,3817
2022-01-30,2호선,강변,14584,20807
2022-01-30,2호선,구의,9212,8547
2022-01-30,2호선,건대입구,20565,20469
2022-01-30,2호선,성수,10838,11602
2022-01-30,2호선,뚝섬,7111,7032
2022-01-30,2호선,한양대,1489,1360
2022-01-30,2호선,왕십리,6977,5849
2022-01-30,2호선,상왕십리,5839,5328
2022-01-30,2호선,신당,6633,6805
2022-01-30,2호선,동대문역사문화공원,6098,6877
2022-01-30,2호선,을지로4가,2566,2544
2022-01-30,2호선,을지로3가,5969,5802
2022-01-30,2호선,을지로입구,11924,11334
2022-01-30,2호선,시청,4417,3647
2022-01-30,2호선,선릉,9118,7709
2022-01-31,2호선,용두,851,847
2022-01-31,2호선,신정네거리,3255,3418
2022-01-31,2호선,양천구청,2004,2059
2022-01-31,2호선,도림천,274,307
2022-01-31,2호선,신설동,1362,1318
2022-01-31,2호선,신답,461,505
2022-01-31,2호선,용답,1172,1128
2022-01-31,2호선,충정로,2274,2310
2022-01-31,2호선,아현,3194,3050
2022-01-31,2호선,이대,3578,3393
2022-01-31,2호선,신촌,11815,10594
2022-01-31,2호선,홍대입구,25297,24169
2022-01-31,2호선,합정,9989,10210
2022-01-31,2호선,당산,4748,4954
2022-01-31,2호선,영등포구청,4699,4651
2022-01-31,2호선,문래,4056,4251
2022-01-31,2호선,신도림,14964,15188
2022-01-31,2호선,대림,9571,10216
2022-01-31,2호선,구로디지털단지,14330,13472
2022-01-31,2호선,신대방,9484,8862
2022-01-31,2호선,신림,23366,20345
2022-01-31,2호선,봉천,7549,6603
2022-01-31,2호선,서울대입구,15227,13388
2022-01-31,2호선,낙성대,8485,7327
2022-01-31,2호선,사당,10684,11885
2022-01-31,2호선,방배,3350,3465
2022-01-31,2호선,서초,2969,2594
2022-01-31,2호선,교대,5477,5907
2022-01-31,2호선,강남,18308,17141
2022-01-31,2호선,역삼,6027,6214
2022-01-31,2호선,선릉,6472,5276
2022-01-31,2호선,삼성,9989,9555
2022-01-31,2호선,종합운동장,2015,2102
2022-01-31,2호선,잠실새내,6645,6698
2022-01-31,2호선,잠실,26747,25859
2022-01-31,2호선,잠실나루,3125,3118
2022-01-31,2호선,강변,11754,15860
2022-01-31,2호선,구의,6973,6684
2022-01-31,2호선,건대입구,15140,15279
2022-01-31,2호선,성수,7513,8055
2022-01-31,2호선,뚝섬,4882,4785
2022-01-31,2호선,한양대,1207,1104
2022-01-31,2호선,왕십리,5161,4127
2022-01-31,2호선,상왕십리,4165,3982
2022-01-31,2호선,신당,4981,5121
2022-01-31,2호선,동대문역사문화공원,4459,4932
2022-01-31,2호선,을지로4가,2077,1872
2022-01-31,2호선,을지로3가,3521,3165
2022-01-31,2호선,을지로입구,6685,6092
2022-01-31,2호선,시청,2790,2247
2022-02-01,2호선,용두,563,627
2022-02-01,2호선,신정네거리,2944,3260
2022-02-01,2호선,양천구청,2013,2121
2022-02-01,2호선,도림천,280,295
2022-02-01,2호선,신설동,862,912
2022-02-01,2호선,신답,331,399
2022-02-01,2호선,용답,982,1097
2022-02-01,2호선,충정로,1974,2156
2022-02-01,2호선,아현,2755,3005
2022-02-01,2호선,이대,2850,3186
2022-02-01,2호선,신촌,7624,8400
2022-02-01,2호선,홍대입구,18355,19663
2022-02-01,2호선,합정,7427,8312
2022-02-01,2호선,당산,4112,4561
2022-02-01,2호선,영등포구청,3845,4217
2022-02-01,2호선,문래,3305,3451
2022-02-01,2호선,신도림,12259,12931
2022-02-01,2호선,대림,7685,8678
2022-02-01,2호선,구로디지털단지,11935,13310
2022-02-01,2호선,신대방,8420,9382
2022-02-01,2호선,신림,19446,23401
2022-02-01,2호선,봉천,5972,6781
2022-02-01,2호선,서울대입구,11387,13735
2022-02-01,2호선,낙성대,6698,8270
2022-02-01,2호선,사당,9376,10026
2022-02-01,2호선,방배,2720,2933
2022-02-01,2호선,서초,2456,2135
2022-02-01,2호선,교대,3830,4233
2022-02-01,2호선,강남,12192,12225
2022-02-01,2호선,역삼,3970,4714
2022-02-01,2호선,선릉,4339,4146
2022-02-01,2호선,삼성,8602,8132
2022-02-01,2호선,종합운동장,1749,1959
2022-02-01,2호선,잠실새내,4928,5520
2022-02-01,2호선,잠실,22539,20628
2022-02-01,2호선,잠실나루,2782,2763
2022-02-01,2호선,강변,17862,9916
2022-02-01,2호선,구의,5832,6553
2022-02-01,2호선,건대입구,12468,14328
2022-02-01,2호선,성수,5137,6014
2022-02-01,2호선,뚝섬,3411,3561
2022-02-01,2호선,한양대,998,1091
2022-02-01,2호선,왕십리,4167,3874
2022-02-01,2호선,상왕십리,3777,4062
2022-02-01,2호선,신당,3709,4257
2022-02-01,2호선,동대문역사문화공원,3129,3528
2022-02-01,2호선,을지로4가,1147,1187
2022-02-01,2호선,을지로3가,2577,2514
2022-02-01,2호선,을지로입구,4659,4006
2022-02-01,2호선,시청,2516,2385
2022-02-02,2호선,시청,3922,3480
2022-02-02,2호선,을지로입구,11399,10444
2022-02-02,2호선,을지로3가,4794,4419
2022-02-02,2호선,을지로4가,1968,1959
2022-02-02,2호선,동대문역사문화공원,4841,5470
2022-02-02,2호선,신당,5278,6013
2022-02-02,2호선,상왕십리,4950,5367
2022-02-02,2호선,왕십리,6132,6104
2022-02-02,2호선,한양대,1355,1697
2022-02-02,2호선,뚝섬,6436,6750
2022-02-02,2호선,성수,9894,11113
2022-02-02,2호선,건대입구,18908,21842
2022-02-02,2호선,구의,8082,9031
2022-02-02,2호선,강변,24176,13892
2022-02-02,2호선,잠실나루,3620,3807
2022-02-02,2호선,잠실,36509,33632
2022-02-02,2호선,잠실새내,8326,8960
2022-02-02,2호선,종합운동장,3269,3352
2022-02-02,2호선,삼성,14599,14232
2022-02-02,2호선,선릉,8165,7780
2022-02-02,2호선,역삼,7179,8834
2022-02-02,2호선,강남,23905,22983
2022-02-02,2호선,교대,7267,8203
2022-02-02,2호선,서초,4248,3669
2022-02-02,2호선,방배,4290,4744
2022-02-02,2호선,사당,14687,16403
2022-02-02,2호선,낙성대,9610,12387
2022-02-02,2호선,서울대입구,17253,21625
2022-02-02,2호선,봉천,7990,9324
2022-02-02,2호선,신림,25843,30769
2022-02-02,2호선,신대방,10456,11780
2022-02-02,2호선,구로디지털단지,16668,18435
2022-02-02,2호선,대림,10316,10727
2022-02-02,2호선,신도림,18264,19064
2022-02-02,2호선,문래,5244,5549
2022-02-02,2호선,영등포구청,6123,6556
2022-02-02,2호선,당산,5843,6321
2022-02-02,2호선,합정,12924,14577
2022-02-02,2호선,홍대입구,32410,34201
2022-02-02,2호선,신촌,12582,13725
2022-02-02,2호선,이대,3929,5239
2022-02-02,2호선,아현,3481,3683
2022-02-02,2호선,충정로,2639,2946
2022-02-02,2호선,용답,1192,1373
2022-02-02,2호선,신답,482,621
2022-02-02,2호선,신설동,1425,1538
2022-02-02,2호선,도림천,356,398
2022-02-02,2호선,양천구청,2443,2456
2022-02-02,2호선,신정네거리,3708,3897
2022-02-02,2호선,용두,839,950
2022-02-03,2호선,용두,1960,2086
2022-02-03,2호선,신정네거리,8961,9315
2022-02-03,2호선,양천구청,6065,6377
2022-02-03,2호선,도림천,1308,1331
2022-02-03,2호선,신설동,2889,3040
2022-02-03,2호선,신답,1433,1728
2022-02-03,2호선,용답,2308,2444
2022-02-03,2호선,충정로,8859,9280
2022-02-03,2호선,아현,8851,8754
2022-02-03,2호선,이대,10492,11639
2022-02-03,2호선,신촌,28041,29323
2022-02-03,2호선,홍대입구,46546,47687
2022-02-03,2호선,합정,26399,27522
2022-02-03,2호선,당산,15721,18128
2022-02-03,2호선,영등포구청,20581,21096
2022-02-03,2호선,문래,19102,19408
2022-02-03,2호선,신도림,41307,41022
2022-02-03,2호선,대림,21221,21578
2022-02-03,2호선,구로디지털단지,52174,52355
2022-02-03,2호선,신대방,22951,22757
2022-02-03,2호선,신림,54914,55941
2022-02-03,2호선,봉천,20568,20058
2022-02-03,2호선,서울대입구,39967,41059
2022-02-03,2호선,낙성대,22725,23400
2022-02-03,2호선,사당,29962,33183
2022-02-03,2호선,방배,13890,14711
2022-02-03,2호선,서초,18299,17851
2022-02-03,2호선,교대,29561,32992
2022-02-03,2호선,강남,76628,74210
2022-02-03,2호선,역삼,46505,50998
2022-02-03,2호선,선릉,48506,42652
2022-02-03,2호선,삼성,44336,43877
2022-02-03,2호선,종합운동장,6403,6918
2022-02-03,2호선,잠실새내,18779,18674
2022-02-03,2호선,잠실,58185,57664
2022-02-03,2호선,잠실나루,12918,12679
2022-02-03,2호선,강변,28348,25089
2022-02-03,2호선,구의,20783,21115
2022-02-03,2호선,건대입구,29276,31604
2022-02-03,2호선,성수,33200,35605
2022-02-03,2호선,뚝섬,19687,21011
2022-02-03,2호선,한양대,5869,6332
2022-02-03,2호선,왕십리,13103,11356
2022-02-03,2호선,상왕십리,12461,12628
2022-02-03,2호선,신당,11716,12364
2022-02-03,2호선,동대문역사문화공원,9261,10569
2022-02-03,2호선,을지로4가,10841,10686
2022-02-03,2호선,을지로3가,18840,18737
2022-02-03,2호선,을지로입구,33559,33691
2022-02-03,2호선,시청,20461,19671
2022-02-04,2호선,용두,2145,2177
2022-02-04,2호선,신정네거리,9489,9906
2022-02-04,2호선,양천구청,6369,6713
2022-02-04,2호선,도림천,1341,1389
2022-02-04,2호선,신설동,3179,3283
2022-02-04,2호선,신답,1539,1780
2022-02-04,2호선,용답,2469,2513
2022-02-04,2호선,충정로,9050,9617
2022-02-04,2호선,아현,9489,9248
2022-02-04,2호선,이대,11624,12420
2022-02-04,2호선,신촌,30761,31312
2022-02-04,2호선,홍대입구,51236,52727
2022-02-04,2호선,합정,29174,30537
2022-02-04,2호선,당산,16844,19254
2022-02-04,2호선,영등포구청,21268,21561
2022-02-04,2호선,문래,19784,20176
2022-02-04,2호선,신도림,44235,43958
2022-02-04,2호선,대림,21771,22482
2022-02-04,2호선,구로디지털단지,54993,55304
2022-02-04,2호선,신대방,24256,23912
2022-02-04,2호선,신림,58841,58500
2022-02-04,2호선,봉천,21852,20923
2022-02-04,2호선,서울대입구,44177,43835
2022-02-04,2호선,낙성대,24940,24384
2022-02-04,2호선,사당,33218,36066
2022-02-04,2호선,방배,15194,15714
2022-02-04,2호선,서초,19583,19098
2022-02-04,2호선,교대,31675,35537
2022-02-04,2호선,강남,83260,81092
2022-02-04,2호선,역삼,48072,52726
2022-02-04,2호선,선릉,51134,45096
2022-02-04,2호선,삼성,46205,46139
2022-02-04,2호선,종합운동장,6565,7178
2022-02-04,2호선,잠실새내,20233,20196
2022-02-04,2호선,잠실,62610,61353
2022-02-04,2호선,잠실나루,13475,12849
2022-02-04,2호선,강변,27762,26415
2022-02-04,2호선,구의,22021,21961
2022-02-04,2호선,건대입구,31745,34371
2022-02-04,2호선,성수,35319,37779
2022-02-04,2호선,뚝섬,20561,22025
2022-02-04,2호선,한양대,6193,6325
2022-02-04,2호선,왕십리,14560,12378
2022-02-04,2호선,상왕십리,13402,13162
2022-02-04,2호선,신당,12748,13305
2022-02-04,2호선,동대문역사문화공원,10432,11615
2022-02-04,2호선,을지로4가,11310,11256
2022-02-04,2호선,을지로3가,20221,20000
2022-02-04,2호선,을지로입구,35344,35972
2022-02-04,2호선,시청,21835,20882
2022-02-05,2호선,합정,24056,25854
2022-02-05,2호선,신촌,24523,24492
2022-02-05,2호선,이대,7888,8415
2022-02-05,2호선,아현,5971,5781
2022-02-05,2호선,충정로,4151,4294
2022-02-05,2호선,용답,1736,1711
2022-02-05,2호선,신답,797,851
2022-02-05,2호선,신설동,2555,2633
2022-02-05,2호선,도림천,763,788
2022-02-05,2호선,양천구청,3570,3711
2022-02-05,2호선,신정네거리,5995,6091
2022-02-05,2호선,용두,1362,1367
2022-02-05,2호선,시청,7111,6315
2022-02-05,2호선,을지로입구,16473,16172
2022-02-05,2호선,을지로3가,8583,8394
2022-02-05,2호선,을지로4가,5776,5896
2022-02-05,2호선,동대문역사문화공원,8119,8825
2022-02-05,2호선,신당,9235,9510
2022-02-05,2호선,상왕십리,8140,7937
2022-02-05,2호선,왕십리,10821,9486
2022-02-05,2호선,한양대,2714,2804
2022-02-05,2호선,뚝섬,11070,11285
2022-02-05,2호선,성수,16650,18070
2022-02-05,2호선,건대입구,27720,29631
2022-02-05,2호선,구의,13975,13842
2022-02-05,2호선,강변,19390,18919
2022-02-05,2호선,잠실나루,6040,5896
2022-02-05,2호선,잠실,50475,47748
2022-02-05,2호선,잠실새내,14300,14739
2022-02-05,2호선,종합운동장,4149,4488
2022-02-05,2호선,삼성,24387,24117
2022-02-05,2호선,선릉,19872,17786
2022-02-05,2호선,역삼,16610,18198
2022-02-05,2호선,강남,54188,52583
2022-02-05,2호선,교대,14623,16322
2022-02-05,2호선,서초,8840,7584
2022-02-05,2호선,방배,8056,8343
2022-02-05,2호선,사당,25012,27112
2022-02-05,2호선,낙성대,17291,16801
2022-02-05,2호선,서울대입구,31851,30986
2022-02-05,2호선,봉천,14585,14113
2022-02-05,2호선,신림,42273,42100
2022-02-05,2호선,신대방,16534,16322
2022-02-05,2호선,구로디지털단지,29021,28634
2022-02-05,2호선,대림,14370,15418
2022-02-05,2호선,신도림,31885,32231
2022-02-05,2호선,문래,9318,9618
2022-02-05,2호선,영등포구청,10737,11095
2022-02-05,2호선,당산,9764,10780
2022-02-05,2호선,홍대입구,52918,54533
2022-02-06,2호선,한양대,1751,1857
2022-02-06,2호선,신촌,18237,17653
2022-02-06,2호선,홍대입구,39899,38842
2022-02-06,2호선,용두,900,883
2022-02-06,2호선,신정네거리,4118,4232
2022-02-06,2호선,양천구청,2599,2773
2022-02-06,2호선,도림천,391,395
2022-02-06,2호선,신설동,2235,2444
2022-02-06,2호선,신답,609,668
2022-02-06,2호선,용답,1328,1366
2022-02-06,2호선,충정로,3029,3127
2022-02-06,2호선,합정,17287,18076
2022-02-06,2호선,아현,4349,4338
2022-02-06,2호선,당산,6768,7482
2022-02-06,2호선,영등포구청,6719,6945
2022-02-06,2호선,문래,6313,6479
2022-02-06,2호선,신도림,22949,23322
2022-02-06,2호선,대림,11498,11893
2022-02-06,2호선,구로디지털단지,19385,19197
2022-02-06,2호선,신대방,12536,12355
2022-02-06,2호선,신림,31357,30942
2022-02-06,2호선,봉천,10196,10181
2022-02-06,2호선,서울대입구,22837,23014
2022-02-06,2호선,낙성대,12887,13455
2022-02-06,2호선,사당,17539,19165
2022-02-06,2호선,방배,5550,6076
2022-02-06,2호선,서초,9792,8938
2022-02-06,2호선,교대,8637,9623
2022-02-06,2호선,강남,29281,28033
2022-02-06,2호선,역삼,10093,10952
2022-02-06,2호선,선릉,10920,9548
2022-02-06,2호선,삼성,17513,16811
2022-02-06,2호선,종합운동장,5000,5360
2022-02-06,2호선,잠실새내,9163,9367
2022-02-06,2호선,잠실,37179,35210
2022-02-06,2호선,잠실나루,4058,4200
2022-02-06,2호선,강변,14987,14637
2022-02-06,2호선,구의,9500,9676
2022-02-06,2호선,건대입구,21418,21870
2022-02-06,2호선,성수,11701,12407
2022-02-06,2호선,뚝섬,7900,7871
2022-02-06,2호선,왕십리,7580,6588
2022-02-06,2호선,상왕십리,5730,5922
2022-02-06,2호선,신당,6701,7014
2022-02-06,2호선,동대문역사문화공원,6100,7353
2022-02-06,2호선,을지로4가,2591,2430
2022-02-06,2호선,을지로3가,6457,6047
2022-02-06,2호선,을지로입구,12293,11487
2022-02-06,2호선,시청,4504,3820
2022-02-06,2호선,이대,5634,6101
2022-02-07,2호선,시청,22345,21664
2022-02-07,2호선,을지로입구,35652,36191
2022-02-07,2호선,을지로3가,20397,20454
2022-02-07,2호선,을지로4가,12343,12152
2022-02-07,2호선,동대문역사문화공원,10109,11295
2022-02-07,2호선,신당,12726,13072
2022-02-07,2호선,상왕십리,13535,13387
2022-02-07,2호선,왕십리,14221,11701
2022-02-07,2호선,한양대,6498,6837
2022-02-07,2호선,뚝섬,20764,22217
2022-02-07,2호선,성수,35966,38589
2022-02-07,2호선,건대입구,30733,32604
2022-02-07,2호선,구의,22240,22227
2022-02-07,2호선,강변,26990,25850
2022-02-07,2호선,잠실나루,13490,13245
2022-02-07,2호선,잠실,58794,58722
2022-02-07,2호선,잠실새내,19607,19588
2022-02-07,2호선,종합운동장,6720,7317
2022-02-07,2호선,삼성,48612,48568
2022-02-07,2호선,선릉,56023,49520
2022-02-07,2호선,역삼,52405,57752
2022-02-07,2호선,강남,81821,80344
2022-02-07,2호선,교대,32501,36133
2022-02-07,2호선,서초,20457,19972
2022-02-07,2호선,방배,15165,15764
2022-02-07,2호선,사당,32360,35226
2022-02-07,2호선,낙성대,24854,24708
2022-02-07,2호선,서울대입구,43383,43205
2022-02-07,2호선,봉천,22670,21555
2022-02-07,2호선,신림,58784,57941
2022-02-07,2호선,신대방,24907,24300
2022-02-07,2호선,구로디지털단지,57405,57874
2022-02-07,2호선,대림,22772,23157
2022-02-07,2호선,신도림,43130,42062
2022-02-07,2호선,문래,20490,20878
2022-02-07,2호선,영등포구청,22170,22677
2022-02-07,2호선,당산,16877,19687
2022-02-07,2호선,합정,27491,28114
2022-02-07,2호선,홍대입구,45748,46300
2022-02-07,2호선,신촌,29123,29991
2022-02-07,2호선,이대,11668,12348
2022-02-07,2호선,아현,9291,9038
2022-02-07,2호선,충정로,9379,9823
2022-02-07,2호선,용답,2439,2448
2022-02-07,2호선,신답,1567,1841
2022-02-07,2호선,신설동,3148,3278
2022-02-07,2호선,도림천,1409,1492
2022-02-07,2호선,양천구청,6468,6861
2022-02-07,2호선,신정네거리,9514,9865
2022-02-07,2호선,용두,2239,2351
2022-02-08,2호선,용두,2282,2408
2022-02-08,2호선,신정네거리,9661,10132
2022-02-08,2호선,양천구청,6568,6853
2022-02-08,2호선,도림천,1358,1411
2022-02-08,2호선,신설동,3150,3228
2022-02-08,2호선,신답,1591,1886
2022-02-08,2호선,용답,2492,2504
2022-02-08,2호선,충정로,9727,10148
2022-02-08,2호선,이대,11608,12587
2022-02-08,2호선,신촌,29660,30164
2022-02-08,2호선,홍대입구,46324,46901
2022-02-08,2호선,합정,28005,29042
2022-02-08,2호선,당산,17116,19966
2022-02-08,2호선,영등포구청,22649,23082
2022-02-08,2호선,문래,20527,20787
2022-02-08,2호선,신도림,44091,43454
2022-02-08,2호선,대림,22877,23364
2022-02-08,2호선,구로디지털단지,57806,57855
2022-02-08,2호선,신대방,24874,24637
2022-02-08,2호선,신림,59342,58415
2022-02-08,2호선,봉천,22774,21467
2022-02-08,2호선,서울대입구,43997,43517
2022-02-08,2호선,낙성대,25388,25046
2022-02-08,2호선,사당,33539,36299
2022-02-08,2호선,방배,15409,16286
2022-02-08,2호선,서초,20983,20599
2022-02-08,2호선,교대,32992,36737
2022-02-08,2호선,강남,82469,80567
2022-02-08,2호선,역삼,52537,57938
2022-02-08,2호선,선릉,55870,49379
2022-02-08,2호선,삼성,48561,48322
2022-02-08,2호선,종합운동장,6852,7392
2022-02-08,2호선,잠실새내,20000,19809
2022-02-08,2호선,잠실,60928,60050
2022-02-08,2호선,잠실나루,14357,14057
2022-02-08,2호선,강변,26409,25158
2022-02-08,2호선,구의,22790,22781
2022-02-08,2호선,건대입구,31415,32981
2022-02-08,2호선,성수,37022,39881
2022-02-08,2호선,뚝섬,20969,22588
2022-02-08,2호선,한양대,6444,6848
2022-02-08,2호선,왕십리,14477,11975
2022-02-08,2호선,상왕십리,13444,13160
2022-02-08,2호선,신당,13180,13534
2022-02-08,2호선,동대문역사문화공원,10336,11347
2022-02-08,2호선,을지로4가,12374,12244
2022-02-08,2호선,을지로3가,20662,20651
2022-02-08,2호선,을지로입구,36398,37236
2022-02-08,2호선,시청,22866,22147
2022-02-08,2호선,아현,9433,9170
2022-02-09,2호선,시청,23050,22639
2022-02-09,2호선,을지로입구,36501,37500
2022-02-09,2호선,을지로3가,21125,20907
2022-02-09,2호선,을지로4가,12532,12514
2022-02-09,2호선,동대문역사문화공원,10592,11984
2022-02-09,2호선,신당,12955,13282
2022-02-09,2호선,상왕십리,13697,13584
2022-02-09,2호선,왕십리,14750,12128
2022-02-09,2호선,한양대,6581,6875
2022-02-09,2호선,뚝섬,21278,22987
2022-02-09,2호선,성수,36777,39743
2022-02-09,2호선,건대입구,31139,33219
2022-02-09,2호선,구의,23023,22760
2022-02-09,2호선,강변,27651,25980
2022-02-09,2호선,잠실나루,14272,13842
2022-02-09,2호선,잠실,62171,61072
2022-02-09,2호선,잠실새내,20005,19759
2022-02-09,2호선,종합운동장,7052,7765
2022-02-09,2호선,삼성,50034,50085
2022-02-09,2호선,선릉,55563,49450
2022-02-09,2호선,역삼,51921,57730
2022-02-09,2호선,강남,80793,78754
2022-02-09,2호선,교대,32903,36940
2022-02-09,2호선,서초,20829,20279
2022-02-09,2호선,방배,15707,16492
2022-02-09,2호선,사당,33853,36663
2022-02-09,2호선,낙성대,25245,24822
2022-02-09,2호선,서울대입구,44260,43600
2022-02-09,2호선,봉천,22680,21476
2022-02-09,2호선,신림,60056,58673
2022-02-09,2호선,신대방,24910,24555
2022-02-09,2호선,구로디지털단지,57693,57766
2022-02-09,2호선,대림,22861,23271
2022-02-09,2호선,신도림,44107,43197
2022-02-09,2호선,문래,20629,21019
2022-02-09,2호선,영등포구청,22229,22884
2022-02-09,2호선,당산,17587,20319
2022-02-09,2호선,합정,28899,29477
2022-02-09,2호선,홍대입구,47562,48334
2022-02-09,2호선,신촌,29699,30374
2022-02-09,2호선,이대,11983,12607
2022-02-09,2호선,아현,9645,9354
2022-02-09,2호선,충정로,9848,10662
2022-02-09,2호선,용답,2587,2603
2022-02-09,2호선,신답,1685,1913
2022-02-09,2호선,신설동,3204,3318
2022-02-09,2호선,도림천,1392,1521
2022-02-09,2호선,양천구청,6557,6838
2022-02-09,2호선,신정네거리,9802,10167
2022-02-09,2호선,용두,2223,2365
2022-02-10,2호선,방배,15633,16324
2022-02-10,2호선,사당,34149,37006
2022-02-10,2호선,낙성대,25718,25095
2022-02-10,2호선,서울대입구,44317,43729
2022-02-10,2호선,봉천,22469,21310
2022-02-10,2호선,신림,59971,58842
2022-02-10,2호선,신대방,25176,24604
2022-02-10,2호선,구로디지털단지,57568,57393
2022-02-10,2호선,대림,22547,23187
2022-02-10,2호선,신도림,44378,43888
2022-02-10,2호선,문래,20638,20928
2022-02-10,2호선,영등포구청,22273,22802
2022-02-10,2호선,당산,17549,20149
2022-02-10,2호선,합정,29012,30191
2022-02-10,2호선,홍대입구,48587,49601
2022-02-10,2호선,신촌,29376,30281
2022-02-10,2호선,이대,11737,12411
2022-02-10,2호선,아현,9609,9199
2022-02-10,2호선,충정로,9468,10059
2022-02-10,2호선,용답,2530,2571
2022-02-10,2호선,신답,1549,1822
2022-02-10,2호선,신설동,3220,3242
2022-02-10,2호선,도림천,1381,1415
2022-02-10,2호선,양천구청,6543,6866
2022-02-10,2호선,신정네거리,9903,10217
2022-02-10,2호선,용두,2210,2325
2022-02-10,2호선,시청,22715,22010
2022-02-10,2호선,을지로입구,36225,36916
2022-02-10,2호선,을지로3가,20461,20503
2022-02-10,2호선,을지로4가,12481,12433
2022-02-10,2호선,동대문역사문화공원,10584,11674
2022-02-10,2호선,신당,12942,13479
2022-02-10,2호선,상왕십리,13375,13269
2022-02-10,2호선,왕십리,14445,12114
2022-02-10,2호선,한양대,6522,6860
2022-02-10,2호선,뚝섬,21465,22933
2022-02-10,2호선,성수,36583,39473
2022-02-10,2호선,건대입구,31348,33216
2022-02-10,2호선,구의,22640,22484
2022-02-10,2호선,강변,27320,26325
2022-02-10,2호선,잠실나루,14013,13623
2022-02-10,2호선,잠실,62478,61855
2022-02-10,2호선,잠실새내,20229,20071
2022-02-10,2호선,종합운동장,6880,7285
2022-02-10,2호선,삼성,49380,49727
2022-02-10,2호선,선릉,55193,49160
2022-02-10,2호선,역삼,51612,57299
2022-02-10,2호선,강남,81452,79256
2022-02-10,2호선,교대,32816,36773
2022-02-10,2호선,서초,20701,20220
2022-02-11,2호선,양천구청,6438,6792
2022-02-11,2호선,아현,9828,9316
2022-02-11,2호선,시청,22244,21453
2022-02-11,2호선,을지로입구,36276,36814
2022-02-11,2호선,을지로3가,20647,20617
2022-02-11,2호선,을지로4가,12656,12367
2022-02-11,2호선,동대문역사문화공원,11048,12490
2022-02-11,2호선,신당,13358,13650
2022-02-11,2호선,상왕십리,13787,13366
2022-02-11,2호선,왕십리,15272,12850
2022-02-11,2호선,한양대,6520,6801
2022-02-11,2호선,뚝섬,21297,22772
2022-02-11,2호선,성수,36656,39686
2022-02-11,2호선,건대입구,33388,35840
2022-02-11,2호선,구의,23237,22811
2022-02-11,2호선,강변,28795,28236
2022-02-11,2호선,잠실나루,14143,13479
2022-02-11,2호선,잠실,64495,63428
2022-02-11,2호선,잠실새내,20775,20619
2022-02-11,2호선,종합운동장,6978,7570
2022-02-11,2호선,삼성,49238,49208
2022-02-11,2호선,선릉,54004,47922
2022-02-11,2호선,역삼,49576,54698
2022-02-11,2호선,강남,84950,82108
2022-02-11,2호선,교대,33130,37278
2022-02-11,2호선,서초,20482,19555
2022-02-11,2호선,방배,16380,17029
2022-02-11,2호선,사당,36029,38715
2022-02-11,2호선,낙성대,26178,24881
2022-02-11,2호선,서울대입구,45691,44483
2022-02-11,2호선,봉천,22849,21495
2022-02-11,2호선,신림,61018,59648
2022-02-11,2호선,신대방,25315,24777
2022-02-11,2호선,구로디지털단지,57367,57129
2022-02-11,2호선,대림,22997,23539
2022-02-11,2호선,신도림,45858,45907
2022-02-11,2호선,문래,20497,20868
2022-02-11,2호선,영등포구청,22242,22615
2022-02-11,2호선,당산,17579,20212
2022-02-11,2호선,합정,29964,31629
2022-02-11,2호선,홍대입구,52112,53663
2022-02-11,2호선,신촌,30679,31379
2022-02-11,2호선,이대,12263,12800
2022-02-11,2호선,충정로,9416,9950
2022-02-11,2호선,용답,2621,2572
2022-02-11,2호선,신답,1637,1835
2022-02-11,2호선,신설동,3421,3596
2022-02-11,2호선,도림천,1297,1303
2022-02-11,2호선,신정네거리,9839,10424
2022-02-11,2호선,용두,2392,2398
2022-02-12,2호선,시청,7806,7082
2022-02-12,2호선,을지로입구,17962,17548
2022-02-12,2호선,을지로3가,9278,9066
2022-02-12,2호선,을지로4가,6361,6551
2022-02-12,2호선,동대문역사문화공원,9086,9947
2022-02-12,2호선,신당,10066,10701
2022-02-12,2호선,상왕십리,8748,8449
2022-02-12,2호선,왕십리,11563,10174
2022-02-12,2호선,한양대,3469,3555
2022-02-12,2호선,뚝섬,12347,12528
2022-02-12,2호선,성수,18142,20031
2022-02-12,2호선,건대입구,29724,31837
2022-02-12,2호선,구의,15027,14801
2022-02-12,2호선,강변,22057,21964
2022-02-12,2호선,잠실나루,6549,6413
2022-02-12,2호선,잠실,54470,51844
2022-02-12,2호선,잠실새내,14878,15450
2022-02-12,2호선,종합운동장,4733,5070
2022-02-12,2호선,삼성,24022,23963
2022-02-12,2호선,선릉,21814,19482
2022-02-12,2호선,역삼,17654,19453
2022-02-12,2호선,강남,56473,55193
2022-02-12,2호선,교대,15568,17343
2022-02-12,2호선,서초,9722,8521
2022-02-12,2호선,방배,8573,8956
2022-02-12,2호선,사당,27458,29598
2022-02-12,2호선,낙성대,19030,17834
2022-02-12,2호선,서울대입구,34877,34137
2022-02-12,2호선,봉천,15807,14770
2022-02-12,2호선,신림,45930,44514
2022-02-12,2호선,신대방,18289,17812
2022-02-12,2호선,구로디지털단지,31094,30496
2022-02-12,2호선,대림,16249,17059
2022-02-12,2호선,신도림,36328,36715
2022-02-12,2호선,문래,11868,12559
2022-02-12,2호선,영등포구청,11970,12443
2022-02-12,2호선,당산,11292,12207
2022-02-12,2호선,합정,25608,27756
2022-02-12,2호선,홍대입구,54688,57313
2022-02-12,2호선,신촌,25833,25816
2022-02-12,2호선,이대,8634,8970
2022-02-12,2호선,아현,6613,6337
2022-02-12,2호선,충정로,5092,5485
2022-02-12,2호선,용답,1880,1820
2022-02-12,2호선,신답,972,964
2022-02-12,2호선,신설동,3180,3253
2022-02-12,2호선,도림천,765,736
2022-02-12,2호선,양천구청,4134,4183
2022-02-12,2호선,신정네거리,6747,6849
2022-02-12,2호선,용두,1526,1580
2022-02-13,2호선,강변,17025,16707
2022-02-13,2호선,용두,965,923
2022-02-13,2호선,신정네거리,4581,4673
2022-02-13,2호선,양천구청,2782,3002
2022-02-13,2호선,도림천,421,437
2022-02-13,2호선,신설동,2764,3093
2022-02-13,2호선,신답,708,752
2022-02-13,2호선,용답,1435,1436
2022-02-13,2호선,충정로,3464,3742
2022-02-13,2호선,아현,4450,4556
2022-02-13,2호선,이대,5807,6209
2022-02-13,2호선,신촌,19107,18425
2022-02-13,2호선,홍대입구,42621,42157
2022-02-13,2호선,합정,18414,19258
2022-02-13,2호선,당산,7770,8317
2022-02-13,2호선,영등포구청,7135,7277
2022-02-13,2호선,문래,6807,7116
2022-02-13,2호선,신도림,25320,25672
2022-02-13,2호선,대림,12579,12749
2022-02-13,2호선,구로디지털단지,21156,20821
2022-02-13,2호선,신대방,13573,13409
2022-02-13,2호선,신림,34033,33376
2022-02-13,2호선,봉천,11158,11002
2022-02-13,2호선,서울대입구,24958,25406
2022-02-13,2호선,낙성대,14058,14303
2022-02-13,2호선,사당,18728,20722
2022-02-13,2호선,방배,5951,6270
2022-02-13,2호선,서초,9848,9178
2022-02-13,2호선,교대,9022,10101
2022-02-13,2호선,강남,31158,29861
2022-02-13,2호선,역삼,10531,11708
2022-02-13,2호선,선릉,11862,10287
2022-02-13,2호선,삼성,17969,17128
2022-02-13,2호선,종합운동장,4036,4313
2022-02-13,2호선,잠실새내,9616,9975
2022-02-13,2호선,잠실,40336,37898
2022-02-13,2호선,잠실나루,4433,4648
2022-02-13,2호선,구의,10160,10392
2022-02-13,2호선,건대입구,23188,23565
2022-02-13,2호선,성수,12698,13614
2022-02-13,2호선,뚝섬,8844,9119
2022-02-13,2호선,한양대,2213,2394
2022-02-13,2호선,왕십리,8212,7220
2022-02-13,2호선,상왕십리,6191,6070
2022-02-13,2호선,신당,7235,7679
2022-02-13,2호선,동대문역사문화공원,6995,8273
2022-02-13,2호선,을지로4가,2946,2747
2022-02-13,2호선,을지로3가,6865,6524
2022-02-13,2호선,을지로입구,13561,12850
2022-02-13,2호선,시청,5240,4360
2022-02-14,2호선,시청,21957,20999
2022-02-14,2호선,을지로입구,35911,36246
2022-02-14,2호선,을지로3가,20919,20494
2022-02-14,2호선,을지로4가,12188,12377
2022-02-14,2호선,동대문역사문화공원,10239,11668
2022-02-14,2호선,신당,12908,13369
2022-02-14,2호선,상왕십리,13400,13378
2022-02-14,2호선,왕십리,14219,11817
2022-02-14,2호선,한양대,6622,6930
2022-02-14,2호선,뚝섬,20261,21857
2022-02-14,2호선,성수,36336,38724
2022-02-14,2호선,건대입구,31311,33144
2022-02-14,2호선,구의,22375,22457
2022-02-14,2호선,강변,27545,26143
2022-02-14,2호선,잠실나루,13500,13491
2022-02-14,2호선,잠실,60655,60024
2022-02-14,2호선,잠실새내,19835,19770
2022-02-14,2호선,종합운동장,6574,7141
2022-02-14,2호선,삼성,48756,48312
2022-02-14,2호선,선릉,54957,48573
2022-02-14,2호선,역삼,51209,55739
2022-02-14,2호선,강남,81670,79216
2022-02-14,2호선,교대,32258,36030
2022-02-14,2호선,서초,20456,19804
2022-02-14,2호선,방배,15072,15624
2022-02-14,2호선,사당,32392,35436
2022-02-14,2호선,낙성대,24897,24615
2022-02-14,2호선,서울대입구,43756,43661
2022-02-14,2호선,봉천,22460,21581
2022-02-14,2호선,신림,59025,58014
2022-02-14,2호선,신대방,24967,24537
2022-02-14,2호선,구로디지털단지,56942,56942
2022-02-14,2호선,대림,22649,23252
2022-02-14,2호선,신도림,43409,42560
2022-02-14,2호선,문래,20332,20737
2022-02-14,2호선,영등포구청,22195,22699
2022-02-14,2호선,당산,16740,19477
2022-02-14,2호선,합정,27474,28694
2022-02-14,2호선,홍대입구,47712,47632
2022-02-14,2호선,신촌,29727,30123
2022-02-14,2호선,이대,11481,12289
2022-02-14,2호선,아현,9324,9103
2022-02-14,2호선,충정로,9588,10147
2022-02-14,2호선,용답,2493,2557
2022-02-14,2호선,신답,1633,1857
2022-02-14,2호선,신설동,3209,3206
2022-02-14,2호선,도림천,1342,1403
2022-02-14,2호선,양천구청,6445,6842
2022-02-14,2호선,신정네거리,9561,9942
2022-02-14,2호선,용두,2270,2377
2022-02-15,2호선,시청,22801,22060
2022-02-15,2호선,을지로입구,35996,36622
2022-02-15,2호선,을지로3가,20607,20331
2022-02-15,2호선,을지로4가,12319,12356
2022-02-15,2호선,동대문역사문화공원,10300,11477
2022-02-15,2호선,신당,12696,13417
2022-02-15,2호선,상왕십리,13264,13106
2022-02-15,2호선,왕십리,14149,11798
2022-02-15,2호선,한양대,6641,6921
2022-02-15,2호선,뚝섬,20730,22170
2022-02-15,2호선,성수,36462,39216
2022-02-15,2호선,건대입구,31095,32718
2022-02-15,2호선,구의,22737,22503
2022-02-15,2호선,강변,27131,25643
2022-02-15,2호선,잠실나루,13628,13370
2022-02-15,2호선,잠실,60615,59665
2022-02-15,2호선,잠실새내,19576,19200
2022-02-15,2호선,종합운동장,6694,7270
2022-02-15,2호선,삼성,48098,47959
2022-02-15,2호선,선릉,54245,48213
2022-02-15,2호선,역삼,52188,56664
2022-02-15,2호선,강남,81470,79470
2022-02-15,2호선,교대,32885,36567
2022-02-15,2호선,서초,20816,20393
2022-02-15,2호선,방배,15415,16097
2022-02-15,2호선,사당,33442,36121
2022-02-15,2호선,낙성대,25041,24868
2022-02-15,2호선,서울대입구,44218,43166
2022-02-15,2호선,봉천,22500,21345
2022-02-15,2호선,신림,58894,57889
2022-02-15,2호선,신대방,24696,24431
2022-02-15,2호선,구로디지털단지,56791,56963
2022-02-15,2호선,대림,22044,22730
2022-02-15,2호선,신도림,42842,42121
2022-02-15,2호선,문래,20537,20746
2022-02-15,2호선,영등포구청,22168,22614
2022-02-15,2호선,당산,16900,19548
2022-02-15,2호선,합정,27897,28328
2022-02-15,2호선,홍대입구,47219,47933
2022-02-15,2호선,신촌,29334,29780
2022-02-15,2호선,이대,11610,12239
2022-02-15,2호선,아현,9409,9074
2022-02-15,2호선,충정로,9492,10195
2022-02-15,2호선,용답,2494,2523
2022-02-15,2호선,신답,1546,1776
2022-02-15,2호선,신설동,3047,3115
2022-02-15,2호선,도림천,1348,1435
2022-02-15,2호선,양천구청,6335,6808
2022-02-15,2호선,신정네거리,9565,9939
2022-02-15,2호선,용두,2205,2273
2022-02-16,2호선,용두,2142,2210
2022-02-16,2호선,신정네거리,9306,9666
2022-02-16,2호선,양천구청,6208,6531
2022-02-16,2호선,도림천,1306,1380
2022-02-16,2호선,신설동,3023,3167
2022-02-16,2호선,삼성,47861,47632
2022-02-16,2호선,선릉,53404,47312
2022-02-16,2호선,역삼,51454,55970
2022-02-16,2호선,강남,79564,76984
2022-02-16,2호선,교대,32109,35804
2022-02-16,2호선,서초,20236,19823
2022-02-16,2호선,방배,15015,15628
2022-02-16,2호선,사당,32536,35591
2022-02-16,2호선,낙성대,24607,24313
2022-02-16,2호선,서울대입구,43856,42658
2022-02-16,2호선,봉천,21816,20818
2022-02-16,2호선,신림,58368,57528
2022-02-16,2호선,신대방,23997,23839
2022-02-16,2호선,구로디지털단지,55296,55366
2022-02-16,2호선,대림,21476,22055
2022-02-16,2호선,신도림,42239,41454
2022-02-16,2호선,문래,20067,20357
2022-02-16,2호선,영등포구청,21896,22246
2022-02-16,2호선,당산,16604,19103
2022-02-16,2호선,합정,27667,28437
2022-02-16,2호선,홍대입구,47052,47373
2022-02-16,2호선,신촌,29353,29903
2022-02-16,2호선,이대,11335,12149
2022-02-16,2호선,아현,9073,8900
2022-02-16,2호선,충정로,9456,10106
2022-02-16,2호선,용답,2428,2530
2022-02-16,2호선,신답,1563,1780
2022-02-16,2호선,시청,22584,21591
2022-02-16,2호선,을지로입구,35510,35923
2022-02-16,2호선,을지로3가,20650,20329
2022-02-16,2호선,을지로4가,12017,11889
2022-02-16,2호선,동대문역사문화공원,10314,11613
2022-02-16,2호선,신당,12476,12966
2022-02-16,2호선,상왕십리,13043,12993
2022-02-16,2호선,왕십리,14530,11896
2022-02-16,2호선,한양대,6642,7046
2022-02-16,2호선,뚝섬,20438,22018
2022-02-16,2호선,성수,36013,38549
2022-02-16,2호선,건대입구,30389,32050
2022-02-16,2호선,구의,22271,22113
2022-02-16,2호선,강변,26712,24998
2022-02-16,2호선,잠실나루,13259,12898
2022-02-16,2호선,잠실,60141,59357
2022-02-16,2호선,잠실새내,19875,19737
2022-02-16,2호선,종합운동장,6331,6717
2022-02-17,2호선,용두,2081,2209
2022-02-17,2호선,신정네거리,9292,9619
2022-02-17,2호선,양천구청,6089,6454
2022-02-17,2호선,도림천,1298,1320
2022-02-17,2호선,신설동,2955,3122
2022-02-17,2호선,신답,1535,1746
2022-02-17,2호선,용답,2481,2415
2022-02-17,2호선,충정로,9078,9583
2022-02-17,2호선,아현,8933,8633
2022-02-17,2호선,이대,11359,11878
2022-02-17,2호선,신촌,28632,29539
2022-02-17,2호선,홍대입구,48272,49268
2022-02-17,2호선,합정,27897,28839
2022-02-17,2호선,당산,16458,18906
2022-02-17,2호선,영등포구청,21516,21971
2022-02-17,2호선,문래,19606,20018
2022-02-17,2호선,신도림,42276,41696
2022-02-17,2호선,대림,21306,21898
2022-02-17,2호선,구로디지털단지,55250,55199
2022-02-17,2호선,신대방,23989,23483
2022-02-17,2호선,신림,57920,56944
2022-02-17,2호선,봉천,21723,20505
2022-02-17,2호선,서울대입구,43131,42211
2022-02-17,2호선,낙성대,24410,23763
2022-02-17,2호선,사당,32389,34992
2022-02-17,2호선,방배,14778,15316
2022-02-17,2호선,서초,19791,19323
2022-02-17,2호선,교대,31662,35311
2022-02-17,2호선,강남,78622,76462
2022-02-17,2호선,역삼,49309,54294
2022-02-17,2호선,선릉,52863,46596
2022-02-17,2호선,삼성,49241,49197
2022-02-17,2호선,종합운동장,6245,6620
2022-02-17,2호선,잠실새내,19002,18936
2022-02-17,2호선,잠실,59181,58927
2022-02-17,2호선,잠실나루,13150,12721
2022-02-17,2호선,강변,26429,25195
2022-02-17,2호선,구의,21817,21606
2022-02-17,2호선,건대입구,30461,32191
2022-02-17,2호선,성수,35412,38029
2022-02-17,2호선,뚝섬,20305,21707
2022-02-17,2호선,한양대,6959,7958
2022-02-17,2호선,왕십리,14828,12093
2022-02-17,2호선,상왕십리,12902,12670
2022-02-17,2호선,신당,12373,12854
2022-02-17,2호선,동대문역사문화공원,10444,11766
2022-02-17,2호선,을지로4가,11879,11750
2022-02-17,2호선,을지로3가,20073,19960
2022-02-17,2호선,을지로입구,34739,35558
2022-02-17,2호선,시청,21853,20897
2022-02-18,2호선,동대문역사문화공원,10850,12327
2022-02-18,2호선,을지로4가,12188,11998
2022-02-18,2호선,을지로3가,19882,20103
2022-02-18,2호선,을지로입구,34724,35452
2022-02-18,2호선,시청,21463,20564
2022-02-18,2호선,상왕십리,13279,12969
2022-02-18,2호선,왕십리,15078,12644
2022-02-18,2호선,한양대,7259,8220
2022-02-18,2호선,뚝섬,20903,22204
2022-02-18,2호선,성수,35700,38727
2022-02-18,2호선,건대입구,32667,34705
2022-02-18,2호선,구의,22807,22580
2022-02-18,2호선,강변,28106,27388
2022-02-18,2호선,잠실나루,13350,12649
2022-02-18,2호선,잠실,61090,60243
2022-02-18,2호선,잠실새내,19983,20062
2022-02-18,2호선,종합운동장,6330,6747
2022-02-18,2호선,삼성,48153,47979
2022-02-18,2호선,선릉,52462,46359
2022-02-18,2호선,역삼,48050,52687
2022-02-18,2호선,강남,81098,78943
2022-02-18,2호선,교대,31540,35267
2022-02-18,2호선,서초,19385,18852
2022-02-18,2호선,방배,14720,15449
2022-02-18,2호선,사당,33880,36512
2022-02-18,2호선,낙성대,25294,24167
2022-02-18,2호선,서울대입구,44639,43326
2022-02-18,2호선,봉천,22569,21055
2022-02-18,2호선,신림,59778,58288
2022-02-18,2호선,신대방,24730,24042
2022-02-18,2호선,구로디지털단지,55548,55247
2022-02-18,2호선,대림,21860,22459
2022-02-18,2호선,신도림,44084,44119
2022-02-18,2호선,문래,19833,20235
2022-02-18,2호선,영등포구청,21519,21867
2022-02-18,2호선,당산,16977,19827
2022-02-18,2호선,합정,29253,30374
2022-02-18,2호선,홍대입구,51581,53484
2022-02-18,2호선,신촌,31493,31894
2022-02-18,2호선,이대,11947,12397
2022-02-18,2호선,아현,9351,8888
2022-02-18,2호선,충정로,9169,9640
2022-02-18,2호선,용답,2476,2560
2022-02-18,2호선,신답,1612,1832
2022-02-18,2호선,신설동,3368,3487
2022-02-18,2호선,도림천,1277,1288
2022-02-18,2호선,양천구청,6190,6526
2022-02-18,2호선,신정네거리,9490,9987
2022-02-18,2호선,용두,2320,2263
2022-02-18,2호선,신당,13040,13676
2022-02-19,2호선,도림천,785,769
2022-02-19,2호선,신설동,3243,3118
2022-02-19,2호선,신답,904,928
2022-02-19,2호선,용답,1879,1869
2022-02-19,2호선,충정로,5136,5494
2022-02-19,2호선,아현,6449,6309
2022-02-19,2호선,이대,8507,9140
2022-02-19,2호선,신촌,27485,27149
2022-02-19,2호선,홍대입구,56618,57933
2022-02-19,2호선,합정,24752,26480
2022-02-19,2호선,당산,10651,11713
2022-02-19,2호선,영등포구청,11683,11880
2022-02-19,2호선,문래,11114,11578
2022-02-19,2호선,신도림,34571,35093
2022-02-19,2호선,대림,15283,16555
2022-02-19,2호선,구로디지털단지,30741,30162
2022-02-19,2호선,신대방,17667,17336
2022-02-19,2호선,신림,45906,44861
2022-02-19,2호선,봉천,15538,14641
2022-02-19,2호선,서울대입구,34418,33244
2022-02-19,2호선,낙성대,19304,18461
2022-02-19,2호선,사당,26527,29203
2022-02-19,2호선,방배,8316,8677
2022-02-19,2호선,서초,9547,8350
2022-02-19,2호선,교대,15262,16989
2022-02-19,2호선,강남,55961,54330
2022-02-19,2호선,역삼,17847,19230
2022-02-19,2호선,선릉,22045,19722
2022-02-19,2호선,삼성,29355,28205
2022-02-19,2호선,종합운동장,4180,4606
2022-02-19,2호선,잠실새내,14739,15123
2022-02-19,2호선,잠실,51976,49839
2022-02-19,2호선,잠실나루,6329,6258
2022-02-19,2호선,강변,22124,21717
2022-02-19,2호선,구의,14825,14650
2022-02-19,2호선,건대입구,29910,31115
2022-02-19,2호선,성수,17901,19583
2022-02-19,2호선,뚝섬,11914,12481
2022-02-19,2호선,한양대,3629,3758
2022-02-19,2호선,왕십리,11699,10118
2022-02-19,2호선,상왕십리,8764,8547
2022-02-19,2호선,신당,9864,10308
2022-02-19,2호선,동대문역사문화공원,8238,8961
2022-02-19,2호선,을지로4가,6461,6378
2022-02-19,2호선,을지로3가,9017,8758
2022-02-19,2호선,을지로입구,17207,17005
2022-02-19,2호선,시청,8027,6863
2022-02-19,2호선,양천구청,3965,4026
2022-02-19,2호선,신정네거리,6199,6483
2022-02-19,2호선,용두,1433,1509
2022-02-20,2호선,용두,909,953
2022-02-20,2호선,신정네거리,4385,4518
2022-02-20,2호선,양천구청,2719,2745
2022-02-20,2호선,도림천,370,408
2022-02-20,2호선,신설동,2732,1819
2022-02-20,2호선,신답,615,667
2022-02-20,2호선,용답,1376,1439
2022-02-20,2호선,충정로,3385,3642
2022-02-20,2호선,아현,4290,4284
2022-02-20,2호선,이대,5766,6248
2022-02-20,2호선,신촌,19873,19169
2022-02-20,2호선,홍대입구,42342,41503
2022-02-20,2호선,합정,17494,18081
2022-02-20,2호선,당산,6961,7654
2022-02-20,2호선,영등포구청,7486,7728
2022-02-20,2호선,문래,7202,7541
2022-02-20,2호선,신도림,24425,24834
2022-02-20,2호선,대림,11601,11729
2022-02-20,2호선,구로디지털단지,20605,20291
2022-02-20,2호선,신대방,12768,12728
2022-02-20,2호선,신림,32588,32252
2022-02-20,2호선,봉천,10523,10373
2022-02-20,2호선,서울대입구,23428,23856
2022-02-20,2호선,낙성대,13278,13927
2022-02-20,2호선,사당,18092,19807
2022-02-20,2호선,방배,5525,5927
2022-02-20,2호선,서초,9927,9028
2022-02-20,2호선,교대,8772,9819
2022-02-20,2호선,강남,30478,28782
2022-02-20,2호선,역삼,11127,12032
2022-02-20,2호선,선릉,11645,9979
2022-02-20,2호선,삼성,21560,20780
2022-02-20,2호선,종합운동장,3429,3599
2022-02-20,2호선,잠실새내,9280,9715
2022-02-20,2호선,잠실,39360,36497
2022-02-20,2호선,잠실나루,4267,4507
2022-02-20,2호선,강변,16446,16095
2022-02-20,2호선,구의,9824,9926
2022-02-20,2호선,건대입구,21869,22398
2022-02-20,2호선,성수,11950,12889
2022-02-20,2호선,뚝섬,7998,8224
2022-02-20,2호선,한양대,2043,2271
2022-02-20,2호선,왕십리,8128,7172
2022-02-20,2호선,상왕십리,5922,5887
2022-02-20,2호선,신당,6765,7367
2022-02-20,2호선,동대문역사문화공원,5775,6891
2022-02-20,2호선,을지로4가,2808,2674
2022-02-20,2호선,을지로3가,6785,6362
2022-02-20,2호선,을지로입구,12948,12032
2022-02-20,2호선,시청,4994,4037
2022-02-21,2호선,용두,2284,2282
2022-02-21,2호선,신정네거리,9221,9599
2022-02-21,2호선,양천구청,6225,6605
2022-02-21,2호선,도림천,1303,1358
2022-02-21,2호선,신설동,3120,1712
2022-02-21,2호선,신답,1459,1726
2022-02-21,2호선,용답,2490,2523
2022-02-21,2호선,충정로,9221,9619
2022-02-21,2호선,아현,8970,8872
2022-02-21,2호선,이대,11336,12223
2022-02-21,2호선,신촌,30157,30499
2022-02-21,2호선,홍대입구,46260,47146
2022-02-21,2호선,합정,26634,27307
2022-02-21,2호선,당산,16004,18771
2022-02-21,2호선,영등포구청,21579,21942
2022-02-21,2호선,문래,19433,19726
2022-02-21,2호선,신도림,41594,40887
2022-02-21,2호선,대림,22013,22443
2022-02-21,2호선,구로디지털단지,55051,55122
2022-02-21,2호선,신대방,24139,23707
2022-02-21,2호선,신림,57564,56716
2022-02-21,2호선,봉천,21822,20796
2022-02-21,2호선,서울대입구,42462,42056
2022-02-21,2호선,낙성대,23989,23910
2022-02-21,2호선,사당,31136,34118
2022-02-21,2호선,방배,14463,15026
2022-02-21,2호선,서초,19346,18790
2022-02-21,2호선,교대,31298,34907
2022-02-21,2호선,강남,78182,76458
2022-02-21,2호선,역삼,49114,54001
2022-02-21,2호선,선릉,53178,46813
2022-02-21,2호선,삼성,45240,45439
2022-02-21,2호선,종합운동장,6505,6707
2022-02-21,2호선,잠실새내,18709,18620
2022-02-21,2호선,잠실,57702,57424
2022-02-21,2호선,잠실나루,12990,12905
2022-02-21,2호선,강변,26548,25236
2022-02-21,2호선,구의,21715,21931
2022-02-21,2호선,건대입구,29971,31615
2022-02-21,2호선,성수,34663,37128
2022-02-21,2호선,뚝섬,19549,20923
2022-02-21,2호선,한양대,6768,7538
2022-02-21,2호선,왕십리,13976,11339
2022-02-21,2호선,상왕십리,12867,12641
2022-02-21,2호선,신당,12313,12643
2022-02-21,2호선,동대문역사문화공원,9895,11050
2022-02-21,2호선,을지로4가,11913,11858
2022-02-21,2호선,을지로3가,19945,19800
2022-02-21,2호선,을지로입구,34550,34934
2022-02-21,2호선,시청,21069,20319
2022-02-22,2호선,아현,8900,8756
2022-02-22,2호선,신대방,24172,23758
2022-02-22,2호선,구로디지털단지,55154,55393
2022-02-22,2호선,대림,21787,22384
2022-02-22,2호선,신도림,41242,40510
2022-02-22,2호선,문래,19796,20089
2022-02-22,2호선,영등포구청,21698,21926
2022-02-22,2호선,당산,16235,18908
2022-02-22,2호선,합정,27269,27997
2022-02-22,2호선,홍대입구,46931,47679
2022-02-22,2호선,신촌,29049,29384
2022-02-22,2호선,이대,11531,12271
2022-02-22,2호선,충정로,9238,9708
2022-02-22,2호선,용답,2437,2471
2022-02-22,2호선,신답,1514,1746
2022-02-22,2호선,신설동,3116,1713
2022-02-22,2호선,도림천,1258,1308
2022-02-22,2호선,양천구청,6231,6676
2022-02-22,2호선,신정네거리,9359,9716
2022-02-22,2호선,용두,2238,2230
2022-02-22,2호선,시청,21815,20778
2022-02-22,2호선,을지로입구,34897,35836
2022-02-22,2호선,을지로3가,20141,19772
2022-02-22,2호선,을지로4가,12130,12084
2022-02-22,2호선,동대문역사문화공원,9825,11036
2022-02-22,2호선,신당,12587,13283
2022-02-22,2호선,상왕십리,12977,12911
2022-02-22,2호선,왕십리,14500,11861
2022-02-22,2호선,한양대,6958,7984
2022-02-22,2호선,뚝섬,20100,21544
2022-02-22,2호선,성수,35307,37921
2022-02-22,2호선,건대입구,30808,32777
2022-02-22,2호선,구의,22287,22052
2022-02-22,2호선,강변,26111,25023
2022-02-22,2호선,잠실나루,13333,12932
2022-02-22,2호선,잠실,59771,58955
2022-02-22,2호선,잠실새내,18888,18791
2022-02-22,2호선,종합운동장,6536,6886
2022-02-22,2호선,삼성,46680,46928
2022-02-22,2호선,선릉,52905,47135
2022-02-22,2호선,역삼,50570,55935
2022-02-22,2호선,강남,78965,77437
2022-02-22,2호선,교대,32199,36198
2022-02-22,2호선,서초,20177,19843
2022-02-22,2호선,방배,15743,16518
2022-02-22,2호선,사당,32628,35529
2022-02-22,2호선,낙성대,24471,23928
2022-02-22,2호선,서울대입구,43014,41858
2022-02-22,2호선,봉천,21818,20581
2022-02-22,2호선,신림,58060,56323
2022-02-23,2호선,용두,2184,2235
2022-02-23,2호선,신정네거리,9171,9557
2022-02-23,2호선,양천구청,6162,6473
2022-02-23,2호선,도림천,1258,1319
2022-02-23,2호선,신설동,3025,3169
2022-02-23,2호선,신답,1514,1794
2022-02-23,2호선,용답,2506,2504
2022-02-23,2호선,충정로,9055,9630
2022-02-23,2호선,아현,8882,8801
2022-02-23,2호선,이대,11548,12374
2022-02-23,2호선,신촌,29067,29602
2022-02-23,2호선,홍대입구,47109,47872
2022-02-23,2호선,합정,27419,28036
2022-02-23,2호선,당산,16156,18815
2022-02-23,2호선,영등포구청,21460,21828
2022-02-23,2호선,문래,19617,19795
2022-02-23,2호선,신도림,42145,41594
2022-02-23,2호선,대림,21663,22263
2022-02-23,2호선,구로디지털단지,54723,54510
2022-02-23,2호선,신대방,24065,23737
2022-02-23,2호선,신림,58008,56883
2022-02-23,2호선,봉천,21701,20711
2022-02-23,2호선,서울대입구,42658,41685
2022-02-23,2호선,낙성대,24551,24028
2022-02-23,2호선,사당,32266,35367
2022-02-23,2호선,방배,15149,15902
2022-02-23,2호선,서초,20109,19761
2022-02-23,2호선,교대,31296,35098
2022-02-23,2호선,강남,77492,74922
2022-02-23,2호선,역삼,50144,54981
2022-02-23,2호선,선릉,52741,46502
2022-02-23,2호선,삼성,48420,48412
2022-02-23,2호선,종합운동장,6409,6711
2022-02-23,2호선,잠실새내,18729,18761
2022-02-23,2호선,잠실,58463,57745
2022-02-23,2호선,잠실나루,13156,12674
2022-02-23,2호선,강변,26056,24731
2022-02-23,2호선,구의,21968,21778
2022-02-23,2호선,건대입구,30361,32138
2022-02-23,2호선,성수,35618,38246
2022-02-23,2호선,뚝섬,20381,21838
2022-02-23,2호선,한양대,6697,7192
2022-02-23,2호선,왕십리,14369,11850
2022-02-23,2호선,상왕십리,12996,12697
2022-02-23,2호선,신당,12468,13141
2022-02-23,2호선,동대문역사문화공원,10635,11588
2022-02-23,2호선,을지로4가,11981,11653
2022-02-23,2호선,을지로3가,20410,20086
2022-02-23,2호선,을지로입구,34849,35627
2022-02-23,2호선,시청,21845,20709
2022-02-24,2호선,시청,21515,20765
2022-02-24,2호선,을지로입구,34543,35363
2022-02-24,2호선,을지로3가,19818,19682
2022-02-24,2호선,을지로4가,12058,11853
2022-02-24,2호선,동대문역사문화공원,9949,11258
2022-02-24,2호선,신당,12615,13124
2022-02-24,2호선,상왕십리,12932,12626
2022-02-24,2호선,왕십리,14217,12056
2022-02-24,2호선,한양대,6641,7146
2022-02-24,2호선,뚝섬,20121,21680
2022-02-24,2호선,성수,35037,38067
2022-02-24,2호선,건대입구,31009,32730
2022-02-24,2호선,구의,21892,21676
2022-02-24,2호선,강변,26439,25018
2022-02-24,2호선,잠실나루,12927,12651
2022-02-24,2호선,잠실,58624,58158
2022-02-24,2호선,잠실새내,18972,18835
2022-02-24,2호선,종합운동장,6173,6465
2022-02-24,2호선,삼성,48671,48677
2022-02-24,2호선,선릉,52319,46189
2022-02-24,2호선,역삼,48233,53237
2022-02-24,2호선,강남,78049,75887
2022-02-24,2호선,교대,31319,34992
2022-02-24,2호선,서초,19488,19130
2022-02-24,2호선,방배,14819,15600
2022-02-24,2호선,사당,32650,35319
2022-02-24,2호선,낙성대,24498,23836
2022-02-24,2호선,서울대입구,42850,42178
2022-02-24,2호선,봉천,21663,20364
2022-02-24,2호선,신림,58164,57098
2022-02-24,2호선,신대방,24386,23664
2022-02-24,2호선,구로디지털단지,54452,54816
2022-02-24,2호선,대림,21629,22100
2022-02-24,2호선,신도림,41860,41365
2022-02-24,2호선,문래,19741,20016
2022-02-24,2호선,영등포구청,21430,21778
2022-02-24,2호선,당산,16366,19053
2022-02-24,2호선,합정,27527,28313
2022-02-24,2호선,홍대입구,47853,49300
2022-02-24,2호선,신촌,28791,29131
2022-02-24,2호선,이대,11943,12637
2022-02-24,2호선,아현,9001,8665
2022-02-24,2호선,충정로,9078,9613
2022-02-24,2호선,용답,2448,2473
2022-02-24,2호선,신답,1543,1773
2022-02-24,2호선,신설동,3061,3177
2022-02-24,2호선,도림천,1266,1320
2022-02-24,2호선,양천구청,6117,6433
2022-02-24,2호선,신정네거리,9242,9629
2022-02-24,2호선,용두,2130,2327
2022-02-25,2호선,아현,9327,9027
2022-02-25,2호선,시청,21304,20737
2022-02-25,2호선,을지로입구,34721,35705
2022-02-25,2호선,을지로3가,19940,20221
2022-02-25,2호선,을지로4가,11970,12075
2022-02-25,2호선,동대문역사문화공원,10651,11807
2022-02-25,2호선,신당,13204,13649
2022-02-25,2호선,상왕십리,13360,13087
2022-02-25,2호선,왕십리,14891,12374
2022-02-25,2호선,한양대,6475,6910
2022-02-25,2호선,뚝섬,20585,21881
2022-02-25,2호선,성수,35111,38305
2022-02-25,2호선,건대입구,32633,35145
2022-02-25,2호선,구의,22589,22197
2022-02-25,2호선,강변,28180,27536
2022-02-25,2호선,잠실나루,13247,12640
2022-02-25,2호선,잠실,61029,60105
2022-02-25,2호선,잠실새내,19847,19822
2022-02-25,2호선,종합운동장,6624,7210
2022-02-25,2호선,삼성,48565,48562
2022-02-25,2호선,선릉,51910,45918
2022-02-25,2호선,역삼,47360,52138
2022-02-25,2호선,강남,81528,79636
2022-02-25,2호선,교대,31369,35079
2022-02-25,2호선,서초,19477,18774
2022-02-25,2호선,방배,14502,15173
2022-02-25,2호선,사당,33974,36946
2022-02-25,2호선,낙성대,25530,24396
2022-02-25,2호선,서울대입구,45705,44336
2022-02-25,2호선,봉천,22452,21065
2022-02-25,2호선,신림,60347,58809
2022-02-25,2호선,신대방,24838,23976
2022-02-25,2호선,구로디지털단지,55205,55226
2022-02-25,2호선,대림,22122,22552
2022-02-25,2호선,신도림,43994,43696
2022-02-25,2호선,문래,19894,20256
2022-02-25,2호선,영등포구청,21156,21700
2022-02-25,2호선,당산,16805,19337
2022-02-25,2호선,합정,29008,30386
2022-02-25,2호선,홍대입구,52009,54886
2022-02-25,2호선,신촌,30743,31027
2022-02-25,2호선,이대,12442,13090
2022-02-25,2호선,충정로,9044,9551
2022-02-25,2호선,용답,2686,2616
2022-02-25,2호선,신답,1548,1748
2022-02-25,2호선,신설동,3373,3469
2022-02-25,2호선,도림천,1211,1239
2022-02-25,2호선,양천구청,6240,6654
2022-02-25,2호선,신정네거리,9508,10006
2022-02-25,2호선,용두,2327,2296
2022-02-26,2호선,합정,22943,24166
2022-02-26,2호선,당산,10332,11341
2022-02-26,2호선,영등포구청,11575,11718
2022-02-26,2호선,문래,10598,11129
2022-02-26,2호선,신도림,34855,34940
2022-02-26,2호선,대림,15179,16218
2022-02-26,2호선,구로디지털단지,29237,28823
2022-02-26,2호선,신대방,17429,16835
2022-02-26,2호선,신림,44630,42885
2022-02-26,2호선,봉천,14936,13855
2022-02-26,2호선,서울대입구,32941,32235
2022-02-26,2호선,낙성대,18240,16874
2022-02-26,2호선,사당,25301,27660
2022-02-26,2호선,방배,8306,8493
2022-02-26,2호선,서초,9197,8036
2022-02-26,2호선,교대,14605,16413
2022-02-26,2호선,강남,53607,51737
2022-02-26,2호선,역삼,17228,18756
2022-02-26,2호선,선릉,21019,18497
2022-02-26,2호선,삼성,28165,27852
2022-02-26,2호선,종합운동장,4211,4623
2022-02-26,2호선,잠실새내,13922,14536
2022-02-26,2호선,잠실,50751,48389
2022-02-26,2호선,잠실나루,6177,6092
2022-02-26,2호선,강변,21259,21534
2022-02-26,2호선,구의,14236,14070
2022-02-26,2호선,건대입구,28012,29293
2022-02-26,2호선,성수,16623,18277
2022-02-26,2호선,신당,9655,10219
2022-02-26,2호선,홍대입구,51026,52844
2022-02-26,2호선,신촌,24896,24965
2022-02-26,2호선,이대,8786,9305
2022-02-26,2호선,아현,6272,6011
2022-02-26,2호선,충정로,5048,5492
2022-02-26,2호선,용답,1740,1784
2022-02-26,2호선,신답,853,918
2022-02-26,2호선,신설동,3157,3096
2022-02-26,2호선,도림천,696,755
2022-02-26,2호선,양천구청,3876,3879
2022-02-26,2호선,신정네거리,6358,6367
2022-02-26,2호선,용두,1432,1442
2022-02-26,2호선,시청,7744,6699
2022-02-26,2호선,을지로입구,16626,16717
2022-02-26,2호선,을지로3가,8418,8175
2022-02-26,2호선,을지로4가,6099,6177
2022-02-26,2호선,동대문역사문화공원,8261,8816
2022-02-26,2호선,상왕십리,8578,8084
2022-02-26,2호선,왕십리,11465,9613
2022-02-26,2호선,한양대,3872,3927
2022-02-26,2호선,뚝섬,10938,11225
2022-02-27,2호선,종합운동장,3931,3887
2022-02-27,2호선,삼성,20654,20356
2022-02-27,2호선,선릉,11906,10200
2022-02-27,2호선,역삼,11174,12348
2022-02-27,2호선,강남,30527,29407
2022-02-27,2호선,교대,9358,10243
2022-02-27,2호선,서초,9729,8927
2022-02-27,2호선,방배,5792,6154
2022-02-27,2호선,사당,18450,20369
2022-02-27,2호선,낙성대,13912,14044
2022-02-27,2호선,서울대입구,24215,24763
2022-02-27,2호선,봉천,10831,10440
2022-02-27,2호선,신림,33965,33011
2022-02-27,2호선,신대방,13168,13045
2022-02-27,2호선,구로디지털단지,20228,19979
2022-02-27,2호선,대림,12463,12534
2022-02-27,2호선,신도림,23142,23623
2022-02-27,2호선,문래,7216,7438
2022-02-27,2호선,영등포구청,6908,7173
2022-02-27,2호선,당산,7293,8049
2022-02-27,2호선,합정,17962,18703
2022-02-27,2호선,홍대입구,43505,43068
2022-02-27,2호선,신촌,19522,18726
2022-02-27,2호선,이대,6790,7575
2022-02-27,2호선,아현,4603,4665
2022-02-27,2호선,충정로,3465,3831
2022-02-27,2호선,용답,1538,1563
2022-02-27,2호선,신답,644,691
2022-02-27,2호선,신설동,2959,3082
2022-02-27,2호선,도림천,416,407
2022-02-27,2호선,양천구청,2791,2922
2022-02-27,2호선,신정네거리,4450,4484
2022-02-27,2호선,용두,993,974
2022-02-27,2호선,시청,5622,4825
2022-02-27,2호선,잠실새내,9514,9764
2022-02-27,2호선,을지로입구,13599,12688
2022-02-27,2호선,을지로3가,6902,6568
2022-02-27,2호선,을지로4가,3126,3044
2022-02-27,2호선,동대문역사문화공원,6664,8099
2022-02-27,2호선,신당,7137,7735
2022-02-27,2호선,상왕십리,6203,6261
2022-02-27,2호선,왕십리,8322,7318
2022-02-27,2호선,한양대,2363,2550
2022-02-27,2호선,뚝섬,9457,9609
2022-02-27,2호선,성수,12804,13874
2022-02-27,2호선,건대입구,23569,24069
2022-02-27,2호선,구의,10247,10405
2022-02-27,2호선,강변,16638,16456
2022-02-27,2호선,잠실나루,4375,4436
2022-02-27,2호선,잠실,40936,38328
2022-02-28,2호선,이대,12764,13749
2022-02-28,2호선,아현,8950,8504
2022-02-28,2호선,충정로,8535,8954
2022-02-28,2호선,용답,2566,2537
2022-02-28,2호선,신답,1445,1682
2022-02-28,2호선,신설동,3048,3165
2022-02-28,2호선,도림천,1203,1217
2022-02-28,2호선,양천구청,5961,6198
2022-02-28,2호선,신정네거리,8903,9168
2022-02-28,2호선,용두,2198,2269
2022-02-28,2호선,왕십리,13877,11973
2022-02-28,2호선,상왕십리,12534,12085
2022-02-28,2호선,신당,12419,13052
2022-02-28,2호선,동대문역사문화공원,10510,12066
2022-02-28,2호선,을지로4가,11308,11427
2022-02-28,2호선,을지로3가,18358,18524
2022-02-28,2호선,을지로입구,32086,32701
2022-02-28,2호선,시청,19376,18935
2022-02-28,2호선,한양대,6148,6480
2022-02-28,2호선,뚝섬,18456,19899
2022-02-28,2호선,성수,32001,34804
2022-02-28,2호선,건대입구,32198,34466
2022-02-28,2호선,구의,20999,20987
2022-02-28,2호선,강변,26230,24850
2022-02-28,2호선,잠실나루,12299,11871
2022-02-28,2호선,잠실,58643,57996
2022-02-28,2호선,잠실새내,18376,18593
2022-02-28,2호선,종합운동장,6051,6385
2022-02-28,2호선,삼성,39986,40281
2022-02-28,2호선,선릉,47826,42385
2022-02-28,2호선,역삼,42072,47655
2022-02-28,2호선,강남,75033,73663
2022-02-28,2호선,교대,29889,33295
2022-02-28,2호선,서초,17778,17236
2022-02-28,2호선,방배,13466,13780
2022-02-28,2호선,사당,30262,34022
2022-02-28,2호선,낙성대,23770,23087
2022-02-28,2호선,서울대입구,42172,41856
2022-02-28,2호선,봉천,21387,19987
2022-02-28,2호선,신림,56674,55484
2022-02-28,2호선,신대방,23442,23140
2022-02-28,2호선,구로디지털단지,51012,51081
2022-02-28,2호선,대림,21710,22163
2022-02-28,2호선,신도림,41356,41389
2022-02-28,2호선,문래,18514,19021
2022-02-28,2호선,영등포구청,20418,20824
2022-02-28,2호선,당산,15750,18370
2022-02-28,2호선,합정,26415,27830
2022-02-28,2호선,홍대입구,48847,50982
2022-02-28,2호선,신촌,29728,30184
2022-03-01,2호선,용두,1290,1237
2022-03-01,2호선,신정네거리,4689,4873
2022-03-01,2호선,양천구청,2910,2972
2022-03-01,2호선,도림천,540,558
2022-03-01,2호선,신설동,1772,1801
2022-03-01,2호선,신답,690,766
2022-03-01,2호선,용답,1747,1776
2022-03-01,2호선,충정로,3485,3565
2022-03-01,2호선,아현,5065,5031
2022-03-01,2호선,이대,6952,7604
2022-03-01,2호선,신촌,23032,22803
2022-03-01,2호선,홍대입구,42527,41933
2022-03-01,2호선,합정,18065,18905
2022-03-01,2호선,당산,7707,8424
2022-03-01,2호선,영등포구청,8053,8192
2022-03-01,2호선,문래,7526,7972
2022-03-01,2호선,신도림,24306,24411
2022-03-01,2호선,대림,12844,13398
2022-03-01,2호선,구로디지털단지,23568,23549
2022-03-01,2호선,신대방,14340,14252
2022-03-01,2호선,신림,35239,34577
2022-03-01,2호선,봉천,11563,11318
2022-03-01,2호선,서울대입구,25897,26254
2022-03-01,2호선,낙성대,14235,14370
2022-03-01,2호선,사당,18745,20100
2022-03-01,2호선,방배,5761,6245
2022-03-01,2호선,서초,6189,5598
2022-03-01,2호선,교대,10157,11250
2022-03-01,2호선,강남,33706,32061
2022-03-01,2호선,역삼,11029,12373
2022-03-01,2호선,선릉,13795,12306
2022-03-01,2호선,삼성,17714,17036
2022-03-01,2호선,종합운동장,3133,3333
2022-03-01,2호선,잠실새내,10338,10620
2022-03-01,2호선,잠실,40025,37905
2022-03-01,2호선,잠실나루,4614,4734
2022-03-01,2호선,강변,15777,15029
2022-03-01,2호선,구의,11371,11439
2022-03-01,2호선,건대입구,24109,25303
2022-03-01,2호선,성수,14137,15417
2022-03-01,2호선,뚝섬,8856,8889
2022-03-01,2호선,한양대,2660,2904
2022-03-01,2호선,왕십리,8974,8081
2022-03-01,2호선,상왕십리,6699,6675
2022-03-01,2호선,신당,8009,8495
2022-03-01,2호선,동대문역사문화공원,7724,8706
2022-03-01,2호선,을지로4가,5373,5232
2022-03-01,2호선,을지로3가,6862,6227
2022-03-01,2호선,을지로입구,17384,16462
2022-03-01,2호선,시청,8191,6299
2022-03-02,2호선,시청,21357,20496
2022-03-02,2호선,을지로입구,33949,35029
2022-03-02,2호선,을지로3가,19588,19486
2022-03-02,2호선,을지로4가,12067,11844
2022-03-02,2호선,동대문역사문화공원,10555,11900
2022-03-02,2호선,신당,12840,13302
2022-03-02,2호선,상왕십리,13238,13014
2022-03-02,2호선,왕십리,15507,12311
2022-03-02,2호선,한양대,14511,16359
2022-03-02,2호선,뚝섬,19677,21232
2022-03-02,2호선,성수,34223,36965
2022-03-02,2호선,건대입구,31411,32960
2022-03-02,2호선,구의,22032,22191
2022-03-02,2호선,강변,25921,24215
2022-03-02,2호선,잠실나루,13383,13043
2022-03-02,2호선,잠실,56221,56212
2022-03-02,2호선,잠실새내,18933,19061
2022-03-02,2호선,종합운동장,7337,8001
2022-03-02,2호선,삼성,44433,44668
2022-03-02,2호선,선릉,52126,46172
2022-03-02,2호선,역삼,47882,53147
2022-03-02,2호선,강남,72534,70880
2022-03-02,2호선,교대,31315,35141
2022-03-02,2호선,서초,20225,19796
2022-03-02,2호선,방배,17627,18240
2022-03-02,2호선,사당,31227,34395
2022-03-02,2호선,낙성대,25387,25361
2022-03-02,2호선,서울대입구,45109,44482
2022-03-02,2호선,봉천,22050,20911
2022-03-02,2호선,신림,58677,57204
2022-03-02,2호선,신대방,24496,24157
2022-03-02,2호선,구로디지털단지,54471,54487
2022-03-02,2호선,대림,22401,23014
2022-03-02,2호선,신도림,41844,41365
2022-03-02,2호선,문래,19680,19948
2022-03-02,2호선,영등포구청,21338,21776
2022-03-02,2호선,당산,16871,19580
2022-03-02,2호선,합정,26747,27506
2022-03-02,2호선,홍대입구,45184,46208
2022-03-02,2호선,신촌,29532,29754
2022-03-02,2호선,이대,12682,13593
2022-03-02,2호선,아현,9641,9374
2022-03-02,2호선,충정로,9418,9940
2022-03-02,2호선,용답,3253,3411
2022-03-02,2호선,신답,1529,1775
2022-03-02,2호선,신설동,3197,3184
2022-03-02,2호선,도림천,1321,1423
2022-03-02,2호선,양천구청,6353,6721
2022-03-02,2호선,신정네거리,9519,9941
2022-03-02,2호선,용두,2272,2400
2022-03-03,2호선,뚝섬,19778,21322
2022-03-03,2호선,한양대,14630,16089
2022-03-03,2호선,용두,2244,2336
2022-03-03,2호선,신정네거리,9622,9989
2022-03-03,2호선,양천구청,6389,6738
2022-03-03,2호선,도림천,1344,1461
2022-03-03,2호선,신설동,3125,3227
2022-03-03,2호선,신답,1554,1816
2022-03-03,2호선,용답,3318,3445
2022-03-03,2호선,충정로,9330,9924
2022-03-03,2호선,아현,9910,9610
2022-03-03,2호선,이대,12678,13184
2022-03-03,2호선,신촌,29189,29536
2022-03-03,2호선,왕십리,15414,12060
2022-03-03,2호선,상왕십리,12983,12768
2022-03-03,2호선,동대문역사문화공원,10509,11521
2022-03-03,2호선,신당,12860,13122
2022-03-03,2호선,시청,20837,20400
2022-03-03,2호선,을지로입구,33926,35090
2022-03-03,2호선,을지로3가,19288,19285
2022-03-03,2호선,을지로4가,12057,11940
2022-03-03,2호선,홍대입구,45627,46964
2022-03-03,2호선,합정,27102,28229
2022-03-03,2호선,당산,16966,19634
2022-03-03,2호선,영등포구청,21473,21999
2022-03-03,2호선,문래,19795,20002
2022-03-03,2호선,신도림,42031,41566
2022-03-03,2호선,대림,22255,22787
2022-03-03,2호선,구로디지털단지,55097,55138
2022-03-03,2호선,신대방,24544,24043
2022-03-03,2호선,신림,58697,57185
2022-03-03,2호선,봉천,22052,20813
2022-03-03,2호선,서울대입구,44834,43647
2022-03-03,2호선,낙성대,25398,24931
2022-03-03,2호선,사당,32221,35008
2022-03-03,2호선,방배,17811,18373
2022-03-03,2호선,서초,19407,18821
2022-03-03,2호선,교대,31316,35056
2022-03-03,2호선,강남,72584,71204
2022-03-03,2호선,역삼,47561,53060
2022-03-03,2호선,선릉,51931,46305
2022-03-03,2호선,삼성,44835,45251
2022-03-03,2호선,종합운동장,6822,7085
2022-03-03,2호선,잠실새내,19138,18926
2022-03-03,2호선,잠실,55247,55030
2022-03-03,2호선,잠실나루,13216,12939
2022-03-03,2호선,강변,26133,24279
2022-03-03,2호선,구의,22322,21987
2022-03-03,2호선,건대입구,30844,32600
2022-03-03,2호선,성수,34357,37122
2022-03-04,2호선,용두,2325,2296
2022-03-04,2호선,신정네거리,9461,10073
2022-03-04,2호선,양천구청,6238,6717
2022-03-04,2호선,도림천,1400,1387
2022-03-04,2호선,신설동,3363,3411
2022-03-04,2호선,신답,1541,1730
2022-03-04,2호선,용답,3051,3151
2022-03-04,2호선,충정로,9131,9682
2022-03-04,2호선,이대,13715,13975
2022-03-04,2호선,신촌,31554,31352
2022-03-04,2호선,홍대입구,49339,52261
2022-03-04,2호선,합정,28496,29860
2022-03-04,2호선,당산,16863,19824
2022-03-04,2호선,영등포구청,21367,21933
2022-03-04,2호선,문래,19727,20160
2022-03-04,2호선,신도림,42741,43167
2022-03-04,2호선,대림,22090,22927
2022-03-04,2호선,구로디지털단지,54687,54532
2022-03-04,2호선,신대방,24419,23753
2022-03-04,2호선,신림,59862,58228
2022-03-04,2호선,봉천,22336,20851
2022-03-04,2호선,서울대입구,45642,44027
2022-03-04,2호선,낙성대,26019,24737
2022-03-04,2호선,사당,33602,36466
2022-03-04,2호선,방배,17020,17730
2022-03-04,2호선,서초,19465,18504
2022-03-04,2호선,교대,31425,35226
2022-03-04,2호선,강남,78169,77067
2022-03-04,2호선,역삼,45912,50732
2022-03-04,2호선,선릉,51178,45268
2022-03-04,2호선,삼성,44273,44644
2022-03-04,2호선,종합운동장,6667,7168
2022-03-04,2호선,잠실새내,19800,20004
2022-03-04,2호선,잠실,57734,57757
2022-03-04,2호선,잠실나루,12985,12676
2022-03-04,2호선,강변,28116,26490
2022-03-04,2호선,구의,22375,21911
2022-03-04,2호선,건대입구,33057,35180
2022-03-04,2호선,성수,34384,37412
2022-03-04,2호선,뚝섬,19977,21328
2022-03-04,2호선,한양대,12498,13123
2022-03-04,2호선,왕십리,15736,12691
2022-03-04,2호선,상왕십리,13262,12965
2022-03-04,2호선,신당,13038,13277
2022-03-04,2호선,동대문역사문화공원,11130,12328
2022-03-04,2호선,을지로4가,11822,11841
2022-03-04,2호선,을지로3가,19777,19781
2022-03-04,2호선,을지로입구,34133,35441
2022-03-04,2호선,시청,20875,20216
2022-03-04,2호선,아현,9731,9311
2022-03-05,2호선,시청,7913,6721
2022-03-05,2호선,을지로입구,17601,17446
2022-03-05,2호선,을지로3가,8770,8887
2022-03-05,2호선,을지로4가,6024,6081
2022-03-05,2호선,동대문역사문화공원,9048,9861
2022-03-05,2호선,신당,9545,9787
2022-03-05,2호선,상왕십리,8593,8345
2022-03-05,2호선,왕십리,11558,10202
2022-03-05,2호선,한양대,4931,5117
2022-03-05,2호선,뚝섬,11426,11783
2022-03-05,2호선,성수,17261,19034
2022-03-05,2호선,건대입구,31139,32776
2022-03-05,2호선,구의,14297,14019
2022-03-05,2호선,강변,20720,20383
2022-03-05,2호선,잠실나루,6145,6052
2022-03-05,2호선,잠실,51503,49476
2022-03-05,2호선,잠실새내,14419,14841
2022-03-05,2호선,종합운동장,4744,5254
2022-03-05,2호선,삼성,25122,24691
2022-03-05,2호선,선릉,20725,18423
2022-03-05,2호선,역삼,15931,17468
2022-03-05,2호선,강남,53278,52967
2022-03-05,2호선,교대,14984,16620
2022-03-05,2호선,서초,9055,7599
2022-03-05,2호선,방배,8707,9073
2022-03-05,2호선,사당,25401,27849
2022-03-05,2호선,낙성대,18909,17648
2022-03-05,2호선,서울대입구,33688,32888
2022-03-05,2호선,봉천,15355,14191
2022-03-05,2호선,신림,44359,43111
2022-03-05,2호선,신대방,17620,17091
2022-03-05,2호선,구로디지털단지,29229,28783
2022-03-05,2호선,대림,15267,16343
2022-03-05,2호선,신도림,33830,34886
2022-03-05,2호선,문래,11028,11839
2022-03-05,2호선,영등포구청,11593,11764
2022-03-05,2호선,당산,10065,11050
2022-03-05,2호선,합정,24087,26079
2022-03-05,2호선,홍대입구,53670,57034
2022-03-05,2호선,신촌,27365,27121
2022-03-05,2호선,이대,9201,9531
2022-03-05,2호선,아현,6510,5935
2022-03-05,2호선,충정로,5059,5466
2022-03-05,2호선,용답,1924,1862
2022-03-05,2호선,신답,865,950
2022-03-05,2호선,신설동,3138,3104
2022-03-05,2호선,도림천,756,762
2022-03-05,2호선,양천구청,3939,3981
2022-03-05,2호선,신정네거리,6246,6243
2022-03-05,2호선,용두,1580,1537
2022-03-06,2호선,용두,1080,1045
2022-03-06,2호선,신정네거리,4268,4390
2022-03-06,2호선,양천구청,2666,2755
2022-03-06,2호선,도림천,369,403
2022-03-06,2호선,신설동,2903,3063
2022-03-06,2호선,신답,640,727
2022-03-06,2호선,용답,1518,1557
2022-03-06,2호선,충정로,3283,3525
2022-03-06,2호선,아현,4405,4503
2022-03-06,2호선,이대,6187,6728
2022-03-06,2호선,신촌,20048,19166
2022-03-06,2호선,홍대입구,39802,39020
2022-03-06,2호선,합정,17354,18275
2022-03-06,2호선,당산,7072,7584
2022-03-06,2호선,영등포구청,6909,7341
2022-03-06,2호선,문래,6730,6951
2022-03-06,2호선,신도림,23037,23494
2022-03-06,2호선,대림,12035,12328
2022-03-06,2호선,구로디지털단지,19549,18991
2022-03-06,2호선,신대방,12938,12601
2022-03-06,2호선,신림,33020,32543
2022-03-06,2호선,봉천,10365,10100
2022-03-06,2호선,서울대입구,23716,24264
2022-03-06,2호선,낙성대,13726,14192
2022-03-06,2호선,사당,17694,19713
2022-03-06,2호선,방배,5684,6062
2022-03-06,2호선,서초,10063,9242
2022-03-06,2호선,교대,8724,9541
2022-03-06,2호선,강남,29068,28236
2022-03-06,2호선,역삼,9576,10472
2022-03-06,2호선,선릉,11300,9734
2022-03-06,2호선,삼성,17717,17029
2022-03-06,2호선,종합운동장,3822,3927
2022-03-06,2호선,잠실새내,9121,9395
2022-03-06,2호선,잠실,37927,35542
2022-03-06,2호선,잠실나루,4171,4328
2022-03-06,2호선,강변,15843,15980
2022-03-06,2호선,구의,9682,9815
2022-03-06,2호선,건대입구,22839,23488
2022-03-06,2호선,성수,12020,13095
2022-03-06,2호선,뚝섬,8280,8318
2022-03-06,2호선,한양대,2014,2327
2022-03-06,2호선,왕십리,8140,7390
2022-03-06,2호선,상왕십리,5827,5914
2022-03-06,2호선,신당,6895,7336
2022-03-06,2호선,동대문역사문화공원,6543,7943
2022-03-06,2호선,을지로4가,2799,2658
2022-03-06,2호선,을지로3가,6699,6112
2022-03-06,2호선,을지로입구,12712,11913
2022-03-06,2호선,시청,4670,3763
2022-03-07,2호선,용두,2269,2324
2022-03-07,2호선,신정네거리,9398,9700
2022-03-07,2호선,양천구청,6240,6709
2022-03-07,2호선,도림천,1373,1447
2022-03-07,2호선,신설동,3100,3170
2022-03-07,2호선,신답,1490,1700
2022-03-07,2호선,용답,3246,3373
2022-03-07,2호선,충정로,9001,9372
2022-03-07,2호선,아현,9421,9154
2022-03-07,2호선,이대,12957,13837
2022-03-07,2호선,신촌,28977,29288
2022-03-07,2호선,홍대입구,44148,45357
2022-03-07,2호선,합정,25403,26125
2022-03-07,2호선,당산,16635,19157
2022-03-07,2호선,영등포구청,21052,21600
2022-03-07,2호선,문래,19330,19668
2022-03-07,2호선,신도림,41272,40857
2022-03-07,2호선,대림,21998,22490
2022-03-07,2호선,구로디지털단지,53756,53663
2022-03-07,2호선,신대방,23938,23410
2022-03-07,2호선,신림,56843,55397
2022-03-07,2호선,봉천,21609,20582
2022-03-07,2호선,서울대입구,43974,43549
2022-03-07,2호선,낙성대,24563,24438
2022-03-07,2호선,사당,31000,34017
2022-03-07,2호선,방배,16944,17651
2022-03-07,2호선,서초,19232,18516
2022-03-07,2호선,교대,30417,34188
2022-03-07,2호선,강남,72968,71746
2022-03-07,2호선,역삼,47242,52614
2022-03-07,2호선,선릉,51428,45627
2022-03-07,2호선,삼성,43227,43717
2022-03-07,2호선,종합운동장,6785,7374
2022-03-07,2호선,잠실새내,18479,18338
2022-03-07,2호선,잠실,52184,51924
2022-03-07,2호선,잠실나루,13073,12853
2022-03-07,2호선,강변,26001,24686
2022-03-07,2호선,구의,21581,21586
2022-03-07,2호선,건대입구,30266,31843
2022-03-07,2호선,성수,33156,35780
2022-03-07,2호선,뚝섬,19191,20758
2022-03-07,2호선,한양대,14794,16671
2022-03-07,2호선,왕십리,15071,11866
2022-03-07,2호선,상왕십리,12810,12447
2022-03-07,2호선,신당,12360,12848
2022-03-07,2호선,동대문역사문화공원,10441,11653
2022-03-07,2호선,을지로4가,11841,11647
2022-03-07,2호선,을지로3가,19101,19096
2022-03-07,2호선,을지로입구,30570,31501
2022-03-07,2호선,시청,20313,19747
2022-03-08,2호선,시청,25676,24180
2022-03-08,2호선,을지로입구,36289,36757
2022-03-08,2호선,을지로3가,19792,20182
2022-03-08,2호선,을지로4가,12022,12289
2022-03-08,2호선,동대문역사문화공원,10717,12338
2022-03-08,2호선,신당,13229,13634
2022-03-08,2호선,상왕십리,13232,12923
2022-03-08,2호선,왕십리,15588,12553
2022-03-08,2호선,한양대,16002,17485
2022-03-08,2호선,뚝섬,19657,21163
2022-03-08,2호선,성수,34075,37555
2022-03-08,2호선,건대입구,33788,36187
2022-03-08,2호선,구의,22209,21882
2022-03-08,2호선,강변,26188,24376
2022-03-08,2호선,잠실나루,13799,13202
2022-03-08,2호선,잠실,57042,56755
2022-03-08,2호선,잠실새내,19372,19473
2022-03-08,2호선,종합운동장,7319,7632
2022-03-08,2호선,삼성,44066,44792
2022-03-08,2호선,선릉,51626,45986
2022-03-08,2호선,역삼,46847,52756
2022-03-08,2호선,강남,76264,75532
2022-03-08,2호선,교대,31453,35242
2022-03-08,2호선,서초,19579,19033
2022-03-08,2호선,방배,17492,18171
2022-03-08,2호선,사당,33285,36955
2022-03-08,2호선,낙성대,25648,24613
2022-03-08,2호선,서울대입구,45807,44341
2022-03-08,2호선,봉천,22047,20434
2022-03-08,2호선,신림,58736,57181
2022-03-08,2호선,신대방,24859,23922
2022-03-08,2호선,구로디지털단지,55178,55399
2022-03-08,2호선,대림,22105,23014
2022-03-08,2호선,신도림,42590,43247
2022-03-08,2호선,문래,19685,20239
2022-03-08,2호선,영등포구청,21488,22319
2022-03-08,2호선,당산,17508,20243
2022-03-08,2호선,합정,27374,28983
2022-03-08,2호선,홍대입구,48958,51747
2022-03-08,2호선,신촌,30513,30948
2022-03-08,2호선,이대,13235,13922
2022-03-08,2호선,아현,9855,9294
2022-03-08,2호선,충정로,9271,9819
2022-03-08,2호선,용답,3219,3391
2022-03-08,2호선,신답,1521,1717
2022-03-08,2호선,신설동,2933,3089
2022-03-08,2호선,도림천,1378,1417
2022-03-08,2호선,양천구청,6321,6653
2022-03-08,2호선,신정네거리,9580,9862
2022-03-08,2호선,용두,2290,2292
2022-03-09,2호선,용두,1379,1299
2022-03-09,2호선,신정네거리,4960,5036
2022-03-09,2호선,양천구청,3005,3113
2022-03-09,2호선,도림천,556,599
2022-03-09,2호선,신설동,2062,2053
2022-03-09,2호선,신답,723,820
2022-03-09,2호선,용답,1743,1702
2022-03-09,2호선,충정로,3406,3675
2022-03-09,2호선,아현,5374,5109
2022-03-09,2호선,신촌,19902,19390
2022-03-09,2호선,홍대입구,44230,44611
2022-03-09,2호선,합정,18653,19703
2022-03-09,2호선,당산,8653,9339
2022-03-09,2호선,영등포구청,8398,8527
2022-03-09,2호선,문래,7847,8099
2022-03-09,2호선,신도림,24558,25109
2022-03-09,2호선,대림,13282,13908
2022-03-09,2호선,구로디지털단지,23835,23578
2022-03-09,2호선,신대방,14985,14840
2022-03-09,2호선,신림,37109,36490
2022-03-09,2호선,봉천,12663,11883
2022-03-09,2호선,서울대입구,27947,28204
2022-03-09,2호선,낙성대,15697,15330
2022-03-09,2호선,사당,20341,21568
2022-03-09,2호선,방배,6535,6703
2022-03-09,2호선,서초,6063,5319
2022-03-09,2호선,교대,10934,11976
2022-03-09,2호선,강남,36809,35716
2022-03-09,2호선,역삼,11815,13161
2022-03-09,2호선,선릉,15325,13660
2022-03-09,2호선,삼성,17152,16612
2022-03-09,2호선,종합운동장,4402,4560
2022-03-09,2호선,잠실새내,11405,11611
2022-03-09,2호선,잠실,41635,39020
2022-03-09,2호선,잠실나루,5109,5071
2022-03-09,2호선,강변,15366,15006
2022-03-09,2호선,구의,11880,11646
2022-03-09,2호선,건대입구,25973,26357
2022-03-09,2호선,성수,15433,17226
2022-03-09,2호선,뚝섬,10426,10707
2022-03-09,2호선,한양대,2944,3231
2022-03-09,2호선,왕십리,9465,8183
2022-03-09,2호선,상왕십리,7231,7058
2022-03-09,2호선,신당,8471,8742
2022-03-09,2호선,동대문역사문화공원,8146,9504
2022-03-09,2호선,을지로4가,5725,5867
2022-03-09,2호선,을지로3가,7399,6838
2022-03-09,2호선,을지로입구,14017,13579
2022-03-09,2호선,시청,5448,4402
2022-03-09,2호선,이대,7312,7828
2022-03-10,2호선,용두,2125,2227
2022-03-10,2호선,신정네거리,9264,9641
2022-03-10,2호선,양천구청,6163,6530
2022-03-10,2호선,도림천,1359,1329
2022-03-10,2호선,신설동,3002,3066
2022-03-10,2호선,신답,1499,1688
2022-03-10,2호선,용답,3148,3284
2022-03-10,2호선,충정로,9014,9540
2022-03-10,2호선,아현,9432,9047
2022-03-10,2호선,이대,12611,13528
2022-03-10,2호선,신촌,28797,29305
2022-03-10,2호선,홍대입구,44199,45487
2022-03-10,2호선,합정,26092,27201
2022-03-10,2호선,당산,16828,19589
2022-03-10,2호선,영등포구청,20929,21505
2022-03-10,2호선,문래,19203,19567
2022-03-10,2호선,신도림,41107,41243
2022-03-10,2호선,대림,21578,21888
2022-03-10,2호선,구로디지털단지,53493,53393
2022-03-10,2호선,신대방,24061,23545
2022-03-10,2호선,신림,57375,55712
2022-03-10,2호선,봉천,21385,20112
2022-03-10,2호선,서울대입구,43854,42596
2022-03-10,2호선,낙성대,24454,24225
2022-03-10,2호선,사당,31384,35042
2022-03-10,2호선,방배,17479,18268
2022-03-10,2호선,서초,19043,18489
2022-03-10,2호선,교대,30888,34519
2022-03-10,2호선,강남,72596,71082
2022-03-10,2호선,시청,20080,19697
2022-03-10,2호선,을지로입구,33109,34134
2022-03-10,2호선,을지로3가,19004,19140
2022-03-10,2호선,을지로4가,11555,11677
2022-03-10,2호선,동대문역사문화공원,10330,11650
2022-03-10,2호선,신당,12448,12687
2022-03-10,2호선,상왕십리,12888,12507
2022-03-10,2호선,왕십리,14792,11661
2022-03-10,2호선,한양대,14292,16192
2022-03-10,2호선,뚝섬,19425,21065
2022-03-10,2호선,성수,33283,36172
2022-03-10,2호선,건대입구,30615,32283
2022-03-10,2호선,구의,21294,21340
2022-03-10,2호선,강변,26564,24616
2022-03-10,2호선,잠실나루,12948,12741
2022-03-10,2호선,잠실,58332,57823
2022-03-10,2호선,잠실새내,18893,18585
2022-03-10,2호선,종합운동장,18717,20587
2022-03-10,2호선,삼성,45977,46312
2022-03-10,2호선,선릉,50957,45451
2022-03-10,2호선,역삼,46223,52122
2022-03-11,2호선,충정로,8898,9431
2022-03-11,2호선,용두,2334,2290
2022-03-11,2호선,신정네거리,9633,9856
2022-03-11,2호선,양천구청,6302,6667
2022-03-11,2호선,도림천,1329,1418
2022-03-11,2호선,신설동,3283,3320
2022-03-11,2호선,신답,1562,1713
2022-03-11,2호선,용답,2998,3046
2022-03-11,2호선,아현,9753,9158
2022-03-11,2호선,이대,13637,14016
2022-03-11,2호선,신촌,31358,31456
2022-03-11,2호선,홍대입구,50764,54827
2022-03-11,2호선,합정,28415,30162
2022-03-11,2호선,당산,17572,20234
2022-03-11,2호선,영등포구청,21427,21844
2022-03-11,2호선,문래,19530,20156
2022-03-11,2호선,신도림,43063,43991
2022-03-11,2호선,대림,22049,22588
2022-03-11,2호선,구로디지털단지,53981,53923
2022-03-11,2호선,신대방,24582,23882
2022-03-11,2호선,신림,59125,57517
2022-03-11,2호선,봉천,22257,20542
2022-03-11,2호선,서울대입구,45537,44215
2022-03-11,2호선,낙성대,25955,24312
2022-03-11,2호선,사당,33851,37200
2022-03-11,2호선,방배,16989,17596
2022-03-11,2호선,서초,19131,18298
2022-03-11,2호선,교대,31227,35295
2022-03-11,2호선,강남,76815,76546
2022-03-11,2호선,역삼,44959,50580
2022-03-11,2호선,선릉,50874,45522
2022-03-11,2호선,삼성,47403,47754
2022-03-11,2호선,종합운동장,7531,8041
2022-03-11,2호선,잠실새내,19629,19821
2022-03-11,2호선,잠실,59513,59605
2022-03-11,2호선,잠실나루,13416,12709
2022-03-11,2호선,강변,28482,26866
2022-03-11,2호선,구의,22112,21722
2022-03-11,2호선,건대입구,33504,36096
2022-03-11,2호선,성수,34102,37624
2022-03-11,2호선,뚝섬,20155,21747
2022-03-11,2호선,한양대,12342,13549
2022-03-11,2호선,왕십리,15603,12834
2022-03-11,2호선,상왕십리,13270,12699
2022-03-11,2호선,신당,12912,13346
2022-03-11,2호선,동대문역사문화공원,11308,12887
2022-03-11,2호선,을지로4가,11919,12000
2022-03-11,2호선,을지로3가,19581,19913
2022-03-11,2호선,을지로입구,33798,35238
2022-03-11,2호선,시청,20414,19914
2022-03-12,2호선,용두,1494,1421
2022-03-12,2호선,신정네거리,6480,6497
2022-03-12,2호선,양천구청,4070,3940
2022-03-12,2호선,도림천,720,707
2022-03-12,2호선,신설동,3039,3260
2022-03-12,2호선,신답,907,980
2022-03-12,2호선,용답,2003,1920
2022-03-12,2호선,충정로,4765,5137
2022-03-12,2호선,아현,6732,6364
2022-03-12,2호선,이대,9051,9558
2022-03-12,2호선,신촌,26315,26045
2022-03-12,2호선,홍대입구,56036,59447
2022-03-12,2호선,합정,24334,26325
2022-03-12,2호선,당산,10829,11790
2022-03-12,2호선,영등포구청,11153,11582
2022-03-12,2호선,문래,11140,11803
2022-03-12,2호선,신도림,34164,35213
2022-03-12,2호선,대림,15109,16338
2022-03-12,2호선,구로디지털단지,29662,29334
2022-03-12,2호선,신대방,17753,17246
2022-03-12,2호선,신림,44440,42740
2022-03-12,2호선,봉천,15045,13891
2022-03-12,2호선,서울대입구,33666,33046
2022-03-12,2호선,낙성대,19025,17458
2022-03-12,2호선,사당,26590,28963
2022-03-12,2호선,방배,8513,8810
2022-03-12,2호선,서초,9494,7920
2022-03-12,2호선,교대,15335,17021
2022-03-12,2호선,강남,53990,53385
2022-03-12,2호선,역삼,16231,17913
2022-03-12,2호선,선릉,21517,18966
2022-03-12,2호선,삼성,27561,27462
2022-03-12,2호선,종합운동장,18632,19299
2022-03-12,2호선,잠실새내,14904,15397
2022-03-12,2호선,잠실,57715,55148
2022-03-12,2호선,잠실나루,6393,6308
2022-03-12,2호선,강변,21736,21005
2022-03-12,2호선,구의,14454,14137
2022-03-12,2호선,건대입구,31348,32775
2022-03-12,2호선,성수,17597,20011
2022-03-12,2호선,뚝섬,12675,12791
2022-03-12,2호선,한양대,4228,4441
2022-03-12,2호선,왕십리,11524,10067
2022-03-12,2호선,상왕십리,8643,8436
2022-03-12,2호선,신당,9512,9896
2022-03-12,2호선,동대문역사문화공원,9238,10509
2022-03-12,2호선,을지로4가,6360,6572
2022-03-12,2호선,을지로3가,9251,9191
2022-03-12,2호선,을지로입구,17425,17312
2022-03-12,2호선,시청,6865,5926
2022-03-13,2호선,을지로4가,2527,2429
2022-03-13,2호선,동대문역사문화공원,5692,6770
2022-03-13,2호선,신당,5815,6145
2022-03-13,2호선,용두,833,833
2022-03-13,2호선,신정네거리,3852,3835
2022-03-13,2호선,양천구청,2456,2501
2022-03-13,2호선,도림천,344,342
2022-03-13,2호선,신설동,1934,2130
2022-03-13,2호선,신답,579,603
2022-03-13,2호선,용답,1330,1308
2022-03-13,2호선,충정로,2884,3209
2022-03-13,2호선,아현,4078,4052
2022-03-13,2호선,이대,5631,6358
2022-03-13,2호선,신촌,17758,17048
2022-03-13,2호선,홍대입구,36287,35864
2022-03-13,2호선,합정,15869,16535
2022-03-13,2호선,당산,6481,6757
2022-03-13,2호선,영등포구청,6362,6620
2022-03-13,2호선,문래,5872,6142
2022-03-13,2호선,신도림,21606,22079
2022-03-13,2호선,대림,11236,11351
2022-03-13,2호선,구로디지털단지,18327,17857
2022-03-13,2호선,신대방,12011,11796
2022-03-13,2호선,신림,30308,29724
2022-03-13,2호선,봉천,9706,9391
2022-03-13,2호선,서울대입구,21325,22065
2022-03-13,2호선,낙성대,12272,12868
2022-03-13,2호선,사당,15911,17879
2022-03-13,2호선,방배,5372,5754
2022-03-13,2호선,서초,9062,8338
2022-03-13,2호선,교대,8610,9344
2022-03-13,2호선,강남,27954,26977
2022-03-13,2호선,역삼,9674,10423
2022-03-13,2호선,선릉,11581,9840
2022-03-13,2호선,삼성,19168,18861
2022-03-13,2호선,종합운동장,16391,17332
2022-03-13,2호선,잠실새내,9000,9094
2022-03-13,2호선,잠실,38772,36676
2022-03-13,2호선,잠실나루,3820,3969
2022-03-13,2호선,강변,15330,15765
2022-03-13,2호선,구의,9162,9281
2022-03-13,2호선,건대입구,20349,21118
2022-03-13,2호선,성수,10013,10987
2022-03-13,2호선,뚝섬,6873,7218
2022-03-13,2호선,한양대,1835,2104
2022-03-13,2호선,왕십리,7376,6598
2022-03-13,2호선,상왕십리,5411,5251
2022-03-13,2호선,시청,4074,3288
2022-03-13,2호선,을지로입구,11690,11060
2022-03-13,2호선,을지로3가,6191,5653
2022-03-14,2호선,시청,19795,19069
2022-03-14,2호선,을지로입구,32197,32893
2022-03-14,2호선,을지로3가,18624,18315
2022-03-14,2호선,을지로4가,11116,11104
2022-03-14,2호선,동대문역사문화공원,9996,11238
2022-03-14,2호선,신당,11677,12113
2022-03-14,2호선,상왕십리,12554,12362
2022-03-14,2호선,왕십리,13905,11257
2022-03-14,2호선,한양대,14303,15665
2022-03-14,2호선,뚝섬,17912,19501
2022-03-14,2호선,성수,32191,34769
2022-03-14,2호선,건대입구,28876,30711
2022-03-14,2호선,구의,20947,20914
2022-03-14,2호선,강변,24926,23779
2022-03-14,2호선,잠실나루,12516,12215
2022-03-14,2호선,잠실,52060,52009
2022-03-14,2호선,잠실새내,17930,17709
2022-03-14,2호선,종합운동장,6297,6923
2022-03-14,2호선,삼성,42488,42669
2022-03-14,2호선,선릉,50108,44582
2022-03-14,2호선,역삼,46546,51414
2022-03-14,2호선,강남,70027,68675
2022-03-14,2호선,교대,29829,33419
2022-03-14,2호선,서초,18887,18114
2022-03-14,2호선,방배,17012,17507
2022-03-14,2호선,사당,29571,32700
2022-03-14,2호선,낙성대,23653,23685
2022-03-14,2호선,서울대입구,42039,41279
2022-03-14,2호선,봉천,20936,19794
2022-03-14,2호선,신림,54904,53723
2022-03-14,2호선,신대방,23071,22655
2022-03-14,2호선,구로디지털단지,52032,52064
2022-03-14,2호선,대림,20897,21340
2022-03-14,2호선,신도림,40039,39544
2022-03-14,2호선,문래,18527,18863
2022-03-14,2호선,영등포구청,20481,20816
2022-03-14,2호선,당산,15864,18413
2022-03-14,2호선,합정,24522,25145
2022-03-14,2호선,홍대입구,41040,42160
2022-03-14,2호선,신촌,27683,28019
2022-03-14,2호선,이대,12058,12933
2022-03-14,2호선,아현,8961,8806
2022-03-14,2호선,충정로,8752,9234
2022-03-14,2호선,용답,2941,3207
2022-03-14,2호선,신답,1452,1670
2022-03-14,2호선,신설동,3034,3046
2022-03-14,2호선,도림천,1306,1387
2022-03-14,2호선,양천구청,6070,6396
2022-03-14,2호선,신정네거리,8933,9283
2022-03-14,2호선,용두,2087,2134
2022-03-15,2호선,영등포구청,20507,21234
2022-03-15,2호선,당산,16806,19280
2022-03-15,2호선,합정,26100,26918
2022-03-15,2호선,홍대입구,44582,45758
2022-03-15,2호선,신촌,28839,28941
2022-03-15,2호선,이대,12272,13299
2022-03-15,2호선,아현,9583,9287
2022-03-15,2호선,충정로,8926,9334
2022-03-15,2호선,용답,3100,3286
2022-03-15,2호선,신답,1481,1672
2022-03-15,2호선,신설동,2821,2891
2022-03-15,2호선,도림천,1365,1416
2022-03-15,2호선,양천구청,6127,6494
2022-03-15,2호선,신정네거리,9336,9729
2022-03-15,2호선,용두,2278,2333
2022-03-15,2호선,상왕십리,12750,12478
2022-03-15,2호선,신당,12383,12729
2022-03-15,2호선,동대문역사문화공원,10481,11961
2022-03-15,2호선,을지로4가,11579,11550
2022-03-15,2호선,을지로3가,18904,18661
2022-03-15,2호선,을지로입구,32850,33893
2022-03-15,2호선,시청,20383,19641
2022-03-15,2호선,왕십리,14618,11885
2022-03-15,2호선,한양대,14941,16613
2022-03-15,2호선,뚝섬,19328,20980
2022-03-15,2호선,성수,33966,36623
2022-03-15,2호선,건대입구,30812,32422
2022-03-15,2호선,구의,21670,21334
2022-03-15,2호선,강변,25173,23869
2022-03-15,2호선,잠실나루,13019,12618
2022-03-15,2호선,잠실,54671,54444
2022-03-15,2호선,잠실새내,18253,18098
2022-03-15,2호선,종합운동장,6624,7102
2022-03-15,2호선,삼성,42081,42619
2022-03-15,2호선,선릉,51149,45519
2022-03-15,2호선,역삼,46267,51599
2022-03-15,2호선,강남,72143,70514
2022-03-15,2호선,교대,30704,34699
2022-03-15,2호선,서초,19370,18837
2022-03-15,2호선,방배,17927,18650
2022-03-15,2호선,사당,31500,34645
2022-03-15,2호선,낙성대,24375,24499
2022-03-15,2호선,서울대입구,43633,42551
2022-03-15,2호선,봉천,21599,20193
2022-03-15,2호선,신림,56546,55274
2022-03-15,2호선,신대방,23983,23509
2022-03-15,2호선,구로디지털단지,53458,53276
2022-03-15,2호선,대림,21580,22191
2022-03-15,2호선,신도림,40894,40736
2022-03-15,2호선,문래,19019,19283
2022-03-16,2호선,아현,9605,9243
2022-03-16,2호선,시청,20450,19864
2022-03-16,2호선,을지로입구,32761,33808
2022-03-16,2호선,을지로3가,19174,19196
2022-03-16,2호선,을지로4가,11724,11470
2022-03-16,2호선,동대문역사문화공원,10761,11993
2022-03-16,2호선,신당,12457,12690
2022-03-16,2호선,상왕십리,12771,12474
2022-03-16,2호선,왕십리,15299,12216
2022-03-16,2호선,한양대,14194,15806
2022-03-16,2호선,뚝섬,19621,21173
2022-03-16,2호선,성수,34003,37351
2022-03-16,2호선,건대입구,31030,32884
2022-03-16,2호선,구의,21549,21221
2022-03-16,2호선,강변,25189,23694
2022-03-16,2호선,잠실나루,13103,12583
2022-03-16,2호선,잠실,56105,55314
2022-03-16,2호선,잠실새내,18070,18096
2022-03-16,2호선,종합운동장,6436,6806
2022-03-16,2호선,삼성,42492,43020
2022-03-16,2호선,선릉,50169,44512
2022-03-16,2호선,역삼,45589,51178
2022-03-16,2호선,강남,71378,69801
2022-03-16,2호선,교대,30702,34778
2022-03-16,2호선,서초,19306,18752
2022-03-16,2호선,방배,17548,18191
2022-03-16,2호선,사당,31409,34539
2022-03-16,2호선,낙성대,24708,24167
2022-03-16,2호선,서울대입구,43292,42692
2022-03-16,2호선,봉천,21671,20152
2022-03-16,2호선,신림,56908,55617
2022-03-16,2호선,신대방,23937,23478
2022-03-16,2호선,구로디지털단지,52719,52979
2022-03-16,2호선,대림,21716,22003
2022-03-16,2호선,신도림,41137,41177
2022-03-16,2호선,문래,18967,19296
2022-03-16,2호선,영등포구청,20683,21248
2022-03-16,2호선,당산,17126,19698
2022-03-16,2호선,합정,26385,27318
2022-03-16,2호선,홍대입구,44533,46081
2022-03-16,2호선,신촌,28982,29038
2022-03-16,2호선,이대,12573,13398
2022-03-16,2호선,충정로,8834,9413
2022-03-16,2호선,용답,3007,3178
2022-03-16,2호선,신답,1560,1740
2022-03-16,2호선,신설동,3030,3097
2022-03-16,2호선,도림천,1275,1312
2022-03-16,2호선,양천구청,6282,6472
2022-03-16,2호선,신정네거리,9247,9651
2022-03-16,2호선,용두,2117,2205
2022-03-17,2호선,시청,20308,19506
2022-03-17,2호선,을지로입구,33112,33792
2022-03-17,2호선,을지로3가,18781,18570
2022-03-17,2호선,을지로4가,11517,11378
2022-03-17,2호선,동대문역사문화공원,10562,11721
2022-03-17,2호선,신당,12163,12540
2022-03-17,2호선,상왕십리,12556,12456
2022-03-17,2호선,왕십리,14916,11772
2022-03-17,2호선,한양대,13993,15502
2022-03-17,2호선,뚝섬,19005,20644
2022-03-17,2호선,성수,33932,36990
2022-03-17,2호선,건대입구,30819,32170
2022-03-17,2호선,구의,21470,21210
2022-03-17,2호선,강변,25358,23415
2022-03-17,2호선,잠실나루,12666,12439
2022-03-17,2호선,잠실,54150,54104
2022-03-17,2호선,잠실새내,17968,17850
2022-03-17,2호선,종합운동장,6266,6738
2022-03-17,2호선,삼성,44981,45349
2022-03-17,2호선,선릉,49977,44555
2022-03-17,2호선,역삼,45564,50762
2022-03-17,2호선,강남,71541,70061
2022-03-17,2호선,교대,30047,34137
2022-03-17,2호선,서초,18931,18288
2022-03-17,2호선,방배,17593,18355
2022-03-17,2호선,사당,31298,34220
2022-03-17,2호선,낙성대,24464,24078
2022-03-17,2호선,서울대입구,42450,41525
2022-03-17,2호선,봉천,21170,19872
2022-03-17,2호선,신림,56693,54964
2022-03-17,2호선,신대방,23770,23191
2022-03-17,2호선,구로디지털단지,52654,52454
2022-03-17,2호선,대림,21150,21793
2022-03-17,2호선,신도림,40423,40160
2022-03-17,2호선,문래,19320,19628
2022-03-17,2호선,영등포구청,20303,20880
2022-03-17,2호선,당산,16411,19109
2022-03-17,2호선,합정,26053,26911
2022-03-17,2호선,홍대입구,45126,46404
2022-03-17,2호선,신촌,28596,28649
2022-03-17,2호선,이대,12326,13220
2022-03-17,2호선,아현,9437,9161
2022-03-17,2호선,충정로,8815,9457
2022-03-17,2호선,용답,3034,3284
2022-03-17,2호선,신답,1501,1740
2022-03-17,2호선,신설동,2957,3024
2022-03-17,2호선,도림천,1254,1317
2022-03-17,2호선,양천구청,6098,6371
2022-03-17,2호선,용두,2093,2205
2022-03-17,2호선,신정네거리,9030,9368
2022-03-18,2호선,시청,19872,19280
2022-03-18,2호선,을지로입구,32938,34035
2022-03-18,2호선,용두,2149,2291
2022-03-18,2호선,신정네거리,9092,9458
2022-03-18,2호선,양천구청,6089,6291
2022-03-18,2호선,도림천,1305,1353
2022-03-18,2호선,신설동,3338,3359
2022-03-18,2호선,신답,1492,1668
2022-03-18,2호선,용답,2921,2934
2022-03-18,2호선,충정로,8655,9243
2022-03-18,2호선,아현,9758,9296
2022-03-18,2호선,이대,13113,13680
2022-03-18,2호선,신촌,31327,31279
2022-03-18,2호선,홍대입구,51666,55207
2022-03-18,2호선,합정,28738,30380
2022-03-18,2호선,당산,16703,19433
2022-03-18,2호선,영등포구청,20369,20971
2022-03-18,2호선,문래,19454,20041
2022-03-18,2호선,신도림,42043,42750
2022-03-18,2호선,대림,21445,22055
2022-03-18,2호선,구로디지털단지,53165,52680
2022-03-18,2호선,신대방,23994,23228
2022-03-18,2호선,신림,58419,56552
2022-03-18,2호선,봉천,21778,20016
2022-03-18,2호선,서울대입구,44502,43204
2022-03-18,2호선,낙성대,25330,23771
2022-03-18,2호선,사당,32500,36174
2022-03-18,2호선,방배,16853,17522
2022-03-18,2호선,서초,19002,18113
2022-03-18,2호선,교대,30950,34773
2022-03-18,2호선,강남,76775,76005
2022-03-18,2호선,역삼,44086,49132
2022-03-18,2호선,선릉,49494,43647
2022-03-18,2호선,삼성,46499,46397
2022-03-18,2호선,종합운동장,6119,6520
2022-03-18,2호선,잠실새내,18923,19478
2022-03-18,2호선,잠실,57407,57338
2022-03-18,2호선,잠실나루,12630,12044
2022-03-18,2호선,강변,27791,26126
2022-03-18,2호선,구의,21786,21463
2022-03-18,2호선,건대입구,33580,36113
2022-03-18,2호선,성수,34519,37648
2022-03-18,2호선,뚝섬,19452,20801
2022-03-18,2호선,한양대,12064,12962
2022-03-18,2호선,왕십리,15861,12961
2022-03-18,2호선,상왕십리,13056,12669
2022-03-18,2호선,신당,12562,13075
2022-03-18,2호선,동대문역사문화공원,11351,12690
2022-03-18,2호선,을지로4가,11641,11689
2022-03-18,2호선,을지로3가,19614,19677
2022-03-19,2호선,잠실나루,5761,5669
2022-03-19,2호선,용두,1363,1323
2022-03-19,2호선,신정네거리,5534,5679
2022-03-19,2호선,양천구청,3375,3505
2022-03-19,2호선,도림천,726,716
2022-03-19,2호선,신설동,2376,2592
2022-03-19,2호선,신답,876,898
2022-03-19,2호선,용답,1793,1733
2022-03-19,2호선,충정로,4486,4713
2022-03-19,2호선,아현,5880,5586
2022-03-19,2호선,이대,8791,9014
2022-03-19,2호선,신촌,25213,24688
2022-03-19,2호선,홍대입구,51712,55494
2022-03-19,2호선,합정,23146,25240
2022-03-19,2호선,당산,9526,10639
2022-03-19,2호선,영등포구청,10568,10976
2022-03-19,2호선,문래,10716,11261
2022-03-19,2호선,신도림,32294,33373
2022-03-19,2호선,대림,13908,14797
2022-03-19,2호선,구로디지털단지,27608,27153
2022-03-19,2호선,신대방,16036,15528
2022-03-19,2호선,신림,41725,40009
2022-03-19,2호선,봉천,14091,12753
2022-03-19,2호선,서울대입구,30506,29775
2022-03-19,2호선,낙성대,17539,16283
2022-03-19,2호선,사당,23776,26059
2022-03-19,2호선,방배,8432,8802
2022-03-19,2호선,서초,9111,7744
2022-03-19,2호선,교대,14228,15874
2022-03-19,2호선,강남,51456,51069
2022-03-19,2호선,역삼,15725,17095
2022-03-19,2호선,선릉,20316,18025
2022-03-19,2호선,삼성,26347,26375
2022-03-19,2호선,종합운동장,4075,4493
2022-03-19,2호선,잠실새내,13493,13981
2022-03-19,2호선,잠실,47749,45808
2022-03-19,2호선,강변,19432,19275
2022-03-19,2호선,구의,13673,13160
2022-03-19,2호선,건대입구,28620,30414
2022-03-19,2호선,성수,16564,18416
2022-03-19,2호선,뚝섬,10571,10631
2022-03-19,2호선,한양대,4475,4684
2022-03-19,2호선,왕십리,11047,9934
2022-03-19,2호선,상왕십리,8188,7736
2022-03-19,2호선,신당,8706,8955
2022-03-19,2호선,동대문역사문화공원,8927,9990
2022-03-19,2호선,을지로4가,5678,5887
2022-03-19,2호선,을지로3가,8486,8634
2022-03-19,2호선,을지로입구,15765,16156
2022-03-19,2호선,시청,6288,5658
2022-03-20,2호선,을지로3가,6834,6319
2022-03-20,2호선,용두,1101,1120
2022-03-20,2호선,신정네거리,4379,4391
2022-03-20,2호선,양천구청,2747,2794
2022-03-20,2호선,도림천,376,416
2022-03-20,2호선,신설동,2841,3041
2022-03-20,2호선,신답,684,735
2022-03-20,2호선,용답,1601,1763
2022-03-20,2호선,충정로,3078,3475
2022-03-20,2호선,아현,4380,4503
2022-03-20,2호선,이대,6317,7047
2022-03-20,2호선,신촌,19598,18522
2022-03-20,2호선,홍대입구,44661,43639
2022-03-20,2호선,합정,18771,19770
2022-03-20,2호선,당산,7309,7869
2022-03-20,2호선,영등포구청,6720,7167
2022-03-20,2호선,문래,6883,7264
2022-03-20,2호선,신도림,23339,24097
2022-03-20,2호선,대림,11562,11724
2022-03-20,2호선,구로디지털단지,19742,19533
2022-03-20,2호선,신대방,12880,12723
2022-03-20,2호선,신림,32810,31972
2022-03-20,2호선,봉천,10633,10275
2022-03-20,2호선,서울대입구,23898,24781
2022-03-20,2호선,낙성대,13649,14367
2022-03-20,2호선,사당,18164,20177
2022-03-20,2호선,방배,5962,6295
2022-03-20,2호선,서초,9728,9031
2022-03-20,2호선,교대,9125,9817
2022-03-20,2호선,강남,30600,29282
2022-03-20,2호선,역삼,9965,10815
2022-03-20,2호선,선릉,11736,10127
2022-03-20,2호선,삼성,18188,17369
2022-03-20,2호선,종합운동장,3021,3490
2022-03-20,2호선,잠실새내,9415,9438
2022-03-20,2호선,잠실,39566,37286
2022-03-20,2호선,잠실나루,4328,4387
2022-03-20,2호선,강변,16785,16905
2022-03-20,2호선,구의,9828,9805
2022-03-20,2호선,건대입구,23443,23677
2022-03-20,2호선,성수,12531,13945
2022-03-20,2호선,뚝섬,8863,9133
2022-03-20,2호선,한양대,2110,2460
2022-03-20,2호선,왕십리,8323,7264
2022-03-20,2호선,상왕십리,5766,5950
2022-03-20,2호선,신당,7066,7333
2022-03-20,2호선,동대문역사문화공원,7393,8770
2022-03-20,2호선,을지로4가,2974,2925
2022-03-20,2호선,을지로입구,13052,12116
2022-03-20,2호선,시청,4614,3639
2022-03-21,2호선,시청,20256,19563
2022-03-21,2호선,을지로입구,33155,33817
2022-03-21,2호선,을지로3가,19090,19052
2022-03-21,2호선,을지로4가,11682,11592
2022-03-21,2호선,동대문역사문화공원,10366,11646
2022-03-21,2호선,신당,12187,12532
2022-03-21,2호선,상왕십리,12799,12563
2022-03-21,2호선,왕십리,15063,11883
2022-03-21,2호선,한양대,14103,15904
2022-03-21,2호선,뚝섬,19141,20689
2022-03-21,2호선,성수,33457,36227
2022-03-21,2호선,건대입구,30672,32316
2022-03-21,2호선,구의,21351,21366
2022-03-21,2호선,강변,25641,24359
2022-03-21,2호선,잠실나루,12753,12526
2022-03-21,2호선,잠실,53445,52993
2022-03-21,2호선,잠실새내,18314,18105
2022-03-21,2호선,종합운동장,6101,6861
2022-03-21,2호선,삼성,42015,42420
2022-03-21,2호선,선릉,51000,45375
2022-03-21,2호선,역삼,47241,52486
2022-03-21,2호선,강남,72064,70949
2022-03-21,2호선,교대,30274,33912
2022-03-21,2호선,서초,18871,18325
2022-03-21,2호선,방배,17494,18144
2022-03-21,2호선,사당,30822,34222
2022-03-21,2호선,낙성대,24462,24381
2022-03-21,2호선,서울대입구,42899,42593
2022-03-21,2호선,봉천,21448,20140
2022-03-21,2호선,신림,56168,54767
2022-03-21,2호선,신대방,23726,23364
2022-03-21,2호선,구로디지털단지,53424,53498
2022-03-21,2호선,대림,21771,22199
2022-03-21,2호선,신도림,39816,39578
2022-03-21,2호선,문래,19727,19917
2022-03-21,2호선,영등포구청,20828,21267
2022-03-21,2호선,당산,16569,19163
2022-03-21,2호선,합정,25883,26427
2022-03-21,2호선,홍대입구,43170,44302
2022-03-21,2호선,신촌,27805,27683
2022-03-21,2호선,이대,12251,13271
2022-03-21,2호선,아현,9287,9092
2022-03-21,2호선,충정로,9104,9700
2022-03-21,2호선,용답,3130,3350
2022-03-21,2호선,신답,1522,1755
2022-03-21,2호선,신설동,2930,3014
2022-03-21,2호선,도림천,1323,1412
2022-03-21,2호선,양천구청,6272,6497
2022-03-21,2호선,신정네거리,9118,9441
2022-03-21,2호선,용두,2183,2234
2022-03-22,2호선,시청,20673,20033
2022-03-22,2호선,을지로입구,33399,34833
2022-03-22,2호선,을지로3가,19332,19004
2022-03-22,2호선,을지로4가,11838,11836
2022-03-22,2호선,동대문역사문화공원,10796,11999
2022-03-22,2호선,신당,12549,12855
2022-03-22,2호선,상왕십리,12822,12465
2022-03-22,2호선,왕십리,15446,12194
2022-03-22,2호선,한양대,14904,16610
2022-03-22,2호선,뚝섬,19588,21152
2022-03-22,2호선,성수,34100,37174
2022-03-22,2호선,건대입구,31328,32976
2022-03-22,2호선,구의,21761,21474
2022-03-22,2호선,강변,24794,23485
2022-03-22,2호선,잠실나루,13310,12805
2022-03-22,2호선,잠실,54837,54409
2022-03-22,2호선,잠실새내,18558,18373
2022-03-22,2호선,종합운동장,6444,6949
2022-03-22,2호선,삼성,42934,43556
2022-03-22,2호선,선릉,51614,45922
2022-03-22,2호선,역삼,47415,52804
2022-03-22,2호선,강남,73302,72034
2022-03-22,2호선,교대,30867,34953
2022-03-22,2호선,서초,19731,19311
2022-03-22,2호선,방배,18093,18863
2022-03-22,2호선,사당,32341,35488
2022-03-22,2호선,낙성대,25066,24700
2022-03-22,2호선,서울대입구,44356,43344
2022-03-22,2호선,봉천,21899,20409
2022-03-22,2호선,신림,57645,56030
2022-03-22,2호선,신대방,24454,23944
2022-03-22,2호선,구로디지털단지,53804,54151
2022-03-22,2호선,대림,21739,22429
2022-03-22,2호선,신도림,41009,40787
2022-03-22,2호선,문래,19895,20226
2022-03-22,2호선,영등포구청,20935,21439
2022-03-22,2호선,당산,17251,20036
2022-03-22,2호선,합정,26611,27637
2022-03-22,2호선,홍대입구,45130,46584
2022-03-22,2호선,신촌,29312,29473
2022-03-22,2호선,이대,12466,13456
2022-03-22,2호선,아현,9687,9315
2022-03-22,2호선,충정로,9289,9666
2022-03-22,2호선,용답,3122,3416
2022-03-22,2호선,신답,1509,1832
2022-03-22,2호선,신설동,2890,3033
2022-03-22,2호선,도림천,1341,1421
2022-03-22,2호선,양천구청,6288,6522
2022-03-22,2호선,신정네거리,9202,9689
2022-03-22,2호선,용두,2152,2254
2022-03-23,2호선,시청,20618,20071
2022-03-23,2호선,을지로입구,33675,34743
2022-03-23,2호선,을지로3가,19540,19472
2022-03-23,2호선,을지로4가,11604,11537
2022-03-23,2호선,동대문역사문화공원,11164,12420
2022-03-23,2호선,신당,12599,12845
2022-03-23,2호선,상왕십리,12895,12838
2022-03-23,2호선,왕십리,15666,12345
2022-03-23,2호선,한양대,14239,15699
2022-03-23,2호선,뚝섬,19552,21147
2022-03-23,2호선,성수,34238,37111
2022-03-23,2호선,건대입구,31405,32873
2022-03-23,2호선,구의,21769,21549
2022-03-23,2호선,강변,25121,23630
2022-03-23,2호선,잠실나루,13223,12708
2022-03-23,2호선,잠실,55099,55033
2022-03-23,2호선,잠실새내,18460,18289
2022-03-23,2호선,종합운동장,6162,6724
2022-03-23,2호선,삼성,43187,43709
2022-03-23,2호선,선릉,51125,45390
2022-03-23,2호선,역삼,47475,52649
2022-03-23,2호선,강남,72149,70760
2022-03-23,2호선,교대,30891,34801
2022-03-23,2호선,서초,19561,19042
2022-03-23,2호선,방배,17839,18537
2022-03-23,2호선,사당,32291,35124
2022-03-23,2호선,낙성대,25166,24727
2022-03-23,2호선,서울대입구,43957,42950
2022-03-23,2호선,봉천,21490,20280
2022-03-23,2호선,신림,57585,56145
2022-03-23,2호선,신대방,24144,23552
2022-03-23,2호선,구로디지털단지,53406,53667
2022-03-23,2호선,대림,21573,22050
2022-03-23,2호선,신도림,42159,42168
2022-03-23,2호선,문래,19770,20098
2022-03-23,2호선,영등포구청,21110,21510
2022-03-23,2호선,당산,17133,19947
2022-03-23,2호선,합정,27031,27972
2022-03-23,2호선,홍대입구,45464,46984
2022-03-23,2호선,신촌,29325,29316
2022-03-23,2호선,이대,12634,13634
2022-03-23,2호선,아현,9763,9313
2022-03-23,2호선,충정로,9189,9781
2022-03-23,2호선,용답,3074,3251
2022-03-23,2호선,신답,1498,1702
2022-03-23,2호선,신설동,3028,3121
2022-03-23,2호선,도림천,1294,1320
2022-03-23,2호선,양천구청,6245,6424
2022-03-23,2호선,신정네거리,9303,9623
2022-03-23,2호선,용두,2143,2202
2022-03-24,2호선,시청,20860,20378
2022-03-24,2호선,을지로입구,33568,36028
2022-03-24,2호선,을지로3가,19517,19856
2022-03-24,2호선,을지로4가,11669,11712
2022-03-24,2호선,동대문역사문화공원,10727,12712
2022-03-24,2호선,신당,12379,12947
2022-03-24,2호선,상왕십리,12958,12674
2022-03-24,2호선,왕십리,15861,12407
2022-03-24,2호선,한양대,14135,15781
2022-03-24,2호선,뚝섬,19525,20936
2022-03-24,2호선,성수,33801,37999
2022-03-24,2호선,건대입구,31850,32970
2022-03-24,2호선,구의,21837,21117
2022-03-24,2호선,강변,26135,23970
2022-03-24,2호선,잠실나루,12971,12701
2022-03-24,2호선,잠실,56068,55525
2022-03-24,2호선,잠실새내,18362,18214
2022-03-24,2호선,종합운동장,6607,7160
2022-03-24,2호선,삼성,43799,47062
2022-03-24,2호선,선릉,51085,47864
2022-03-24,2호선,역삼,45519,54568
2022-03-24,2호선,강남,71870,73760
2022-03-24,2호선,교대,31191,36831
2022-03-24,2호선,서초,18768,18891
2022-03-24,2호선,방배,17890,19207
2022-03-24,2호선,사당,32509,36446
2022-03-24,2호선,낙성대,24919,23084
2022-03-24,2호선,서울대입구,44148,42161
2022-03-24,2호선,봉천,21717,18831
2022-03-24,2호선,신림,58126,53908
2022-03-24,2호선,신대방,24371,23144
2022-03-24,2호선,구로디지털단지,53717,54371
2022-03-24,2호선,대림,21831,22241
2022-03-24,2호선,신도림,42571,43633
2022-03-24,2호선,문래,20070,20555
2022-03-24,2호선,영등포구청,20772,21397
2022-03-24,2호선,당산,17320,20206
2022-03-24,2호선,합정,28433,29852
2022-03-24,2호선,홍대입구,46287,47123
2022-03-24,2호선,신촌,29528,29480
2022-03-24,2호선,이대,12901,14068
2022-03-24,2호선,아현,9747,9448
2022-03-24,2호선,충정로,9353,9999
2022-03-24,2호선,용답,3022,3269
2022-03-24,2호선,신답,1524,1743
2022-03-24,2호선,신설동,2961,3060
2022-03-24,2호선,도림천,1368,1388
2022-03-24,2호선,양천구청,6262,6337
2022-03-24,2호선,신정네거리,9150,9366
2022-03-24,2호선,용두,2142,2253
2022-03-25,2호선,시청,21342,20321
2022-03-25,2호선,을지로입구,34742,35681
2022-03-25,2호선,을지로3가,20440,20409
2022-03-25,2호선,을지로4가,12067,12008
2022-03-25,2호선,동대문역사문화공원,11347,13043
2022-03-25,2호선,신당,13187,13541
2022-03-25,2호선,상왕십리,13400,13157
2022-03-25,2호선,왕십리,17045,13628
2022-03-25,2호선,한양대,12029,13180
2022-03-25,2호선,뚝섬,20587,21982
2022-03-25,2호선,성수,35572,38910
2022-03-25,2호선,건대입구,35942,37403
2022-03-25,2호선,구의,22482,22136
2022-03-25,2호선,강변,28951,27613
2022-03-25,2호선,잠실나루,13248,12883
2022-03-25,2호선,잠실,60768,60406
2022-03-25,2호선,잠실새내,20087,20539
2022-03-25,2호선,종합운동장,10470,10690
2022-03-25,2호선,삼성,46820,47046
2022-03-25,2호선,선릉,50766,45247
2022-03-25,2호선,역삼,46086,51172
2022-03-25,2호선,강남,80279,78816
2022-03-25,2호선,교대,31427,35595
2022-03-25,2호선,서초,19436,18484
2022-03-25,2호선,방배,17674,18215
2022-03-25,2호선,사당,35355,38246
2022-03-25,2호선,낙성대,26561,24909
2022-03-25,2호선,서울대입구,46545,44446
2022-03-25,2호선,봉천,22569,21001
2022-03-25,2호선,신림,60744,58861
2022-03-25,2호선,신대방,24641,23952
2022-03-25,2호선,구로디지털단지,55056,54903
2022-03-25,2호선,대림,21855,22688
2022-03-25,2호선,신도림,44047,45018
2022-03-25,2호선,문래,20728,20977
2022-03-25,2호선,영등포구청,21381,21938
2022-03-25,2호선,당산,17530,20169
2022-03-25,2호선,합정,30248,32038
2022-03-25,2호선,홍대입구,54450,57269
2022-03-25,2호선,신촌,33309,32758
2022-03-25,2호선,이대,13845,14335
2022-03-25,2호선,아현,10185,9717
2022-03-25,2호선,충정로,9248,9919
2022-03-25,2호선,용답,3027,3155
2022-03-25,2호선,신답,1574,1728
2022-03-25,2호선,신설동,3308,3477
2022-03-25,2호선,도림천,1342,1466
2022-03-25,2호선,양천구청,6289,6651
2022-03-25,2호선,신정네거리,9526,9970
2022-03-25,2호선,용두,2294,2357
2022-03-26,2호선,종합운동장,8423,8901
2022-03-26,2호선,잠실새내,14264,14963
2022-03-26,2호선,잠실,53685,51650
2022-03-26,2호선,잠실나루,6187,6050
2022-03-26,2호선,강변,21071,20922
2022-03-26,2호선,구의,14153,13853
2022-03-26,2호선,건대입구,31081,33214
2022-03-26,2호선,성수,17208,19408
2022-03-26,2호선,뚝섬,11728,12016
2022-03-26,2호선,한양대,4352,4376
2022-03-26,2호선,왕십리,11914,10364
2022-03-26,2호선,상왕십리,8480,7802
2022-03-26,2호선,신당,9103,9426
2022-03-26,2호선,동대문역사문화공원,8519,9840
2022-03-26,2호선,을지로4가,6019,6417
2022-03-26,2호선,을지로3가,9456,9547
2022-03-26,2호선,을지로입구,16952,17566
2022-03-26,2호선,시청,7244,6371
2022-03-26,2호선,용두,1486,1476
2022-03-26,2호선,신정네거리,6030,6046
2022-03-26,2호선,양천구청,3649,3662
2022-03-26,2호선,도림천,756,688
2022-03-26,2호선,신설동,2848,2945
2022-03-26,2호선,신답,881,913
2022-03-26,2호선,용답,2115,2099
2022-03-26,2호선,충정로,4684,4994
2022-03-26,2호선,아현,6390,5978
2022-03-26,2호선,이대,8879,9123
2022-03-26,2호선,신촌,27199,26740
2022-03-26,2호선,홍대입구,56581,61315
2022-03-26,2호선,합정,24472,26551
2022-03-26,2호선,당산,10286,11327
2022-03-26,2호선,영등포구청,10827,11551
2022-03-26,2호선,문래,12002,12757
2022-03-26,2호선,신도림,33103,33942
2022-03-26,2호선,대림,14822,15778
2022-03-26,2호선,구로디지털단지,29395,28665
2022-03-26,2호선,신대방,17221,16547
2022-03-26,2호선,신림,44704,42513
2022-03-26,2호선,봉천,14738,13494
2022-03-26,2호선,서울대입구,32517,31914
2022-03-26,2호선,낙성대,18523,17228
2022-03-26,2호선,사당,25178,28126
2022-03-26,2호선,방배,8721,8887
2022-03-26,2호선,서초,9740,7450
2022-03-26,2호선,교대,15122,16827
2022-03-26,2호선,강남,53819,53565
2022-03-26,2호선,역삼,15920,17504
2022-03-26,2호선,선릉,20846,18155
2022-03-26,2호선,삼성,27527,27798
2022-03-27,2호선,용두,1009,1053
2022-03-27,2호선,신정네거리,4734,4671
2022-03-27,2호선,양천구청,2884,2952
2022-03-27,2호선,도림천,463,472
2022-03-27,2호선,신설동,3366,3347
2022-03-27,2호선,신답,740,854
2022-03-27,2호선,용답,1893,2195
2022-03-27,2호선,충정로,3218,3522
2022-03-27,2호선,아현,4688,4792
2022-03-27,2호선,이대,6622,7427
2022-03-27,2호선,신촌,20393,19514
2022-03-27,2호선,홍대입구,46954,46210
2022-03-27,2호선,합정,19597,20335
2022-03-27,2호선,당산,7974,8523
2022-03-27,2호선,영등포구청,6916,7296
2022-03-27,2호선,문래,7427,7881
2022-03-27,2호선,신도림,25386,25991
2022-03-27,2호선,대림,12429,12677
2022-03-27,2호선,구로디지털단지,20900,20580
2022-03-27,2호선,신대방,13613,13439
2022-03-27,2호선,신림,35161,34614
2022-03-27,2호선,봉천,10987,10738
2022-03-27,2호선,서울대입구,25339,26218
2022-03-27,2호선,낙성대,15029,15560
2022-03-27,2호선,사당,19636,21920
2022-03-27,2호선,방배,6184,6665
2022-03-27,2호선,서초,9892,9122
2022-03-27,2호선,교대,9749,10552
2022-03-27,2호선,강남,32676,31380
2022-03-27,2호선,역삼,10174,11009
2022-03-27,2호선,선릉,12401,10788
2022-03-27,2호선,삼성,18363,17800
2022-03-27,2호선,종합운동장,7762,8091
2022-03-27,2호선,잠실새내,10302,10464
2022-03-27,2호선,잠실,44477,41398
2022-03-27,2호선,잠실나루,4672,4751
2022-03-27,2호선,강변,18138,18001
2022-03-27,2호선,구의,10423,10461
2022-03-27,2호선,건대입구,25729,25935
2022-03-27,2호선,성수,13534,14937
2022-03-27,2호선,뚝섬,10340,10416
2022-03-27,2호선,한양대,2501,2759
2022-03-27,2호선,왕십리,8921,7961
2022-03-27,2호선,상왕십리,6369,6403
2022-03-27,2호선,신당,7449,7991
2022-03-27,2호선,동대문역사문화공원,7415,8944
2022-03-27,2호선,을지로4가,3370,3200
2022-03-27,2호선,을지로3가,7474,6849
2022-03-27,2호선,을지로입구,13789,12651
2022-03-27,2호선,시청,5456,4473
2022-03-28,2호선,시청,20835,20119
2022-03-28,2호선,을지로입구,33873,35050
2022-03-28,2호선,을지로3가,19762,19824
2022-03-28,2호선,을지로4가,11954,11846
2022-03-28,2호선,동대문역사문화공원,10870,12036
2022-03-28,2호선,신당,12495,12943
2022-03-28,2호선,상왕십리,13020,12697
2022-03-28,2호선,왕십리,15524,12134
2022-03-28,2호선,한양대,14455,16232
2022-03-28,2호선,뚝섬,19841,21507
2022-03-28,2호선,성수,33634,36431
2022-03-28,2호선,건대입구,31592,33442
2022-03-28,2호선,구의,21529,21523
2022-03-28,2호선,강변,26401,25312
2022-03-28,2호선,잠실나루,13152,11582
2022-03-28,2호선,잠실,57078,56431
2022-03-28,2호선,잠실새내,18918,18645
2022-03-28,2호선,종합운동장,6515,7187
2022-03-28,2호선,삼성,42318,42820
2022-03-28,2호선,선릉,51426,46077
2022-03-28,2호선,역삼,47332,53104
2022-03-28,2호선,강남,73404,72103
2022-03-28,2호선,교대,30852,34510
2022-03-28,2호선,서초,19239,18800
2022-03-28,2호선,방배,17694,18454
2022-03-28,2호선,사당,31941,35350
2022-03-28,2호선,낙성대,24667,24608
2022-03-28,2호선,서울대입구,43970,43661
2022-03-28,2호선,봉천,22096,20502
2022-03-28,2호선,신림,58089,56425
2022-03-28,2호선,신대방,24322,23968
2022-03-28,2호선,구로디지털단지,54682,54346
2022-03-28,2호선,대림,22295,22795
2022-03-28,2호선,신도림,41779,41537
2022-03-28,2호선,문래,20546,20958
2022-03-28,2호선,영등포구청,21072,21710
2022-03-28,2호선,당산,17418,19955
2022-03-28,2호선,합정,26558,27232
2022-03-28,2호선,홍대입구,44086,45537
2022-03-28,2호선,신촌,29424,29413
2022-03-28,2호선,이대,12796,13791
2022-03-28,2호선,아현,9568,9183
2022-03-28,2호선,충정로,9116,9684
2022-03-28,2호선,용답,3278,3713
2022-03-28,2호선,신답,1621,1801
2022-03-28,2호선,신설동,3155,3209
2022-03-28,2호선,도림천,1313,1376
2022-03-28,2호선,양천구청,6364,6552
2022-03-28,2호선,신정네거리,9473,9762
2022-03-28,2호선,용두,2280,2376
2022-03-29,2호선,시청,21690,21138
2022-03-29,2호선,을지로입구,33904,35094
2022-03-29,2호선,을지로3가,20381,20364
2022-03-29,2호선,을지로4가,12145,12145
2022-03-29,2호선,동대문역사문화공원,11209,12497
2022-03-29,2호선,신당,12920,13237
2022-03-29,2호선,상왕십리,13054,12794
2022-03-29,2호선,왕십리,15933,12409
2022-03-29,2호선,한양대,14851,16686
2022-03-29,2호선,뚝섬,20557,22058
2022-03-29,2호선,성수,34602,37656
2022-03-29,2호선,건대입구,32208,34191
2022-03-29,2호선,구의,22182,21970
2022-03-29,2호선,강변,26248,24770
2022-03-29,2호선,잠실나루,13725,13553
2022-03-29,2호선,잠실,58832,57966
2022-03-29,2호선,잠실새내,19265,19215
2022-03-29,2호선,종합운동장,6781,7500
2022-03-29,2호선,삼성,44744,45173
2022-03-29,2호선,선릉,52522,46651
2022-03-29,2호선,역삼,48092,53992
2022-03-29,2호선,강남,74681,73497
2022-03-29,2호선,교대,31653,35709
2022-03-29,2호선,서초,19837,19226
2022-03-29,2호선,방배,18513,19212
2022-03-29,2호선,사당,33541,36612
2022-03-29,2호선,낙성대,25365,25075
2022-03-29,2호선,서울대입구,45422,44587
2022-03-29,2호선,봉천,22367,20980
2022-03-29,2호선,신림,58758,56951
2022-03-29,2호선,신대방,24887,24356
2022-03-29,2호선,구로디지털단지,55195,55368
2022-03-29,2호선,대림,22438,22992
2022-03-29,2호선,신도림,42020,42053
2022-03-29,2호선,문래,20851,21271
2022-03-29,2호선,영등포구청,21336,21791
2022-03-29,2호선,당산,17827,20553
2022-03-29,2호선,합정,27585,29129
2022-03-29,2호선,홍대입구,45877,46805
2022-03-29,2호선,신촌,29600,30115
2022-03-29,2호선,이대,12799,13758
2022-03-29,2호선,아현,9860,9579
2022-03-29,2호선,충정로,9276,9949
2022-03-29,2호선,용답,3240,3590
2022-03-29,2호선,신답,1575,1807
2022-03-29,2호선,신설동,2845,2941
2022-03-29,2호선,도림천,1354,1439
2022-03-29,2호선,양천구청,6418,6545
2022-03-29,2호선,신정네거리,9534,10016
2022-03-29,2호선,용두,2339,2395
2022-03-30,2호선,시청,21175,20495
2022-03-30,2호선,을지로입구,34682,35972
2022-03-30,2호선,을지로3가,20349,20483
2022-03-30,2호선,을지로4가,11886,11911
2022-03-30,2호선,동대문역사문화공원,11109,12435
2022-03-30,2호선,신당,12737,13293
2022-03-30,2호선,상왕십리,13258,12953
2022-03-30,2호선,왕십리,16183,12663
2022-03-30,2호선,한양대,14300,15998
2022-03-30,2호선,뚝섬,19969,21603
2022-03-30,2호선,성수,34689,37374
2022-03-30,2호선,건대입구,31508,33472
2022-03-30,2호선,구의,21964,21742
2022-03-30,2호선,강변,25816,23958
2022-03-30,2호선,잠실나루,13331,12993
2022-03-30,2호선,잠실,57338,56733
2022-03-30,2호선,잠실새내,18828,18713
2022-03-30,2호선,종합운동장,6367,7091
2022-03-30,2호선,삼성,46580,47490
2022-03-30,2호선,선릉,51653,46002
2022-03-30,2호선,역삼,47884,53403
2022-03-30,2호선,강남,73914,72356
2022-03-30,2호선,교대,31242,35114
2022-03-30,2호선,서초,20014,19628
2022-03-30,2호선,방배,18163,18941
2022-03-30,2호선,사당,32988,36198
2022-03-30,2호선,낙성대,25321,24780
2022-03-30,2호선,서울대입구,44456,43860
2022-03-30,2호선,봉천,22235,20607
2022-03-30,2호선,신림,58619,56965
2022-03-30,2호선,신대방,24232,23790
2022-03-30,2호선,구로디지털단지,54636,54715
2022-03-30,2호선,대림,21874,22397
2022-03-30,2호선,신도림,42772,42920
2022-03-30,2호선,문래,20484,20846
2022-03-30,2호선,영등포구청,21246,21753
2022-03-30,2호선,당산,17521,20256
2022-03-30,2호선,합정,27379,28567
2022-03-30,2호선,홍대입구,45257,46976
2022-03-30,2호선,신촌,29532,29738
2022-03-30,2호선,이대,12928,13698
2022-03-30,2호선,아현,9927,9412
2022-03-30,2호선,충정로,9333,9926
2022-03-30,2호선,용답,3018,3184
2022-03-30,2호선,신답,1558,1765
2022-03-30,2호선,신설동,3127,3098
2022-03-30,2호선,도림천,1380,1450
2022-03-30,2호선,양천구청,6386,6541
2022-03-30,2호선,신정네거리,9447,9835
2022-03-30,2호선,용두,2156,2276
2022-03-31,2호선,시청,21764,20983
2022-03-31,2호선,을지로입구,34921,36482
2022-03-31,2호선,을지로3가,20113,20253
2022-03-31,2호선,을지로4가,12023,12225
2022-03-31,2호선,동대문역사문화공원,11031,12573
2022-03-31,2호선,신당,13053,13402
2022-03-31,2호선,상왕십리,13225,12973
2022-03-31,2호선,왕십리,16211,12925
2022-03-31,2호선,한양대,14441,16290
2022-03-31,2호선,뚝섬,20974,22443
2022-03-31,2호선,성수,34908,38338
2022-03-31,2호선,건대입구,33524,35238
2022-03-31,2호선,구의,22517,21860
2022-03-31,2호선,강변,26821,24995
2022-03-31,2호선,잠실나루,13395,12980
2022-03-31,2호선,잠실,59884,59654
2022-03-31,2호선,잠실새내,19096,19235
2022-03-31,2호선,종합운동장,6561,7052
2022-03-31,2호선,삼성,47571,48545
2022-03-31,2호선,선릉,52012,46673
2022-03-31,2호선,역삼,46306,52665
2022-03-31,2호선,강남,75290,73710
2022-03-31,2호선,교대,31680,35514
2022-03-31,2호선,서초,19825,19391
2022-03-31,2호선,방배,18381,19245
2022-03-31,2호선,사당,33532,37019
2022-03-31,2호선,낙성대,25625,25064
2022-03-31,2호선,서울대입구,45223,44270
2022-03-31,2호선,봉천,22393,20911
2022-03-31,2호선,신림,60054,57534
2022-03-31,2호선,신대방,25018,24504
2022-03-31,2호선,구로디지털단지,55550,55199
2022-03-31,2호선,대림,22161,22570
2022-03-31,2호선,신도림,43616,44047
2022-03-31,2호선,문래,20679,20973
2022-03-31,2호선,영등포구청,21261,21893
2022-03-31,2호선,당산,17978,20838
2022-03-31,2호선,합정,28403,29605
2022-03-31,2호선,홍대입구,48076,50160
2022-03-31,2호선,신촌,30013,30306
2022-03-31,2호선,이대,13231,13834
2022-03-31,2호선,아현,9945,9493
2022-03-31,2호선,충정로,9340,10009
2022-03-31,2호선,용답,3174,3307
2022-03-31,2호선,신답,1531,1780
2022-03-31,2호선,신설동,3051,3109
2022-03-31,2호선,도림천,1344,1397
2022-03-31,2호선,양천구청,6286,6618
2022-03-31,2호선,신정네거리,9615,10027
2022-03-31,2호선,용두,2211,2283
2022-04-01,2호선,시청,21848,21331
2022-04-01,2호선,을지로입구,36620,37857
2022-04-01,2호선,을지로3가,21663,22050
2022-04-01,2호선,을지로4가,12527,12724
2022-04-01,2호선,동대문역사문화공원,12146,13895
2022-04-01,2호선,신당,13793,14238
2022-04-01,2호선,상왕십리,13993,13510
2022-04-01,2호선,왕십리,17569,14423
2022-04-01,2호선,한양대,12721,13848
2022-04-01,2호선,뚝섬,22608,23885
2022-04-01,2호선,성수,36504,39659
2022-04-01,2호선,건대입구,38640,40837
2022-04-01,2호선,구의,23373,22662
2022-04-01,2호선,강변,30381,28921
2022-04-01,2호선,잠실나루,13537,11695
2022-04-01,2호선,잠실,69024,69044
2022-04-01,2호선,잠실새내,20846,21324
2022-04-01,2호선,종합운동장,6711,7250
2022-04-01,2호선,삼성,47389,47950
2022-04-01,2호선,선릉,51279,45602
2022-04-01,2호선,역삼,45862,51594
2022-04-01,2호선,강남,81663,80892
2022-04-01,2호선,교대,32275,36305
2022-04-01,2호선,서초,20665,19629
2022-04-01,2호선,방배,18134,18842
2022-04-01,2호선,사당,36112,40286
2022-04-01,2호선,낙성대,27203,25344
2022-04-01,2호선,서울대입구,48258,47114
2022-04-01,2호선,봉천,23137,21123
2022-04-01,2호선,신림,62771,60285
2022-04-01,2호선,신대방,25956,25143
2022-04-01,2호선,구로디지털단지,56725,56240
2022-04-01,2호선,대림,22732,23398
2022-04-01,2호선,신도림,45947,47027
2022-04-01,2호선,문래,21332,22048
2022-04-01,2호선,영등포구청,21752,22567
2022-04-01,2호선,당산,18724,21709
2022-04-01,2호선,합정,31551,33815
2022-04-01,2호선,홍대입구,56121,60931
2022-04-01,2호선,신촌,35779,35591
2022-04-01,2호선,이대,13995,14492
2022-04-01,2호선,아현,10424,9717
2022-04-01,2호선,충정로,9414,10032
2022-04-01,2호선,용답,3023,3177
2022-04-01,2호선,신답,1595,1781
2022-04-01,2호선,신설동,3555,3038
2022-04-01,2호선,도림천,1343,1420
2022-04-01,2호선,양천구청,6497,6770
2022-04-01,2호선,신정네거리,9867,10363
2022-04-01,2호선,용두,2281,2410
2022-04-02,2호선,시청,8318,7507
2022-04-02,2호선,용두,1763,1665
2022-04-02,2호선,신정네거리,7265,7267
2022-04-02,2호선,양천구청,4424,4461
2022-04-02,2호선,도림천,841,832
2022-04-02,2호선,신설동,3398,1703
2022-04-02,2호선,신답,1038,1061
2022-04-02,2호선,용답,2269,2340
2022-04-02,2호선,충정로,5015,5478
2022-04-02,2호선,아현,6951,6638
2022-04-02,2호선,이대,10039,10466
2022-04-02,2호선,신촌,29269,28408
2022-04-02,2호선,홍대입구,63406,67291
2022-04-02,2호선,합정,28045,30701
2022-04-02,2호선,당산,12522,13410
2022-04-02,2호선,영등포구청,11788,12286
2022-04-02,2호선,문래,13159,13592
2022-04-02,2호선,신도림,38203,39208
2022-04-02,2호선,대림,17284,18123
2022-04-02,2호선,구로디지털단지,32307,31415
2022-04-02,2호선,신대방,19293,18489
2022-04-02,2호선,신림,49280,46809
2022-04-02,2호선,봉천,16425,14947
2022-04-02,2호선,서울대입구,36179,35411
2022-04-02,2호선,낙성대,21235,18478
2022-04-02,2호선,사당,28587,31886
2022-04-02,2호선,방배,9474,9752
2022-04-02,2호선,서초,10191,8355
2022-04-02,2호선,교대,15964,17546
2022-04-02,2호선,강남,57229,57273
2022-04-02,2호선,역삼,16784,18201
2022-04-02,2호선,선릉,22459,19670
2022-04-02,2호선,삼성,30343,30525
2022-04-02,2호선,종합운동장,14414,16092
2022-04-02,2호선,잠실새내,17654,17798
2022-04-02,2호선,잠실,75696,73365
2022-04-02,2호선,잠실나루,7005,6197
2022-04-02,2호선,강변,24280,24215
2022-04-02,2호선,구의,15985,15376
2022-04-02,2호선,건대입구,37902,38949
2022-04-02,2호선,성수,21006,23482
2022-04-02,2호선,뚝섬,18005,17458
2022-04-02,2호선,한양대,4606,4925
2022-04-02,2호선,왕십리,13554,11722
2022-04-02,2호선,상왕십리,9423,8716
2022-04-02,2호선,신당,11052,11573
2022-04-02,2호선,동대문역사문화공원,10437,12013
2022-04-02,2호선,을지로4가,6847,7313
2022-04-02,2호선,을지로3가,10953,10637
2022-04-02,2호선,을지로입구,19342,19213
2022-04-03,2호선,용두,1144,1132
2022-04-03,2호선,신정네거리,4874,4988
2022-04-03,2호선,양천구청,3079,3164
2022-04-03,2호선,도림천,467,496
2022-04-03,2호선,신설동,3259,1748
2022-04-03,2호선,신답,815,871
2022-04-03,2호선,용답,1838,2029
2022-04-03,2호선,충정로,3410,3654
2022-04-03,2호선,아현,4962,4893
2022-04-03,2호선,이대,6775,7428
2022-04-03,2호선,신촌,20966,20281
2022-04-03,2호선,홍대입구,46727,45690
2022-04-03,2호선,합정,19254,20673
2022-04-03,2호선,당산,8875,9229
2022-04-03,2호선,영등포구청,7922,8373
2022-04-03,2호선,문래,7986,8340
2022-04-03,2호선,신도림,25731,26436
2022-04-03,2호선,대림,13285,13546
2022-04-03,2호선,구로디지털단지,22390,21986
2022-04-03,2호선,신대방,14477,14422
2022-04-03,2호선,신림,35450,35340
2022-04-03,2호선,봉천,11494,11170
2022-04-03,2호선,서울대입구,26062,27064
2022-04-03,2호선,낙성대,15270,15996
2022-04-03,2호선,사당,20116,22898
2022-04-03,2호선,방배,6342,6761
2022-04-03,2호선,서초,11096,10244
2022-04-03,2호선,교대,9968,10799
2022-04-03,2호선,강남,31960,31026
2022-04-03,2호선,역삼,10138,11147
2022-04-03,2호선,선릉,12535,10762
2022-04-03,2호선,삼성,18282,17260
2022-04-03,2호선,종합운동장,11513,12465
2022-04-03,2호선,잠실새내,11472,11434
2022-04-03,2호선,잠실,58223,54111
2022-04-03,2호선,잠실나루,4889,5146
2022-04-03,2호선,강변,19907,19983
2022-04-03,2호선,구의,10806,10908
2022-04-03,2호선,건대입구,27795,27723
2022-04-03,2호선,성수,14398,15867
2022-04-03,2호선,뚝섬,12845,12528
2022-04-03,2호선,한양대,2594,3096
2022-04-03,2호선,왕십리,9506,8434
2022-04-03,2호선,상왕십리,6534,6578
2022-04-03,2호선,신당,7838,8461
2022-04-03,2호선,동대문역사문화공원,8011,9816
2022-04-03,2호선,을지로4가,3361,3306
2022-04-03,2호선,을지로3가,7842,7015
2022-04-03,2호선,을지로입구,14403,13186
2022-04-03,2호선,시청,5604,4753
2022-04-04,2호선,시청,21474,21090
2022-04-04,2호선,을지로입구,35316,36350
2022-04-04,2호선,을지로3가,20136,20378
2022-04-04,2호선,을지로4가,12084,12246
2022-04-04,2호선,동대문역사문화공원,10740,12115
2022-04-04,2호선,신당,12856,13315
2022-04-04,2호선,상왕십리,13569,13195
2022-04-04,2호선,왕십리,15817,12391
2022-04-04,2호선,한양대,14476,16482
2022-04-04,2호선,뚝섬,20645,22530
2022-04-04,2호선,성수,34919,37918
2022-04-04,2호선,건대입구,33245,35382
2022-04-04,2호선,구의,22407,22035
2022-04-04,2호선,강변,27826,26423
2022-04-04,2호선,잠실나루,13660,13525
2022-04-04,2호선,잠실,64255,64016
2022-04-04,2호선,잠실새내,19571,19429
2022-04-04,2호선,종합운동장,6933,7785
2022-04-04,2호선,삼성,46160,46905
2022-04-04,2호선,선릉,53179,47567
2022-04-04,2호선,역삼,49488,55461
2022-04-04,2호선,강남,76003,75307
2022-04-04,2호선,교대,31898,35912
2022-04-04,2호선,서초,20156,19379
2022-04-04,2호선,방배,18255,18826
2022-04-04,2호선,사당,32692,36801
2022-04-04,2호선,낙성대,25580,25436
2022-04-04,2호선,서울대입구,45087,44804
2022-04-04,2호선,봉천,22821,21128
2022-04-04,2호선,신림,59587,57535
2022-04-04,2호선,신대방,25354,24892
2022-04-04,2호선,구로디지털단지,55868,56060
2022-04-04,2호선,대림,23039,23352
2022-04-04,2호선,신도림,43603,42962
2022-04-04,2호선,문래,21009,21437
2022-04-04,2호선,영등포구청,21588,22419
2022-04-04,2호선,당산,18016,20690
2022-04-04,2호선,합정,27205,28264
2022-04-04,2호선,홍대입구,45432,47362
2022-04-04,2호선,신촌,30264,30832
2022-04-04,2호선,이대,12922,13898
2022-04-04,2호선,아현,9786,9266
2022-04-04,2호선,충정로,9496,10024
2022-04-04,2호선,용답,3184,3322
2022-04-04,2호선,신답,1581,1879
2022-04-04,2호선,신설동,3097,1706
2022-04-04,2호선,도림천,1366,1460
2022-04-04,2호선,양천구청,6501,6734
2022-04-04,2호선,신정네거리,9910,10171
2022-04-04,2호선,용두,2248,2372
2022-04-05,2호선,시청,22546,22079
2022-04-05,2호선,을지로입구,35970,37300
2022-04-05,2호선,을지로3가,20833,20909
2022-04-05,2호선,을지로4가,12352,12402
2022-04-05,2호선,동대문역사문화공원,11141,12401
2022-04-05,2호선,신당,13210,13892
2022-04-05,2호선,상왕십리,13657,13257
2022-04-05,2호선,왕십리,15913,12431
2022-04-05,2호선,한양대,15383,17011
2022-04-05,2호선,뚝섬,21369,23024
2022-04-05,2호선,성수,35974,39200
2022-04-05,2호선,건대입구,33749,36088
2022-04-05,2호선,구의,22885,22573
2022-04-05,2호선,강변,27206,25695
2022-04-05,2호선,잠실나루,14415,13985
2022-04-05,2호선,잠실,67590,67230
2022-04-05,2호선,잠실새내,19966,20068
2022-04-05,2호선,종합운동장,9646,10490
2022-04-05,2호선,삼성,47137,47803
2022-04-05,2호선,선릉,54240,48365
2022-04-05,2호선,역삼,49665,55687
2022-04-05,2호선,강남,77221,76703
2022-04-05,2호선,교대,32950,36972
2022-04-05,2호선,서초,20802,20402
2022-04-05,2호선,방배,19032,19921
2022-04-05,2호선,사당,34634,38544
2022-04-05,2호선,낙성대,26196,25758
2022-04-05,2호선,서울대입구,46645,45856
2022-04-05,2호선,대림,23064,23589
2022-04-05,2호선,구로디지털단지,56798,56856
2022-04-05,2호선,신대방,26016,25289
2022-04-05,2호선,신림,60713,58617
2022-04-05,2호선,봉천,23090,21270
2022-04-05,2호선,신도림,44532,44139
2022-04-05,2호선,문래,21268,21512
2022-04-05,2호선,영등포구청,21853,22607
2022-04-05,2호선,당산,18786,21282
2022-04-05,2호선,합정,28196,29408
2022-04-05,2호선,홍대입구,46307,48735
2022-04-05,2호선,신촌,30526,31307
2022-04-05,2호선,이대,13396,14332
2022-04-05,2호선,아현,10408,9946
2022-04-05,2호선,충정로,9671,10266
2022-04-05,2호선,용답,3167,3332
2022-04-05,2호선,신답,1620,1853
2022-04-05,2호선,신설동,3041,1697
2022-04-05,2호선,도림천,1371,1519
2022-04-05,2호선,양천구청,6666,6896
2022-04-05,2호선,신정네거리,9936,10130
2022-04-05,2호선,용두,2287,2381
2022-04-06,2호선,용두,2301,2372
2022-04-06,2호선,신정네거리,10007,10300
2022-04-06,2호선,양천구청,6543,6804
2022-04-06,2호선,도림천,1426,1480
2022-04-06,2호선,신설동,3124,1792
2022-04-06,2호선,신답,1583,1872
2022-04-06,2호선,용답,3236,3194
2022-04-06,2호선,충정로,9860,10446
2022-04-06,2호선,아현,10485,9846
2022-04-06,2호선,이대,13657,14536
2022-04-06,2호선,신촌,30966,31609
2022-04-06,2호선,홍대입구,48396,50874
2022-04-06,2호선,합정,29419,30774
2022-04-06,2호선,당산,18867,21555
2022-04-06,2호선,영등포구청,22325,23027
2022-04-06,2호선,문래,21645,21995
2022-04-06,2호선,신도림,45429,45315
2022-04-06,2호선,대림,23199,23619
2022-04-06,2호선,구로디지털단지,56841,57080
2022-04-06,2호선,신대방,26097,25586
2022-04-06,2호선,신림,61277,59160
2022-04-06,2호선,봉천,23484,21744
2022-04-06,2호선,서울대입구,46769,45779
2022-04-06,2호선,낙성대,26770,25864
2022-04-06,2호선,사당,35073,38984
2022-04-06,2호선,방배,18842,19735
2022-04-06,2호선,서초,20931,20366
2022-04-06,2호선,교대,32786,36807
2022-04-06,2호선,강남,77317,76566
2022-04-06,2호선,역삼,50138,56131
2022-04-06,2호선,선릉,54844,48990
2022-04-06,2호선,삼성,48922,49802
2022-04-06,2호선,종합운동장,9618,10406
2022-04-06,2호선,잠실새내,20300,20153
2022-04-06,2호선,잠실,73160,73639
2022-04-06,2호선,잠실나루,14257,13973
2022-04-06,2호선,강변,27822,25658
2022-04-06,2호선,구의,22931,22305
2022-04-06,2호선,건대입구,33968,36257
2022-04-06,2호선,성수,36457,39851
2022-04-06,2호선,뚝섬,22041,23350
2022-04-06,2호선,한양대,14838,16430
2022-04-06,2호선,왕십리,16376,13195
2022-04-06,2호선,상왕십리,14067,13574
2022-04-06,2호선,신당,13665,14209
2022-04-06,2호선,동대문역사문화공원,11385,12849
2022-04-06,2호선,을지로4가,12476,12395
2022-04-06,2호선,을지로3가,21494,21608
2022-04-06,2호선,을지로입구,36446,37768
2022-04-06,2호선,시청,22592,22337
2022-04-07,2호선,용두,2316,2317
2022-04-07,2호선,신정네거리,10047,10291
2022-04-07,2호선,양천구청,6512,6774
2022-04-07,2호선,도림천,1444,1549
2022-04-07,2호선,신설동,3239,1746
2022-04-07,2호선,신답,1639,1842
2022-04-07,2호선,용답,3114,3269
2022-04-07,2호선,충정로,9645,10348
2022-04-07,2호선,아현,10529,9953
2022-04-07,2호선,이대,13638,14374
2022-04-07,2호선,신촌,31649,32276
2022-04-07,2호선,홍대입구,49511,52103
2022-04-07,2호선,합정,29720,31339
2022-04-07,2호선,당산,19164,21746
2022-04-07,2호선,영등포구청,22216,22783
2022-04-07,2호선,문래,21602,21907
2022-04-07,2호선,신도림,45801,45922
2022-04-07,2호선,대림,23246,23513
2022-04-07,2호선,구로디지털단지,57775,57444
2022-04-07,2호선,신대방,26385,25823
2022-04-07,2호선,신림,61825,59321
2022-04-07,2호선,봉천,23389,21678
2022-04-07,2호선,서울대입구,46987,45985
2022-04-07,2호선,낙성대,26628,26080
2022-04-07,2호선,사당,35235,38986
2022-04-07,2호선,방배,19262,19935
2022-04-07,2호선,서초,20910,20207
2022-04-07,2호선,교대,33265,37664
2022-04-07,2호선,강남,78855,78015
2022-04-07,2호선,역삼,50154,56525
2022-04-07,2호선,선릉,54623,48919
2022-04-07,2호선,삼성,49497,50525
2022-04-07,2호선,종합운동장,9279,9986
2022-04-07,2호선,잠실새내,20593,20394
2022-04-07,2호선,잠실,76368,76338
2022-04-07,2호선,잠실나루,14413,14138
2022-04-07,2호선,강변,28479,26436
2022-04-07,2호선,구의,23184,22640
2022-04-07,2호선,건대입구,34574,37034
2022-04-07,2호선,성수,36402,39905
2022-04-07,2호선,뚝섬,22503,23863
2022-04-07,2호선,한양대,14705,16266
2022-04-07,2호선,왕십리,16484,13155
2022-04-07,2호선,상왕십리,13956,13563
2022-04-07,2호선,신당,13689,14152
2022-04-07,2호선,동대문역사문화공원,11454,12928
2022-04-07,2호선,을지로4가,12645,12697
2022-04-07,2호선,을지로3가,21374,21311
2022-04-07,2호선,을지로입구,36816,38502
2022-04-07,2호선,시청,23028,22205
2022-04-08,2호선,사당,37739,42287
2022-04-08,2호선,낙성대,28411,25892
2022-04-08,2호선,서울대입구,49513,47746
2022-04-08,2호선,봉천,24042,21361
2022-04-08,2호선,신림,64711,61479
2022-04-08,2호선,신대방,27290,26398
2022-04-08,2호선,구로디지털단지,58027,57515
2022-04-08,2호선,대림,23820,23906
2022-04-08,2호선,신도림,48139,49512
2022-04-08,2호선,문래,21803,22667
2022-04-08,2호선,영등포구청,22210,22966
2022-04-08,2호선,당산,19689,22184
2022-04-08,2호선,합정,32228,35411
2022-04-08,2호선,홍대입구,55998,62878
2022-04-08,2호선,신촌,34481,35036
2022-04-08,2호선,이대,14595,14817
2022-04-08,2호선,아현,10831,9997
2022-04-08,2호선,충정로,9827,10264
2022-04-08,2호선,용답,3299,3254
2022-04-08,2호선,신답,1714,1837
2022-04-08,2호선,신설동,3544,1854
2022-04-08,2호선,도림천,1712,1932
2022-04-08,2호선,양천구청,6807,6903
2022-04-08,2호선,신정네거리,10405,10574
2022-04-08,2호선,용두,2463,2543
2022-04-08,2호선,방배,18603,19234
2022-04-08,2호선,시청,22992,22429
2022-04-08,2호선,을지로입구,37487,39254
2022-04-08,2호선,을지로3가,21756,22557
2022-04-08,2호선,을지로4가,12919,12933
2022-04-08,2호선,동대문역사문화공원,12168,13613
2022-04-08,2호선,신당,14238,14622
2022-04-08,2호선,상왕십리,14728,14099
2022-04-08,2호선,왕십리,17716,14516
2022-04-08,2호선,한양대,13219,14187
2022-04-08,2호선,뚝섬,24959,26293
2022-04-08,2호선,성수,37698,42217
2022-04-08,2호선,건대입구,38919,42422
2022-04-08,2호선,구의,23972,23176
2022-04-08,2호선,강변,32715,30750
2022-04-08,2호선,잠실나루,14625,13945
2022-04-08,2호선,잠실,95304,95925
2022-04-08,2호선,잠실새내,22418,23002
2022-04-08,2호선,종합운동장,11681,13279
2022-04-08,2호선,삼성,49982,50452
2022-04-08,2호선,선릉,54454,48460
2022-04-08,2호선,역삼,48587,54663
2022-04-08,2호선,강남,84552,86323
2022-04-08,2호선,교대,33848,38073
2022-04-08,2호선,서초,21284,19894
2022-04-09,2호선,용두,1711,1755
2022-04-09,2호선,신정네거리,7387,7265
2022-04-09,2호선,양천구청,4570,4385
2022-04-09,2호선,도림천,1424,1696
2022-04-09,2호선,신설동,3557,1815
2022-04-09,2호선,신답,1149,1158
2022-04-09,2호선,용답,2451,2236
2022-04-09,2호선,충정로,5729,6170
2022-04-09,2호선,아현,7577,6933
2022-04-09,2호선,이대,10623,10853
2022-04-09,2호선,신촌,30238,29869
2022-04-09,2호선,홍대입구,61157,68056
2022-04-09,2호선,합정,28550,32654
2022-04-09,2호선,당산,15065,15560
2022-04-09,2호선,영등포구청,13053,13349
2022-04-09,2호선,문래,13132,13703
2022-04-09,2호선,신도림,40620,41887
2022-04-09,2호선,대림,17548,18314
2022-04-09,2호선,구로디지털단지,33760,32943
2022-04-09,2호선,신대방,21459,20581
2022-04-09,2호선,신림,51066,47976
2022-04-09,2호선,봉천,17391,15604
2022-04-09,2호선,서울대입구,38471,37123
2022-04-09,2호선,낙성대,22266,20461
2022-04-09,2호선,사당,31337,35302
2022-04-09,2호선,방배,9903,10039
2022-04-09,2호선,서초,11793,9402
2022-04-09,2호선,교대,17414,19592
2022-04-09,2호선,강남,58449,61047
2022-04-09,2호선,역삼,17561,19532
2022-04-09,2호선,선릉,23688,21111
2022-04-09,2호선,삼성,26822,27171
2022-04-09,2호선,종합운동장,13073,14357
2022-04-09,2호선,잠실새내,19798,19840
2022-04-09,2호선,잠실,122543,118237
2022-04-09,2호선,잠실나루,8542,8365
2022-04-09,2호선,강변,28111,27777
2022-04-09,2호선,구의,16851,16162
2022-04-09,2호선,건대입구,39289,42217
2022-04-09,2호선,성수,21902,24339
2022-04-09,2호선,뚝섬,22743,21441
2022-04-09,2호선,한양대,5402,5600
2022-04-09,2호선,왕십리,14041,12174
2022-04-09,2호선,상왕십리,10095,9320
2022-04-09,2호선,신당,11141,11819
2022-04-09,2호선,동대문역사문화공원,10219,12072
2022-04-09,2호선,을지로4가,7280,7662
2022-04-09,2호선,을지로3가,11306,11432
2022-04-09,2호선,을지로입구,21288,21600
2022-04-09,2호선,시청,9748,8704
2022-04-10,2호선,시청,6784,5687
2022-04-10,2호선,을지로입구,16019,14410
2022-04-10,2호선,을지로3가,8608,8002
2022-04-10,2호선,을지로4가,3737,3609
2022-04-10,2호선,동대문역사문화공원,8142,9913
2022-04-10,2호선,신당,8713,9281
2022-04-10,2호선,상왕십리,7358,7147
2022-04-10,2호선,왕십리,10242,9075
2022-04-10,2호선,한양대,3171,3537
2022-04-10,2호선,뚝섬,17734,16455
2022-04-10,2호선,성수,15717,16941
2022-04-10,2호선,건대입구,30689,30940
2022-04-10,2호선,구의,12228,12180
2022-04-10,2호선,강변,22935,22888
2022-04-10,2호선,잠실나루,6211,6402
2022-04-10,2호선,잠실,92633,87117
2022-04-10,2호선,잠실새내,13074,12923
2022-04-10,2호선,종합운동장,8402,9380
2022-04-10,2호선,삼성,19355,18834
2022-04-10,2호선,선릉,13451,11720
2022-04-10,2호선,역삼,11060,11779
2022-04-10,2호선,강남,34410,34315
2022-04-10,2호선,교대,10594,11467
2022-04-10,2호선,서초,11602,10394
2022-04-10,2호선,방배,6597,7107
2022-04-10,2호선,사당,22494,25577
2022-04-10,2호선,낙성대,16640,17170
2022-04-10,2호선,서울대입구,28406,29297
2022-04-10,2호선,봉천,12928,12223
2022-04-10,2호선,신림,39124,37834
2022-04-10,2호선,신대방,16881,16746
2022-04-10,2호선,구로디지털단지,24251,23579
2022-04-10,2호선,대림,15176,15559
2022-04-10,2호선,신도림,28719,29597
2022-04-10,2호선,문래,8472,8537
2022-04-10,2호선,영등포구청,8310,8552
2022-04-10,2호선,당산,10855,11417
2022-04-10,2호선,합정,22346,24670
2022-04-10,2호선,홍대입구,46801,47730
2022-04-10,2호선,신촌,22655,21728
2022-04-10,2호선,이대,7577,8036
2022-04-10,2호선,아현,5389,5357
2022-04-10,2호선,충정로,3836,4168
2022-04-10,2호선,용답,1935,1907
2022-04-10,2호선,신답,846,925
2022-04-10,2호선,신설동,3265,1756
2022-04-10,2호선,도림천,1150,1429
2022-04-10,2호선,양천구청,3246,3338
2022-04-10,2호선,신정네거리,5549,5533
2022-04-10,2호선,용두,1158,1148
2022-04-11,2호선,용두,2340,2400
2022-04-11,2호선,신정네거리,10105,10188
2022-04-11,2호선,양천구청,6715,6893
2022-04-11,2호선,도림천,1604,1705
2022-04-11,2호선,구로디지털단지,57947,57844
2022-04-11,2호선,신대방,26666,26026
2022-04-11,2호선,신림,61145,59054
2022-04-11,2호선,봉천,23472,21711
2022-04-11,2호선,서울대입구,46668,46275
2022-04-11,2호선,낙성대,26470,26341
2022-04-11,2호선,사당,34295,38415
2022-04-11,2호선,방배,18818,19476
2022-04-11,2호선,서초,20862,20014
2022-04-11,2호선,교대,32920,37073
2022-04-11,2호선,강남,77999,77552
2022-04-11,2호선,역삼,50824,57008
2022-04-11,2호선,선릉,55569,49564
2022-04-11,2호선,삼성,45756,46763
2022-04-11,2호선,종합운동장,6899,7690
2022-04-11,2호선,잠실새내,20866,20385
2022-04-11,2호선,잠실,80428,80550
2022-04-11,2호선,잠실나루,14715,14544
2022-04-11,2호선,강변,29111,28005
2022-04-11,2호선,구의,23217,23020
2022-04-11,2호선,건대입구,34428,36947
2022-04-11,2호선,성수,35798,39080
2022-04-11,2호선,뚝섬,22616,24227
2022-04-11,2호선,한양대,14822,16609
2022-04-11,2호선,왕십리,16182,12643
2022-04-11,2호선,상왕십리,13889,13610
2022-04-11,2호선,신당,13417,13763
2022-04-11,2호선,동대문역사문화공원,11126,12470
2022-04-11,2호선,을지로4가,12530,12494
2022-04-11,2호선,을지로3가,21292,21438
2022-04-11,2호선,을지로입구,36441,37946
2022-04-11,2호선,시청,22330,21835
2022-04-11,2호선,문래,21489,21830
2022-04-11,2호선,영등포구청,21961,22816
2022-04-11,2호선,당산,19019,21945
2022-04-11,2호선,합정,28754,30055
2022-04-11,2호선,홍대입구,46880,48722
2022-04-11,2호선,신촌,30840,31311
2022-04-11,2호선,이대,13589,14601
2022-04-11,2호선,아현,10237,9719
2022-04-11,2호선,충정로,9728,10413
2022-04-11,2호선,용답,3255,3443
2022-04-11,2호선,신답,1631,1899
2022-04-11,2호선,신설동,3222,1734
2022-04-11,2호선,대림,23927,24304
2022-04-11,2호선,신도림,45596,45468
2022-04-12,2호선,시청,23280,22723
2022-04-12,2호선,을지로입구,37663,38874
2022-04-12,2호선,을지로4가,12678,12671
2022-04-12,2호선,동대문역사문화공원,11125,12496
2022-04-12,2호선,신당,13796,14387
2022-04-12,2호선,상왕십리,14105,13901
2022-04-12,2호선,왕십리,16312,12680
2022-04-12,2호선,한양대,15929,17181
2022-04-12,2호선,뚝섬,22442,23771
2022-04-12,2호선,성수,37217,40410
2022-04-12,2호선,건대입구,34058,36116
2022-04-12,2호선,구의,23627,23356
2022-04-12,2호선,강변,28151,26335
2022-04-12,2호선,잠실나루,14774,14446
2022-04-12,2호선,잠실,71244,70497
2022-04-12,2호선,잠실새내,20633,20375
2022-04-12,2호선,종합운동장,9634,10652
2022-04-12,2호선,삼성,47728,48235
2022-04-12,2호선,선릉,56317,50218
2022-04-12,2호선,역삼,51613,57776
2022-04-12,2호선,강남,79450,78812
2022-04-12,2호선,교대,34513,39187
2022-04-12,2호선,서초,21724,21059
2022-04-12,2호선,방배,19485,20364
2022-04-12,2호선,사당,35964,39855
2022-04-12,2호선,낙성대,27013,26692
2022-04-12,2호선,서울대입구,47388,46504
2022-04-12,2호선,봉천,23671,21805
2022-04-12,2호선,신림,61910,59997
2022-04-12,2호선,신대방,26746,26060
2022-04-12,2호선,구로디지털단지,58408,58564
2022-04-12,2호선,대림,23694,24260
2022-04-12,2호선,신도림,45542,45330
2022-04-12,2호선,문래,22039,22444
2022-04-12,2호선,영등포구청,22512,23338
2022-04-12,2호선,당산,18984,21840
2022-04-12,2호선,합정,29340,30751
2022-04-12,2호선,홍대입구,48148,49970
2022-04-12,2호선,신촌,31507,31814
2022-04-12,2호선,이대,13612,14552
2022-04-12,2호선,아현,10615,10092
2022-04-12,2호선,충정로,9920,10587
2022-04-12,2호선,용답,3237,3409
2022-04-12,2호선,신답,1575,1920
2022-04-12,2호선,신설동,3012,1670
2022-04-12,2호선,도림천,1458,1520
2022-04-12,2호선,양천구청,6777,7092
2022-04-12,2호선,신정네거리,10127,10434
2022-04-12,2호선,용두,2286,2346
2022-04-12,2호선,을지로3가,22006,21689
2022-04-13,2호선,용두,2245,2279
2022-04-13,2호선,신정네거리,9920,10355
2022-04-13,2호선,양천구청,6641,6940
2022-04-13,2호선,도림천,1399,1521
2022-04-13,2호선,신설동,3147,1745
2022-04-13,2호선,신답,1577,1815
2022-04-13,2호선,용답,3034,3236
2022-04-13,2호선,충정로,10101,10720
2022-04-13,2호선,아현,10400,9854
2022-04-13,2호선,이대,13396,14022
2022-04-13,2호선,신촌,30917,31523
2022-04-13,2호선,홍대입구,47728,50183
2022-04-13,2호선,합정,28970,30529
2022-04-13,2호선,당산,18704,21690
2022-04-13,2호선,영등포구청,22566,23156
2022-04-13,2호선,문래,21817,22120
2022-04-13,2호선,신도림,46554,46617
2022-04-13,2호선,대림,23098,23560
2022-04-13,2호선,구로디지털단지,58064,57855
2022-04-13,2호선,신대방,25855,25380
2022-04-13,2호선,신림,61868,59781
2022-04-13,2호선,봉천,23356,21685
2022-04-13,2호선,서울대입구,46511,45592
2022-04-13,2호선,낙성대,26671,26225
2022-04-13,2호선,사당,35564,39196
2022-04-13,2호선,방배,19228,19853
2022-04-13,2호선,서초,21544,20976
2022-04-13,2호선,교대,33743,38036
2022-04-13,2호선,강남,78530,77989
2022-04-13,2호선,역삼,51169,57538
2022-04-13,2호선,선릉,55720,49602
2022-04-13,2호선,삼성,50314,50988
2022-04-13,2호선,종합운동장,8988,9832
2022-04-13,2호선,잠실새내,20013,19987
2022-04-13,2호선,잠실,64205,63976
2022-04-13,2호선,잠실나루,14422,14216
2022-04-13,2호선,강변,27867,25810
2022-04-13,2호선,구의,23451,22957
2022-04-13,2호선,건대입구,32537,35060
2022-04-13,2호선,성수,36973,40464
2022-04-13,2호선,뚝섬,21389,23164
2022-04-13,2호선,한양대,14898,16188
2022-04-13,2호선,왕십리,16437,13232
2022-04-13,2호선,상왕십리,14106,13702
2022-04-13,2호선,신당,13734,14444
2022-04-13,2호선,동대문역사문화공원,11137,12568
2022-04-13,2호선,을지로4가,12446,12350
2022-04-13,2호선,을지로3가,22272,22207
2022-04-13,2호선,을지로입구,38115,39498
2022-04-13,2호선,시청,23368,22648
2022-04-14,2호선,용두,2353,2328
2022-04-14,2호선,신정네거리,10279,10531
2022-04-14,2호선,양천구청,6767,6938
2022-04-14,2호선,도림천,1421,1490
2022-04-14,2호선,신설동,3151,1743
2022-04-14,2호선,신답,1642,1811
2022-04-14,2호선,용답,3185,3290
2022-04-14,2호선,충정로,10018,10611
2022-04-14,2호선,아현,10646,10198
2022-04-14,2호선,이대,13495,14082
2022-04-14,2호선,신촌,31145,31779
2022-04-14,2호선,홍대입구,49852,53134
2022-04-14,2호선,합정,30027,31462
2022-04-14,2호선,당산,18909,21802
2022-04-14,2호선,영등포구청,22369,23259
2022-04-14,2호선,문래,22079,22457
2022-04-14,2호선,신도림,47015,47177
2022-04-14,2호선,대림,23479,23887
2022-04-14,2호선,구로디지털단지,58675,58651
2022-04-14,2호선,신대방,26395,25511
2022-04-14,2호선,신림,62847,60371
2022-04-14,2호선,봉천,23738,21771
2022-04-14,2호선,서울대입구,47550,46184
2022-04-14,2호선,낙성대,27036,26318
2022-04-14,2호선,사당,36506,40493
2022-04-14,2호선,방배,19487,20347
2022-04-14,2호선,서초,21493,20626
2022-04-14,2호선,교대,34336,38956
2022-04-14,2호선,강남,80995,80315
2022-04-14,2호선,역삼,51307,58173
2022-04-14,2호선,선릉,56141,50416
2022-04-14,2호선,삼성,51891,53114
2022-04-14,2호선,종합운동장,9940,10698
2022-04-14,2호선,잠실새내,20715,20700
2022-04-14,2호선,잠실,67134,67254
2022-04-14,2호선,잠실나루,14642,14170
2022-04-14,2호선,강변,28986,27101
2022-04-14,2호선,구의,23593,23267
2022-04-14,2호선,건대입구,34408,36548
2022-04-14,2호선,성수,37342,41222
2022-04-14,2호선,뚝섬,21876,23743
2022-04-14,2호선,한양대,14959,16406
2022-04-14,2호선,왕십리,16550,13201
2022-04-14,2호선,상왕십리,14073,13687
2022-04-14,2호선,신당,13695,14316
2022-04-14,2호선,동대문역사문화공원,11527,12719
2022-04-14,2호선,을지로4가,12573,13053
2022-04-14,2호선,을지로3가,22021,22314
2022-04-14,2호선,을지로입구,37939,39617
2022-04-14,2호선,시청,23306,22703
2022-04-15,2호선,용답,3089,3193
2022-04-15,2호선,신답,1717,1849
2022-04-15,2호선,충정로,10171,10705
2022-04-15,2호선,아현,10706,9959
2022-04-15,2호선,이대,14484,14723
2022-04-15,2호선,신촌,33088,33986
2022-04-15,2호선,홍대입구,55882,63024
2022-04-15,2호선,합정,32775,35730
2022-04-15,2호선,당산,19698,22507
2022-04-15,2호선,영등포구청,22716,23600
2022-04-15,2호선,신설동,3731,1863
2022-04-15,2호선,도림천,1419,1462
2022-04-15,2호선,양천구청,6742,7059
2022-04-15,2호선,신정네거리,10577,10863
2022-04-15,2호선,용두,2445,2437
2022-04-15,2호선,선릉,55703,49972
2022-04-15,2호선,삼성,53234,53747
2022-04-15,2호선,종합운동장,9616,10314
2022-04-15,2호선,잠실새내,22118,22734
2022-04-15,2호선,잠실,73845,73401
2022-04-15,2호선,잠실나루,14785,14210
2022-04-15,2호선,강변,32243,30829
2022-04-15,2호선,구의,24283,23552
2022-04-15,2호선,건대입구,37688,41159
2022-04-15,2호선,성수,38530,42916
2022-04-15,2호선,뚝섬,23797,25378
2022-04-15,2호선,한양대,12884,13867
2022-04-15,2호선,왕십리,17582,14516
2022-04-15,2호선,상왕십리,14524,13904
2022-04-15,2호선,신당,14633,15179
2022-04-15,2호선,동대문역사문화공원,12429,13400
2022-04-15,2호선,을지로4가,13061,13456
2022-04-15,2호선,을지로3가,22975,23799
2022-04-15,2호선,을지로입구,38841,40426
2022-04-15,2호선,시청,22930,22464
2022-04-15,2호선,역삼,50179,56537
2022-04-15,2호선,강남,85967,87465
2022-04-15,2호선,교대,34958,39661
2022-04-15,2호선,서초,21215,20183
2022-04-15,2호선,방배,19053,19674
2022-04-15,2호선,사당,38455,43858
2022-04-15,2호선,낙성대,28361,26317
2022-04-15,2호선,서울대입구,50254,48217
2022-04-15,2호선,봉천,24513,21831
2022-04-15,2호선,신림,65833,62556
2022-04-15,2호선,신대방,27405,26219
2022-04-15,2호선,구로디지털단지,59248,58871
2022-04-15,2호선,대림,24626,24967
2022-04-15,2호선,신도림,49110,49869
2022-04-15,2호선,문래,22238,23111
2022-04-16,2호선,방배,9492,9775
2022-04-16,2호선,용두,1736,1696
2022-04-16,2호선,신정네거리,7961,7758
2022-04-16,2호선,양천구청,5164,4988
2022-04-16,2호선,도림천,869,879
2022-04-16,2호선,신설동,3557,1827
2022-04-16,2호선,신답,1078,1114
2022-04-16,2호선,용답,2186,2024
2022-04-16,2호선,충정로,5576,6058
2022-04-16,2호선,아현,7445,6845
2022-04-16,2호선,이대,10195,10373
2022-04-16,2호선,신촌,28520,28462
2022-04-16,2호선,홍대입구,61990,68143
2022-04-16,2호선,합정,28556,31965
2022-04-16,2호선,당산,13272,14297
2022-04-16,2호선,영등포구청,12609,13231
2022-04-16,2호선,문래,13042,13871
2022-04-16,2호선,신도림,40366,40819
2022-04-16,2호선,대림,17854,18908
2022-04-16,2호선,구로디지털단지,33675,32986
2022-04-16,2호선,신대방,20929,19691
2022-04-16,2호선,신림,51216,48522
2022-04-16,2호선,봉천,17385,15426
2022-04-16,2호선,서울대입구,38666,37150
2022-04-16,2호선,낙성대,21597,19804
2022-04-16,2호선,사당,31354,35447
2022-04-16,2호선,서초,11032,9182
2022-04-16,2호선,교대,17027,18943
2022-04-16,2호선,강남,58294,59470
2022-04-16,2호선,역삼,17310,19342
2022-04-16,2호선,선릉,23554,20968
2022-04-16,2호선,삼성,27995,28070
2022-04-16,2호선,종합운동장,9521,10001
2022-04-16,2호선,잠실새내,17083,17692
2022-04-16,2호선,잠실,73717,70943
2022-04-16,2호선,잠실나루,7681,7646
2022-04-16,2호선,강변,26400,25916
2022-04-16,2호선,구의,16502,15783
2022-04-16,2호선,건대입구,35934,38409
2022-04-16,2호선,성수,21591,24152
2022-04-16,2호선,뚝섬,17680,17039
2022-04-16,2호선,한양대,4929,5100
2022-04-16,2호선,왕십리,13095,11409
2022-04-16,2호선,상왕십리,9767,9057
2022-04-16,2호선,신당,11383,11978
2022-04-16,2호선,동대문역사문화공원,9776,11237
2022-04-16,2호선,을지로4가,7138,7607
2022-04-16,2호선,을지로3가,11802,11802
2022-04-16,2호선,을지로입구,21592,21851
2022-04-16,2호선,시청,9081,8454
2022-04-17,2호선,시청,7612,6551
2022-04-17,2호선,을지로입구,16406,15185
2022-04-17,2호선,을지로3가,9120,8673
2022-04-17,2호선,을지로4가,3602,3504
2022-04-17,2호선,동대문역사문화공원,7385,8891
2022-04-17,2호선,신당,8620,9161
2022-04-17,2호선,상왕십리,7062,7008
2022-04-17,2호선,왕십리,9223,8139
2022-04-17,2호선,한양대,2755,3182
2022-04-17,2호선,뚝섬,12242,12073
2022-04-17,2호선,성수,14833,16667
2022-04-17,2호선,건대입구,26266,26982
2022-04-17,2호선,구의,11674,11706
2022-04-17,2호선,강변,21458,20747
2022-04-17,2호선,잠실나루,5407,5551
2022-04-17,2호선,잠실,52780,49710
2022-04-17,2호선,잠실새내,11315,11334
2022-04-17,2호선,종합운동장,7721,8473
2022-04-17,2호선,삼성,19620,18675
2022-04-17,2호선,선릉,13240,11460
2022-04-17,2호선,역삼,11287,12399
2022-04-17,2호선,강남,32852,32236
2022-04-17,2호선,교대,10398,11375
2022-04-17,2호선,서초,12115,11181
2022-04-17,2호선,방배,6716,7236
2022-04-17,2호선,사당,21695,24328
2022-04-17,2호선,낙성대,16012,16603
2022-04-17,2호선,서울대입구,26864,27696
2022-04-17,2호선,봉천,12461,11964
2022-04-17,2호선,신림,37848,37077
2022-04-17,2호선,신대방,16085,15830
2022-04-17,2호선,구로디지털단지,23829,23208
2022-04-17,2호선,대림,14783,15026
2022-04-17,2호선,신도림,27739,28392
2022-04-17,2호선,문래,7911,8369
2022-04-17,2호선,영등포구청,8425,8989
2022-04-17,2호선,당산,9676,10086
2022-04-17,2호선,합정,20507,22243
2022-04-17,2호선,홍대입구,45108,45558
2022-04-17,2호선,신촌,20812,20375
2022-04-17,2호선,이대,6975,7488
2022-04-17,2호선,아현,5176,5087
2022-04-17,2호선,충정로,3686,3980
2022-04-17,2호선,용답,1723,1769
2022-04-17,2호선,신답,873,893
2022-04-17,2호선,신설동,3544,1826
2022-04-17,2호선,도림천,491,557
2022-04-17,2호선,양천구청,3477,3357
2022-04-17,2호선,신정네거리,5569,5471
2022-04-17,2호선,용두,1245,1165
2022-04-18,2호선,시청,22755,22390
2022-04-18,2호선,을지로입구,34465,35872
2022-04-18,2호선,을지로3가,21837,21740
2022-04-18,2호선,을지로4가,12665,12932
2022-04-18,2호선,동대문역사문화공원,11367,12273
2022-04-18,2호선,신당,13409,13864
2022-04-18,2호선,상왕십리,13885,13395
2022-04-18,2호선,왕십리,15796,12737
2022-04-18,2호선,한양대,14744,16319
2022-04-18,2호선,뚝섬,21521,23279
2022-04-18,2호선,성수,36024,39646
2022-04-18,2호선,건대입구,32679,35543
2022-04-18,2호선,구의,23276,22869
2022-04-18,2호선,강변,29318,27719
2022-04-18,2호선,잠실나루,14822,14627
2022-04-18,2호선,잠실,60452,59940
2022-04-18,2호선,잠실새내,20528,20489
2022-04-18,2호선,종합운동장,6822,7587
2022-04-18,2호선,삼성,45542,46409
2022-04-18,2호선,선릉,56965,51009
2022-04-18,2호선,역삼,52118,59076
2022-04-18,2호선,강남,79500,79576
2022-04-18,2호선,교대,33902,38417
2022-04-18,2호선,서초,22439,20701
2022-04-18,2호선,방배,19244,20081
2022-04-18,2호선,사당,35471,39471
2022-04-18,2호선,낙성대,26616,26584
2022-04-18,2호선,서울대입구,47052,46468
2022-04-18,2호선,봉천,23895,22030
2022-04-18,2호선,신림,61807,59870
2022-04-18,2호선,신대방,26555,25900
2022-04-18,2호선,구로디지털단지,58492,58647
2022-04-18,2호선,대림,24171,24538
2022-04-18,2호선,신도림,45132,44816
2022-04-18,2호선,문래,21839,22130
2022-04-18,2호선,영등포구청,22492,23216
2022-04-18,2호선,당산,18903,21886
2022-04-18,2호선,합정,28135,29782
2022-04-18,2호선,홍대입구,47050,49823
2022-04-18,2호선,신촌,29490,29894
2022-04-18,2호선,이대,13215,13963
2022-04-18,2호선,아현,10285,9698
2022-04-18,2호선,충정로,9919,10489
2022-04-18,2호선,용답,3155,3383
2022-04-18,2호선,신답,1631,1815
2022-04-18,2호선,신설동,3093,1710
2022-04-18,2호선,도림천,1380,1426
2022-04-18,2호선,양천구청,6790,7004
2022-04-18,2호선,신정네거리,10117,10502
2022-04-18,2호선,용두,2329,2416
2022-04-19,2호선,시청,23685,23395
2022-04-19,2호선,선릉,58455,52251
2022-04-19,2호선,잠실나루,15382,14971
2022-04-19,2호선,용두,2426,2492
2022-04-19,2호선,신정네거리,10411,10787
2022-04-19,2호선,양천구청,6994,7181
2022-04-19,2호선,도림천,1493,1560
2022-04-19,2호선,신설동,3114,1690
2022-04-19,2호선,신답,1647,1879
2022-04-19,2호선,용답,3178,3344
2022-04-19,2호선,충정로,10235,10942
2022-04-19,2호선,아현,10876,10459
2022-04-19,2호선,이대,13579,14141
2022-04-19,2호선,신촌,30790,31855
2022-04-19,2호선,홍대입구,48324,50891
2022-04-19,2호선,합정,29414,31058
2022-04-19,2호선,당산,19741,22731
2022-04-19,2호선,영등포구청,22717,23764
2022-04-19,2호선,문래,22293,22788
2022-04-19,2호선,신도림,47267,47002
2022-04-19,2호선,대림,24357,24695
2022-04-19,2호선,구로디지털단지,59950,60205
2022-04-19,2호선,신대방,27527,26897
2022-04-19,2호선,신림,63524,61282
2022-04-19,2호선,봉천,24202,22439
2022-04-19,2호선,서울대입구,48123,47068
2022-04-19,2호선,낙성대,27218,26989
2022-04-19,2호선,사당,37564,41204
2022-04-19,2호선,방배,19986,20886
2022-04-19,2호선,서초,22757,21312
2022-04-19,2호선,교대,35047,39924
2022-04-19,2호선,강남,82201,81612
2022-04-19,2호선,역삼,54050,61505
2022-04-19,2호선,삼성,50040,51206
2022-04-19,2호선,종합운동장,9185,10089
2022-04-19,2호선,잠실새내,20895,20721
2022-04-19,2호선,잠실,66283,65401
2022-04-19,2호선,강변,29318,27259
2022-04-19,2호선,구의,24016,23494
2022-04-19,2호선,건대입구,32928,35536
2022-04-19,2호선,성수,36931,40951
2022-04-19,2호선,뚝섬,22415,24169
2022-04-19,2호선,한양대,15290,16732
2022-04-19,2호선,왕십리,16268,12987
2022-04-19,2호선,상왕십리,14337,13855
2022-04-19,2호선,신당,13846,14249
2022-04-19,2호선,동대문역사문화공원,11761,11376
2022-04-19,2호선,을지로4가,13117,13373
2022-04-19,2호선,을지로3가,22612,22602
2022-04-19,2호선,을지로입구,39103,40959
2022-04-20,2호선,시청,24109,23778
2022-04-20,2호선,을지로입구,39235,41458
2022-04-20,2호선,을지로3가,22936,23281
2022-04-20,2호선,을지로4가,13136,13396
2022-04-20,2호선,동대문역사문화공원,12043,12003
2022-04-20,2호선,신당,14588,15092
2022-04-20,2호선,상왕십리,14576,14166
2022-04-20,2호선,왕십리,16864,13654
2022-04-20,2호선,한양대,13935,15305
2022-04-20,2호선,뚝섬,22797,24580
2022-04-20,2호선,성수,37431,41178
2022-04-20,2호선,건대입구,33958,36626
2022-04-20,2호선,구의,24092,23374
2022-04-20,2호선,강변,29461,27431
2022-04-20,2호선,잠실나루,15268,14747
2022-04-20,2호선,잠실,67986,65927
2022-04-20,2호선,잠실새내,21247,21741
2022-04-20,2호선,종합운동장,10217,11588
2022-04-20,2호선,삼성,53398,54647
2022-04-20,2호선,선릉,58841,52629
2022-04-20,2호선,역삼,53518,61666
2022-04-20,2호선,강남,81919,81775
2022-04-20,2호선,교대,35386,40272
2022-04-20,2호선,서초,23141,21768
2022-04-20,2호선,방배,19699,20529
2022-04-20,2호선,사당,37600,42060
2022-04-20,2호선,낙성대,27939,27137
2022-04-20,2호선,서울대입구,48218,47036
2022-04-20,2호선,봉천,24516,22987
2022-04-20,2호선,신림,64679,62511
2022-04-20,2호선,신대방,27618,26900
2022-04-20,2호선,구로디지털단지,60592,60955
2022-04-20,2호선,대림,24722,25299
2022-04-20,2호선,신도림,48358,48044
2022-04-20,2호선,문래,22554,23203
2022-04-20,2호선,영등포구청,22872,23698
2022-04-20,2호선,당산,19950,23170
2022-04-20,2호선,합정,30381,31728
2022-04-20,2호선,홍대입구,49164,52251
2022-04-20,2호선,신촌,31037,31689
2022-04-20,2호선,이대,13330,13959
2022-04-20,2호선,아현,10945,10302
2022-04-20,2호선,충정로,10421,11479
2022-04-20,2호선,용답,3038,3045
2022-04-20,2호선,신답,1706,1920
2022-04-20,2호선,신설동,3327,1772
2022-04-20,2호선,도림천,1417,1476
2022-04-20,2호선,양천구청,7061,7214
2022-04-20,2호선,신정네거리,10559,10984
2022-04-20,2호선,용두,2365,2391
2022-04-21,2호선,용두,2429,2385
2022-04-21,2호선,신정네거리,10590,10854
2022-04-21,2호선,양천구청,7043,7220
2022-04-21,2호선,도림천,1402,1505
2022-04-21,2호선,신설동,3328,1751
2022-04-21,2호선,신답,1728,1891
2022-04-21,2호선,용답,3138,3217
2022-04-21,2호선,충정로,10350,11771
2022-04-21,2호선,아현,10905,11724
2022-04-21,2호선,이대,13229,14671
2022-04-21,2호선,신촌,31003,31629
2022-04-21,2호선,홍대입구,50588,54715
2022-04-21,2호선,합정,31170,33618
2022-04-21,2호선,당산,19712,23149
2022-04-21,2호선,영등포구청,22995,23922
2022-04-21,2호선,문래,22357,22726
2022-04-21,2호선,신도림,49039,49806
2022-04-21,2호선,대림,24616,24994
2022-04-21,2호선,구로디지털단지,59825,58286
2022-04-21,2호선,신대방,27672,26809
2022-04-21,2호선,신림,64024,62046
2022-04-21,2호선,봉천,24553,22883
2022-04-21,2호선,서울대입구,48486,46758
2022-04-21,2호선,낙성대,27831,26684
2022-04-21,2호선,사당,40766,44813
2022-04-21,2호선,방배,19586,20082
2022-04-21,2호선,서초,23606,20259
2022-04-21,2호선,교대,35473,39434
2022-04-21,2호선,강남,82304,79989
2022-04-21,2호선,역삼,52370,57379
2022-04-21,2호선,선릉,58287,52072
2022-04-21,2호선,삼성,53533,53347
2022-04-21,2호선,종합운동장,9373,10476
2022-04-21,2호선,잠실새내,21307,21596
2022-04-21,2호선,잠실,67895,67116
2022-04-21,2호선,잠실나루,15122,14813
2022-04-21,2호선,강변,30279,27897
2022-04-21,2호선,구의,24222,24034
2022-04-21,2호선,건대입구,34512,37638
2022-04-21,2호선,성수,37010,40139
2022-04-21,2호선,뚝섬,22355,23259
2022-04-21,2호선,한양대,14111,14397
2022-04-21,2호선,왕십리,17064,13783
2022-04-21,2호선,상왕십리,14283,14463
2022-04-21,2호선,신당,14465,15919
2022-04-21,2호선,동대문역사문화공원,12175,12434
2022-04-21,2호선,을지로4가,13328,13432
2022-04-21,2호선,을지로3가,22950,21736
2022-04-21,2호선,을지로입구,38929,35764
2022-04-21,2호선,시청,24070,21599
2022-04-22,2호선,용두,2479,2421
2022-04-22,2호선,신정네거리,10379,10734
2022-04-22,2호선,양천구청,6806,7114
2022-04-22,2호선,도림천,1401,1454
2022-04-22,2호선,신설동,3604,1848
2022-04-22,2호선,신답,1685,1795
2022-04-22,2호선,용답,3035,2973
2022-04-22,2호선,충정로,10146,10571
2022-04-22,2호선,아현,10663,10076
2022-04-22,2호선,이대,14197,14464
2022-04-22,2호선,신촌,33015,33969
2022-04-22,2호선,홍대입구,54677,64145
2022-04-22,2호선,합정,32421,35974
2022-04-22,2호선,당산,19366,22473
2022-04-22,2호선,영등포구청,22795,23476
2022-04-22,2호선,문래,22168,23084
2022-04-22,2호선,신도림,49682,50695
2022-04-22,2호선,대림,24426,24853
2022-04-22,2호선,구로디지털단지,60010,59552
2022-04-22,2호선,신대방,27471,25892
2022-04-22,2호선,신림,65620,62957
2022-04-22,2호선,봉천,24346,21939
2022-04-22,2호선,서울대입구,49214,47021
2022-04-22,2호선,낙성대,28416,25959
2022-04-22,2호선,사당,39595,44814
2022-04-22,2호선,방배,18769,19402
2022-04-22,2호선,서초,22875,20477
2022-04-22,2호선,교대,35390,40512
2022-04-22,2호선,강남,87011,89702
2022-04-22,2호선,역삼,51462,57522
2022-04-22,2호선,선릉,57035,50427
2022-04-22,2호선,삼성,55037,54814
2022-04-22,2호선,종합운동장,13149,14927
2022-04-22,2호선,잠실새내,21887,22889
2022-04-22,2호선,잠실,71988,70984
2022-04-22,2호선,잠실나루,14827,14060
2022-04-22,2호선,강변,33011,31111
2022-04-22,2호선,구의,24397,23588
2022-04-22,2호선,건대입구,36731,41775
2022-04-22,2호선,성수,37517,41757
2022-04-22,2호선,뚝섬,22952,24678
2022-04-22,2호선,한양대,12017,12876
2022-04-22,2호선,왕십리,17445,14543
2022-04-22,2호선,상왕십리,14569,13911
2022-04-22,2호선,신당,14545,14763
2022-04-22,2호선,동대문역사문화공원,12376,11880
2022-04-22,2호선,을지로4가,13160,13280
2022-04-22,2호선,을지로3가,23355,24013
2022-04-22,2호선,을지로입구,39119,39763
2022-04-22,2호선,시청,23292,22136
2022-04-23,2호선,용두,1764,1735
2022-04-23,2호선,신정네거리,7439,7356
2022-04-23,2호선,양천구청,5223,5034
2022-04-23,2호선,도림천,879,840
2022-04-23,2호선,신설동,3604,3481
2022-04-23,2호선,신답,1115,1110
2022-04-23,2호선,용답,2129,2083
2022-04-23,2호선,충정로,5824,6232
2022-04-23,2호선,아현,7502,6911
2022-04-23,2호선,이대,10487,10639
2022-04-23,2호선,신촌,29126,29519
2022-04-23,2호선,홍대입구,61636,71134
2022-04-23,2호선,합정,28100,32612
2022-04-23,2호선,당산,13510,14461
2022-04-23,2호선,영등포구청,12899,13591
2022-04-23,2호선,문래,13314,14328
2022-04-23,2호선,신도림,41063,41588
2022-04-23,2호선,대림,18435,19361
2022-04-23,2호선,구로디지털단지,34814,33815
2022-04-23,2호선,신대방,21394,20181
2022-04-23,2호선,신림,52100,48679
2022-04-23,2호선,봉천,17525,15475
2022-04-23,2호선,서울대입구,38321,37056
2022-04-23,2호선,낙성대,21956,19795
2022-04-23,2호선,사당,32535,36175
2022-04-23,2호선,방배,10413,10657
2022-04-23,2호선,서초,12408,8594
2022-04-23,2호선,교대,17554,19657
2022-04-23,2호선,강남,59767,61884
2022-04-23,2호선,역삼,18093,20117
2022-04-23,2호선,선릉,24083,21248
2022-04-23,2호선,삼성,27571,27818
2022-04-23,2호선,종합운동장,12890,14801
2022-04-23,2호선,잠실새내,17331,18208
2022-04-23,2호선,잠실,70676,67442
2022-04-23,2호선,잠실나루,7650,7373
2022-04-23,2호선,강변,27110,27040
2022-04-23,2호선,구의,16739,15882
2022-04-23,2호선,건대입구,35171,38625
2022-04-23,2호선,성수,20844,24018
2022-04-23,2호선,뚝섬,18493,18825
2022-04-23,2호선,한양대,4970,5256
2022-04-23,2호선,왕십리,13621,11651
2022-04-23,2호선,상왕십리,9815,9074
2022-04-23,2호선,신당,11538,11980
2022-04-23,2호선,동대문역사문화공원,9720,9598
2022-04-23,2호선,을지로4가,7716,8070
2022-04-23,2호선,을지로3가,12323,12946
2022-04-23,2호선,을지로입구,21135,21424
2022-04-23,2호선,시청,9419,8400
2022-04-24,2호선,충정로,3632,3795
2022-04-24,2호선,용답,1786,1733
2022-04-24,2호선,신답,784,850
2022-04-24,2호선,신설동,3353,3372
2022-04-24,2호선,도림천,468,541
2022-04-24,2호선,양천구청,3543,3629
2022-04-24,2호선,신정네거리,5589,5690
2022-04-24,2호선,용두,1103,1123
2022-04-24,2호선,삼성,19478,18599
2022-04-24,2호선,종합운동장,10716,11947
2022-04-24,2호선,잠실새내,11596,11669
2022-04-24,2호선,잠실,50924,47258
2022-04-24,2호선,잠실나루,5482,5776
2022-04-24,2호선,강변,21441,21273
2022-04-24,2호선,구의,11312,11485
2022-04-24,2호선,건대입구,25905,26617
2022-04-24,2호선,성수,13934,15633
2022-04-24,2호선,뚝섬,11805,11903
2022-04-24,2호선,한양대,2714,3340
2022-04-24,2호선,왕십리,9356,8044
2022-04-24,2호선,상왕십리,6864,6839
2022-04-24,2호선,신당,8416,8965
2022-04-24,2호선,동대문역사문화공원,7636,7874
2022-04-24,2호선,을지로4가,3702,3516
2022-04-24,2호선,을지로3가,8844,8564
2022-04-24,2호선,을지로입구,15787,14711
2022-04-24,2호선,시청,5881,4988
2022-04-24,2호선,선릉,13405,11371
2022-04-24,2호선,역삼,10820,11729
2022-04-24,2호선,강남,33739,33002
2022-04-24,2호선,교대,10579,11598
2022-04-24,2호선,서초,11628,10850
2022-04-24,2호선,방배,6765,7182
2022-04-24,2호선,사당,22223,24834
2022-04-24,2호선,낙성대,15577,16393
2022-04-24,2호선,서울대입구,27124,28021
2022-04-24,2호선,봉천,12429,12111
2022-04-24,2호선,신림,37877,37384
2022-04-24,2호선,신대방,16287,16032
2022-04-24,2호선,구로디지털단지,23770,23285
2022-04-24,2호선,대림,14716,15270
2022-04-24,2호선,신도림,27690,28114
2022-04-24,2호선,문래,7992,8719
2022-04-24,2호선,영등포구청,7886,8307
2022-04-24,2호선,당산,9499,10114
2022-04-24,2호선,합정,20075,21215
2022-04-24,2호선,홍대입구,45983,44710
2022-04-24,2호선,신촌,20252,19920
2022-04-24,2호선,이대,6839,7448
2022-04-24,2호선,아현,5296,5295
2022-04-25,2호선,시청,23320,22761
2022-04-25,2호선,을지로입구,38693,40057
2022-04-25,2호선,을지로3가,22438,22558
2022-04-25,2호선,을지로4가,12904,12910
2022-04-25,2호선,동대문역사문화공원,10976,12439
2022-04-25,2호선,신당,14423,14823
2022-04-25,2호선,상왕십리,14328,13917
2022-04-25,2호선,왕십리,15836,12485
2022-04-25,2호선,한양대,13902,15420
2022-04-25,2호선,뚝섬,21453,23329
2022-04-25,2호선,성수,36804,39910
2022-04-25,2호선,건대입구,33738,36419
2022-04-25,2호선,구의,23661,23468
2022-04-25,2호선,강변,29906,28218
2022-04-25,2호선,잠실나루,14734,14460
2022-04-25,2호선,잠실,62971,63238
2022-04-25,2호선,잠실새내,20570,20311
2022-04-25,2호선,종합운동장,7024,7822
2022-04-25,2호선,삼성,49077,50223
2022-04-25,2호선,선릉,57856,51601
2022-04-25,2호선,역삼,53110,60171
2022-04-25,2호선,강남,80426,79937
2022-04-25,2호선,교대,34368,38799
2022-04-25,2호선,서초,21872,21172
2022-04-25,2호선,방배,18953,19725
2022-04-25,2호선,사당,36084,40077
2022-04-25,2호선,낙성대,27216,26945
2022-04-25,2호선,서울대입구,47201,46500
2022-04-25,2호선,봉천,23984,22414
2022-04-25,2호선,신림,62752,60758
2022-04-25,2호선,신대방,27213,26181
2022-04-25,2호선,구로디지털단지,59322,59394
2022-04-25,2호선,대림,24407,24885
2022-04-25,2호선,신도림,46787,46331
2022-04-25,2호선,문래,22042,22493
2022-04-25,2호선,영등포구청,22890,23714
2022-04-25,2호선,당산,18978,21945
2022-04-25,2호선,합정,29098,30252
2022-04-25,2호선,홍대입구,48174,49775
2022-04-25,2호선,신촌,30691,31546
2022-04-25,2호선,이대,13526,14537
2022-04-25,2호선,아현,10404,9949
2022-04-25,2호선,충정로,10222,10770
2022-04-25,2호선,신답,1659,1878
2022-04-25,2호선,신설동,3211,3381
2022-04-25,2호선,도림천,1438,1482
2022-04-25,2호선,양천구청,6893,7132
2022-04-25,2호선,신정네거리,10657,10915
2022-04-25,2호선,용두,2292,2477
2022-04-25,2호선,용답,3052,3085
2022-04-26,2호선,용두,2387,2445
2022-04-26,2호선,신정네거리,10615,10962
2022-04-26,2호선,양천구청,7028,7306
2022-04-26,2호선,도림천,1446,1463
2022-04-26,2호선,신설동,3275,3251
2022-04-26,2호선,신답,1725,1945
2022-04-26,2호선,용답,3083,3133
2022-04-26,2호선,충정로,10397,11016
2022-04-26,2호선,아현,11050,10473
2022-04-26,2호선,이대,13965,14845
2022-04-26,2호선,신촌,32364,33323
2022-04-26,2호선,홍대입구,52163,55069
2022-04-26,2호선,합정,30306,32128
2022-04-26,2호선,당산,19671,22883
2022-04-26,2호선,영등포구청,23073,24157
2022-04-26,2호선,문래,23089,23526
2022-04-26,2호선,신도림,47524,47436
2022-04-26,2호선,대림,24667,25170
2022-04-26,2호선,구로디지털단지,60739,60861
2022-04-26,2호선,신대방,27669,26817
2022-04-26,2호선,신림,64286,61804
2022-04-26,2호선,봉천,24797,22669
2022-04-26,2호선,서울대입구,49575,48258
2022-04-26,2호선,낙성대,28024,27280
2022-04-26,2호선,사당,37910,42348
2022-04-26,2호선,방배,19876,20515
2022-04-26,2호선,서초,22439,21882
2022-04-26,2호선,교대,35766,40543
2022-04-26,2호선,강남,83830,83960
2022-04-26,2호선,역삼,53560,61187
2022-04-26,2호선,선릉,59363,52993
2022-04-26,2호선,삼성,52285,53168
2022-04-26,2호선,종합운동장,9481,10371
2022-04-26,2호선,잠실새내,21747,21634
2022-04-26,2호선,잠실,70006,69398
2022-04-26,2호선,잠실나루,15338,15025
2022-04-26,2호선,강변,29301,27546
2022-04-26,2호선,구의,24263,23779
2022-04-26,2호선,건대입구,36203,38985
2022-04-26,2호선,성수,37872,41842
2022-04-26,2호선,뚝섬,22856,24739
2022-04-26,2호선,한양대,14460,16019
2022-04-26,2호선,왕십리,17107,13465
2022-04-26,2호선,상왕십리,14773,14048
2022-04-26,2호선,신당,15264,15700
2022-04-26,2호선,동대문역사문화공원,11671,13046
2022-04-26,2호선,을지로4가,13366,13528
2022-04-26,2호선,을지로3가,23129,23692
2022-04-26,2호선,을지로입구,39507,41638
2022-04-26,2호선,시청,24215,24009
2022-04-27,2호선,시청,24928,24566
2022-04-27,2호선,을지로입구,41065,42996
2022-04-27,2호선,을지로3가,24400,24866
2022-04-27,2호선,을지로4가,13658,13652
2022-04-27,2호선,동대문역사문화공원,12417,13970
2022-04-27,2호선,신당,15804,16150
2022-04-27,2호선,상왕십리,15075,14466
2022-04-27,2호선,왕십리,17846,14036
2022-04-27,2호선,한양대,14753,16667
2022-04-27,2호선,뚝섬,23645,25644
2022-04-27,2호선,성수,39329,43610
2022-04-27,2호선,건대입구,37986,40657
2022-04-27,2호선,구의,24752,24290
2022-04-27,2호선,강변,30699,28688
2022-04-27,2호선,잠실나루,15705,15282
2022-04-27,2호선,잠실,72175,71475
2022-04-27,2호선,잠실새내,22296,22210
2022-04-27,2호선,종합운동장,9863,10890
2022-04-27,2호선,삼성,54306,55271
2022-04-27,2호선,선릉,59987,53229
2022-04-27,2호선,역삼,54546,62194
2022-04-27,2호선,강남,85042,85309
2022-04-27,2호선,교대,36454,41381
2022-04-27,2호선,서초,23402,22819
2022-04-27,2호선,방배,20520,21328
2022-04-27,2호선,사당,39488,44126
2022-04-27,2호선,낙성대,28688,27896
2022-04-27,2호선,서울대입구,50141,49393
2022-04-27,2호선,봉천,24888,22695
2022-04-27,2호선,신림,65895,63348
2022-04-27,2호선,신대방,27850,27238
2022-04-27,2호선,구로디지털단지,61253,61282
2022-04-27,2호선,대림,24925,25403
2022-04-27,2호선,신도림,50300,50228
2022-04-27,2호선,문래,23150,23882
2022-04-27,2호선,영등포구청,23794,24581
2022-04-27,2호선,당산,20321,23456
2022-04-27,2호선,합정,31309,33344
2022-04-27,2호선,홍대입구,54610,58262
2022-04-27,2호선,신촌,33905,34785
2022-04-27,2호선,이대,14413,15434
2022-04-27,2호선,아현,11005,10456
2022-04-27,2호선,충정로,10467,11291
2022-04-27,2호선,용답,3326,3394
2022-04-27,2호선,신답,1821,1911
2022-04-27,2호선,신설동,3375,3338
2022-04-27,2호선,도림천,1401,1405
2022-04-27,2호선,양천구청,7334,7472
2022-04-27,2호선,신정네거리,10865,11328
2022-04-27,2호선,용두,2403,2510
2022-04-28,2호선,시청,24660,24484
2022-04-28,2호선,을지로입구,40765,42893
2022-04-28,2호선,을지로3가,24252,24526
2022-04-28,2호선,을지로4가,13589,13877
2022-04-28,2호선,동대문역사문화공원,12209,13843
2022-04-28,2호선,신당,14877,15264
2022-04-28,2호선,상왕십리,15240,14626
2022-04-28,2호선,왕십리,18220,14366
2022-04-28,2호선,한양대,14866,16588
2022-04-28,2호선,뚝섬,23984,25780
2022-04-28,2호선,성수,39702,44487
2022-04-28,2호선,건대입구,38524,41184
2022-04-28,2호선,구의,24917,24282
2022-04-28,2호선,강변,31867,29237
2022-04-28,2호선,잠실나루,15540,15102
2022-04-28,2호선,잠실,73908,73750
2022-04-28,2호선,잠실새내,22343,22137
2022-04-28,2호선,종합운동장,9984,11024
2022-04-28,2호선,삼성,53481,55181
2022-04-28,2호선,선릉,59741,53553
2022-04-28,2호선,역삼,53646,61967
2022-04-28,2호선,강남,86507,86984
2022-04-28,2호선,교대,36441,41069
2022-04-28,2호선,서초,22637,22157
2022-04-28,2호선,방배,20346,21209
2022-04-28,2호선,사당,40336,44412
2022-04-28,2호선,낙성대,28365,27592
2022-04-28,2호선,서울대입구,50325,49186
2022-04-28,2호선,봉천,25054,22845
2022-04-28,2호선,신림,65915,63203
2022-04-28,2호선,신대방,28167,27287
2022-04-28,2호선,구로디지털단지,61709,61722
2022-04-28,2호선,대림,24789,25018
2022-04-28,2호선,신도림,50180,50007
2022-04-28,2호선,문래,23399,23971
2022-04-28,2호선,영등포구청,23381,24260
2022-04-28,2호선,당산,20455,23427
2022-04-28,2호선,합정,31853,34159
2022-04-28,2호선,홍대입구,57427,61400
2022-04-28,2호선,신촌,34320,35003
2022-04-28,2호선,이대,14729,15363
2022-04-28,2호선,아현,11333,10637
2022-04-28,2호선,충정로,10421,11257
2022-04-28,2호선,용답,3344,3403
2022-04-28,2호선,신답,1738,1917
2022-04-28,2호선,신설동,3354,3319
2022-04-28,2호선,도림천,1403,1490
2022-04-28,2호선,양천구청,7281,7501
2022-04-28,2호선,신정네거리,11038,11200
2022-04-28,2호선,용두,2470,2488
2022-04-29,2호선,시청,25337,24583
2022-04-29,2호선,을지로입구,42085,43815
2022-04-29,2호선,을지로3가,25320,26665
2022-04-29,2호선,을지로4가,13938,14235
2022-04-29,2호선,동대문역사문화공원,12834,14104
2022-04-29,2호선,신당,15312,15682
2022-04-29,2호선,상왕십리,15531,14674
2022-04-29,2호선,왕십리,19208,15868
2022-04-29,2호선,한양대,13458,14438
2022-04-29,2호선,뚝섬,24761,26622
2022-04-29,2호선,성수,41449,46758
2022-04-29,2호선,건대입구,42919,47877
2022-04-29,2호선,구의,25548,24627
2022-04-29,2호선,강변,36246,33985
2022-04-29,2호선,잠실나루,15830,15154
2022-04-29,2호선,잠실,83090,83175
2022-04-29,2호선,잠실새내,24194,25258
2022-04-29,2호선,종합운동장,17483,19875
2022-04-29,2호선,삼성,53447,55031
2022-04-29,2호선,선릉,59219,53172
2022-04-29,2호선,역삼,52855,60206
2022-04-29,2호선,강남,93091,96321
2022-04-29,2호선,교대,37089,42419
2022-04-29,2호선,서초,23131,21939
2022-04-29,2호선,방배,19568,20167
2022-04-29,2호선,사당,41945,47761
2022-04-29,2호선,낙성대,29959,27632
2022-04-29,2호선,서울대입구,52523,50280
2022-04-29,2호선,봉천,25412,22435
2022-04-29,2호선,신림,68950,65322
2022-04-29,2호선,신대방,28586,26890
2022-04-29,2호선,구로디지털단지,62347,61931
2022-04-29,2호선,대림,24687,25168
2022-04-29,2호선,신도림,52197,53292
2022-04-29,2호선,문래,23393,24514
2022-04-29,2호선,영등포구청,23753,24597
2022-04-29,2호선,당산,20482,23637
2022-04-29,2호선,합정,34215,38691
2022-04-29,2호선,홍대입구,64651,74522
2022-04-29,2호선,신촌,37529,38640
2022-04-29,2호선,이대,16007,16230
2022-04-29,2호선,아현,11708,10728
2022-04-29,2호선,충정로,10501,11239
2022-04-29,2호선,용답,3341,3221
2022-04-29,2호선,신답,1845,1924
2022-04-29,2호선,신설동,3868,3820
2022-04-29,2호선,도림천,1427,1505
2022-04-29,2호선,양천구청,7231,7439
2022-04-29,2호선,신정네거리,11197,11455
2022-04-29,2호선,용두,2653,2625
2022-04-30,2호선,시청,11561,9734
2022-04-30,2호선,을지로입구,27498,25746
2022-04-30,2호선,을지로3가,15747,15600
2022-04-30,2호선,을지로4가,8905,9255
2022-04-30,2호선,동대문역사문화공원,13061,14446
2022-04-30,2호선,신당,12310,12882
2022-04-30,2호선,상왕십리,10594,9830
2022-04-30,2호선,왕십리,14974,13262
2022-04-30,2호선,한양대,5162,5387
2022-04-30,2호선,뚝섬,18382,18558
2022-04-30,2호선,성수,25166,28565
2022-04-30,2호선,건대입구,42017,45632
2022-04-30,2호선,구의,17557,16687
2022-04-30,2호선,강변,30607,30260
2022-04-30,2호선,잠실나루,8352,8193
2022-04-30,2호선,잠실,85814,81830
2022-04-30,2호선,잠실새내,19684,20529
2022-04-30,2호선,종합운동장,17722,19774
2022-04-30,2호선,삼성,30081,29912
2022-04-30,2호선,선릉,25669,22986
2022-04-30,2호선,역삼,18898,20779
2022-04-30,2호선,강남,66438,69086
2022-04-30,2호선,교대,19232,21304
2022-04-30,2호선,서초,12075,9671
2022-04-30,2호선,방배,10948,11106
2022-04-30,2호선,사당,33689,38925
2022-04-30,2호선,낙성대,23435,21504
2022-04-30,2호선,서울대입구,41169,39537
2022-04-30,2호선,봉천,18149,16365
2022-04-30,2호선,신림,53593,50901
2022-04-30,2호선,신대방,21460,20309
2022-04-30,2호선,구로디지털단지,36372,35338
2022-04-30,2호선,대림,18649,19528
2022-04-30,2호선,신도림,44145,44885
2022-04-30,2호선,문래,13919,14923
2022-04-30,2호선,영등포구청,13430,14244
2022-04-30,2호선,당산,14313,15362
2022-04-30,2호선,합정,32173,37308
2022-04-30,2호선,홍대입구,76902,86985
2022-04-30,2호선,신촌,34479,35298
2022-04-30,2호선,이대,12005,12884
2022-04-30,2호선,아현,8208,7872
2022-04-30,2호선,충정로,6065,6506
2022-04-30,2호선,용답,2365,2202
2022-04-30,2호선,신답,1152,1249
2022-04-30,2호선,신설동,3862,3741
2022-04-30,2호선,도림천,810,829
2022-04-30,2호선,양천구청,4891,4854
2022-04-30,2호선,신정네거리,7990,7780
2022-04-30,2호선,용두,1807,1788
2022-05-01,2호선,시청,8286,8128
2022-05-01,2호선,대림,16075,16562
2022-05-01,2호선,신도림,29504,30452
2022-05-01,2호선,문래,8620,9271
2022-05-01,2호선,영등포구청,8742,9211
2022-05-01,2호선,당산,10135,10929
2022-05-01,2호선,합정,23125,24575
2022-05-01,2호선,홍대입구,57854,55945
2022-05-01,2호선,신촌,24449,23858
2022-05-01,2호선,이대,7937,8693
2022-05-01,2호선,아현,5790,5714
2022-05-01,2호선,충정로,4212,4460
2022-05-01,2호선,용답,1874,1975
2022-05-01,2호선,신답,924,922
2022-05-01,2호선,신설동,3641,3695
2022-05-01,2호선,도림천,530,548
2022-05-01,2호선,양천구청,3443,3644
2022-05-01,2호선,신정네거리,5692,5821
2022-05-01,2호선,용두,1248,1258
2022-05-01,2호선,을지로입구,19913,17846
2022-05-01,2호선,을지로3가,10792,9993
2022-05-01,2호선,을지로4가,4273,4282
2022-05-01,2호선,동대문역사문화공원,8885,10719
2022-05-01,2호선,신당,8932,9826
2022-05-01,2호선,상왕십리,7491,7567
2022-05-01,2호선,왕십리,10572,9477
2022-05-01,2호선,한양대,2762,3300
2022-05-01,2호선,뚝섬,13633,13276
2022-05-01,2호선,성수,17823,19830
2022-05-01,2호선,건대입구,32888,32321
2022-05-01,2호선,구의,11969,12184
2022-05-01,2호선,강변,25218,24368
2022-05-01,2호선,잠실나루,5616,5764
2022-05-01,2호선,잠실,59365,54817
2022-05-01,2호선,잠실새내,13427,13507
2022-05-01,2호선,종합운동장,15061,16734
2022-05-01,2호선,삼성,22187,20965
2022-05-01,2호선,선릉,14314,12418
2022-05-01,2호선,역삼,11585,12514
2022-05-01,2호선,강남,38056,36569
2022-05-01,2호선,교대,11226,12308
2022-05-01,2호선,서초,12452,11427
2022-05-01,2호선,방배,7403,7821
2022-05-01,2호선,사당,23673,26878
2022-05-01,2호선,낙성대,16991,17918
2022-05-01,2호선,서울대입구,29371,30564
2022-05-01,2호선,봉천,13111,12513
2022-05-01,2호선,신림,39818,39446
2022-05-01,2호선,신대방,16780,16841
2022-05-01,2호선,구로디지털단지,25245,24996
2022-05-02,2호선,용답,3297,3523
2022-05-02,2호선,용두,2468,2561
2022-05-02,2호선,신정네거리,10797,11159
2022-05-02,2호선,양천구청,7322,7435
2022-05-02,2호선,도림천,1448,1532
2022-05-02,2호선,신설동,3429,3318
2022-05-02,2호선,충정로,10579,11189
2022-05-02,2호선,아현,10857,10414
2022-05-02,2호선,이대,14625,15966
2022-05-02,2호선,신촌,34473,35096
2022-05-02,2호선,홍대입구,53960,56177
2022-05-02,2호선,합정,30140,31875
2022-05-02,2호선,당산,19724,22889
2022-05-02,2호선,영등포구청,23499,24446
2022-05-02,2호선,문래,23014,23676
2022-05-02,2호선,신도림,49407,49037
2022-05-02,2호선,대림,24919,25469
2022-05-02,2호선,구로디지털단지,62297,62595
2022-05-02,2호선,신대방,27731,26822
2022-05-02,2호선,신림,64672,62554
2022-05-02,2호선,봉천,24800,22773
2022-05-02,2호선,서울대입구,49696,49285
2022-05-02,2호선,낙성대,28023,27968
2022-05-02,2호선,사당,37312,42186
2022-05-02,2호선,방배,20116,20873
2022-05-02,2호선,서초,22220,21324
2022-05-02,2호선,교대,35297,39828
2022-05-02,2호선,강남,85393,85295
2022-05-02,2호선,역삼,55204,62723
2022-05-02,2호선,선릉,59566,53209
2022-05-02,2호선,삼성,52814,53784
2022-05-02,2호선,종합운동장,9422,10868
2022-05-02,2호선,잠실새내,21809,21522
2022-05-02,2호선,잠실,68721,68507
2022-05-02,2호선,잠실나루,15631,15502
2022-05-02,2호선,강변,31134,29732
2022-05-02,2호선,구의,24401,24118
2022-05-02,2호선,건대입구,36652,38913
2022-05-02,2호선,성수,38284,42075
2022-05-02,2호선,뚝섬,22860,24716
2022-05-02,2호선,한양대,14949,17055
2022-05-02,2호선,왕십리,17195,13757
2022-05-02,2호선,상왕십리,14949,14392
2022-05-02,2호선,신당,14348,14767
2022-05-02,2호선,동대문역사문화공원,12113,13688
2022-05-02,2호선,을지로4가,13355,13338
2022-05-02,2호선,을지로3가,23705,23660
2022-05-02,2호선,을지로입구,40719,42203
2022-05-02,2호선,시청,24505,24079
2022-05-02,2호선,신답,1763,2048
2022-05-03,2호선,시청,26278,25568
2022-05-03,2호선,을지로입구,41874,43788
2022-05-03,2호선,을지로3가,24457,24590
2022-05-03,2호선,을지로4가,13656,13834
2022-05-03,2호선,동대문역사문화공원,12594,14434
2022-05-03,2호선,신당,14951,15436
2022-05-03,2호선,상왕십리,15185,14601
2022-05-03,2호선,왕십리,17976,14152
2022-05-03,2호선,한양대,15842,17831
2022-05-03,2호선,뚝섬,23476,25645
2022-05-03,2호선,성수,39119,43118
2022-05-03,2호선,건대입구,38021,40752
2022-05-03,2호선,구의,25566,24680
2022-05-03,2호선,강변,31325,29394
2022-05-03,2호선,잠실나루,16001,15712
2022-05-03,2호선,잠실,75014,74545
2022-05-03,2호선,잠실새내,22740,22759
2022-05-03,2호선,종합운동장,12782,14269
2022-05-03,2호선,삼성,54551,55952
2022-05-03,2호선,선릉,61813,55197
2022-05-03,2호선,역삼,56496,64453
2022-05-03,2호선,강남,89088,88707
2022-05-03,2호선,교대,36853,41925
2022-05-03,2호선,서초,23030,22352
2022-05-03,2호선,방배,21165,22114
2022-05-03,2호선,사당,39709,44972
2022-05-03,2호선,낙성대,28983,28198
2022-05-03,2호선,서울대입구,51212,50238
2022-05-03,2호선,봉천,25400,23154
2022-05-03,2호선,신림,66239,63909
2022-05-03,2호선,신대방,28521,27397
2022-05-03,2호선,구로디지털단지,64059,63795
2022-05-03,2호선,대림,25409,25742
2022-05-03,2호선,신도림,51722,51522
2022-05-03,2호선,문래,24042,24490
2022-05-03,2호선,영등포구청,23954,24779
2022-05-03,2호선,당산,20610,23944
2022-05-03,2호선,합정,31882,33804
2022-05-03,2호선,홍대입구,57602,60311
2022-05-03,2호선,신촌,35932,36291
2022-05-03,2호선,이대,15211,16136
2022-05-03,2호선,아현,11616,11010
2022-05-03,2호선,충정로,10855,11615
2022-05-03,2호선,용답,3331,3435
2022-05-03,2호선,신답,1765,2011
2022-05-03,2호선,신설동,3353,3339
2022-05-03,2호선,도림천,1514,1618
2022-05-03,2호선,양천구청,7689,7835
2022-05-03,2호선,신정네거리,11490,11697
2022-05-03,2호선,용두,2501,2554
2022-05-04,2호선,신당,15647,16079
2022-05-04,2호선,시청,26489,25823
2022-05-04,2호선,을지로입구,43234,45598
2022-05-04,2호선,을지로3가,25905,27291
2022-05-04,2호선,을지로4가,14232,14448
2022-05-04,2호선,동대문역사문화공원,13353,15780
2022-05-04,2호선,상왕십리,16009,15026
2022-05-04,2호선,왕십리,19909,16348
2022-05-04,2호선,한양대,15636,17409
2022-05-04,2호선,뚝섬,25106,27202
2022-05-04,2호선,성수,40880,45532
2022-05-04,2호선,건대입구,42918,47586
2022-05-04,2호선,구의,26405,25155
2022-05-04,2호선,강변,37214,35736
2022-05-04,2호선,잠실나루,17625,16622
2022-05-04,2호선,잠실,89416,88746
2022-05-04,2호선,잠실새내,24405,25051
2022-05-04,2호선,종합운동장,16835,20006
2022-05-04,2호선,삼성,57384,58526
2022-05-04,2호선,선릉,62292,55563
2022-05-04,2호선,역삼,56129,64515
2022-05-04,2호선,강남,92790,96266
2022-05-04,2호선,교대,37722,42863
2022-05-04,2호선,서초,23945,22809
2022-05-04,2호선,방배,21337,21859
2022-05-04,2호선,사당,42733,48600
2022-05-04,2호선,낙성대,30913,28414
2022-05-04,2호선,서울대입구,53966,51550
2022-05-04,2호선,봉천,26120,22965
2022-05-04,2호선,신림,70417,67157
2022-05-04,2호선,신대방,29716,27778
2022-05-04,2호선,구로디지털단지,65587,65275
2022-05-04,2호선,대림,26202,26410
2022-05-04,2호선,신도림,55132,56178
2022-05-04,2호선,문래,24260,25190
2022-05-04,2호선,영등포구청,24369,25465
2022-05-04,2호선,당산,21810,25248
2022-05-04,2호선,합정,34119,38175
2022-05-04,2호선,홍대입구,64057,73255
2022-05-04,2호선,신촌,38373,39445
2022-05-04,2호선,이대,16146,16610
2022-05-04,2호선,아현,11902,10793
2022-05-04,2호선,충정로,11119,11715
2022-05-04,2호선,용답,3426,3416
2022-05-04,2호선,신답,1879,2002
2022-05-04,2호선,신설동,3625,3577
2022-05-04,2호선,도림천,1477,1502
2022-05-04,2호선,양천구청,7953,8054
2022-05-04,2호선,신정네거리,11736,11829
2022-05-04,2호선,용두,2681,2592
2022-05-05,2호선,이대,9388,9693
2022-05-05,2호선,용두,1577,1554
2022-05-05,2호선,신정네거리,6614,6562
2022-05-05,2호선,양천구청,4065,4019
2022-05-05,2호선,도림천,689,692
2022-05-05,2호선,신설동,2608,2457
2022-05-05,2호선,신답,988,955
2022-05-05,2호선,용답,2211,2003
2022-05-05,2호선,충정로,4183,4487
2022-05-05,2호선,아현,6742,6253
2022-05-05,2호선,신촌,27414,27247
2022-05-05,2호선,홍대입구,74028,78388
2022-05-05,2호선,합정,27073,29720
2022-05-05,2호선,당산,11699,12354
2022-05-05,2호선,영등포구청,9307,9612
2022-05-05,2호선,문래,10119,10766
2022-05-05,2호선,신도림,33109,33626
2022-05-05,2호선,대림,16335,16701
2022-05-05,2호선,시청,8823,7437
2022-05-05,2호선,을지로입구,21668,21202
2022-05-05,2호선,을지로3가,10650,10798
2022-05-05,2호선,을지로4가,7064,7368
2022-05-05,2호선,동대문역사문화공원,12243,14181
2022-05-05,2호선,신당,10349,11260
2022-05-05,2호선,상왕십리,8952,8414
2022-05-05,2호선,왕십리,12695,11193
2022-05-05,2호선,한양대,4079,4141
2022-05-05,2호선,뚝섬,17267,17221
2022-05-05,2호선,성수,21348,24880
2022-05-05,2호선,건대입구,38668,39233
2022-05-05,2호선,구의,14804,13724
2022-05-05,2호선,강변,24823,26089
2022-05-05,2호선,잠실나루,6566,6351
2022-05-05,2호선,잠실,63053,61565
2022-05-05,2호선,잠실새내,15644,15754
2022-05-05,2호선,종합운동장,14171,16245
2022-05-05,2호선,삼성,23962,23772
2022-05-05,2호선,선릉,17092,14839
2022-05-05,2호선,역삼,12733,13987
2022-05-05,2호선,강남,42209,41967
2022-05-05,2호선,교대,12327,13756
2022-05-05,2호선,서초,7229,5939
2022-05-05,2호선,방배,7554,7637
2022-05-05,2호선,사당,25763,28714
2022-05-05,2호선,낙성대,19205,17473
2022-05-05,2호선,서울대입구,33866,32930
2022-05-05,2호선,봉천,14692,13258
2022-05-05,2호선,신림,45124,42941
2022-05-05,2호선,신대방,18968,17624
2022-05-05,2호선,구로디지털단지,29179,28181
2022-05-06,2호선,시청,22416,21209
2022-05-06,2호선,을지로입구,39067,40072
2022-05-06,2호선,을지로3가,22243,23426
2022-05-06,2호선,을지로4가,12915,13229
2022-05-06,2호선,동대문역사문화공원,14499,15783
2022-05-06,2호선,신당,14548,14998
2022-05-06,2호선,상왕십리,14142,13258
2022-05-06,2호선,왕십리,18101,14636
2022-05-06,2호선,한양대,12046,12860
2022-05-06,2호선,뚝섬,23055,24445
2022-05-06,2호선,성수,35492,40258
2022-05-06,2호선,건대입구,42387,45998
2022-05-06,2호선,구의,22985,22040
2022-05-06,2호선,강변,36890,36905
2022-05-06,2호선,잠실나루,14434,13809
2022-05-06,2호선,잠실,97288,95576
2022-05-06,2호선,잠실새내,22581,23194
2022-05-06,2호선,종합운동장,14390,15188
2022-05-06,2호선,삼성,45660,46462
2022-05-06,2호선,선릉,49472,43978
2022-05-06,2호선,역삼,41579,46863
2022-05-06,2호선,강남,83589,86126
2022-05-06,2호선,교대,31938,36185
2022-05-06,2호선,서초,18810,17430
2022-05-06,2호선,방배,17637,18077
2022-05-06,2호선,사당,37182,43002
2022-05-06,2호선,낙성대,27020,24514
2022-05-06,2호선,서울대입구,49193,46803
2022-05-06,2호선,봉천,22945,20509
2022-05-06,2호선,신림,64454,61364
2022-05-06,2호선,신대방,26737,25008
2022-05-06,2호선,구로디지털단지,54011,52957
2022-05-06,2호선,대림,23616,23726
2022-05-06,2호선,신도림,48204,49032
2022-05-06,2호선,문래,20325,20902
2022-05-06,2호선,영등포구청,20845,21634
2022-05-06,2호선,당산,18943,21408
2022-05-06,2호선,합정,34151,38546
2022-05-06,2호선,홍대입구,75514,83336
2022-05-06,2호선,신촌,37960,37765
2022-05-06,2호선,이대,14878,15238
2022-05-06,2호선,아현,10705,9858
2022-05-06,2호선,충정로,9137,9684
2022-05-06,2호선,용답,3123,3109
2022-05-06,2호선,신답,1717,1758
2022-05-06,2호선,신설동,3648,3483
2022-05-06,2호선,도림천,1307,1334
2022-05-06,2호선,양천구청,6722,6711
2022-05-06,2호선,신정네거리,10461,10659
2022-05-06,2호선,용두,2451,2428
2022-05-07,2호선,신대방,20645,18916
2022-05-07,2호선,시청,9888,8260
2022-05-07,2호선,을지로입구,22403,22251
2022-05-07,2호선,을지로3가,11631,11975
2022-05-07,2호선,을지로4가,7292,7530
2022-05-07,2호선,동대문역사문화공원,10865,12416
2022-05-07,2호선,신당,11038,11820
2022-05-07,2호선,상왕십리,9779,9010
2022-05-07,2호선,왕십리,13375,11525
2022-05-07,2호선,한양대,5002,5131
2022-05-07,2호선,뚝섬,15353,15790
2022-05-07,2호선,성수,19939,23264
2022-05-07,2호선,건대입구,37014,39982
2022-05-07,2호선,구의,16247,15020
2022-05-07,2호선,강변,28928,30839
2022-05-07,2호선,잠실나루,7754,7515
2022-05-07,2호선,잠실,68485,65849
2022-05-07,2호선,잠실새내,17046,17276
2022-05-07,2호선,종합운동장,9987,10817
2022-05-07,2호선,삼성,28175,27943
2022-05-07,2호선,선릉,22728,19809
2022-05-07,2호선,역삼,16674,18103
2022-05-07,2호선,강남,57070,58990
2022-05-07,2호선,교대,16653,18776
2022-05-07,2호선,서초,10722,8914
2022-05-07,2호선,방배,9807,9770
2022-05-07,2호선,사당,29462,33549
2022-05-07,2호선,낙성대,20670,18609
2022-05-07,2호선,서울대입구,36785,34517
2022-05-07,2호선,봉천,16664,14695
2022-05-07,2호선,신림,50317,46971
2022-05-07,2호선,구로디지털단지,32793,31876
2022-05-07,2호선,대림,18147,19180
2022-05-07,2호선,신도림,37903,38690
2022-05-07,2호선,문래,12198,12961
2022-05-07,2호선,영등포구청,11804,12269
2022-05-07,2호선,당산,12528,13376
2022-05-07,2호선,합정,27383,31237
2022-05-07,2호선,홍대입구,67876,76048
2022-05-07,2호선,신촌,30657,30367
2022-05-07,2호선,이대,10383,10373
2022-05-07,2호선,아현,7471,6886
2022-05-07,2호선,충정로,5358,5670
2022-05-07,2호선,용답,2412,2077
2022-05-07,2호선,신답,1144,1093
2022-05-07,2호선,신설동,3397,3328
2022-05-07,2호선,도림천,722,746
2022-05-07,2호선,양천구청,4629,4479
2022-05-07,2호선,신정네거리,7664,7597
2022-05-07,2호선,용두,1653,1654
2022-05-08,2호선,용두,1042,1053
2022-05-08,2호선,신정네거리,5326,5569
2022-05-08,2호선,양천구청,3297,3547
2022-05-08,2호선,도림천,435,487
2022-05-08,2호선,신설동,3074,3243
2022-05-08,2호선,신답,747,843
2022-05-08,2호선,용답,1782,1977
2022-05-08,2호선,충정로,3286,3614
2022-05-08,2호선,아현,5311,5517
2022-05-08,2호선,이대,6957,8166
2022-05-08,2호선,신촌,21169,20673
2022-05-08,2호선,홍대입구,46577,45177
2022-05-08,2호선,합정,18370,19601
2022-05-08,2호선,당산,8246,8916
2022-05-08,2호선,영등포구청,6749,7170
2022-05-08,2호선,문래,6883,7382
2022-05-08,2호선,신도림,27114,27952
2022-05-08,2호선,대림,15645,16014
2022-05-08,2호선,구로디지털단지,23076,23436
2022-05-08,2호선,신대방,16102,16474
2022-05-08,2호선,신림,36601,38308
2022-05-08,2호선,봉천,12183,12698
2022-05-08,2호선,서울대입구,25723,28229
2022-05-08,2호선,낙성대,15137,17215
2022-05-08,2호선,사당,20289,22860
2022-05-08,2호선,방배,6614,7169
2022-05-08,2호선,서초,11373,10362
2022-05-08,2호선,교대,9751,11066
2022-05-08,2호선,강남,30625,29556
2022-05-08,2호선,역삼,10715,11747
2022-05-08,2호선,선릉,12118,10529
2022-05-08,2호선,삼성,21134,19157
2022-05-08,2호선,종합운동장,11423,11977
2022-05-08,2호선,잠실새내,10864,11201
2022-05-08,2호선,잠실,48619,44639
2022-05-08,2호선,잠실나루,5154,5331
2022-05-08,2호선,강변,28016,23394
2022-05-08,2호선,구의,11268,11932
2022-05-08,2호선,건대입구,26088,27120
2022-05-08,2호선,성수,12913,14057
2022-05-08,2호선,뚝섬,9213,9532
2022-05-08,2호선,한양대,2387,2958
2022-05-08,2호선,왕십리,8967,8185
2022-05-08,2호선,상왕십리,6997,7290
2022-05-08,2호선,신당,7960,8860
2022-05-08,2호선,동대문역사문화공원,7342,8694
2022-05-08,2호선,을지로4가,3159,3073
2022-05-08,2호선,을지로3가,7790,7233
2022-05-08,2호선,을지로입구,15415,14304
2022-05-08,2호선,시청,5368,4275
2022-05-09,2호선,시청,24587,24340
2022-05-09,2호선,을지로입구,40436,42376
2022-05-09,2호선,을지로3가,23526,23723
2022-05-09,2호선,을지로4가,13199,13411
2022-05-09,2호선,동대문역사문화공원,11942,13671
2022-05-09,2호선,신당,14176,14653
2022-05-09,2호선,상왕십리,14888,14374
2022-05-09,2호선,왕십리,17388,14001
2022-05-09,2호선,한양대,14859,17077
2022-05-09,2호선,뚝섬,22253,24221
2022-05-09,2호선,성수,37435,41072
2022-05-09,2호선,건대입구,35827,39409
2022-05-09,2호선,구의,24058,23817
2022-05-09,2호선,강변,33477,30483
2022-05-09,2호선,잠실나루,15679,15480
2022-05-09,2호선,잠실,69671,69438
2022-05-09,2호선,잠실새내,21715,21576
2022-05-09,2호선,종합운동장,7486,8574
2022-05-09,2호선,삼성,51794,53268
2022-05-09,2호선,선릉,59743,53654
2022-05-09,2호선,역삼,54904,62911
2022-05-09,2호선,강남,85160,85124
2022-05-09,2호선,교대,35546,40515
2022-05-09,2호선,서초,22029,21473
2022-05-09,2호선,방배,20190,21094
2022-05-09,2호선,사당,38307,42562
2022-05-09,2호선,낙성대,27916,28025
2022-05-09,2호선,서울대입구,49384,49541
2022-05-09,2호선,봉천,24586,22965
2022-05-09,2호선,신림,65102,63476
2022-05-09,2호선,신대방,27867,27331
2022-05-09,2호선,구로디지털단지,61683,62005
2022-05-09,2호선,대림,25176,25525
2022-05-09,2호선,신도림,48909,48761
2022-05-09,2호선,문래,22829,23279
2022-05-09,2호선,영등포구청,23296,24592
2022-05-09,2호선,당산,19738,23004
2022-05-09,2호선,합정,30578,32296
2022-05-09,2호선,홍대입구,54109,57113
2022-05-09,2호선,신촌,33991,35547
2022-05-09,2호선,이대,14331,16111
2022-05-09,2호선,아현,10902,10354
2022-05-09,2호선,충정로,10573,11086
2022-05-09,2호선,용답,3321,3450
2022-05-09,2호선,신답,1764,1970
2022-05-09,2호선,신설동,3271,3424
2022-05-09,2호선,도림천,1498,1532
2022-05-09,2호선,양천구청,7268,7547
2022-05-09,2호선,신정네거리,11105,11330
2022-05-09,2호선,용두,2451,2531
2022-05-10,2호선,용두,2455,2442
2022-05-10,2호선,신정네거리,11249,11523
2022-05-10,2호선,양천구청,7445,7649
2022-05-10,2호선,도림천,1421,1599
2022-05-10,2호선,신설동,3271,3301
2022-05-10,2호선,신답,1809,1996
2022-05-10,2호선,용답,3268,3417
2022-05-10,2호선,충정로,10849,11540
2022-05-10,2호선,아현,11581,10992
2022-05-10,2호선,이대,15292,16275
2022-05-10,2호선,신촌,35990,36984
2022-05-10,2호선,홍대입구,56509,59369
2022-05-10,2호선,합정,32029,34261
2022-05-10,2호선,당산,20514,24043
2022-05-10,2호선,영등포구청,24019,24945
2022-05-10,2호선,문래,23814,23981
2022-05-10,2호선,신도림,50074,49826
2022-05-10,2호선,대림,25560,25710
2022-05-10,2호선,구로디지털단지,63675,63944
2022-05-10,2호선,신대방,28549,27639
2022-05-10,2호선,신림,66885,64838
2022-05-10,2호선,봉천,25380,23250
2022-05-10,2호선,서울대입구,51010,50235
2022-05-10,2호선,낙성대,29285,28776
2022-05-10,2호선,사당,40351,44976
2022-05-10,2호선,방배,21446,22152
2022-05-10,2호선,서초,23609,23024
2022-05-10,2호선,교대,37045,41960
2022-05-10,2호선,강남,88221,88430
2022-05-10,2호선,역삼,56980,65088
2022-05-10,2호선,선릉,62600,55994
2022-05-10,2호선,삼성,53744,55377
2022-05-10,2호선,종합운동장,13337,15218
2022-05-10,2호선,잠실새내,22635,22603
2022-05-10,2호선,잠실,70874,70460
2022-05-10,2호선,잠실나루,16306,15939
2022-05-10,2호선,강변,31641,29024
2022-05-10,2호선,구의,24892,24251
2022-05-10,2호선,건대입구,37162,40327
2022-05-10,2호선,성수,39462,43152
2022-05-10,2호선,뚝섬,23713,25824
2022-05-10,2호선,한양대,15922,17861
2022-05-10,2호선,왕십리,18113,14707
2022-05-10,2호선,상왕십리,15171,14656
2022-05-10,2호선,신당,14566,15184
2022-05-10,2호선,동대문역사문화공원,12668,14225
2022-05-10,2호선,을지로4가,13830,14017
2022-05-10,2호선,을지로3가,24458,24337
2022-05-10,2호선,을지로입구,42150,44158
2022-05-10,2호선,시청,25508,25471
2022-05-11,2호선,잠실나루,16506,16005
2022-05-11,2호선,강변,31903,29489
2022-05-11,2호선,구의,25235,24687
2022-05-11,2호선,건대입구,38038,40676
2022-05-11,2호선,성수,39717,43874
2022-05-11,2호선,뚝섬,23866,25832
2022-05-11,2호선,한양대,15305,17117
2022-05-11,2호선,왕십리,18348,14765
2022-05-11,2호선,상왕십리,15482,14888
2022-05-11,2호선,신당,15071,15554
2022-05-11,2호선,동대문역사문화공원,12827,14298
2022-05-11,2호선,을지로4가,13981,14052
2022-05-11,2호선,을지로3가,25088,25244
2022-05-11,2호선,을지로입구,42771,44978
2022-05-11,2호선,시청,26063,25605
2022-05-11,2호선,용두,2449,2546
2022-05-11,2호선,신정네거리,11363,11608
2022-05-11,2호선,양천구청,7451,7662
2022-05-11,2호선,도림천,1469,1536
2022-05-11,2호선,신설동,3427,3434
2022-05-11,2호선,신답,1841,1991
2022-05-11,2호선,용답,3368,3417
2022-05-11,2호선,충정로,10845,11523
2022-05-11,2호선,아현,11671,10817
2022-05-11,2호선,이대,15332,16289
2022-05-11,2호선,신촌,35647,36321
2022-05-11,2호선,홍대입구,57766,61402
2022-05-11,2호선,합정,32251,34637
2022-05-11,2호선,당산,20838,24274
2022-05-11,2호선,영등포구청,24063,24820
2022-05-11,2호선,문래,23788,24583
2022-05-11,2호선,신도림,51464,51665
2022-05-11,2호선,대림,25555,26152
2022-05-11,2호선,구로디지털단지,63856,63572
2022-05-11,2호선,신대방,29185,28067
2022-05-11,2호선,신림,68116,65609
2022-05-11,2호선,봉천,25395,23361
2022-05-11,2호선,서울대입구,51265,50574
2022-05-11,2호선,낙성대,29743,28704
2022-05-11,2호선,사당,41518,45744
2022-05-11,2호선,방배,21007,21958
2022-05-11,2호선,서초,23676,23258
2022-05-11,2호선,교대,37436,42960
2022-05-11,2호선,강남,88738,88348
2022-05-11,2호선,역삼,56401,64214
2022-05-11,2호선,선릉,61834,54903
2022-05-11,2호선,삼성,56609,58150
2022-05-11,2호선,종합운동장,11993,13515
2022-05-11,2호선,잠실새내,22587,22550
2022-05-11,2호선,잠실,72020,71627
2022-05-12,2호선,선릉,61530,54859
2022-05-12,2호선,역삼,55081,64145
2022-05-12,2호선,강남,88571,88898
2022-05-12,2호선,교대,37567,42778
2022-05-12,2호선,서초,23450,22802
2022-05-12,2호선,방배,21315,22150
2022-05-12,2호선,사당,40758,45877
2022-05-12,2호선,낙성대,29741,28865
2022-05-12,2호선,서울대입구,51296,50907
2022-05-12,2호선,봉천,25547,23256
2022-05-12,2호선,신림,67276,64523
2022-05-12,2호선,신대방,28851,27533
2022-05-12,2호선,구로디지털단지,63751,63712
2022-05-12,2호선,대림,25717,26180
2022-05-12,2호선,신도림,51844,51460
2022-05-12,2호선,문래,23654,24361
2022-05-12,2호선,영등포구청,24001,24865
2022-05-12,2호선,당산,20740,24036
2022-05-12,2호선,합정,33116,35533
2022-05-12,2호선,홍대입구,57925,62274
2022-05-12,2호선,신촌,36380,37037
2022-05-12,2호선,이대,15179,16080
2022-05-12,2호선,아현,11840,11200
2022-05-12,2호선,충정로,10813,11527
2022-05-12,2호선,용답,3409,3514
2022-05-12,2호선,신답,1873,2052
2022-05-12,2호선,신설동,3377,2257
2022-05-12,2호선,도림천,1493,1563
2022-05-12,2호선,양천구청,7465,7629
2022-05-12,2호선,신정네거리,11112,11286
2022-05-12,2호선,용두,2485,2484
2022-05-12,2호선,시청,26000,25499
2022-05-12,2호선,을지로입구,42058,44434
2022-05-12,2호선,을지로3가,24533,25054
2022-05-12,2호선,을지로4가,13839,13993
2022-05-12,2호선,동대문역사문화공원,12539,14482
2022-05-12,2호선,신당,14923,15284
2022-05-12,2호선,상왕십리,15481,14774
2022-05-12,2호선,왕십리,18427,14620
2022-05-12,2호선,한양대,15386,17109
2022-05-12,2호선,뚝섬,24006,26104
2022-05-12,2호선,성수,39710,44159
2022-05-12,2호선,건대입구,38835,41431
2022-05-12,2호선,구의,25201,24464
2022-05-12,2호선,강변,33278,30577
2022-05-12,2호선,잠실나루,16306,15779
2022-05-12,2호선,잠실,73355,73150
2022-05-12,2호선,잠실새내,22816,22787
2022-05-12,2호선,종합운동장,11888,13284
2022-05-12,2호선,삼성,58680,60525
2022-05-13,2호선,상왕십리,15973,15180
2022-05-13,2호선,신당,15591,15883
2022-05-13,2호선,동대문역사문화공원,13938,15387
2022-05-13,2호선,을지로4가,14148,14309
2022-05-13,2호선,을지로3가,25884,27323
2022-05-13,2호선,을지로입구,43396,44888
2022-05-13,2호선,시청,27046,25981
2022-05-13,2호선,용두,2632,2610
2022-05-13,2호선,신정네거리,11559,11677
2022-05-13,2호선,양천구청,7612,7751
2022-05-13,2호선,도림천,1463,1481
2022-05-13,2호선,신설동,3915,1990
2022-05-13,2호선,신답,1939,2008
2022-05-13,2호선,용답,3324,3266
2022-05-13,2호선,충정로,10900,12081
2022-05-13,2호선,아현,12059,11240
2022-05-13,2호선,이대,16153,16120
2022-05-13,2호선,신촌,38629,40075
2022-05-13,2호선,홍대입구,65087,74675
2022-05-13,2호선,합정,35962,40115
2022-05-13,2호선,당산,21281,24482
2022-05-13,2호선,영등포구청,24175,25252
2022-05-13,2호선,문래,24027,25822
2022-05-13,2호선,신도림,53426,55066
2022-05-13,2호선,대림,26186,26657
2022-05-13,2호선,구로디지털단지,64918,64005
2022-05-13,2호선,신대방,29194,27714
2022-05-13,2호선,신림,71101,68299
2022-05-13,2호선,봉천,26092,23213
2022-05-13,2호선,서울대입구,54803,52401
2022-05-13,2호선,낙성대,31145,29082
2022-05-13,2호선,사당,44928,50867
2022-05-13,2호선,방배,20874,21235
2022-05-13,2호선,서초,23850,23722
2022-05-13,2호선,교대,38102,43987
2022-05-13,2호선,강남,95342,98137
2022-05-13,2호선,역삼,54545,62526
2022-05-13,2호선,선릉,61482,54954
2022-05-13,2호선,삼성,59384,60224
2022-05-13,2호선,종합운동장,18024,20555
2022-05-13,2호선,잠실새내,24937,25804
2022-05-13,2호선,잠실,81273,80248
2022-05-13,2호선,잠실나루,16391,15591
2022-05-13,2호선,강변,37597,35305
2022-05-13,2호선,구의,25970,25117
2022-05-13,2호선,건대입구,41856,47090
2022-05-13,2호선,성수,41019,45844
2022-05-13,2호선,뚝섬,25097,26830
2022-05-13,2호선,한양대,13649,14756
2022-05-13,2호선,왕십리,19548,16537
2022-05-14,2호선,한양대,5874,6096
2022-05-14,2호선,왕십리,15957,14063
2022-05-14,2호선,상왕십리,10998,10133
2022-05-14,2호선,신당,12421,13112
2022-05-14,2호선,동대문역사문화공원,12318,14291
2022-05-14,2호선,을지로4가,8351,9088
2022-05-14,2호선,을지로3가,14685,14912
2022-05-14,2호선,을지로입구,25077,25315
2022-05-14,2호선,시청,11321,9998
2022-05-14,2호선,뚝섬,18116,18418
2022-05-14,2호선,성수,24905,28546
2022-05-14,2호선,건대입구,42898,46648
2022-05-14,2호선,구의,18414,17398
2022-05-14,2호선,강변,33059,32306
2022-05-14,2호선,잠실나루,8825,8629
2022-05-14,2호선,잠실,76870,73746
2022-05-14,2호선,잠실새내,20439,21066
2022-05-14,2호선,종합운동장,16148,18938
2022-05-14,2호선,삼성,36574,36116
2022-05-14,2호선,선릉,28053,24739
2022-05-14,2호선,역삼,21058,23333
2022-05-14,2호선,강남,69464,71428
2022-05-14,2호선,교대,20717,23558
2022-05-14,2호선,서초,13595,11267
2022-05-14,2호선,방배,11642,11894
2022-05-14,2호선,사당,37850,43019
2022-05-14,2호선,낙성대,25012,22740
2022-05-14,2호선,서울대입구,42712,40916
2022-05-14,2호선,봉천,18847,17017
2022-05-14,2호선,신림,56729,54171
2022-05-14,2호선,신대방,22673,21290
2022-05-14,2호선,구로디지털단지,37956,36873
2022-05-14,2호선,대림,20164,21189
2022-05-14,2호선,신도림,44852,45438
2022-05-14,2호선,문래,14491,15561
2022-05-14,2호선,영등포구청,14380,15360
2022-05-14,2호선,당산,15227,16287
2022-05-14,2호선,합정,34977,40935
2022-05-14,2호선,홍대입구,79716,89438
2022-05-14,2호선,신촌,36060,36221
2022-05-14,2호선,이대,12087,12316
2022-05-14,2호선,아현,8679,7882
2022-05-14,2호선,충정로,6357,6765
2022-05-14,2호선,용답,2490,2214
2022-05-14,2호선,신답,1204,1229
2022-05-14,2호선,신설동,3785,3747
2022-05-14,2호선,도림천,844,812
2022-05-14,2호선,양천구청,5332,5225
2022-05-14,2호선,신정네거리,8691,8576
2022-05-14,2호선,용두,1801,1807
2022-05-15,2호선,용두,1341,1295
2022-05-15,2호선,신정네거리,6044,6181
2022-05-15,2호선,양천구청,3803,3907
2022-05-15,2호선,도림천,514,518
2022-05-15,2호선,신설동,3717,3589
2022-05-15,2호선,신답,916,1007
2022-05-15,2호선,용답,1956,2011
2022-05-15,2호선,충정로,4064,4506
2022-05-15,2호선,아현,5966,5802
2022-05-15,2호선,이대,7855,8753
2022-05-15,2호선,신촌,25650,25184
2022-05-15,2호선,홍대입구,61588,60042
2022-05-15,2호선,합정,25712,27883
2022-05-15,2호선,당산,10679,11358
2022-05-15,2호선,영등포구청,9101,9630
2022-05-15,2호선,문래,9238,9830
2022-05-15,2호선,신도림,31100,31920
2022-05-15,2호선,대림,16662,17258
2022-05-15,2호선,구로디지털단지,26822,26267
2022-05-15,2호선,신대방,17426,17278
2022-05-15,2호선,신림,42036,41066
2022-05-15,2호선,봉천,13623,13172
2022-05-15,2호선,서울대입구,30896,31837
2022-05-15,2호선,낙성대,17821,18582
2022-05-15,2호선,사당,26470,29678
2022-05-15,2호선,방배,7807,8231
2022-05-15,2호선,서초,13762,12602
2022-05-15,2호선,교대,12453,13993
2022-05-15,2호선,강남,40551,39350
2022-05-15,2호선,역삼,12425,13583
2022-05-15,2호선,선릉,15372,13013
2022-05-15,2호선,삼성,25456,24191
2022-05-15,2호선,종합운동장,15095,16852
2022-05-15,2호선,잠실새내,13812,13665
2022-05-15,2호선,잠실,57308,52377
2022-05-15,2호선,잠실나루,6302,6318
2022-05-15,2호선,강변,27398,26667
2022-05-15,2호선,구의,13038,13052
2022-05-15,2호선,건대입구,32739,33125
2022-05-15,2호선,성수,17590,19838
2022-05-15,2호선,뚝섬,13360,13232
2022-05-15,2호선,한양대,3292,3763
2022-05-15,2호선,왕십리,11458,10072
2022-05-15,2호선,상왕십리,7764,7621
2022-05-15,2호선,신당,9163,9907
2022-05-15,2호선,동대문역사문화공원,8915,10719
2022-05-15,2호선,을지로4가,4418,4122
2022-05-15,2호선,을지로3가,10439,9994
2022-05-15,2호선,을지로입구,18357,17354
2022-05-15,2호선,시청,7250,5975
2022-05-16,2호선,용답,3364,3482
2022-05-16,2호선,시청,24753,24080
2022-05-16,2호선,을지로입구,41411,43101
2022-05-16,2호선,을지로3가,23834,24159
2022-05-16,2호선,을지로4가,13481,13458
2022-05-16,2호선,동대문역사문화공원,12350,13995
2022-05-16,2호선,신당,14417,14775
2022-05-16,2호선,상왕십리,15066,14759
2022-05-16,2호선,왕십리,17587,13962
2022-05-16,2호선,한양대,15034,16968
2022-05-16,2호선,뚝섬,22884,24701
2022-05-16,2호선,성수,38964,42873
2022-05-16,2호선,건대입구,36835,39187
2022-05-16,2호선,구의,24551,24053
2022-05-16,2호선,강변,32687,31152
2022-05-16,2호선,잠실나루,16226,15748
2022-05-16,2호선,잠실,69088,69289
2022-05-16,2호선,잠실새내,22088,22010
2022-05-16,2호선,종합운동장,7501,8644
2022-05-16,2호선,삼성,52762,54096
2022-05-16,2호선,선릉,60858,54254
2022-05-16,2호선,역삼,55827,63862
2022-05-16,2호선,강남,85811,85928
2022-05-16,2호선,교대,36056,41345
2022-05-16,2호선,서초,22481,21939
2022-05-16,2호선,방배,20390,21239
2022-05-16,2호선,사당,39592,43532
2022-05-16,2호선,낙성대,28764,28588
2022-05-16,2호선,서울대입구,50426,49815
2022-05-16,2호선,봉천,24949,22916
2022-05-16,2호선,신림,66090,63775
2022-05-16,2호선,신대방,28004,27230
2022-05-16,2호선,구로디지털단지,62615,62738
2022-05-16,2호선,대림,25963,26259
2022-05-16,2호선,신도림,49682,49341
2022-05-16,2호선,문래,23452,23974
2022-05-16,2호선,영등포구청,23599,24398
2022-05-16,2호선,당산,19873,23325
2022-05-16,2호선,합정,30700,32391
2022-05-16,2호선,홍대입구,55746,57996
2022-05-16,2호선,신촌,35140,35909
2022-05-16,2호선,이대,14817,16241
2022-05-16,2호선,아현,11005,10375
2022-05-16,2호선,충정로,10553,11157
2022-05-16,2호선,신답,1776,1963
2022-05-16,2호선,신설동,3428,3464
2022-05-16,2호선,도림천,1438,1527
2022-05-16,2호선,양천구청,7348,7496
2022-05-16,2호선,신정네거리,11205,11343
2022-05-16,2호선,용두,2489,2516
2022-05-17,2호선,서초,23361,22830
2022-05-17,2호선,시청,25769,25387
2022-05-17,2호선,을지로입구,42004,44231
2022-05-17,2호선,을지로3가,24596,24910
2022-05-17,2호선,을지로4가,14206,14285
2022-05-17,2호선,동대문역사문화공원,12533,14147
2022-05-17,2호선,신당,14969,15313
2022-05-17,2호선,상왕십리,15490,14913
2022-05-17,2호선,왕십리,18323,14655
2022-05-17,2호선,한양대,15877,17610
2022-05-17,2호선,뚝섬,23651,25753
2022-05-17,2호선,성수,39352,43320
2022-05-17,2호선,건대입구,36941,39868
2022-05-17,2호선,구의,25138,24420
2022-05-17,2호선,강변,31770,29726
2022-05-17,2호선,잠실나루,16423,16044
2022-05-17,2호선,잠실,71882,71635
2022-05-17,2호선,잠실새내,22665,22453
2022-05-17,2호선,종합운동장,11446,12961
2022-05-17,2호선,삼성,54511,56179
2022-05-17,2호선,선릉,62343,55604
2022-05-17,2호선,역삼,57142,65674
2022-05-17,2호선,강남,88303,88202
2022-05-17,2호선,교대,37527,42918
2022-05-17,2호선,방배,21276,22300
2022-05-17,2호선,사당,41212,45344
2022-05-17,2호선,낙성대,29476,28761
2022-05-17,2호선,서울대입구,51305,50530
2022-05-17,2호선,봉천,25541,23310
2022-05-17,2호선,신림,66735,64527
2022-05-17,2호선,신대방,28615,27785
2022-05-17,2호선,구로디지털단지,63928,64152
2022-05-17,2호선,대림,25438,25957
2022-05-17,2호선,신도림,51125,50617
2022-05-17,2호선,문래,23790,24466
2022-05-17,2호선,영등포구청,23888,24819
2022-05-17,2호선,당산,20921,24226
2022-05-17,2호선,합정,31635,33583
2022-05-17,2호선,홍대입구,55921,58779
2022-05-17,2호선,신촌,35480,36585
2022-05-17,2호선,이대,15370,16452
2022-05-17,2호선,아현,11634,10961
2022-05-17,2호선,충정로,10878,11462
2022-05-17,2호선,용답,3351,3406
2022-05-17,2호선,신답,1787,2003
2022-05-17,2호선,신설동,3336,3321
2022-05-17,2호선,도림천,1452,1534
2022-05-17,2호선,양천구청,7509,7707
2022-05-17,2호선,신정네거리,11284,11500
2022-05-17,2호선,용두,2550,2533
2022-05-18,2호선,용두,2540,2488
2022-05-18,2호선,신정네거리,11100,11362
2022-05-18,2호선,양천구청,7435,7569
2022-05-18,2호선,도림천,1532,1527
2022-05-18,2호선,신설동,3532,3619
2022-05-18,2호선,신답,1839,1983
2022-05-18,2호선,용답,3391,3368
2022-05-18,2호선,충정로,10958,11587
2022-05-18,2호선,아현,11399,10538
2022-05-18,2호선,이대,15330,16295
2022-05-18,2호선,신촌,35324,36249
2022-05-18,2호선,홍대입구,56039,59495
2022-05-18,2호선,합정,31663,33706
2022-05-18,2호선,당산,20373,23685
2022-05-18,2호선,영등포구청,23761,25019
2022-05-18,2호선,문래,23769,24259
2022-05-18,2호선,신도림,51137,51391
2022-05-18,2호선,대림,25095,25537
2022-05-18,2호선,구로디지털단지,63303,63270
2022-05-18,2호선,신대방,28746,27739
2022-05-18,2호선,신림,68145,65335
2022-05-18,2호선,봉천,25341,22943
2022-05-18,2호선,서울대입구,50945,49870
2022-05-18,2호선,낙성대,28989,28356
2022-05-18,2호선,사당,40948,45794
2022-05-18,2호선,방배,20742,21696
2022-05-18,2호선,서초,23627,23125
2022-05-18,2호선,교대,37060,42559
2022-05-18,2호선,강남,87386,87842
2022-05-18,2호선,역삼,56090,64760
2022-05-18,2호선,선릉,61677,54670
2022-05-18,2호선,삼성,56509,58189
2022-05-18,2호선,종합운동장,11211,12506
2022-05-18,2호선,잠실새내,22422,22205
2022-05-18,2호선,잠실,70347,70359
2022-05-18,2호선,잠실나루,16346,15861
2022-05-18,2호선,강변,31329,29655
2022-05-18,2호선,구의,25107,24294
2022-05-18,2호선,건대입구,37452,40207
2022-05-18,2호선,성수,39498,43790
2022-05-18,2호선,뚝섬,23603,25601
2022-05-18,2호선,한양대,15001,16732
2022-05-18,2호선,왕십리,18008,14465
2022-05-18,2호선,상왕십리,15355,14881
2022-05-18,2호선,신당,14816,15294
2022-05-18,2호선,동대문역사문화공원,12524,14190
2022-05-18,2호선,을지로4가,13746,13798
2022-05-18,2호선,을지로3가,24756,25128
2022-05-18,2호선,을지로입구,41662,44185
2022-05-18,2호선,시청,26370,25765
2022-05-19,2호선,신설동,3403,3421
2022-05-19,2호선,도림천,1455,1542
2022-05-19,2호선,양천구청,7555,7743
2022-05-19,2호선,신정네거리,11302,11411
2022-05-19,2호선,용두,2520,2543
2022-05-19,2호선,신답,1796,1998
2022-05-19,2호선,용답,3278,3445
2022-05-19,2호선,충정로,10748,11648
2022-05-19,2호선,아현,11686,10965
2022-05-19,2호선,이대,15279,15943
2022-05-19,2호선,신촌,36163,37390
2022-05-19,2호선,홍대입구,57447,61992
2022-05-19,2호선,합정,32982,35142
2022-05-19,2호선,당산,21009,24573
2022-05-19,2호선,영등포구청,24149,25137
2022-05-19,2호선,문래,23730,24377
2022-05-19,2호선,신도림,51688,52004
2022-05-19,2호선,대림,25892,26345
2022-05-19,2호선,구로디지털단지,63666,63502
2022-05-19,2호선,신대방,29135,28096
2022-05-19,2호선,신림,68188,65433
2022-05-19,2호선,봉천,25721,23375
2022-05-19,2호선,서울대입구,51822,50716
2022-05-19,2호선,낙성대,29788,28749
2022-05-19,2호선,사당,42834,47396
2022-05-19,2호선,방배,21254,22068
2022-05-19,2호선,서초,23311,22749
2022-05-19,2호선,교대,37483,42992
2022-05-19,2호선,강남,88291,88726
2022-05-19,2호선,역삼,55128,63790
2022-05-19,2호선,선릉,62852,55892
2022-05-19,2호선,삼성,57412,59554
2022-05-19,2호선,종합운동장,12352,13315
2022-05-19,2호선,잠실새내,23228,23145
2022-05-19,2호선,잠실,72667,73015
2022-05-19,2호선,잠실나루,16365,16027
2022-05-19,2호선,강변,33067,30379
2022-05-19,2호선,구의,25123,24301
2022-05-19,2호선,건대입구,38309,41396
2022-05-19,2호선,성수,40035,43918
2022-05-19,2호선,뚝섬,24201,26395
2022-05-19,2호선,한양대,14756,16612
2022-05-19,2호선,왕십리,18427,14493
2022-05-19,2호선,상왕십리,15503,14721
2022-05-19,2호선,신당,14912,15323
2022-05-19,2호선,동대문역사문화공원,12726,14677
2022-05-19,2호선,을지로4가,14001,14092
2022-05-19,2호선,을지로3가,24309,24560
2022-05-19,2호선,을지로입구,42764,44996
2022-05-19,2호선,시청,25946,25863
2022-05-20,2호선,시청,26216,25782
2022-05-20,2호선,을지로입구,42873,45106
2022-05-20,2호선,을지로3가,25622,26942
2022-05-20,2호선,을지로4가,14222,14742
2022-05-20,2호선,동대문역사문화공원,13571,14964
2022-05-20,2호선,신당,15589,15854
2022-05-20,2호선,상왕십리,15740,15026
2022-05-20,2호선,왕십리,19536,16360
2022-05-20,2호선,한양대,13228,14135
2022-05-20,2호선,뚝섬,25259,26771
2022-05-20,2호선,성수,40866,46264
2022-05-20,2호선,건대입구,42121,47136
2022-05-20,2호선,구의,25716,24565
2022-05-20,2호선,강변,38110,36005
2022-05-20,2호선,잠실나루,16505,15762
2022-05-20,2호선,잠실,83341,83730
2022-05-20,2호선,잠실새내,24601,25576
2022-05-20,2호선,종합운동장,18410,21922
2022-05-20,2호선,삼성,57712,59082
2022-05-20,2호선,선릉,61514,55016
2022-05-20,2호선,역삼,53502,61697
2022-05-20,2호선,강남,95179,98286
2022-05-20,2호선,교대,38187,44108
2022-05-20,2호선,서초,23488,22364
2022-05-20,2호선,방배,20599,21237
2022-05-20,2호선,사당,45373,50762
2022-05-20,2호선,낙성대,31226,28591
2022-05-20,2호선,서울대입구,53678,51824
2022-05-20,2호선,봉천,26225,23094
2022-05-20,2호선,신림,70661,67353
2022-05-20,2호선,신대방,29648,27923
2022-05-20,2호선,구로디지털단지,64353,63778
2022-05-20,2호선,대림,26276,26381
2022-05-20,2호선,신도림,53246,54864
2022-05-20,2호선,문래,23971,24822
2022-05-20,2호선,영등포구청,24301,25509
2022-05-20,2호선,당산,21624,25065
2022-05-20,2호선,합정,35154,39700
2022-05-20,2호선,홍대입구,64144,74950
2022-05-20,2호선,신촌,39652,41028
2022-05-20,2호선,이대,16173,16320
2022-05-20,2호선,아현,12246,11170
2022-05-20,2호선,충정로,10616,11288
2022-05-20,2호선,용답,3367,3234
2022-05-20,2호선,신답,1947,2018
2022-05-20,2호선,신설동,4006,3786
2022-05-20,2호선,도림천,1474,1454
2022-05-20,2호선,양천구청,7909,7858
2022-05-20,2호선,신정네거리,11712,11792
2022-05-20,2호선,용두,2638,2530
2022-05-21,2호선,시청,12073,10397
2022-05-21,2호선,을지로입구,25334,25844
2022-05-21,2호선,을지로3가,14362,14932
2022-05-21,2호선,을지로4가,8307,8978
2022-05-21,2호선,동대문역사문화공원,11840,14086
2022-05-21,2호선,신당,12332,13146
2022-05-21,2호선,상왕십리,11051,10227
2022-05-21,2호선,왕십리,15490,13647
2022-05-21,2호선,한양대,5585,5986
2022-05-21,2호선,뚝섬,17578,17959
2022-05-21,2호선,성수,23477,27288
2022-05-21,2호선,건대입구,40890,45041
2022-05-21,2호선,구의,18053,17203
2022-05-21,2호선,강변,33182,32898
2022-05-21,2호선,잠실나루,8606,8310
2022-05-21,2호선,잠실,75959,72960
2022-05-21,2호선,잠실새내,20620,20795
2022-05-21,2호선,종합운동장,18855,21615
2022-05-21,2호선,삼성,31836,31991
2022-05-21,2호선,선릉,26911,23615
2022-05-21,2호선,역삼,20089,22630
2022-05-21,2호선,강남,66742,68983
2022-05-21,2호선,교대,20280,22870
2022-05-21,2호선,서초,12913,10622
2022-05-21,2호선,방배,11489,11824
2022-05-21,2호선,사당,38219,42759
2022-05-21,2호선,낙성대,24659,22374
2022-05-21,2호선,서울대입구,42137,40900
2022-05-21,2호선,봉천,19019,16870
2022-05-21,2호선,신림,56721,53379
2022-05-21,2호선,신대방,22811,21301
2022-05-21,2호선,구로디지털단지,38013,36715
2022-05-21,2호선,대림,19858,20647
2022-05-21,2호선,신도림,45592,46690
2022-05-21,2호선,문래,14628,15845
2022-05-21,2호선,영등포구청,14299,14818
2022-05-21,2호선,당산,15471,17049
2022-05-21,2호선,합정,32816,37565
2022-05-21,2호선,홍대입구,75077,84773
2022-05-21,2호선,신촌,35642,36507
2022-05-21,2호선,이대,11729,12153
2022-05-21,2호선,아현,8385,7660
2022-05-21,2호선,충정로,6473,6979
2022-05-21,2호선,용답,2397,2182
2022-05-21,2호선,신답,1137,1173
2022-05-21,2호선,신설동,3783,3712
2022-05-21,2호선,도림천,897,939
2022-05-21,2호선,양천구청,5707,5446
2022-05-21,2호선,신정네거리,8342,8275
2022-05-21,2호선,용두,1897,1788
2022-05-22,2호선,시청,7309,5960
2022-05-22,2호선,을지로입구,18032,17249
2022-05-22,2호선,을지로3가,10242,9685
2022-05-22,2호선,을지로4가,4133,4040
2022-05-22,2호선,동대문역사문화공원,9190,10953
2022-05-22,2호선,신당,9415,10029
2022-05-22,2호선,상왕십리,7745,7637
2022-05-22,2호선,왕십리,10621,9394
2022-05-22,2호선,한양대,3281,3693
2022-05-22,2호선,뚝섬,12280,12183
2022-05-22,2호선,성수,15279,17588
2022-05-22,2호선,건대입구,29922,31317
2022-05-22,2호선,구의,12500,12395
2022-05-22,2호선,강변,26257,25652
2022-05-22,2호선,잠실나루,5888,5988
2022-05-22,2호선,잠실,55344,51154
2022-05-22,2호선,잠실새내,13415,13509
2022-05-22,2호선,종합운동장,16204,18105
2022-05-22,2호선,삼성,24023,23234
2022-05-22,2호선,선릉,14775,12524
2022-05-22,2호선,역삼,12283,13500
2022-05-22,2호선,강남,38536,37549
2022-05-22,2호선,교대,11935,13255
2022-05-22,2호선,서초,12971,12025
2022-05-22,2호선,방배,7345,7867
2022-05-22,2호선,사당,25895,28478
2022-05-22,2호선,낙성대,17720,18209
2022-05-22,2호선,서울대입구,30045,30869
2022-05-22,2호선,봉천,13474,12801
2022-05-22,2호선,신림,40954,40320
2022-05-22,2호선,신대방,17291,16972
2022-05-22,2호선,구로디지털단지,26312,25616
2022-05-22,2호선,대림,17156,17692
2022-05-22,2호선,신도림,31148,31771
2022-05-22,2호선,문래,8709,9223
2022-05-22,2호선,영등포구청,8853,9344
2022-05-22,2호선,당산,10522,11840
2022-05-22,2호선,합정,24086,25845
2022-05-22,2호선,홍대입구,56315,55215
2022-05-22,2호선,신촌,24374,24027
2022-05-22,2호선,이대,8118,8640
2022-05-22,2호선,아현,5807,5713
2022-05-22,2호선,충정로,3989,4364
2022-05-22,2호선,용답,1834,1819
2022-05-22,2호선,신답,884,870
2022-05-22,2호선,신설동,3523,3489
2022-05-22,2호선,도림천,515,524
2022-05-22,2호선,양천구청,3739,3788
2022-05-22,2호선,신정네거리,5938,5979
2022-05-22,2호선,용두,1100,1041
2022-05-23,2호선,용두,2351,2452
2022-05-23,2호선,신정네거리,10858,11134
2022-05-23,2호선,양천구청,7346,7590
2022-05-23,2호선,도림천,1457,1524
2022-05-23,2호선,신설동,3328,3387
2022-05-23,2호선,신답,1809,1962
2022-05-23,2호선,용답,3327,3401
2022-05-23,2호선,충정로,10571,11147
2022-05-23,2호선,아현,10942,10568
2022-05-23,2호선,이대,14870,16127
2022-05-23,2호선,신촌,33219,33838
2022-05-23,2호선,홍대입구,53965,56363
2022-05-23,2호선,합정,30569,32259
2022-05-23,2호선,당산,19554,23158
2022-05-23,2호선,영등포구청,23334,24385
2022-05-23,2호선,문래,22904,23575
2022-05-23,2호선,신도림,48351,48097
2022-05-23,2호선,대림,25196,25364
2022-05-23,2호선,구로디지털단지,61623,61844
2022-05-23,2호선,신대방,27939,26915
2022-05-23,2호선,신림,64971,62918
2022-05-23,2호선,봉천,24980,22980
2022-05-23,2호선,서울대입구,49457,49055
2022-05-23,2호선,낙성대,28482,27878
2022-05-23,2호선,사당,38492,42829
2022-05-23,2호선,방배,20215,21136
2022-05-23,2호선,서초,23165,22704
2022-05-23,2호선,교대,35958,41124
2022-05-23,2호선,강남,85230,84987
2022-05-23,2호선,역삼,55250,63225
2022-05-23,2호선,선릉,60734,54179
2022-05-23,2호선,삼성,51711,53152
2022-05-23,2호선,종합운동장,8464,9411
2022-05-23,2호선,잠실새내,21851,21609
2022-05-23,2호선,잠실,66255,66923
2022-05-23,2호선,잠실나루,16059,15700
2022-05-23,2호선,강변,31969,30774
2022-05-23,2호선,구의,24221,23872
2022-05-23,2호선,건대입구,35363,38366
2022-05-23,2호선,성수,37860,41586
2022-05-23,2호선,뚝섬,22563,24546
2022-05-23,2호선,한양대,14898,16844
2022-05-23,2호선,왕십리,17268,13684
2022-05-23,2호선,상왕십리,14757,14231
2022-05-23,2호선,신당,14251,14335
2022-05-23,2호선,동대문역사문화공원,12176,13669
2022-05-23,2호선,을지로4가,13621,13459
2022-05-23,2호선,을지로3가,23895,23712
2022-05-23,2호선,을지로입구,38859,41384
2022-05-23,2호선,시청,24796,24378
2022-05-24,2호선,용두,2415,2434
2022-05-24,2호선,신정네거리,11247,11482
2022-05-24,2호선,양천구청,7585,7702
2022-05-24,2호선,도림천,1501,1536
2022-05-24,2호선,신설동,3297,3349
2022-05-24,2호선,신답,1831,2049
2022-05-24,2호선,용답,3278,3414
2022-05-24,2호선,충정로,10774,11416
2022-05-24,2호선,아현,11570,10909
2022-05-24,2호선,이대,15191,16276
2022-05-24,2호선,신촌,35271,35938
2022-05-24,2호선,홍대입구,54959,58375
2022-05-24,2호선,합정,31789,33745
2022-05-24,2호선,당산,20652,24139
2022-05-24,2호선,영등포구청,23609,24742
2022-05-24,2호선,문래,23802,24507
2022-05-24,2호선,신도림,50417,50377
2022-05-24,2호선,대림,25598,25866
2022-05-24,2호선,구로디지털단지,63395,63538
2022-05-24,2호선,신대방,28518,27628
2022-05-24,2호선,신림,67076,64397
2022-05-24,2호선,봉천,25560,23264
2022-05-24,2호선,서울대입구,51004,49884
2022-05-24,2호선,낙성대,29163,28403
2022-05-24,2호선,사당,41132,44853
2022-05-24,2호선,방배,21419,22001
2022-05-24,2호선,서초,23794,23225
2022-05-24,2호선,교대,39186,44219
2022-05-24,2호선,강남,89918,88877
2022-05-24,2호선,역삼,57072,65083
2022-05-24,2호선,선릉,62527,55704
2022-05-24,2호선,삼성,55422,56850
2022-05-24,2호선,종합운동장,10749,11966
2022-05-24,2호선,잠실새내,22513,22148
2022-05-24,2호선,잠실,70621,70909
2022-05-24,2호선,잠실나루,16520,15971
2022-05-24,2호선,강변,31262,29429
2022-05-24,2호선,구의,24969,24215
2022-05-24,2호선,건대입구,36624,39147
2022-05-24,2호선,성수,38724,42731
2022-05-24,2호선,뚝섬,23142,25186
2022-05-24,2호선,한양대,15930,17706
2022-05-24,2호선,왕십리,17686,14006
2022-05-24,2호선,상왕십리,15267,14630
2022-05-24,2호선,신당,14606,14927
2022-05-24,2호선,동대문역사문화공원,12387,13891
2022-05-24,2호선,을지로4가,13923,13957
2022-05-24,2호선,을지로3가,24343,24516
2022-05-24,2호선,을지로입구,42259,44679
2022-05-24,2호선,시청,26145,25881
2022-05-25,2호선,용두,2566,2607
2022-05-25,2호선,신정네거리,11425,11652
2022-05-25,2호선,양천구청,7585,7895
2022-05-25,2호선,도림천,1517,1577
2022-05-25,2호선,신설동,3518,3585
2022-05-25,2호선,신답,1831,2051
2022-05-25,2호선,충정로,11072,11780
2022-05-25,2호선,아현,11739,11032
2022-05-25,2호선,이대,16005,17125
2022-05-25,2호선,신촌,36528,37023
2022-05-25,2호선,홍대입구,56927,59744
2022-05-25,2호선,합정,32110,34319
2022-05-25,2호선,당산,20618,24228
2022-05-25,2호선,영등포구청,24451,25265
2022-05-25,2호선,문래,24174,24664
2022-05-25,2호선,신도림,51691,51549
2022-05-25,2호선,대림,25451,26075
2022-05-25,2호선,구로디지털단지,63791,63206
2022-05-25,2호선,신대방,29100,28339
2022-05-25,2호선,신림,67827,65634
2022-05-25,2호선,봉천,25621,23576
2022-05-25,2호선,서울대입구,51341,50502
2022-05-25,2호선,낙성대,29753,28692
2022-05-25,2호선,사당,41492,45780
2022-05-25,2호선,방배,21198,21889
2022-05-25,2호선,서초,24348,23555
2022-05-25,2호선,교대,37998,43213
2022-05-25,2호선,강남,88971,88075
2022-05-25,2호선,역삼,57690,65042
2022-05-25,2호선,선릉,62611,55464
2022-05-25,2호선,삼성,55534,56816
2022-05-25,2호선,종합운동장,11547,12741
2022-05-25,2호선,잠실새내,22712,22746
2022-05-25,2호선,잠실,72268,71721
2022-05-25,2호선,잠실나루,16332,16130
2022-05-25,2호선,강변,32553,30362
2022-05-25,2호선,구의,25535,24860
2022-05-25,2호선,건대입구,38648,41369
2022-05-25,2호선,성수,40468,44211
2022-05-25,2호선,뚝섬,24134,25959
2022-05-25,2호선,한양대,30105,39393
2022-05-25,2호선,왕십리,20004,17494
2022-05-25,2호선,상왕십리,16006,15466
2022-05-25,2호선,신당,15218,15964
2022-05-25,2호선,동대문역사문화공원,12938,14684
2022-05-25,2호선,을지로4가,14244,14201
2022-05-25,2호선,을지로3가,25577,25153
2022-05-25,2호선,을지로입구,43538,45417
2022-05-25,2호선,시청,26808,25649
2022-05-25,2호선,용답,3182,3302
2022-05-26,2호선,강남,88506,89312
2022-05-26,2호선,시청,26331,26032
2022-05-26,2호선,을지로입구,43118,45389
2022-05-26,2호선,을지로3가,25169,25529
2022-05-26,2호선,을지로4가,14088,14154
2022-05-26,2호선,동대문역사문화공원,13133,14760
2022-05-26,2호선,신당,15346,15767
2022-05-26,2호선,상왕십리,15971,15245
2022-05-26,2호선,왕십리,20545,17163
2022-05-26,2호선,한양대,30766,38609
2022-05-26,2호선,뚝섬,24058,26105
2022-05-26,2호선,성수,40025,44437
2022-05-26,2호선,건대입구,39676,42635
2022-05-26,2호선,구의,25497,24706
2022-05-26,2호선,강변,33843,31125
2022-05-26,2호선,잠실나루,16260,16028
2022-05-26,2호선,잠실,72430,72623
2022-05-26,2호선,잠실새내,23059,22815
2022-05-26,2호선,종합운동장,10893,12115
2022-05-26,2호선,삼성,57796,59671
2022-05-26,2호선,선릉,62900,56441
2022-05-26,2호선,역삼,55995,64503
2022-05-26,2호선,교대,38050,43631
2022-05-26,2호선,서초,23695,22942
2022-05-26,2호선,방배,21290,22071
2022-05-26,2호선,사당,41839,46457
2022-05-26,2호선,낙성대,29844,28388
2022-05-26,2호선,서울대입구,51616,50089
2022-05-26,2호선,봉천,25551,23361
2022-05-26,2호선,신림,67577,65272
2022-05-26,2호선,신대방,28783,27526
2022-05-26,2호선,구로디지털단지,63590,63592
2022-05-26,2호선,대림,25544,25936
2022-05-26,2호선,신도림,52292,52994
2022-05-26,2호선,문래,24406,24985
2022-05-26,2호선,영등포구청,24214,25086
2022-05-26,2호선,당산,20971,24373
2022-05-26,2호선,합정,32707,35073
2022-05-26,2호선,홍대입구,57768,62125
2022-05-26,2호선,신촌,37137,37997
2022-05-26,2호선,이대,16012,16906
2022-05-26,2호선,아현,11661,10965
2022-05-26,2호선,충정로,10936,11654
2022-05-26,2호선,용답,3256,3293
2022-05-26,2호선,신답,1904,2004
2022-05-26,2호선,신설동,3499,3513
2022-05-26,2호선,도림천,1457,1502
2022-05-26,2호선,양천구청,7634,7797
2022-05-26,2호선,신정네거리,11270,11270
2022-05-26,2호선,용두,2548,2583
2022-05-27,2호선,용두,2521,2522
2022-05-27,2호선,신정네거리,11424,11563
2022-05-27,2호선,양천구청,7689,7725
2022-05-27,2호선,도림천,1418,1483
2022-05-27,2호선,신설동,4117,3878
2022-05-27,2호선,신답,1893,2047
2022-05-27,2호선,용답,3242,3231
2022-05-27,2호선,충정로,10696,11564
2022-05-27,2호선,아현,12039,10960
2022-05-27,2호선,이대,16544,16838
2022-05-27,2호선,신촌,38459,39718
2022-05-27,2호선,홍대입구,62353,71942
2022-05-27,2호선,합정,35604,40060
2022-05-27,2호선,당산,21171,24740
2022-05-27,2호선,영등포구청,23948,24978
2022-05-27,2호선,문래,24509,25690
2022-05-27,2호선,신도림,53566,54928
2022-05-27,2호선,대림,25794,26299
2022-05-27,2호선,구로디지털단지,64279,63294
2022-05-27,2호선,신대방,29219,27763
2022-05-27,2호선,신림,70257,66880
2022-05-27,2호선,봉천,26181,23305
2022-05-27,2호선,서울대입구,53398,51475
2022-05-27,2호선,낙성대,31305,28610
2022-05-27,2호선,사당,44941,51050
2022-05-27,2호선,방배,20658,21041
2022-05-27,2호선,교대,38738,44664
2022-05-27,2호선,강남,94765,97836
2022-05-27,2호선,역삼,53845,62043
2022-05-27,2호선,선릉,61926,55187
2022-05-27,2호선,삼성,59668,60578
2022-05-27,2호선,종합운동장,20157,22749
2022-05-27,2호선,잠실새내,24896,25659
2022-05-27,2호선,잠실,81962,81233
2022-05-27,2호선,잠실나루,16946,16061
2022-05-27,2호선,강변,38267,36097
2022-05-27,2호선,구의,26369,25253
2022-05-27,2호선,건대입구,41693,46508
2022-05-27,2호선,성수,40731,45976
2022-05-27,2호선,뚝섬,24630,26584
2022-05-27,2호선,한양대,23336,30151
2022-05-27,2호선,왕십리,20351,17370
2022-05-27,2호선,상왕십리,16030,14828
2022-05-27,2호선,신당,15904,16339
2022-05-27,2호선,동대문역사문화공원,14032,15056
2022-05-27,2호선,을지로4가,14427,14574
2022-05-27,2호선,을지로3가,25799,27083
2022-05-27,2호선,을지로입구,43794,46021
2022-05-27,2호선,시청,26509,25810
2022-05-27,2호선,서초,23776,22632
2022-05-28,2호선,시청,11463,9678
2022-05-28,2호선,을지로입구,25074,24779
2022-05-28,2호선,을지로3가,13901,14358
2022-05-28,2호선,을지로4가,8547,8813
2022-05-28,2호선,동대문역사문화공원,11473,13601
2022-05-28,2호선,신당,12467,13068
2022-05-28,2호선,상왕십리,10874,10033
2022-05-28,2호선,왕십리,16149,13137
2022-05-28,2호선,한양대,6253,6196
2022-05-28,2호선,뚝섬,18886,19087
2022-05-28,2호선,성수,23720,27742
2022-05-28,2호선,건대입구,39445,43231
2022-05-28,2호선,구의,18166,17303
2022-05-28,2호선,강변,33071,32730
2022-05-28,2호선,잠실나루,8916,8569
2022-05-28,2호선,잠실,74749,71128
2022-05-28,2호선,잠실새내,19928,20952
2022-05-28,2호선,종합운동장,22833,25602
2022-05-28,2호선,삼성,35010,34934
2022-05-28,2호선,선릉,27113,23951
2022-05-28,2호선,역삼,20059,22470
2022-05-28,2호선,강남,62981,64548
2022-05-28,2호선,교대,19768,22434
2022-05-28,2호선,서초,13000,10991
2022-05-28,2호선,방배,11288,11370
2022-05-28,2호선,사당,37309,42455
2022-05-28,2호선,낙성대,24491,22241
2022-05-28,2호선,서울대입구,40616,39241
2022-05-28,2호선,봉천,18972,17010
2022-05-28,2호선,신림,54367,51871
2022-05-28,2호선,신대방,22030,20667
2022-05-28,2호선,구로디지털단지,37197,36436
2022-05-28,2호선,대림,19773,20646
2022-05-28,2호선,신도림,45903,46924
2022-05-28,2호선,문래,14037,15039
2022-05-28,2호선,영등포구청,13967,14611
2022-05-28,2호선,당산,14868,16298
2022-05-28,2호선,합정,31899,37244
2022-05-28,2호선,홍대입구,70970,81235
2022-05-28,2호선,신촌,34398,35331
2022-05-28,2호선,이대,11911,12504
2022-05-28,2호선,아현,8403,7658
2022-05-28,2호선,충정로,6689,7213
2022-05-28,2호선,용답,2461,2140
2022-05-28,2호선,신답,1227,1150
2022-05-28,2호선,신설동,3774,3673
2022-05-28,2호선,도림천,875,842
2022-05-28,2호선,양천구청,5029,4987
2022-05-28,2호선,신정네거리,8471,8128
2022-05-28,2호선,용두,1816,1681
2022-05-29,2호선,용두,1188,1234
2022-05-29,2호선,신정네거리,5832,5897
2022-05-29,2호선,양천구청,3562,3591
2022-05-29,2호선,도림천,497,515
2022-05-29,2호선,신설동,3414,3436
2022-05-29,2호선,용답,1889,1914
2022-05-29,2호선,충정로,4210,4481
2022-05-29,2호선,아현,5760,5610
2022-05-29,2호선,이대,7823,8415
2022-05-29,2호선,신촌,24094,23233
2022-05-29,2호선,홍대입구,54094,53239
2022-05-29,2호선,합정,23240,24866
2022-05-29,2호선,당산,10137,10828
2022-05-29,2호선,영등포구청,8931,9196
2022-05-29,2호선,문래,9116,9717
2022-05-29,2호선,신도림,32155,32637
2022-05-29,2호선,대림,17165,17449
2022-05-29,2호선,구로디지털단지,26094,25551
2022-05-29,2호선,신대방,17191,16302
2022-05-29,2호선,신림,40219,39103
2022-05-29,2호선,봉천,13380,12831
2022-05-29,2호선,서울대입구,28073,29058
2022-05-29,2호선,낙성대,17015,17616
2022-05-29,2호선,사당,25512,27657
2022-05-29,2호선,방배,7241,7610
2022-05-29,2호선,서초,12812,12106
2022-05-29,2호선,교대,11741,13112
2022-05-29,2호선,강남,36487,34860
2022-05-29,2호선,역삼,12298,13079
2022-05-29,2호선,선릉,14487,12236
2022-05-29,2호선,삼성,25084,24535
2022-05-29,2호선,종합운동장,19443,20659
2022-05-29,2호선,잠실새내,12825,12943
2022-05-29,2호선,잠실,53641,49950
2022-05-29,2호선,강변,25309,25151
2022-05-29,2호선,구의,12125,12100
2022-05-29,2호선,건대입구,28398,29666
2022-05-29,2호선,성수,15241,16842
2022-05-29,2호선,뚝섬,12443,12851
2022-05-29,2호선,한양대,3113,3570
2022-05-29,2호선,왕십리,10369,9216
2022-05-29,2호선,상왕십리,7502,7331
2022-05-29,2호선,신당,8759,9202
2022-05-29,2호선,동대문역사문화공원,8617,10357
2022-05-29,2호선,을지로4가,3963,3873
2022-05-29,2호선,을지로3가,9448,9141
2022-05-29,2호선,을지로입구,17509,16662
2022-05-29,2호선,시청,6737,5392
2022-05-29,2호선,잠실나루,5957,6022
2022-05-29,2호선,신답,883,949
2022-05-30,2호선,용두,2385,2381
2022-05-30,2호선,신정네거리,11074,11277
2022-05-30,2호선,양천구청,7446,7543
2022-05-30,2호선,도림천,1371,1467
2022-05-30,2호선,신설동,3332,3318
2022-05-30,2호선,신답,1736,1940
2022-05-30,2호선,용답,3265,3312
2022-05-30,2호선,충정로,10596,11331
2022-05-30,2호선,아현,10776,10189
2022-05-30,2호선,이대,14520,15562
2022-05-30,2호선,신촌,33437,34429
2022-05-30,2호선,홍대입구,52407,55030
2022-05-30,2호선,합정,29993,31702
2022-05-30,2호선,당산,19495,22838
2022-05-30,2호선,영등포구청,23177,24059
2022-05-30,2호선,문래,23045,23634
2022-05-30,2호선,신도림,48635,48449
2022-05-30,2호선,대림,25328,25534
2022-05-30,2호선,구로디지털단지,61793,62098
2022-05-30,2호선,신대방,26887,26024
2022-05-30,2호선,신림,61563,58270
2022-05-30,2호선,봉천,24888,22873
2022-05-30,2호선,서울대입구,48220,47765
2022-05-30,2호선,낙성대,27767,27734
2022-05-30,2호선,사당,38431,42400
2022-05-30,2호선,방배,19859,20794
2022-05-30,2호선,서초,22115,21825
2022-05-30,2호선,교대,35423,40061
2022-05-30,2호선,강남,81745,81075
2022-05-30,2호선,역삼,55022,62500
2022-05-30,2호선,선릉,60747,54349
2022-05-30,2호선,삼성,50764,52402
2022-05-30,2호선,종합운동장,7401,8352
2022-05-30,2호선,잠실새내,21671,21395
2022-05-30,2호선,잠실,66283,66612
2022-05-30,2호선,잠실나루,15907,15605
2022-05-30,2호선,강변,31649,30297
2022-05-30,2호선,구의,24282,23952
2022-05-30,2호선,건대입구,34257,36545
2022-05-30,2호선,성수,37455,41216
2022-05-30,2호선,뚝섬,21896,23677
2022-05-30,2호선,한양대,14478,16513
2022-05-30,2호선,왕십리,16811,13321
2022-05-30,2호선,상왕십리,14862,14372
2022-05-30,2호선,신당,14095,14560
2022-05-30,2호선,동대문역사문화공원,11837,13389
2022-05-30,2호선,을지로4가,13444,13412
2022-05-30,2호선,을지로3가,23497,23720
2022-05-30,2호선,을지로입구,40759,42538
2022-05-30,2호선,시청,24355,24289
2022-05-31,2호선,용두,2520,2499
2022-05-31,2호선,신정네거리,11652,11648
2022-05-31,2호선,양천구청,7752,7828
2022-05-31,2호선,도림천,1389,1474
2022-05-31,2호선,신설동,3423,3338
2022-05-31,2호선,신답,1829,2010
2022-05-31,2호선,용답,3370,3375
2022-05-31,2호선,충정로,11068,11641
2022-05-31,2호선,아현,11769,10985
2022-05-31,2호선,이대,14388,14925
2022-05-31,2호선,신촌,35962,37522
2022-05-31,2호선,홍대입구,57653,65304
2022-05-31,2호선,합정,32996,37425
2022-05-31,2호선,당산,21173,24784
2022-05-31,2호선,영등포구청,24202,25531
2022-05-31,2호선,문래,24311,25321
2022-05-31,2호선,신도림,53459,54011
2022-05-31,2호선,대림,26097,26440
2022-05-31,2호선,구로디지털단지,65726,65734
2022-05-31,2호선,신대방,28344,26849
2022-05-31,2호선,신림,65330,62047
2022-05-31,2호선,봉천,26544,23574
2022-05-31,2호선,낙성대,29989,28182
2022-05-31,2호선,사당,43427,48238
2022-05-31,2호선,방배,21250,22195
2022-05-31,2호선,서초,23722,23390
2022-05-31,2호선,교대,37357,42858
2022-05-31,2호선,강남,87761,89575
2022-05-31,2호선,역삼,55731,64693
2022-05-31,2호선,선릉,63117,56809
2022-05-31,2호선,삼성,55058,57457
2022-05-31,2호선,종합운동장,17485,20082
2022-05-31,2호선,잠실새내,24530,25057
2022-05-31,2호선,잠실,76926,76647
2022-05-31,2호선,잠실나루,16757,15979
2022-05-31,2호선,강변,33644,31423
2022-05-31,2호선,구의,26019,24742
2022-05-31,2호선,건대입구,37932,42180
2022-05-31,2호선,성수,39230,44276
2022-05-31,2호선,뚝섬,24045,25807
2022-05-31,2호선,한양대,15542,17122
2022-05-31,2호선,왕십리,18290,15071
2022-05-31,2호선,상왕십리,15515,14652
2022-05-31,2호선,신당,15442,16024
2022-05-31,2호선,동대문역사문화공원,13122,15008
2022-05-31,2호선,을지로4가,14067,14567
2022-05-31,2호선,을지로3가,25046,26167
2022-05-31,2호선,을지로입구,43067,45556
2022-05-31,2호선,시청,25636,25403
2022-05-31,2호선,서울대입구,51861,50160
2022-06-01,2호선,동대문역사문화공원,10621,12150
2022-06-01,2호선,용두,1463,1458
2022-06-01,2호선,신정네거리,6448,6472
2022-06-01,2호선,양천구청,4007,4010
2022-06-01,2호선,도림천,670,675
2022-06-01,2호선,신설동,2456,2289
2022-06-01,2호선,신답,935,978
2022-06-01,2호선,용답,2043,1922
2022-06-01,2호선,충정로,4192,4589
2022-06-01,2호선,아현,6862,6414
2022-06-01,2호선,이대,8991,9690
2022-06-01,2호선,신촌,24811,24582
2022-06-01,2호선,홍대입구,57367,58856
2022-06-01,2호선,합정,23567,25643
2022-06-01,2호선,당산,11083,11974
2022-06-01,2호선,영등포구청,9524,9999
2022-06-01,2호선,문래,10426,10952
2022-06-01,2호선,신도림,31966,32392
2022-06-01,2호선,대림,16602,17148
2022-06-01,2호선,구로디지털단지,29179,28743
2022-06-01,2호선,신대방,18360,17617
2022-06-01,2호선,신림,43633,42089
2022-06-01,2호선,봉천,15281,14273
2022-06-01,2호선,서울대입구,31803,32066
2022-06-01,2호선,낙성대,18723,17814
2022-06-01,2호선,사당,27020,28918
2022-06-01,2호선,방배,8121,8293
2022-06-01,2호선,서초,7884,6911
2022-06-01,2호선,교대,13455,15095
2022-06-01,2호선,강남,42601,41039
2022-06-01,2호선,역삼,14457,15866
2022-06-01,2호선,선릉,18868,16367
2022-06-01,2호선,삼성,25743,24967
2022-06-01,2호선,종합운동장,14906,16353
2022-06-01,2호선,잠실새내,15468,15643
2022-06-01,2호선,잠실,54843,52553
2022-06-01,2호선,잠실나루,6687,6585
2022-06-01,2호선,강변,21662,21349
2022-06-01,2호선,구의,14564,14134
2022-06-01,2호선,건대입구,31287,32776
2022-06-01,2호선,성수,18135,20613
2022-06-01,2호선,뚝섬,13190,13393
2022-06-01,2호선,한양대,3898,4354
2022-06-01,2호선,왕십리,11477,9711
2022-06-01,2호선,상왕십리,9030,8575
2022-06-01,2호선,신당,10558,11235
2022-06-01,2호선,을지로4가,6885,7068
2022-06-01,2호선,을지로3가,9809,9312
2022-06-01,2호선,을지로입구,19141,18917
2022-06-01,2호선,시청,7478,6111
2022-06-02,2호선,용두,2424,2414
2022-06-02,2호선,신정네거리,11296,11348
2022-06-02,2호선,양천구청,7364,7618
2022-06-02,2호선,도림천,1430,1534
2022-06-02,2호선,신설동,3412,3356
2022-06-02,2호선,신답,1773,1971
2022-06-02,2호선,충정로,10287,10948
2022-06-02,2호선,아현,11290,10841
2022-06-02,2호선,이대,14985,15995
2022-06-02,2호선,신촌,35515,36719
2022-06-02,2호선,홍대입구,57085,61122
2022-06-02,2호선,합정,33614,36347
2022-06-02,2호선,당산,20134,23375
2022-06-02,2호선,영등포구청,23233,24051
2022-06-02,2호선,문래,23269,23745
2022-06-02,2호선,신도림,50362,50772
2022-06-02,2호선,대림,25418,25726
2022-06-02,2호선,구로디지털단지,62805,62428
2022-06-02,2호선,신대방,27271,26322
2022-06-02,2호선,신림,62167,58899
2022-06-02,2호선,봉천,25164,23203
2022-06-02,2호선,서울대입구,48909,47746
2022-06-02,2호선,낙성대,28478,27861
2022-06-02,2호선,사당,40153,44282
2022-06-02,2호선,방배,20223,20909
2022-06-02,2호선,서초,22895,22171
2022-06-02,2호선,교대,35841,40838
2022-06-02,2호선,강남,83414,82740
2022-06-02,2호선,역삼,54824,62675
2022-06-02,2호선,선릉,60909,54151
2022-06-02,2호선,삼성,57890,58955
2022-06-02,2호선,종합운동장,13748,15216
2022-06-02,2호선,잠실새내,22476,22443
2022-06-02,2호선,잠실,72605,72806
2022-06-02,2호선,잠실나루,15975,15401
2022-06-02,2호선,강변,33238,30436
2022-06-02,2호선,구의,24734,24105
2022-06-02,2호선,건대입구,35815,37964
2022-06-02,2호선,성수,37915,41939
2022-06-02,2호선,뚝섬,22456,24411
2022-06-02,2호선,한양대,14744,16485
2022-06-02,2호선,왕십리,17427,13986
2022-06-02,2호선,상왕십리,15047,14634
2022-06-02,2호선,신당,14577,14951
2022-06-02,2호선,동대문역사문화공원,12833,14548
2022-06-02,2호선,을지로4가,13698,13724
2022-06-02,2호선,을지로3가,24248,24206
2022-06-02,2호선,을지로입구,42596,44419
2022-06-02,2호선,시청,25115,24570
2022-06-02,2호선,용답,3220,3352
2022-06-03,2호선,문래,23188,24261
2022-06-03,2호선,신도림,52183,53411
2022-06-03,2호선,대림,25769,26015
2022-06-03,2호선,구로디지털단지,63057,62315
2022-06-03,2호선,신대방,27921,26147
2022-06-03,2호선,신림,63823,59941
2022-06-03,2호선,봉천,25551,22503
2022-06-03,2호선,서울대입구,50865,48357
2022-06-03,2호선,낙성대,29572,27076
2022-06-03,2호선,사당,42690,47773
2022-06-03,2호선,방배,19886,20365
2022-06-03,2호선,서초,22411,21308
2022-06-03,2호선,교대,36008,41600
2022-06-03,2호선,강남,88110,89125
2022-06-03,2호선,역삼,52995,60280
2022-06-03,2호선,선릉,59891,53153
2022-06-03,2호선,삼성,58794,59827
2022-06-03,2호선,종합운동장,12217,13825
2022-06-03,2호선,잠실새내,23461,23697
2022-06-03,2호선,잠실,78280,78001
2022-06-03,2호선,잠실나루,16259,15393
2022-06-03,2호선,강변,36318,37436
2022-06-03,2호선,구의,25307,24120
2022-06-03,2호선,건대입구,38326,42706
2022-06-03,2호선,성수,39206,43879
2022-06-03,2호선,뚝섬,24728,26332
2022-06-03,2호선,한양대,12627,13797
2022-06-03,2호선,왕십리,18165,14860
2022-06-03,2호선,상왕십리,15614,14669
2022-06-03,2호선,신당,15416,15563
2022-06-03,2호선,동대문역사문화공원,13598,14871
2022-06-03,2호선,을지로4가,14233,14273
2022-06-03,2호선,을지로3가,24718,25645
2022-06-03,2호선,을지로입구,42547,45100
2022-06-03,2호선,시청,24941,24296
2022-06-03,2호선,당산,19991,23358
2022-06-03,2호선,합정,33976,37383
2022-06-03,2호선,용두,2493,2466
2022-06-03,2호선,신정네거리,11470,11441
2022-06-03,2호선,양천구청,7371,7526
2022-06-03,2호선,도림천,1472,1513
2022-06-03,2호선,신설동,4003,3783
2022-06-03,2호선,신답,1877,2017
2022-06-03,2호선,용답,3175,3146
2022-06-03,2호선,충정로,10272,10758
2022-06-03,2호선,아현,11606,10566
2022-06-03,2호선,이대,15454,15881
2022-06-03,2호선,신촌,37542,38122
2022-06-03,2호선,홍대입구,60049,68627
2022-06-03,2호선,영등포구청,23333,24177
2022-06-04,2호선,용두,1847,1731
2022-06-04,2호선,신정네거리,7715,7418
2022-06-04,2호선,양천구청,4901,4710
2022-06-04,2호선,도림천,824,816
2022-06-04,2호선,신설동,3744,3455
2022-06-04,2호선,신답,1145,1104
2022-06-04,2호선,용답,2232,2023
2022-06-04,2호선,충정로,6013,6154
2022-06-04,2호선,이대,10398,10882
2022-06-04,2호선,신촌,31391,31765
2022-06-04,2호선,홍대입구,66346,75640
2022-06-04,2호선,합정,28970,33200
2022-06-04,2호선,당산,13256,14070
2022-06-04,2호선,영등포구청,12124,12652
2022-06-04,2호선,문래,12859,13501
2022-06-04,2호선,신도림,41221,42242
2022-06-04,2호선,대림,18532,19265
2022-06-04,2호선,구로디지털단지,34617,33315
2022-06-04,2호선,신대방,20688,18841
2022-06-04,2호선,신림,49762,46421
2022-06-04,2호선,봉천,17941,15479
2022-06-04,2호선,서울대입구,37486,35328
2022-06-04,2호선,낙성대,21847,19089
2022-06-04,2호선,사당,32922,36527
2022-06-04,2호선,방배,10780,11035
2022-06-04,2호선,서초,11312,9215
2022-06-04,2호선,교대,17643,19750
2022-06-04,2호선,강남,56964,57369
2022-06-04,2호선,역삼,18271,20262
2022-06-04,2호선,선릉,24156,21215
2022-06-04,2호선,삼성,35320,34660
2022-06-04,2호선,종합운동장,12034,13497
2022-06-04,2호선,잠실새내,17675,18187
2022-06-04,2호선,잠실,67922,65763
2022-06-04,2호선,잠실나루,7815,7512
2022-06-04,2호선,강변,30793,34075
2022-06-04,2호선,구의,16860,15670
2022-06-04,2호선,건대입구,35599,39389
2022-06-04,2호선,성수,20688,24111
2022-06-04,2호선,뚝섬,16521,16906
2022-06-04,2호선,한양대,5057,5284
2022-06-04,2호선,왕십리,13786,11972
2022-06-04,2호선,상왕십리,10126,9281
2022-06-04,2호선,신당,11507,12163
2022-06-04,2호선,동대문역사문화공원,11796,13629
2022-06-04,2호선,을지로4가,7994,8608
2022-06-04,2호선,을지로3가,12122,12949
2022-06-04,2호선,을지로입구,22941,23384
2022-06-04,2호선,시청,10376,8887
2022-06-04,2호선,아현,7769,6918
2022-06-05,2호선,용두,1240,1170
2022-06-05,2호선,신정네거리,5708,5618
2022-06-05,2호선,양천구청,3606,3538
2022-06-05,2호선,도림천,477,438
2022-06-05,2호선,신설동,3334,3302
2022-06-05,2호선,신답,810,895
2022-06-05,2호선,용답,1730,1679
2022-06-05,2호선,충정로,3992,4155
2022-06-05,2호선,아현,5476,5134
2022-06-05,2호선,이대,7392,7645
2022-06-05,2호선,신촌,23288,23384
2022-06-05,2호선,홍대입구,55306,59679
2022-06-05,2호선,합정,22388,25164
2022-06-05,2호선,당산,9377,9864
2022-06-05,2호선,영등포구청,8225,8580
2022-06-05,2호선,문래,8966,9426
2022-06-05,2호선,신도림,29486,30665
2022-06-05,2호선,대림,16760,17079
2022-06-05,2호선,구로디지털단지,25524,25040
2022-06-05,2호선,신대방,16212,15260
2022-06-05,2호선,신림,38197,37566
2022-06-05,2호선,봉천,13032,11715
2022-06-05,2호선,서울대입구,26994,27005
2022-06-05,2호선,낙성대,16401,15445
2022-06-05,2호선,사당,24115,26342
2022-06-05,2호선,방배,7127,7277
2022-06-05,2호선,서초,12819,11681
2022-06-05,2호선,교대,10711,11742
2022-06-05,2호선,강남,33353,33720
2022-06-05,2호선,역삼,11489,12275
2022-06-05,2호선,선릉,13412,11247
2022-06-05,2호선,삼성,26724,26158
2022-06-05,2호선,종합운동장,9550,10503
2022-06-05,2호선,잠실새내,11957,12345
2022-06-05,2호선,잠실,56214,52284
2022-06-05,2호선,잠실나루,5720,5635
2022-06-05,2호선,강변,23722,23166
2022-06-05,2호선,구의,12034,11665
2022-06-05,2호선,건대입구,27755,30245
2022-06-05,2호선,성수,16194,18193
2022-06-05,2호선,뚝섬,12823,12922
2022-06-05,2호선,한양대,2764,3067
2022-06-05,2호선,왕십리,9516,8843
2022-06-05,2호선,상왕십리,7291,6838
2022-06-05,2호선,신당,8749,9660
2022-06-05,2호선,동대문역사문화공원,9322,11618
2022-06-05,2호선,을지로4가,4383,4638
2022-06-05,2호선,을지로3가,10549,10584
2022-06-05,2호선,을지로입구,18422,17841
2022-06-05,2호선,시청,7370,6090
2022-06-06,2호선,용두,1223,1265
2022-06-06,2호선,신정네거리,5251,5448
2022-06-06,2호선,양천구청,3350,3424
2022-06-06,2호선,도림천,600,608
2022-06-06,2호선,신설동,2099,1988
2022-06-06,2호선,신답,803,841
2022-06-06,2호선,용답,1716,1749
2022-06-06,2호선,충정로,3515,3730
2022-06-06,2호선,아현,5311,5289
2022-06-06,2호선,이대,7010,7882
2022-06-06,2호선,신촌,20597,20062
2022-06-06,2호선,홍대입구,49738,48952
2022-06-06,2호선,합정,19157,20233
2022-06-06,2호선,당산,8833,9399
2022-06-06,2호선,영등포구청,8057,8635
2022-06-06,2호선,문래,8139,8743
2022-06-06,2호선,신도림,26847,27628
2022-06-06,2호선,대림,14616,15248
2022-06-06,2호선,구로디지털단지,24885,25272
2022-06-06,2호선,신대방,15003,15082
2022-06-06,2호선,신림,34950,35120
2022-06-06,2호선,봉천,12468,12296
2022-06-06,2호선,서울대입구,24789,25918
2022-06-06,2호선,낙성대,14108,15106
2022-06-06,2호선,사당,21475,22960
2022-06-06,2호선,방배,6604,6942
2022-06-06,2호선,서초,6077,5262
2022-06-06,2호선,교대,11266,12618
2022-06-06,2호선,강남,31780,31026
2022-06-06,2호선,역삼,11612,12824
2022-06-06,2호선,선릉,14940,13340
2022-06-06,2호선,삼성,19077,18539
2022-06-06,2호선,종합운동장,3301,3804
2022-06-06,2호선,잠실새내,11577,11702
2022-06-06,2호선,잠실,47964,44514
2022-06-06,2호선,잠실나루,5529,5677
2022-06-06,2호선,강변,25984,22030
2022-06-06,2호선,구의,11718,11910
2022-06-06,2호선,건대입구,25649,26924
2022-06-06,2호선,성수,14713,16930
2022-06-06,2호선,뚝섬,9744,10066
2022-06-06,2호선,한양대,3453,3986
2022-06-06,2호선,왕십리,9180,8387
2022-06-06,2호선,상왕십리,7374,7333
2022-06-06,2호선,신당,8467,9114
2022-06-06,2호선,동대문역사문화공원,9077,10492
2022-06-06,2호선,을지로4가,5685,5790
2022-06-06,2호선,을지로3가,7736,7093
2022-06-06,2호선,을지로입구,16863,15925
2022-06-06,2호선,시청,6383,5125
2022-06-07,2호선,용답,3260,3377
2022-06-07,2호선,서초,23490,22846
2022-06-07,2호선,시청,24939,24552
2022-06-07,2호선,을지로입구,41847,43422
2022-06-07,2호선,을지로3가,24186,24243
2022-06-07,2호선,을지로4가,13824,13808
2022-06-07,2호선,동대문역사문화공원,12030,13780
2022-06-07,2호선,신당,14560,14940
2022-06-07,2호선,상왕십리,15219,14787
2022-06-07,2호선,왕십리,17063,13658
2022-06-07,2호선,한양대,15312,17232
2022-06-07,2호선,뚝섬,22841,24852
2022-06-07,2호선,성수,38418,41542
2022-06-07,2호선,건대입구,34616,37009
2022-06-07,2호선,구의,24976,24695
2022-06-07,2호선,강변,33439,30634
2022-06-07,2호선,잠실나루,16697,16186
2022-06-07,2호선,잠실,69909,69501
2022-06-07,2호선,잠실새내,22447,22111
2022-06-07,2호선,종합운동장,10857,12339
2022-06-07,2호선,삼성,53189,54372
2022-06-07,2호선,선릉,62733,56055
2022-06-07,2호선,역삼,57378,65440
2022-06-07,2호선,강남,84682,83378
2022-06-07,2호선,교대,37148,42248
2022-06-07,2호선,방배,20777,21561
2022-06-07,2호선,사당,39751,43818
2022-06-07,2호선,낙성대,28555,28879
2022-06-07,2호선,서울대입구,49320,48543
2022-06-07,2호선,봉천,25774,24140
2022-06-07,2호선,신림,61311,59126
2022-06-07,2호선,신대방,27460,26886
2022-06-07,2호선,구로디지털단지,63291,63548
2022-06-07,2호선,대림,25703,26191
2022-06-07,2호선,신도림,49975,49774
2022-06-07,2호선,문래,23763,24320
2022-06-07,2호선,영등포구청,23970,25021
2022-06-07,2호선,당산,19761,23515
2022-06-07,2호선,합정,31259,33038
2022-06-07,2호선,홍대입구,53227,55998
2022-06-07,2호선,신촌,33926,35196
2022-06-07,2호선,이대,14207,15599
2022-06-07,2호선,아현,11457,10955
2022-06-07,2호선,충정로,10712,11320
2022-06-07,2호선,신답,1843,2019
2022-06-07,2호선,신설동,3316,3278
2022-06-07,2호선,도림천,1362,1463
2022-06-07,2호선,양천구청,7630,7850
2022-06-07,2호선,신정네거리,11284,11369
2022-06-07,2호선,용두,2483,2515
2022-06-08,2호선,시청,25791,25493
2022-06-08,2호선,을지로입구,43068,45075
2022-06-08,2호선,을지로3가,24917,25327
2022-06-08,2호선,을지로4가,13982,13875
2022-06-08,2호선,동대문역사문화공원,12821,14402
2022-06-08,2호선,신당,14690,15250
2022-06-08,2호선,상왕십리,15443,15071
2022-06-08,2호선,왕십리,17431,14080
2022-06-08,2호선,한양대,14676,16324
2022-06-08,2호선,뚝섬,23088,24857
2022-06-08,2호선,성수,39026,42814
2022-06-08,2호선,건대입구,35031,37713
2022-06-08,2호선,구의,25068,24562
2022-06-08,2호선,강변,31804,29749
2022-06-08,2호선,잠실나루,16711,16366
2022-06-08,2호선,잠실,70627,69628
2022-06-08,2호선,잠실새내,22549,22252
2022-06-08,2호선,종합운동장,10615,12028
2022-06-08,2호선,삼성,57462,59031
2022-06-08,2호선,선릉,63503,56319
2022-06-08,2호선,역삼,58145,66261
2022-06-08,2호선,강남,86199,84091
2022-06-08,2호선,교대,37773,43253
2022-06-08,2호선,서초,24686,24156
2022-06-08,2호선,방배,20195,21044
2022-06-08,2호선,사당,41495,45226
2022-06-08,2호선,낙성대,29469,28761
2022-06-08,2호선,서울대입구,49798,48527
2022-06-08,2호선,봉천,25859,23844
2022-06-08,2호선,신림,62806,60509
2022-06-08,2호선,신대방,27582,27035
2022-06-08,2호선,구로디지털단지,64445,64875
2022-06-08,2호선,대림,25789,26181
2022-06-08,2호선,신도림,51578,51212
2022-06-08,2호선,문래,24134,24753
2022-06-08,2호선,영등포구청,24036,24926
2022-06-08,2호선,당산,20656,24211
2022-06-08,2호선,합정,31943,34408
2022-06-08,2호선,홍대입구,54769,58081
2022-06-08,2호선,신촌,34413,35149
2022-06-08,2호선,이대,14803,15790
2022-06-08,2호선,아현,11419,10724
2022-06-08,2호선,충정로,10923,11734
2022-06-08,2호선,용답,3196,3241
2022-06-08,2호선,신답,1857,2056
2022-06-08,2호선,신설동,3490,3446
2022-06-08,2호선,도림천,1424,1475
2022-06-08,2호선,양천구청,7686,7864
2022-06-08,2호선,신정네거리,11400,11666
2022-06-08,2호선,용두,2482,2592
2022-06-09,2호선,용두,2450,2500
2022-06-09,2호선,신정네거리,11244,11519
2022-06-09,2호선,양천구청,7622,7694
2022-06-09,2호선,도림천,1447,1492
2022-06-09,2호선,신설동,3479,3475
2022-06-09,2호선,신답,1813,1973
2022-06-09,2호선,충정로,10817,11637
2022-06-09,2호선,아현,11460,10791
2022-06-09,2호선,이대,14352,15291
2022-06-09,2호선,신촌,34766,35326
2022-06-09,2호선,홍대입구,55188,58485
2022-06-09,2호선,합정,31932,34693
2022-06-09,2호선,당산,20196,23918
2022-06-09,2호선,영등포구청,23980,25024
2022-06-09,2호선,문래,23889,24611
2022-06-09,2호선,신도림,50761,50712
2022-06-09,2호선,대림,25839,26113
2022-06-09,2호선,구로디지털단지,63709,63916
2022-06-09,2호선,신대방,27263,26432
2022-06-09,2호선,신림,62092,59368
2022-06-09,2호선,봉천,26023,23728
2022-06-09,2호선,서울대입구,49350,47950
2022-06-09,2호선,낙성대,29243,28181
2022-06-09,2호선,사당,41122,45537
2022-06-09,2호선,방배,19763,20937
2022-06-09,2호선,서초,23377,23007
2022-06-09,2호선,교대,37715,43334
2022-06-09,2호선,강남,86403,84553
2022-06-09,2호선,역삼,57052,65819
2022-06-09,2호선,선릉,62948,55976
2022-06-09,2호선,삼성,58088,59969
2022-06-09,2호선,종합운동장,11186,12312
2022-06-09,2호선,잠실새내,22756,22658
2022-06-09,2호선,잠실,71786,70941
2022-06-09,2호선,잠실나루,16277,15965
2022-06-09,2호선,강변,31922,29704
2022-06-09,2호선,구의,24928,24372
2022-06-09,2호선,신당,14632,14779
2022-06-09,2호선,동대문역사문화공원,12366,14050
2022-06-09,2호선,을지로4가,13785,13855
2022-06-09,2호선,을지로3가,25253,25589
2022-06-09,2호선,을지로입구,43295,45366
2022-06-09,2호선,시청,25474,25075
2022-06-09,2호선,건대입구,35250,37943
2022-06-09,2호선,성수,38319,42502
2022-06-09,2호선,뚝섬,22896,24976
2022-06-09,2호선,한양대,14249,15967
2022-06-09,2호선,왕십리,17124,14202
2022-06-09,2호선,용답,3217,3240
2022-06-09,2호선,상왕십리,15572,15165
2022-06-10,2호선,시청,26210,25762
2022-06-10,2호선,을지로입구,43438,45433
2022-06-10,2호선,을지로3가,25840,26694
2022-06-10,2호선,을지로4가,14312,14491
2022-06-10,2호선,동대문역사문화공원,13167,14686
2022-06-10,2호선,신당,15437,15798
2022-06-10,2호선,상왕십리,15852,15182
2022-06-10,2호선,왕십리,18260,15464
2022-06-10,2호선,한양대,12477,13296
2022-06-10,2호선,뚝섬,25269,27388
2022-06-10,2호선,성수,40442,44440
2022-06-10,2호선,건대입구,37973,42091
2022-06-10,2호선,구의,25820,24911
2022-06-10,2호선,강변,35851,34033
2022-06-10,2호선,잠실나루,16440,15819
2022-06-10,2호선,잠실,77089,75978
2022-06-10,2호선,잠실새내,24436,24835
2022-06-10,2호선,종합운동장,13873,15697
2022-06-10,2호선,삼성,58897,59341
2022-06-10,2호선,선릉,63021,56003
2022-06-10,2호선,역삼,56160,63690
2022-06-10,2호선,강남,91893,91789
2022-06-10,2호선,교대,38416,44166
2022-06-10,2호선,서초,23859,23139
2022-06-10,2호선,방배,19703,20400
2022-06-10,2호선,사당,45078,50561
2022-06-10,2호선,낙성대,30717,28552
2022-06-10,2호선,서울대입구,51913,49605
2022-06-10,2호선,봉천,26339,23854
2022-06-10,2호선,신림,65455,62496
2022-06-10,2호선,신대방,27972,26612
2022-06-10,2호선,구로디지털단지,65437,65641
2022-06-10,2호선,대림,26396,26790
2022-06-10,2호선,신도림,52853,53524
2022-06-10,2호선,문래,24300,25330
2022-06-10,2호선,영등포구청,24389,25146
2022-06-10,2호선,당산,20702,24241
2022-06-10,2호선,합정,34534,38816
2022-06-10,2호선,홍대입구,61284,69647
2022-06-10,2호선,신촌,36765,37541
2022-06-10,2호선,이대,15403,15859
2022-06-10,2호선,아현,11963,11103
2022-06-10,2호선,충정로,10923,11514
2022-06-10,2호선,용답,3120,3021
2022-06-10,2호선,신답,1841,1995
2022-06-10,2호선,신설동,3997,3885
2022-06-10,2호선,도림천,1455,1493
2022-06-10,2호선,양천구청,7607,7817
2022-06-10,2호선,신정네거리,11661,11948
2022-06-10,2호선,용두,2623,2628
2022-06-11,2호선,을지로입구,23467,23744
2022-06-11,2호선,을지로3가,12620,13283
2022-06-11,2호선,을지로4가,8317,8834
2022-06-11,2호선,동대문역사문화공원,11161,12750
2022-06-11,2호선,신당,11784,12356
2022-06-11,2호선,상왕십리,10787,10046
2022-06-11,2호선,왕십리,14240,12486
2022-06-11,2호선,한양대,5754,6130
2022-06-11,2호선,뚝섬,17170,17489
2022-06-11,2호선,성수,21607,25445
2022-06-11,2호선,건대입구,35419,39984
2022-06-11,2호선,구의,17867,16834
2022-06-11,2호선,강변,30657,30089
2022-06-11,2호선,잠실나루,8565,8257
2022-06-11,2호선,잠실,69625,65264
2022-06-11,2호선,잠실새내,18942,19546
2022-06-11,2호선,종합운동장,13078,15654
2022-06-11,2호선,삼성,30126,30420
2022-06-11,2호선,선릉,26821,23676
2022-06-11,2호선,역삼,19846,21963
2022-06-11,2호선,강남,60929,61682
2022-06-11,2호선,교대,18932,21488
2022-06-11,2호선,서초,12784,10777
2022-06-11,2호선,방배,11597,11795
2022-06-11,2호선,사당,37734,41977
2022-06-11,2호선,낙성대,23007,20720
2022-06-11,2호선,서울대입구,39275,37850
2022-06-11,2호선,봉천,19199,17008
2022-06-11,2호선,신림,52030,49479
2022-06-11,2호선,신대방,21557,20308
2022-06-11,2호선,구로디지털단지,37145,35842
2022-06-11,2호선,대림,19508,20353
2022-06-11,2호선,신도림,45055,45877
2022-06-11,2호선,문래,14356,15507
2022-06-11,2호선,영등포구청,14211,15195
2022-06-11,2호선,당산,14293,15242
2022-06-11,2호선,합정,30629,34630
2022-06-11,2호선,홍대입구,67214,76521
2022-06-11,2호선,신촌,31316,32453
2022-06-11,2호선,이대,10949,11313
2022-06-11,2호선,아현,8369,7646
2022-06-11,2호선,충정로,5986,6391
2022-06-11,2호선,용답,2245,2074
2022-06-11,2호선,신답,1158,1177
2022-06-11,2호선,신설동,3681,3546
2022-06-11,2호선,도림천,887,911
2022-06-11,2호선,양천구청,5177,5033
2022-06-11,2호선,신정네거리,8375,8237
2022-06-11,2호선,용두,1895,1778
2022-06-11,2호선,시청,10859,9209
2022-06-12,2호선,상왕십리,7434,7299
2022-06-12,2호선,신당,8740,9328
2022-06-12,2호선,동대문역사문화공원,8414,10351
2022-06-12,2호선,을지로4가,4011,3917
2022-06-12,2호선,을지로3가,9295,8988
2022-06-12,2호선,을지로입구,16780,15966
2022-06-12,2호선,시청,6427,5217
2022-06-12,2호선,봉천,13314,12800
2022-06-12,2호선,서울대입구,26852,27833
2022-06-12,2호선,낙성대,16708,16988
2022-06-12,2호선,사당,25059,26842
2022-06-12,2호선,방배,7226,7676
2022-06-12,2호선,서초,12598,11800
2022-06-12,2호선,교대,11162,12175
2022-06-12,2호선,강남,33896,32308
2022-06-12,2호선,역삼,11600,12676
2022-06-12,2호선,선릉,14325,12036
2022-06-12,2호선,삼성,21370,21103
2022-06-12,2호선,종합운동장,11189,11844
2022-06-12,2호선,잠실새내,12124,12564
2022-06-12,2호선,잠실,50536,46376
2022-06-12,2호선,잠실나루,5686,5850
2022-06-12,2호선,강변,23870,23172
2022-06-12,2호선,구의,11976,11876
2022-06-12,2호선,건대입구,26281,27031
2022-06-12,2호선,성수,14727,16449
2022-06-12,2호선,뚝섬,12648,12914
2022-06-12,2호선,한양대,2859,3322
2022-06-12,2호선,왕십리,9556,8554
2022-06-12,2호선,용두,1072,1092
2022-06-12,2호선,신정네거리,5789,5699
2022-06-12,2호선,양천구청,3498,3627
2022-06-12,2호선,도림천,573,549
2022-06-12,2호선,신설동,3323,3274
2022-06-12,2호선,신답,790,883
2022-06-12,2호선,용답,1716,1728
2022-06-12,2호선,충정로,4088,4539
2022-06-12,2호선,아현,5609,5471
2022-06-12,2호선,이대,7047,7810
2022-06-12,2호선,신촌,21806,21334
2022-06-12,2호선,홍대입구,50841,49997
2022-06-12,2호선,합정,21740,23093
2022-06-12,2호선,당산,9556,10312
2022-06-12,2호선,영등포구청,8550,8891
2022-06-12,2호선,문래,8586,9223
2022-06-12,2호선,신도림,30656,31582
2022-06-12,2호선,대림,17183,17219
2022-06-12,2호선,구로디지털단지,25601,24873
2022-06-12,2호선,신대방,16433,15927
2022-06-12,2호선,신림,37879,37281
2022-06-13,2호선,시청,24551,25074
2022-06-13,2호선,을지로입구,38972,41394
2022-06-13,2호선,을지로3가,23794,24462
2022-06-13,2호선,을지로4가,13768,13537
2022-06-13,2호선,동대문역사문화공원,12146,14032
2022-06-13,2호선,신당,14059,14293
2022-06-13,2호선,상왕십리,14695,14239
2022-06-13,2호선,왕십리,16516,12983
2022-06-13,2호선,한양대,14030,15698
2022-06-13,2호선,뚝섬,21717,23422
2022-06-13,2호선,성수,37239,40568
2022-06-13,2호선,건대입구,33644,36030
2022-06-13,2호선,구의,24183,24035
2022-06-13,2호선,강변,32105,30330
2022-06-13,2호선,잠실나루,16189,16057
2022-06-13,2호선,잠실,64207,63859
2022-06-13,2호선,잠실새내,21870,21832
2022-06-13,2호선,종합운동장,7418,8374
2022-06-13,2호선,삼성,52409,53542
2022-06-13,2호선,선릉,62877,56166
2022-06-13,2호선,역삼,56558,64396
2022-06-13,2호선,강남,84137,81651
2022-06-13,2호선,교대,36548,41486
2022-06-13,2호선,서초,22704,22342
2022-06-13,2호선,방배,20374,21118
2022-06-13,2호선,사당,39334,43660
2022-06-13,2호선,낙성대,28238,27911
2022-06-13,2호선,서울대입구,48195,46993
2022-06-13,2호선,봉천,25221,23458
2022-06-13,2호선,신림,60565,57881
2022-06-13,2호선,신대방,26784,25925
2022-06-13,2호선,구로디지털단지,62665,62520
2022-06-13,2호선,대림,25690,25929
2022-06-13,2호선,신도림,48917,47570
2022-06-13,2호선,문래,23348,23951
2022-06-13,2호선,영등포구청,23272,24349
2022-06-13,2호선,당산,19448,23047
2022-06-13,2호선,합정,30166,32044
2022-06-13,2호선,홍대입구,52209,54656
2022-06-13,2호선,신촌,33134,33686
2022-06-13,2호선,이대,13966,15168
2022-06-13,2호선,아현,10821,10334
2022-06-13,2호선,충정로,10502,11321
2022-06-13,2호선,용답,3006,3078
2022-06-13,2호선,신답,1709,1945
2022-06-13,2호선,신설동,3306,3340
2022-06-13,2호선,도림천,1377,1430
2022-06-13,2호선,양천구청,7498,7547
2022-06-13,2호선,신정네거리,10941,11157
2022-06-13,2호선,용두,2459,2473
2022-06-14,2호선,당산,20318,24007
2022-06-14,2호선,시청,25685,25210
2022-06-14,2호선,을지로입구,43875,45348
2022-06-14,2호선,을지로3가,24944,24719
2022-06-14,2호선,을지로4가,13990,14089
2022-06-14,2호선,동대문역사문화공원,12526,14056
2022-06-14,2호선,신당,14711,15280
2022-06-14,2호선,상왕십리,15294,14889
2022-06-14,2호선,왕십리,16894,13679
2022-06-14,2호선,한양대,13715,15104
2022-06-14,2호선,뚝섬,23299,25194
2022-06-14,2호선,성수,39059,42546
2022-06-14,2호선,건대입구,34992,37451
2022-06-14,2호선,구의,25363,24995
2022-06-14,2호선,강변,31608,29814
2022-06-14,2호선,잠실나루,16544,16314
2022-06-14,2호선,잠실,72201,71291
2022-06-14,2호선,잠실새내,22796,22472
2022-06-14,2호선,종합운동장,11462,12635
2022-06-14,2호선,삼성,56263,56977
2022-06-14,2호선,선릉,64760,57487
2022-06-14,2호선,역삼,59038,66548
2022-06-14,2호선,강남,86898,84507
2022-06-14,2호선,교대,38380,43614
2022-06-14,2호선,서초,24033,23561
2022-06-14,2호선,방배,21534,22500
2022-06-14,2호선,사당,41526,45597
2022-06-14,2호선,낙성대,29314,28483
2022-06-14,2호선,서울대입구,49751,48246
2022-06-14,2호선,봉천,25742,24018
2022-06-14,2호선,신림,61858,59761
2022-06-14,2호선,신대방,27393,26897
2022-06-14,2호선,구로디지털단지,64363,64720
2022-06-14,2호선,대림,25860,26403
2022-06-14,2호선,신도림,50582,50529
2022-06-14,2호선,문래,24281,24845
2022-06-14,2호선,영등포구청,23837,24629
2022-06-14,2호선,합정,32666,35154
2022-06-14,2호선,홍대입구,55116,57714
2022-06-14,2호선,신촌,33757,34708
2022-06-14,2호선,이대,14654,15554
2022-06-14,2호선,아현,11390,10956
2022-06-14,2호선,충정로,10893,11621
2022-06-14,2호선,용답,2952,2944
2022-06-14,2호선,신답,1754,2021
2022-06-14,2호선,신설동,3375,3301
2022-06-14,2호선,도림천,1426,1502
2022-06-14,2호선,양천구청,7632,7917
2022-06-14,2호선,신정네거리,11235,11504
2022-06-14,2호선,용두,2491,2550
2022-06-15,2호선,용두,2461,2499
2022-06-15,2호선,신정네거리,11180,11335
2022-06-15,2호선,양천구청,7345,7693
2022-06-15,2호선,도림천,1491,1571
2022-06-15,2호선,신설동,3477,3727
2022-06-15,2호선,신답,1845,2019
2022-06-15,2호선,용답,3126,3177
2022-06-15,2호선,충정로,10764,11520
2022-06-15,2호선,아현,11260,10602
2022-06-15,2호선,이대,14537,15437
2022-06-15,2호선,신촌,33870,34749
2022-06-15,2호선,홍대입구,54259,57422
2022-06-15,2호선,합정,32026,34165
2022-06-15,2호선,당산,20120,23598
2022-06-15,2호선,영등포구청,23336,24332
2022-06-15,2호선,문래,23924,24752
2022-06-15,2호선,신도림,51951,51716
2022-06-15,2호선,대림,25232,25770
2022-06-15,2호선,구로디지털단지,63532,63394
2022-06-15,2호선,신대방,27110,26623
2022-06-15,2호선,신림,61674,59462
2022-06-15,2호선,봉천,25539,23419
2022-06-15,2호선,서울대입구,48734,47693
2022-06-15,2호선,낙성대,29465,28303
2022-06-15,2호선,사당,41347,45189
2022-06-15,2호선,방배,21042,21550
2022-06-15,2호선,서초,24268,23562
2022-06-15,2호선,교대,38764,43675
2022-06-15,2호선,강남,86012,83678
2022-06-15,2호선,역삼,58988,66186
2022-06-15,2호선,선릉,62866,55483
2022-06-15,2호선,삼성,59442,60095
2022-06-15,2호선,종합운동장,10846,12143
2022-06-15,2호선,잠실새내,22758,22471
2022-06-15,2호선,잠실,71553,70930
2022-06-15,2호선,잠실나루,16061,15861
2022-06-15,2호선,강변,31758,29703
2022-06-15,2호선,구의,24967,24674
2022-06-15,2호선,건대입구,35323,37855
2022-06-15,2호선,성수,39468,42747
2022-06-15,2호선,뚝섬,23173,25205
2022-06-15,2호선,한양대,14129,15710
2022-06-15,2호선,왕십리,17235,13900
2022-06-15,2호선,상왕십리,15209,14760
2022-06-15,2호선,신당,14783,15278
2022-06-15,2호선,동대문역사문화공원,12470,14627
2022-06-15,2호선,을지로4가,13586,13691
2022-06-15,2호선,을지로3가,25298,25303
2022-06-15,2호선,을지로입구,43220,44878
2022-06-15,2호선,시청,25758,25603
2022-06-16,2호선,용두,2455,2492
2022-06-16,2호선,신정네거리,11277,11507
2022-06-16,2호선,양천구청,7742,7799
2022-06-16,2호선,도림천,1487,1557
2022-06-16,2호선,신설동,3482,3505
2022-06-16,2호선,신답,1884,2005
2022-06-16,2호선,용답,3198,3312
2022-06-16,2호선,충정로,10891,11612
2022-06-16,2호선,아현,11593,10809
2022-06-16,2호선,이대,14898,15725
2022-06-16,2호선,신촌,35205,36003
2022-06-16,2호선,홍대입구,57605,61773
2022-06-16,2호선,합정,33227,35984
2022-06-16,2호선,당산,20625,24146
2022-06-16,2호선,영등포구청,23818,24897
2022-06-16,2호선,문래,24269,25027
2022-06-16,2호선,신도림,51832,52013
2022-06-16,2호선,대림,25670,26017
2022-06-16,2호선,구로디지털단지,64772,65042
2022-06-16,2호선,신대방,27610,26802
2022-06-16,2호선,신림,62823,60014
2022-06-16,2호선,봉천,25973,23913
2022-06-16,2호선,서울대입구,49674,48278
2022-06-16,2호선,낙성대,29936,28640
2022-06-16,2호선,사당,42768,46739
2022-06-16,2호선,방배,21400,22425
2022-06-16,2호선,서초,23906,23421
2022-06-16,2호선,교대,38555,43705
2022-06-16,2호선,강남,88020,86811
2022-06-16,2호선,역삼,57788,66773
2022-06-16,2호선,선릉,62909,56131
2022-06-16,2호선,삼성,62036,63333
2022-06-16,2호선,종합운동장,12207,13604
2022-06-16,2호선,잠실새내,23306,22985
2022-06-16,2호선,잠실,73985,73272
2022-06-16,2호선,잠실나루,16137,15728
2022-06-16,2호선,강변,33452,31262
2022-06-16,2호선,구의,25424,24761
2022-06-16,2호선,건대입구,36601,39456
2022-06-16,2호선,성수,39437,43669
2022-06-16,2호선,뚝섬,23605,25957
2022-06-16,2호선,한양대,14190,15573
2022-06-16,2호선,왕십리,17873,14418
2022-06-16,2호선,상왕십리,15510,14847
2022-06-16,2호선,신당,15027,15327
2022-06-16,2호선,동대문역사문화공원,13551,15607
2022-06-16,2호선,을지로4가,14041,14071
2022-06-16,2호선,을지로3가,25039,25433
2022-06-16,2호선,을지로입구,44019,46017
2022-06-16,2호선,시청,25709,25609
2022-06-17,2호선,시청,25796,25326
2022-06-17,2호선,을지로입구,43930,45891
2022-06-17,2호선,을지로3가,26284,27081
2022-06-17,2호선,을지로4가,14382,14654
2022-06-17,2호선,동대문역사문화공원,14217,15641
2022-06-17,2호선,신당,15716,16102
2022-06-17,2호선,상왕십리,16032,15361
2022-06-17,2호선,왕십리,18759,15565
2022-06-17,2호선,한양대,11998,13165
2022-06-17,2호선,뚝섬,26254,28109
2022-06-17,2호선,성수,40807,45502
2022-06-17,2호선,건대입구,39758,44221
2022-06-17,2호선,구의,25819,25016
2022-06-17,2호선,강변,36902,36276
2022-06-17,2호선,잠실나루,16858,15824
2022-06-17,2호선,잠실,77157,76036
2022-06-17,2호선,잠실새내,24271,24523
2022-06-17,2호선,종합운동장,11313,12791
2022-06-17,2호선,삼성,61284,62113
2022-06-17,2호선,선릉,61519,55186
2022-06-17,2호선,역삼,56077,63756
2022-06-17,2호선,강남,92648,92588
2022-06-17,2호선,교대,38460,43986
2022-06-17,2호선,서초,23875,22750
2022-06-17,2호선,방배,20739,21309
2022-06-17,2호선,사당,44834,50673
2022-06-17,2호선,낙성대,30880,28354
2022-06-17,2호선,서울대입구,51872,49278
2022-06-17,2호선,봉천,26447,23714
2022-06-17,2호선,신림,65130,62478
2022-06-17,2호선,신대방,28203,27012
2022-06-17,2호선,구로디지털단지,65648,65325
2022-06-17,2호선,대림,26098,26517
2022-06-17,2호선,신도림,53938,54935
2022-06-17,2호선,문래,24119,25272
2022-06-17,2호선,영등포구청,24093,24888
2022-06-17,2호선,당산,20881,24459
2022-06-17,2호선,합정,35352,39802
2022-06-17,2호선,홍대입구,62758,72609
2022-06-17,2호선,신촌,37353,38445
2022-06-17,2호선,이대,15352,15696
2022-06-17,2호선,아현,12044,11040
2022-06-17,2호선,충정로,10949,11454
2022-06-17,2호선,용답,3236,3147
2022-06-17,2호선,신답,1892,1993
2022-06-17,2호선,신설동,3922,3837
2022-06-17,2호선,도림천,1477,1485
2022-06-17,2호선,양천구청,7805,7848
2022-06-17,2호선,신정네거리,11306,11449
2022-06-17,2호선,용두,2639,2621
2022-06-18,2호선,시청,10435,9431
2022-06-18,2호선,을지로입구,23111,23470
2022-06-18,2호선,을지로3가,13237,13606
2022-06-18,2호선,을지로4가,8103,8695
2022-06-18,2호선,동대문역사문화공원,11948,13809
2022-06-18,2호선,상왕십리,10627,9782
2022-06-18,2호선,왕십리,14437,12794
2022-06-18,2호선,한양대,5269,5548
2022-06-18,2호선,뚝섬,17176,17835
2022-06-18,2호선,성수,21455,24981
2022-06-18,2호선,건대입구,35859,40157
2022-06-18,2호선,구의,17729,17038
2022-06-18,2호선,강변,32400,31828
2022-06-18,2호선,잠실나루,8397,8225
2022-06-18,2호선,잠실,73311,68994
2022-06-18,2호선,잠실새내,19572,21017
2022-06-18,2호선,종합운동장,34988,37407
2022-06-18,2호선,삼성,35887,36178
2022-06-18,2호선,선릉,26882,23812
2022-06-18,2호선,역삼,20168,22317
2022-06-18,2호선,강남,63337,64164
2022-06-18,2호선,교대,19134,21725
2022-06-18,2호선,서초,12891,10732
2022-06-18,2호선,방배,10990,11300
2022-06-18,2호선,사당,38150,42679
2022-06-18,2호선,낙성대,23412,21107
2022-06-18,2호선,서울대입구,39435,37780
2022-06-18,2호선,봉천,18679,16671
2022-06-18,2호선,신림,51392,48889
2022-06-18,2호선,신대방,21693,19948
2022-06-18,2호선,구로디지털단지,37463,36120
2022-06-18,2호선,대림,19953,20698
2022-06-18,2호선,신도림,45068,46263
2022-06-18,2호선,문래,14116,15260
2022-06-18,2호선,영등포구청,14310,15168
2022-06-18,2호선,당산,14061,15195
2022-06-18,2호선,합정,30250,34911
2022-06-18,2호선,홍대입구,68904,79076
2022-06-18,2호선,신촌,32764,33406
2022-06-18,2호선,이대,10888,11286
2022-06-18,2호선,아현,8385,7503
2022-06-18,2호선,충정로,6309,6692
2022-06-18,2호선,용답,2258,2064
2022-06-18,2호선,신답,1110,1136
2022-06-18,2호선,신설동,3495,3497
2022-06-18,2호선,도림천,820,861
2022-06-18,2호선,양천구청,5077,4992
2022-06-18,2호선,신정네거리,8300,8121
2022-06-18,2호선,용두,1869,1716
2022-06-18,2호선,신당,12168,12720
2022-06-19,2호선,용두,1236,1267
2022-06-19,2호선,신정네거리,6125,6050
2022-06-19,2호선,양천구청,4395,4143
2022-06-19,2호선,도림천,517,495
2022-06-19,2호선,신설동,3159,3201
2022-06-19,2호선,신답,865,938
2022-06-19,2호선,용답,1741,1715
2022-06-19,2호선,충정로,3768,4069
2022-06-19,2호선,아현,5650,5490
2022-06-19,2호선,이대,7344,7834
2022-06-19,2호선,신촌,22618,22176
2022-06-19,2호선,홍대입구,52753,52017
2022-06-19,2호선,합정,21207,22501
2022-06-19,2호선,당산,9803,10346
2022-06-19,2호선,영등포구청,8983,9374
2022-06-19,2호선,문래,8715,9232
2022-06-19,2호선,신도림,30379,31145
2022-06-19,2호선,대림,17050,17407
2022-06-19,2호선,구로디지털단지,25803,25760
2022-06-19,2호선,신대방,16545,16130
2022-06-19,2호선,신림,37446,36630
2022-06-19,2호선,봉천,13185,12749
2022-06-19,2호선,서울대입구,27015,27619
2022-06-19,2호선,낙성대,16622,17195
2022-06-19,2호선,사당,25277,27621
2022-06-19,2호선,방배,7264,7544
2022-06-19,2호선,서초,12957,12312
2022-06-19,2호선,교대,11488,12642
2022-06-19,2호선,강남,35349,33859
2022-06-19,2호선,역삼,12047,13213
2022-06-19,2호선,선릉,14669,12572
2022-06-19,2호선,삼성,22009,21418
2022-06-19,2호선,종합운동장,19109,19433
2022-06-19,2호선,잠실새내,11962,11941
2022-06-19,2호선,잠실,51637,48685
2022-06-19,2호선,잠실나루,6226,6095
2022-06-19,2호선,강변,25204,23924
2022-06-19,2호선,구의,12110,12075
2022-06-19,2호선,건대입구,26507,27892
2022-06-19,2호선,성수,14888,16883
2022-06-19,2호선,뚝섬,13145,13324
2022-06-19,2호선,한양대,3107,3751
2022-06-19,2호선,왕십리,9949,9005
2022-06-19,2호선,상왕십리,7382,7251
2022-06-19,2호선,신당,8765,9331
2022-06-19,2호선,동대문역사문화공원,9416,11388
2022-06-19,2호선,을지로4가,4051,3965
2022-06-19,2호선,을지로3가,9518,9100
2022-06-19,2호선,을지로입구,16830,15909
2022-06-19,2호선,시청,6772,5504
2022-06-20,2호선,방배,17455,17992
2022-06-20,2호선,사당,39479,43737
2022-06-20,2호선,낙성대,28488,27864
2022-06-20,2호선,서울대입구,47723,47442
2022-06-20,2호선,봉천,25355,23578
2022-06-20,2호선,신림,60509,58108
2022-06-20,2호선,신대방,26936,26185
2022-06-20,2호선,구로디지털단지,62812,62604
2022-06-20,2호선,대림,25663,26111
2022-06-20,2호선,신도림,49600,49102
2022-06-20,2호선,문래,23283,23944
2022-06-20,2호선,영등포구청,23659,24670
2022-06-20,2호선,당산,19327,23165
2022-06-20,2호선,합정,31175,33215
2022-06-20,2호선,홍대입구,55533,58503
2022-06-20,2호선,신촌,33526,34043
2022-06-20,2호선,이대,14121,15265
2022-06-20,2호선,아현,10925,10274
2022-06-20,2호선,충정로,10590,11165
2022-06-20,2호선,용답,3136,3183
2022-06-20,2호선,신답,1770,2009
2022-06-20,2호선,신설동,3379,3419
2022-06-20,2호선,도림천,1528,1586
2022-06-20,2호선,시청,24857,24279
2022-06-20,2호선,잠실,69846,70426
2022-06-20,2호선,양천구청,7467,7666
2022-06-20,2호선,신정네거리,10977,11144
2022-06-20,2호선,용두,2500,2565
2022-06-20,2호선,을지로입구,42373,43732
2022-06-20,2호선,을지로3가,24477,24619
2022-06-20,2호선,을지로4가,13904,13766
2022-06-20,2호선,동대문역사문화공원,13000,14654
2022-06-20,2호선,신당,14458,14773
2022-06-20,2호선,잠실새내,22285,22158
2022-06-20,2호선,서초,23231,22309
2022-06-20,2호선,종합운동장,7697,8558
2022-06-20,2호선,교대,36709,41644
2022-06-20,2호선,삼성,52378,53802
2022-06-20,2호선,선릉,61700,54868
2022-06-20,2호선,역삼,57268,65252
2022-06-20,2호선,강남,85408,83388
2022-06-20,2호선,상왕십리,15069,14450
2022-06-20,2호선,왕십리,17265,13944
2022-06-20,2호선,한양대,12972,14654
2022-06-20,2호선,뚝섬,22662,24585
2022-06-20,2호선,성수,38907,42439
2022-06-20,2호선,건대입구,35989,38814
2022-06-20,2호선,구의,24562,24224
2022-06-20,2호선,강변,33955,31519
2022-06-20,2호선,잠실나루,16108,15752
2022-06-21,2호선,시청,26389,25889
2022-06-21,2호선,을지로입구,44077,45680
2022-06-21,2호선,을지로3가,25099,25668
2022-06-21,2호선,을지로4가,14205,14261
2022-06-21,2호선,동대문역사문화공원,13164,14893
2022-06-21,2호선,신당,14764,15159
2022-06-21,2호선,상왕십리,15378,15014
2022-06-21,2호선,왕십리,17958,14761
2022-06-21,2호선,한양대,11731,13126
2022-06-21,2호선,뚝섬,24139,26260
2022-06-21,2호선,성수,40317,43879
2022-06-21,2호선,건대입구,37559,40437
2022-06-21,2호선,구의,25299,24707
2022-06-21,2호선,강변,33757,31397
2022-06-21,2호선,잠실나루,16460,16079
2022-06-21,2호선,잠실,74912,75052
2022-06-21,2호선,잠실새내,23248,22908
2022-06-21,2호선,종합운동장,11509,12742
2022-06-21,2호선,삼성,57038,58393
2022-06-21,2호선,선릉,64011,56638
2022-06-21,2호선,역삼,59779,67834
2022-06-21,2호선,강남,88883,87256
2022-06-21,2호선,교대,38260,43210
2022-06-21,2호선,서초,23935,23528
2022-06-21,2호선,방배,17968,18705
2022-06-21,2호선,사당,42015,46082
2022-06-21,2호선,낙성대,29591,28880
2022-06-21,2호선,서울대입구,49502,48486
2022-06-21,2호선,봉천,25943,24037
2022-06-21,2호선,신림,62089,61109
2022-06-21,2호선,신대방,27534,26667
2022-06-21,2호선,구로디지털단지,63951,64108
2022-06-21,2호선,대림,25369,25835
2022-06-21,2호선,신도림,51112,50897
2022-06-21,2호선,문래,24186,24922
2022-06-21,2호선,영등포구청,23980,24622
2022-06-21,2호선,당산,19893,23606
2022-06-21,2호선,합정,32721,34918
2022-06-21,2호선,홍대입구,58890,63568
2022-06-21,2호선,신촌,36791,37342
2022-06-21,2호선,이대,14808,15764
2022-06-21,2호선,아현,11534,11010
2022-06-21,2호선,충정로,10719,11369
2022-06-21,2호선,용답,3158,3153
2022-06-21,2호선,신답,1819,2057
2022-06-21,2호선,신설동,3319,3360
2022-06-21,2호선,도림천,1498,1562
2022-06-21,2호선,양천구청,7514,7702
2022-06-21,2호선,신정네거리,11307,11435
2022-06-21,2호선,용두,2582,2638
2022-06-22,2호선,용두,2459,2582
2022-06-22,2호선,신정네거리,11193,11443
2022-06-22,2호선,양천구청,7702,7926
2022-06-22,2호선,도림천,1468,1520
2022-06-22,2호선,신설동,3578,3506
2022-06-22,2호선,신답,1868,2067
2022-06-22,2호선,용답,2991,2803
2022-06-22,2호선,충정로,10745,11408
2022-06-22,2호선,아현,11511,10837
2022-06-22,2호선,이대,15103,15703
2022-06-22,2호선,신촌,37247,38293
2022-06-22,2호선,홍대입구,61145,65560
2022-06-22,2호선,합정,33140,35819
2022-06-22,2호선,당산,20234,23663
2022-06-22,2호선,영등포구청,23914,24969
2022-06-22,2호선,문래,24338,24836
2022-06-22,2호선,신도림,51699,51725
2022-06-22,2호선,대림,25406,25959
2022-06-22,2호선,구로디지털단지,64374,64620
2022-06-22,2호선,신대방,27604,26993
2022-06-22,2호선,신림,62842,60691
2022-06-22,2호선,봉천,26093,23843
2022-06-22,2호선,서울대입구,50325,49832
2022-06-22,2호선,낙성대,29930,29177
2022-06-22,2호선,사당,41835,46068
2022-06-22,2호선,방배,17925,18579
2022-06-22,2호선,서초,24885,24251
2022-06-22,2호선,교대,38051,43273
2022-06-22,2호선,강남,89898,87747
2022-06-22,2호선,역삼,58711,66893
2022-06-22,2호선,선릉,64365,56685
2022-06-22,2호선,삼성,59578,60667
2022-06-22,2호선,종합운동장,12224,13528
2022-06-22,2호선,잠실새내,23342,23132
2022-06-22,2호선,잠실,77400,76460
2022-06-22,2호선,잠실나루,16458,16010
2022-06-22,2호선,강변,33604,31258
2022-06-22,2호선,구의,25468,25114
2022-06-22,2호선,건대입구,37861,40933
2022-06-22,2호선,성수,40980,44774
2022-06-22,2호선,뚝섬,24722,26615
2022-06-22,2호선,한양대,8642,9382
2022-06-22,2호선,왕십리,17998,15155
2022-06-22,2호선,상왕십리,15510,15207
2022-06-22,2호선,신당,15109,15471
2022-06-22,2호선,동대문역사문화공원,13420,15428
2022-06-22,2호선,을지로4가,14429,14328
2022-06-22,2호선,을지로3가,25981,26265
2022-06-22,2호선,을지로입구,44747,46343
2022-06-22,2호선,시청,26223,25627
2022-06-23,2호선,용두,2464,2448
2022-06-23,2호선,신정네거리,10503,11049
2022-06-23,2호선,양천구청,7184,7556
2022-06-23,2호선,도림천,1454,1587
2022-06-23,2호선,신설동,3810,3417
2022-06-23,2호선,신답,1667,2033
2022-06-23,2호선,용답,2784,2721
2022-06-23,2호선,충정로,10852,11656
2022-06-23,2호선,아현,10846,10597
2022-06-23,2호선,이대,14043,15082
2022-06-23,2호선,신촌,35275,36005
2022-06-23,2호선,홍대입구,55374,58092
2022-06-23,2호선,합정,32115,33379
2022-06-23,2호선,당산,18054,21669
2022-06-23,2호선,영등포구청,23006,23536
2022-06-23,2호선,문래,23373,23838
2022-06-23,2호선,신도림,49545,48978
2022-06-23,2호선,대림,23918,24226
2022-06-23,2호선,구로디지털단지,61929,61659
2022-06-23,2호선,신대방,25872,25702
2022-06-23,2호선,신림,59558,57167
2022-06-23,2호선,봉천,24815,23289
2022-06-23,2호선,서울대입구,47774,46260
2022-06-23,2호선,낙성대,28602,27685
2022-06-23,2호선,사당,39537,43052
2022-06-23,2호선,방배,17292,18339
2022-06-23,2호선,서초,23372,22562
2022-06-23,2호선,교대,37026,41860
2022-06-23,2호선,강남,87398,84635
2022-06-23,2호선,역삼,60825,65677
2022-06-23,2호선,선릉,62264,55187
2022-06-23,2호선,삼성,62878,62239
2022-06-23,2호선,종합운동장,7715,8397
2022-06-23,2호선,잠실새내,22413,22445
2022-06-23,2호선,잠실,73120,72250
2022-06-23,2호선,잠실나루,15248,15274
2022-06-23,2호선,강변,31886,29577
2022-06-23,2호선,구의,24485,24245
2022-06-23,2호선,건대입구,34868,36958
2022-06-23,2호선,성수,40024,42388
2022-06-23,2호선,뚝섬,23288,25024
2022-06-23,2호선,한양대,8954,9543
2022-06-23,2호선,왕십리,17111,14138
2022-06-23,2호선,상왕십리,15113,15047
2022-06-23,2호선,신당,14189,14630
2022-06-23,2호선,동대문역사문화공원,12347,13976
2022-06-23,2호선,을지로4가,13655,13460
2022-06-23,2호선,을지로3가,25907,24837
2022-06-23,2호선,을지로입구,44509,45044
2022-06-23,2호선,시청,26906,24992
2022-06-24,2호선,용답,3034,2836
2022-06-24,2호선,시청,25871,25403
2022-06-24,2호선,을지로입구,44294,45936
2022-06-24,2호선,을지로3가,25957,27119
2022-06-24,2호선,을지로4가,14633,14927
2022-06-24,2호선,동대문역사문화공원,14588,16206
2022-06-24,2호선,신당,15540,15906
2022-06-24,2호선,상왕십리,15988,14973
2022-06-24,2호선,왕십리,18657,16214
2022-06-24,2호선,한양대,9086,9743
2022-06-24,2호선,뚝섬,24716,26724
2022-06-24,2호선,성수,41415,46205
2022-06-24,2호선,건대입구,40253,45360
2022-06-24,2호선,구의,25994,25027
2022-06-24,2호선,강변,37025,36073
2022-06-24,2호선,잠실나루,16271,15437
2022-06-24,2호선,잠실,80414,79832
2022-06-24,2호선,잠실새내,25035,26083
2022-06-24,2호선,종합운동장,26697,29639
2022-06-24,2호선,삼성,61173,62144
2022-06-24,2호선,선릉,61830,55241
2022-06-24,2호선,역삼,55991,63478
2022-06-24,2호선,강남,94875,95390
2022-06-24,2호선,교대,38535,44108
2022-06-24,2호선,서초,23563,22506
2022-06-24,2호선,방배,18145,18774
2022-06-24,2호선,사당,44697,50494
2022-06-24,2호선,낙성대,31005,28423
2022-06-24,2호선,서울대입구,52890,50604
2022-06-24,2호선,봉천,26281,23633
2022-06-24,2호선,신림,64790,61979
2022-06-24,2호선,신대방,27792,26404
2022-06-24,2호선,구로디지털단지,64635,64260
2022-06-24,2호선,대림,25621,26094
2022-06-24,2호선,신도림,52217,53000
2022-06-24,2호선,문래,24231,25320
2022-06-24,2호선,영등포구청,23655,24676
2022-06-24,2호선,당산,20424,23615
2022-06-24,2호선,합정,35154,39625
2022-06-24,2호선,홍대입구,64987,75526
2022-06-24,2호선,신촌,39127,40446
2022-06-24,2호선,이대,15259,15943
2022-06-24,2호선,아현,11537,10658
2022-06-24,2호선,충정로,10731,11364
2022-06-24,2호선,신답,1923,1999
2022-06-24,2호선,신설동,3845,3779
2022-06-24,2호선,도림천,1488,1499
2022-06-24,2호선,양천구청,7638,7742
2022-06-24,2호선,신정네거리,11447,11457
2022-06-24,2호선,용두,2643,2606
2022-06-25,2호선,시청,11223,9894
2022-06-25,2호선,을지로입구,25105,25009
2022-06-25,2호선,을지로3가,13071,13647
2022-06-25,2호선,을지로4가,8592,8761
2022-06-25,2호선,동대문역사문화공원,11200,12718
2022-06-25,2호선,신당,12023,12325
2022-06-25,2호선,상왕십리,10617,9895
2022-06-25,2호선,왕십리,14952,13088
2022-06-25,2호선,한양대,4901,4892
2022-06-25,2호선,뚝섬,15648,16528
2022-06-25,2호선,성수,23730,27267
2022-06-25,2호선,건대입구,37590,42081
2022-06-25,2호선,구의,17614,16775
2022-06-25,2호선,강변,31925,31875
2022-06-25,2호선,잠실나루,8360,7844
2022-06-25,2호선,잠실,73761,70750
2022-06-25,2호선,잠실새내,20021,20916
2022-06-25,2호선,종합운동장,28474,31469
2022-06-25,2호선,삼성,36595,36744
2022-06-25,2호선,선릉,26947,23848
2022-06-25,2호선,역삼,20767,22887
2022-06-25,2호선,강남,65148,65672
2022-06-25,2호선,교대,19440,21958
2022-06-25,2호선,서초,12238,10364
2022-06-25,2호선,방배,10899,11054
2022-06-25,2호선,사당,37604,42423
2022-06-25,2호선,낙성대,23428,21015
2022-06-25,2호선,서울대입구,40292,38814
2022-06-25,2호선,봉천,19122,17259
2022-06-25,2호선,신림,52086,49413
2022-06-25,2호선,신대방,21627,20175
2022-06-25,2호선,구로디지털단지,37801,36724
2022-06-25,2호선,대림,19777,20610
2022-06-25,2호선,신도림,44632,45438
2022-06-25,2호선,문래,14208,15432
2022-06-25,2호선,영등포구청,13384,14030
2022-06-25,2호선,당산,13565,14763
2022-06-25,2호선,합정,30765,35658
2022-06-25,2호선,홍대입구,71399,81749
2022-06-25,2호선,신촌,35214,35382
2022-06-25,2호선,이대,11572,11877
2022-06-25,2호선,아현,8298,7690
2022-06-25,2호선,충정로,6098,6407
2022-06-25,2호선,용답,2383,2193
2022-06-25,2호선,신답,1161,1217
2022-06-25,2호선,신설동,3698,3522
2022-06-25,2호선,도림천,980,921
2022-06-25,2호선,양천구청,5415,5239
2022-06-25,2호선,신정네거리,8733,8394
2022-06-25,2호선,용두,1831,1750
2022-06-26,2호선,시청,6547,5288
2022-06-26,2호선,을지로입구,17275,16461
2022-06-26,2호선,을지로3가,9068,8771
2022-06-26,2호선,을지로4가,4067,3968
2022-06-26,2호선,동대문역사문화공원,8131,9475
2022-06-26,2호선,신당,8168,8510
2022-06-26,2호선,상왕십리,7183,7021
2022-06-26,2호선,왕십리,9759,8820
2022-06-26,2호선,한양대,2450,2684
2022-06-26,2호선,뚝섬,9969,10027
2022-06-26,2호선,성수,14567,16336
2022-06-26,2호선,건대입구,26287,27843
2022-06-26,2호선,구의,11867,11731
2022-06-26,2호선,강변,25191,23584
2022-06-26,2호선,잠실나루,5348,5388
2022-06-26,2호선,잠실,52250,48779
2022-06-26,2호선,잠실새내,12675,13347
2022-06-26,2호선,종합운동장,23246,24713
2022-06-26,2호선,삼성,25424,24908
2022-06-26,2호선,선릉,14656,12678
2022-06-26,2호선,역삼,11918,13199
2022-06-26,2호선,강남,36780,36048
2022-06-26,2호선,교대,11448,12537
2022-06-26,2호선,서초,12891,11787
2022-06-26,2호선,방배,7053,7360
2022-06-26,2호선,사당,25176,27280
2022-06-26,2호선,낙성대,16747,17170
2022-06-26,2호선,서울대입구,27476,28249
2022-06-26,2호선,봉천,12947,12516
2022-06-26,2호선,신림,37282,36363
2022-06-26,2호선,신대방,16264,15810
2022-06-26,2호선,구로디지털단지,25721,25289
2022-06-26,2호선,대림,16799,17064
2022-06-26,2호선,신도림,29633,29786
2022-06-26,2호선,문래,8025,8579
2022-06-26,2호선,영등포구청,7845,8219
2022-06-26,2호선,당산,8533,9337
2022-06-26,2호선,합정,21618,22876
2022-06-26,2호선,홍대입구,51677,51058
2022-06-26,2호선,신촌,23699,23356
2022-06-26,2호선,이대,8099,8497
2022-06-26,2호선,아현,5402,5302
2022-06-26,2호선,충정로,3705,4017
2022-06-26,2호선,용답,1767,1740
2022-06-26,2호선,신답,856,875
2022-06-26,2호선,신설동,2852,2952
2022-06-26,2호선,도림천,446,470
2022-06-26,2호선,양천구청,3439,3472
2022-06-26,2호선,신정네거리,5457,5561
2022-06-26,2호선,용두,1062,1077
2022-06-27,2호선,용두,2419,2435
2022-06-27,2호선,신정네거리,10531,10856
2022-06-27,2호선,양천구청,7227,7553
2022-06-27,2호선,도림천,1518,1561
2022-06-27,2호선,신설동,3441,3410
2022-06-27,2호선,신답,1760,2077
2022-06-27,2호선,용답,2771,2747
2022-06-27,2호선,충정로,10425,11136
2022-06-27,2호선,아현,10628,10173
2022-06-27,2호선,이대,13781,15035
2022-06-27,2호선,신촌,35925,36163
2022-06-27,2호선,홍대입구,53852,57114
2022-06-27,2호선,합정,30110,31557
2022-06-27,2호선,당산,18062,21499
2022-06-27,2호선,영등포구청,23153,23877
2022-06-27,2호선,문래,23092,23592
2022-06-27,2호선,신도림,47827,46926
2022-06-27,2호선,대림,24466,25159
2022-06-27,2호선,구로디지털단지,62046,62203
2022-06-27,2호선,신대방,26076,25306
2022-06-27,2호선,신림,58649,56279
2022-06-27,2호선,봉천,24941,23250
2022-06-27,2호선,서울대입구,47399,47387
2022-06-27,2호선,낙성대,28130,27692
2022-06-27,2호선,사당,37893,41486
2022-06-27,2호선,방배,16793,17627
2022-06-27,2호선,서초,23416,22451
2022-06-27,2호선,교대,35831,40757
2022-06-27,2호선,강남,85676,83337
2022-06-27,2호선,역삼,58170,65168
2022-06-27,2호선,삼성,55919,56656
2022-06-27,2호선,종합운동장,7433,8236
2022-06-27,2호선,잠실새내,21982,21691
2022-06-27,2호선,잠실,69617,69671
2022-06-27,2호선,잠실나루,15436,15287
2022-06-27,2호선,강변,32657,30951
2022-06-27,2호선,구의,24035,23703
2022-06-27,2호선,건대입구,34062,36511
2022-06-27,2호선,성수,38539,41898
2022-06-27,2호선,뚝섬,22217,24144
2022-06-27,2호선,한양대,9681,10453
2022-06-27,2호선,왕십리,16282,13478
2022-06-27,2호선,상왕십리,14704,14434
2022-06-27,2호선,신당,14088,14363
2022-06-27,2호선,동대문역사문화공원,12332,13927
2022-06-27,2호선,을지로3가,24309,24403
2022-06-27,2호선,을지로입구,42185,43786
2022-06-27,2호선,시청,24512,23942
2022-06-27,2호선,을지로4가,13861,13723
2022-06-27,2호선,선릉,61751,54759
2022-06-28,2호선,이대,14423,15562
2022-06-28,2호선,아현,10855,10341
2022-06-28,2호선,충정로,10640,11306
2022-06-28,2호선,용답,2858,2735
2022-06-28,2호선,신답,1763,2048
2022-06-28,2호선,신설동,3248,3205
2022-06-28,2호선,도림천,1554,1567
2022-06-28,2호선,양천구청,7096,7454
2022-06-28,2호선,신정네거리,10673,10789
2022-06-28,2호선,용두,2380,2440
2022-06-28,2호선,시청,25876,25178
2022-06-28,2호선,을지로입구,43683,44835
2022-06-28,2호선,을지로3가,24727,24909
2022-06-28,2호선,을지로4가,14042,13950
2022-06-28,2호선,동대문역사문화공원,12223,13976
2022-06-28,2호선,신당,14313,14679
2022-06-28,2호선,상왕십리,14956,14646
2022-06-28,2호선,왕십리,16851,14093
2022-06-28,2호선,한양대,9766,10498
2022-06-28,2호선,뚝섬,23143,25059
2022-06-28,2호선,성수,39956,43142
2022-06-28,2호선,건대입구,34642,37298
2022-06-28,2호선,구의,24620,24266
2022-06-28,2호선,강변,30904,29300
2022-06-28,2호선,잠실나루,15928,15638
2022-06-28,2호선,잠실,71870,71749
2022-06-28,2호선,잠실새내,22120,22023
2022-06-28,2호선,종합운동장,9254,10092
2022-06-28,2호선,삼성,58405,59543
2022-06-28,2호선,선릉,62970,55643
2022-06-28,2호선,역삼,59125,66585
2022-06-28,2호선,강남,88231,85912
2022-06-28,2호선,교대,36862,41665
2022-06-28,2호선,서초,23249,22992
2022-06-28,2호선,방배,17368,18285
2022-06-28,2호선,사당,39582,43444
2022-06-28,2호선,낙성대,28725,28140
2022-06-28,2호선,서울대입구,48366,47407
2022-06-28,2호선,봉천,25261,23507
2022-06-28,2호선,신림,60208,57998
2022-06-28,2호선,신대방,26163,25629
2022-06-28,2호선,구로디지털단지,63122,63165
2022-06-28,2호선,대림,24590,25158
2022-06-28,2호선,신도림,47923,47576
2022-06-28,2호선,문래,23700,24092
2022-06-28,2호선,영등포구청,23471,24207
2022-06-28,2호선,당산,18850,22151
2022-06-28,2호선,합정,30879,32812
2022-06-28,2호선,홍대입구,55269,58328
2022-06-28,2호선,신촌,36070,36657
2022-06-29,2호선,시청,26275,24950
2022-06-29,2호선,을지로입구,44162,45387
2022-06-29,2호선,을지로3가,25613,25146
2022-06-29,2호선,을지로4가,13798,13660
2022-06-29,2호선,동대문역사문화공원,12956,14725
2022-06-29,2호선,신당,14437,14798
2022-06-29,2호선,상왕십리,15072,14806
2022-06-29,2호선,왕십리,17309,14249
2022-06-29,2호선,한양대,9583,10211
2022-06-29,2호선,뚝섬,23513,25223
2022-06-29,2호선,성수,40611,43614
2022-06-29,2호선,건대입구,35147,37754
2022-06-29,2호선,구의,24766,24445
2022-06-29,2호선,강변,31340,29591
2022-06-29,2호선,잠실나루,15384,15147
2022-06-29,2호선,잠실,72504,72592
2022-06-29,2호선,잠실새내,22425,22272
2022-06-29,2호선,종합운동장,8563,9305
2022-06-29,2호선,삼성,61858,62047
2022-06-29,2호선,선릉,62306,54935
2022-06-29,2호선,역삼,60112,66008
2022-06-29,2호선,강남,86791,84588
2022-06-29,2호선,교대,35841,40349
2022-06-29,2호선,서초,23307,22441
2022-06-29,2호선,방배,17291,18069
2022-06-29,2호선,사당,39045,42079
2022-06-29,2호선,낙성대,28575,27952
2022-06-29,2호선,서울대입구,48576,47480
2022-06-29,2호선,봉천,24859,23293
2022-06-29,2호선,신림,59799,57596
2022-06-29,2호선,신대방,26572,26130
2022-06-29,2호선,구로디지털단지,62887,62765
2022-06-29,2호선,대림,24437,25009
2022-06-29,2호선,신도림,49672,49483
2022-06-29,2호선,문래,23740,24095
2022-06-29,2호선,영등포구청,23449,23891
2022-06-29,2호선,당산,18872,22436
2022-06-29,2호선,합정,31620,33637
2022-06-29,2호선,홍대입구,56317,59522
2022-06-29,2호선,신촌,37010,37256
2022-06-29,2호선,이대,14379,15657
2022-06-29,2호선,아현,10930,10443
2022-06-29,2호선,충정로,10826,11500
2022-06-29,2호선,용답,2882,2872
2022-06-29,2호선,신답,1770,2065
2022-06-29,2호선,신설동,3429,3418
2022-06-29,2호선,도림천,1474,1591
2022-06-29,2호선,양천구청,7188,7544
2022-06-29,2호선,신정네거리,10613,11061
2022-06-29,2호선,용두,2346,2402
2022-06-30,2호선,방배,16819,17458
2022-06-30,2호선,사당,37956,41865
2022-06-30,2호선,서초,22810,22185
2022-06-30,2호선,교대,35015,39692
2022-06-30,2호선,강남,84281,81881
2022-06-30,2호선,역삼,60314,65894
2022-06-30,2호선,선릉,62309,54697
2022-06-30,2호선,삼성,66381,65840
2022-06-30,2호선,종합운동장,7419,7801
2022-06-30,2호선,잠실새내,21781,21970
2022-06-30,2호선,잠실,69628,69980
2022-06-30,2호선,잠실나루,14793,14695
2022-06-30,2호선,강변,30199,28907
2022-06-30,2호선,구의,24164,23886
2022-06-30,2호선,건대입구,33441,35868
2022-06-30,2호선,성수,40493,42993
2022-06-30,2호선,뚝섬,23653,24921
2022-06-30,2호선,한양대,9647,10077
2022-06-30,2호선,왕십리,16850,14153
2022-06-30,2호선,상왕십리,15227,14705
2022-06-30,2호선,신당,13995,14193
2022-06-30,2호선,동대문역사문화공원,12726,15619
2022-06-30,2호선,을지로4가,13587,13352
2022-06-30,2호선,을지로3가,25200,24602
2022-06-30,2호선,을지로입구,43633,44964
2022-06-30,2호선,시청,26148,25064
2022-06-30,2호선,신정네거리,10429,10700
2022-06-30,2호선,용두,2481,2419
2022-06-30,2호선,낙성대,28195,27029
2022-06-30,2호선,서울대입구,46179,45025
2022-06-30,2호선,봉천,24330,22742
2022-06-30,2호선,신림,58153,55580
2022-06-30,2호선,신대방,25290,24738
2022-06-30,2호선,구로디지털단지,60224,60739
2022-06-30,2호선,대림,22994,23542
2022-06-30,2호선,신도림,48141,47766
2022-06-30,2호선,문래,23080,23502
2022-06-30,2호선,영등포구청,22701,23399
2022-06-30,2호선,당산,17226,20809
2022-06-30,2호선,합정,30760,32751
2022-06-30,2호선,홍대입구,54376,57846
2022-06-30,2호선,신촌,35335,35971
2022-06-30,2호선,이대,14014,14867
2022-06-30,2호선,아현,10826,10287
2022-06-30,2호선,충정로,10813,11482
2022-06-30,2호선,용답,2675,2724
2022-06-30,2호선,신답,1857,2181
2022-06-30,2호선,신설동,4249,3655
2022-06-30,2호선,도림천,1537,1630
2022-06-30,2호선,양천구청,7025,7347
2022-07-01,2호선,성수,43013,47661
2022-07-01,2호선,건대입구,39433,44202
2022-07-01,2호선,구의,25932,24750
2022-07-01,2호선,강변,36241,35859
2022-07-01,2호선,잠실나루,16254,15555
2022-07-01,2호선,잠실,81553,80908
2022-07-01,2호선,잠실새내,24833,25305
2022-07-01,2호선,종합운동장,13919,15768
2022-07-01,2호선,삼성,65374,65073
2022-07-01,2호선,선릉,62039,54390
2022-07-01,2호선,역삼,55298,62606
2022-07-01,2호선,강남,93266,92240
2022-07-01,2호선,교대,37080,42049
2022-07-01,2호선,서초,23585,22050
2022-07-01,2호선,방배,17580,18166
2022-07-01,2호선,사당,45262,48844
2022-07-01,2호선,낙성대,30809,28210
2022-07-01,2호선,서울대입구,51828,49472
2022-07-01,2호선,봉천,26039,23655
2022-07-01,2호선,신림,63886,61007
2022-07-01,2호선,신대방,27808,26249
2022-07-01,2호선,구로디지털단지,64952,64740
2022-07-01,2호선,대림,25746,26125
2022-07-01,2호선,신도림,53000,53240
2022-07-01,2호선,문래,24307,25326
2022-07-01,2호선,영등포구청,23798,24759
2022-07-01,2호선,당산,20125,23593
2022-07-01,2호선,합정,34991,39362
2022-07-01,2호선,홍대입구,66440,76144
2022-07-01,2호선,신촌,39854,40521
2022-07-01,2호선,이대,14939,15713
2022-07-01,2호선,아현,11757,10617
2022-07-01,2호선,충정로,10850,11436
2022-07-01,2호선,용답,3088,2846
2022-07-01,2호선,신답,1920,2042
2022-07-01,2호선,신설동,4160,4010
2022-07-01,2호선,도림천,1541,1608
2022-07-01,2호선,양천구청,7550,7649
2022-07-01,2호선,신정네거리,11484,11619
2022-07-01,2호선,용두,2813,2646
2022-07-01,2호선,시청,25692,25537
2022-07-01,2호선,을지로입구,45740,46814
2022-07-01,2호선,을지로3가,25855,26330
2022-07-01,2호선,을지로4가,14743,14590
2022-07-01,2호선,동대문역사문화공원,14014,16570
2022-07-01,2호선,신당,15744,15836
2022-07-01,2호선,상왕십리,15929,14847
2022-07-01,2호선,왕십리,18890,16119
2022-07-01,2호선,한양대,9305,9677
2022-07-01,2호선,뚝섬,24885,26469
2022-07-02,2호선,시청,14119,13204
2022-07-02,2호선,을지로입구,29786,28174
2022-07-02,2호선,을지로3가,14896,13449
2022-07-02,2호선,을지로4가,8843,9144
2022-07-02,2호선,동대문역사문화공원,11333,12950
2022-07-02,2호선,신당,11758,12164
2022-07-02,2호선,상왕십리,10373,9722
2022-07-02,2호선,왕십리,14036,12483
2022-07-02,2호선,한양대,4617,4707
2022-07-02,2호선,뚝섬,15068,15508
2022-07-02,2호선,성수,24225,27843
2022-07-02,2호선,건대입구,35471,40737
2022-07-02,2호선,구의,16990,16092
2022-07-02,2호선,강변,30949,31076
2022-07-02,2호선,잠실나루,8365,8008
2022-07-02,2호선,잠실,77460,74635
2022-07-02,2호선,잠실새내,19929,20477
2022-07-02,2호선,종합운동장,22002,24476
2022-07-02,2호선,삼성,43455,43592
2022-07-02,2호선,선릉,26698,23309
2022-07-02,2호선,역삼,19057,20987
2022-07-02,2호선,강남,63384,63621
2022-07-02,2호선,교대,18301,20827
2022-07-02,2호선,서초,12188,10153
2022-07-02,2호선,방배,9961,10373
2022-07-02,2호선,사당,35517,40195
2022-07-02,2호선,낙성대,22661,20255
2022-07-02,2호선,서울대입구,38939,37324
2022-07-02,2호선,봉천,18541,16772
2022-07-02,2호선,신림,50390,48426
2022-07-02,2호선,신대방,20804,19533
2022-07-02,2호선,구로디지털단지,36359,35311
2022-07-02,2호선,대림,18926,19949
2022-07-02,2호선,신도림,41885,42715
2022-07-02,2호선,문래,13728,14661
2022-07-02,2호선,영등포구청,13163,13774
2022-07-02,2호선,당산,12820,14036
2022-07-02,2호선,합정,30012,34607
2022-07-02,2호선,홍대입구,71992,82146
2022-07-02,2호선,신촌,34079,34731
2022-07-02,2호선,이대,11126,11632
2022-07-02,2호선,아현,8466,7684
2022-07-02,2호선,충정로,7472,6819
2022-07-02,2호선,용답,2248,2061
2022-07-02,2호선,신답,1135,1106
2022-07-02,2호선,신설동,3713,3513
2022-07-02,2호선,도림천,800,799
2022-07-02,2호선,양천구청,4629,4528
2022-07-02,2호선,신정네거리,8177,8018
2022-07-02,2호선,용두,1758,1727
2022-07-03,2호선,선릉,13605,11899
2022-07-03,2호선,역삼,11394,12386
2022-07-03,2호선,강남,36350,34618
2022-07-03,2호선,교대,11212,12453
2022-07-03,2호선,서초,13942,12601
2022-07-03,2호선,방배,7129,7671
2022-07-03,2호선,사당,23937,26139
2022-07-03,2호선,낙성대,16117,16684
2022-07-03,2호선,서울대입구,26903,28213
2022-07-03,2호선,봉천,13028,12636
2022-07-03,2호선,신림,37194,36316
2022-07-03,2호선,신대방,15590,15443
2022-07-03,2호선,구로디지털단지,25187,24785
2022-07-03,2호선,대림,15768,16129
2022-07-03,2호선,신도림,29729,30164
2022-07-03,2호선,문래,8354,8712
2022-07-03,2호선,영등포구청,8135,8399
2022-07-03,2호선,당산,8442,9202
2022-07-03,2호선,합정,20624,21870
2022-07-03,2호선,홍대입구,53743,53432
2022-07-03,2호선,신촌,24995,24173
2022-07-03,2호선,이대,7733,8326
2022-07-03,2호선,아현,5628,5528
2022-07-03,2호선,충정로,3473,3752
2022-07-03,2호선,용답,1713,1640
2022-07-03,2호선,신답,819,928
2022-07-03,2호선,신설동,3101,3142
2022-07-03,2호선,도림천,478,464
2022-07-03,2호선,양천구청,3401,3527
2022-07-03,2호선,신정네거리,5669,5605
2022-07-03,2호선,용두,1173,1160
2022-07-03,2호선,삼성,25839,25033
2022-07-03,2호선,종합운동장,21023,23317
2022-07-03,2호선,잠실새내,12952,13337
2022-07-03,2호선,잠실,55185,52108
2022-07-03,2호선,잠실나루,5829,5746
2022-07-03,2호선,강변,24902,23043
2022-07-03,2호선,구의,11486,11457
2022-07-03,2호선,건대입구,26352,28436
2022-07-03,2호선,성수,15568,17496
2022-07-03,2호선,뚝섬,10244,10445
2022-07-03,2호선,한양대,2574,2894
2022-07-03,2호선,왕십리,9877,8946
2022-07-03,2호선,상왕십리,7342,7160
2022-07-03,2호선,신당,8271,8649
2022-07-03,2호선,동대문역사문화공원,8077,9810
2022-07-03,2호선,을지로4가,3979,3743
2022-07-03,2호선,을지로3가,9626,9272
2022-07-03,2호선,을지로입구,17595,16838
2022-07-03,2호선,시청,6541,5309
2022-07-04,2호선,신설동,3455,3370
2022-07-04,2호선,도림천,1547,1639
2022-07-04,2호선,신답,1800,2058
2022-07-04,2호선,충정로,10571,11264
2022-07-04,2호선,아현,10959,10462
2022-07-04,2호선,이대,14511,15782
2022-07-04,2호선,신촌,37245,37850
2022-07-04,2호선,홍대입구,57319,59963
2022-07-04,2호선,합정,31033,32842
2022-07-04,2호선,당산,18513,22320
2022-07-04,2호선,영등포구청,23252,24178
2022-07-04,2호선,문래,23352,23904
2022-07-04,2호선,신도림,49103,48079
2022-07-04,2호선,대림,25035,25471
2022-07-04,2호선,구로디지털단지,62902,62896
2022-07-04,2호선,신대방,26254,25675
2022-07-04,2호선,신림,59693,57418
2022-07-04,2호선,봉천,25331,23676
2022-07-04,2호선,서울대입구,48485,48332
2022-07-04,2호선,낙성대,28516,27875
2022-07-04,2호선,사당,39060,42229
2022-07-04,2호선,방배,16988,17681
2022-07-04,2호선,서초,23522,22471
2022-07-04,2호선,교대,35882,40535
2022-07-04,2호선,강남,89871,86832
2022-07-04,2호선,역삼,58550,65646
2022-07-04,2호선,선릉,63363,55409
2022-07-04,2호선,삼성,55874,56787
2022-07-04,2호선,종합운동장,7478,7958
2022-07-04,2호선,잠실새내,22420,22257
2022-07-04,2호선,잠실,72101,72182
2022-07-04,2호선,잠실나루,15580,15099
2022-07-04,2호선,강변,32920,30893
2022-07-04,2호선,구의,24521,24202
2022-07-04,2호선,건대입구,34634,37249
2022-07-04,2호선,성수,39636,42847
2022-07-04,2호선,뚝섬,22988,24737
2022-07-04,2호선,한양대,9530,10261
2022-07-04,2호선,왕십리,16691,13731
2022-07-04,2호선,상왕십리,14994,14620
2022-07-04,2호선,신당,14389,14737
2022-07-04,2호선,동대문역사문화공원,12515,14401
2022-07-04,2호선,을지로4가,13716,13299
2022-07-04,2호선,을지로3가,24607,24920
2022-07-04,2호선,을지로입구,43825,43803
2022-07-04,2호선,시청,24829,24287
2022-07-04,2호선,용두,2453,2520
2022-07-04,2호선,용답,2890,2779
2022-07-04,2호선,신정네거리,11253,11455
2022-07-04,2호선,양천구청,7403,7617
2022-07-05,2호선,용답,2879,2770
2022-07-05,2호선,시청,26095,25565
2022-07-05,2호선,을지로입구,44312,46118
2022-07-05,2호선,을지로3가,25312,25413
2022-07-05,2호선,을지로4가,14147,13755
2022-07-05,2호선,동대문역사문화공원,12918,14922
2022-07-05,2호선,신당,14644,14948
2022-07-05,2호선,상왕십리,15225,14772
2022-07-05,2호선,왕십리,17302,14521
2022-07-05,2호선,한양대,9617,10281
2022-07-05,2호선,뚝섬,24198,26002
2022-07-05,2호선,성수,40467,44001
2022-07-05,2호선,건대입구,36458,39423
2022-07-05,2호선,구의,25043,24406
2022-07-05,2호선,강변,31864,29985
2022-07-05,2호선,잠실나루,16142,15776
2022-07-05,2호선,잠실,76494,76186
2022-07-05,2호선,잠실새내,23210,23300
2022-07-05,2호선,종합운동장,10449,11363
2022-07-05,2호선,삼성,59231,60016
2022-07-05,2호선,선릉,65167,57215
2022-07-05,2호선,역삼,59799,67446
2022-07-05,2호선,강남,93187,90242
2022-07-05,2호선,교대,37354,41982
2022-07-05,2호선,서초,23816,23119
2022-07-05,2호선,방배,17528,18314
2022-07-05,2호선,사당,40293,44018
2022-07-05,2호선,낙성대,29185,28471
2022-07-05,2호선,서울대입구,48740,48192
2022-07-05,2호선,봉천,25709,23869
2022-07-05,2호선,신림,61163,58907
2022-07-05,2호선,신대방,26672,26314
2022-07-05,2호선,구로디지털단지,63655,63921
2022-07-05,2호선,대림,24890,25568
2022-07-05,2호선,신도림,50477,50278
2022-07-05,2호선,문래,24222,24671
2022-07-05,2호선,영등포구청,23742,24434
2022-07-05,2호선,당산,18709,22391
2022-07-05,2호선,합정,32504,34415
2022-07-05,2호선,홍대입구,61323,64639
2022-07-05,2호선,신촌,37551,38503
2022-07-05,2호선,이대,14587,15602
2022-07-05,2호선,아현,11459,10896
2022-07-05,2호선,충정로,10821,11440
2022-07-05,2호선,신답,1822,2104
2022-07-05,2호선,신설동,3401,3343
2022-07-05,2호선,도림천,1595,1653
2022-07-05,2호선,양천구청,7470,7575
2022-07-05,2호선,신정네거리,11011,11285
2022-07-05,2호선,용두,2475,2521
2022-07-06,2호선,용두,2543,2555
2022-07-06,2호선,신정네거리,11115,11313
2022-07-06,2호선,양천구청,7434,7718
2022-07-06,2호선,도림천,1569,1696
2022-07-06,2호선,신설동,3648,3529
2022-07-06,2호선,신답,1880,2099
2022-07-06,2호선,용답,2906,2882
2022-07-06,2호선,충정로,10854,11605
2022-07-06,2호선,아현,11415,10991
2022-07-06,2호선,이대,14583,15859
2022-07-06,2호선,신촌,38679,39151
2022-07-06,2호선,홍대입구,60389,63726
2022-07-06,2호선,합정,32862,34780
2022-07-06,2호선,당산,19240,23173
2022-07-06,2호선,영등포구청,23820,24497
2022-07-06,2호선,문래,24296,24839
2022-07-06,2호선,신도림,51477,51277
2022-07-06,2호선,대림,25172,25391
2022-07-06,2호선,구로디지털단지,63973,63911
2022-07-06,2호선,신대방,26919,26166
2022-07-06,2호선,신림,62114,59505
2022-07-06,2호선,봉천,25786,23999
2022-07-06,2호선,서울대입구,50368,49515
2022-07-06,2호선,낙성대,29549,28736
2022-07-06,2호선,사당,40764,44204
2022-07-06,2호선,서초,24041,23688
2022-07-06,2호선,교대,37570,42103
2022-07-06,2호선,강남,92530,88839
2022-07-06,2호선,역삼,59789,66657
2022-07-06,2호선,선릉,64309,56926
2022-07-06,2호선,삼성,59678,60253
2022-07-06,2호선,종합운동장,9800,10679
2022-07-06,2호선,잠실새내,23851,23830
2022-07-06,2호선,잠실,77267,77003
2022-07-06,2호선,잠실나루,16096,15643
2022-07-06,2호선,강변,31552,29577
2022-07-06,2호선,구의,25072,24698
2022-07-06,2호선,건대입구,36677,39087
2022-07-06,2호선,뚝섬,24143,25853
2022-07-06,2호선,한양대,9775,10404
2022-07-06,2호선,왕십리,17570,14471
2022-07-06,2호선,상왕십리,15301,14940
2022-07-06,2호선,신당,14864,15194
2022-07-06,2호선,동대문역사문화공원,13300,15721
2022-07-06,2호선,을지로4가,14113,14027
2022-07-06,2호선,을지로3가,26153,25795
2022-07-06,2호선,을지로입구,45010,46702
2022-07-06,2호선,시청,26765,25701
2022-07-06,2호선,방배,17525,18349
2022-07-06,2호선,성수,41013,44104
2022-07-07,2호선,용두,2553,2486
2022-07-07,2호선,신정네거리,10777,11031
2022-07-07,2호선,양천구청,7206,7417
2022-07-07,2호선,도림천,1514,1605
2022-07-07,2호선,신설동,3504,3371
2022-07-07,2호선,신답,1746,2006
2022-07-07,2호선,용답,2834,2803
2022-07-07,2호선,충정로,10571,11485
2022-07-07,2호선,아현,11225,10560
2022-07-07,2호선,이대,14532,15548
2022-07-07,2호선,신촌,37736,37996
2022-07-07,2호선,홍대입구,57800,61692
2022-07-07,2호선,합정,32596,34642
2022-07-07,2호선,당산,18641,22271
2022-07-07,2호선,영등포구청,23098,23798
2022-07-07,2호선,문래,23739,24289
2022-07-07,2호선,신도림,49706,49029
2022-07-07,2호선,대림,24601,24900
2022-07-07,2호선,구로디지털단지,62629,62515
2022-07-07,2호선,신대방,26331,25657
2022-07-07,2호선,신림,60417,58107
2022-07-07,2호선,봉천,24944,23435
2022-07-07,2호선,서울대입구,49047,47611
2022-07-07,2호선,낙성대,28873,27944
2022-07-07,2호선,사당,39889,43707
2022-07-07,2호선,방배,17411,18064
2022-07-07,2호선,서초,23311,22530
2022-07-07,2호선,교대,37194,42219
2022-07-07,2호선,강남,90644,87987
2022-07-07,2호선,역삼,58427,65410
2022-07-07,2호선,선릉,64044,56251
2022-07-07,2호선,삼성,65582,65921
2022-07-07,2호선,종합운동장,9757,10418
2022-07-07,2호선,잠실새내,22843,22624
2022-07-07,2호선,잠실,75632,75760
2022-07-07,2호선,잠실나루,15605,15077
2022-07-07,2호선,강변,31332,29607
2022-07-07,2호선,구의,24561,24397
2022-07-07,2호선,건대입구,35261,37796
2022-07-07,2호선,성수,39878,43159
2022-07-07,2호선,뚝섬,23691,25426
2022-07-07,2호선,한양대,9656,10365
2022-07-07,2호선,왕십리,16993,14189
2022-07-07,2호선,상왕십리,15226,14951
2022-07-07,2호선,신당,14358,14761
2022-07-07,2호선,동대문역사문화공원,13063,14857
2022-07-07,2호선,을지로4가,13794,13622
2022-07-07,2호선,을지로3가,25293,25210
2022-07-07,2호선,을지로입구,44253,45855
2022-07-07,2호선,시청,26461,25692
2022-07-08,2호선,용두,2581,2559
2022-07-08,2호선,신정네거리,11011,11357
2022-07-08,2호선,양천구청,7437,7469
2022-07-08,2호선,도림천,1546,1612
2022-07-08,2호선,신설동,3886,3874
2022-07-08,2호선,신답,1806,1938
2022-07-08,2호선,용답,3018,2774
2022-07-08,2호선,충정로,10572,11160
2022-07-08,2호선,아현,11744,10844
2022-07-08,2호선,이대,14522,14774
2022-07-08,2호선,신촌,39267,39752
2022-07-08,2호선,홍대입구,64588,72684
2022-07-08,2호선,합정,34727,38908
2022-07-08,2호선,당산,19451,22998
2022-07-08,2호선,영등포구청,23499,24379
2022-07-08,2호선,신도림,52426,52173
2022-07-08,2호선,대림,25388,25957
2022-07-08,2호선,구로디지털단지,64495,64085
2022-07-08,2호선,신대방,27488,26254
2022-07-08,2호선,신림,63732,61459
2022-07-08,2호선,봉천,26036,23204
2022-07-08,2호선,서울대입구,51707,49630
2022-07-08,2호선,낙성대,30471,28015
2022-07-08,2호선,사당,43860,48382
2022-07-08,2호선,방배,17509,18283
2022-07-08,2호선,서초,23439,22373
2022-07-08,2호선,교대,37640,43016
2022-07-08,2호선,강남,96077,95228
2022-07-08,2호선,역삼,55656,63239
2022-07-08,2호선,선릉,62845,55373
2022-07-08,2호선,삼성,65316,65835
2022-07-08,2호선,종합운동장,13352,14616
2022-07-08,2호선,잠실새내,24367,24923
2022-07-08,2호선,잠실,81182,81096
2022-07-08,2호선,잠실나루,16068,15282
2022-07-08,2호선,강변,35438,35148
2022-07-08,2호선,구의,25392,24725
2022-07-08,2호선,건대입구,38776,43392
2022-07-08,2호선,성수,40474,44913
2022-07-08,2호선,뚝섬,24458,26195
2022-07-08,2호선,한양대,9161,9666
2022-07-08,2호선,왕십리,18021,15515
2022-07-08,2호선,상왕십리,15531,14900
2022-07-08,2호선,신당,15134,15368
2022-07-08,2호선,동대문역사문화공원,13811,15189
2022-07-08,2호선,을지로4가,13817,13887
2022-07-08,2호선,을지로3가,25492,26494
2022-07-08,2호선,을지로입구,44742,46530
2022-07-08,2호선,시청,25522,25145
2022-07-08,2호선,문래,24072,24922
2022-07-09,2호선,용두,1791,1671
2022-07-09,2호선,신정네거리,8194,8116
2022-07-09,2호선,양천구청,4780,4615
2022-07-09,2호선,도림천,853,809
2022-07-09,2호선,신설동,3456,3358
2022-07-09,2호선,신답,1104,1154
2022-07-09,2호선,용답,2244,2007
2022-07-09,2호선,충정로,5835,6062
2022-07-09,2호선,아현,7862,7142
2022-07-09,2호선,이대,10733,10954
2022-07-09,2호선,신촌,33758,34451
2022-07-09,2호선,홍대입구,73994,83089
2022-07-09,2호선,합정,29136,33589
2022-07-09,2호선,당산,12679,13594
2022-07-09,2호선,영등포구청,12710,13192
2022-07-09,2호선,문래,13490,14609
2022-07-09,2호선,신도림,41420,42037
2022-07-09,2호선,대림,18634,19416
2022-07-09,2호선,구로디지털단지,36307,35114
2022-07-09,2호선,신대방,20623,19270
2022-07-09,2호선,신림,49999,47700
2022-07-09,2호선,봉천,18563,16449
2022-07-09,2호선,서울대입구,39005,36886
2022-07-09,2호선,낙성대,22801,20606
2022-07-09,2호선,사당,36051,40814
2022-07-09,2호선,방배,10400,10641
2022-07-09,2호선,서초,12306,9873
2022-07-09,2호선,교대,18757,21480
2022-07-09,2호선,강남,63995,64281
2022-07-09,2호선,역삼,19035,20596
2022-07-09,2호선,선릉,26566,23181
2022-07-09,2호선,삼성,43193,42350
2022-07-09,2호선,종합운동장,14476,16087
2022-07-09,2호선,잠실새내,18905,19710
2022-07-09,2호선,잠실,74778,72054
2022-07-09,2호선,잠실나루,7844,7522
2022-07-09,2호선,강변,30479,30717
2022-07-09,2호선,구의,17246,16390
2022-07-09,2호선,건대입구,36051,40578
2022-07-09,2호선,성수,22054,25522
2022-07-09,2호선,뚝섬,14725,14964
2022-07-09,2호선,한양대,4461,4573
2022-07-09,2호선,왕십리,13957,12393
2022-07-09,2호선,상왕십리,10300,9409
2022-07-09,2호선,신당,11463,11622
2022-07-09,2호선,동대문역사문화공원,11282,13037
2022-07-09,2호선,을지로4가,7644,7797
2022-07-09,2호선,을지로3가,11839,12351
2022-07-09,2호선,을지로입구,24099,24656
2022-07-09,2호선,시청,10136,8999
2022-07-10,2호선,용두,1092,1064
2022-07-10,2호선,신정네거리,5570,5562
2022-07-10,2호선,양천구청,3336,3517
2022-07-10,2호선,도림천,506,467
2022-07-10,2호선,신설동,3129,3030
2022-07-10,2호선,신답,769,833
2022-07-10,2호선,용답,1764,1650
2022-07-10,2호선,충정로,3812,4113
2022-07-10,2호선,아현,5519,5448
2022-07-10,2호선,이대,7314,8047
2022-07-10,2호선,신촌,25382,24808
2022-07-10,2호선,홍대입구,58059,57719
2022-07-10,2호선,합정,21751,23608
2022-07-10,2호선,당산,8453,9285
2022-07-10,2호선,영등포구청,7673,7975
2022-07-10,2호선,문래,7409,7854
2022-07-10,2호선,신도림,28877,29650
2022-07-10,2호선,대림,15859,16131
2022-07-10,2호선,구로디지털단지,25222,24884
2022-07-10,2호선,신대방,15752,15314
2022-07-10,2호선,신림,37495,36828
2022-07-10,2호선,봉천,13299,12668
2022-07-10,2호선,서울대입구,27091,28154
2022-07-10,2호선,낙성대,16671,17351
2022-07-10,2호선,사당,24676,26737
2022-07-10,2호선,방배,7215,7774
2022-07-10,2호선,서초,13277,11846
2022-07-10,2호선,교대,11303,12523
2022-07-10,2호선,강남,37133,35597
2022-07-10,2호선,역삼,11554,12726
2022-07-10,2호선,선릉,14125,12292
2022-07-10,2호선,삼성,32636,31402
2022-07-10,2호선,종합운동장,9814,10937
2022-07-10,2호선,잠실새내,12386,12958
2022-07-10,2호선,잠실,53991,50798
2022-07-10,2호선,잠실나루,5677,5788
2022-07-10,2호선,강변,25106,23256
2022-07-10,2호선,구의,11818,11765
2022-07-10,2호선,건대입구,27328,29135
2022-07-10,2호선,성수,15562,16957
2022-07-10,2호선,뚝섬,10459,10789
2022-07-10,2호선,한양대,2589,2901
2022-07-10,2호선,왕십리,10078,8855
2022-07-10,2호선,상왕십리,7395,7366
2022-07-10,2호선,신당,8116,8365
2022-07-10,2호선,동대문역사문화공원,8492,10378
2022-07-10,2호선,을지로4가,4000,3825
2022-07-10,2호선,을지로3가,9154,8849
2022-07-10,2호선,을지로입구,17556,16931
2022-07-10,2호선,시청,6970,5670
2022-07-11,2호선,용두,2447,2444
2022-07-11,2호선,신정네거리,10617,10838
2022-07-11,2호선,양천구청,7192,7433
2022-07-11,2호선,도림천,1560,1647
2022-07-11,2호선,신설동,3424,3404
2022-07-11,2호선,신답,1731,2045
2022-07-11,2호선,충정로,10499,11039
2022-07-11,2호선,아현,10646,10049
2022-07-11,2호선,이대,14108,15210
2022-07-11,2호선,신촌,35558,36324
2022-07-11,2호선,홍대입구,55597,58626
2022-07-11,2호선,합정,30293,32171
2022-07-11,2호선,당산,18173,21867
2022-07-11,2호선,영등포구청,23356,24115
2022-07-11,2호선,문래,22982,23807
2022-07-11,2호선,신도림,47048,45907
2022-07-11,2호선,대림,24706,25189
2022-07-11,2호선,구로디지털단지,62259,62572
2022-07-11,2호선,신대방,25895,25113
2022-07-11,2호선,신림,58717,56574
2022-07-11,2호선,봉천,24498,23170
2022-07-11,2호선,서울대입구,47782,47363
2022-07-11,2호선,낙성대,28025,27491
2022-07-11,2호선,사당,36446,38424
2022-07-11,2호선,방배,16705,17448
2022-07-11,2호선,서초,23370,22336
2022-07-11,2호선,교대,35835,40830
2022-07-11,2호선,강남,88595,85799
2022-07-11,2호선,역삼,58423,65302
2022-07-11,2호선,선릉,62105,54965
2022-07-11,2호선,삼성,52666,53470
2022-07-11,2호선,종합운동장,7337,8158
2022-07-11,2호선,잠실새내,22079,21929
2022-07-11,2호선,잠실,70266,70799
2022-07-11,2호선,잠실나루,15429,15187
2022-07-11,2호선,강변,32278,30194
2022-07-11,2호선,구의,23953,23822
2022-07-11,2호선,건대입구,33908,36428
2022-07-11,2호선,성수,38361,41393
2022-07-11,2호선,뚝섬,22419,24238
2022-07-11,2호선,시청,24418,23784
2022-07-11,2호선,을지로입구,39390,40792
2022-07-11,2호선,을지로3가,24052,24503
2022-07-11,2호선,을지로4가,13350,13574
2022-07-11,2호선,동대문역사문화공원,12387,14354
2022-07-11,2호선,신당,13974,14273
2022-07-11,2호선,상왕십리,14733,14388
2022-07-11,2호선,왕십리,16082,13328
2022-07-11,2호선,한양대,9191,9871
2022-07-11,2호선,용답,2883,2765
2022-07-12,2호선,용두,2537,2548
2022-07-12,2호선,신정네거리,11112,11269
2022-07-12,2호선,양천구청,7286,7665
2022-07-12,2호선,도림천,1577,1683
2022-07-12,2호선,신설동,3352,3357
2022-07-12,2호선,신답,1791,2009
2022-07-12,2호선,용답,2911,2747
2022-07-12,2호선,충정로,10534,11392
2022-07-12,2호선,아현,11406,10671
2022-07-12,2호선,이대,14464,15407
2022-07-12,2호선,신촌,37244,37685
2022-07-12,2호선,홍대입구,59262,62630
2022-07-12,2호선,합정,32484,34615
2022-07-12,2호선,당산,19408,22991
2022-07-12,2호선,영등포구청,24138,24644
2022-07-12,2호선,문래,24276,24747
2022-07-12,2호선,신도림,49691,49155
2022-07-12,2호선,대림,25050,25747
2022-07-12,2호선,구로디지털단지,64089,64462
2022-07-12,2호선,신대방,26862,26027
2022-07-12,2호선,신림,60760,58497
2022-07-12,2호선,봉천,25309,23635
2022-07-12,2호선,서울대입구,48892,48125
2022-07-12,2호선,낙성대,29247,28737
2022-07-12,2호선,사당,40571,43449
2022-07-12,2호선,방배,17623,18608
2022-07-12,2호선,서초,23907,23173
2022-07-12,2호선,교대,37653,42704
2022-07-12,2호선,강남,92818,89754
2022-07-12,2호선,역삼,59774,67706
2022-07-12,2호선,선릉,64965,57556
2022-07-12,2호선,삼성,57573,58602
2022-07-12,2호선,종합운동장,15548,16734
2022-07-12,2호선,잠실새내,23245,23342
2022-07-12,2호선,잠실,76380,75782
2022-07-12,2호선,잠실나루,15875,15578
2022-07-12,2호선,강변,31622,29845
2022-07-12,2호선,구의,25130,24651
2022-07-12,2호선,건대입구,35740,38632
2022-07-12,2호선,성수,40623,44196
2022-07-12,2호선,뚝섬,24154,26159
2022-07-12,2호선,한양대,9093,9844
2022-07-12,2호선,왕십리,16931,13992
2022-07-12,2호선,상왕십리,15278,15065
2022-07-12,2호선,신당,14785,15158
2022-07-12,2호선,동대문역사문화공원,13052,14774
2022-07-12,2호선,을지로4가,14292,14238
2022-07-12,2호선,을지로3가,25189,25182
2022-07-12,2호선,을지로입구,45266,46953
2022-07-12,2호선,시청,25987,25653
2022-07-13,2호선,시청,26336,24523
2022-07-13,2호선,을지로입구,43822,44698
2022-07-13,2호선,을지로3가,25286,24691
2022-07-13,2호선,을지로4가,13266,12983
2022-07-13,2호선,동대문역사문화공원,12237,13886
2022-07-13,2호선,신당,13598,14007
2022-07-13,2호선,상왕십리,14958,14751
2022-07-13,2호선,왕십리,16680,13785
2022-07-13,2호선,한양대,8975,9306
2022-07-13,2호선,뚝섬,22929,24556
2022-07-13,2호선,성수,39422,41952
2022-07-13,2호선,건대입구,32402,34760
2022-07-13,2호선,구의,23687,23571
2022-07-13,2호선,강변,30041,27925
2022-07-13,2호선,잠실나루,14717,14516
2022-07-13,2호선,잠실,71534,71272
2022-07-13,2호선,잠실새내,21592,21707
2022-07-13,2호선,종합운동장,7967,8275
2022-07-13,2호선,삼성,60648,60019
2022-07-13,2호선,선릉,61391,54220
2022-07-13,2호선,역삼,60531,65249
2022-07-13,2호선,강남,86916,83856
2022-07-13,2호선,교대,35473,40447
2022-07-13,2호선,서초,23228,22279
2022-07-13,2호선,방배,16832,17546
2022-07-13,2호선,사당,37016,39980
2022-07-13,2호선,낙성대,27979,27198
2022-07-13,2호선,서울대입구,45988,45057
2022-07-13,2호선,봉천,23654,22207
2022-07-13,2호선,신림,57160,54823
2022-07-13,2호선,신대방,25021,24833
2022-07-13,2호선,구로디지털단지,60096,60622
2022-07-13,2호선,대림,23160,23580
2022-07-13,2호선,신도림,47835,47346
2022-07-13,2호선,문래,22591,23147
2022-07-13,2호선,영등포구청,22676,23243
2022-07-13,2호선,당산,17326,20880
2022-07-13,2호선,합정,31217,33966
2022-07-13,2호선,홍대입구,53885,57208
2022-07-13,2호선,신촌,35425,36328
2022-07-13,2호선,이대,13815,14745
2022-07-13,2호선,아현,10515,10216
2022-07-13,2호선,충정로,10852,11456
2022-07-13,2호선,용답,2800,2761
2022-07-13,2호선,신답,1734,2122
2022-07-13,2호선,신설동,3786,3418
2022-07-13,2호선,도림천,1612,1713
2022-07-13,2호선,양천구청,6885,7271
2022-07-13,2호선,신정네거리,10360,10861
2022-07-13,2호선,용두,2338,2335
2022-07-14,2호선,시청,26040,25449
2022-07-14,2호선,을지로입구,45508,47233
2022-07-14,2호선,을지로3가,25465,26070
2022-07-14,2호선,을지로4가,14380,14534
2022-07-14,2호선,동대문역사문화공원,13800,15829
2022-07-14,2호선,신당,14771,15207
2022-07-14,2호선,상왕십리,15604,15009
2022-07-14,2호선,왕십리,17342,14461
2022-07-14,2호선,한양대,8438,9007
2022-07-14,2호선,뚝섬,24191,26466
2022-07-14,2호선,성수,40760,45075
2022-07-14,2호선,건대입구,36418,39421
2022-07-14,2호선,구의,25074,24409
2022-07-14,2호선,강변,32288,30976
2022-07-14,2호선,잠실나루,16487,15968
2022-07-14,2호선,잠실,79505,79184
2022-07-14,2호선,잠실새내,23125,23281
2022-07-14,2호선,종합운동장,16324,17911
2022-07-14,2호선,삼성,60676,61984
2022-07-14,2호선,선릉,63845,56912
2022-07-14,2호선,역삼,58862,67119
2022-07-14,2호선,강남,92282,89389
2022-07-14,2호선,교대,37749,43022
2022-07-14,2호선,서초,23234,22759
2022-07-14,2호선,방배,17203,18172
2022-07-14,2호선,사당,40900,44759
2022-07-14,2호선,낙성대,29412,28118
2022-07-14,2호선,서울대입구,49447,48226
2022-07-14,2호선,봉천,25522,23623
2022-07-14,2호선,신림,61720,59018
2022-07-14,2호선,신대방,26943,25985
2022-07-14,2호선,구로디지털단지,64376,64122
2022-07-14,2호선,대림,25072,25461
2022-07-14,2호선,신도림,51394,51035
2022-07-14,2호선,문래,23699,24312
2022-07-14,2호선,영등포구청,23547,24356
2022-07-14,2호선,당산,19482,22895
2022-07-14,2호선,합정,33235,35876
2022-07-14,2호선,홍대입구,62051,66401
2022-07-14,2호선,신촌,37922,38084
2022-07-14,2호선,이대,14835,15659
2022-07-14,2호선,아현,11299,10471
2022-07-14,2호선,충정로,10684,11289
2022-07-14,2호선,용답,2937,2786
2022-07-14,2호선,신답,1862,2047
2022-07-14,2호선,신설동,3478,3405
2022-07-14,2호선,도림천,1549,1651
2022-07-14,2호선,양천구청,7461,7584
2022-07-14,2호선,신정네거리,11086,11393
2022-07-14,2호선,용두,2629,2637
2022-07-15,2호선,시청,26014,25294
2022-07-15,2호선,을지로입구,45184,46738
2022-07-15,2호선,을지로3가,25968,26921
2022-07-15,2호선,을지로4가,14673,14671
2022-07-15,2호선,동대문역사문화공원,14449,15661
2022-07-15,2호선,신당,15462,15585
2022-07-15,2호선,상왕십리,16039,15343
2022-07-15,2호선,왕십리,18397,15788
2022-07-15,2호선,한양대,8080,8456
2022-07-15,2호선,뚝섬,24672,26313
2022-07-15,2호선,성수,41537,46133
2022-07-15,2호선,건대입구,39657,44757
2022-07-15,2호선,구의,25768,25234
2022-07-15,2호선,강변,36447,35829
2022-07-15,2호선,잠실나루,16166,15408
2022-07-15,2호선,잠실,85892,85901
2022-07-15,2호선,잠실새내,25888,27302
2022-07-15,2호선,종합운동장,30329,35950
2022-07-15,2호선,삼성,63235,62785
2022-07-15,2호선,선릉,64538,56470
2022-07-15,2호선,역삼,57203,64441
2022-07-15,2호선,강남,96795,96558
2022-07-15,2호선,교대,38523,43802
2022-07-15,2호선,서초,24048,22540
2022-07-15,2호선,방배,17535,17840
2022-07-15,2호선,사당,43771,48238
2022-07-15,2호선,낙성대,30748,28544
2022-07-15,2호선,서울대입구,52348,49888
2022-07-15,2호선,봉천,26188,23809
2022-07-15,2호선,신림,64275,60890
2022-07-15,2호선,신대방,27672,26372
2022-07-15,2호선,구로디지털단지,64397,64229
2022-07-15,2호선,대림,25438,26029
2022-07-15,2호선,신도림,52547,52611
2022-07-15,2호선,문래,25149,26119
2022-07-15,2호선,영등포구청,23834,24589
2022-07-15,2호선,당산,19878,23256
2022-07-15,2호선,합정,35126,39262
2022-07-15,2호선,홍대입구,67085,75557
2022-07-15,2호선,신촌,39616,40553
2022-07-15,2호선,이대,15027,15342
2022-07-15,2호선,아현,11675,10929
2022-07-15,2호선,충정로,10676,11277
2022-07-15,2호선,신답,1935,2083
2022-07-15,2호선,신설동,3975,3930
2022-07-15,2호선,용답,3097,2846
2022-07-15,2호선,도림천,1517,1604
2022-07-15,2호선,양천구청,7521,7725
2022-07-15,2호선,신정네거리,11348,11615
2022-07-15,2호선,용두,2782,2744
2022-07-16,2호선,용두,1860,1793
2022-07-16,2호선,신정네거리,7969,7812
2022-07-16,2호선,양천구청,4623,4596
2022-07-16,2호선,도림천,829,764
2022-07-16,2호선,신설동,3514,3344
2022-07-16,2호선,신답,1092,1124
2022-07-16,2호선,용답,2188,2036
2022-07-16,2호선,충정로,6152,6158
2022-07-16,2호선,아현,8197,7518
2022-07-16,2호선,이대,11172,11474
2022-07-16,2호선,신촌,33421,34179
2022-07-16,2호선,홍대입구,71624,81710
2022-07-16,2호선,합정,28898,33582
2022-07-16,2호선,당산,13024,13979
2022-07-16,2호선,영등포구청,12431,12887
2022-07-16,2호선,문래,13258,14184
2022-07-16,2호선,신도림,39698,40404
2022-07-16,2호선,대림,18720,19823
2022-07-16,2호선,구로디지털단지,35876,34687
2022-07-16,2호선,신대방,20489,19356
2022-07-16,2호선,신림,50242,47444
2022-07-16,2호선,봉천,18676,16555
2022-07-16,2호선,서울대입구,38713,37310
2022-07-16,2호선,낙성대,22511,20592
2022-07-16,2호선,사당,34062,38903
2022-07-16,2호선,방배,10020,10187
2022-07-16,2호선,서초,12747,10707
2022-07-16,2호선,교대,18941,21343
2022-07-16,2호선,강남,62348,62448
2022-07-16,2호선,역삼,18880,20764
2022-07-16,2호선,선릉,26015,23169
2022-07-16,2호선,삼성,36882,36089
2022-07-16,2호선,종합운동장,39703,45635
2022-07-16,2호선,잠실새내,18892,20899
2022-07-16,2호선,잠실,72338,68774
2022-07-16,2호선,잠실나루,7787,7679
2022-07-16,2호선,강변,29477,28845
2022-07-16,2호선,구의,16887,16455
2022-07-16,2호선,건대입구,34521,38682
2022-07-16,2호선,성수,22101,25234
2022-07-16,2호선,뚝섬,14226,14318
2022-07-16,2호선,한양대,4009,4185
2022-07-16,2호선,왕십리,13549,11920
2022-07-16,2호선,상왕십리,10074,9307
2022-07-16,2호선,신당,11022,11508
2022-07-16,2호선,동대문역사문화공원,11374,13292
2022-07-16,2호선,을지로4가,7713,7883
2022-07-16,2호선,을지로3가,13328,12818
2022-07-16,2호선,을지로입구,28396,25978
2022-07-16,2호선,시청,21679,19706
2022-07-17,2호선,시청,6951,5847
2022-07-17,2호선,을지로입구,17580,16816
2022-07-17,2호선,을지로3가,9416,9044
2022-07-17,2호선,을지로4가,3974,3852
2022-07-17,2호선,동대문역사문화공원,9213,10939
2022-07-17,2호선,신당,8474,8829
2022-07-17,2호선,상왕십리,7085,6938
2022-07-17,2호선,왕십리,9796,8849
2022-07-17,2호선,한양대,2528,2893
2022-07-17,2호선,뚝섬,10640,10925
2022-07-17,2호선,성수,16789,19024
2022-07-17,2호선,건대입구,27360,28943
2022-07-17,2호선,구의,11763,11786
2022-07-17,2호선,강변,24989,23649
2022-07-17,2호선,잠실나루,5447,5465
2022-07-17,2호선,잠실,53368,50250
2022-07-17,2호선,잠실새내,12567,14128
2022-07-17,2호선,종합운동장,24090,27103
2022-07-17,2호선,삼성,27176,26419
2022-07-17,2호선,선릉,14201,12227
2022-07-17,2호선,역삼,11477,12551
2022-07-17,2호선,강남,36539,35375
2022-07-17,2호선,교대,11315,12469
2022-07-17,2호선,서초,12678,11660
2022-07-17,2호선,방배,7071,7550
2022-07-17,2호선,사당,23580,25566
2022-07-17,2호선,낙성대,16536,16869
2022-07-17,2호선,서울대입구,27054,28315
2022-07-17,2호선,봉천,12900,12382
2022-07-17,2호선,신림,37883,37019
2022-07-17,2호선,신대방,15942,15581
2022-07-17,2호선,구로디지털단지,24941,24776
2022-07-17,2호선,대림,16126,16383
2022-07-17,2호선,신도림,27736,28519
2022-07-17,2호선,문래,8480,9020
2022-07-17,2호선,영등포구청,8061,8679
2022-07-17,2호선,당산,8851,9429
2022-07-17,2호선,합정,21938,23555
2022-07-17,2호선,홍대입구,57772,57504
2022-07-17,2호선,신촌,24178,23632
2022-07-17,2호선,이대,7419,8070
2022-07-17,2호선,아현,5404,5300
2022-07-17,2호선,충정로,3824,4224
2022-07-17,2호선,용답,1837,1769
2022-07-17,2호선,신답,853,857
2022-07-17,2호선,신설동,3224,3257
2022-07-17,2호선,도림천,476,475
2022-07-17,2호선,양천구청,3350,3460
2022-07-17,2호선,신정네거리,5524,5495
2022-07-17,2호선,용두,1197,1201
2022-07-18,2호선,용두,2437,2448
2022-07-18,2호선,신정네거리,10565,10872
2022-07-18,2호선,양천구청,7169,7483
2022-07-18,2호선,도림천,1543,1652
2022-07-18,2호선,신설동,3484,3425
2022-07-18,2호선,신답,1787,2063
2022-07-18,2호선,용답,2805,2730
2022-07-18,2호선,충정로,10181,10782
2022-07-18,2호선,아현,10621,9968
2022-07-18,2호선,이대,13904,15066
2022-07-18,2호선,신촌,34962,35357
2022-07-18,2호선,홍대입구,56500,59738
2022-07-18,2호선,합정,30336,32394
2022-07-18,2호선,당산,18128,21768
2022-07-18,2호선,영등포구청,23113,23881
2022-07-18,2호선,문래,22804,23441
2022-07-18,2호선,신도림,47897,47263
2022-07-18,2호선,대림,24505,25005
2022-07-18,2호선,구로디지털단지,61230,61410
2022-07-18,2호선,신대방,25895,25115
2022-07-18,2호선,신림,58660,56094
2022-07-18,2호선,봉천,24797,23061
2022-07-18,2호선,서울대입구,47440,47157
2022-07-18,2호선,낙성대,27953,27696
2022-07-18,2호선,사당,37449,40960
2022-07-18,2호선,방배,16448,17041
2022-07-18,2호선,서초,22786,22145
2022-07-18,2호선,교대,35954,40824
2022-07-18,2호선,강남,87595,84835
2022-07-18,2호선,역삼,56465,63763
2022-07-18,2호선,선릉,62226,54974
2022-07-18,2호선,삼성,55023,55501
2022-07-18,2호선,종합운동장,7357,8255
2022-07-18,2호선,잠실새내,22230,21943
2022-07-18,2호선,잠실,69223,69472
2022-07-18,2호선,잠실나루,15334,14845
2022-07-18,2호선,강변,32086,30767
2022-07-18,2호선,구의,24145,23770
2022-07-18,2호선,건대입구,33963,36779
2022-07-18,2호선,성수,39993,43319
2022-07-18,2호선,뚝섬,22668,24821
2022-07-18,2호선,한양대,7832,8456
2022-07-18,2호선,왕십리,15851,13458
2022-07-18,2호선,상왕십리,14721,14349
2022-07-18,2호선,신당,14386,14580
2022-07-18,2호선,동대문역사문화공원,12998,14625
2022-07-18,2호선,을지로4가,13836,13878
2022-07-18,2호선,을지로3가,24540,24578
2022-07-18,2호선,을지로입구,42651,43934
2022-07-18,2호선,시청,23944,23668
2022-07-19,2호선,시청,25625,25246
2022-07-19,2호선,을지로입구,43920,45283
2022-07-19,2호선,을지로3가,25231,25190
2022-07-19,2호선,을지로4가,14404,14242
2022-07-19,2호선,동대문역사문화공원,13146,14992
2022-07-19,2호선,신당,14575,14769
2022-07-19,2호선,상왕십리,14884,14650
2022-07-19,2호선,왕십리,16191,13558
2022-07-19,2호선,한양대,7920,8441
2022-07-19,2호선,뚝섬,23696,25910
2022-07-19,2호선,성수,40362,43916
2022-07-19,2호선,건대입구,35402,37695
2022-07-19,2호선,구의,24792,24197
2022-07-19,2호선,강변,31994,29951
2022-07-19,2호선,잠실나루,15962,15650
2022-07-19,2호선,잠실,76158,75940
2022-07-19,2호선,잠실새내,22733,22441
2022-07-19,2호선,종합운동장,8242,8209
2022-07-19,2호선,삼성,56200,57536
2022-07-19,2호선,용두,2383,2411
2022-07-19,2호선,신정네거리,10862,11001
2022-07-19,2호선,양천구청,7214,7520
2022-07-19,2호선,도림천,1525,1586
2022-07-19,2호선,신설동,3340,3228
2022-07-19,2호선,신답,1780,2047
2022-07-19,2호선,충정로,10482,11258
2022-07-19,2호선,아현,10988,10339
2022-07-19,2호선,이대,14191,15156
2022-07-19,2호선,신촌,35189,35937
2022-07-19,2호선,홍대입구,59048,62368
2022-07-19,2호선,합정,31368,33499
2022-07-19,2호선,당산,19055,22433
2022-07-19,2호선,영등포구청,23098,24038
2022-07-19,2호선,문래,23729,24210
2022-07-19,2호선,신도림,49761,48817
2022-07-19,2호선,대림,24522,24872
2022-07-19,2호선,구로디지털단지,63076,63407
2022-07-19,2호선,신대방,26599,25953
2022-07-19,2호선,신림,60136,57798
2022-07-19,2호선,봉천,25329,23795
2022-07-19,2호선,서울대입구,48338,47504
2022-07-19,2호선,낙성대,28968,28163
2022-07-19,2호선,사당,40055,43231
2022-07-19,2호선,방배,17019,17950
2022-07-19,2호선,서초,23783,23024
2022-07-19,2호선,교대,37325,42367
2022-07-19,2호선,강남,91211,87936
2022-07-19,2호선,역삼,58920,67115
2022-07-19,2호선,선릉,63770,56660
2022-07-19,2호선,용답,2752,2682
2022-07-20,2호선,시청,26480,25705
2022-07-20,2호선,을지로입구,45365,46429
2022-07-20,2호선,을지로3가,25817,25872
2022-07-20,2호선,을지로4가,14312,14256
2022-07-20,2호선,동대문역사문화공원,13008,14957
2022-07-20,2호선,신당,14568,15171
2022-07-20,2호선,상왕십리,15010,14823
2022-07-20,2호선,왕십리,16836,14019
2022-07-20,2호선,한양대,8044,8301
2022-07-20,2호선,뚝섬,24410,26176
2022-07-20,2호선,성수,41585,44898
2022-07-20,2호선,건대입구,36150,38769
2022-07-20,2호선,구의,24845,24642
2022-07-20,2호선,강변,32194,28914
2022-07-20,2호선,잠실나루,15574,15109
2022-07-20,2호선,잠실,77679,76988
2022-07-20,2호선,잠실새내,22631,22480
2022-07-20,2호선,종합운동장,7899,8200
2022-07-20,2호선,삼성,58592,59420
2022-07-20,2호선,선릉,63922,56655
2022-07-20,2호선,역삼,58920,66032
2022-07-20,2호선,강남,91246,88251
2022-07-20,2호선,교대,37533,42154
2022-07-20,2호선,서초,23657,22905
2022-07-20,2호선,방배,17129,18026
2022-07-20,2호선,사당,40244,43538
2022-07-20,2호선,낙성대,29007,28116
2022-07-20,2호선,서울대입구,49021,47927
2022-07-20,2호선,봉천,25347,23470
2022-07-20,2호선,신림,61007,59039
2022-07-20,2호선,신대방,26625,26084
2022-07-20,2호선,구로디지털단지,62962,63008
2022-07-20,2호선,대림,24516,25074
2022-07-20,2호선,신도림,50567,50252
2022-07-20,2호선,문래,23859,24432
2022-07-20,2호선,영등포구청,23627,24141
2022-07-20,2호선,당산,19258,22780
2022-07-20,2호선,합정,32224,34525
2022-07-20,2호선,홍대입구,61032,64760
2022-07-20,2호선,신촌,36190,36914
2022-07-20,2호선,이대,14287,15498
2022-07-20,2호선,아현,10943,10319
2022-07-20,2호선,충정로,10720,11374
2022-07-20,2호선,용답,2805,2695
2022-07-20,2호선,신답,1816,2062
2022-07-20,2호선,신설동,3531,3547
2022-07-20,2호선,도림천,1442,1489
2022-07-20,2호선,양천구청,7235,7552
2022-07-20,2호선,신정네거리,10911,11273
2022-07-20,2호선,용두,2447,2553
2022-07-21,2호선,시청,25414,25430
2022-07-21,2호선,을지로입구,43233,45487
2022-07-21,2호선,을지로3가,24686,25421
2022-07-21,2호선,을지로4가,13937,14018
2022-07-21,2호선,동대문역사문화공원,13042,14772
2022-07-21,2호선,신당,14399,14839
2022-07-21,2호선,상왕십리,14832,14361
2022-07-21,2호선,왕십리,16288,13656
2022-07-21,2호선,한양대,7791,8259
2022-07-21,2호선,뚝섬,23734,26024
2022-07-21,2호선,성수,40329,44498
2022-07-21,2호선,건대입구,35252,37945
2022-07-21,2호선,구의,24479,23945
2022-07-21,2호선,강변,32096,30878
2022-07-21,2호선,잠실나루,15372,14855
2022-07-21,2호선,잠실,75286,75393
2022-07-21,2호선,잠실새내,22110,21800
2022-07-21,2호선,종합운동장,7525,7859
2022-07-21,2호선,삼성,58857,60615
2022-07-21,2호선,선릉,63014,56268
2022-07-21,2호선,역삼,56337,65207
2022-07-21,2호선,강남,88984,87076
2022-07-21,2호선,교대,36387,41456
2022-07-21,2호선,서초,22904,22467
2022-07-21,2호선,방배,16591,17587
2022-07-21,2호선,사당,40031,44059
2022-07-21,2호선,낙성대,28445,27286
2022-07-21,2호선,서울대입구,47462,46260
2022-07-21,2호선,봉천,24771,22964
2022-07-21,2호선,신림,60107,57505
2022-07-21,2호선,신대방,26305,25330
2022-07-21,2호선,구로디지털단지,62059,62007
2022-07-21,2호선,대림,24192,24870
2022-07-21,2호선,신도림,49657,49026
2022-07-21,2호선,문래,23316,24073
2022-07-21,2호선,영등포구청,23069,24091
2022-07-21,2호선,당산,18713,22204
2022-07-21,2호선,합정,32886,36106
2022-07-21,2호선,홍대입구,59680,63643
2022-07-21,2호선,신촌,35136,35629
2022-07-21,2호선,이대,14242,15008
2022-07-21,2호선,아현,10566,9773
2022-07-21,2호선,충정로,10405,11114
2022-07-21,2호선,용답,2824,2648
2022-07-21,2호선,신답,1853,2023
2022-07-21,2호선,신설동,3502,3516
2022-07-21,2호선,도림천,1452,1488
2022-07-21,2호선,양천구청,7212,7332
2022-07-21,2호선,신정네거리,10721,10846
2022-07-21,2호선,용두,2447,2472
2022-07-22,2호선,시청,25637,25033
2022-07-22,2호선,을지로입구,43675,45003
2022-07-22,2호선,을지로3가,24899,25744
2022-07-22,2호선,을지로4가,14116,14251
2022-07-22,2호선,동대문역사문화공원,13627,14962
2022-07-22,2호선,신당,14905,15322
2022-07-22,2호선,상왕십리,15157,14346
2022-07-22,2호선,왕십리,16904,14738
2022-07-22,2호선,한양대,7868,8219
2022-07-22,2호선,뚝섬,24283,26117
2022-07-22,2호선,성수,41122,45054
2022-07-22,2호선,건대입구,37250,41791
2022-07-22,2호선,구의,24917,24229
2022-07-22,2호선,강변,35049,35190
2022-07-22,2호선,잠실나루,15506,14790
2022-07-22,2호선,잠실,79617,78246
2022-07-22,2호선,잠실새내,23184,23744
2022-07-22,2호선,종합운동장,11725,12454
2022-07-22,2호선,삼성,60589,60859
2022-07-22,2호선,선릉,61111,54131
2022-07-22,2호선,역삼,55134,62159
2022-07-22,2호선,강남,93558,91899
2022-07-22,2호선,교대,37363,42336
2022-07-22,2호선,서초,23548,22672
2022-07-22,2호선,방배,16797,17457
2022-07-22,2호선,사당,42013,47029
2022-07-22,2호선,낙성대,29322,27145
2022-07-22,2호선,서울대입구,49857,47699
2022-07-22,2호선,봉천,25254,22928
2022-07-22,2호선,신림,61755,58616
2022-07-22,2호선,신대방,26969,25405
2022-07-22,2호선,구로디지털단지,62871,62551
2022-07-22,2호선,대림,24917,25378
2022-07-22,2호선,신도림,50782,50718
2022-07-22,2호선,문래,23576,24427
2022-07-22,2호선,영등포구청,22751,23589
2022-07-22,2호선,당산,19406,22860
2022-07-22,2호선,합정,34665,39209
2022-07-22,2호선,홍대입구,64812,73453
2022-07-22,2호선,신촌,37891,38989
2022-07-22,2호선,이대,14365,14709
2022-07-22,2호선,아현,10922,10184
2022-07-22,2호선,충정로,10290,10967
2022-07-22,2호선,용답,2797,2652
2022-07-22,2호선,신답,1782,1870
2022-07-22,2호선,신설동,3874,3864
2022-07-22,2호선,도림천,1470,1514
2022-07-22,2호선,양천구청,7144,7367
2022-07-22,2호선,신정네거리,10776,10956
2022-07-22,2호선,용두,2537,2470
2022-07-23,2호선,양천구청,4451,4448
2022-07-23,2호선,도림천,806,803
2022-07-23,2호선,신설동,3795,3555
2022-07-23,2호선,신답,1130,1150
2022-07-23,2호선,용답,2103,1921
2022-07-23,2호선,충정로,5468,5863
2022-07-23,2호선,아현,7548,7003
2022-07-23,2호선,이대,10189,10643
2022-07-23,2호선,신촌,32163,32120
2022-07-23,2호선,홍대입구,69086,75518
2022-07-23,2호선,합정,29829,34842
2022-07-23,2호선,당산,11835,12793
2022-07-23,2호선,영등포구청,11400,11766
2022-07-23,2호선,문래,12280,13011
2022-07-23,2호선,신도림,38277,38307
2022-07-23,2호선,대림,18362,19107
2022-07-23,2호선,구로디지털단지,34141,33594
2022-07-23,2호선,신대방,19545,18625
2022-07-23,2호선,신림,47152,44831
2022-07-23,2호선,봉천,17519,15833
2022-07-23,2호선,서울대입구,36665,35121
2022-07-23,2호선,낙성대,21348,19536
2022-07-23,2호선,신정네거리,7592,7617
2022-07-23,2호선,용두,1714,1693
2022-07-23,2호선,사당,32287,35539
2022-07-23,2호선,방배,9290,9855
2022-07-23,2호선,서초,11263,9648
2022-07-23,2호선,교대,17676,19774
2022-07-23,2호선,강남,59296,58483
2022-07-23,2호선,역삼,17879,19361
2022-07-23,2호선,선릉,23834,21248
2022-07-23,2호선,삼성,37647,35990
2022-07-23,2호선,종합운동장,8429,9664
2022-07-23,2호선,잠실새내,17474,18074
2022-07-23,2호선,잠실,67141,64689
2022-07-23,2호선,잠실나루,7705,7615
2022-07-23,2호선,강변,28241,28309
2022-07-23,2호선,구의,16317,15676
2022-07-23,2호선,건대입구,33384,36636
2022-07-23,2호선,성수,22930,25364
2022-07-23,2호선,뚝섬,13799,14173
2022-07-23,2호선,한양대,3681,3844
2022-07-23,2호선,왕십리,13114,11496
2022-07-23,2호선,상왕십리,9801,9035
2022-07-23,2호선,신당,11174,11775
2022-07-23,2호선,동대문역사문화공원,10783,12394
2022-07-23,2호선,을지로4가,7694,8018
2022-07-23,2호선,을지로3가,11220,11441
2022-07-23,2호선,을지로입구,22406,22552
2022-07-23,2호선,시청,9853,8707
2022-07-24,2호선,용두,1055,1045
2022-07-24,2호선,신정네거리,5184,5306
2022-07-24,2호선,양천구청,3157,3221
2022-07-24,2호선,도림천,465,443
2022-07-24,2호선,신설동,2908,2876
2022-07-24,2호선,신답,766,876
2022-07-24,2호선,용답,1641,1634
2022-07-24,2호선,충정로,3388,3619
2022-07-24,2호선,아현,5562,5446
2022-07-24,2호선,이대,7158,7747
2022-07-24,2호선,신촌,22750,22557
2022-07-24,2호선,홍대입구,53088,53533
2022-07-24,2호선,합정,21663,23938
2022-07-24,2호선,당산,8235,8942
2022-07-24,2호선,영등포구청,6743,6953
2022-07-24,2호선,문래,7538,7956
2022-07-24,2호선,신도림,26554,26992
2022-07-24,2호선,대림,15584,15992
2022-07-24,2호선,구로디지털단지,23563,23249
2022-07-24,2호선,신대방,14881,14466
2022-07-24,2호선,신림,34998,34663
2022-07-24,2호선,봉천,12225,11894
2022-07-24,2호선,서울대입구,25175,25974
2022-07-24,2호선,낙성대,15196,15695
2022-07-24,2호선,사당,21926,23785
2022-07-24,2호선,방배,6676,7220
2022-07-24,2호선,서초,11542,10772
2022-07-24,2호선,교대,10457,11596
2022-07-24,2호선,강남,34690,32945
2022-07-24,2호선,역삼,10595,11589
2022-07-24,2호선,선릉,13041,11273
2022-07-24,2호선,삼성,25777,24835
2022-07-24,2호선,종합운동장,7836,8531
2022-07-24,2호선,잠실새내,11479,11766
2022-07-24,2호선,잠실,48809,45935
2022-07-24,2호선,잠실나루,5128,5323
2022-07-24,2호선,강변,23198,21427
2022-07-24,2호선,구의,11104,11224
2022-07-24,2호선,건대입구,25284,26930
2022-07-24,2호선,성수,15227,17141
2022-07-24,2호선,뚝섬,9986,10122
2022-07-24,2호선,한양대,2549,2693
2022-07-24,2호선,왕십리,9126,8060
2022-07-24,2호선,상왕십리,6840,6897
2022-07-24,2호선,신당,8207,8813
2022-07-24,2호선,동대문역사문화공원,8408,10053
2022-07-24,2호선,을지로4가,3945,3893
2022-07-24,2호선,을지로3가,9049,8795
2022-07-24,2호선,을지로입구,16630,15858
2022-07-24,2호선,시청,6404,5618
2022-07-25,2호선,용두,2373,2342
2022-07-25,2호선,신정네거리,10396,10588
2022-07-25,2호선,양천구청,6870,7162
2022-07-25,2호선,도림천,1475,1526
2022-07-25,2호선,신설동,3373,3325
2022-07-25,2호선,신답,1696,1932
2022-07-25,2호선,용답,2631,2551
2022-07-25,2호선,충정로,10247,10818
2022-07-25,2호선,아현,10405,9948
2022-07-25,2호선,이대,13362,14398
2022-07-25,2호선,홍대입구,58162,61659
2022-07-25,2호선,합정,30485,32956
2022-07-25,2호선,당산,17786,21240
2022-07-25,2호선,영등포구청,22372,23165
2022-07-25,2호선,문래,22422,23038
2022-07-25,2호선,신도림,47391,46647
2022-07-25,2호선,대림,24297,24677
2022-07-25,2호선,구로디지털단지,60745,60949
2022-07-25,2호선,신대방,25596,24736
2022-07-25,2호선,신림,58023,55498
2022-07-25,2호선,봉천,24431,23021
2022-07-25,2호선,서울대입구,47131,46708
2022-07-25,2호선,낙성대,27170,26872
2022-07-25,2호선,사당,37102,40499
2022-07-25,2호선,방배,15764,16579
2022-07-25,2호선,서초,22016,21475
2022-07-25,2호선,교대,34021,38276
2022-07-25,2호선,강남,86647,83739
2022-07-25,2호선,역삼,55380,62902
2022-07-25,2호선,선릉,61048,53881
2022-07-25,2호선,삼성,54255,54997
2022-07-25,2호선,종합운동장,7009,7546
2022-07-25,2호선,잠실새내,21506,21395
2022-07-25,2호선,잠실,74923,75269
2022-07-25,2호선,잠실나루,14621,14494
2022-07-25,2호선,강변,32495,30776
2022-07-25,2호선,구의,23593,23247
2022-07-25,2호선,건대입구,33958,36693
2022-07-25,2호선,성수,38410,41884
2022-07-25,2호선,뚝섬,22609,24713
2022-07-25,2호선,한양대,7153,7624
2022-07-25,2호선,왕십리,15250,12947
2022-07-25,2호선,상왕십리,14262,13733
2022-07-25,2호선,신당,13949,14176
2022-07-25,2호선,동대문역사문화공원,12332,14015
2022-07-25,2호선,을지로4가,13909,13833
2022-07-25,2호선,을지로3가,24361,24678
2022-07-25,2호선,을지로입구,42324,43247
2022-07-25,2호선,시청,23714,23159
2022-07-25,2호선,신촌,33177,33732
2022-07-26,2호선,용두,2362,2442
2022-07-26,2호선,신정네거리,10494,10588
2022-07-26,2호선,합정,31551,33620
2022-07-26,2호선,홍대입구,58230,61199
2022-07-26,2호선,신촌,35204,35754
2022-07-26,2호선,이대,13561,14595
2022-07-26,2호선,아현,10517,9903
2022-07-26,2호선,충정로,10253,10897
2022-07-26,2호선,용답,2697,2599
2022-07-26,2호선,신답,1715,1935
2022-07-26,2호선,신설동,3205,3169
2022-07-26,2호선,도림천,1364,1328
2022-07-26,2호선,시청,25182,24693
2022-07-26,2호선,을지로입구,43166,44465
2022-07-26,2호선,을지로3가,25093,25032
2022-07-26,2호선,을지로4가,14074,13961
2022-07-26,2호선,양천구청,6913,7188
2022-07-26,2호선,동대문역사문화공원,12749,14263
2022-07-26,2호선,신당,13928,14486
2022-07-26,2호선,상왕십리,14420,14005
2022-07-26,2호선,왕십리,15633,13231
2022-07-26,2호선,한양대,7177,7676
2022-07-26,2호선,뚝섬,23513,25595
2022-07-26,2호선,성수,39592,43003
2022-07-26,2호선,건대입구,34271,36950
2022-07-26,2호선,구의,23937,23692
2022-07-26,2호선,강변,31227,29608
2022-07-26,2호선,잠실나루,14691,14417
2022-07-26,2호선,잠실,77658,77349
2022-07-26,2호선,잠실새내,21852,21792
2022-07-26,2호선,종합운동장,10979,11535
2022-07-26,2호선,삼성,56007,56698
2022-07-26,2호선,선릉,62249,55111
2022-07-26,2호선,역삼,57301,64890
2022-07-26,2호선,강남,88300,85237
2022-07-26,2호선,교대,34469,38780
2022-07-26,2호선,서초,22178,21609
2022-07-26,2호선,방배,16032,16833
2022-07-26,2호선,사당,38361,42289
2022-07-26,2호선,낙성대,27819,27037
2022-07-26,2호선,서울대입구,47058,46502
2022-07-26,2호선,봉천,24600,22869
2022-07-26,2호선,신림,58777,56741
2022-07-26,2호선,신대방,25844,25423
2022-07-26,2호선,구로디지털단지,62053,62021
2022-07-26,2호선,대림,24002,24272
2022-07-26,2호선,신도림,47477,46990
2022-07-26,2호선,문래,22926,23424
2022-07-26,2호선,영등포구청,22451,23161
2022-07-26,2호선,당산,18228,21460
2022-07-27,2호선,용두,2355,2363
2022-07-27,2호선,신정네거리,10462,10731
2022-07-27,2호선,양천구청,6715,6946
2022-07-27,2호선,도림천,1315,1394
2022-07-27,2호선,신설동,3364,3343
2022-07-27,2호선,신답,1746,1940
2022-07-27,2호선,용답,2712,2612
2022-07-27,2호선,충정로,10300,10995
2022-07-27,2호선,아현,10513,9879
2022-07-27,2호선,이대,13478,14446
2022-07-27,2호선,신촌,35113,35819
2022-07-27,2호선,홍대입구,59849,63560
2022-07-27,2호선,합정,31909,34528
2022-07-27,2호선,당산,18207,21625
2022-07-27,2호선,영등포구청,22536,23273
2022-07-27,2호선,문래,22867,23364
2022-07-27,2호선,신도림,48432,48254
2022-07-27,2호선,대림,24047,24320
2022-07-27,2호선,구로디지털단지,61203,61242
2022-07-27,2호선,신대방,25799,25357
2022-07-27,2호선,신림,59172,56898
2022-07-27,2호선,봉천,24349,22735
2022-07-27,2호선,서울대입구,47296,46621
2022-07-27,2호선,낙성대,27771,27103
2022-07-27,2호선,사당,38744,42174
2022-07-27,2호선,방배,16128,16761
2022-07-27,2호선,서초,22684,22250
2022-07-27,2호선,교대,33539,37853
2022-07-27,2호선,강남,87634,84055
2022-07-27,2호선,역삼,56022,63525
2022-07-27,2호선,선릉,61490,54292
2022-07-27,2호선,삼성,58348,58945
2022-07-27,2호선,종합운동장,10633,11285
2022-07-27,2호선,잠실새내,21637,21612
2022-07-27,2호선,잠실,77763,77293
2022-07-27,2호선,잠실나루,14859,14202
2022-07-27,2호선,강변,32825,31005
2022-07-27,2호선,구의,24117,23653
2022-07-27,2호선,건대입구,34716,37993
2022-07-27,2호선,성수,39556,43277
2022-07-27,2호선,뚝섬,23486,25389
2022-07-27,2호선,한양대,7080,7570
2022-07-27,2호선,왕십리,15910,13732
2022-07-27,2호선,상왕십리,14492,14174
2022-07-27,2호선,신당,14170,14798
2022-07-27,2호선,동대문역사문화공원,13274,14995
2022-07-27,2호선,을지로4가,14306,14049
2022-07-27,2호선,을지로3가,25384,25558
2022-07-27,2호선,을지로입구,44045,45561
2022-07-27,2호선,시청,25443,25043
2022-07-28,2호선,시청,25323,24864
2022-07-28,2호선,을지로입구,43572,45118
2022-07-28,2호선,을지로3가,24465,25036
2022-07-28,2호선,을지로4가,14057,14052
2022-07-28,2호선,동대문역사문화공원,13410,15104
2022-07-28,2호선,신당,14011,14380
2022-07-28,2호선,상왕십리,14234,13783
2022-07-28,2호선,왕십리,15988,13599
2022-07-28,2호선,한양대,6715,7149
2022-07-28,2호선,뚝섬,23253,25439
2022-07-28,2호선,성수,39065,43273
2022-07-28,2호선,건대입구,35159,37886
2022-07-28,2호선,구의,23971,23219
2022-07-28,2호선,강변,32874,31973
2022-07-28,2호선,잠실나루,14593,14328
2022-07-28,2호선,잠실,81144,81269
2022-07-28,2호선,잠실새내,22170,22247
2022-07-28,2호선,종합운동장,14647,15596
2022-07-28,2호선,삼성,62186,62373
2022-07-28,2호선,선릉,61278,54336
2022-07-28,2호선,역삼,55556,63154
2022-07-28,2호선,강남,88439,85405
2022-07-28,2호선,교대,33314,37663
2022-07-28,2호선,서초,22841,22094
2022-07-28,2호선,방배,16024,16615
2022-07-28,2호선,사당,39458,43478
2022-07-28,2호선,낙성대,28013,26657
2022-07-28,2호선,서울대입구,46897,46032
2022-07-28,2호선,봉천,24463,22542
2022-07-28,2호선,신림,59423,56519
2022-07-28,2호선,신대방,25697,25063
2022-07-28,2호선,구로디지털단지,60612,60681
2022-07-28,2호선,대림,23651,24187
2022-07-28,2호선,신도림,48882,48179
2022-07-28,2호선,문래,22739,23183
2022-07-28,2호선,영등포구청,22100,22725
2022-07-28,2호선,당산,18166,21275
2022-07-28,2호선,합정,32447,35258
2022-07-28,2호선,홍대입구,61630,65731
2022-07-28,2호선,신촌,35064,35652
2022-07-28,2호선,이대,13915,14702
2022-07-28,2호선,아현,10321,9622
2022-07-28,2호선,충정로,10104,11045
2022-07-28,2호선,용답,2686,2624
2022-07-28,2호선,신답,1786,1987
2022-07-28,2호선,신설동,3336,3332
2022-07-28,2호선,도림천,1345,1346
2022-07-28,2호선,양천구청,6680,6901
2022-07-28,2호선,신정네거리,10285,10514
2022-07-28,2호선,용두,2380,2433
2022-07-29,2호선,시청,25037,24486
2022-07-29,2호선,을지로입구,43297,44558
2022-07-29,2호선,을지로3가,24874,25754
2022-07-29,2호선,을지로4가,14044,13923
2022-07-29,2호선,동대문역사문화공원,13553,14898
2022-07-29,2호선,신당,14484,14711
2022-07-29,2호선,상왕십리,14478,13709
2022-07-29,2호선,왕십리,16444,14152
2022-07-29,2호선,한양대,6608,6894
2022-07-29,2호선,뚝섬,23394,25141
2022-07-29,2호선,성수,39011,42900
2022-07-29,2호선,건대입구,36038,40344
2022-07-29,2호선,구의,24023,23059
2022-07-29,2호선,강변,35424,37190
2022-07-29,2호선,잠실나루,14513,13647
2022-07-29,2호선,잠실,82635,82139
2022-07-29,2호선,잠실새내,22602,23068
2022-07-29,2호선,종합운동장,11881,12764
2022-07-29,2호선,삼성,61619,60773
2022-07-29,2호선,선릉,59169,52518
2022-07-29,2호선,역삼,53061,59338
2022-07-29,2호선,강남,90892,89616
2022-07-29,2호선,교대,32689,37094
2022-07-29,2호선,서초,21492,20319
2022-07-29,2호선,방배,16139,16692
2022-07-29,2호선,사당,40073,44595
2022-07-29,2호선,낙성대,28669,26263
2022-07-29,2호선,서울대입구,48405,46486
2022-07-29,2호선,봉천,24501,21986
2022-07-29,2호선,신림,60437,57765
2022-07-29,2호선,신대방,26078,24535
2022-07-29,2호선,구로디지털단지,60124,60229
2022-07-29,2호선,대림,23753,24075
2022-07-29,2호선,신도림,49012,49166
2022-07-29,2호선,문래,22389,23585
2022-07-29,2호선,영등포구청,22001,22772
2022-07-29,2호선,당산,18184,21225
2022-07-29,2호선,합정,34221,38209
2022-07-29,2호선,홍대입구,66396,73957
2022-07-29,2호선,신촌,36984,37583
2022-07-29,2호선,이대,14128,14419
2022-07-29,2호선,아현,10506,9735
2022-07-29,2호선,충정로,9978,10570
2022-07-29,2호선,용답,2847,2581
2022-07-29,2호선,신답,1668,1855
2022-07-29,2호선,신설동,3761,3771
2022-07-29,2호선,도림천,1327,1328
2022-07-29,2호선,양천구청,6596,6775
2022-07-29,2호선,신정네거리,10285,10603
2022-07-29,2호선,용두,2378,2326
2022-07-30,2호선,시청,9630,8517
2022-07-30,2호선,을지로입구,21936,22249
2022-07-30,2호선,을지로3가,10561,10913
2022-07-30,2호선,을지로4가,6685,6952
2022-07-30,2호선,동대문역사문화공원,10839,12334
2022-07-30,2호선,신당,9946,10261
2022-07-30,2호선,상왕십리,9159,8398
2022-07-30,2호선,왕십리,11870,10271
2022-07-30,2호선,한양대,3447,3384
2022-07-30,2호선,뚝섬,12626,13034
2022-07-30,2호선,성수,19681,22700
2022-07-30,2호선,건대입구,30553,34668
2022-07-30,2호선,구의,15274,14625
2022-07-30,2호선,강변,27171,28835
2022-07-30,2호선,잠실나루,6817,6712
2022-07-30,2호선,잠실,68624,65586
2022-07-30,2호선,잠실새내,16274,17359
2022-07-30,2호선,종합운동장,10836,11719
2022-07-30,2호선,삼성,37050,36163
2022-07-30,2호선,선릉,21571,19044
2022-07-30,2호선,역삼,16206,17825
2022-07-30,2호선,강남,55226,54764
2022-07-30,2호선,교대,15625,17522
2022-07-30,2호선,서초,9908,8563
2022-07-30,2호선,방배,8684,8931
2022-07-30,2호선,사당,28421,31376
2022-07-30,2호선,낙성대,19700,17569
2022-07-30,2호선,서울대입구,34074,32189
2022-07-30,2호선,봉천,16582,14627
2022-07-30,2호선,신림,44971,42160
2022-07-30,2호선,신대방,18268,16801
2022-07-30,2호선,구로디지털단지,31345,30236
2022-07-30,2호선,대림,16870,17848
2022-07-30,2호선,신도림,33717,33859
2022-07-30,2호선,문래,10641,11292
2022-07-30,2호선,영등포구청,9704,10054
2022-07-30,2호선,당산,10329,11290
2022-07-30,2호선,합정,26156,29794
2022-07-30,2호선,홍대입구,66121,74312
2022-07-30,2호선,신촌,29380,29562
2022-07-30,2호선,이대,9750,10153
2022-07-30,2호선,아현,6853,6269
2022-07-30,2호선,충정로,4397,4413
2022-07-30,2호선,용답,1971,1722
2022-07-30,2호선,신답,950,926
2022-07-30,2호선,신설동,3348,3371
2022-07-30,2호선,도림천,712,703
2022-07-30,2호선,양천구청,3824,3757
2022-07-30,2호선,신정네거리,6990,6736
2022-07-30,2호선,용두,1608,1505
2022-07-31,2호선,을지로4가,3836,3729
2022-07-31,2호선,동대문역사문화공원,8796,10420
2022-07-31,2호선,신당,7133,7916
2022-07-31,2호선,상왕십리,6291,6470
2022-07-31,2호선,왕십리,8683,7696
2022-07-31,2호선,한양대,2085,2295
2022-07-31,2호선,뚝섬,8303,8873
2022-07-31,2호선,성수,13976,14966
2022-07-31,2호선,건대입구,23030,24356
2022-07-31,2호선,구의,10299,10515
2022-07-31,2호선,강변,24569,21831
2022-07-31,2호선,잠실나루,4838,4985
2022-07-31,2호선,잠실,50683,47773
2022-07-31,2호선,잠실새내,11037,11568
2022-07-31,2호선,종합운동장,4985,5481
2022-07-31,2호선,용두,1129,1015
2022-07-31,2호선,신정네거리,4985,5040
2022-07-31,2호선,양천구청,2868,2951
2022-07-31,2호선,도림천,418,475
2022-07-31,2호선,신설동,2624,2587
2022-07-31,2호선,신답,601,734
2022-07-31,2호선,용답,1527,1519
2022-07-31,2호선,충정로,3138,3345
2022-07-31,2호선,아현,4797,4810
2022-07-31,2호선,이대,6636,7403
2022-07-31,2호선,신촌,22052,21283
2022-07-31,2호선,홍대입구,50103,49349
2022-07-31,2호선,합정,19057,20129
2022-07-31,2호선,당산,6863,7494
2022-07-31,2호선,영등포구청,6282,6519
2022-07-31,2호선,문래,6585,7056
2022-07-31,2호선,신도림,23240,23798
2022-07-31,2호선,대림,13238,14017
2022-07-31,2호선,구로디지털단지,21499,21661
2022-07-31,2호선,신대방,13413,13395
2022-07-31,2호선,신림,32131,31556
2022-07-31,2호선,봉천,11049,11060
2022-07-31,2호선,서울대입구,23463,23967
2022-07-31,2호선,낙성대,13868,14606
2022-07-31,2호선,사당,18946,20878
2022-07-31,2호선,방배,5953,6431
2022-07-31,2호선,서초,11443,10341
2022-07-31,2호선,교대,9738,10849
2022-07-31,2호선,강남,31573,29921
2022-07-31,2호선,역삼,10491,11458
2022-07-31,2호선,선릉,11740,10487
2022-07-31,2호선,삼성,28865,27019
2022-07-31,2호선,시청,6851,5522
2022-07-31,2호선,을지로입구,16256,16241
2022-07-31,2호선,을지로3가,8336,8359
2022-08-01,2호선,시청,22463,22682
2022-08-01,2호선,을지로입구,41207,42900
2022-08-01,2호선,을지로3가,22736,22902
2022-08-01,2호선,을지로4가,10591,11014
2022-08-01,2호선,동대문역사문화공원,12047,13954
2022-08-01,2호선,신당,12661,12975
2022-08-01,2호선,상왕십리,13293,12857
2022-08-01,2호선,왕십리,14906,12374
2022-08-01,2호선,한양대,6648,7182
2022-08-01,2호선,뚝섬,20672,22369
2022-08-01,2호선,성수,35000,37894
2022-08-01,2호선,건대입구,32258,34834
2022-08-01,2호선,구의,21990,21606
2022-08-01,2호선,강변,33073,30304
2022-08-01,2호선,잠실나루,13740,13333
2022-08-01,2호선,잠실,77926,76365
2022-08-01,2호선,잠실새내,19860,19980
2022-08-01,2호선,종합운동장,5784,6400
2022-08-01,2호선,삼성,52933,53808
2022-08-01,2호선,선릉,55727,48855
2022-08-01,2호선,역삼,52121,58989
2022-08-01,2호선,강남,81367,78225
2022-08-01,2호선,교대,30088,33743
2022-08-01,2호선,서초,19602,19045
2022-08-01,2호선,방배,14437,14825
2022-08-01,2호선,사당,33666,37104
2022-08-01,2호선,낙성대,25600,25220
2022-08-01,2호선,서울대입구,43231,42872
2022-08-01,2호선,봉천,22330,21083
2022-08-01,2호선,신림,54360,52200
2022-08-01,2호선,신대방,23783,22973
2022-08-01,2호선,구로디지털단지,55050,55418
2022-08-01,2호선,대림,22426,23055
2022-08-01,2호선,신도림,43514,42810
2022-08-01,2호선,문래,20296,20786
2022-08-01,2호선,영등포구청,20420,21669
2022-08-01,2호선,당산,16146,19100
2022-08-01,2호선,합정,28835,30666
2022-08-01,2호선,홍대입구,58861,61514
2022-08-01,2호선,신촌,32697,33480
2022-08-01,2호선,이대,12215,13112
2022-08-01,2호선,아현,9395,9073
2022-08-01,2호선,충정로,9193,10368
2022-08-01,2호선,용답,2557,2510
2022-08-01,2호선,신답,1618,1759
2022-08-01,2호선,신설동,2988,2915
2022-08-01,2호선,도림천,1239,1264
2022-08-01,2호선,양천구청,6193,6386
2022-08-01,2호선,신정네거리,9481,9752
2022-08-01,2호선,용두,2275,2276
2022-08-02,2호선,용두,2279,2310
2022-08-02,2호선,신정네거리,9438,9724
2022-08-02,2호선,양천구청,6229,6524
2022-08-02,2호선,도림천,1280,1355
2022-08-02,2호선,신설동,3059,2846
2022-08-02,2호선,신답,1550,1784
2022-08-02,2호선,용답,2485,2498
2022-08-02,2호선,충정로,9260,9908
2022-08-02,2호선,아현,9514,9290
2022-08-02,2호선,이대,12200,13091
2022-08-02,2호선,신촌,33486,33654
2022-08-02,2호선,홍대입구,57176,59296
2022-08-02,2호선,합정,29727,31951
2022-08-02,2호선,당산,16431,19249
2022-08-02,2호선,영등포구청,20560,21218
2022-08-02,2호선,문래,20700,21038
2022-08-02,2호선,신도림,44065,43722
2022-08-02,2호선,대림,22191,22698
2022-08-02,2호선,구로디지털단지,56375,56401
2022-08-02,2호선,신대방,23667,23488
2022-08-02,2호선,신림,54975,52992
2022-08-02,2호선,봉천,22881,21264
2022-08-02,2호선,서울대입구,43874,43421
2022-08-02,2호선,낙성대,26038,25668
2022-08-02,2호선,사당,35249,38819
2022-08-02,2호선,방배,14821,15388
2022-08-02,2호선,서초,20178,19587
2022-08-02,2호선,교대,30988,34744
2022-08-02,2호선,강남,84287,80477
2022-08-02,2호선,역삼,55632,61228
2022-08-02,2호선,선릉,56971,50736
2022-08-02,2호선,삼성,56300,55901
2022-08-02,2호선,종합운동장,8239,8704
2022-08-02,2호선,잠실새내,20405,20313
2022-08-02,2호선,잠실,77445,76899
2022-08-02,2호선,잠실나루,13893,13636
2022-08-02,2호선,강변,30926,29112
2022-08-02,2호선,구의,22398,22021
2022-08-02,2호선,건대입구,32551,34948
2022-08-02,2호선,성수,36403,39003
2022-08-02,2호선,뚝섬,21753,23221
2022-08-02,2호선,한양대,6963,7316
2022-08-02,2호선,왕십리,14918,12529
2022-08-02,2호선,상왕십리,13229,13258
2022-08-02,2호선,신당,12917,13595
2022-08-02,2호선,동대문역사문화공원,11921,13647
2022-08-02,2호선,을지로4가,10913,10689
2022-08-02,2호선,을지로3가,23376,23049
2022-08-02,2호선,을지로입구,42266,42903
2022-08-02,2호선,시청,24654,23571
2022-08-03,2호선,신답,1638,1794
2022-08-03,2호선,용답,2608,2512
2022-08-03,2호선,충정로,9356,9823
2022-08-03,2호선,아현,9630,9204
2022-08-03,2호선,이대,12501,13225
2022-08-03,2호선,신촌,33524,34049
2022-08-03,2호선,홍대입구,58082,61238
2022-08-03,2호선,합정,30204,32478
2022-08-03,2호선,당산,16849,19784
2022-08-03,2호선,영등포구청,20564,21310
2022-08-03,2호선,문래,21045,21432
2022-08-03,2호선,신도림,45872,45465
2022-08-03,2호선,대림,22727,22827
2022-08-03,2호선,구로디지털단지,56831,57120
2022-08-03,2호선,신대방,24156,23227
2022-08-03,2호선,신림,56406,53976
2022-08-03,2호선,봉천,22892,21197
2022-08-03,2호선,서울대입구,43939,43556
2022-08-03,2호선,낙성대,26532,25796
2022-08-03,2호선,사당,36089,39206
2022-08-03,2호선,방배,14739,15346
2022-08-03,2호선,서초,20185,19535
2022-08-03,2호선,교대,31045,34657
2022-08-03,2호선,강남,83172,80185
2022-08-03,2호선,역삼,53424,60534
2022-08-03,2호선,선릉,57347,50619
2022-08-03,2호선,삼성,54696,55488
2022-08-03,2호선,종합운동장,9846,10669
2022-08-03,2호선,잠실새내,20460,20402
2022-08-03,2호선,잠실,75209,75005
2022-08-03,2호선,잠실나루,13950,13353
2022-08-03,2호선,강변,31026,29774
2022-08-03,2호선,구의,22518,21944
2022-08-03,2호선,건대입구,32551,35453
2022-08-03,2호선,성수,36748,40083
2022-08-03,2호선,뚝섬,21458,23320
2022-08-03,2호선,한양대,6998,7388
2022-08-03,2호선,왕십리,15310,12986
2022-08-03,2호선,상왕십리,13642,13181
2022-08-03,2호선,신당,13190,13794
2022-08-03,2호선,동대문역사문화공원,12189,13954
2022-08-03,2호선,을지로4가,10919,10825
2022-08-03,2호선,을지로3가,23451,23705
2022-08-03,2호선,을지로입구,41856,43255
2022-08-03,2호선,시청,24259,23819
2022-08-03,2호선,용두,2274,2292
2022-08-03,2호선,신정네거리,9500,9762
2022-08-03,2호선,양천구청,6403,6579
2022-08-03,2호선,도림천,1267,1326
2022-08-03,2호선,신설동,2926,3008
2022-08-04,2호선,한양대,7192,7566
2022-08-04,2호선,뚝섬,22991,24939
2022-08-04,2호선,성수,37696,41169
2022-08-04,2호선,건대입구,34135,36918
2022-08-04,2호선,구의,23228,22784
2022-08-04,2호선,강변,31953,30814
2022-08-04,2호선,잠실나루,14382,13897
2022-08-04,2호선,잠실,78110,77643
2022-08-04,2호선,잠실새내,21133,21380
2022-08-04,2호선,종합운동장,10555,11435
2022-08-04,2호선,삼성,58546,59085
2022-08-04,2호선,선릉,58976,52192
2022-08-04,2호선,역삼,54149,61685
2022-08-04,2호선,교대,31814,35628
2022-08-04,2호선,서초,20961,20081
2022-08-04,2호선,방배,15334,16039
2022-08-04,2호선,사당,37493,41066
2022-08-04,2호선,낙성대,27237,26364
2022-08-04,2호선,서울대입구,45382,44371
2022-08-04,2호선,봉천,23833,22123
2022-08-04,2호선,신림,57745,55252
2022-08-04,2호선,신대방,25083,24430
2022-08-04,2호선,구로디지털단지,58749,58751
2022-08-04,2호선,대림,23178,23548
2022-08-04,2호선,신도림,47149,46898
2022-08-04,2호선,문래,21742,22332
2022-08-04,2호선,영등포구청,21309,21907
2022-08-04,2호선,당산,17588,20523
2022-08-04,2호선,합정,31507,33881
2022-08-04,2호선,홍대입구,60738,64935
2022-08-04,2호선,신촌,35020,35340
2022-08-04,2호선,이대,12919,13758
2022-08-04,2호선,아현,10258,9576
2022-08-04,2호선,충정로,9725,10345
2022-08-04,2호선,용답,2641,2488
2022-08-04,2호선,신답,1666,1797
2022-08-04,2호선,신설동,3031,3044
2022-08-04,2호선,도림천,1347,1407
2022-08-04,2호선,양천구청,6606,6724
2022-08-04,2호선,신정네거리,10053,10223
2022-08-04,2호선,용두,2364,2324
2022-08-04,2호선,왕십리,15734,13518
2022-08-04,2호선,강남,85162,81971
2022-08-04,2호선,시청,24916,24692
2022-08-04,2호선,을지로입구,42834,44370
2022-08-04,2호선,을지로3가,24125,24341
2022-08-04,2호선,을지로4가,13768,13595
2022-08-04,2호선,동대문역사문화공원,13138,14728
2022-08-04,2호선,신당,13691,14263
2022-08-04,2호선,상왕십리,13935,13716
2022-08-05,2호선,용두,2443,2395
2022-08-05,2호선,신정네거리,10010,10255
2022-08-05,2호선,양천구청,6544,6536
2022-08-05,2호선,도림천,1372,1405
2022-08-05,2호선,신설동,3576,3422
2022-08-05,2호선,신답,1622,1802
2022-08-05,2호선,용답,2726,2502
2022-08-05,2호선,충정로,9363,9846
2022-08-05,2호선,아현,10183,9441
2022-08-05,2호선,이대,13451,13628
2022-08-05,2호선,신촌,35679,36114
2022-08-05,2호선,홍대입구,63796,71045
2022-08-05,2호선,합정,33175,36627
2022-08-05,2호선,당산,17521,20368
2022-08-05,2호선,영등포구청,20935,21799
2022-08-05,2호선,문래,21695,22452
2022-08-05,2호선,신도림,47917,47792
2022-08-05,2호선,대림,23128,23518
2022-08-05,2호선,구로디지털단지,58633,58678
2022-08-05,2호선,신대방,25120,24052
2022-08-05,2호선,신림,58754,56510
2022-08-05,2호선,봉천,23852,21581
2022-08-05,2호선,서울대입구,46923,44949
2022-08-05,2호선,낙성대,28027,25795
2022-08-05,2호선,사당,38533,42216
2022-08-05,2호선,방배,15447,15857
2022-08-05,2호선,서초,20278,19531
2022-08-05,2호선,교대,31721,36041
2022-08-05,2호선,강남,88357,86655
2022-08-05,2호선,역삼,51720,58107
2022-08-05,2호선,선릉,57582,50545
2022-08-05,2호선,삼성,56753,56923
2022-08-05,2호선,종합운동장,11826,13063
2022-08-05,2호선,잠실새내,22152,22707
2022-08-05,2호선,잠실,78628,77053
2022-08-05,2호선,잠실나루,14154,13617
2022-08-05,2호선,강변,33862,34324
2022-08-05,2호선,구의,23456,22626
2022-08-05,2호선,건대입구,35164,39882
2022-08-05,2호선,성수,38036,41255
2022-08-05,2호선,뚝섬,23004,24774
2022-08-05,2호선,한양대,7029,7147
2022-08-05,2호선,왕십리,16020,14103
2022-08-05,2호선,상왕십리,14280,13612
2022-08-05,2호선,신당,13926,14492
2022-08-05,2호선,동대문역사문화공원,12845,14140
2022-08-05,2호선,을지로4가,13892,13583
2022-08-05,2호선,을지로3가,24241,24510
2022-08-05,2호선,을지로입구,42488,43458
2022-08-05,2호선,시청,24957,24499
2022-08-06,2호선,시청,9968,9508
2022-08-06,2호선,을지로입구,21485,21387
2022-08-06,2호선,을지로3가,10099,10198
2022-08-06,2호선,을지로4가,6983,7166
2022-08-06,2호선,동대문역사문화공원,10192,11455
2022-08-06,2호선,신당,10253,10530
2022-08-06,2호선,상왕십리,9181,8569
2022-08-06,2호선,왕십리,12025,10648
2022-08-06,2호선,한양대,3393,3469
2022-08-06,2호선,뚝섬,12915,13208
2022-08-06,2호선,성수,19374,21867
2022-08-06,2호선,건대입구,31048,35024
2022-08-06,2호선,구의,15090,14335
2022-08-06,2호선,강변,26203,27156
2022-08-06,2호선,잠실나루,6999,6811
2022-08-06,2호선,잠실,63773,61185
2022-08-06,2호선,잠실새내,16088,16796
2022-08-06,2호선,종합운동장,9800,10738
2022-08-06,2호선,삼성,31854,31346
2022-08-06,2호선,선릉,22119,19130
2022-08-06,2호선,역삼,15978,17628
2022-08-06,2호선,강남,55874,55729
2022-08-06,2호선,교대,15442,17525
2022-08-06,2호선,서초,9357,8065
2022-08-06,2호선,방배,8959,9279
2022-08-06,2호선,사당,28664,31585
2022-08-06,2호선,낙성대,19795,17762
2022-08-06,2호선,서울대입구,33974,32321
2022-08-06,2호선,봉천,16509,14821
2022-08-06,2호선,신림,44500,42033
2022-08-06,2호선,신대방,18509,17203
2022-08-06,2호선,구로디지털단지,31891,30946
2022-08-06,2호선,대림,17081,17830
2022-08-06,2호선,신도림,35857,35886
2022-08-06,2호선,문래,11079,11802
2022-08-06,2호선,영등포구청,10478,10934
2022-08-06,2호선,당산,10331,11280
2022-08-06,2호선,합정,27750,31918
2022-08-06,2호선,홍대입구,64508,72296
2022-08-06,2호선,신촌,29692,29998
2022-08-06,2호선,이대,10041,10357
2022-08-06,2호선,아현,6919,6517
2022-08-06,2호선,충정로,4679,4804
2022-08-06,2호선,용답,2049,1846
2022-08-06,2호선,신답,958,996
2022-08-06,2호선,신설동,3142,3099
2022-08-06,2호선,도림천,796,822
2022-08-06,2호선,양천구청,4163,4091
2022-08-06,2호선,신정네거리,6738,6739
2022-08-06,2호선,용두,1611,1544
2022-08-07,2호선,시청,7355,7066
2022-08-07,2호선,을지로입구,16672,15887
2022-08-07,2호선,을지로3가,8522,8246
2022-08-07,2호선,을지로4가,3703,3597
2022-08-07,2호선,동대문역사문화공원,7764,8666
2022-08-07,2호선,신당,7492,7997
2022-08-07,2호선,상왕십리,6402,6338
2022-08-07,2호선,왕십리,9086,8194
2022-08-07,2호선,한양대,2310,2546
2022-08-07,2호선,뚝섬,8944,9427
2022-08-07,2호선,성수,14083,15418
2022-08-07,2호선,건대입구,23628,25499
2022-08-07,2호선,구의,10436,10620
2022-08-07,2호선,강변,23248,21292
2022-08-07,2호선,잠실나루,4982,5087
2022-08-07,2호선,잠실,49998,47369
2022-08-07,2호선,잠실새내,11067,11499
2022-08-07,2호선,종합운동장,8873,9568
2022-08-07,2호선,삼성,22442,21576
2022-08-07,2호선,선릉,12070,10461
2022-08-07,2호선,역삼,9991,11309
2022-08-07,2호선,강남,32469,31177
2022-08-07,2호선,교대,9916,10882
2022-08-07,2호선,서초,11751,10804
2022-08-07,2호선,방배,6289,6737
2022-08-07,2호선,사당,20059,22433
2022-08-07,2호선,낙성대,14676,15226
2022-08-07,2호선,서울대입구,24556,24978
2022-08-07,2호선,봉천,11837,11566
2022-08-07,2호선,신림,33573,32922
2022-08-07,2호선,신대방,14126,13927
2022-08-07,2호선,구로디지털단지,22653,22503
2022-08-07,2호선,대림,14525,14835
2022-08-07,2호선,신도림,26102,26476
2022-08-07,2호선,문래,7591,8026
2022-08-07,2호선,영등포구청,6979,7423
2022-08-07,2호선,당산,7484,8114
2022-08-07,2호선,합정,20718,22328
2022-08-07,2호선,홍대입구,51697,51852
2022-08-07,2호선,신촌,21742,21451
2022-08-07,2호선,이대,6910,7431
2022-08-07,2호선,아현,4901,4734
2022-08-07,2호선,충정로,3447,3648
2022-08-07,2호선,용답,1562,1524
2022-08-07,2호선,신답,672,732
2022-08-07,2호선,신설동,2768,2812
2022-08-07,2호선,도림천,429,470
2022-08-07,2호선,양천구청,3039,3128
2022-08-07,2호선,신정네거리,4945,5024
2022-08-07,2호선,용두,1145,1157
2022-08-08,2호선,시청,23845,21974
2022-08-08,2호선,을지로입구,41824,41491
2022-08-08,2호선,을지로3가,23887,23028
2022-08-08,2호선,을지로4가,13098,12741
2022-08-08,2호선,동대문역사문화공원,9502,10692
2022-08-08,2호선,신당,11888,12547
2022-08-08,2호선,상왕십리,13159,13087
2022-08-08,2호선,왕십리,14178,11917
2022-08-08,2호선,한양대,6839,7006
2022-08-08,2호선,뚝섬,20890,22218
2022-08-08,2호선,성수,35931,37643
2022-08-08,2호선,건대입구,30126,32021
2022-08-08,2호선,구의,21997,22202
2022-08-08,2호선,강변,31195,28751
2022-08-08,2호선,잠실나루,13507,13860
2022-08-08,2호선,잠실,68501,67171
2022-08-08,2호선,잠실새내,20062,20373
2022-08-08,2호선,종합운동장,5936,6842
2022-08-08,2호선,삼성,54770,52914
2022-08-08,2호선,선릉,57495,50550
2022-08-08,2호선,역삼,59278,61770
2022-08-08,2호선,강남,86593,77893
2022-08-08,2호선,교대,33515,37152
2022-08-08,2호선,서초,21523,20115
2022-08-08,2호선,방배,15019,15705
2022-08-08,2호선,사당,36000,37666
2022-08-08,2호선,낙성대,25522,25832
2022-08-08,2호선,서울대입구,42722,42933
2022-08-08,2호선,봉천,22696,22188
2022-08-08,2호선,신림,53869,52600
2022-08-08,2호선,신대방,23482,22603
2022-08-08,2호선,구로디지털단지,57403,58416
2022-08-08,2호선,대림,22041,22631
2022-08-08,2호선,신도림,44560,48243
2022-08-08,2호선,문래,21148,21553
2022-08-08,2호선,영등포구청,20875,21500
2022-08-08,2호선,당산,15522,19149
2022-08-08,2호선,합정,28802,30089
2022-08-08,2호선,홍대입구,51435,53175
2022-08-08,2호선,신촌,30478,31107
2022-08-08,2호선,이대,12039,13257
2022-08-08,2호선,아현,9360,9211
2022-08-08,2호선,충정로,9795,10454
2022-08-08,2호선,용답,2550,2475
2022-08-08,2호선,신답,1554,1951
2022-08-08,2호선,신설동,3481,3190
2022-08-08,2호선,도림천,1355,1468
2022-08-08,2호선,양천구청,6273,6739
2022-08-08,2호선,신정네거리,9384,9922
2022-08-08,2호선,용두,2217,2215
2022-08-09,2호선,시청,23494,21999
2022-08-09,2호선,을지로입구,39972,40526
2022-08-09,2호선,을지로3가,22769,21800
2022-08-09,2호선,을지로4가,12502,12053
2022-08-09,2호선,동대문역사문화공원,9347,10361
2022-08-09,2호선,신당,11700,12230
2022-08-09,2호선,상왕십리,12711,12529
2022-08-09,2호선,왕십리,13639,11303
2022-08-09,2호선,한양대,6792,6988
2022-08-09,2호선,뚝섬,20393,21699
2022-08-09,2호선,성수,35304,36977
2022-08-09,2호선,건대입구,27898,29611
2022-08-09,2호선,구의,21464,21366
2022-08-09,2호선,강변,26080,24942
2022-08-09,2호선,잠실나루,13562,13811
2022-08-09,2호선,잠실,59806,59258
2022-08-09,2호선,잠실새내,19221,19307
2022-08-09,2호선,종합운동장,6280,7022
2022-08-09,2호선,삼성,49553,51918
2022-08-09,2호선,선릉,52643,47797
2022-08-09,2호선,역삼,51514,55702
2022-08-09,2호선,강남,66275,63723
2022-08-09,2호선,교대,32112,34948
2022-08-09,2호선,서초,21554,19635
2022-08-09,2호선,방배,14318,14870
2022-08-09,2호선,사당,30084,31405
2022-08-09,2호선,낙성대,23510,22980
2022-08-09,2호선,서울대입구,38280,37298
2022-08-09,2호선,봉천,20964,20162
2022-08-09,2호선,신림,49046,47563
2022-08-09,2호선,신대방,20984,21159
2022-08-09,2호선,구로디지털단지,51904,51721
2022-08-09,2호선,대림,20583,20868
2022-08-09,2호선,신도림,40823,39407
2022-08-09,2호선,문래,20292,20507
2022-08-09,2호선,영등포구청,20508,20980
2022-08-09,2호선,당산,16715,19715
2022-08-09,2호선,합정,26168,27047
2022-08-09,2호선,홍대입구,44208,45623
2022-08-09,2호선,신촌,29691,30221
2022-08-09,2호선,이대,11253,12096
2022-08-09,2호선,아현,9006,8858
2022-08-09,2호선,충정로,9485,10160
2022-08-09,2호선,용답,2319,2300
2022-08-09,2호선,신답,1538,1852
2022-08-09,2호선,신설동,3089,2923
2022-08-09,2호선,도림천,1315,1416
2022-08-09,2호선,양천구청,6160,6736
2022-08-09,2호선,신정네거리,9132,9821
2022-08-09,2호선,용두,2080,2102
2022-08-10,2호선,을지로3가,24378,24425
2022-08-10,2호선,시청,24223,23510
2022-08-10,2호선,을지로입구,42914,43938
2022-08-10,2호선,을지로4가,13971,13668
2022-08-10,2호선,동대문역사문화공원,10894,12030
2022-08-10,2호선,신당,13621,13889
2022-08-10,2호선,상왕십리,14040,13727
2022-08-10,2호선,왕십리,15559,13440
2022-08-10,2호선,한양대,7359,7732
2022-08-10,2호선,뚝섬,22510,24329
2022-08-10,2호선,성수,38583,41330
2022-08-10,2호선,건대입구,33623,35711
2022-08-10,2호선,구의,23408,23448
2022-08-10,2호선,강변,29392,27904
2022-08-10,2호선,잠실나루,15071,14947
2022-08-10,2호선,잠실,70661,70356
2022-08-10,2호선,잠실새내,22376,22040
2022-08-10,2호선,종합운동장,15728,25104
2022-08-10,2호선,삼성,53308,53657
2022-08-10,2호선,선릉,58049,51588
2022-08-10,2호선,역삼,53279,59551
2022-08-10,2호선,강남,76161,72739
2022-08-10,2호선,교대,34671,38552
2022-08-10,2호선,서초,21517,20724
2022-08-10,2호선,방배,16126,16721
2022-08-10,2호선,사당,36093,38637
2022-08-10,2호선,낙성대,26796,25790
2022-08-10,2호선,서울대입구,44808,44388
2022-08-10,2호선,봉천,24037,22737
2022-08-10,2호선,신림,56903,55202
2022-08-10,2호선,신대방,24557,24253
2022-08-10,2호선,구로디지털단지,57810,58036
2022-08-10,2호선,대림,23765,24068
2022-08-10,2호선,신도림,47793,47005
2022-08-10,2호선,문래,22197,22707
2022-08-10,2호선,영등포구청,22616,23253
2022-08-10,2호선,당산,18091,21156
2022-08-10,2호선,합정,30942,33421
2022-08-10,2호선,홍대입구,56675,60821
2022-08-10,2호선,신촌,34617,35485
2022-08-10,2호선,이대,12942,13982
2022-08-10,2호선,아현,10284,9658
2022-08-10,2호선,충정로,10409,10948
2022-08-10,2호선,용답,2701,2671
2022-08-10,2호선,신답,1703,1932
2022-08-10,2호선,신설동,3146,3163
2022-08-10,2호선,도림천,1339,1389
2022-08-10,2호선,양천구청,6815,7027
2022-08-10,2호선,신정네거리,10200,10583
2022-08-10,2호선,용두,2443,2486
2022-08-11,2호선,서초,21663,21190
2022-08-11,2호선,방배,15980,16544
2022-08-11,2호선,사당,36774,39930
2022-08-11,2호선,낙성대,27006,25938
2022-08-11,2호선,서울대입구,45901,44630
2022-08-11,2호선,봉천,23807,22174
2022-08-11,2호선,신림,56720,54230
2022-08-11,2호선,신대방,24881,23867
2022-08-11,2호선,구로디지털단지,58799,58889
2022-08-11,2호선,대림,23092,23439
2022-08-11,2호선,신도림,47885,47112
2022-08-11,2호선,문래,22049,22636
2022-08-11,2호선,영등포구청,21971,22799
2022-08-11,2호선,당산,17334,20575
2022-08-11,2호선,합정,30992,33596
2022-08-11,2호선,홍대입구,57227,61335
2022-08-11,2호선,신촌,33829,34702
2022-08-11,2호선,이대,13198,13875
2022-08-11,2호선,아현,10021,9486
2022-08-11,2호선,충정로,10005,10535
2022-08-11,2호선,용답,2689,2570
2022-08-11,2호선,신답,1749,1849
2022-08-11,2호선,신설동,3076,3104
2022-08-11,2호선,도림천,1370,1415
2022-08-11,2호선,양천구청,6665,6906
2022-08-11,2호선,신정네거리,10125,10381
2022-08-11,2호선,용두,2395,2434
2022-08-11,2호선,교대,34298,38365
2022-08-11,2호선,강남,79605,76199
2022-08-11,2호선,역삼,54354,61742
2022-08-11,2호선,선릉,58754,52388
2022-08-11,2호선,삼성,55446,56035
2022-08-11,2호선,종합운동장,10131,13838
2022-08-11,2호선,잠실새내,21446,21324
2022-08-11,2호선,잠실,70580,70482
2022-08-11,2호선,잠실나루,14788,14461
2022-08-11,2호선,강변,29862,29105
2022-08-11,2호선,구의,23517,22886
2022-08-11,2호선,건대입구,33861,36429
2022-08-11,2호선,성수,37643,41259
2022-08-11,2호선,뚝섬,22055,23952
2022-08-11,2호선,한양대,7252,7570
2022-08-11,2호선,왕십리,15267,13279
2022-08-11,2호선,상왕십리,13905,13354
2022-08-11,2호선,신당,13396,13613
2022-08-11,2호선,동대문역사문화공원,10823,12179
2022-08-11,2호선,을지로4가,13728,13721
2022-08-11,2호선,시청,23829,23492
2022-08-11,2호선,을지로입구,41999,43553
2022-08-11,2호선,을지로3가,23378,24061
2022-08-12,2호선,시청,24279,23556
2022-08-12,2호선,을지로입구,42885,43960
2022-08-12,2호선,을지로3가,23870,24610
2022-08-12,2호선,을지로4가,14272,14170
2022-08-12,2호선,동대문역사문화공원,12100,14396
2022-08-12,2호선,신당,14413,14803
2022-08-12,2호선,상왕십리,14718,13814
2022-08-12,2호선,왕십리,16434,14259
2022-08-12,2호선,한양대,7396,7676
2022-08-12,2호선,뚝섬,23865,25223
2022-08-12,2호선,성수,39981,44158
2022-08-12,2호선,건대입구,37296,41724
2022-08-12,2호선,구의,24640,23631
2022-08-12,2호선,강변,35322,38180
2022-08-12,2호선,잠실나루,15164,14507
2022-08-12,2호선,잠실,81179,80467
2022-08-12,2호선,잠실새내,23478,24460
2022-08-12,2호선,종합운동장,18543,21617
2022-08-12,2호선,삼성,58826,58549
2022-08-12,2호선,선릉,59562,52309
2022-08-12,2호선,역삼,53259,59447
2022-08-12,2호선,강남,87842,86551
2022-08-12,2호선,교대,34705,39042
2022-08-12,2호선,서초,22108,21012
2022-08-12,2호선,방배,16699,17205
2022-08-12,2호선,사당,41214,44508
2022-08-12,2호선,낙성대,28860,26390
2022-08-12,2호선,서울대입구,49972,47269
2022-08-12,2호선,봉천,25148,22655
2022-08-12,2호선,신림,61292,58402
2022-08-12,2호선,신대방,26135,24692
2022-08-12,2호선,구로디지털단지,60404,59519
2022-08-12,2호선,대림,24308,24533
2022-08-12,2호선,신도림,50427,49611
2022-08-12,2호선,문래,22519,23469
2022-08-12,2호선,영등포구청,22074,23021
2022-08-12,2호선,당산,18398,21117
2022-08-12,2호선,합정,33982,38566
2022-08-12,2호선,홍대입구,67383,75205
2022-08-12,2호선,신촌,37199,38070
2022-08-12,2호선,이대,14179,14599
2022-08-12,2호선,아현,10577,9610
2022-08-12,2호선,충정로,9989,10511
2022-08-12,2호선,신답,1756,1851
2022-08-12,2호선,신설동,3724,3657
2022-08-12,2호선,도림천,1375,1419
2022-08-12,2호선,양천구청,6961,7009
2022-08-12,2호선,신정네거리,10723,10762
2022-08-12,2호선,용두,2520,2499
2022-08-12,2호선,용답,2860,2647
2022-08-13,2호선,영등포구청,10692,10932
2022-08-13,2호선,문래,10773,11160
2022-08-13,2호선,신도림,33933,34087
2022-08-13,2호선,대림,16647,17382
2022-08-13,2호선,구로디지털단지,31259,29962
2022-08-13,2호선,신대방,17818,16450
2022-08-13,2호선,신림,43271,40074
2022-08-13,2호선,봉천,16246,14355
2022-08-13,2호선,서울대입구,32708,30655
2022-08-13,2호선,낙성대,19075,16738
2022-08-13,2호선,사당,27551,30707
2022-08-13,2호선,방배,8506,8744
2022-08-13,2호선,서초,10573,9002
2022-08-13,2호선,교대,15412,17334
2022-08-13,2호선,강남,49667,50009
2022-08-13,2호선,역삼,15476,16513
2022-08-13,2호선,선릉,21492,18780
2022-08-13,2호선,삼성,32266,31827
2022-08-13,2호선,종합운동장,21722,28555
2022-08-13,2호선,잠실새내,16659,18363
2022-08-13,2호선,잠실,63368,61732
2022-08-13,2호선,잠실나루,6913,6626
2022-08-13,2호선,강변,26088,29381
2022-08-13,2호선,구의,14949,14213
2022-08-13,2호선,건대입구,29319,32830
2022-08-13,2호선,성수,18509,21126
2022-08-13,2호선,용두,1632,1540
2022-08-13,2호선,신정네거리,6556,6377
2022-08-13,2호선,양천구청,3972,3901
2022-08-13,2호선,도림천,748,698
2022-08-13,2호선,신설동,2787,2803
2022-08-13,2호선,신답,985,975
2022-08-13,2호선,용답,1978,1818
2022-08-13,2호선,충정로,4723,4933
2022-08-13,2호선,아현,6831,6238
2022-08-13,2호선,이대,9461,9570
2022-08-13,2호선,신촌,27632,27525
2022-08-13,2호선,홍대입구,60928,67551
2022-08-13,2호선,합정,25445,28848
2022-08-13,2호선,당산,10377,11465
2022-08-13,2호선,뚝섬,12130,12217
2022-08-13,2호선,한양대,3729,3770
2022-08-13,2호선,왕십리,11336,9786
2022-08-13,2호선,상왕십리,8830,8083
2022-08-13,2호선,신당,9806,10483
2022-08-13,2호선,동대문역사문화공원,9372,11698
2022-08-13,2호선,을지로4가,6970,7216
2022-08-13,2호선,을지로3가,9817,9974
2022-08-13,2호선,을지로입구,20812,21318
2022-08-13,2호선,시청,9324,7749
2022-08-14,2호선,용두,1064,1082
2022-08-14,2호선,신정네거리,5197,5178
2022-08-14,2호선,양천구청,3264,3253
2022-08-14,2호선,도림천,457,431
2022-08-14,2호선,신설동,2960,2882
2022-08-14,2호선,신답,753,812
2022-08-14,2호선,용답,1638,1550
2022-08-14,2호선,충정로,3529,3627
2022-08-14,2호선,아현,5265,4829
2022-08-14,2호선,이대,6951,7296
2022-08-14,2호선,신촌,22608,22810
2022-08-14,2호선,홍대입구,55154,59205
2022-08-14,2호선,합정,20340,23541
2022-08-14,2호선,당산,8182,8826
2022-08-14,2호선,영등포구청,6898,6981
2022-08-14,2호선,문래,7171,7835
2022-08-14,2호선,신도림,25569,26330
2022-08-14,2호선,대림,14576,14955
2022-08-14,2호선,구로디지털단지,23465,22540
2022-08-14,2호선,신대방,14587,13895
2022-08-14,2호선,신림,35041,34226
2022-08-14,2호선,봉천,12385,11312
2022-08-14,2호선,서울대입구,25177,24920
2022-08-14,2호선,낙성대,14903,14212
2022-08-14,2호선,사당,21426,23154
2022-08-14,2호선,방배,6539,6777
2022-08-14,2호선,서초,11575,11094
2022-08-14,2호선,교대,10227,11267
2022-08-14,2호선,강남,32154,32341
2022-08-14,2호선,역삼,9743,10657
2022-08-14,2호선,선릉,12076,10426
2022-08-14,2호선,삼성,27250,26403
2022-08-14,2호선,종합운동장,12884,20014
2022-08-14,2호선,잠실새내,12173,12755
2022-08-14,2호선,잠실,54837,51495
2022-08-14,2호선,잠실나루,5488,5334
2022-08-14,2호선,강변,22418,21243
2022-08-14,2호선,구의,11000,10900
2022-08-14,2호선,건대입구,25381,27794
2022-08-14,2호선,성수,15874,18040
2022-08-14,2호선,뚝섬,9837,9999
2022-08-14,2호선,한양대,2150,2190
2022-08-14,2호선,왕십리,9001,8150
2022-08-14,2호선,상왕십리,6859,6569
2022-08-14,2호선,신당,8004,8558
2022-08-14,2호선,동대문역사문화공원,8931,10597
2022-08-14,2호선,을지로4가,4167,4317
2022-08-14,2호선,을지로3가,9082,9312
2022-08-14,2호선,을지로입구,18444,17932
2022-08-14,2호선,시청,7465,6149
2022-08-15,2호선,용두,1349,1354
2022-08-15,2호선,신정네거리,4950,5086
2022-08-15,2호선,양천구청,3110,3210
2022-08-15,2호선,도림천,570,579
2022-08-15,2호선,신설동,1973,1890
2022-08-15,2호선,신답,708,822
2022-08-15,2호선,용답,1620,1583
2022-08-15,2호선,충정로,3303,3542
2022-08-15,2호선,아현,5148,5068
2022-08-15,2호선,이대,6830,7671
2022-08-15,2호선,신촌,20587,20234
2022-08-15,2호선,홍대입구,48242,48442
2022-08-15,2호선,합정,18142,19885
2022-08-15,2호선,당산,7528,8047
2022-08-15,2호선,영등포구청,7654,8116
2022-08-15,2호선,문래,7222,7766
2022-08-15,2호선,신도림,24602,25156
2022-08-15,2호선,대림,13470,14043
2022-08-15,2호선,구로디지털단지,22524,23119
2022-08-15,2호선,신대방,13935,14083
2022-08-15,2호선,신림,32467,32644
2022-08-15,2호선,봉천,11625,11829
2022-08-15,2호선,서울대입구,23642,24949
2022-08-15,2호선,낙성대,13387,14181
2022-08-15,2호선,사당,19169,20982
2022-08-15,2호선,방배,5755,6201
2022-08-15,2호선,서초,5576,4987
2022-08-15,2호선,교대,10237,11448
2022-08-15,2호선,강남,30953,29257
2022-08-15,2호선,역삼,10417,11623
2022-08-15,2호선,선릉,13186,12109
2022-08-15,2호선,삼성,20135,19626
2022-08-15,2호선,종합운동장,3114,3546
2022-08-15,2호선,잠실새내,11206,11594
2022-08-15,2호선,잠실,47082,44389
2022-08-15,2호선,잠실나루,5077,5292
2022-08-15,2호선,강변,24540,19874
2022-08-15,2호선,구의,11216,11496
2022-08-15,2호선,건대입구,23763,25528
2022-08-15,2호선,성수,14426,15747
2022-08-15,2호선,뚝섬,8467,8963
2022-08-15,2호선,한양대,2352,2570
2022-08-15,2호선,왕십리,8406,7573
2022-08-15,2호선,상왕십리,6928,6860
2022-08-15,2호선,신당,7897,8640
2022-08-15,2호선,동대문역사문화공원,8399,9729
2022-08-15,2호선,을지로4가,5759,5503
2022-08-15,2호선,을지로3가,7609,7045
2022-08-15,2호선,을지로입구,19197,17122
2022-08-15,2호선,시청,9773,8006
2022-08-16,2호선,낙성대,27102,26624
2022-08-16,2호선,서울대입구,45732,45689
2022-08-16,2호선,봉천,24163,22715
2022-08-16,2호선,신림,56667,55340
2022-08-16,2호선,신대방,24774,24433
2022-08-16,2호선,구로디지털단지,59754,60088
2022-08-16,2호선,대림,23795,24398
2022-08-16,2호선,신도림,47002,46447
2022-08-16,2호선,문래,22035,22768
2022-08-16,2호선,영등포구청,22092,22769
2022-08-16,2호선,당산,17541,20746
2022-08-16,2호선,합정,30423,32506
2022-08-16,2호선,홍대입구,57871,61709
2022-08-16,2호선,신촌,33855,34586
2022-08-16,2호선,이대,12814,13821
2022-08-16,2호선,아현,10671,10054
2022-08-16,2호선,충정로,9874,10398
2022-08-16,2호선,용답,2701,2602
2022-08-16,2호선,신답,1655,1878
2022-08-16,2호선,신설동,3003,2948
2022-08-16,2호선,도림천,1347,1420
2022-08-16,2호선,양천구청,6813,7035
2022-08-16,2호선,신정네거리,10188,10509
2022-08-16,2호선,용두,2301,2387
2022-08-16,2호선,시청,23059,22450
2022-08-16,2호선,을지로입구,41815,42761
2022-08-16,2호선,을지로3가,23217,23540
2022-08-16,2호선,을지로4가,13821,13694
2022-08-16,2호선,동대문역사문화공원,12485,13849
2022-08-16,2호선,신당,13686,14084
2022-08-16,2호선,상왕십리,14336,13816
2022-08-16,2호선,왕십리,15597,12959
2022-08-16,2호선,한양대,7191,7940
2022-08-16,2호선,뚝섬,22501,24602
2022-08-16,2호선,성수,38004,41463
2022-08-16,2호선,건대입구,33059,35874
2022-08-16,2호선,구의,23479,23194
2022-08-16,2호선,강변,33079,29809
2022-08-16,2호선,잠실나루,14561,14499
2022-08-16,2호선,잠실,71939,71560
2022-08-16,2호선,잠실새내,21711,21940
2022-08-16,2호선,종합운동장,11804,12905
2022-08-16,2호선,삼성,52960,53705
2022-08-16,2호선,선릉,59798,52947
2022-08-16,2호선,역삼,54550,61601
2022-08-16,2호선,강남,82384,79412
2022-08-16,2호선,교대,34038,38224
2022-08-16,2호선,서초,21440,20782
2022-08-16,2호선,방배,16066,16551
2022-08-16,2호선,사당,38163,39974
2022-08-17,2호선,당산,18201,21555
2022-08-17,2호선,영등포구청,22444,23162
2022-08-17,2호선,문래,22713,23421
2022-08-17,2호선,신도림,48685,47743
2022-08-17,2호선,대림,24273,24719
2022-08-17,2호선,구로디지털단지,60771,61137
2022-08-17,2호선,용두,2376,2372
2022-08-17,2호선,신정네거리,10342,10668
2022-08-17,2호선,양천구청,6950,7142
2022-08-17,2호선,도림천,1490,1513
2022-08-17,2호선,신설동,3314,3253
2022-08-17,2호선,신답,1754,1903
2022-08-17,2호선,충정로,10189,10755
2022-08-17,2호선,아현,10782,10065
2022-08-17,2호선,이대,13514,14434
2022-08-17,2호선,신촌,35377,36249
2022-08-17,2호선,홍대입구,59662,62914
2022-08-17,2호선,합정,31898,34459
2022-08-17,2호선,용답,2694,2682
2022-08-17,2호선,신대방,25362,24979
2022-08-17,2호선,신림,58504,56273
2022-08-17,2호선,봉천,24738,23038
2022-08-17,2호선,서울대입구,47021,46348
2022-08-17,2호선,낙성대,28105,27292
2022-08-17,2호선,시청,24686,24105
2022-08-17,2호선,을지로입구,43378,44499
2022-08-17,2호선,을지로3가,24623,24723
2022-08-17,2호선,을지로4가,13813,13584
2022-08-17,2호선,동대문역사문화공원,13032,14810
2022-08-17,2호선,신당,14105,14497
2022-08-17,2호선,상왕십리,14566,14276
2022-08-17,2호선,왕십리,16312,13849
2022-08-17,2호선,한양대,7665,8356
2022-08-17,2호선,뚝섬,23309,25154
2022-08-17,2호선,성수,39296,43064
2022-08-17,2호선,건대입구,33933,36944
2022-08-17,2호선,구의,23804,23368
2022-08-17,2호선,강변,32110,30372
2022-08-17,2호선,잠실나루,15518,15047
2022-08-17,2호선,잠실,73716,72993
2022-08-17,2호선,잠실새내,22052,22009
2022-08-17,2호선,종합운동장,11582,12600
2022-08-17,2호선,삼성,56019,56630
2022-08-17,2호선,선릉,60744,53618
2022-08-17,2호선,역삼,56372,63314
2022-08-17,2호선,강남,85577,81606
2022-08-17,2호선,교대,35449,39530
2022-08-17,2호선,서초,22744,21466
2022-08-17,2호선,방배,16532,16828
2022-08-17,2호선,사당,39639,42226
2022-08-18,2호선,용두,2453,2418
2022-08-18,2호선,신정네거리,10472,10677
2022-08-18,2호선,양천구청,6878,7245
2022-08-18,2호선,도림천,1488,1513
2022-08-18,2호선,신설동,3176,3177
2022-08-18,2호선,신답,1704,1938
2022-08-18,2호선,용답,2980,2642
2022-08-18,2호선,충정로,10631,11353
2022-08-18,2호선,아현,10880,10189
2022-08-18,2호선,이대,13361,14179
2022-08-18,2호선,신촌,35145,35799
2022-08-18,2호선,홍대입구,60305,64402
2022-08-18,2호선,합정,32603,35232
2022-08-18,2호선,당산,18602,21769
2022-08-18,2호선,영등포구청,22232,23399
2022-08-18,2호선,문래,23203,23610
2022-08-18,2호선,신도림,49213,48741
2022-08-18,2호선,대림,24293,24720
2022-08-18,2호선,구로디지털단지,61178,61305
2022-08-18,2호선,신대방,25518,24884
2022-08-18,2호선,신림,58929,56321
2022-08-18,2호선,봉천,24753,23162
2022-08-18,2호선,서울대입구,47572,46629
2022-08-18,2호선,낙성대,28224,27124
2022-08-18,2호선,사당,39932,42759
2022-08-18,2호선,방배,16656,17069
2022-08-18,2호선,서초,22799,22090
2022-08-18,2호선,교대,35828,40913
2022-08-18,2호선,강남,85878,82883
2022-08-18,2호선,역삼,56031,63900
2022-08-18,2호선,선릉,61114,54491
2022-08-18,2호선,삼성,55958,56810
2022-08-18,2호선,종합운동장,9416,10050
2022-08-18,2호선,잠실새내,22451,22476
2022-08-18,2호선,잠실,73647,72580
2022-08-18,2호선,잠실나루,15450,15014
2022-08-18,2호선,강변,31790,30692
2022-08-18,2호선,구의,23972,23470
2022-08-18,2호선,건대입구,34267,37312
2022-08-18,2호선,성수,40109,44118
2022-08-18,2호선,뚝섬,23806,25722
2022-08-18,2호선,한양대,8324,9527
2022-08-18,2호선,왕십리,16613,13838
2022-08-18,2호선,상왕십리,14543,14174
2022-08-18,2호선,신당,14295,14682
2022-08-18,2호선,동대문역사문화공원,13148,14755
2022-08-18,2호선,을지로4가,14132,14296
2022-08-18,2호선,을지로3가,24508,24792
2022-08-18,2호선,을지로입구,44048,45886
2022-08-18,2호선,시청,24891,24031
2022-08-19,2호선,용두,2523,2465
2022-08-19,2호선,신정네거리,10494,10845
2022-08-19,2호선,양천구청,6888,7244
2022-08-19,2호선,도림천,1467,1521
2022-08-19,2호선,신설동,4028,3499
2022-08-19,2호선,신답,1677,1912
2022-08-19,2호선,용답,2828,2736
2022-08-19,2호선,충정로,10283,11013
2022-08-19,2호선,아현,11157,10557
2022-08-19,2호선,이대,13813,14476
2022-08-19,2호선,신촌,35830,36865
2022-08-19,2호선,홍대입구,60209,67022
2022-08-19,2호선,합정,33091,36747
2022-08-19,2호선,당산,17677,21108
2022-08-19,2호선,영등포구청,22299,23169
2022-08-19,2호선,문래,23025,23700
2022-08-19,2호선,신도림,49217,48682
2022-08-19,2호선,대림,24088,24578
2022-08-19,2호선,구로디지털단지,61093,60707
2022-08-19,2호선,신대방,25448,24919
2022-08-19,2호선,신림,59117,56876
2022-08-19,2호선,봉천,24991,23059
2022-08-19,2호선,서울대입구,47905,46211
2022-08-19,2호선,낙성대,28754,27378
2022-08-19,2호선,사당,39608,43298
2022-08-19,2호선,방배,16706,17198
2022-08-19,2호선,서초,22613,21398
2022-08-19,2호선,교대,35760,40557
2022-08-19,2호선,강남,87007,84190
2022-08-19,2호선,역삼,56800,61134
2022-08-19,2호선,선릉,60001,52724
2022-08-19,2호선,삼성,57580,56379
2022-08-19,2호선,종합운동장,7155,7727
2022-08-19,2호선,잠실새내,23079,23525
2022-08-19,2호선,잠실,72234,70980
2022-08-19,2호선,잠실나루,14965,14531
2022-08-19,2호선,강변,33825,33433
2022-08-19,2호선,구의,24393,23856
2022-08-19,2호선,건대입구,34853,38593
2022-08-19,2호선,성수,40751,43793
2022-08-19,2호선,뚝섬,23490,24939
2022-08-19,2호선,한양대,7060,7383
2022-08-19,2호선,왕십리,16915,14379
2022-08-19,2호선,상왕십리,14925,14497
2022-08-19,2호선,신당,14536,15049
2022-08-19,2호선,동대문역사문화공원,12493,13557
2022-08-19,2호선,을지로4가,14291,14370
2022-08-19,2호선,을지로3가,25063,24827
2022-08-19,2호선,을지로입구,43969,44294
2022-08-19,2호선,시청,25009,23726
2022-08-20,2호선,용두,1805,1678
2022-08-20,2호선,신정네거리,7750,7562
2022-08-20,2호선,양천구청,4754,4593
2022-08-20,2호선,도림천,772,753
2022-08-20,2호선,신설동,3391,1657
2022-08-20,2호선,신답,1033,1057
2022-08-20,2호선,용답,2163,1968
2022-08-20,2호선,충정로,5742,5971
2022-08-20,2호선,아현,7682,7253
2022-08-20,2호선,이대,10322,10464
2022-08-20,2호선,신촌,31814,31827
2022-08-20,2호선,홍대입구,68915,78198
2022-08-20,2호선,합정,28933,33381
2022-08-20,2호선,당산,12311,13199
2022-08-20,2호선,영등포구청,12638,13123
2022-08-20,2호선,문래,13143,14178
2022-08-20,2호선,신도림,38556,38819
2022-08-20,2호선,대림,17913,18891
2022-08-20,2호선,구로디지털단지,34646,33667
2022-08-20,2호선,신대방,19605,18229
2022-08-20,2호선,신림,47363,44712
2022-08-20,2호선,봉천,17846,15789
2022-08-20,2호선,서울대입구,36538,34689
2022-08-20,2호선,낙성대,21284,19098
2022-08-20,2호선,사당,32522,36783
2022-08-20,2호선,방배,9876,10150
2022-08-20,2호선,서초,10967,9356
2022-08-20,2호선,교대,17318,19393
2022-08-20,2호선,강남,57869,58111
2022-08-20,2호선,역삼,18075,19840
2022-08-20,2호선,선릉,25252,22277
2022-08-20,2호선,삼성,31771,31713
2022-08-20,2호선,종합운동장,13074,14732
2022-08-20,2호선,잠실새내,17638,18622
2022-08-20,2호선,잠실,66440,63931
2022-08-20,2호선,잠실나루,7526,7438
2022-08-20,2호선,강변,28254,28703
2022-08-20,2호선,구의,16385,15603
2022-08-20,2호선,건대입구,33352,37031
2022-08-20,2호선,성수,22829,26356
2022-08-20,2호선,뚝섬,14983,15480
2022-08-20,2호선,한양대,4104,4337
2022-08-20,2호선,왕십리,13087,11260
2022-08-20,2호선,상왕십리,9945,9131
2022-08-20,2호선,신당,11118,11469
2022-08-20,2호선,동대문역사문화공원,10753,12554
2022-08-20,2호선,을지로4가,7937,7938
2022-08-20,2호선,을지로3가,11432,11689
2022-08-20,2호선,을지로입구,22928,23300
2022-08-20,2호선,시청,10088,8710
2022-08-21,2호선,시청,6641,5541
2022-08-21,2호선,을지로입구,17369,16945
2022-08-21,2호선,을지로3가,9044,8738
2022-08-21,2호선,을지로4가,4039,3976
2022-08-21,2호선,동대문역사문화공원,8623,10315
2022-08-21,2호선,신당,8192,8867
2022-08-21,2호선,상왕십리,7382,7183
2022-08-21,2호선,왕십리,9454,8243
2022-08-21,2호선,한양대,2623,2685
2022-08-21,2호선,뚝섬,10348,10729
2022-08-21,2호선,건대입구,25694,27327
2022-08-21,2호선,구의,11276,11271
2022-08-21,2호선,강변,23945,22471
2022-08-21,2호선,잠실나루,5396,5530
2022-08-21,2호선,잠실,50567,47420
2022-08-21,2호선,잠실새내,11884,12378
2022-08-21,2호선,종합운동장,10997,11729
2022-08-21,2호선,삼성,22724,21729
2022-08-21,2호선,선릉,13797,11802
2022-08-21,2호선,역삼,11138,12302
2022-08-21,2호선,강남,34497,32812
2022-08-21,2호선,교대,10574,11883
2022-08-21,2호선,서초,12387,11483
2022-08-21,2호선,방배,7038,7302
2022-08-21,2호선,사당,22648,25045
2022-08-21,2호선,낙성대,15794,16157
2022-08-21,2호선,서울대입구,26106,26564
2022-08-21,2호선,봉천,12529,12190
2022-08-21,2호선,신림,35675,34868
2022-08-21,2호선,신대방,15128,14816
2022-08-21,2호선,구로디지털단지,24162,23727
2022-08-21,2호선,대림,15073,15334
2022-08-21,2호선,신도림,27180,27690
2022-08-21,2호선,문래,8023,8768
2022-08-21,2호선,영등포구청,8245,8774
2022-08-21,2호선,당산,8326,9290
2022-08-21,2호선,합정,21245,22760
2022-08-21,2호선,홍대입구,54305,54083
2022-08-21,2호선,신촌,23358,22883
2022-08-21,2호선,이대,7290,7726
2022-08-21,2호선,아현,5372,5316
2022-08-21,2호선,충정로,3556,3875
2022-08-21,2호선,용답,1757,1652
2022-08-21,2호선,신답,757,818
2022-08-21,2호선,신설동,3032,3004
2022-08-21,2호선,도림천,417,444
2022-08-21,2호선,양천구청,3397,3444
2022-08-21,2호선,신정네거리,5130,5350
2022-08-21,2호선,용두,1167,1226
2022-08-21,2호선,성수,16268,18378
2022-08-22,2호선,용두,2364,2391
2022-08-22,2호선,신정네거리,10161,10544
2022-08-22,2호선,양천구청,6858,7143
2022-08-22,2호선,도림천,1482,1572
2022-08-22,2호선,신설동,3221,3166
2022-08-22,2호선,신답,1715,1977
2022-08-22,2호선,용답,2872,2774
2022-08-22,2호선,충정로,10085,10702
2022-08-22,2호선,아현,10233,9786
2022-08-22,2호선,이대,13078,14106
2022-08-22,2호선,신촌,34372,34829
2022-08-22,2호선,홍대입구,56197,59068
2022-08-22,2호선,합정,29703,31601
2022-08-22,2호선,당산,17710,20892
2022-08-22,2호선,영등포구청,21829,23024
2022-08-22,2호선,문래,22532,23015
2022-08-22,2호선,신도림,46997,45741
2022-08-22,2호선,대림,24301,24756
2022-08-22,2호선,구로디지털단지,59729,60115
2022-08-22,2호선,신대방,25008,24350
2022-08-22,2호선,신림,57190,54514
2022-08-22,2호선,봉천,24315,23072
2022-08-22,2호선,서울대입구,45568,45275
2022-08-22,2호선,낙성대,27013,26745
2022-08-22,2호선,사당,36501,39370
2022-08-22,2호선,방배,16363,16844
2022-08-22,2호선,서초,22322,21573
2022-08-22,2호선,교대,34579,39156
2022-08-22,2호선,강남,82641,79316
2022-08-22,2호선,역삼,54993,62152
2022-08-22,2호선,선릉,59405,53055
2022-08-22,2호선,삼성,52157,52929
2022-08-22,2호선,종합운동장,6891,7454
2022-08-22,2호선,잠실새내,21408,21127
2022-08-22,2호선,잠실,67520,66850
2022-08-22,2호선,잠실나루,14920,14816
2022-08-22,2호선,강변,32258,30079
2022-08-22,2호선,구의,23235,23156
2022-08-22,2호선,건대입구,33143,35825
2022-08-22,2호선,성수,38150,41093
2022-08-22,2호선,뚝섬,21709,23559
2022-08-22,2호선,한양대,6879,7571
2022-08-22,2호선,왕십리,15949,12892
2022-08-22,2호선,상왕십리,14136,13908
2022-08-22,2호선,신당,13779,13988
2022-08-22,2호선,동대문역사문화공원,12271,13897
2022-08-22,2호선,을지로4가,13643,13688
2022-08-22,2호선,을지로3가,23973,23944
2022-08-22,2호선,을지로입구,38751,40379
2022-08-22,2호선,시청,23530,23071
2022-08-23,2호선,방배,16791,17448
2022-08-23,2호선,시청,26583,25804
2022-08-23,2호선,을지로입구,44165,45421
2022-08-23,2호선,을지로3가,24120,24798
2022-08-23,2호선,을지로4가,14385,14328
2022-08-23,2호선,동대문역사문화공원,12850,14485
2022-08-23,2호선,신당,14332,14615
2022-08-23,2호선,상왕십리,14442,13963
2022-08-23,2호선,왕십리,15869,13285
2022-08-23,2호선,한양대,7199,7713
2022-08-23,2호선,뚝섬,23092,25020
2022-08-23,2호선,성수,39249,43173
2022-08-23,2호선,건대입구,33521,36923
2022-08-23,2호선,구의,24480,23936
2022-08-23,2호선,강변,30986,29058
2022-08-23,2호선,잠실나루,15375,15089
2022-08-23,2호선,잠실,71950,71441
2022-08-23,2호선,잠실새내,21906,21846
2022-08-23,2호선,종합운동장,9106,9707
2022-08-23,2호선,삼성,54659,55671
2022-08-23,2호선,선릉,61082,54085
2022-08-23,2호선,역삼,56800,64729
2022-08-23,2호선,강남,84933,81540
2022-08-23,2호선,교대,35592,40068
2022-08-23,2호선,서초,22704,21932
2022-08-23,2호선,사당,38550,41398
2022-08-23,2호선,낙성대,28238,27431
2022-08-23,2호선,서울대입구,47189,46222
2022-08-23,2호선,봉천,25102,23347
2022-08-23,2호선,신림,58374,56118
2022-08-23,2호선,신대방,25662,25344
2022-08-23,2호선,구로디지털단지,61014,61314
2022-08-23,2호선,대림,24482,25052
2022-08-23,2호선,신도림,47287,46676
2022-08-23,2호선,문래,23106,23768
2022-08-23,2호선,영등포구청,22536,23458
2022-08-23,2호선,당산,18502,21990
2022-08-23,2호선,합정,31197,33323
2022-08-23,2호선,홍대입구,56753,60301
2022-08-23,2호선,신촌,34654,35464
2022-08-23,2호선,이대,13529,13983
2022-08-23,2호선,아현,10811,10251
2022-08-23,2호선,충정로,10344,10981
2022-08-23,2호선,용답,2854,2684
2022-08-23,2호선,신답,1776,1991
2022-08-23,2호선,신설동,3125,3143
2022-08-23,2호선,도림천,1498,1543
2022-08-23,2호선,양천구청,7060,7344
2022-08-23,2호선,신정네거리,10705,11125
2022-08-23,2호선,용두,2546,2503
2022-08-24,2호선,동대문역사문화공원,14143,15801
2022-08-24,2호선,용두,2521,2558
2022-08-24,2호선,신정네거리,10628,10914
2022-08-24,2호선,양천구청,7115,7363
2022-08-24,2호선,도림천,1437,1499
2022-08-24,2호선,신설동,3191,3134
2022-08-24,2호선,신답,1836,2030
2022-08-24,2호선,용답,2853,2734
2022-08-24,2호선,충정로,10694,11258
2022-08-24,2호선,아현,10939,10379
2022-08-24,2호선,이대,14070,14836
2022-08-24,2호선,신촌,35168,36253
2022-08-24,2호선,홍대입구,58028,61764
2022-08-24,2호선,합정,32452,34827
2022-08-24,2호선,당산,18813,22233
2022-08-24,2호선,영등포구청,22988,23798
2022-08-24,2호선,문래,23292,23871
2022-08-24,2호선,신도림,49784,49077
2022-08-24,2호선,대림,24689,25115
2022-08-24,2호선,구로디지털단지,61587,61802
2022-08-24,2호선,신대방,26034,25234
2022-08-24,2호선,신림,59189,57017
2022-08-24,2호선,봉천,25208,23443
2022-08-24,2호선,서울대입구,47622,47037
2022-08-24,2호선,낙성대,28659,27477
2022-08-24,2호선,사당,39020,42180
2022-08-24,2호선,방배,16845,17357
2022-08-24,2호선,서초,22968,22051
2022-08-24,2호선,교대,35948,40535
2022-08-24,2호선,강남,84569,81630
2022-08-24,2호선,역삼,56899,64827
2022-08-24,2호선,선릉,60978,54263
2022-08-24,2호선,삼성,56524,57605
2022-08-24,2호선,종합운동장,9259,9862
2022-08-24,2호선,잠실새내,21960,21833
2022-08-24,2호선,잠실,71310,70824
2022-08-24,2호선,잠실나루,15562,14982
2022-08-24,2호선,강변,31947,30184
2022-08-24,2호선,구의,24352,23807
2022-08-24,2호선,건대입구,34536,37242
2022-08-24,2호선,뚝섬,23555,25663
2022-08-24,2호선,한양대,7100,7709
2022-08-24,2호선,왕십리,16538,13669
2022-08-24,2호선,상왕십리,14913,14403
2022-08-24,2호선,신당,14575,15078
2022-08-24,2호선,을지로4가,14347,14268
2022-08-24,2호선,을지로3가,24830,25399
2022-08-24,2호선,을지로입구,43939,45276
2022-08-24,2호선,시청,25042,24376
2022-08-24,2호선,성수,39846,43685
2022-08-25,2호선,용두,2496,2521
2022-08-25,2호선,신정네거리,10468,10723
2022-08-25,2호선,양천구청,7054,7187
2022-08-25,2호선,도림천,1477,1545
2022-08-25,2호선,신설동,3312,3219
2022-08-25,2호선,신답,1807,1979
2022-08-25,2호선,용답,2804,2702
2022-08-25,2호선,충정로,10666,11261
2022-08-25,2호선,아현,10957,10206
2022-08-25,2호선,이대,14000,14898
2022-08-25,2호선,신촌,35486,36348
2022-08-25,2호선,홍대입구,58512,63736
2022-08-25,2호선,합정,32596,35367
2022-08-25,2호선,당산,18717,22116
2022-08-25,2호선,영등포구청,22374,23550
2022-08-25,2호선,문래,23213,23828
2022-08-25,2호선,신도림,49205,48400
2022-08-25,2호선,대림,24305,24860
2022-08-25,2호선,구로디지털단지,61256,61542
2022-08-25,2호선,신대방,25744,25020
2022-08-25,2호선,신림,58907,56224
2022-08-25,2호선,봉천,25210,23378
2022-08-25,2호선,서울대입구,47577,46363
2022-08-25,2호선,낙성대,28307,27318
2022-08-25,2호선,사당,39319,43095
2022-08-25,2호선,방배,17046,17481
2022-08-25,2호선,서초,23197,22132
2022-08-25,2호선,교대,36523,41295
2022-08-25,2호선,강남,85823,83087
2022-08-25,2호선,역삼,56182,63968
2022-08-25,2호선,선릉,61205,54507
2022-08-25,2호선,삼성,60396,60649
2022-08-25,2호선,종합운동장,16234,17727
2022-08-25,2호선,잠실새내,22761,22804
2022-08-25,2호선,잠실,72055,71696
2022-08-25,2호선,잠실나루,15347,15129
2022-08-25,2호선,강변,31989,30873
2022-08-25,2호선,구의,24538,23876
2022-08-25,2호선,건대입구,34355,37238
2022-08-25,2호선,성수,39158,43264
2022-08-25,2호선,뚝섬,23584,25625
2022-08-25,2호선,한양대,7075,7652
2022-08-25,2호선,왕십리,16386,13772
2022-08-25,2호선,상왕십리,14676,14221
2022-08-25,2호선,신당,14498,14666
2022-08-25,2호선,동대문역사문화공원,13949,15748
2022-08-25,2호선,을지로4가,14091,14372
2022-08-25,2호선,을지로3가,24947,25173
2022-08-25,2호선,을지로입구,43888,45477
2022-08-25,2호선,시청,24956,24296
2022-08-26,2호선,시청,25795,24738
2022-08-26,2호선,을지로입구,44942,46304
2022-08-26,2호선,을지로3가,25348,26183
2022-08-26,2호선,을지로4가,14887,14728
2022-08-26,2호선,동대문역사문화공원,13734,14733
2022-08-26,2호선,신당,15325,15663
2022-08-26,2호선,상왕십리,15513,14647
2022-08-26,2호선,왕십리,17728,15357
2022-08-26,2호선,한양대,8446,9012
2022-08-26,2호선,뚝섬,24116,25998
2022-08-26,2호선,성수,40201,44897
2022-08-26,2호선,건대입구,37904,42338
2022-08-26,2호선,구의,25377,24560
2022-08-26,2호선,강변,35294,35607
2022-08-26,2호선,잠실나루,15607,14986
2022-08-26,2호선,잠실,75903,75617
2022-08-26,2호선,잠실새내,24607,25007
2022-08-26,2호선,종합운동장,16451,18914
2022-08-26,2호선,삼성,58862,59058
2022-08-26,2호선,선릉,60712,54091
2022-08-26,2호선,역삼,54568,61670
2022-08-26,2호선,강남,89847,88744
2022-08-26,2호선,교대,37135,42193
2022-08-26,2호선,서초,23635,22447
2022-08-26,2호선,방배,17115,17569
2022-08-26,2호선,사당,42148,46251
2022-08-26,2호선,낙성대,29880,27885
2022-08-26,2호선,서울대입구,51232,49170
2022-08-26,2호선,봉천,25776,23507
2022-08-26,2호선,신림,62159,59762
2022-08-26,2호선,신대방,27149,25707
2022-08-26,2호선,구로디지털단지,62738,62417
2022-08-26,2호선,대림,25404,25772
2022-08-26,2호선,신도림,50904,50874
2022-08-26,2호선,문래,23641,24675
2022-08-26,2호선,영등포구청,23057,23932
2022-08-26,2호선,당산,19668,22812
2022-08-26,2호선,합정,35066,39187
2022-08-26,2호선,홍대입구,64227,73313
2022-08-26,2호선,신촌,39816,40881
2022-08-26,2호선,이대,15725,17018
2022-08-26,2호선,아현,11643,10725
2022-08-26,2호선,충정로,10619,11357
2022-08-26,2호선,용답,3076,2864
2022-08-26,2호선,신답,1828,1946
2022-08-26,2호선,신설동,3779,3707
2022-08-26,2호선,도림천,1416,1455
2022-08-26,2호선,양천구청,7293,7330
2022-08-26,2호선,신정네거리,11008,11127
2022-08-26,2호선,용두,2728,2706
2022-08-27,2호선,용두,2027,1909
2022-08-27,2호선,신정네거리,8197,7983
2022-08-27,2호선,양천구청,4643,4553
2022-08-27,2호선,도림천,818,806
2022-08-27,2호선,신설동,3662,3488
2022-08-27,2호선,신답,1133,1195
2022-08-27,2호선,용답,2347,2086
2022-08-27,2호선,충정로,6237,6655
2022-08-27,2호선,아현,8140,7549
2022-08-27,2호선,이대,11417,11739
2022-08-27,2호선,신촌,32583,33368
2022-08-27,2호선,홍대입구,72314,82372
2022-08-27,2호선,합정,30880,35801
2022-08-27,2호선,당산,14169,15227
2022-08-27,2호선,영등포구청,13116,14069
2022-08-27,2호선,문래,13735,14845
2022-08-27,2호선,신도림,42254,43313
2022-08-27,2호선,대림,18781,19790
2022-08-27,2호선,구로디지털단지,36166,35326
2022-08-27,2호선,신대방,20814,19310
2022-08-27,2호선,신림,49447,46546
2022-08-27,2호선,봉천,18439,16542
2022-08-27,2호선,서울대입구,39403,37244
2022-08-27,2호선,낙성대,22760,20961
2022-08-27,2호선,사당,33964,37920
2022-08-27,2호선,방배,10210,10477
2022-08-27,2호선,서초,12867,11049
2022-08-27,2호선,교대,18731,21873
2022-08-27,2호선,강남,60106,60754
2022-08-27,2호선,역삼,18247,20585
2022-08-27,2호선,선릉,26842,23248
2022-08-27,2호선,삼성,36515,35860
2022-08-27,2호선,종합운동장,17598,19066
2022-08-27,2호선,잠실새내,18416,19258
2022-08-27,2호선,잠실,72115,69331
2022-08-27,2호선,잠실나루,8251,8036
2022-08-27,2호선,강변,31424,32251
2022-08-27,2호선,구의,17344,16489
2022-08-27,2호선,건대입구,36095,39980
2022-08-27,2호선,성수,22442,27029
2022-08-27,2호선,뚝섬,16550,17156
2022-08-27,2호선,한양대,5368,5430
2022-08-27,2호선,왕십리,13959,12070
2022-08-27,2호선,상왕십리,10340,9648
2022-08-27,2호선,신당,11799,12260
2022-08-27,2호선,동대문역사문화공원,11198,12788
2022-08-27,2호선,을지로4가,8644,9031
2022-08-27,2호선,을지로3가,12460,12398
2022-08-27,2호선,을지로입구,25192,25200
2022-08-27,2호선,시청,11196,9984
2022-08-28,2호선,을지로입구,18709,17927
2022-08-28,2호선,을지로3가,9691,9501
2022-08-28,2호선,을지로4가,4693,4437
2022-08-28,2호선,동대문역사문화공원,9246,11263
2022-08-28,2호선,신당,8686,9173
2022-08-28,2호선,상왕십리,7252,7386
2022-08-28,2호선,왕십리,9963,8566
2022-08-28,2호선,한양대,2862,3363
2022-08-28,2호선,뚝섬,12521,12203
2022-08-28,2호선,성수,15663,18207
2022-08-28,2호선,건대입구,27522,29119
2022-08-28,2호선,구의,11999,12032
2022-08-28,2호선,강변,25721,24548
2022-08-28,2호선,잠실나루,5992,6000
2022-08-28,2호선,잠실,52049,48982
2022-08-28,2호선,잠실새내,12379,12561
2022-08-28,2호선,종합운동장,12085,12789
2022-08-28,2호선,삼성,27134,25434
2022-08-28,2호선,선릉,14323,12228
2022-08-28,2호선,역삼,11805,12902
2022-08-28,2호선,강남,35379,34118
2022-08-28,2호선,교대,11488,12731
2022-08-28,2호선,서초,13011,12310
2022-08-28,2호선,방배,7289,7563
2022-08-28,2호선,사당,23306,25951
2022-08-28,2호선,낙성대,16728,17021
2022-08-28,2호선,서울대입구,27855,28555
2022-08-28,2호선,봉천,13087,12553
2022-08-28,2호선,신림,36999,36144
2022-08-28,2호선,신대방,15877,15493
2022-08-28,2호선,구로디지털단지,25325,24905
2022-08-28,2호선,대림,16288,16792
2022-08-28,2호선,신도림,30151,30905
2022-08-28,2호선,문래,8841,9441
2022-08-28,2호선,영등포구청,8339,8600
2022-08-28,2호선,당산,9705,10194
2022-08-28,2호선,합정,23045,24822
2022-08-28,2호선,홍대입구,57285,57799
2022-08-28,2호선,신촌,23953,23476
2022-08-28,2호선,이대,8082,8682
2022-08-28,2호선,아현,5842,5685
2022-08-28,2호선,충정로,3999,4370
2022-08-28,2호선,용답,1904,1796
2022-08-28,2호선,신답,843,873
2022-08-28,2호선,신설동,3475,3342
2022-08-28,2호선,도림천,475,495
2022-08-28,2호선,양천구청,3598,3672
2022-08-28,2호선,신정네거리,5621,5628
2022-08-28,2호선,용두,1151,1151
2022-08-28,2호선,시청,8415,7098
2022-08-29,2호선,용두,2647,2680
2022-08-29,2호선,신정네거리,10682,10862
2022-08-29,2호선,양천구청,7024,7236
2022-08-29,2호선,도림천,1485,1583
2022-08-29,2호선,신설동,3246,3389
2022-08-29,2호선,신답,1796,1956
2022-08-29,2호선,용답,2851,2910
2022-08-29,2호선,충정로,10413,10952
2022-08-29,2호선,아현,10904,10297
2022-08-29,2호선,이대,14048,15140
2022-08-29,2호선,신촌,34166,35053
2022-08-29,2호선,홍대입구,55134,58648
2022-08-29,2호선,합정,30247,32358
2022-08-29,2호선,당산,18209,21657
2022-08-29,2호선,영등포구청,22618,23605
2022-08-29,2호선,문래,22827,23311
2022-08-29,2호선,신도림,47271,46353
2022-08-29,2호선,대림,24329,25109
2022-08-29,2호선,구로디지털단지,60856,61175
2022-08-29,2호선,신대방,25457,24828
2022-08-29,2호선,신림,57682,55159
2022-08-29,2호선,봉천,24598,23017
2022-08-29,2호선,서울대입구,47170,47249
2022-08-29,2호선,낙성대,27783,27431
2022-08-29,2호선,사당,36631,40191
2022-08-29,2호선,방배,16294,16753
2022-08-29,2호선,서초,22403,21430
2022-08-29,2호선,교대,34299,39208
2022-08-29,2호선,강남,79280,77037
2022-08-29,2호선,역삼,55023,62782
2022-08-29,2호선,선릉,59409,52751
2022-08-29,2호선,삼성,52687,54084
2022-08-29,2호선,종합운동장,6985,7893
2022-08-29,2호선,잠실새내,21343,20883
2022-08-29,2호선,잠실,68068,68594
2022-08-29,2호선,잠실나루,15368,15163
2022-08-29,2호선,강변,32122,29974
2022-08-29,2호선,구의,24028,23775
2022-08-29,2호선,건대입구,34701,37332
2022-08-29,2호선,성수,38462,42178
2022-08-29,2호선,뚝섬,22229,24452
2022-08-29,2호선,한양대,7691,8285
2022-08-29,2호선,왕십리,16059,13368
2022-08-29,2호선,상왕십리,14754,14367
2022-08-29,2호선,신당,14241,14588
2022-08-29,2호선,동대문역사문화공원,12381,13922
2022-08-29,2호선,을지로4가,14335,14241
2022-08-29,2호선,을지로3가,24010,24370
2022-08-29,2호선,을지로입구,43279,44956
2022-08-29,2호선,시청,24702,24547
2022-08-30,2호선,신답,1774,2043
2022-08-30,2호선,시청,25675,24874
2022-08-30,2호선,을지로입구,44067,45490
2022-08-30,2호선,을지로3가,24803,24575
2022-08-30,2호선,을지로4가,14057,13916
2022-08-30,2호선,동대문역사문화공원,12249,14250
2022-08-30,2호선,신당,14169,14679
2022-08-30,2호선,상왕십리,14915,14552
2022-08-30,2호선,왕십리,16101,13548
2022-08-30,2호선,한양대,7345,7742
2022-08-30,2호선,뚝섬,22500,24282
2022-08-30,2호선,성수,39343,42356
2022-08-30,2호선,건대입구,33629,36249
2022-08-30,2호선,구의,24377,23993
2022-08-30,2호선,강변,30284,28285
2022-08-30,2호선,잠실나루,14955,14595
2022-08-30,2호선,잠실,67528,67726
2022-08-30,2호선,잠실새내,21426,21623
2022-08-30,2호선,종합운동장,6866,7454
2022-08-30,2호선,삼성,55990,56731
2022-08-30,2호선,선릉,60780,54083
2022-08-30,2호선,역삼,58861,65173
2022-08-30,2호선,강남,81046,78028
2022-08-30,2호선,교대,35538,40420
2022-08-30,2호선,서초,23542,22582
2022-08-30,2호선,방배,16818,17464
2022-08-30,2호선,사당,37764,40904
2022-08-30,2호선,낙성대,28051,27441
2022-08-30,2호선,서울대입구,46642,46245
2022-08-30,2호선,봉천,24436,22989
2022-08-30,2호선,신림,56893,54776
2022-08-30,2호선,신대방,24510,24172
2022-08-30,2호선,구로디지털단지,59919,60155
2022-08-30,2호선,대림,23253,23718
2022-08-30,2호선,신도림,47060,46567
2022-08-30,2호선,문래,23365,23867
2022-08-30,2호선,영등포구청,22736,23449
2022-08-30,2호선,당산,17552,21203
2022-08-30,2호선,합정,30635,32421
2022-08-30,2호선,홍대입구,52474,56434
2022-08-30,2호선,신촌,33745,35099
2022-08-30,2호선,이대,13972,14863
2022-08-30,2호선,아현,11067,10489
2022-08-30,2호선,충정로,10572,11124
2022-08-30,2호선,용답,2774,2714
2022-08-30,2호선,신설동,3385,3472
2022-08-30,2호선,도림천,1553,1618
2022-08-30,2호선,양천구청,7041,7349
2022-08-30,2호선,신정네거리,10480,10737
2022-08-30,2호선,용두,2436,2434
2022-08-31,2호선,시청,25872,25151
2022-08-31,2호선,을지로입구,45041,46911
2022-08-31,2호선,을지로3가,25241,25600
2022-08-31,2호선,을지로4가,14642,14798
2022-08-31,2호선,동대문역사문화공원,13340,15264
2022-08-31,2호선,신당,14995,15431
2022-08-31,2호선,상왕십리,15222,14808
2022-08-31,2호선,왕십리,17181,14446
2022-08-31,2호선,한양대,8038,8592
2022-08-31,2호선,뚝섬,23694,25641
2022-08-31,2호선,성수,39641,44127
2022-08-31,2호선,건대입구,36373,39002
2022-08-31,2호선,구의,25032,24534
2022-08-31,2호선,강변,31467,29497
2022-08-31,2호선,잠실나루,15962,15664
2022-08-31,2호선,잠실,74229,74035
2022-08-31,2호선,잠실새내,22627,22503
2022-08-31,2호선,종합운동장,10957,11820
2022-08-31,2호선,삼성,55344,56991
2022-08-31,2호선,선릉,61786,54849
2022-08-31,2호선,역삼,57102,64963
2022-08-31,2호선,강남,83516,79939
2022-08-31,2호선,교대,36071,40629
2022-08-31,2호선,서초,23742,23120
2022-08-31,2호선,방배,17152,17815
2022-08-31,2호선,사당,39732,43136
2022-08-31,2호선,낙성대,29466,28514
2022-08-31,2호선,서울대입구,48532,48278
2022-08-31,2호선,봉천,25832,23840
2022-08-31,2호선,신림,60363,57693
2022-08-31,2호선,신대방,26442,25861
2022-08-31,2호선,구로디지털단지,62384,62407
2022-08-31,2호선,대림,25048,25569
2022-08-31,2호선,신도림,49857,49180
2022-08-31,2호선,문래,23761,24498
2022-08-31,2호선,영등포구청,23656,24448
2022-08-31,2호선,당산,19521,22979
2022-08-31,2호선,합정,32596,35070
2022-08-31,2호선,홍대입구,58812,62877
2022-08-31,2호선,신촌,37384,39110
2022-08-31,2호선,이대,14927,16520
2022-08-31,2호선,아현,11783,10871
2022-08-31,2호선,충정로,10874,11633
2022-08-31,2호선,용답,2970,2903
2022-08-31,2호선,신답,1829,2036
2022-08-31,2호선,신설동,3488,3392
2022-08-31,2호선,도림천,1492,1587
2022-08-31,2호선,양천구청,7238,7511
2022-08-31,2호선,신정네거리,10853,11204
2022-08-31,2호선,용두,2706,2758
2022-09-01,2호선,신대방,26990,26203
2022-09-01,2호선,신림,61313,58762
2022-09-01,2호선,봉천,26070,23873
2022-09-01,2호선,서울대입구,51225,50545
2022-09-01,2호선,낙성대,30179,29402
2022-09-01,2호선,사당,41219,44430
2022-09-01,2호선,방배,21291,22169
2022-09-01,2호선,서초,23669,22741
2022-09-01,2호선,교대,37206,42180
2022-09-01,2호선,강남,84920,82240
2022-09-01,2호선,역삼,57249,65514
2022-09-01,2호선,선릉,62394,56014
2022-09-01,2호선,삼성,55623,56969
2022-09-01,2호선,종합운동장,10825,11918
2022-09-01,2호선,잠실새내,23596,23617
2022-09-01,2호선,잠실,74247,74217
2022-09-01,2호선,잠실나루,16221,15808
2022-09-01,2호선,강변,32933,30152
2022-09-01,2호선,구의,25585,24938
2022-09-01,2호선,건대입구,37946,40313
2022-09-01,2호선,성수,40741,45142
2022-09-01,2호선,뚝섬,24281,26411
2022-09-01,2호선,한양대,14561,16955
2022-09-01,2호선,왕십리,18390,14722
2022-09-01,2호선,상왕십리,15654,15266
2022-09-01,2호선,신당,14876,15212
2022-09-01,2호선,동대문역사문화공원,13507,15384
2022-09-01,2호선,을지로4가,14916,14986
2022-09-01,2호선,을지로3가,26060,26489
2022-09-01,2호선,을지로입구,47451,48775
2022-09-01,2호선,시청,26387,25893
2022-09-01,2호선,용두,2773,2740
2022-09-01,2호선,신정네거리,11170,11399
2022-09-01,2호선,양천구청,7476,7800
2022-09-01,2호선,도림천,1473,1488
2022-09-01,2호선,신설동,3591,3565
2022-09-01,2호선,신답,1810,1967
2022-09-01,2호선,용답,3459,3572
2022-09-01,2호선,충정로,11017,12032
2022-09-01,2호선,아현,11686,10969
2022-09-01,2호선,이대,18345,19998
2022-09-01,2호선,신촌,40427,40834
2022-09-01,2호선,홍대입구,62238,66709
2022-09-01,2호선,합정,33651,35837
2022-09-01,2호선,당산,20280,23917
2022-09-01,2호선,영등포구청,23613,24465
2022-09-01,2호선,문래,24158,24803
2022-09-01,2호선,신도림,51063,50767
2022-09-01,2호선,대림,25226,25639
2022-09-01,2호선,구로디지털단지,62567,62906
2022-09-02,2호선,용답,3508,3525
2022-09-02,2호선,용두,2857,2903
2022-09-02,2호선,신정네거리,11376,11524
2022-09-02,2호선,양천구청,7678,7871
2022-09-02,2호선,도림천,1527,1495
2022-09-02,2호선,신설동,4032,3893
2022-09-02,2호선,신답,1899,1966
2022-09-02,2호선,충정로,10818,11450
2022-09-02,2호선,아현,12082,11099
2022-09-02,2호선,이대,18324,19118
2022-09-02,2호선,신촌,42235,43050
2022-09-02,2호선,홍대입구,66531,76604
2022-09-02,2호선,합정,35313,40017
2022-09-02,2호선,당산,20453,24023
2022-09-02,2호선,영등포구청,23973,24952
2022-09-02,2호선,문래,24710,25888
2022-09-02,2호선,신도림,52442,53088
2022-09-02,2호선,대림,25697,26146
2022-09-02,2호선,구로디지털단지,64135,64397
2022-09-02,2호선,신대방,27320,26150
2022-09-02,2호선,신림,62928,60771
2022-09-02,2호선,봉천,26640,23966
2022-09-02,2호선,서울대입구,53042,51138
2022-09-02,2호선,낙성대,31327,29307
2022-09-02,2호선,사당,43655,47914
2022-09-02,2호선,방배,20260,20823
2022-09-02,2호선,서초,25433,24520
2022-09-02,2호선,교대,37570,43051
2022-09-02,2호선,강남,90177,89226
2022-09-02,2호선,역삼,55270,63146
2022-09-02,2호선,선릉,61750,55048
2022-09-02,2호선,삼성,57663,58328
2022-09-02,2호선,종합운동장,13136,14584
2022-09-02,2호선,잠실새내,24605,25438
2022-09-02,2호선,잠실,80217,80244
2022-09-02,2호선,잠실나루,16293,15636
2022-09-02,2호선,강변,35712,33672
2022-09-02,2호선,구의,26404,25612
2022-09-02,2호선,건대입구,39493,44165
2022-09-02,2호선,성수,41339,46048
2022-09-02,2호선,뚝섬,25602,27485
2022-09-02,2호선,한양대,12918,14079
2022-09-02,2호선,왕십리,19141,15848
2022-09-02,2호선,상왕십리,16085,15085
2022-09-02,2호선,신당,15813,15955
2022-09-02,2호선,동대문역사문화공원,14431,15589
2022-09-02,2호선,을지로4가,15253,15234
2022-09-02,2호선,을지로3가,26259,27179
2022-09-02,2호선,을지로입구,46953,48719
2022-09-02,2호선,시청,26273,25519
2022-09-03,2호선,아현,8604,7886
2022-09-03,2호선,시청,11613,10102
2022-09-03,2호선,을지로입구,26473,26429
2022-09-03,2호선,을지로3가,12901,13473
2022-09-03,2호선,을지로4가,9152,9619
2022-09-03,2호선,동대문역사문화공원,12335,14539
2022-09-03,2호선,신당,12107,12652
2022-09-03,2호선,상왕십리,10730,9866
2022-09-03,2호선,왕십리,14541,12414
2022-09-03,2호선,한양대,5315,5568
2022-09-03,2호선,뚝섬,17286,17972
2022-09-03,2호선,성수,23370,27758
2022-09-03,2호선,건대입구,37276,41095
2022-09-03,2호선,구의,18109,17231
2022-09-03,2호선,강변,30311,28988
2022-09-03,2호선,잠실나루,8699,8302
2022-09-03,2호선,잠실,70705,68432
2022-09-03,2호선,잠실새내,19033,19588
2022-09-03,2호선,종합운동장,12527,13975
2022-09-03,2호선,삼성,35505,35529
2022-09-03,2호선,선릉,26806,23892
2022-09-03,2호선,역삼,19473,21617
2022-09-03,2호선,강남,62285,62371
2022-09-03,2호선,교대,19091,21411
2022-09-03,2호선,서초,14745,12969
2022-09-03,2호선,방배,10926,11068
2022-09-03,2호선,사당,34190,38719
2022-09-03,2호선,낙성대,24437,22181
2022-09-03,2호선,서울대입구,39820,38231
2022-09-03,2호선,봉천,18636,16787
2022-09-03,2호선,신림,49432,47319
2022-09-03,2호선,신대방,21338,20128
2022-09-03,2호선,구로디지털단지,37191,36204
2022-09-03,2호선,대림,19465,20087
2022-09-03,2호선,신도림,43435,44508
2022-09-03,2호선,문래,14323,15627
2022-09-03,2호선,영등포구청,14377,15008
2022-09-03,2호선,당산,14109,15441
2022-09-03,2호선,합정,31898,37129
2022-09-03,2호선,홍대입구,74926,86153
2022-09-03,2호선,신촌,35576,36271
2022-09-03,2호선,이대,12661,12959
2022-09-03,2호선,충정로,6276,6609
2022-09-03,2호선,용답,2501,2275
2022-09-03,2호선,신답,1111,1201
2022-09-03,2호선,신설동,3544,3557
2022-09-03,2호선,도림천,836,787
2022-09-03,2호선,양천구청,5278,5093
2022-09-03,2호선,신정네거리,8074,7954
2022-09-03,2호선,용두,2253,2105
2022-09-04,2호선,신당,7485,8175
2022-09-04,2호선,시청,6834,5282
2022-09-04,2호선,을지로입구,17996,17186
2022-09-04,2호선,을지로3가,8751,8422
2022-09-04,2호선,을지로4가,4191,3940
2022-09-04,2호선,동대문역사문화공원,7696,9289
2022-09-04,2호선,상왕십리,6926,6727
2022-09-04,2호선,왕십리,9363,8368
2022-09-04,2호선,한양대,2295,2572
2022-09-04,2호선,뚝섬,8969,9217
2022-09-04,2호선,성수,13384,14505
2022-09-04,2호선,건대입구,23937,24605
2022-09-04,2호선,구의,11499,11425
2022-09-04,2호선,강변,21415,20817
2022-09-04,2호선,잠실나루,5188,5285
2022-09-04,2호선,잠실,45704,42955
2022-09-04,2호선,잠실새내,11234,11465
2022-09-04,2호선,종합운동장,5102,5648
2022-09-04,2호선,삼성,28644,26742
2022-09-04,2호선,선릉,13357,11500
2022-09-04,2호선,역삼,11693,12564
2022-09-04,2호선,강남,32874,30737
2022-09-04,2호선,교대,10506,11721
2022-09-04,2호선,서초,12681,11719
2022-09-04,2호선,방배,6658,7031
2022-09-04,2호선,사당,21413,23732
2022-09-04,2호선,낙성대,16696,17408
2022-09-04,2호선,서울대입구,25252,26036
2022-09-04,2호선,봉천,12313,12072
2022-09-04,2호선,신림,33973,32574
2022-09-04,2호선,신대방,14728,14589
2022-09-04,2호선,구로디지털단지,23893,23205
2022-09-04,2호선,대림,14642,15030
2022-09-04,2호선,신도림,28521,28710
2022-09-04,2호선,문래,8026,8474
2022-09-04,2호선,영등포구청,8548,9153
2022-09-04,2호선,당산,7891,8912
2022-09-04,2호선,합정,21594,22313
2022-09-04,2호선,홍대입구,48792,47264
2022-09-04,2호선,신촌,23523,22955
2022-09-04,2호선,이대,7901,8539
2022-09-04,2호선,아현,5179,5389
2022-09-04,2호선,충정로,3886,4103
2022-09-04,2호선,용답,1727,1770
2022-09-04,2호선,신답,721,784
2022-09-04,2호선,신설동,2452,2564
2022-09-04,2호선,도림천,422,449
2022-09-04,2호선,양천구청,3333,3419
2022-09-04,2호선,신정네거리,5021,5096
2022-09-04,2호선,용두,1251,1389
2022-09-05,2호선,용두,2408,2400
2022-09-05,2호선,신정네거리,10109,10547
2022-09-05,2호선,양천구청,7012,7537
2022-09-05,2호선,도림천,1495,1620
2022-09-05,2호선,신설동,3906,3629
2022-09-05,2호선,신답,1669,2022
2022-09-05,2호선,용답,3092,3291
2022-09-05,2호선,충정로,10460,11286
2022-09-05,2호선,아현,10387,10295
2022-09-05,2호선,이대,16750,18354
2022-09-05,2호선,신촌,35239,35743
2022-09-05,2호선,홍대입구,47467,48554
2022-09-05,2호선,합정,27072,28345
2022-09-05,2호선,당산,16372,20082
2022-09-05,2호선,영등포구청,22465,23012
2022-09-05,2호선,문래,22084,22635
2022-09-05,2호선,신도림,45064,44003
2022-09-05,2호선,대림,22612,22949
2022-09-05,2호선,구로디지털단지,58022,57621
2022-09-05,2호선,신대방,23581,23477
2022-09-05,2호선,신림,53962,51422
2022-09-05,2호선,봉천,23389,22500
2022-09-05,2호선,서울대입구,45685,44816
2022-09-05,2호선,낙성대,26700,26653
2022-09-05,2호선,사당,33559,35666
2022-09-05,2호선,방배,19198,19967
2022-09-05,2호선,서초,22061,21000
2022-09-05,2호선,교대,33918,38280
2022-09-05,2호선,강남,74563,71232
2022-09-05,2호선,역삼,57919,61779
2022-09-05,2호선,선릉,57363,50726
2022-09-05,2호선,삼성,60208,57867
2022-09-05,2호선,종합운동장,6466,7642
2022-09-05,2호선,잠실새내,21016,20899
2022-09-05,2호선,잠실,61528,62832
2022-09-05,2호선,잠실나루,14371,14490
2022-09-05,2호선,강변,27194,26063
2022-09-05,2호선,구의,23258,23132
2022-09-05,2호선,건대입구,29920,31904
2022-09-05,2호선,성수,36696,39126
2022-09-05,2호선,뚝섬,21216,22560
2022-09-05,2호선,한양대,15456,16626
2022-09-05,2호선,왕십리,16152,12495
2022-09-05,2호선,상왕십리,14657,14392
2022-09-05,2호선,신당,13204,13614
2022-09-05,2호선,동대문역사문화공원,10877,12409
2022-09-05,2호선,을지로4가,13357,12943
2022-09-05,2호선,을지로3가,24546,23368
2022-09-05,2호선,을지로입구,43069,44159
2022-09-05,2호선,시청,25056,23604
2022-09-06,2호선,용두,2732,2772
2022-09-06,2호선,신정네거리,10209,10461
2022-09-06,2호선,양천구청,7019,7100
2022-09-06,2호선,도림천,1395,1445
2022-09-06,2호선,신설동,3279,3316
2022-09-06,2호선,신답,1767,1905
2022-09-06,2호선,용답,3288,3260
2022-09-06,2호선,충정로,10103,10863
2022-09-06,2호선,아현,11026,10187
2022-09-06,2호선,이대,16902,18439
2022-09-06,2호선,신촌,38226,39092
2022-09-06,2호선,홍대입구,53791,57101
2022-09-06,2호선,합정,28642,31195
2022-09-06,2호선,당산,17831,21834
2022-09-06,2호선,영등포구청,22601,23747
2022-09-06,2호선,문래,21792,22453
2022-09-06,2호선,신도림,46632,46178
2022-09-06,2호선,대림,24282,24673
2022-09-06,2호선,구로디지털단지,57508,57511
2022-09-06,2호선,신대방,24815,23989
2022-09-06,2호선,신림,56529,53537
2022-09-06,2호선,봉천,23875,22156
2022-09-06,2호선,서울대입구,46645,45453
2022-09-06,2호선,낙성대,27341,26634
2022-09-06,2호선,사당,35679,38199
2022-09-06,2호선,방배,16571,17035
2022-09-06,2호선,서초,21139,21183
2022-09-06,2호선,교대,34251,38892
2022-09-06,2호선,강남,73139,71208
2022-09-06,2호선,역삼,48639,55214
2022-09-06,2호선,선릉,55427,49797
2022-09-06,2호선,삼성,49758,51264
2022-09-06,2호선,종합운동장,12099,13489
2022-09-06,2호선,잠실새내,21250,21134
2022-09-06,2호선,잠실,60953,61273
2022-09-06,2호선,잠실나루,14787,14197
2022-09-06,2호선,강변,26566,25354
2022-09-06,2호선,구의,23902,23222
2022-09-06,2호선,건대입구,33912,36444
2022-09-06,2호선,성수,36755,40980
2022-09-06,2호선,뚝섬,21798,23756
2022-09-06,2호선,한양대,15149,17160
2022-09-06,2호선,왕십리,16474,13323
2022-09-06,2호선,상왕십리,14395,13931
2022-09-06,2호선,신당,14512,14792
2022-09-06,2호선,동대문역사문화공원,12299,14051
2022-09-06,2호선,을지로4가,13993,13982
2022-09-06,2호선,을지로3가,23473,23808
2022-09-06,2호선,을지로입구,41793,43721
2022-09-06,2호선,시청,23488,23310
2022-09-07,2호선,시청,27013,26303
2022-09-07,2호선,을지로입구,47622,49762
2022-09-07,2호선,을지로3가,26400,26438
2022-09-07,2호선,을지로4가,15079,14996
2022-09-07,2호선,동대문역사문화공원,13992,15709
2022-09-07,2호선,신당,16005,16469
2022-09-07,2호선,상왕십리,16162,15616
2022-09-07,2호선,왕십리,19053,15093
2022-09-07,2호선,한양대,15810,17888
2022-09-07,2호선,뚝섬,24422,26274
2022-09-07,2호선,성수,40672,45103
2022-09-07,2호선,건대입구,38492,41146
2022-09-07,2호선,구의,26143,25129
2022-09-07,2호선,강변,32643,32373
2022-09-07,2호선,잠실나루,16643,15960
2022-09-07,2호선,잠실,77638,77682
2022-09-07,2호선,잠실새내,24292,24276
2022-09-07,2호선,종합운동장,14814,16508
2022-09-07,2호선,삼성,58361,59748
2022-09-07,2호선,선릉,63589,56696
2022-09-07,2호선,역삼,59675,67866
2022-09-07,2호선,강남,89322,86727
2022-09-07,2호선,교대,38185,43249
2022-09-07,2호선,서초,25168,24083
2022-09-07,2호선,방배,22040,22717
2022-09-07,2호선,사당,42197,45699
2022-09-07,2호선,낙성대,31070,29659
2022-09-07,2호선,서울대입구,53938,51633
2022-09-07,2호선,봉천,26609,24359
2022-09-07,2호선,신림,63124,59157
2022-09-07,2호선,신대방,27717,26410
2022-09-07,2호선,구로디지털단지,65128,65081
2022-09-07,2호선,대림,26569,26991
2022-09-07,2호선,신도림,52231,52292
2022-09-07,2호선,문래,24593,25412
2022-09-07,2호선,영등포구청,24396,25600
2022-09-07,2호선,당산,20465,24138
2022-09-07,2호선,합정,33282,35683
2022-09-07,2호선,홍대입구,62037,65601
2022-09-07,2호선,신촌,42586,42791
2022-09-07,2호선,이대,19436,20681
2022-09-07,2호선,아현,12335,11476
2022-09-07,2호선,충정로,11450,12230
2022-09-07,2호선,용답,3444,3528
2022-09-07,2호선,신답,1912,2078
2022-09-07,2호선,신설동,3885,3719
2022-09-07,2호선,도림천,1415,1459
2022-09-07,2호선,양천구청,7969,7993
2022-09-07,2호선,신정네거리,11491,11645
2022-09-07,2호선,용두,2936,3008
2022-09-08,2호선,신답,1859,1855
2022-09-08,2호선,시청,24061,23066
2022-09-08,2호선,을지로입구,44948,46158
2022-09-08,2호선,을지로3가,23727,24485
2022-09-08,2호선,을지로4가,14103,14289
2022-09-08,2호선,동대문역사문화공원,13612,14987
2022-09-08,2호선,신당,15644,15767
2022-09-08,2호선,상왕십리,15826,14603
2022-09-08,2호선,왕십리,19126,14809
2022-09-08,2호선,한양대,16003,16893
2022-09-08,2호선,뚝섬,23033,24512
2022-09-08,2호선,성수,38626,42579
2022-09-08,2호선,건대입구,40679,43174
2022-09-08,2호선,구의,25745,23909
2022-09-08,2호선,강변,38025,46592
2022-09-08,2호선,잠실나루,15988,15190
2022-09-08,2호선,잠실,76382,78773
2022-09-08,2호선,잠실새내,24652,25276
2022-09-08,2호선,종합운동장,27110,30912
2022-09-08,2호선,삼성,52472,52524
2022-09-08,2호선,선릉,56048,49332
2022-09-08,2호선,역삼,51820,57616
2022-09-08,2호선,강남,83374,82412
2022-09-08,2호선,교대,33527,38165
2022-09-08,2호선,서초,22172,20397
2022-09-08,2호선,방배,20347,20749
2022-09-08,2호선,사당,39695,43360
2022-09-08,2호선,낙성대,31465,26317
2022-09-08,2호선,서울대입구,54059,47419
2022-09-08,2호선,봉천,26230,22629
2022-09-08,2호선,신림,62779,56237
2022-09-08,2호선,신대방,27384,24779
2022-09-08,2호선,구로디지털단지,61787,60261
2022-09-08,2호선,대림,26181,27146
2022-09-08,2호선,신도림,51727,51792
2022-09-08,2호선,문래,22877,23447
2022-09-08,2호선,영등포구청,22405,23057
2022-09-08,2호선,당산,19039,22557
2022-09-08,2호선,합정,33163,37028
2022-09-08,2호선,홍대입구,65035,71959
2022-09-08,2호선,신촌,43659,42354
2022-09-08,2호선,이대,20224,19490
2022-09-08,2호선,아현,12077,10913
2022-09-08,2호선,충정로,10189,10655
2022-09-08,2호선,신설동,3891,3422
2022-09-08,2호선,도림천,1435,1459
2022-09-08,2호선,양천구청,7456,7805
2022-09-08,2호선,신정네거리,11284,11318
2022-09-08,2호선,용두,2937,2877
2022-09-08,2호선,용답,3688,3486
2022-09-09,2호선,시청,6257,4781
2022-09-09,2호선,을지로입구,12914,12986
2022-09-09,2호선,을지로3가,6395,6411
2022-09-09,2호선,을지로4가,4111,4047
2022-09-09,2호선,동대문역사문화공원,7977,9300
2022-09-09,2호선,신당,7462,7086
2022-09-09,2호선,상왕십리,6443,5266
2022-09-09,2호선,왕십리,8385,6431
2022-09-09,2호선,한양대,2579,2010
2022-09-09,2호선,뚝섬,8681,8654
2022-09-09,2호선,성수,11852,13585
2022-09-09,2호선,건대입구,23691,23830
2022-09-09,2호선,구의,11022,9214
2022-09-09,2호선,강변,20689,34368
2022-09-09,2호선,잠실나루,4748,4534
2022-09-09,2호선,잠실,45011,45377
2022-09-09,2호선,잠실새내,11505,11792
2022-09-09,2호선,종합운동장,24186,26922
2022-09-09,2호선,삼성,15408,14801
2022-09-09,2호선,선릉,10630,8567
2022-09-09,2호선,역삼,8201,8199
2022-09-09,2호선,강남,28144,28180
2022-09-09,2호선,교대,8435,8991
2022-09-09,2호선,서초,5006,3913
2022-09-09,2호선,방배,4774,4707
2022-09-09,2호선,사당,16473,18130
2022-09-09,2호선,낙성대,15182,10042
2022-09-09,2호선,서울대입구,23759,17600
2022-09-09,2호선,봉천,11855,9170
2022-09-09,2호선,신림,32921,25093
2022-09-09,2호선,신대방,14324,11549
2022-09-09,2호선,구로디지털단지,21671,18613
2022-09-09,2호선,대림,14815,15871
2022-09-09,2호선,신도림,21907,21552
2022-09-09,2호선,문래,6188,6216
2022-09-09,2호선,영등포구청,6526,6027
2022-09-09,2호선,당산,7311,7665
2022-09-09,2호선,합정,16384,18144
2022-09-09,2호선,홍대입구,45702,48634
2022-09-09,2호선,신촌,20124,17464
2022-09-09,2호선,이대,7352,5781
2022-09-09,2호선,아현,5042,4215
2022-09-09,2호선,충정로,3186,3058
2022-09-09,2호선,용답,1839,1369
2022-09-09,2호선,신답,727,624
2022-09-09,2호선,신설동,2100,1721
2022-09-09,2호선,도림천,441,389
2022-09-09,2호선,양천구청,2914,2750
2022-09-09,2호선,신정네거리,4958,4581
2022-09-09,2호선,용두,1284,1208
2022-09-10,2호선,뚝섬,5718,5758
2022-09-10,2호선,한양대,1611,1524
2022-09-10,2호선,왕십리,5879,4949
2022-09-10,2호선,상왕십리,4648,4487
2022-09-10,2호선,신당,5285,5517
2022-09-10,2호선,동대문역사문화공원,6240,7263
2022-09-10,2호선,을지로4가,2726,2557
2022-09-10,2호선,을지로3가,5039,4956
2022-09-10,2호선,을지로입구,9704,8404
2022-09-10,2호선,시청,5614,4386
2022-09-10,2호선,용두,720,670
2022-09-10,2호선,신정네거리,3711,3806
2022-09-10,2호선,양천구청,2246,2381
2022-09-10,2호선,도림천,326,298
2022-09-10,2호선,신설동,1489,1280
2022-09-10,2호선,신답,474,489
2022-09-10,2호선,용답,1440,1388
2022-09-10,2호선,충정로,2362,2292
2022-09-10,2호선,아현,3546,3399
2022-09-10,2호선,이대,4806,4530
2022-09-10,2호선,신촌,12375,12102
2022-09-10,2호선,홍대입구,33802,38343
2022-09-10,2호선,합정,11048,12689
2022-09-10,2호선,당산,5672,5976
2022-09-10,2호선,영등포구청,4294,4358
2022-09-10,2호선,문래,4262,4512
2022-09-10,2호선,신도림,14746,15209
2022-09-10,2호선,대림,11947,12967
2022-09-10,2호선,구로디지털단지,15639,15701
2022-09-10,2호선,신대방,10996,10726
2022-09-10,2호선,신림,23141,23057
2022-09-10,2호선,봉천,8093,7530
2022-09-10,2호선,서울대입구,14530,14132
2022-09-10,2호선,낙성대,9003,8515
2022-09-10,2호선,사당,11512,13175
2022-09-10,2호선,방배,3210,3299
2022-09-10,2호선,서초,3485,2648
2022-09-10,2호선,교대,4741,5264
2022-09-10,2호선,강남,15881,16461
2022-09-10,2호선,역삼,5036,5200
2022-09-10,2호선,선릉,6268,5226
2022-09-10,2호선,삼성,11396,10683
2022-09-10,2호선,종합운동장,8478,8892
2022-09-10,2호선,잠실새내,6929,7317
2022-09-10,2호선,잠실,37062,35088
2022-09-10,2호선,잠실나루,3392,3425
2022-09-10,2호선,강변,18329,18118
2022-09-10,2호선,구의,7461,7618
2022-09-10,2호선,건대입구,17511,19684
2022-09-10,2호선,성수,6827,8070
2022-09-11,2호선,용두,812,831
2022-09-11,2호선,신정네거리,4751,4842
2022-09-11,2호선,양천구청,3025,2980
2022-09-11,2호선,도림천,346,403
2022-09-11,2호선,신설동,2273,2294
2022-09-11,2호선,신답,623,699
2022-09-11,2호선,용답,1530,1594
2022-09-11,2호선,충정로,2890,3108
2022-09-11,2호선,아현,4399,4404
2022-09-11,2호선,이대,5348,6452
2022-09-11,2호선,신촌,16556,18105
2022-09-11,2호선,홍대입구,46912,53957
2022-09-11,2호선,합정,16403,19866
2022-09-11,2호선,당산,7569,7744
2022-09-11,2호선,영등포구청,5326,5913
2022-09-11,2호선,문래,5881,6525
2022-09-11,2호선,신도림,20408,21558
2022-09-11,2호선,대림,14648,15346
2022-09-11,2호선,구로디지털단지,20160,21350
2022-09-11,2호선,신대방,12372,13212
2022-09-11,2호선,신림,27675,31300
2022-09-11,2호선,봉천,9645,10096
2022-09-11,2호선,서울대입구,18443,21665
2022-09-11,2호선,낙성대,11061,12591
2022-09-11,2호선,사당,17435,20000
2022-09-11,2호선,방배,5096,5206
2022-09-11,2호선,서초,8345,7694
2022-09-11,2호선,교대,7932,8765
2022-09-11,2호선,강남,23840,24952
2022-09-11,2호선,역삼,7129,8103
2022-09-11,2호선,선릉,8263,7551
2022-09-11,2호선,삼성,17204,16431
2022-09-11,2호선,종합운동장,13338,13745
2022-09-11,2호선,잠실새내,9942,11256
2022-09-11,2호선,잠실,48110,44995
2022-09-11,2호선,잠실나루,4526,4555
2022-09-11,2호선,강변,26872,18635
2022-09-11,2호선,구의,9096,9889
2022-09-11,2호선,건대입구,23167,27848
2022-09-11,2호선,성수,11869,14157
2022-09-11,2호선,뚝섬,8707,8859
2022-09-11,2호선,한양대,1903,2189
2022-09-11,2호선,왕십리,7173,7205
2022-09-11,2호선,상왕십리,5819,6077
2022-09-11,2호선,신당,7156,8130
2022-09-11,2호선,동대문역사문화공원,9126,10372
2022-09-11,2호선,을지로4가,3266,3294
2022-09-11,2호선,을지로3가,8197,8571
2022-09-11,2호선,을지로입구,18132,16866
2022-09-11,2호선,시청,6709,5184
2022-09-12,2호선,용두,1059,1106
2022-09-12,2호선,신정네거리,5216,5118
2022-09-12,2호선,양천구청,3278,3241
2022-09-12,2호선,도림천,554,579
2022-09-12,2호선,신설동,2101,2165
2022-09-12,2호선,신답,637,792
2022-09-12,2호선,용답,1588,1912
2022-09-12,2호선,충정로,3118,3408
2022-09-12,2호선,아현,4939,5195
2022-09-12,2호선,이대,6447,8608
2022-09-12,2호선,신촌,20068,21434
2022-09-12,2호선,홍대입구,52548,54274
2022-09-12,2호선,합정,18693,20973
2022-09-12,2호선,당산,8617,8889
2022-09-12,2호선,영등포구청,7108,7816
2022-09-12,2호선,동대문역사문화공원,8888,10416
2022-09-12,2호선,을지로4가,3902,3989
2022-09-12,2호선,방배,5606,5985
2022-09-12,2호선,을지로3가,7453,6836
2022-09-12,2호선,을지로입구,18056,16937
2022-09-12,2호선,문래,6890,7656
2022-09-12,2호선,신도림,24355,25229
2022-09-12,2호선,대림,14653,15127
2022-09-12,2호선,구로디지털단지,22128,23391
2022-09-12,2호선,신대방,13889,14601
2022-09-12,2호선,신림,31711,34257
2022-09-12,2호선,봉천,11029,11784
2022-09-12,2호선,서울대입구,22579,26618
2022-09-12,2호선,낙성대,13210,16214
2022-09-12,2호선,사당,20009,23073
2022-09-12,2호선,서초,5439,4609
2022-09-12,2호선,교대,10158,11296
2022-09-12,2호선,강남,30515,29741
2022-09-12,2호선,역삼,9026,10475
2022-09-12,2호선,선릉,12363,11213
2022-09-12,2호선,삼성,17306,16854
2022-09-12,2호선,종합운동장,3116,3639
2022-09-12,2호선,잠실새내,11243,11817
2022-09-12,2호선,잠실,49787,46784
2022-09-12,2호선,잠실나루,5324,5290
2022-09-12,2호선,강변,30734,22327
2022-09-12,2호선,구의,10501,11155
2022-09-12,2호선,건대입구,25458,28790
2022-09-12,2호선,성수,13527,16298
2022-09-12,2호선,뚝섬,9556,10085
2022-09-12,2호선,한양대,2459,3206
2022-09-12,2호선,왕십리,8366,8318
2022-09-12,2호선,상왕십리,6547,6676
2022-09-12,2호선,신당,7212,8179
2022-09-12,2호선,시청,6528,5352
2022-09-13,2호선,용두,2362,2414
2022-09-13,2호선,신정네거리,10723,10981
2022-09-13,2호선,양천구청,7181,7397
2022-09-13,2호선,도림천,1389,1465
2022-09-13,2호선,신설동,3309,3293
2022-09-13,2호선,신답,1685,1929
2022-09-13,2호선,충정로,10215,10892
2022-09-13,2호선,아현,10471,10664
2022-09-13,2호선,이대,17620,19512
2022-09-13,2호선,신촌,39031,39134
2022-09-13,2호선,홍대입구,57306,59255
2022-09-13,2호선,합정,30098,32536
2022-09-13,2호선,당산,18363,22327
2022-09-13,2호선,영등포구청,22543,23987
2022-09-13,2호선,문래,22325,22680
2022-09-13,2호선,신도림,47804,48699
2022-09-13,2호선,대림,24695,25265
2022-09-13,2호선,구로디지털단지,59304,59587
2022-09-13,2호선,신대방,25571,25663
2022-09-13,2호선,신림,56779,56077
2022-09-13,2호선,봉천,24306,23614
2022-09-13,2호선,서울대입구,48166,48014
2022-09-13,2호선,낙성대,27507,28558
2022-09-13,2호선,사당,37911,41523
2022-09-13,2호선,방배,20755,21450
2022-09-13,2호선,서초,21935,20609
2022-09-13,2호선,교대,34606,39267
2022-09-13,2호선,강남,78992,74391
2022-09-13,2호선,역삼,51878,57900
2022-09-13,2호선,선릉,58023,51959
2022-09-13,2호선,삼성,48782,49627
2022-09-13,2호선,종합운동장,11012,13448
2022-09-13,2호선,잠실새내,21745,22538
2022-09-13,2호선,잠실,67674,67733
2022-09-13,2호선,잠실나루,15343,15520
2022-09-13,2호선,강변,34030,29783
2022-09-13,2호선,구의,23762,23793
2022-09-13,2호선,건대입구,34145,37151
2022-09-13,2호선,성수,37150,40070
2022-09-13,2호선,뚝섬,21676,23434
2022-09-13,2호선,한양대,15980,17147
2022-09-13,2호선,왕십리,16871,14223
2022-09-13,2호선,상왕십리,14454,14181
2022-09-13,2호선,신당,13792,14181
2022-09-13,2호선,동대문역사문화공원,11069,13339
2022-09-13,2호선,을지로4가,12684,12319
2022-09-13,2호선,을지로3가,22605,22800
2022-09-13,2호선,을지로입구,42221,42343
2022-09-13,2호선,시청,23092,22165
2022-09-13,2호선,용답,3217,3445
2022-09-14,2호선,시청,25938,25277
2022-09-14,2호선,을지로입구,45172,47460
2022-09-14,2호선,을지로3가,25240,25475
2022-09-14,2호선,을지로4가,14279,14192
2022-09-14,2호선,동대문역사문화공원,12490,14177
2022-09-14,2호선,신당,14749,15428
2022-09-14,2호선,상왕십리,15700,15094
2022-09-14,2호선,왕십리,17855,14277
2022-09-14,2호선,한양대,15715,17610
2022-09-14,2호선,뚝섬,23248,25182
2022-09-14,2호선,성수,39508,43244
2022-09-14,2호선,건대입구,35829,38311
2022-09-14,2호선,구의,25391,24900
2022-09-14,2호선,강변,31779,29075
2022-09-14,2호선,용답,3291,3491
2022-09-14,2호선,대림,25498,26086
2022-09-14,2호선,구로디지털단지,63397,63444
2022-09-14,2호선,신대방,26863,26174
2022-09-14,2호선,신림,60563,58467
2022-09-14,2호선,봉천,25488,23672
2022-09-14,2호선,서울대입구,51069,50093
2022-09-14,2호선,낙성대,30934,30652
2022-09-14,2호선,사당,40807,43751
2022-09-14,2호선,방배,21307,22318
2022-09-14,2호선,서초,24305,23295
2022-09-14,2호선,교대,36541,41860
2022-09-14,2호선,강남,84724,81908
2022-09-14,2호선,역삼,58016,66234
2022-09-14,2호선,선릉,63493,56507
2022-09-14,2호선,삼성,54858,56050
2022-09-14,2호선,종합운동장,13936,15884
2022-09-14,2호선,잠실새내,22826,23000
2022-09-14,2호선,잠실,71506,71859
2022-09-14,2호선,잠실나루,16312,15897
2022-09-14,2호선,신도림,50190,49835
2022-09-14,2호선,문래,23515,24123
2022-09-14,2호선,영등포구청,23789,24622
2022-09-14,2호선,당산,19775,23570
2022-09-14,2호선,합정,31433,33728
2022-09-14,2호선,홍대입구,58206,61470
2022-09-14,2호선,신촌,40192,40187
2022-09-14,2호선,이대,18557,20534
2022-09-14,2호선,아현,11620,11041
2022-09-14,2호선,충정로,10948,11530
2022-09-14,2호선,신답,1863,2075
2022-09-14,2호선,신설동,3639,3609
2022-09-14,2호선,도림천,1450,1507
2022-09-14,2호선,양천구청,7631,7837
2022-09-14,2호선,신정네거리,11248,11362
2022-09-14,2호선,용두,2430,2490
2022-09-15,2호선,시청,26352,25538
2022-09-15,2호선,을지로입구,46792,48451
2022-09-15,2호선,을지로3가,25680,25963
2022-09-15,2호선,을지로4가,14491,14476
2022-09-15,2호선,동대문역사문화공원,13050,14861
2022-09-15,2호선,신당,14902,15060
2022-09-15,2호선,상왕십리,15551,15079
2022-09-15,2호선,왕십리,18274,14494
2022-09-15,2호선,한양대,15609,17607
2022-09-15,2호선,뚝섬,23822,25857
2022-09-15,2호선,성수,39674,43684
2022-09-15,2호선,건대입구,36642,39220
2022-09-15,2호선,구의,25515,24702
2022-09-15,2호선,강변,32978,30065
2022-09-15,2호선,잠실나루,16424,16072
2022-09-15,2호선,잠실,73535,73506
2022-09-15,2호선,잠실새내,23295,23123
2022-09-15,2호선,종합운동장,11288,12345
2022-09-15,2호선,삼성,58530,59791
2022-09-15,2호선,선릉,63876,56885
2022-09-15,2호선,역삼,58462,67098
2022-09-15,2호선,강남,87246,84314
2022-09-15,2호선,교대,38041,43382
2022-09-15,2호선,서초,24237,23588
2022-09-15,2호선,방배,21347,22355
2022-09-15,2호선,사당,41835,45254
2022-09-15,2호선,낙성대,30397,29598
2022-09-15,2호선,서울대입구,51842,50606
2022-09-15,2호선,봉천,26078,24342
2022-09-15,2호선,신림,61255,58815
2022-09-15,2호선,신대방,27171,26309
2022-09-15,2호선,구로디지털단지,64387,64446
2022-09-15,2호선,대림,25461,25772
2022-09-15,2호선,신도림,51743,51520
2022-09-15,2호선,문래,23958,24599
2022-09-15,2호선,영등포구청,23889,24822
2022-09-15,2호선,당산,20248,24097
2022-09-15,2호선,합정,32939,35581
2022-09-15,2호선,홍대입구,60249,65397
2022-09-15,2호선,신촌,41007,41691
2022-09-15,2호선,이대,19149,20764
2022-09-15,2호선,아현,11629,11047
2022-09-15,2호선,충정로,11029,11763
2022-09-15,2호선,용답,3316,3413
2022-09-15,2호선,신답,1866,2062
2022-09-15,2호선,신설동,3572,3509
2022-09-15,2호선,도림천,1426,1473
2022-09-15,2호선,양천구청,7956,8256
2022-09-15,2호선,신정네거리,11304,11513
2022-09-15,2호선,용두,2486,2461
2022-09-16,2호선,용두,2628,2611
2022-09-16,2호선,신정네거리,11417,11731
2022-09-16,2호선,양천구청,8011,8040
2022-09-16,2호선,도림천,1442,1530
2022-09-16,2호선,신설동,4033,3848
2022-09-16,2호선,신답,1873,2095
2022-09-16,2호선,용답,3294,3356
2022-09-16,2호선,충정로,11795,11924
2022-09-16,2호선,아현,12131,11433
2022-09-16,2호선,이대,20134,21515
2022-09-16,2호선,신촌,44018,44324
2022-09-16,2호선,홍대입구,68028,77025
2022-09-16,2호선,합정,37672,42678
2022-09-16,2호선,당산,20145,24155
2022-09-16,2호선,영등포구청,24374,25025
2022-09-16,2호선,문래,24646,25586
2022-09-16,2호선,신도림,53201,53648
2022-09-16,2호선,대림,25858,26233
2022-09-16,2호선,구로디지털단지,65328,65512
2022-09-16,2호선,신대방,27736,26632
2022-09-16,2호선,신림,63399,61346
2022-09-16,2호선,봉천,26423,24299
2022-09-16,2호선,서울대입구,54163,52375
2022-09-16,2호선,낙성대,31563,29778
2022-09-16,2호선,사당,44713,48973
2022-09-16,2호선,방배,20510,20929
2022-09-16,2호선,서초,24514,23091
2022-09-16,2호선,교대,39018,44585
2022-09-16,2호선,강남,92721,91283
2022-09-16,2호선,역삼,58466,64818
2022-09-16,2호선,선릉,63245,55875
2022-09-16,2호선,삼성,61622,61812
2022-09-16,2호선,종합운동장,12736,13961
2022-09-16,2호선,잠실새내,24824,25654
2022-09-16,2호선,잠실,81268,80994
2022-09-16,2호선,잠실나루,16340,15930
2022-09-16,2호선,강변,36522,33315
2022-09-16,2호선,구의,26092,25969
2022-09-16,2호선,건대입구,39951,44002
2022-09-16,2호선,성수,42644,46353
2022-09-16,2호선,뚝섬,25145,27174
2022-09-16,2호선,한양대,13622,15055
2022-09-16,2호선,왕십리,19614,16477
2022-09-16,2호선,상왕십리,16145,15742
2022-09-16,2호선,신당,15925,16423
2022-09-16,2호선,동대문역사문화공원,13773,15123
2022-09-16,2호선,을지로4가,15309,15226
2022-09-16,2호선,을지로3가,27304,27734
2022-09-16,2호선,을지로입구,48792,50123
2022-09-16,2호선,시청,28356,29329
2022-09-17,2호선,시청,12243,10657
2022-09-17,2호선,을지로입구,26983,27231
2022-09-17,2호선,을지로3가,13653,14048
2022-09-17,2호선,을지로4가,8976,9537
2022-09-17,2호선,동대문역사문화공원,11091,13106
2022-09-17,2호선,신당,12400,13145
2022-09-17,2호선,상왕십리,10863,9964
2022-09-17,2호선,왕십리,14908,13264
2022-09-17,2호선,한양대,6039,6151
2022-09-17,2호선,뚝섬,17262,17515
2022-09-17,2호선,성수,23481,27839
2022-09-17,2호선,건대입구,38165,42481
2022-09-17,2호선,구의,18184,17365
2022-09-17,2호선,강변,32447,30506
2022-09-17,2호선,잠실나루,8620,8222
2022-09-17,2호선,잠실,76882,72301
2022-09-17,2호선,잠실새내,21800,21947
2022-09-17,2호선,종합운동장,47310,57118
2022-09-17,2호선,삼성,40396,39206
2022-09-17,2호선,선릉,28498,25182
2022-09-17,2호선,역삼,20733,23332
2022-09-17,2호선,강남,64806,65179
2022-09-17,2호선,교대,19905,22880
2022-09-17,2호선,서초,13666,11232
2022-09-17,2호선,방배,11709,11989
2022-09-17,2호선,사당,37720,42232
2022-09-17,2호선,낙성대,24354,21923
2022-09-17,2호선,서울대입구,40457,39152
2022-09-17,2호선,봉천,18999,17307
2022-09-17,2호선,신림,50638,48069
2022-09-17,2호선,신대방,21460,20066
2022-09-17,2호선,구로디지털단지,39034,37719
2022-09-17,2호선,대림,19416,20095
2022-09-17,2호선,신도림,44547,45771
2022-09-17,2호선,문래,14759,15872
2022-09-17,2호선,영등포구청,14255,14848
2022-09-17,2호선,당산,14586,15982
2022-09-17,2호선,합정,33711,39767
2022-09-17,2호선,홍대입구,74933,86615
2022-09-17,2호선,신촌,38186,39027
2022-09-17,2호선,이대,13100,13475
2022-09-17,2호선,아현,8663,7645
2022-09-17,2호선,충정로,6324,6753
2022-09-17,2호선,용답,2399,2204
2022-09-17,2호선,신답,1135,1162
2022-09-17,2호선,신설동,3645,3609
2022-09-17,2호선,도림천,923,891
2022-09-17,2호선,양천구청,4916,4831
2022-09-17,2호선,신정네거리,8086,8110
2022-09-17,2호선,용두,1789,1735
2022-09-18,2호선,건대입구,28630,29739
2022-09-18,2호선,시청,7919,6509
2022-09-18,2호선,을지로입구,19931,19120
2022-09-18,2호선,을지로3가,10406,9986
2022-09-18,2호선,을지로4가,4786,4484
2022-09-18,2호선,동대문역사문화공원,8898,10474
2022-09-18,2호선,신당,8978,9701
2022-09-18,2호선,상왕십리,7814,7535
2022-09-18,2호선,왕십리,10669,9281
2022-09-18,2호선,한양대,3073,3422
2022-09-18,2호선,뚝섬,12347,12538
2022-09-18,2호선,성수,16695,18956
2022-09-18,2호선,구의,12628,12588
2022-09-18,2호선,강변,24671,25149
2022-09-18,2호선,잠실나루,6021,6147
2022-09-18,2호선,잠실,57763,53741
2022-09-18,2호선,잠실새내,15035,14960
2022-09-18,2호선,종합운동장,45228,52625
2022-09-18,2호선,삼성,30451,28757
2022-09-18,2호선,선릉,16016,13610
2022-09-18,2호선,역삼,12823,13865
2022-09-18,2호선,강남,38606,37001
2022-09-18,2호선,교대,12079,13463
2022-09-18,2호선,서초,13751,12843
2022-09-18,2호선,방배,7422,7869
2022-09-18,2호선,사당,26610,29213
2022-09-18,2호선,낙성대,17835,18172
2022-09-18,2호선,서울대입구,28994,29363
2022-09-18,2호선,봉천,13637,13030
2022-09-18,2호선,신림,38287,36525
2022-09-18,2호선,신대방,16193,15635
2022-09-18,2호선,구로디지털단지,27366,26659
2022-09-18,2호선,대림,16185,16552
2022-09-18,2호선,신도림,31648,32106
2022-09-18,2호선,문래,8945,9598
2022-09-18,2호선,영등포구청,9539,9906
2022-09-18,2호선,당산,9794,10965
2022-09-18,2호선,합정,25152,26887
2022-09-18,2호선,홍대입구,59206,57950
2022-09-18,2호선,신촌,28526,28122
2022-09-18,2호선,이대,8953,9917
2022-09-18,2호선,아현,5901,5812
2022-09-18,2호선,충정로,4462,4790
2022-09-18,2호선,용답,1966,1870
2022-09-18,2호선,신답,880,929
2022-09-18,2호선,신설동,3569,3387
2022-09-18,2호선,도림천,457,488
2022-09-18,2호선,양천구청,3582,3625
2022-09-18,2호선,신정네거리,5698,5774
2022-09-18,2호선,용두,1277,1281
2022-09-19,2호선,강변,31711,30602
2022-09-19,2호선,잠실나루,16517,16076
2022-09-19,2호선,잠실,71715,71381
2022-09-19,2호선,잠실새내,22699,22438
2022-09-19,2호선,종합운동장,7590,8643
2022-09-19,2호선,삼성,54360,53974
2022-09-19,2호선,선릉,61780,54227
2022-09-19,2호선,역삼,57219,62939
2022-09-19,2호선,강남,83298,79008
2022-09-19,2호선,교대,37262,42646
2022-09-19,2호선,서초,24010,22450
2022-09-19,2호선,방배,20712,20595
2022-09-19,2호선,사당,40094,44228
2022-09-19,2호선,낙성대,28757,29299
2022-09-19,2호선,서울대입구,49834,49705
2022-09-19,2호선,봉천,25301,24046
2022-09-19,2호선,신림,59451,57690
2022-09-19,2호선,신대방,26551,25763
2022-09-19,2호선,구로디지털단지,62741,61328
2022-09-19,2호선,대림,25536,25593
2022-09-19,2호선,신도림,49536,50708
2022-09-19,2호선,문래,23095,22958
2022-09-19,2호선,영등포구청,23532,24246
2022-09-19,2호선,당산,19672,23191
2022-09-19,2호선,합정,31058,32959
2022-09-19,2호선,홍대입구,57668,60286
2022-09-19,2호선,신촌,38781,38697
2022-09-19,2호선,이대,18056,19370
2022-09-19,2호선,아현,11047,11004
2022-09-19,2호선,충정로,10860,11563
2022-09-19,2호선,용답,3328,3468
2022-09-19,2호선,신답,1833,2076
2022-09-19,2호선,신설동,3508,3461
2022-09-19,2호선,도림천,1329,1457
2022-09-19,2호선,양천구청,7549,7763
2022-09-19,2호선,신정네거리,11085,11317
2022-09-19,2호선,용두,2427,2448
2022-09-19,2호선,구의,24726,24478
2022-09-19,2호선,시청,24549,23026
2022-09-19,2호선,을지로입구,45091,44692
2022-09-19,2호선,을지로3가,24973,25144
2022-09-19,2호선,을지로4가,14352,14534
2022-09-19,2호선,동대문역사문화공원,12564,14393
2022-09-19,2호선,신당,14670,15240
2022-09-19,2호선,상왕십리,15229,15211
2022-09-19,2호선,왕십리,17438,13836
2022-09-19,2호선,한양대,15460,17566
2022-09-19,2호선,뚝섬,23396,25055
2022-09-19,2호선,성수,39102,42226
2022-09-19,2호선,건대입구,35527,38065
2022-09-20,2호선,시청,26621,25794
2022-09-20,2호선,을지로입구,46452,48171
2022-09-20,2호선,을지로3가,25396,25630
2022-09-20,2호선,을지로4가,14910,14684
2022-09-20,2호선,동대문역사문화공원,13286,15030
2022-09-20,2호선,신당,14947,15552
2022-09-20,2호선,상왕십리,15481,14988
2022-09-20,2호선,왕십리,18138,14542
2022-09-20,2호선,한양대,16394,18287
2022-09-20,2호선,뚝섬,24237,26142
2022-09-20,2호선,성수,40235,44022
2022-09-20,2호선,건대입구,36576,39049
2022-09-20,2호선,구의,25720,24862
2022-09-20,2호선,강변,32250,30697
2022-09-20,2호선,잠실나루,16986,16679
2022-09-20,2호선,잠실,75130,74982
2022-09-20,2호선,잠실새내,23267,23032
2022-09-20,2호선,종합운동장,12295,13666
2022-09-20,2호선,삼성,57586,58559
2022-09-20,2호선,선릉,64376,57019
2022-09-20,2호선,역삼,59513,67836
2022-09-20,2호선,강남,86588,82967
2022-09-20,2호선,교대,38140,43581
2022-09-20,2호선,서초,24672,23970
2022-09-20,2호선,방배,21821,22631
2022-09-20,2호선,사당,42594,46072
2022-09-20,2호선,낙성대,29930,29490
2022-09-20,2호선,서울대입구,51639,50313
2022-09-20,2호선,봉천,26249,24414
2022-09-20,2호선,신림,61031,58494
2022-09-20,2호선,신대방,27525,26719
2022-09-20,2호선,구로디지털단지,64619,64861
2022-09-20,2호선,대림,25925,26494
2022-09-20,2호선,신도림,51559,51108
2022-09-20,2호선,문래,23997,24425
2022-09-20,2호선,영등포구청,24014,24753
2022-09-20,2호선,당산,20358,24415
2022-09-20,2호선,합정,32730,34846
2022-09-20,2호선,홍대입구,59640,62859
2022-09-20,2호선,신촌,40834,41630
2022-09-20,2호선,이대,18640,20306
2022-09-20,2호선,아현,11726,11174
2022-09-20,2호선,충정로,11066,11555
2022-09-20,2호선,용답,3443,3523
2022-09-20,2호선,신답,1880,2036
2022-09-20,2호선,신설동,3337,3340
2022-09-20,2호선,도림천,1490,1523
2022-09-20,2호선,양천구청,7679,7941
2022-09-20,2호선,신정네거리,11422,11719
2022-09-20,2호선,용두,2630,2655
2022-09-21,2호선,용두,2585,2637
2022-09-21,2호선,신정네거리,11485,11718
2022-09-21,2호선,양천구청,7773,8008
2022-09-21,2호선,도림천,1388,1488
2022-09-21,2호선,신설동,3560,3648
2022-09-21,2호선,신답,1872,2091
2022-09-21,2호선,용답,3345,3412
2022-09-21,2호선,충정로,11023,11914
2022-09-21,2호선,아현,12123,11370
2022-09-21,2호선,이대,18885,20528
2022-09-21,2호선,신촌,40660,41004
2022-09-21,2호선,홍대입구,60550,64305
2022-09-21,2호선,합정,32996,35123
2022-09-21,2호선,당산,20565,24326
2022-09-21,2호선,영등포구청,24056,24976
2022-09-21,2호선,문래,24173,24773
2022-09-21,2호선,신도림,52564,51831
2022-09-21,2호선,대림,25914,26367
2022-09-21,2호선,구로디지털단지,64518,64683
2022-09-21,2호선,신대방,27468,26741
2022-09-21,2호선,신림,61582,59098
2022-09-21,2호선,봉천,25958,24099
2022-09-21,2호선,서울대입구,51920,50603
2022-09-21,2호선,낙성대,30171,29685
2022-09-21,2호선,사당,42832,46166
2022-09-21,2호선,방배,21531,22475
2022-09-21,2호선,서초,25136,24570
2022-09-21,2호선,교대,38725,44026
2022-09-21,2호선,강남,86355,82635
2022-09-21,2호선,역삼,58663,66971
2022-09-21,2호선,선릉,63476,56174
2022-09-21,2호선,삼성,58442,59612
2022-09-21,2호선,종합운동장,10882,12016
2022-09-21,2호선,잠실,75937,76350
2022-09-21,2호선,잠실나루,16935,16637
2022-09-21,2호선,강변,32095,30040
2022-09-21,2호선,구의,25632,25092
2022-09-21,2호선,건대입구,36870,39719
2022-09-21,2호선,성수,40715,44671
2022-09-21,2호선,뚝섬,24609,26660
2022-09-21,2호선,한양대,15761,17622
2022-09-21,2호선,왕십리,18386,14548
2022-09-21,2호선,상왕십리,15756,15139
2022-09-21,2호선,신당,15263,15845
2022-09-21,2호선,동대문역사문화공원,13719,15438
2022-09-21,2호선,을지로4가,14712,14778
2022-09-21,2호선,을지로3가,26300,26297
2022-09-21,2호선,을지로입구,47089,49116
2022-09-21,2호선,시청,26912,26169
2022-09-21,2호선,잠실새내,23389,23191
2022-09-22,2호선,시청,27104,26116
2022-09-22,2호선,을지로입구,46879,49076
2022-09-22,2호선,을지로3가,25811,25757
2022-09-22,2호선,을지로4가,14720,14805
2022-09-22,2호선,동대문역사문화공원,14049,15651
2022-09-22,2호선,신당,15205,15497
2022-09-22,2호선,상왕십리,15732,15046
2022-09-22,2호선,왕십리,18301,14452
2022-09-22,2호선,한양대,15708,17616
2022-09-22,2호선,뚝섬,24705,26672
2022-09-22,2호선,성수,40620,44902
2022-09-22,2호선,건대입구,37124,39740
2022-09-22,2호선,구의,25985,25236
2022-09-22,2호선,강변,33526,30921
2022-09-22,2호선,잠실나루,16813,16531
2022-09-22,2호선,잠실,76996,77594
2022-09-22,2호선,잠실새내,24108,24090
2022-09-22,2호선,종합운동장,16545,18830
2022-09-22,2호선,삼성,59502,60578
2022-09-22,2호선,선릉,63237,56388
2022-09-22,2호선,역삼,58242,66501
2022-09-22,2호선,강남,86478,83687
2022-09-22,2호선,교대,38459,43723
2022-09-22,2호선,서초,24249,23665
2022-09-22,2호선,방배,21353,22136
2022-09-22,2호선,사당,43670,47142
2022-09-22,2호선,낙성대,30131,29311
2022-09-22,2호선,서울대입구,52284,50988
2022-09-22,2호선,봉천,26318,24204
2022-09-22,2호선,신림,61733,59103
2022-09-22,2호선,신대방,27474,26584
2022-09-22,2호선,구로디지털단지,64873,64833
2022-09-22,2호선,대림,25814,26302
2022-09-22,2호선,신도림,52236,52301
2022-09-22,2호선,문래,24124,24693
2022-09-22,2호선,영등포구청,24147,24889
2022-09-22,2호선,당산,20693,24459
2022-09-22,2호선,합정,34003,36522
2022-09-22,2호선,홍대입구,61635,65604
2022-09-22,2호선,신촌,42393,43743
2022-09-22,2호선,이대,19115,20924
2022-09-22,2호선,아현,11888,11265
2022-09-22,2호선,충정로,10819,11681
2022-09-22,2호선,용답,3389,3486
2022-09-22,2호선,신답,1892,2087
2022-09-22,2호선,신설동,3695,3592
2022-09-22,2호선,도림천,1447,1486
2022-09-22,2호선,양천구청,7614,7865
2022-09-22,2호선,신정네거리,11549,11710
2022-09-22,2호선,용두,2565,2590
2022-09-23,2호선,시청,27761,26795
2022-09-23,2호선,을지로입구,47873,49507
2022-09-23,2호선,을지로3가,26921,27706
2022-09-23,2호선,을지로4가,14976,15096
2022-09-23,2호선,동대문역사문화공원,14532,15754
2022-09-23,2호선,신당,15920,16409
2022-09-23,2호선,상왕십리,16344,15510
2022-09-23,2호선,왕십리,19873,16191
2022-09-23,2호선,한양대,13880,14675
2022-09-23,2호선,뚝섬,25762,27607
2022-09-23,2호선,성수,42156,46891
2022-09-23,2호선,건대입구,40872,45038
2022-09-23,2호선,구의,26654,25616
2022-09-23,2호선,강변,37385,34964
2022-09-23,2호선,잠실나루,16863,16250
2022-09-23,2호선,잠실,84302,84546
2022-09-23,2호선,잠실새내,25178,26146
2022-09-23,2호선,종합운동장,19474,22406
2022-09-23,2호선,삼성,60898,60838
2022-09-23,2호선,선릉,62556,55639
2022-09-23,2호선,역삼,56308,63567
2022-09-23,2호선,강남,92109,91106
2022-09-23,2호선,교대,38814,44277
2022-09-23,2호선,서초,24585,23247
2022-09-23,2호선,방배,20480,20934
2022-09-23,2호선,사당,46066,51349
2022-09-23,2호선,낙성대,31795,29506
2022-09-23,2호선,서울대입구,54279,51902
2022-09-23,2호선,봉천,26641,24098
2022-09-23,2호선,신림,64229,61766
2022-09-23,2호선,신대방,27999,26784
2022-09-23,2호선,구로디지털단지,65321,65146
2022-09-23,2호선,대림,25866,26474
2022-09-23,2호선,신도림,53800,54708
2022-09-23,2호선,문래,24317,25403
2022-09-23,2호선,영등포구청,24195,24955
2022-09-23,2호선,당산,20550,24550
2022-09-23,2호선,합정,36991,41503
2022-09-23,2호선,홍대입구,68305,77980
2022-09-23,2호선,신촌,45934,47457
2022-09-23,2호선,이대,19019,20138
2022-09-23,2호선,아현,12143,11271
2022-09-23,2호선,충정로,10830,11808
2022-09-23,2호선,용답,3351,3343
2022-09-23,2호선,신답,1960,2141
2022-09-23,2호선,신설동,4123,3923
2022-09-23,2호선,도림천,1550,1795
2022-09-23,2호선,양천구청,7793,7962
2022-09-23,2호선,신정네거리,11543,11762
2022-09-23,2호선,용두,2750,2664
2022-09-24,2호선,시청,16389,14774
2022-09-24,2호선,을지로입구,31485,30052
2022-09-24,2호선,을지로3가,15269,14606
2022-09-24,2호선,을지로4가,9617,9848
2022-09-24,2호선,동대문역사문화공원,11657,13298
2022-09-24,2호선,신당,12714,13404
2022-09-24,2호선,상왕십리,11171,10419
2022-09-24,2호선,왕십리,15386,13319
2022-09-24,2호선,한양대,5483,5856
2022-09-24,2호선,뚝섬,18487,18901
2022-09-24,2호선,성수,24794,30200
2022-09-24,2호선,건대입구,38565,42121
2022-09-24,2호선,구의,18953,17718
2022-09-24,2호선,강변,33105,32615
2022-09-24,2호선,잠실나루,8958,8904
2022-09-24,2호선,잠실,79023,75520
2022-09-24,2호선,잠실새내,20128,21507
2022-09-24,2호선,종합운동장,27412,31487
2022-09-24,2호선,삼성,33225,32990
2022-09-24,2호선,선릉,28756,25486
2022-09-24,2호선,역삼,20217,22464
2022-09-24,2호선,강남,64356,65323
2022-09-24,2호선,교대,20212,23044
2022-09-24,2호선,서초,13959,12066
2022-09-24,2호선,방배,12404,12520
2022-09-24,2호선,사당,38887,44038
2022-09-24,2호선,낙성대,25501,22868
2022-09-24,2호선,서울대입구,41168,40135
2022-09-24,2호선,봉천,19505,17602
2022-09-24,2호선,신림,51975,49118
2022-09-24,2호선,신대방,22321,20928
2022-09-24,2호선,구로디지털단지,39028,38270
2022-09-24,2호선,대림,20163,20855
2022-09-24,2호선,신도림,47054,48343
2022-09-24,2호선,문래,15004,16248
2022-09-24,2호선,영등포구청,14912,15610
2022-09-24,2호선,당산,15864,17130
2022-09-24,2호선,합정,32878,38133
2022-09-24,2호선,홍대입구,75353,86659
2022-09-24,2호선,신촌,37638,40663
2022-09-24,2호선,이대,13066,13602
2022-09-24,2호선,아현,8968,8138
2022-09-24,2호선,충정로,7354,7338
2022-09-24,2호선,용답,2539,2234
2022-09-24,2호선,신답,1291,1267
2022-09-24,2호선,신설동,4019,3905
2022-09-24,2호선,도림천,1227,1279
2022-09-24,2호선,양천구청,5343,5286
2022-09-24,2호선,신정네거리,8584,8393
2022-09-24,2호선,용두,1977,1861
2022-09-25,2호선,을지로입구,20498,19247
2022-09-25,2호선,을지로3가,11121,10848
2022-09-25,2호선,을지로4가,5090,4888
2022-09-25,2호선,동대문역사문화공원,8915,12298
2022-09-25,2호선,신당,9277,9915
2022-09-25,2호선,상왕십리,7776,7651
2022-09-25,2호선,왕십리,10784,9252
2022-09-25,2호선,한양대,3029,3387
2022-09-25,2호선,뚝섬,13847,13569
2022-09-25,2호선,성수,17133,19682
2022-09-25,2호선,건대입구,29592,30385
2022-09-25,2호선,구의,12931,12747
2022-09-25,2호선,강변,25858,26289
2022-09-25,2호선,잠실나루,6450,6699
2022-09-25,2호선,잠실,56661,52479
2022-09-25,2호선,잠실새내,13813,14083
2022-09-25,2호선,종합운동장,21656,24283
2022-09-25,2호선,삼성,27235,26207
2022-09-25,2호선,선릉,15695,13387
2022-09-25,2호선,역삼,12428,13522
2022-09-25,2호선,강남,37780,36088
2022-09-25,2호선,교대,11928,13078
2022-09-25,2호선,서초,13276,12749
2022-09-25,2호선,방배,7732,8071
2022-09-25,2호선,사당,26948,29308
2022-09-25,2호선,낙성대,17989,18579
2022-09-25,2호선,서울대입구,29281,30090
2022-09-25,2호선,봉천,13948,13168
2022-09-25,2호선,신림,38622,37257
2022-09-25,2호선,신대방,16985,16398
2022-09-25,2호선,구로디지털단지,28030,27006
2022-09-25,2호선,대림,17334,17940
2022-09-25,2호선,신도림,32486,33141
2022-09-25,2호선,문래,8829,9500
2022-09-25,2호선,영등포구청,9495,9806
2022-09-25,2호선,당산,10406,11295
2022-09-25,2호선,합정,24827,25960
2022-09-25,2호선,홍대입구,58039,57883
2022-09-25,2호선,신촌,25842,25009
2022-09-25,2호선,이대,8929,9560
2022-09-25,2호선,아현,5891,5879
2022-09-25,2호선,충정로,4699,5130
2022-09-25,2호선,용답,2034,2010
2022-09-25,2호선,신답,913,933
2022-09-25,2호선,신설동,3668,3533
2022-09-25,2호선,도림천,954,1165
2022-09-25,2호선,양천구청,3742,3782
2022-09-25,2호선,신정네거리,5870,5684
2022-09-25,2호선,용두,1201,1231
2022-09-25,2호선,시청,8346,6969
2022-09-26,2호선,시청,25052,24832
2022-09-26,2호선,을지로입구,45076,46305
2022-09-26,2호선,을지로3가,24661,24674
2022-09-26,2호선,을지로4가,14309,14126
2022-09-26,2호선,동대문역사문화공원,12653,14439
2022-09-26,2호선,신당,14552,14933
2022-09-26,2호선,상왕십리,15268,14870
2022-09-26,2호선,왕십리,17507,13678
2022-09-26,2호선,한양대,15449,17513
2022-09-26,2호선,뚝섬,23595,25399
2022-09-26,2호선,성수,38430,42014
2022-09-26,2호선,건대입구,35471,37836
2022-09-26,2호선,구의,24979,24668
2022-09-26,2호선,강변,32379,31437
2022-09-26,2호선,잠실나루,16346,15929
2022-09-26,2호선,잠실,71504,71692
2022-09-26,2호선,잠실새내,22673,22396
2022-09-26,2호선,종합운동장,7740,8609
2022-09-26,2호선,삼성,53494,55061
2022-09-26,2호선,선릉,61992,55173
2022-09-26,2호선,역삼,56881,64804
2022-09-26,2호선,강남,83164,80195
2022-09-26,2호선,교대,36382,41416
2022-09-26,2호선,서초,26476,26312
2022-09-26,2호선,방배,20645,21164
2022-09-26,2호선,사당,39467,42931
2022-09-26,2호선,낙성대,29246,29188
2022-09-26,2호선,서울대입구,49989,49033
2022-09-26,2호선,봉천,25759,24095
2022-09-26,2호선,신림,59812,57032
2022-09-26,2호선,신대방,26705,25948
2022-09-26,2호선,구로디지털단지,63067,63213
2022-09-26,2호선,대림,25954,26321
2022-09-26,2호선,신도림,50002,49523
2022-09-26,2호선,문래,23565,23962
2022-09-26,2호선,영등포구청,23888,24455
2022-09-26,2호선,당산,19776,23679
2022-09-26,2호선,합정,30576,32605
2022-09-26,2호선,홍대입구,56147,59073
2022-09-26,2호선,신촌,38798,39681
2022-09-26,2호선,이대,18014,19909
2022-09-26,2호선,아현,11085,10634
2022-09-26,2호선,충정로,10779,11472
2022-09-26,2호선,용답,3337,3468
2022-09-26,2호선,신답,1839,2016
2022-09-26,2호선,신설동,3626,3487
2022-09-26,2호선,도림천,1432,1526
2022-09-26,2호선,양천구청,7630,7787
2022-09-26,2호선,신정네거리,11441,11511
2022-09-26,2호선,용두,2579,2573
2022-09-27,2호선,용두,2567,2613
2022-09-27,2호선,신정네거리,11638,11806
2022-09-27,2호선,양천구청,7762,8099
2022-09-27,2호선,도림천,1410,1519
2022-09-27,2호선,신설동,3465,3316
2022-09-27,2호선,신답,1813,2043
2022-09-27,2호선,용답,3382,3530
2022-09-27,2호선,충정로,11080,11751
2022-09-27,2호선,아현,11866,11298
2022-09-27,2호선,이대,18580,20170
2022-09-27,2호선,신촌,40158,41139
2022-09-27,2호선,홍대입구,58324,61745
2022-09-27,2호선,합정,32831,35812
2022-09-27,2호선,당산,20729,24470
2022-09-27,2호선,영등포구청,24254,24798
2022-09-27,2호선,문래,24301,24847
2022-09-27,2호선,신도림,51298,51041
2022-09-27,2호선,대림,25865,26411
2022-09-27,2호선,구로디지털단지,64870,64887
2022-09-27,2호선,신대방,27576,26655
2022-09-27,2호선,신림,60803,58388
2022-09-27,2호선,봉천,26279,24465
2022-09-27,2호선,서울대입구,51909,50345
2022-09-27,2호선,낙성대,30240,29469
2022-09-27,2호선,사당,42545,46394
2022-09-27,2호선,방배,21688,22667
2022-09-27,2호선,서초,27675,26791
2022-09-27,2호선,교대,38099,43314
2022-09-27,2호선,강남,85170,82589
2022-09-27,2호선,역삼,59756,68532
2022-09-27,2호선,선릉,65048,57587
2022-09-27,2호선,삼성,56367,57966
2022-09-27,2호선,종합운동장,8266,9187
2022-09-27,2호선,잠실새내,23341,23093
2022-09-27,2호선,잠실,75622,75670
2022-09-27,2호선,잠실나루,16493,16229
2022-09-27,2호선,강변,31700,30009
2022-09-27,2호선,구의,26186,25419
2022-09-27,2호선,건대입구,36339,38810
2022-09-27,2호선,성수,40138,44103
2022-09-27,2호선,뚝섬,24411,26168
2022-09-27,2호선,한양대,16411,18231
2022-09-27,2호선,왕십리,17927,14364
2022-09-27,2호선,상왕십리,15788,15218
2022-09-27,2호선,신당,15205,15534
2022-09-27,2호선,동대문역사문화공원,13187,14948
2022-09-27,2호선,을지로4가,14898,14898
2022-09-27,2호선,을지로3가,25600,25581
2022-09-27,2호선,을지로입구,46627,48107
2022-09-27,2호선,시청,26812,25917
2022-09-28,2호선,시청,27237,27680
2022-09-28,2호선,을지로입구,46613,49455
2022-09-28,2호선,을지로3가,26147,26204
2022-09-28,2호선,을지로4가,14756,15296
2022-09-28,2호선,동대문역사문화공원,13362,15965
2022-09-28,2호선,신당,15123,15800
2022-09-28,2호선,상왕십리,15933,15206
2022-09-28,2호선,왕십리,18120,14381
2022-09-28,2호선,한양대,15432,17305
2022-09-28,2호선,뚝섬,24518,26568
2022-09-28,2호선,성수,40457,44523
2022-09-28,2호선,건대입구,36530,39145
2022-09-28,2호선,구의,26371,25319
2022-09-28,2호선,강변,32963,30288
2022-09-28,2호선,잠실나루,16479,16021
2022-09-28,2호선,잠실,75861,74970
2022-09-28,2호선,잠실새내,23388,22892
2022-09-28,2호선,종합운동장,8597,9704
2022-09-28,2호선,삼성,57234,58490
2022-09-28,2호선,선릉,63659,56545
2022-09-28,2호선,역삼,58748,66670
2022-09-28,2호선,강남,84347,81397
2022-09-28,2호선,교대,37624,42878
2022-09-28,2호선,서초,24967,24818
2022-09-28,2호선,방배,21447,22120
2022-09-28,2호선,사당,42389,45878
2022-09-28,2호선,낙성대,30283,29961
2022-09-28,2호선,서울대입구,51583,50284
2022-09-28,2호선,봉천,26361,24281
2022-09-28,2호선,신림,61542,59131
2022-09-28,2호선,신대방,27439,26824
2022-09-28,2호선,구로디지털단지,64391,64355
2022-09-28,2호선,대림,26011,26575
2022-09-28,2호선,신도림,52235,52002
2022-09-28,2호선,문래,24198,24756
2022-09-28,2호선,영등포구청,24161,25566
2022-09-28,2호선,당산,20694,24719
2022-09-28,2호선,합정,33102,35625
2022-09-28,2호선,홍대입구,59568,63290
2022-09-28,2호선,신촌,40364,41072
2022-09-28,2호선,이대,18634,20224
2022-09-28,2호선,아현,12079,11523
2022-09-28,2호선,충정로,11264,12721
2022-09-28,2호선,용답,3309,3384
2022-09-28,2호선,신답,1954,2140
2022-09-28,2호선,신설동,3593,3499
2022-09-28,2호선,도림천,1422,1525
2022-09-28,2호선,양천구청,7874,8043
2022-09-28,2호선,신정네거리,11614,11975
2022-09-28,2호선,용두,2538,2540
2022-09-29,2호선,용두,2573,2595
2022-09-29,2호선,신정네거리,11456,11683
2022-09-29,2호선,양천구청,7867,8031
2022-09-29,2호선,도림천,1435,1530
2022-09-29,2호선,신설동,3667,3526
2022-09-29,2호선,신답,1966,2103
2022-09-29,2호선,용답,3451,3538
2022-09-29,2호선,충정로,10995,11743
2022-09-29,2호선,아현,11906,11232
2022-09-29,2호선,이대,18552,19757
2022-09-29,2호선,신촌,39992,40712
2022-09-29,2호선,홍대입구,59861,64183
2022-09-29,2호선,합정,33068,36020
2022-09-29,2호선,당산,20854,25030
2022-09-29,2호선,영등포구청,24047,24792
2022-09-29,2호선,문래,24124,24700
2022-09-29,2호선,신도림,52370,52344
2022-09-29,2호선,대림,25713,26157
2022-09-29,2호선,구로디지털단지,64833,64833
2022-09-29,2호선,신대방,27352,26669
2022-09-29,2호선,신림,61856,59046
2022-09-29,2호선,봉천,26305,24235
2022-09-29,2호선,서울대입구,51606,50204
2022-09-29,2호선,낙성대,30764,29847
2022-09-29,2호선,사당,43331,47065
2022-09-29,2호선,방배,21235,22142
2022-09-29,2호선,서초,24076,23568
2022-09-29,2호선,교대,37923,42670
2022-09-29,2호선,강남,85299,82527
2022-09-29,2호선,역삼,57772,66627
2022-09-29,2호선,선릉,63966,56792
2022-09-29,2호선,삼성,59904,61209
2022-09-29,2호선,종합운동장,12258,13479
2022-09-29,2호선,잠실새내,23652,23752
2022-09-29,2호선,잠실,76864,77262
2022-09-29,2호선,잠실나루,16588,16234
2022-09-29,2호선,강변,33740,30692
2022-09-29,2호선,구의,26032,25336
2022-09-29,2호선,건대입구,37696,39953
2022-09-29,2호선,성수,40893,44975
2022-09-29,2호선,뚝섬,24260,26647
2022-09-29,2호선,한양대,15566,17258
2022-09-29,2호선,왕십리,18190,14520
2022-09-29,2호선,상왕십리,15794,15200
2022-09-29,2호선,신당,15278,15446
2022-09-29,2호선,동대문역사문화공원,13487,15518
2022-09-29,2호선,을지로4가,14551,14649
2022-09-29,2호선,을지로3가,26172,26021
2022-09-29,2호선,을지로입구,46626,48649
2022-09-29,2호선,시청,26884,26015
2022-09-30,2호선,용답,3471,3342
2022-09-30,2호선,신대방,28390,27144
2022-09-30,2호선,신림,64402,61073
2022-09-30,2호선,봉천,26828,24173
2022-09-30,2호선,서울대입구,53775,50753
2022-09-30,2호선,낙성대,31843,29362
2022-09-30,2호선,사당,44893,49734
2022-09-30,2호선,방배,20122,20898
2022-09-30,2호선,서초,23794,22837
2022-09-30,2호선,교대,38183,43705
2022-09-30,2호선,강남,89504,88737
2022-09-30,2호선,역삼,54919,62772
2022-09-30,2호선,선릉,62933,55888
2022-09-30,2호선,삼성,59738,60755
2022-09-30,2호선,종합운동장,13362,15129
2022-09-30,2호선,잠실새내,25068,25943
2022-09-30,2호선,잠실,87713,88363
2022-09-30,2호선,잠실나루,16592,16111
2022-09-30,2호선,강변,38365,38078
2022-09-30,2호선,구의,26639,25228
2022-09-30,2호선,건대입구,40287,44175
2022-09-30,2호선,성수,42074,46934
2022-09-30,2호선,뚝섬,25633,27479
2022-09-30,2호선,한양대,13749,14734
2022-09-30,2호선,왕십리,19291,15741
2022-09-30,2호선,상왕십리,16241,15457
2022-09-30,2호선,신당,15940,16283
2022-09-30,2호선,동대문역사문화공원,15287,16417
2022-09-30,2호선,을지로4가,14748,15155
2022-09-30,2호선,을지로3가,26645,27299
2022-09-30,2호선,을지로입구,47315,49571
2022-09-30,2호선,시청,27097,26261
2022-09-30,2호선,구로디지털단지,65862,64962
2022-09-30,2호선,대림,26148,26591
2022-09-30,2호선,신도림,53845,54014
2022-09-30,2호선,문래,24264,25304
2022-09-30,2호선,영등포구청,24176,24787
2022-09-30,2호선,당산,20883,24654
2022-09-30,2호선,합정,35655,40218
2022-09-30,2호선,홍대입구,66365,75690
2022-09-30,2호선,신촌,42260,43252
2022-09-30,2호선,이대,19048,19478
2022-09-30,2호선,아현,12498,11445
2022-09-30,2호선,충정로,11138,11832
2022-09-30,2호선,신답,2057,2196
2022-09-30,2호선,신설동,4021,3907
2022-09-30,2호선,도림천,1440,1524
2022-09-30,2호선,양천구청,8025,8152
2022-09-30,2호선,신정네거리,11602,11784
2022-09-30,2호선,용두,2733,2763
2022-10-01,2호선,용두,1841,1734
2022-10-01,2호선,신정네거리,8036,7626
2022-10-01,2호선,양천구청,5450,5360
2022-10-01,2호선,도림천,875,917
2022-10-01,2호선,신설동,3733,3591
2022-10-01,2호선,신답,1182,1195
2022-10-01,2호선,용답,2331,2132
2022-10-01,2호선,충정로,6316,6727
2022-10-01,2호선,아현,8305,7407
2022-10-01,2호선,이대,12419,12224
2022-10-01,2호선,신촌,43588,42758
2022-10-01,2호선,홍대입구,72912,82760
2022-10-01,2호선,합정,30749,35488
2022-10-01,2호선,당산,14135,15572
2022-10-01,2호선,영등포구청,13501,14105
2022-10-01,2호선,문래,13572,14427
2022-10-01,2호선,신도림,43873,44823
2022-10-01,2호선,대림,19450,20180
2022-10-01,2호선,구로디지털단지,38092,37059
2022-10-01,2호선,신대방,21326,19836
2022-10-01,2호선,신림,49592,46465
2022-10-01,2호선,봉천,19177,16856
2022-10-01,2호선,서울대입구,39574,37078
2022-10-01,2호선,낙성대,23577,20850
2022-10-01,2호선,사당,35260,38943
2022-10-01,2호선,방배,10796,10942
2022-10-01,2호선,서초,12590,10532
2022-10-01,2호선,교대,18583,21257
2022-10-01,2호선,강남,58374,58877
2022-10-01,2호선,역삼,18026,20030
2022-10-01,2호선,선릉,25718,22659
2022-10-01,2호선,삼성,33281,33721
2022-10-01,2호선,종합운동장,13347,15176
2022-10-01,2호선,잠실새내,19059,19689
2022-10-01,2호선,잠실,78396,75695
2022-10-01,2호선,잠실나루,8872,8602
2022-10-01,2호선,강변,32507,35225
2022-10-01,2호선,구의,17896,16751
2022-10-01,2호선,건대입구,36013,39194
2022-10-01,2호선,성수,22904,27044
2022-10-01,2호선,뚝섬,17129,17545
2022-10-01,2호선,한양대,5819,5921
2022-10-01,2호선,왕십리,14262,12280
2022-10-01,2호선,상왕십리,10747,9707
2022-10-01,2호선,신당,12331,12916
2022-10-01,2호선,동대문역사문화공원,13421,15295
2022-10-01,2호선,을지로4가,9232,9888
2022-10-01,2호선,을지로3가,13480,13810
2022-10-01,2호선,을지로입구,27777,27409
2022-10-01,2호선,시청,12921,11301
2022-10-02,2호선,신림,38358,36946
2022-10-02,2호선,대림,17476,17689
2022-10-02,2호선,구로디지털단지,28019,27124
2022-10-02,2호선,신도림,32345,33087
2022-10-02,2호선,문래,9310,10273
2022-10-02,2호선,영등포구청,9421,9889
2022-10-02,2호선,당산,9228,10225
2022-10-02,2호선,합정,24373,27493
2022-10-02,2호선,홍대입구,60525,63592
2022-10-02,2호선,신촌,26368,26521
2022-10-02,2호선,이대,8406,8923
2022-10-02,2호선,아현,5712,5506
2022-10-02,2호선,충정로,4257,4595
2022-10-02,2호선,용답,1829,1869
2022-10-02,2호선,신답,813,872
2022-10-02,2호선,신설동,3523,3292
2022-10-02,2호선,도림천,553,552
2022-10-02,2호선,양천구청,3578,3657
2022-10-02,2호선,신정네거리,5769,5688
2022-10-02,2호선,신대방,16599,15845
2022-10-02,2호선,봉천,13562,12665
2022-10-02,2호선,서울대입구,28426,28516
2022-10-02,2호선,낙성대,17386,16843
2022-10-02,2호선,사당,25252,27506
2022-10-02,2호선,방배,6947,7240
2022-10-02,2호선,서초,13223,12162
2022-10-02,2호선,교대,11196,12151
2022-10-02,2호선,강남,36721,36591
2022-10-02,2호선,역삼,11709,12874
2022-10-02,2호선,선릉,14840,12554
2022-10-02,2호선,삼성,31542,29004
2022-10-02,2호선,종합운동장,13181,14076
2022-10-02,2호선,잠실새내,13238,13862
2022-10-02,2호선,잠실,67903,62909
2022-10-02,2호선,시청,8797,7205
2022-10-02,2호선,을지로입구,21630,20599
2022-10-02,2호선,을지로3가,11452,11439
2022-10-02,2호선,을지로4가,5244,5506
2022-10-02,2호선,동대문역사문화공원,10354,12940
2022-10-02,2호선,신당,9156,9981
2022-10-02,2호선,상왕십리,7707,7324
2022-10-02,2호선,왕십리,10660,9469
2022-10-02,2호선,한양대,3020,3135
2022-10-02,2호선,뚝섬,13160,13274
2022-10-02,2호선,성수,18559,20390
2022-10-02,2호선,건대입구,29280,31743
2022-10-02,2호선,구의,12758,12472
2022-10-02,2호선,강변,24834,24269
2022-10-02,2호선,잠실나루,5714,5715
2022-10-02,2호선,용두,1343,1351
2022-10-03,2호선,시청,10528,8189
2022-10-03,2호선,을지로입구,19902,18057
2022-10-03,2호선,을지로3가,8031,7352
2022-10-03,2호선,을지로4가,5740,5592
2022-10-03,2호선,동대문역사문화공원,9134,10438
2022-10-03,2호선,신당,7949,8539
2022-10-03,2호선,상왕십리,6785,6785
2022-10-03,2호선,왕십리,9025,8191
2022-10-03,2호선,한양대,3650,4301
2022-10-03,2호선,뚝섬,9138,9355
2022-10-03,2호선,성수,14406,15806
2022-10-03,2호선,건대입구,23663,24514
2022-10-03,2호선,구의,11392,11788
2022-10-03,2호선,강변,24129,21563
2022-10-03,2호선,잠실나루,5150,5233
2022-10-03,2호선,잠실,48747,46138
2022-10-03,2호선,잠실새내,11744,11811
2022-10-03,2호선,종합운동장,5211,5826
2022-10-03,2호선,삼성,23596,22726
2022-10-03,2호선,선릉,14806,13251
2022-10-03,2호선,역삼,11545,12410
2022-10-03,2호선,강남,30192,29053
2022-10-03,2호선,교대,10527,12024
2022-10-03,2호선,서초,5953,5141
2022-10-03,2호선,방배,5925,6310
2022-10-03,2호선,사당,20300,22263
2022-10-03,2호선,낙성대,13890,15277
2022-10-03,2호선,서울대입구,23621,24733
2022-10-03,2호선,봉천,11693,11729
2022-10-03,2호선,신림,31728,31704
2022-10-03,2호선,신대방,13866,13935
2022-10-03,2호선,구로디지털단지,23452,23871
2022-10-03,2호선,대림,13092,13467
2022-10-03,2호선,신도림,24860,25281
2022-10-03,2호선,문래,7435,7850
2022-10-03,2호선,영등포구청,8331,8721
2022-10-03,2호선,당산,7507,8495
2022-10-03,2호선,합정,18499,19299
2022-10-03,2호선,홍대입구,46517,45268
2022-10-03,2호선,신촌,21520,21322
2022-10-03,2호선,이대,7442,8721
2022-10-03,2호선,아현,5077,5290
2022-10-03,2호선,충정로,3751,3904
2022-10-03,2호선,용답,1688,1733
2022-10-03,2호선,신답,681,796
2022-10-03,2호선,신설동,1837,1810
2022-10-03,2호선,도림천,536,556
2022-10-03,2호선,양천구청,3052,3188
2022-10-03,2호선,신정네거리,4753,4818
2022-10-03,2호선,용두,1043,1041
2022-10-04,2호선,용답,3340,3546
2022-10-04,2호선,동대문역사문화공원,12902,14705
2022-10-04,2호선,을지로4가,14490,14499
2022-10-04,2호선,을지로3가,25109,25146
2022-10-04,2호선,을지로입구,45368,47096
2022-10-04,2호선,시청,26348,25309
2022-10-04,2호선,용두,2528,2481
2022-10-04,2호선,신정네거리,11620,11681
2022-10-04,2호선,양천구청,7757,7960
2022-10-04,2호선,도림천,1366,1500
2022-10-04,2호선,신설동,3518,3431
2022-10-04,2호선,신답,1843,2119
2022-10-04,2호선,충정로,10737,11509
2022-10-04,2호선,아현,11497,11124
2022-10-04,2호선,이대,18385,20649
2022-10-04,2호선,신촌,41092,44617
2022-10-04,2호선,홍대입구,57362,60413
2022-10-04,2호선,합정,31574,33667
2022-10-04,2호선,당산,19733,23701
2022-10-04,2호선,영등포구청,23825,24697
2022-10-04,2호선,문래,23736,24172
2022-10-04,2호선,신도림,50343,50094
2022-10-04,2호선,대림,25720,26244
2022-10-04,2호선,구로디지털단지,63734,63756
2022-10-04,2호선,신대방,27115,26245
2022-10-04,2호선,신림,60298,57899
2022-10-04,2호선,봉천,26038,24233
2022-10-04,2호선,서울대입구,50449,49795
2022-10-04,2호선,낙성대,29244,29368
2022-10-04,2호선,사당,40338,44110
2022-10-04,2호선,방배,21255,22111
2022-10-04,2호선,서초,23493,22697
2022-10-04,2호선,교대,37034,41793
2022-10-04,2호선,강남,84057,81384
2022-10-04,2호선,역삼,57835,65955
2022-10-04,2호선,선릉,63200,56265
2022-10-04,2호선,삼성,57297,58218
2022-10-04,2호선,종합운동장,14292,16291
2022-10-04,2호선,잠실새내,22889,22902
2022-10-04,2호선,잠실,71244,71697
2022-10-04,2호선,잠실나루,16663,16495
2022-10-04,2호선,강변,32670,30235
2022-10-04,2호선,구의,25778,25127
2022-10-04,2호선,건대입구,35463,37929
2022-10-04,2호선,성수,39446,42979
2022-10-04,2호선,뚝섬,23334,25013
2022-10-04,2호선,한양대,15903,18000
2022-10-04,2호선,왕십리,17598,13846
2022-10-04,2호선,상왕십리,15673,15090
2022-10-04,2호선,신당,14744,15207
2022-10-05,2호선,을지로4가,14549,14452
2022-10-05,2호선,을지로3가,26242,26195
2022-10-05,2호선,을지로입구,46927,49285
2022-10-05,2호선,시청,27707,26781
2022-10-05,2호선,동대문역사문화공원,14058,15775
2022-10-05,2호선,신당,15473,15948
2022-10-05,2호선,상왕십리,15817,15278
2022-10-05,2호선,왕십리,17931,14718
2022-10-05,2호선,한양대,16726,19209
2022-10-05,2호선,뚝섬,24584,26313
2022-10-05,2호선,성수,40486,44511
2022-10-05,2호선,건대입구,36623,38910
2022-10-05,2호선,구의,26255,25595
2022-10-05,2호선,강변,32271,30267
2022-10-05,2호선,잠실나루,16934,16621
2022-10-05,2호선,잠실,78384,78633
2022-10-05,2호선,잠실새내,23867,23806
2022-10-05,2호선,종합운동장,15129,17002
2022-10-05,2호선,삼성,61381,62657
2022-10-05,2호선,선릉,64345,57040
2022-10-05,2호선,역삼,59281,67575
2022-10-05,2호선,강남,86317,83360
2022-10-05,2호선,교대,37625,42774
2022-10-05,2호선,서초,24912,24129
2022-10-05,2호선,방배,21559,22520
2022-10-05,2호선,사당,42509,45793
2022-10-05,2호선,낙성대,30361,29734
2022-10-05,2호선,서울대입구,51569,50305
2022-10-05,2호선,봉천,26117,24232
2022-10-05,2호선,신림,61384,59000
2022-10-05,2호선,신대방,27705,27061
2022-10-05,2호선,구로디지털단지,65173,65277
2022-10-05,2호선,대림,26412,26693
2022-10-05,2호선,신도림,52964,52871
2022-10-05,2호선,문래,24097,24638
2022-10-05,2호선,영등포구청,24536,25136
2022-10-05,2호선,당산,20695,24684
2022-10-05,2호선,합정,32863,35334
2022-10-05,2호선,홍대입구,60363,63588
2022-10-05,2호선,신촌,40579,40761
2022-10-05,2호선,이대,18527,20321
2022-10-05,2호선,아현,11812,11285
2022-10-05,2호선,충정로,11162,11837
2022-10-05,2호선,용답,3290,3380
2022-10-05,2호선,신답,1920,2173
2022-10-05,2호선,신설동,3912,3721
2022-10-05,2호선,도림천,1462,1530
2022-10-05,2호선,양천구청,7974,8145
2022-10-05,2호선,신정네거리,12130,12310
2022-10-05,2호선,용두,2642,2580
2022-10-06,2호선,서초,24141,23250
2022-10-06,2호선,시청,27344,26357
2022-10-06,2호선,을지로입구,48105,49820
2022-10-06,2호선,을지로3가,26075,26001
2022-10-06,2호선,을지로4가,14976,14856
2022-10-06,2호선,동대문역사문화공원,13750,15840
2022-10-06,2호선,신당,15236,15797
2022-10-06,2호선,상왕십리,15882,15310
2022-10-06,2호선,왕십리,17992,14400
2022-10-06,2호선,한양대,17333,19567
2022-10-06,2호선,뚝섬,24735,26355
2022-10-06,2호선,성수,40333,44136
2022-10-06,2호선,건대입구,37030,39488
2022-10-06,2호선,구의,26508,25843
2022-10-06,2호선,강변,33156,30782
2022-10-06,2호선,잠실나루,16512,14903
2022-10-06,2호선,잠실,78863,79245
2022-10-06,2호선,잠실새내,24171,23961
2022-10-06,2호선,종합운동장,13006,14794
2022-10-06,2호선,삼성,62683,63433
2022-10-06,2호선,선릉,65166,57796
2022-10-06,2호선,역삼,59111,67153
2022-10-06,2호선,강남,87747,84654
2022-10-06,2호선,교대,37788,42928
2022-10-06,2호선,방배,21384,22157
2022-10-06,2호선,사당,42963,46793
2022-10-06,2호선,낙성대,30600,29959
2022-10-06,2호선,서울대입구,51935,50206
2022-10-06,2호선,봉천,26041,24269
2022-10-06,2호선,신림,61790,58887
2022-10-06,2호선,신대방,27530,26741
2022-10-06,2호선,구로디지털단지,65767,65678
2022-10-06,2호선,대림,25859,26407
2022-10-06,2호선,신도림,53199,53400
2022-10-06,2호선,문래,23934,24530
2022-10-06,2호선,영등포구청,24345,25096
2022-10-06,2호선,당산,20926,24841
2022-10-06,2호선,합정,33573,36325
2022-10-06,2호선,홍대입구,61038,65735
2022-10-06,2호선,신촌,40949,41454
2022-10-06,2호선,이대,18586,19852
2022-10-06,2호선,아현,11830,11281
2022-10-06,2호선,충정로,11097,11902
2022-10-06,2호선,용답,3343,3523
2022-10-06,2호선,신답,1921,2170
2022-10-06,2호선,신설동,3764,3570
2022-10-06,2호선,도림천,1471,1521
2022-10-06,2호선,양천구청,7713,7971
2022-10-06,2호선,신정네거리,11553,11793
2022-10-06,2호선,용두,2672,2699
2022-10-07,2호선,용두,2838,2773
2022-10-07,2호선,신정네거리,11722,11957
2022-10-07,2호선,양천구청,7944,8094
2022-10-07,2호선,도림천,1480,1537
2022-10-07,2호선,신설동,4152,3941
2022-10-07,2호선,신답,2055,2192
2022-10-07,2호선,충정로,11149,11900
2022-10-07,2호선,아현,12325,11431
2022-10-07,2호선,이대,19344,19796
2022-10-07,2호선,신촌,43641,44109
2022-10-07,2호선,홍대입구,71077,80895
2022-10-07,2호선,용답,3237,2950
2022-10-07,2호선,서초,24577,22963
2022-10-07,2호선,교대,38780,44608
2022-10-07,2호선,강남,93385,92171
2022-10-07,2호선,역삼,56732,64221
2022-10-07,2호선,선릉,64638,57412
2022-10-07,2호선,삼성,63675,63785
2022-10-07,2호선,종합운동장,35738,39950
2022-10-07,2호선,잠실새내,26296,27177
2022-10-07,2호선,잠실,91463,91438
2022-10-07,2호선,잠실나루,17075,14800
2022-10-07,2호선,합정,36568,40633
2022-10-07,2호선,당산,21003,24927
2022-10-07,2호선,영등포구청,24637,25493
2022-10-07,2호선,문래,24478,25260
2022-10-07,2호선,신도림,55007,56023
2022-10-07,2호선,대림,26649,27355
2022-10-07,2호선,구로디지털단지,66811,66768
2022-10-07,2호선,신대방,28316,27123
2022-10-07,2호선,신림,64672,61855
2022-10-07,2호선,봉천,26968,24177
2022-10-07,2호선,서울대입구,54831,52021
2022-10-07,2호선,낙성대,31952,29536
2022-10-07,2호선,사당,45843,51538
2022-10-07,2호선,방배,20691,21038
2022-10-07,2호선,강변,39861,39476
2022-10-07,2호선,구의,27223,26270
2022-10-07,2호선,건대입구,41571,45985
2022-10-07,2호선,성수,43219,47626
2022-10-07,2호선,뚝섬,26565,28179
2022-10-07,2호선,한양대,14230,16667
2022-10-07,2호선,왕십리,20259,16406
2022-10-07,2호선,상왕십리,16235,15470
2022-10-07,2호선,신당,16089,16686
2022-10-07,2호선,동대문역사문화공원,15679,17081
2022-10-07,2호선,을지로4가,15590,15624
2022-10-07,2호선,을지로3가,27253,27926
2022-10-07,2호선,을지로입구,49474,51139
2022-10-07,2호선,시청,27974,26918
2022-10-08,2호선,용두,1888,1895
2022-10-08,2호선,신정네거리,8879,8660
2022-10-08,2호선,양천구청,5218,5265
2022-10-08,2호선,도림천,851,846
2022-10-08,2호선,신설동,4016,3711
2022-10-08,2호선,신답,1262,1251
2022-10-08,2호선,용답,2566,2351
2022-10-08,2호선,충정로,6696,6887
2022-10-08,2호선,이대,12784,13194
2022-10-08,2호선,신촌,36892,37941
2022-10-08,2호선,홍대입구,81131,93317
2022-10-08,2호선,합정,34676,40430
2022-10-08,2호선,당산,18165,19725
2022-10-08,2호선,영등포구청,14607,15391
2022-10-08,2호선,문래,14845,15776
2022-10-08,2호선,신도림,48679,49219
2022-10-08,2호선,대림,21502,22459
2022-10-08,2호선,구로디지털단지,40125,38904
2022-10-08,2호선,신대방,22637,20805
2022-10-08,2호선,신림,52330,48875
2022-10-08,2호선,봉천,19339,17230
2022-10-08,2호선,서울대입구,40887,38571
2022-10-08,2호선,낙성대,24779,21805
2022-10-08,2호선,사당,37167,42820
2022-10-08,2호선,방배,11238,11294
2022-10-08,2호선,서초,13648,10946
2022-10-08,2호선,교대,19484,22356
2022-10-08,2호선,강남,60050,60129
2022-10-08,2호선,역삼,19215,21387
2022-10-08,2호선,선릉,27656,24279
2022-10-08,2호선,삼성,30983,31199
2022-10-08,2호선,종합운동장,20142,22638
2022-10-08,2호선,잠실새내,20882,21518
2022-10-08,2호선,잠실,88521,84715
2022-10-08,2호선,잠실나루,9656,8712
2022-10-08,2호선,강변,35789,36957
2022-10-08,2호선,구의,18950,17876
2022-10-08,2호선,건대입구,37252,40452
2022-10-08,2호선,성수,25254,28970
2022-10-08,2호선,뚝섬,18923,18800
2022-10-08,2호선,한양대,5952,5994
2022-10-08,2호선,왕십리,15040,12935
2022-10-08,2호선,상왕십리,10973,10010
2022-10-08,2호선,신당,12709,13398
2022-10-08,2호선,동대문역사문화공원,13389,15736
2022-10-08,2호선,을지로4가,9660,10155
2022-10-08,2호선,을지로3가,14583,14767
2022-10-08,2호선,을지로입구,30264,29486
2022-10-08,2호선,시청,14620,11837
2022-10-08,2호선,아현,8906,8052
2022-10-09,2호선,시청,10312,8206
2022-10-09,2호선,을지로입구,22966,22608
2022-10-09,2호선,을지로3가,11263,11299
2022-10-09,2호선,을지로4가,5334,5455
2022-10-09,2호선,동대문역사문화공원,10309,12447
2022-10-09,2호선,신당,8878,9457
2022-10-09,2호선,상왕십리,7274,7076
2022-10-09,2호선,왕십리,10379,9167
2022-10-09,2호선,한양대,2688,2845
2022-10-09,2호선,뚝섬,11040,11418
2022-10-09,2호선,성수,17565,18987
2022-10-09,2호선,건대입구,26542,28878
2022-10-09,2호선,구의,11977,11843
2022-10-09,2호선,강변,24061,24078
2022-10-09,2호선,잠실나루,5884,5404
2022-10-09,2호선,잠실,66142,61755
2022-10-09,2호선,잠실새내,12816,13466
2022-10-09,2호선,종합운동장,7050,7351
2022-10-09,2호선,삼성,27775,26652
2022-10-09,2호선,선릉,14335,12178
2022-10-09,2호선,역삼,12256,13023
2022-10-09,2호선,강남,34302,34233
2022-10-09,2호선,교대,11031,12150
2022-10-09,2호선,서초,12530,11374
2022-10-09,2호선,방배,6825,6957
2022-10-09,2호선,사당,24191,26357
2022-10-09,2호선,낙성대,16131,15641
2022-10-09,2호선,서울대입구,27033,26462
2022-10-09,2호선,봉천,12802,12155
2022-10-09,2호선,신림,36863,35054
2022-10-09,2호선,신대방,15291,14759
2022-10-09,2호선,구로디지털단지,26429,25510
2022-10-09,2호선,대림,15745,16132
2022-10-09,2호선,신도림,31395,31767
2022-10-09,2호선,문래,8344,9197
2022-10-09,2호선,영등포구청,8877,9144
2022-10-09,2호선,당산,8491,9248
2022-10-09,2호선,합정,23199,25745
2022-10-09,2호선,홍대입구,61902,64325
2022-10-09,2호선,신촌,27188,27038
2022-10-09,2호선,이대,8214,8542
2022-10-09,2호선,아현,5447,5198
2022-10-09,2호선,충정로,4186,4449
2022-10-09,2호선,용답,1769,1634
2022-10-09,2호선,신답,721,814
2022-10-09,2호선,신설동,2820,2618
2022-10-09,2호선,도림천,507,504
2022-10-09,2호선,양천구청,3290,3384
2022-10-09,2호선,신정네거리,5276,5421
2022-10-09,2호선,용두,1015,989
2022-10-10,2호선,시청,10376,7963
2022-10-10,2호선,을지로입구,22549,21299
2022-10-10,2호선,을지로3가,8913,8453
2022-10-10,2호선,을지로4가,7017,6927
2022-10-10,2호선,동대문역사문화공원,10684,12058
2022-10-10,2호선,신당,9019,9807
2022-10-10,2호선,상왕십리,8079,7910
2022-10-10,2호선,왕십리,10031,8838
2022-10-10,2호선,한양대,3805,4420
2022-10-10,2호선,뚝섬,10826,11144
2022-10-10,2호선,성수,17067,19006
2022-10-10,2호선,건대입구,26512,27863
2022-10-10,2호선,구의,12967,12999
2022-10-10,2호선,강변,26358,24190
2022-10-10,2호선,잠실나루,5954,5575
2022-10-10,2호선,잠실,60295,56211
2022-10-10,2호선,잠실새내,13180,13583
2022-10-10,2호선,종합운동장,4101,4983
2022-10-10,2호선,삼성,23374,22485
2022-10-10,2호선,선릉,17638,15726
2022-10-10,2호선,역삼,13368,14446
2022-10-10,2호선,강남,35743,34488
2022-10-10,2호선,교대,12018,13646
2022-10-10,2호선,서초,6812,6024
2022-10-10,2호선,방배,6896,7216
2022-10-10,2호선,사당,23163,25510
2022-10-10,2호선,낙성대,15631,16851
2022-10-10,2호선,서울대입구,27496,28225
2022-10-10,2호선,봉천,13372,13184
2022-10-10,2호선,신림,35960,35034
2022-10-10,2호선,신대방,15634,15363
2022-10-10,2호선,구로디지털단지,27098,26658
2022-10-10,2호선,대림,14850,15521
2022-10-10,2호선,신도림,28861,29361
2022-10-10,2호선,문래,7988,8534
2022-10-10,2호선,영등포구청,9663,10017
2022-10-10,2호선,당산,8828,9810
2022-10-10,2호선,합정,20788,22194
2022-10-10,2호선,홍대입구,55596,55575
2022-10-10,2호선,신촌,26093,25741
2022-10-10,2호선,이대,8714,9968
2022-10-10,2호선,아현,5984,5992
2022-10-10,2호선,충정로,3917,4183
2022-10-10,2호선,용답,1814,1855
2022-10-10,2호선,신답,867,927
2022-10-10,2호선,신설동,2485,2351
2022-10-10,2호선,도림천,575,649
2022-10-10,2호선,양천구청,3516,3552
2022-10-10,2호선,신정네거리,5711,5784
2022-10-10,2호선,용두,1425,1389
2022-10-11,2호선,선릉,64198,57000
2022-10-11,2호선,용답,3361,3533
2022-10-11,2호선,시청,26497,25845
2022-10-11,2호선,을지로입구,47194,48736
2022-10-11,2호선,을지로3가,25573,25786
2022-10-11,2호선,을지로4가,14814,14910
2022-10-11,2호선,동대문역사문화공원,14964,17154
2022-10-11,2호선,신당,14943,15259
2022-10-11,2호선,상왕십리,15532,15059
2022-10-11,2호선,왕십리,17774,13981
2022-10-11,2호선,한양대,16567,18361
2022-10-11,2호선,뚝섬,23637,25526
2022-10-11,2호선,성수,40539,44165
2022-10-11,2호선,건대입구,35787,38641
2022-10-11,2호선,구의,25847,25461
2022-10-11,2호선,강변,33691,30404
2022-10-11,2호선,잠실나루,16518,14976
2022-10-11,2호선,잠실,78421,78658
2022-10-11,2호선,잠실새내,23489,23477
2022-10-11,2호선,종합운동장,12138,13732
2022-10-11,2호선,삼성,55969,57239
2022-10-11,2호선,역삼,58834,66621
2022-10-11,2호선,강남,84385,81412
2022-10-11,2호선,교대,37553,42501
2022-10-11,2호선,서초,24218,23583
2022-10-11,2호선,방배,21447,22295
2022-10-11,2호선,사당,40842,44832
2022-10-11,2호선,낙성대,29709,29687
2022-10-11,2호선,서울대입구,51269,50386
2022-10-11,2호선,봉천,26031,24442
2022-10-11,2호선,신림,60329,58338
2022-10-11,2호선,신대방,27099,26618
2022-10-11,2호선,구로디지털단지,64450,64615
2022-10-11,2호선,대림,26107,26598
2022-10-11,2호선,신도림,49669,49289
2022-10-11,2호선,문래,23793,24289
2022-10-11,2호선,영등포구청,24236,25073
2022-10-11,2호선,당산,20155,24066
2022-10-11,2호선,합정,31315,33328
2022-10-11,2호선,홍대입구,60584,64011
2022-10-11,2호선,신촌,39440,40493
2022-10-11,2호선,이대,18496,20444
2022-10-11,2호선,아현,11462,11022
2022-10-11,2호선,충정로,11158,11774
2022-10-11,2호선,신답,1880,2103
2022-10-11,2호선,신설동,3567,3559
2022-10-11,2호선,도림천,1472,1566
2022-10-11,2호선,양천구청,7697,7919
2022-10-11,2호선,신정네거리,11473,11701
2022-10-11,2호선,용두,2458,2520
2022-10-12,2호선,동대문역사문화공원,15400,17487
2022-10-12,2호선,을지로4가,15259,15154
2022-10-12,2호선,을지로3가,26927,27246
2022-10-12,2호선,을지로입구,48000,50127
2022-10-12,2호선,시청,27614,26922
2022-10-12,2호선,상왕십리,15786,15121
2022-10-12,2호선,왕십리,18300,14732
2022-10-12,2호선,한양대,15664,17380
2022-10-12,2호선,뚝섬,24153,26204
2022-10-12,2호선,성수,41841,45871
2022-10-12,2호선,건대입구,36223,38326
2022-10-12,2호선,구의,26214,25592
2022-10-12,2호선,강변,32470,30416
2022-10-12,2호선,잠실나루,17180,16906
2022-10-12,2호선,잠실,78799,78746
2022-10-12,2호선,잠실새내,23299,23148
2022-10-12,2호선,종합운동장,10234,10908
2022-10-12,2호선,삼성,58466,59811
2022-10-12,2호선,선릉,65211,58215
2022-10-12,2호선,역삼,59292,67883
2022-10-12,2호선,강남,85370,82250
2022-10-12,2호선,교대,38401,43504
2022-10-12,2호선,서초,25142,24396
2022-10-12,2호선,방배,21355,22503
2022-10-12,2호선,사당,42677,46009
2022-10-12,2호선,낙성대,29998,29485
2022-10-12,2호선,서울대입구,51483,50002
2022-10-12,2호선,봉천,26142,24440
2022-10-12,2호선,신림,61935,59507
2022-10-12,2호선,신대방,27699,27129
2022-10-12,2호선,구로디지털단지,65597,65806
2022-10-12,2호선,대림,26142,26867
2022-10-12,2호선,신도림,53018,52792
2022-10-12,2호선,문래,24590,24899
2022-10-12,2호선,영등포구청,24378,25324
2022-10-12,2호선,당산,20710,24657
2022-10-12,2호선,합정,32460,34732
2022-10-12,2호선,홍대입구,60641,65133
2022-10-12,2호선,신촌,39577,39964
2022-10-12,2호선,이대,18500,20085
2022-10-12,2호선,아현,11659,11012
2022-10-12,2호선,충정로,11517,12025
2022-10-12,2호선,용답,3338,3455
2022-10-12,2호선,신답,1911,2179
2022-10-12,2호선,신설동,3672,3623
2022-10-12,2호선,도림천,1444,1487
2022-10-12,2호선,양천구청,7955,8043
2022-10-12,2호선,신정네거리,11571,11681
2022-10-12,2호선,용두,2551,2530
2022-10-12,2호선,신당,15596,16078
2022-10-13,2호선,용답,3431,3497
2022-10-13,2호선,시청,27525,27467
2022-10-13,2호선,을지로입구,48692,50994
2022-10-13,2호선,을지로3가,26747,26956
2022-10-13,2호선,을지로4가,14971,15258
2022-10-13,2호선,동대문역사문화공원,15767,18343
2022-10-13,2호선,신당,15402,15923
2022-10-13,2호선,상왕십리,15850,15333
2022-10-13,2호선,왕십리,18198,14293
2022-10-13,2호선,한양대,15522,17107
2022-10-13,2호선,뚝섬,24421,26478
2022-10-13,2호선,성수,42236,46320
2022-10-13,2호선,건대입구,36952,39288
2022-10-13,2호선,구의,26245,25595
2022-10-13,2호선,강변,33083,30342
2022-10-13,2호선,잠실나루,16812,16556
2022-10-13,2호선,잠실,79420,80033
2022-10-13,2호선,잠실새내,23673,23603
2022-10-13,2호선,종합운동장,9659,10612
2022-10-13,2호선,삼성,59054,60782
2022-10-13,2호선,선릉,64542,57649
2022-10-13,2호선,역삼,58979,67683
2022-10-13,2호선,강남,86509,83742
2022-10-13,2호선,교대,38002,43469
2022-10-13,2호선,서초,24273,23477
2022-10-13,2호선,방배,21346,22424
2022-10-13,2호선,사당,43713,48287
2022-10-13,2호선,낙성대,30575,29651
2022-10-13,2호선,서울대입구,51816,50180
2022-10-13,2호선,봉천,26322,24464
2022-10-13,2호선,신림,62705,59501
2022-10-13,2호선,신대방,27718,27103
2022-10-13,2호선,구로디지털단지,66129,66108
2022-10-13,2호선,대림,26176,26622
2022-10-13,2호선,신도림,53303,53176
2022-10-13,2호선,문래,24611,25148
2022-10-13,2호선,영등포구청,24126,25131
2022-10-13,2호선,당산,21077,24832
2022-10-13,2호선,합정,33168,35844
2022-10-13,2호선,홍대입구,63310,67468
2022-10-13,2호선,신촌,39852,40783
2022-10-13,2호선,이대,18714,20304
2022-10-13,2호선,아현,11648,10869
2022-10-13,2호선,충정로,11755,12519
2022-10-13,2호선,신답,1937,2092
2022-10-13,2호선,신설동,3619,3607
2022-10-13,2호선,도림천,1416,1538
2022-10-13,2호선,양천구청,7712,7962
2022-10-13,2호선,신정네거리,11675,11862
2022-10-13,2호선,용두,2578,2528
2022-10-14,2호선,용두,2708,2644
2022-10-14,2호선,신정네거리,11600,11874
2022-10-14,2호선,양천구청,8014,8185
2022-10-14,2호선,도림천,1418,1480
2022-10-14,2호선,신설동,4159,3978
2022-10-14,2호선,신답,1932,2019
2022-10-14,2호선,충정로,10873,11597
2022-10-14,2호선,아현,12499,11392
2022-10-14,2호선,이대,18995,19603
2022-10-14,2호선,신촌,42698,43518
2022-10-14,2호선,홍대입구,68452,77263
2022-10-14,2호선,합정,35555,40229
2022-10-14,2호선,당산,21296,25204
2022-10-14,2호선,영등포구청,24186,25311
2022-10-14,2호선,문래,24854,25916
2022-10-14,2호선,신도림,54506,54965
2022-10-14,2호선,대림,26519,27100
2022-10-14,2호선,구로디지털단지,66503,66182
2022-10-14,2호선,신대방,28207,26897
2022-10-14,2호선,신림,63684,60864
2022-10-14,2호선,봉천,26613,24186
2022-10-14,2호선,서울대입구,53691,51449
2022-10-14,2호선,낙성대,31948,29836
2022-10-14,2호선,사당,45395,50280
2022-10-14,2호선,방배,20590,21313
2022-10-14,2호선,서초,23883,22964
2022-10-14,2호선,교대,38452,43812
2022-10-14,2호선,강남,91148,89826
2022-10-14,2호선,역삼,56512,64877
2022-10-14,2호선,선릉,64253,57308
2022-10-14,2호선,삼성,59470,60688
2022-10-14,2호선,종합운동장,9524,10302
2022-10-14,2호선,잠실새내,24932,25328
2022-10-14,2호선,잠실,87415,87346
2022-10-14,2호선,잠실나루,16937,16236
2022-10-14,2호선,강변,36433,35493
2022-10-14,2호선,구의,26923,25847
2022-10-14,2호선,건대입구,39562,43717
2022-10-14,2호선,성수,42526,47386
2022-10-14,2호선,뚝섬,25032,26871
2022-10-14,2호선,한양대,13509,14649
2022-10-14,2호선,왕십리,19327,15846
2022-10-14,2호선,상왕십리,16324,15575
2022-10-14,2호선,신당,15999,16273
2022-10-14,2호선,동대문역사문화공원,17272,19003
2022-10-14,2호선,을지로4가,15598,15694
2022-10-14,2호선,을지로3가,27541,28342
2022-10-14,2호선,을지로입구,49814,51793
2022-10-14,2호선,시청,27578,26850
2022-10-14,2호선,용답,3330,3332
2022-10-15,2호선,시청,14128,11843
2022-10-15,2호선,을지로입구,29080,28388
2022-10-15,2호선,을지로3가,14381,14059
2022-10-15,2호선,을지로4가,9260,9548
2022-10-15,2호선,동대문역사문화공원,14346,16666
2022-10-15,2호선,신당,12875,13486
2022-10-15,2호선,상왕십리,11155,10586
2022-10-15,2호선,왕십리,14797,12938
2022-10-15,2호선,한양대,6114,6247
2022-10-15,2호선,뚝섬,16984,17195
2022-10-15,2호선,성수,24665,28686
2022-10-15,2호선,건대입구,36461,39999
2022-10-15,2호선,구의,18419,17145
2022-10-15,2호선,강변,32976,32829
2022-10-15,2호선,잠실나루,8725,8510
2022-10-15,2호선,잠실,83383,79321
2022-10-15,2호선,잠실새내,18942,19412
2022-10-15,2호선,종합운동장,8218,9427
2022-10-15,2호선,삼성,32364,32666
2022-10-15,2호선,선릉,27955,24730
2022-10-15,2호선,역삼,19071,21085
2022-10-15,2호선,강남,60818,60772
2022-10-15,2호선,교대,19702,22766
2022-10-15,2호선,서초,13876,11628
2022-10-15,2호선,방배,11380,11606
2022-10-15,2호선,사당,38311,43009
2022-10-15,2호선,낙성대,25010,23307
2022-10-15,2호선,서울대입구,40335,38985
2022-10-15,2호선,봉천,19468,17560
2022-10-15,2호선,신림,51574,48803
2022-10-15,2호선,신대방,22572,21049
2022-10-15,2호선,구로디지털단지,39954,38617
2022-10-15,2호선,대림,20724,21423
2022-10-15,2호선,신도림,46645,47716
2022-10-15,2호선,문래,14606,15604
2022-10-15,2호선,영등포구청,14241,15304
2022-10-15,2호선,당산,15658,17917
2022-10-15,2호선,합정,32924,37862
2022-10-15,2호선,홍대입구,73201,82442
2022-10-15,2호선,신촌,37084,37766
2022-10-15,2호선,이대,12826,13621
2022-10-15,2호선,아현,9008,8206
2022-10-15,2호선,충정로,6603,7079
2022-10-15,2호선,용답,2456,2152
2022-10-15,2호선,신답,1239,1244
2022-10-15,2호선,신설동,3734,3589
2022-10-15,2호선,도림천,863,938
2022-10-15,2호선,양천구청,5305,5281
2022-10-15,2호선,신정네거리,8469,8290
2022-10-15,2호선,용두,1957,1910
2022-10-16,2호선,용두,1164,1291
2022-10-16,2호선,신정네거리,5792,5949
2022-10-16,2호선,양천구청,3913,3982
2022-10-16,2호선,도림천,600,640
2022-10-16,2호선,신설동,3494,3411
2022-10-16,2호선,신답,857,963
2022-10-16,2호선,용답,2071,1920
2022-10-16,2호선,충정로,4447,4748
2022-10-16,2호선,아현,5983,5904
2022-10-16,2호선,이대,8614,9573
2022-10-16,2호선,신촌,26730,26321
2022-10-16,2호선,홍대입구,57163,56775
2022-10-16,2호선,합정,23608,25102
2022-10-16,2호선,당산,10265,11175
2022-10-16,2호선,영등포구청,9737,10285
2022-10-16,2호선,문래,9359,10031
2022-10-16,2호선,신도림,34484,34676
2022-10-16,2호선,대림,17907,18461
2022-10-16,2호선,구로디지털단지,28799,27857
2022-10-16,2호선,신대방,17116,16676
2022-10-16,2호선,신림,37966,36702
2022-10-16,2호선,봉천,13957,13329
2022-10-16,2호선,서울대입구,28413,28915
2022-10-16,2호선,낙성대,18327,18989
2022-10-16,2호선,사당,26710,28683
2022-10-16,2호선,방배,7607,7819
2022-10-16,2호선,서초,12822,12146
2022-10-16,2호선,교대,12377,13590
2022-10-16,2호선,강남,34385,33049
2022-10-16,2호선,역삼,11862,13134
2022-10-16,2호선,선릉,14857,12814
2022-10-16,2호선,삼성,22436,21784
2022-10-16,2호선,종합운동장,7020,7973
2022-10-16,2호선,잠실새내,12003,12283
2022-10-16,2호선,잠실,59202,54296
2022-10-16,2호선,잠실나루,5966,6076
2022-10-16,2호선,강변,24960,25002
2022-10-16,2호선,구의,12299,12231
2022-10-16,2호선,건대입구,26934,28123
2022-10-16,2호선,성수,15942,17839
2022-10-16,2호선,뚝섬,11500,11534
2022-10-16,2호선,한양대,3409,3726
2022-10-16,2호선,왕십리,10303,9133
2022-10-16,2호선,상왕십리,7633,7483
2022-10-16,2호선,신당,9041,9639
2022-10-16,2호선,시청,8634,7181
2022-10-16,2호선,을지로입구,21407,20226
2022-10-16,2호선,을지로3가,10532,10351
2022-10-16,2호선,을지로4가,4743,4718
2022-10-16,2호선,동대문역사문화공원,10223,12292
2022-10-17,2호선,시청,26559,26851
2022-10-17,2호선,을지로입구,44081,46946
2022-10-17,2호선,을지로3가,25918,25929
2022-10-17,2호선,을지로4가,15024,15479
2022-10-17,2호선,동대문역사문화공원,13521,15709
2022-10-17,2호선,신당,14603,14995
2022-10-17,2호선,상왕십리,15185,14814
2022-10-17,2호선,왕십리,17161,13637
2022-10-17,2호선,한양대,15636,17309
2022-10-17,2호선,뚝섬,23363,24924
2022-10-17,2호선,성수,39864,42973
2022-10-17,2호선,건대입구,34361,36572
2022-10-17,2호선,구의,25181,24764
2022-10-17,2호선,강변,32934,31182
2022-10-17,2호선,잠실나루,16765,16646
2022-10-17,2호선,잠실,74460,73594
2022-10-17,2호선,잠실새내,23064,22632
2022-10-17,2호선,종합운동장,7926,9290
2022-10-17,2호선,삼성,53052,53687
2022-10-17,2호선,선릉,62906,56057
2022-10-17,2호선,역삼,57640,65116
2022-10-17,2호선,강남,82718,79979
2022-10-17,2호선,교대,36591,41717
2022-10-17,2호선,서초,23356,22541
2022-10-17,2호선,방배,19935,20689
2022-10-17,2호선,사당,39695,43073
2022-10-17,2호선,낙성대,29047,28939
2022-10-17,2호선,서울대입구,49631,48665
2022-10-17,2호선,봉천,25527,24068
2022-10-17,2호선,신림,59343,57150
2022-10-17,2호선,신대방,26671,25968
2022-10-17,2호선,구로디지털단지,63490,63571
2022-10-17,2호선,대림,25660,26268
2022-10-17,2호선,신도림,49775,48685
2022-10-17,2호선,문래,23459,23962
2022-10-17,2호선,영등포구청,23522,24857
2022-10-17,2호선,당산,19638,23939
2022-10-17,2호선,합정,31140,32772
2022-10-17,2호선,홍대입구,59728,62380
2022-10-17,2호선,신촌,39054,39623
2022-10-17,2호선,이대,17815,19882
2022-10-17,2호선,아현,11384,11116
2022-10-17,2호선,충정로,10852,12268
2022-10-17,2호선,용답,3412,3424
2022-10-17,2호선,신답,1894,2063
2022-10-17,2호선,신설동,3890,3649
2022-10-17,2호선,도림천,1372,1513
2022-10-17,2호선,양천구청,7623,7805
2022-10-17,2호선,신정네거리,11291,11370
2022-10-17,2호선,용두,2515,2517
2022-10-18,2호선,시청,27757,27084
2022-10-18,2호선,을지로입구,48236,50153
2022-10-18,2호선,을지로3가,26270,26339
2022-10-18,2호선,을지로4가,14805,15031
2022-10-18,2호선,동대문역사문화공원,13650,15684
2022-10-18,2호선,신당,15209,15755
2022-10-18,2호선,상왕십리,15572,14910
2022-10-18,2호선,왕십리,17390,13864
2022-10-18,2호선,한양대,16079,17693
2022-10-18,2호선,뚝섬,23668,25589
2022-10-18,2호선,성수,40845,44249
2022-10-18,2호선,건대입구,35261,37932
2022-10-18,2호선,구의,25903,25128
2022-10-18,2호선,강변,32765,30122
2022-10-18,2호선,잠실나루,16639,16387
2022-10-18,2호선,잠실,81187,80742
2022-10-18,2호선,잠실새내,23445,23085
2022-10-18,2호선,종합운동장,9158,10170
2022-10-18,2호선,삼성,59123,59947
2022-10-18,2호선,선릉,64779,57614
2022-10-18,2호선,역삼,60728,68935
2022-10-18,2호선,강남,85710,82544
2022-10-18,2호선,교대,38257,43309
2022-10-18,2호선,서초,23859,23459
2022-10-18,2호선,방배,21160,21753
2022-10-18,2호선,사당,42106,45664
2022-10-18,2호선,낙성대,29812,29229
2022-10-18,2호선,서울대입구,50928,49775
2022-10-18,2호선,봉천,26132,24436
2022-10-18,2호선,신림,60891,58419
2022-10-18,2호선,신대방,27173,26750
2022-10-18,2호선,구로디지털단지,65316,65271
2022-10-18,2호선,대림,25714,26336
2022-10-18,2호선,신도림,52273,51589
2022-10-18,2호선,문래,24050,24395
2022-10-18,2호선,영등포구청,23943,24747
2022-10-18,2호선,당산,20234,24271
2022-10-18,2호선,합정,32185,34062
2022-10-18,2호선,홍대입구,61261,64147
2022-10-18,2호선,신촌,40019,40478
2022-10-18,2호선,이대,18232,19783
2022-10-18,2호선,아현,11820,11321
2022-10-18,2호선,충정로,11236,12159
2022-10-18,2호선,용답,3371,3449
2022-10-18,2호선,신답,1867,2095
2022-10-18,2호선,신설동,3658,3473
2022-10-18,2호선,도림천,1397,1492
2022-10-18,2호선,양천구청,7687,7930
2022-10-18,2호선,신정네거리,11546,11771
2022-10-18,2호선,용두,2503,2580
2022-10-19,2호선,시청,27620,25675
2022-10-19,2호선,을지로입구,47866,46587
2022-10-19,2호선,을지로3가,26843,26496
2022-10-19,2호선,을지로4가,14868,14144
2022-10-19,2호선,동대문역사문화공원,14456,16985
2022-10-19,2호선,신당,15405,16743
2022-10-19,2호선,상왕십리,15668,15122
2022-10-19,2호선,왕십리,17862,15157
2022-10-19,2호선,한양대,15196,15921
2022-10-19,2호선,뚝섬,24325,25626
2022-10-19,2호선,성수,40818,43056
2022-10-19,2호선,건대입구,35982,39024
2022-10-19,2호선,구의,26514,26561
2022-10-19,2호선,강변,32308,29788
2022-10-19,2호선,잠실나루,16940,17266
2022-10-19,2호선,잠실,81890,82639
2022-10-19,2호선,잠실새내,23527,23945
2022-10-19,2호선,종합운동장,9497,11314
2022-10-19,2호선,삼성,59868,60134
2022-10-19,2호선,선릉,65208,57347
2022-10-19,2호선,역삼,59687,65498
2022-10-19,2호선,강남,84873,79642
2022-10-19,2호선,교대,38163,44120
2022-10-19,2호선,서초,24703,22300
2022-10-19,2호선,방배,20934,20988
2022-10-19,2호선,사당,42631,46553
2022-10-19,2호선,낙성대,29522,29232
2022-10-19,2호선,서울대입구,50828,48757
2022-10-19,2호선,봉천,26243,24637
2022-10-19,2호선,신림,61561,59901
2022-10-19,2호선,신대방,27848,28042
2022-10-19,2호선,구로디지털단지,64987,65431
2022-10-19,2호선,대림,26283,27405
2022-10-19,2호선,신도림,54760,56063
2022-10-19,2호선,문래,24380,25493
2022-10-19,2호선,영등포구청,24236,24649
2022-10-19,2호선,당산,20508,24558
2022-10-19,2호선,합정,32355,34834
2022-10-19,2호선,홍대입구,62024,65120
2022-10-19,2호선,신촌,39664,39840
2022-10-19,2호선,이대,17132,17829
2022-10-19,2호선,아현,11950,12964
2022-10-19,2호선,충정로,11365,12026
2022-10-19,2호선,용답,3267,3385
2022-10-19,2호선,신답,1852,2062
2022-10-19,2호선,신설동,3674,3609
2022-10-19,2호선,도림천,1441,1511
2022-10-19,2호선,양천구청,7916,8148
2022-10-19,2호선,신정네거리,11666,11938
2022-10-19,2호선,용두,2676,2645
2022-10-20,2호선,강변,33583,31223
2022-10-20,2호선,잠실나루,16590,16328
2022-10-20,2호선,잠실,81226,81542
2022-10-20,2호선,잠실새내,23488,23284
2022-10-20,2호선,종합운동장,9365,10281
2022-10-20,2호선,삼성,60608,62013
2022-10-20,2호선,선릉,64849,57638
2022-10-20,2호선,역삼,58282,67173
2022-10-20,2호선,강남,85930,82926
2022-10-20,2호선,교대,37776,42977
2022-10-20,2호선,서초,24122,23325
2022-10-20,2호선,방배,20902,21685
2022-10-20,2호선,사당,44067,47842
2022-10-20,2호선,낙성대,30177,29439
2022-10-20,2호선,서울대입구,51497,49754
2022-10-20,2호선,봉천,26375,24569
2022-10-20,2호선,신림,61695,59124
2022-10-20,2호선,신대방,27734,27024
2022-10-20,2호선,구로디지털단지,65653,65655
2022-10-20,2호선,대림,25758,26264
2022-10-20,2호선,신도림,53047,52936
2022-10-20,2호선,문래,24322,24704
2022-10-20,2호선,영등포구청,24432,25144
2022-10-20,2호선,당산,20662,24638
2022-10-20,2호선,합정,33258,35685
2022-10-20,2호선,홍대입구,63454,67865
2022-10-20,2호선,신촌,39154,39783
2022-10-20,2호선,이대,17285,18077
2022-10-20,2호선,아현,11835,11326
2022-10-20,2호선,충정로,11354,12043
2022-10-20,2호선,용답,3355,3478
2022-10-20,2호선,신답,1902,2081
2022-10-20,2호선,신설동,3759,3649
2022-10-20,2호선,도림천,1427,1552
2022-10-20,2호선,양천구청,7767,8077
2022-10-20,2호선,신정네거리,11517,11769
2022-10-20,2호선,용두,2574,2573
2022-10-20,2호선,시청,28279,27068
2022-10-20,2호선,을지로입구,48574,50787
2022-10-20,2호선,을지로3가,26565,26915
2022-10-20,2호선,을지로4가,15161,15359
2022-10-20,2호선,동대문역사문화공원,14630,16677
2022-10-20,2호선,신당,15527,15827
2022-10-20,2호선,상왕십리,15613,15033
2022-10-20,2호선,왕십리,17933,14181
2022-10-20,2호선,한양대,15226,16452
2022-10-20,2호선,뚝섬,24385,26422
2022-10-20,2호선,성수,40657,44486
2022-10-20,2호선,건대입구,36682,38920
2022-10-20,2호선,구의,26218,25400
2022-10-21,2호선,용두,2698,2691
2022-10-21,2호선,신정네거리,11605,11846
2022-10-21,2호선,양천구청,7810,8044
2022-10-21,2호선,도림천,1374,1472
2022-10-21,2호선,신설동,4036,3905
2022-10-21,2호선,신답,1941,2080
2022-10-21,2호선,용답,3345,3346
2022-10-21,2호선,충정로,10999,11808
2022-10-21,2호선,아현,12137,11074
2022-10-21,2호선,이대,17336,17915
2022-10-21,2호선,신촌,40948,41644
2022-10-21,2호선,홍대입구,70336,80354
2022-10-21,2호선,합정,35754,40334
2022-10-21,2호선,당산,20932,24829
2022-10-21,2호선,영등포구청,24516,25342
2022-10-21,2호선,문래,24173,25240
2022-10-21,2호선,신도림,54844,55009
2022-10-21,2호선,대림,26734,26989
2022-10-21,2호선,구로디지털단지,66146,65908
2022-10-21,2호선,신대방,28071,26845
2022-10-21,2호선,신림,63607,60971
2022-10-21,2호선,봉천,26816,24312
2022-10-21,2호선,서울대입구,53769,51205
2022-10-21,2호선,낙성대,31331,29376
2022-10-21,2호선,사당,45719,50895
2022-10-21,2호선,방배,20392,21011
2022-10-21,2호선,서초,24605,23343
2022-10-21,2호선,교대,38389,43901
2022-10-21,2호선,강남,90659,90025
2022-10-21,2호선,역삼,56491,64476
2022-10-21,2호선,선릉,63198,56153
2022-10-21,2호선,삼성,61663,61875
2022-10-21,2호선,종합운동장,9636,10379
2022-10-21,2호선,잠실새내,24860,25484
2022-10-21,2호선,잠실,92358,92188
2022-10-21,2호선,강변,37149,36111
2022-10-21,2호선,구의,26505,25693
2022-10-21,2호선,성수,42648,46750
2022-10-21,2호선,한양대,13166,14212
2022-10-21,2호선,왕십리,18599,15520
2022-10-21,2호선,상왕십리,15728,15032
2022-10-21,2호선,신당,15979,16515
2022-10-21,2호선,동대문역사문화공원,15952,17457
2022-10-21,2호선,을지로4가,15299,15700
2022-10-21,2호선,을지로3가,27352,27599
2022-10-21,2호선,을지로입구,49113,50693
2022-10-21,2호선,시청,27861,26912
2022-10-21,2호선,뚝섬,25212,26846
2022-10-21,2호선,잠실나루,16839,16134
2022-10-21,2호선,건대입구,39681,43624
2022-10-22,2호선,용두,1945,1859
2022-10-22,2호선,신정네거리,8602,8397
2022-10-22,2호선,양천구청,5463,5331
2022-10-22,2호선,도림천,808,808
2022-10-22,2호선,신설동,3914,3737
2022-10-22,2호선,신답,1137,1138
2022-10-22,2호선,용답,2303,2171
2022-10-22,2호선,충정로,7254,7584
2022-10-22,2호선,이대,12987,13550
2022-10-22,2호선,신촌,36654,37516
2022-10-22,2호선,홍대입구,77774,88649
2022-10-22,2호선,합정,32609,37449
2022-10-22,2호선,당산,15200,16485
2022-10-22,2호선,영등포구청,14779,15819
2022-10-22,2호선,문래,14927,15979
2022-10-22,2호선,신도림,47863,48959
2022-10-22,2호선,대림,20190,21297
2022-10-22,2호선,구로디지털단지,40137,39630
2022-10-22,2호선,신대방,22275,20932
2022-10-22,2호선,신림,50926,48434
2022-10-22,2호선,봉천,19400,17487
2022-10-22,2호선,서울대입구,40942,39650
2022-10-22,2호선,낙성대,24175,22067
2022-10-22,2호선,사당,38425,44468
2022-10-22,2호선,방배,11399,11458
2022-10-22,2호선,서초,13424,10920
2022-10-22,2호선,교대,19507,22454
2022-10-22,2호선,강남,61669,62662
2022-10-22,2호선,역삼,19610,21744
2022-10-22,2호선,선릉,28302,25050
2022-10-22,2호선,삼성,36382,35934
2022-10-22,2호선,종합운동장,26080,28671
2022-10-22,2호선,잠실새내,20031,20455
2022-10-22,2호선,잠실,88494,84960
2022-10-22,2호선,잠실나루,9529,9360
2022-10-22,2호선,강변,34772,33593
2022-10-22,2호선,구의,18620,17699
2022-10-22,2호선,건대입구,37165,40820
2022-10-22,2호선,성수,26059,30496
2022-10-22,2호선,뚝섬,17596,17472
2022-10-22,2호선,한양대,6350,6715
2022-10-22,2호선,왕십리,15137,13207
2022-10-22,2호선,상왕십리,10941,10155
2022-10-22,2호선,신당,12989,13940
2022-10-22,2호선,동대문역사문화공원,14037,16419
2022-10-22,2호선,을지로4가,10013,10575
2022-10-22,2호선,을지로3가,17570,14749
2022-10-22,2호선,을지로입구,35931,31701
2022-10-22,2호선,시청,24098,24503
2022-10-22,2호선,아현,9220,8440
2022-10-23,2호선,신당,9264,9899
2022-10-23,2호선,시청,10572,9300
2022-10-23,2호선,을지로입구,23152,21481
2022-10-23,2호선,을지로3가,10846,9968
2022-10-23,2호선,을지로4가,4933,5063
2022-10-23,2호선,동대문역사문화공원,11675,14069
2022-10-23,2호선,상왕십리,7600,7587
2022-10-23,2호선,왕십리,10416,9089
2022-10-23,2호선,한양대,3331,3949
2022-10-23,2호선,뚝섬,13125,12802
2022-10-23,2호선,성수,17449,19245
2022-10-23,2호선,건대입구,27228,28044
2022-10-23,2호선,구의,12774,12746
2022-10-23,2호선,강변,26120,25522
2022-10-23,2호선,잠실나루,5971,6127
2022-10-23,2호선,잠실,63895,59443
2022-10-23,2호선,잠실새내,13336,13762
2022-10-23,2호선,종합운동장,23072,24955
2022-10-23,2호선,삼성,25560,24119
2022-10-23,2호선,선릉,15084,13162
2022-10-23,2호선,역삼,12415,13569
2022-10-23,2호선,강남,35186,33713
2022-10-23,2호선,교대,11996,13245
2022-10-23,2호선,서초,13715,12961
2022-10-23,2호선,방배,7364,7764
2022-10-23,2호선,사당,27078,29942
2022-10-23,2호선,낙성대,17662,18072
2022-10-23,2호선,서울대입구,28497,29174
2022-10-23,2호선,봉천,13665,13066
2022-10-23,2호선,신림,38155,36846
2022-10-23,2호선,신대방,16738,16278
2022-10-23,2호선,구로디지털단지,27870,26941
2022-10-23,2호선,대림,17557,18072
2022-10-23,2호선,신도림,33534,34075
2022-10-23,2호선,문래,8851,9445
2022-10-23,2호선,영등포구청,9245,9414
2022-10-23,2호선,당산,10481,11909
2022-10-23,2호선,합정,24552,25781
2022-10-23,2호선,홍대입구,59761,59904
2022-10-23,2호선,신촌,26446,25956
2022-10-23,2호선,이대,8760,9524
2022-10-23,2호선,아현,6050,5902
2022-10-23,2호선,충정로,4426,4880
2022-10-23,2호선,용답,1787,1781
2022-10-23,2호선,신답,904,935
2022-10-23,2호선,신설동,3832,3710
2022-10-23,2호선,도림천,641,706
2022-10-23,2호선,양천구청,3784,3831
2022-10-23,2호선,신정네거리,6050,6197
2022-10-23,2호선,용두,1208,1152
2022-10-24,2호선,용두,2510,2508
2022-10-24,2호선,신정네거리,11151,11371
2022-10-24,2호선,양천구청,7660,7935
2022-10-24,2호선,도림천,1407,1528
2022-10-24,2호선,신설동,3547,3575
2022-10-24,2호선,신답,1849,2084
2022-10-24,2호선,용답,3309,3505
2022-10-24,2호선,충정로,10731,11617
2022-10-24,2호선,아현,11408,10893
2022-10-24,2호선,이대,17915,19341
2022-10-24,2호선,신촌,35959,36397
2022-10-24,2호선,홍대입구,58323,60797
2022-10-24,2호선,합정,30118,32174
2022-10-24,2호선,당산,19272,23448
2022-10-24,2호선,영등포구청,23756,24355
2022-10-24,2호선,문래,23230,23693
2022-10-24,2호선,신도림,50206,49621
2022-10-24,2호선,대림,25730,26155
2022-10-24,2호선,구로디지털단지,63444,63447
2022-10-24,2호선,신대방,26902,26251
2022-10-24,2호선,신림,59287,56797
2022-10-24,2호선,봉천,25652,24106
2022-10-24,2호선,서울대입구,49286,47949
2022-10-24,2호선,낙성대,28881,28889
2022-10-24,2호선,사당,39141,42921
2022-10-24,2호선,방배,20265,20964
2022-10-24,2호선,서초,23411,22601
2022-10-24,2호선,교대,36335,41284
2022-10-24,2호선,강남,82761,79641
2022-10-24,2호선,역삼,58051,65724
2022-10-24,2호선,선릉,63740,56252
2022-10-24,2호선,삼성,55410,55874
2022-10-24,2호선,종합운동장,20432,24534
2022-10-24,2호선,잠실새내,23660,23380
2022-10-24,2호선,잠실,76574,76707
2022-10-24,2호선,잠실나루,16273,16095
2022-10-24,2호선,강변,32009,31101
2022-10-24,2호선,구의,25419,24934
2022-10-24,2호선,건대입구,34824,37117
2022-10-24,2호선,성수,39100,42525
2022-10-24,2호선,한양대,14653,16317
2022-10-24,2호선,왕십리,16828,13406
2022-10-24,2호선,상왕십리,15077,14697
2022-10-24,2호선,신당,14612,14952
2022-10-24,2호선,동대문역사문화공원,13753,15663
2022-10-24,2호선,을지로4가,14813,14785
2022-10-24,2호선,을지로3가,25474,24711
2022-10-24,2호선,을지로입구,46897,47829
2022-10-24,2호선,시청,26214,25244
2022-10-24,2호선,뚝섬,23272,24898
2022-10-25,2호선,강변,32212,29801
2022-10-25,2호선,구의,26155,25355
2022-10-25,2호선,건대입구,36169,38300
2022-10-25,2호선,성수,41027,44644
2022-10-25,2호선,뚝섬,24168,26127
2022-10-25,2호선,한양대,15167,16592
2022-10-25,2호선,왕십리,17747,14255
2022-10-25,2호선,상왕십리,15628,15108
2022-10-25,2호선,신당,15186,15547
2022-10-25,2호선,동대문역사문화공원,14175,16543
2022-10-25,2호선,을지로4가,14862,15182
2022-10-25,2호선,을지로3가,26256,25422
2022-10-25,2호선,을지로입구,48245,49875
2022-10-25,2호선,시청,28210,27443
2022-10-25,2호선,서초,24801,23521
2022-10-25,2호선,교대,38200,42957
2022-10-25,2호선,강남,86204,82248
2022-10-25,2호선,역삼,60388,68662
2022-10-25,2호선,선릉,66301,58574
2022-10-25,2호선,삼성,58281,59122
2022-10-25,2호선,종합운동장,21453,25464
2022-10-25,2호선,잠실새내,24007,24118
2022-10-25,2호선,잠실,80974,81024
2022-10-25,2호선,잠실나루,16961,16713
2022-10-25,2호선,방배,21720,22416
2022-10-25,2호선,용두,2655,2629
2022-10-25,2호선,신정네거리,11476,11640
2022-10-25,2호선,양천구청,7818,8146
2022-10-25,2호선,도림천,1455,1488
2022-10-25,2호선,신설동,3441,3343
2022-10-25,2호선,신답,1892,2100
2022-10-25,2호선,용답,3463,3543
2022-10-25,2호선,충정로,11053,11965
2022-10-25,2호선,아현,11905,11224
2022-10-25,2호선,이대,18053,19465
2022-10-25,2호선,신촌,38153,38849
2022-10-25,2호선,홍대입구,61178,64113
2022-10-25,2호선,합정,31844,34026
2022-10-25,2호선,당산,20355,24660
2022-10-25,2호선,영등포구청,24339,25047
2022-10-25,2호선,문래,24116,24714
2022-10-25,2호선,신도림,51895,51412
2022-10-25,2호선,대림,26122,26425
2022-10-25,2호선,구로디지털단지,65189,65112
2022-10-25,2호선,신대방,27510,27012
2022-10-25,2호선,신림,61099,58815
2022-10-25,2호선,봉천,26641,24875
2022-10-25,2호선,서울대입구,50988,49535
2022-10-25,2호선,낙성대,30023,29760
2022-10-25,2호선,사당,43617,46985
2022-10-26,2호선,용두,2636,2554
2022-10-26,2호선,신정네거리,11698,11902
2022-10-26,2호선,양천구청,7787,8047
2022-10-26,2호선,도림천,1409,1542
2022-10-26,2호선,신설동,3634,3643
2022-10-26,2호선,신답,1865,2121
2022-10-26,2호선,용답,3315,3432
2022-10-26,2호선,충정로,11066,11917
2022-10-26,2호선,아현,12003,11302
2022-10-26,2호선,이대,18729,20238
2022-10-26,2호선,신촌,39072,39583
2022-10-26,2호선,홍대입구,62835,66440
2022-10-26,2호선,합정,33217,35787
2022-10-26,2호선,당산,20810,24867
2022-10-26,2호선,영등포구청,24255,25050
2022-10-26,2호선,문래,24227,24740
2022-10-26,2호선,신도림,53232,52619
2022-10-26,2호선,대림,26119,26575
2022-10-26,2호선,구로디지털단지,65315,65329
2022-10-26,2호선,신대방,27798,27129
2022-10-26,2호선,신림,62469,60204
2022-10-26,2호선,봉천,26243,24678
2022-10-26,2호선,서울대입구,51979,50470
2022-10-26,2호선,낙성대,30287,29749
2022-10-26,2호선,사당,42807,46692
2022-10-26,2호선,방배,21117,21709
2022-10-26,2호선,서초,24910,24105
2022-10-26,2호선,교대,37728,42645
2022-10-26,2호선,강남,85789,82544
2022-10-26,2호선,역삼,59479,67834
2022-10-26,2호선,선릉,65739,57979
2022-10-26,2호선,삼성,59755,60748
2022-10-26,2호선,종합운동장,9299,10188
2022-10-26,2호선,잠실새내,23755,23417
2022-10-26,2호선,잠실,83791,84129
2022-10-26,2호선,잠실나루,16836,16642
2022-10-26,2호선,강변,32241,30223
2022-10-26,2호선,구의,26358,25659
2022-10-26,2호선,건대입구,38061,41869
2022-10-26,2호선,성수,42081,45692
2022-10-26,2호선,뚝섬,24593,26528
2022-10-26,2호선,한양대,14451,15995
2022-10-26,2호선,왕십리,18156,14966
2022-10-26,2호선,상왕십리,15906,15307
2022-10-26,2호선,신당,15327,15654
2022-10-26,2호선,동대문역사문화공원,14459,16596
2022-10-26,2호선,을지로4가,15196,15334
2022-10-26,2호선,을지로3가,27622,26759
2022-10-26,2호선,을지로입구,49530,51291
2022-10-26,2호선,시청,28040,27186
2022-10-27,2호선,용두,2567,2562
2022-10-27,2호선,신정네거리,11757,11870
2022-10-27,2호선,양천구청,7868,8159
2022-10-27,2호선,도림천,1449,1523
2022-10-27,2호선,신설동,3696,3752
2022-10-27,2호선,신답,1866,2072
2022-10-27,2호선,충정로,11060,11841
2022-10-27,2호선,아현,12168,11538
2022-10-27,2호선,이대,18938,20069
2022-10-27,2호선,신촌,41647,41937
2022-10-27,2호선,홍대입구,65167,69114
2022-10-27,2호선,합정,33794,36630
2022-10-27,2호선,당산,20950,24961
2022-10-27,2호선,영등포구청,24406,25072
2022-10-27,2호선,문래,24217,24693
2022-10-27,2호선,신도림,53466,53029
2022-10-27,2호선,대림,25812,26215
2022-10-27,2호선,구로디지털단지,65766,65429
2022-10-27,2호선,신대방,27717,26922
2022-10-27,2호선,신림,62353,59790
2022-10-27,2호선,봉천,26714,24744
2022-10-27,2호선,서울대입구,52179,50550
2022-10-27,2호선,낙성대,30522,29660
2022-10-27,2호선,사당,43466,47697
2022-10-27,2호선,방배,21009,21886
2022-10-27,2호선,서초,24231,23611
2022-10-27,2호선,교대,37873,43160
2022-10-27,2호선,강남,86413,83154
2022-10-27,2호선,역삼,58713,67802
2022-10-27,2호선,선릉,64921,57902
2022-10-27,2호선,삼성,60286,61179
2022-10-27,2호선,종합운동장,10284,11409
2022-10-27,2호선,잠실새내,24330,23829
2022-10-27,2호선,잠실,83713,83963
2022-10-27,2호선,잠실나루,16668,16484
2022-10-27,2호선,강변,33993,31216
2022-10-27,2호선,구의,26120,25536
2022-10-27,2호선,건대입구,39419,43501
2022-10-27,2호선,성수,41618,45680
2022-10-27,2호선,뚝섬,24447,26327
2022-10-27,2호선,한양대,15140,16775
2022-10-27,2호선,왕십리,18721,15147
2022-10-27,2호선,상왕십리,15881,15246
2022-10-27,2호선,신당,15470,15706
2022-10-27,2호선,동대문역사문화공원,14459,16692
2022-10-27,2호선,을지로4가,15474,15637
2022-10-27,2호선,을지로3가,26846,26410
2022-10-27,2호선,을지로입구,48840,50576
2022-10-27,2호선,시청,28099,27280
2022-10-27,2호선,용답,3367,3412
2022-10-28,2호선,시청,28954,27681
2022-10-28,2호선,을지로입구,49561,51247
2022-10-28,2호선,을지로3가,27829,27314
2022-10-28,2호선,을지로4가,15813,16210
2022-10-28,2호선,동대문역사문화공원,15690,16684
2022-10-28,2호선,신당,16350,16691
2022-10-28,2호선,상왕십리,16227,15570
2022-10-28,2호선,왕십리,19586,16674
2022-10-28,2호선,한양대,13555,14303
2022-10-28,2호선,뚝섬,26329,28316
2022-10-28,2호선,성수,43526,47805
2022-10-28,2호선,건대입구,42555,45598
2022-10-28,2호선,구의,27178,25845
2022-10-28,2호선,강변,38492,36859
2022-10-28,2호선,잠실나루,16618,15908
2022-10-28,2호선,잠실,95408,95061
2022-10-28,2호선,잠실새내,27080,26547
2022-10-28,2호선,종합운동장,23092,26951
2022-10-28,2호선,삼성,60157,60040
2022-10-28,2호선,선릉,63366,56452
2022-10-28,2호선,역삼,55550,63635
2022-10-28,2호선,강남,91725,90765
2022-10-28,2호선,교대,38016,43717
2022-10-28,2호선,서초,23902,22710
2022-10-28,2호선,방배,20211,20710
2022-10-28,2호선,사당,45253,50532
2022-10-28,2호선,낙성대,31922,29689
2022-10-28,2호선,서울대입구,54406,51889
2022-10-28,2호선,봉천,27036,24188
2022-10-28,2호선,신림,64641,62306
2022-10-28,2호선,신대방,28369,26906
2022-10-28,2호선,구로디지털단지,66329,65898
2022-10-28,2호선,대림,26341,26970
2022-10-28,2호선,신도림,54986,55364
2022-10-28,2호선,문래,24795,25491
2022-10-28,2호선,영등포구청,24412,25202
2022-10-28,2호선,당산,21506,25394
2022-10-28,2호선,합정,36831,42327
2022-10-28,2호선,홍대입구,73720,85831
2022-10-28,2호선,신촌,43117,43973
2022-10-28,2호선,이대,19330,19735
2022-10-28,2호선,아현,12396,11378
2022-10-28,2호선,충정로,10873,11693
2022-10-28,2호선,용답,3454,3366
2022-10-28,2호선,신답,1971,2135
2022-10-28,2호선,신설동,4163,4088
2022-10-28,2호선,도림천,1409,1559
2022-10-28,2호선,양천구청,7783,8012
2022-10-28,2호선,신정네거리,11730,11999
2022-10-28,2호선,용두,2692,2680
2022-10-29,2호선,시청,21609,20049
2022-10-29,2호선,을지로입구,34159,31918
2022-10-29,2호선,을지로3가,16999,14842
2022-10-29,2호선,을지로4가,10282,10167
2022-10-29,2호선,동대문역사문화공원,13434,15379
2022-10-29,2호선,신당,13117,13536
2022-10-29,2호선,상왕십리,11588,10406
2022-10-29,2호선,왕십리,16139,14290
2022-10-29,2호선,한양대,6638,7226
2022-10-29,2호선,뚝섬,19393,18949
2022-10-29,2호선,성수,26132,30020
2022-10-29,2호선,건대입구,38615,42961
2022-10-29,2호선,구의,19201,17946
2022-10-29,2호선,강변,34771,33821
2022-10-29,2호선,잠실나루,9267,8913
2022-10-29,2호선,잠실,91587,88028
2022-10-29,2호선,잠실새내,20587,21272
2022-10-29,2호선,종합운동장,17067,18658
2022-10-29,2호선,삼성,35026,36353
2022-10-29,2호선,선릉,27838,24797
2022-10-29,2호선,역삼,19683,21750
2022-10-29,2호선,강남,61621,63943
2022-10-29,2호선,교대,19708,22365
2022-10-29,2호선,서초,13944,11552
2022-10-29,2호선,방배,11554,11682
2022-10-29,2호선,사당,38749,44432
2022-10-29,2호선,낙성대,25311,22778
2022-10-29,2호선,서울대입구,42522,40012
2022-10-29,2호선,봉천,19870,17723
2022-10-29,2호선,신림,53290,50135
2022-10-29,2호선,신대방,22674,20917
2022-10-29,2호선,구로디지털단지,40806,39366
2022-10-29,2호선,대림,21100,21879
2022-10-29,2호선,신도림,47784,48794
2022-10-29,2호선,문래,15121,16229
2022-10-29,2호선,영등포구청,14762,15704
2022-10-29,2호선,당산,15609,16952
2022-10-29,2호선,합정,35702,40634
2022-10-29,2호선,홍대입구,84196,102651
2022-10-29,2호선,신촌,38733,39783
2022-10-29,2호선,이대,14793,14895
2022-10-29,2호선,아현,9581,8533
2022-10-29,2호선,충정로,8232,8046
2022-10-29,2호선,용답,2526,2177
2022-10-29,2호선,신답,1289,1275
2022-10-29,2호선,신설동,4089,3879
2022-10-29,2호선,도림천,902,977
2022-10-29,2호선,양천구청,5607,5454
2022-10-29,2호선,신정네거리,8895,8676
2022-10-29,2호선,용두,2153,2039
2022-10-30,2호선,시청,10052,8714
2022-10-30,2호선,을지로입구,22253,20936
2022-10-30,2호선,을지로3가,11292,10892
2022-10-30,2호선,을지로4가,5165,4962
2022-10-30,2호선,동대문역사문화공원,9438,11441
2022-10-30,2호선,신당,8817,9171
2022-10-30,2호선,상왕십리,7668,7746
2022-10-30,2호선,왕십리,10655,9701
2022-10-30,2호선,한양대,3466,4156
2022-10-30,2호선,뚝섬,13888,13849
2022-10-30,2호선,성수,17360,19354
2022-10-30,2호선,건대입구,27821,28957
2022-10-30,2호선,구의,12841,12926
2022-10-30,2호선,강변,26784,26361
2022-10-30,2호선,잠실나루,6141,6391
2022-10-30,2호선,잠실,63695,59307
2022-10-30,2호선,잠실새내,12674,12917
2022-10-30,2호선,종합운동장,10354,11013
2022-10-30,2호선,삼성,24630,23548
2022-10-30,2호선,선릉,15502,13086
2022-10-30,2호선,역삼,11884,13170
2022-10-30,2호선,강남,36245,33716
2022-10-30,2호선,교대,11934,13375
2022-10-30,2호선,서초,13338,12390
2022-10-30,2호선,방배,7299,7626
2022-10-30,2호선,사당,25900,28675
2022-10-30,2호선,낙성대,17604,18164
2022-10-30,2호선,서울대입구,28707,29642
2022-10-30,2호선,봉천,13338,13151
2022-10-30,2호선,신림,38348,37358
2022-10-30,2호선,신대방,16654,16535
2022-10-30,2호선,구로디지털단지,27357,26993
2022-10-30,2호선,대림,17895,18394
2022-10-30,2호선,신도림,32477,33353
2022-10-30,2호선,문래,9718,10526
2022-10-30,2호선,영등포구청,9768,10090
2022-10-30,2호선,당산,10382,11314
2022-10-30,2호선,합정,24718,25118
2022-10-30,2호선,홍대입구,62517,57812
2022-10-30,2호선,신촌,25869,24920
2022-10-30,2호선,이대,9516,10521
2022-10-30,2호선,아현,5931,5883
2022-10-30,2호선,충정로,4489,4957
2022-10-30,2호선,용답,1864,1980
2022-10-30,2호선,신답,836,918
2022-10-30,2호선,신설동,3552,3405
2022-10-30,2호선,도림천,507,502
2022-10-30,2호선,양천구청,4357,4177
2022-10-30,2호선,신정네거리,5899,5999
2022-10-30,2호선,용두,1286,1250
2022-10-31,2호선,신답,1812,1922
2022-10-31,2호선,용답,3299,3440
2022-10-31,2호선,동대문역사문화공원,13487,15270
2022-10-31,2호선,을지로4가,14065,14431
2022-10-31,2호선,을지로3가,25518,25491
2022-10-31,2호선,을지로입구,46027,47488
2022-10-31,2호선,시청,26784,26039
2022-10-31,2호선,신당,14530,14871
2022-10-31,2호선,상왕십리,15121,14621
2022-10-31,2호선,왕십리,17166,14055
2022-10-31,2호선,한양대,15230,17251
2022-10-31,2호선,뚝섬,23279,25249
2022-10-31,2호선,성수,39675,43122
2022-10-31,2호선,건대입구,35605,37806
2022-10-31,2호선,구의,25128,24775
2022-10-31,2호선,강변,32623,31135
2022-10-31,2호선,잠실나루,16393,16220
2022-10-31,2호선,잠실,73660,73843
2022-10-31,2호선,잠실새내,23545,23273
2022-10-31,2호선,종합운동장,8273,9432
2022-10-31,2호선,삼성,53416,54459
2022-10-31,2호선,선릉,62463,55437
2022-10-31,2호선,역삼,57354,65223
2022-10-31,2호선,강남,79691,76872
2022-10-31,2호선,교대,35363,40176
2022-10-31,2호선,서초,23772,21714
2022-10-31,2호선,방배,19875,20416
2022-10-31,2호선,사당,38605,42642
2022-10-31,2호선,낙성대,28543,28650
2022-10-31,2호선,서울대입구,49108,48107
2022-10-31,2호선,봉천,25264,23581
2022-10-31,2호선,신림,58839,56576
2022-10-31,2호선,신대방,26731,25955
2022-10-31,2호선,구로디지털단지,62453,62483
2022-10-31,2호선,대림,25768,26237
2022-10-31,2호선,신도림,49275,48738
2022-10-31,2호선,문래,23123,23850
2022-10-31,2호선,영등포구청,23666,24253
2022-10-31,2호선,당산,19688,23504
2022-10-31,2호선,합정,30022,31862
2022-10-31,2호선,홍대입구,57913,61461
2022-10-31,2호선,신촌,38065,38734
2022-10-31,2호선,이대,17822,19898
2022-10-31,2호선,아현,11599,11049
2022-10-31,2호선,충정로,10706,11306
2022-10-31,2호선,신설동,3494,3600
2022-10-31,2호선,도림천,1351,1423
2022-10-31,2호선,양천구청,7582,7880
2022-10-31,2호선,신정네거리,11136,11413
2022-10-31,2호선,용두,2421,2433
2022-11-01,2호선,시청,28619,27938
2022-11-01,2호선,을지로입구,47596,48928
2022-11-01,2호선,을지로3가,26265,26069
2022-11-01,2호선,을지로4가,14282,14594
2022-11-01,2호선,동대문역사문화공원,13603,15413
2022-11-01,2호선,신당,15093,15278
2022-11-01,2호선,상왕십리,15321,15022
2022-11-01,2호선,왕십리,17340,14051
2022-11-01,2호선,한양대,15578,17257
2022-11-01,2호선,뚝섬,24073,25673
2022-11-01,2호선,성수,40906,44442
2022-11-01,2호선,건대입구,36296,38290
2022-11-01,2호선,구의,25547,24893
2022-11-01,2호선,강변,30904,29338
2022-11-01,2호선,잠실나루,16707,16437
2022-11-01,2호선,잠실,74001,74239
2022-11-01,2호선,잠실새내,23462,23419
2022-11-01,2호선,종합운동장,8060,9098
2022-11-01,2호선,삼성,56911,57355
2022-11-01,2호선,선릉,64058,56658
2022-11-01,2호선,역삼,58995,67132
2022-11-01,2호선,강남,81819,78721
2022-11-01,2호선,교대,36314,41181
2022-11-01,2호선,서초,24263,22273
2022-11-01,2호선,방배,17007,17792
2022-11-01,2호선,사당,40214,44296
2022-11-01,2호선,낙성대,29474,29120
2022-11-01,2호선,서울대입구,50243,48974
2022-11-01,2호선,봉천,25615,24087
2022-11-01,2호선,신림,59646,57503
2022-11-01,2호선,신대방,27084,26349
2022-11-01,2호선,구로디지털단지,64022,63796
2022-11-01,2호선,대림,25502,26149
2022-11-01,2호선,신도림,50697,49845
2022-11-01,2호선,문래,23789,24145
2022-11-01,2호선,영등포구청,24154,24720
2022-11-01,2호선,당산,20545,24567
2022-11-01,2호선,합정,31874,33843
2022-11-01,2호선,홍대입구,59513,62132
2022-11-01,2호선,신촌,39419,40177
2022-11-01,2호선,이대,18184,19687
2022-11-01,2호선,아현,11547,10973
2022-11-01,2호선,충정로,11073,11685
2022-11-01,2호선,용답,3297,3436
2022-11-01,2호선,신답,1869,2034
2022-11-01,2호선,신설동,3470,3362
2022-11-01,2호선,도림천,1391,1498
2022-11-01,2호선,양천구청,7549,7918
2022-11-01,2호선,신정네거리,11252,11638
2022-11-01,2호선,용두,2644,2604
2022-11-02,2호선,구로디지털단지,64199,63889
2022-11-02,2호선,대림,25859,26081
2022-11-02,2호선,신도림,51631,51154
2022-11-02,2호선,문래,23874,24498
2022-11-02,2호선,영등포구청,24149,24678
2022-11-02,2호선,당산,20459,24623
2022-11-02,2호선,합정,32509,34717
2022-11-02,2호선,홍대입구,60105,63347
2022-11-02,2호선,신촌,39491,39967
2022-11-02,2호선,이대,18578,20378
2022-11-02,2호선,아현,11903,11246
2022-11-02,2호선,충정로,11070,11727
2022-11-02,2호선,용답,3228,3207
2022-11-02,2호선,신답,1842,2112
2022-11-02,2호선,신설동,3667,3601
2022-11-02,2호선,도림천,1412,1479
2022-11-02,2호선,양천구청,7719,7953
2022-11-02,2호선,신정네거리,11332,11738
2022-11-02,2호선,용두,2551,2626
2022-11-02,2호선,시청,28188,27409
2022-11-02,2호선,을지로입구,47999,49683
2022-11-02,2호선,을지로3가,26552,26653
2022-11-02,2호선,을지로4가,14970,14875
2022-11-02,2호선,동대문역사문화공원,13785,15577
2022-11-02,2호선,신당,15356,15629
2022-11-02,2호선,상왕십리,15669,15144
2022-11-02,2호선,왕십리,17869,14718
2022-11-02,2호선,한양대,14786,16339
2022-11-02,2호선,뚝섬,24478,26429
2022-11-02,2호선,성수,41726,45601
2022-11-02,2호선,건대입구,36690,38839
2022-11-02,2호선,구의,25849,25412
2022-11-02,2호선,강변,31685,29492
2022-11-02,2호선,잠실나루,16439,16180
2022-11-02,2호선,잠실,76137,76461
2022-11-02,2호선,잠실새내,23759,23490
2022-11-02,2호선,종합운동장,8473,9713
2022-11-02,2호선,삼성,59695,60464
2022-11-02,2호선,선릉,64161,56780
2022-11-02,2호선,역삼,59150,67117
2022-11-02,2호선,강남,82572,79724
2022-11-02,2호선,교대,36854,41612
2022-11-02,2호선,서초,24385,22505
2022-11-02,2호선,방배,21153,21993
2022-11-02,2호선,사당,41240,44990
2022-11-02,2호선,낙성대,30094,29582
2022-11-02,2호선,서울대입구,50820,49423
2022-11-02,2호선,봉천,25968,24337
2022-11-02,2호선,신림,60903,58629
2022-11-02,2호선,신대방,27360,26733
2022-11-03,2호선,용답,3315,3427
2022-11-03,2호선,시청,27961,27142
2022-11-03,2호선,을지로입구,48184,49590
2022-11-03,2호선,을지로3가,26166,26476
2022-11-03,2호선,을지로4가,15012,15123
2022-11-03,2호선,동대문역사문화공원,14148,16084
2022-11-03,2호선,신당,14948,15217
2022-11-03,2호선,상왕십리,15449,15170
2022-11-03,2호선,왕십리,17863,14598
2022-11-03,2호선,한양대,15261,16668
2022-11-03,2호선,뚝섬,24413,26214
2022-11-03,2호선,성수,42132,45950
2022-11-03,2호선,건대입구,37324,39485
2022-11-03,2호선,구의,25796,25226
2022-11-03,2호선,강변,32881,30301
2022-11-03,2호선,잠실나루,16717,16447
2022-11-03,2호선,잠실,75566,76213
2022-11-03,2호선,잠실새내,23759,23508
2022-11-03,2호선,종합운동장,8560,9523
2022-11-03,2호선,삼성,61387,61739
2022-11-03,2호선,선릉,63620,56795
2022-11-03,2호선,역삼,59031,67062
2022-11-03,2호선,강남,84018,81368
2022-11-03,2호선,교대,36545,41468
2022-11-03,2호선,서초,24918,22799
2022-11-03,2호선,방배,21266,21882
2022-11-03,2호선,사당,42175,46346
2022-11-03,2호선,낙성대,29834,29089
2022-11-03,2호선,서울대입구,51182,49543
2022-11-03,2호선,봉천,25875,24029
2022-11-03,2호선,신림,60457,57757
2022-11-03,2호선,신대방,27434,26857
2022-11-03,2호선,구로디지털단지,64328,64001
2022-11-03,2호선,대림,25410,25925
2022-11-03,2호선,신도림,51921,51641
2022-11-03,2호선,문래,23910,24369
2022-11-03,2호선,영등포구청,23881,24433
2022-11-03,2호선,당산,20308,24442
2022-11-03,2호선,합정,32888,35162
2022-11-03,2호선,홍대입구,62497,66206
2022-11-03,2호선,신촌,40446,41001
2022-11-03,2호선,이대,18577,20209
2022-11-03,2호선,아현,11848,11170
2022-11-03,2호선,충정로,11073,11995
2022-11-03,2호선,신답,1869,2116
2022-11-03,2호선,신설동,3704,3556
2022-11-03,2호선,도림천,1422,1507
2022-11-03,2호선,양천구청,7803,8088
2022-11-03,2호선,신정네거리,11441,11727
2022-11-03,2호선,용두,2544,2623
2022-11-04,2호선,신답,1961,2111
2022-11-04,2호선,시청,29049,27379
2022-11-04,2호선,을지로입구,49066,50227
2022-11-04,2호선,을지로3가,27202,27690
2022-11-04,2호선,을지로4가,15366,15574
2022-11-04,2호선,동대문역사문화공원,14762,15751
2022-11-04,2호선,신당,15842,16150
2022-11-04,2호선,상왕십리,15784,15232
2022-11-04,2호선,왕십리,19116,16351
2022-11-04,2호선,한양대,13292,14274
2022-11-04,2호선,뚝섬,26120,27433
2022-11-04,2호선,성수,43918,47739
2022-11-04,2호선,건대입구,40161,44190
2022-11-04,2호선,구의,26417,25736
2022-11-04,2호선,강변,36125,35837
2022-11-04,2호선,잠실나루,16283,15898
2022-11-04,2호선,잠실,83473,83698
2022-11-04,2호선,잠실새내,24647,25341
2022-11-04,2호선,종합운동장,9480,10667
2022-11-04,2호선,삼성,60129,59965
2022-11-04,2호선,선릉,62282,55237
2022-11-04,2호선,역삼,56994,63876
2022-11-04,2호선,강남,88889,88337
2022-11-04,2호선,교대,37462,42396
2022-11-04,2호선,서초,24720,21820
2022-11-04,2호선,방배,19722,20316
2022-11-04,2호선,사당,43651,48813
2022-11-04,2호선,낙성대,31024,28832
2022-11-04,2호선,서울대입구,53465,50227
2022-11-04,2호선,봉천,26306,23954
2022-11-04,2호선,신림,63145,60652
2022-11-04,2호선,신대방,27683,26508
2022-11-04,2호선,구로디지털단지,64654,64559
2022-11-04,2호선,대림,25545,26213
2022-11-04,2호선,신도림,54302,54168
2022-11-04,2호선,문래,23957,24996
2022-11-04,2호선,영등포구청,23945,24526
2022-11-04,2호선,당산,20370,24273
2022-11-04,2호선,합정,35548,39779
2022-11-04,2호선,홍대입구,68539,76695
2022-11-04,2호선,신촌,41893,42351
2022-11-04,2호선,이대,18848,19324
2022-11-04,2호선,아현,11956,11096
2022-11-04,2호선,충정로,11105,11804
2022-11-04,2호선,신설동,4163,3912
2022-11-04,2호선,도림천,1465,1543
2022-11-04,2호선,양천구청,7662,7870
2022-11-04,2호선,신정네거리,11339,11899
2022-11-04,2호선,용두,2786,2671
2022-11-04,2호선,용답,3467,3407
2022-11-05,2호선,시청,17863,15968
2022-11-05,2호선,을지로입구,29924,29144
2022-11-05,2호선,을지로3가,14442,13987
2022-11-05,2호선,을지로4가,9403,9814
2022-11-05,2호선,동대문역사문화공원,12965,14818
2022-11-05,2호선,신당,12451,13182
2022-11-05,2호선,상왕십리,10661,9984
2022-11-05,2호선,왕십리,15433,13833
2022-11-05,2호선,한양대,6845,7094
2022-11-05,2호선,뚝섬,18569,18358
2022-11-05,2호선,성수,25509,28645
2022-11-05,2호선,건대입구,37450,40774
2022-11-05,2호선,구의,18095,16999
2022-11-05,2호선,강변,31672,32446
2022-11-05,2호선,잠실나루,8805,8547
2022-11-05,2호선,잠실,76217,74064
2022-11-05,2호선,잠실새내,19062,19726
2022-11-05,2호선,종합운동장,8157,8698
2022-11-05,2호선,삼성,36265,35825
2022-11-05,2호선,선릉,27425,24010
2022-11-05,2호선,역삼,19217,20935
2022-11-05,2호선,강남,59847,59447
2022-11-05,2호선,교대,19121,21751
2022-11-05,2호선,서초,13762,10012
2022-11-05,2호선,방배,11163,11216
2022-11-05,2호선,사당,36403,42475
2022-11-05,2호선,낙성대,24008,21860
2022-11-05,2호선,서울대입구,39903,38552
2022-11-05,2호선,봉천,18615,16919
2022-11-05,2호선,신림,49838,47289
2022-11-05,2호선,신대방,21309,20074
2022-11-05,2호선,구로디지털단지,38035,37220
2022-11-05,2호선,대림,19702,20640
2022-11-05,2호선,신도림,46806,47133
2022-11-05,2호선,문래,13840,15087
2022-11-05,2호선,영등포구청,14300,14945
2022-11-05,2호선,당산,13883,15557
2022-11-05,2호선,합정,31434,36297
2022-11-05,2호선,홍대입구,75495,85241
2022-11-05,2호선,신촌,35480,36401
2022-11-05,2호선,이대,12944,13384
2022-11-05,2호선,아현,8447,7556
2022-11-05,2호선,충정로,6555,6955
2022-11-05,2호선,용답,2438,2259
2022-11-05,2호선,신답,1077,1126
2022-11-05,2호선,신설동,3787,3683
2022-11-05,2호선,도림천,797,793
2022-11-05,2호선,양천구청,5019,4884
2022-11-05,2호선,신정네거리,8060,8008
2022-11-05,2호선,용두,1859,1865
2022-11-06,2호선,문래,10051,10790
2022-11-06,2호선,시청,10083,8676
2022-11-06,2호선,을지로입구,22111,20744
2022-11-06,2호선,을지로3가,10926,10602
2022-11-06,2호선,을지로4가,4931,4778
2022-11-06,2호선,동대문역사문화공원,9651,11830
2022-11-06,2호선,신당,9060,9622
2022-11-06,2호선,상왕십리,7527,7678
2022-11-06,2호선,왕십리,10716,9849
2022-11-06,2호선,한양대,3019,3502
2022-11-06,2호선,뚝섬,13677,13358
2022-11-06,2호선,성수,17823,19388
2022-11-06,2호선,건대입구,28155,29507
2022-11-06,2호선,구의,12522,12686
2022-11-06,2호선,강변,26344,25320
2022-11-06,2호선,잠실나루,6155,6375
2022-11-06,2호선,잠실,57172,54136
2022-11-06,2호선,잠실새내,14452,13320
2022-11-06,2호선,종합운동장,13242,11657
2022-11-06,2호선,삼성,25735,24708
2022-11-06,2호선,선릉,15407,13250
2022-11-06,2호선,역삼,11807,12905
2022-11-06,2호선,강남,34701,33554
2022-11-06,2호선,교대,11723,12954
2022-11-06,2호선,서초,13506,12811
2022-11-06,2호선,방배,7375,7821
2022-11-06,2호선,사당,25762,28491
2022-11-06,2호선,낙성대,17556,18341
2022-11-06,2호선,서울대입구,28663,29078
2022-11-06,2호선,봉천,13626,13125
2022-11-06,2호선,신림,37842,36484
2022-11-06,2호선,신대방,16725,16025
2022-11-06,2호선,구로디지털단지,27950,27027
2022-11-06,2호선,대림,17648,17799
2022-11-06,2호선,신도림,34378,34704
2022-11-06,2호선,영등포구청,9786,10134
2022-11-06,2호선,당산,9861,10637
2022-11-06,2호선,합정,23726,25493
2022-11-06,2호선,홍대입구,56992,57106
2022-11-06,2호선,신촌,24834,24930
2022-11-06,2호선,이대,9097,10192
2022-11-06,2호선,아현,6226,6178
2022-11-06,2호선,충정로,4692,4870
2022-11-06,2호선,용답,2001,2023
2022-11-06,2호선,신답,999,956
2022-11-06,2호선,신설동,3853,3731
2022-11-06,2호선,도림천,498,555
2022-11-06,2호선,양천구청,3761,3834
2022-11-06,2호선,신정네거리,5898,5699
2022-11-06,2호선,용두,1641,1510
2022-11-07,2호선,신정네거리,11015,11114
2022-11-07,2호선,용두,2673,2613
2022-11-07,2호선,양천구청,7490,7723
2022-11-07,2호선,도림천,1464,1497
2022-11-07,2호선,신설동,3474,3399
2022-11-07,2호선,신답,1908,2088
2022-11-07,2호선,용답,3166,3313
2022-11-07,2호선,충정로,10805,11739
2022-11-07,2호선,아현,10892,10498
2022-11-07,2호선,이대,17542,19357
2022-11-07,2호선,신촌,37113,37958
2022-11-07,2호선,홍대입구,55672,58553
2022-11-07,2호선,합정,29665,31506
2022-11-07,2호선,당산,19388,23182
2022-11-07,2호선,영등포구청,23079,23712
2022-11-07,2호선,문래,23394,23843
2022-11-07,2호선,신도림,53997,50297
2022-11-07,2호선,대림,25770,26072
2022-11-07,2호선,구로디지털단지,63405,62675
2022-11-07,2호선,신대방,26603,25839
2022-11-07,2호선,신림,58370,56087
2022-11-07,2호선,봉천,25316,23533
2022-11-07,2호선,서울대입구,49333,47924
2022-11-07,2호선,낙성대,28374,28315
2022-11-07,2호선,사당,40165,43682
2022-11-07,2호선,방배,19779,20499
2022-11-07,2호선,서초,23082,22038
2022-11-07,2호선,교대,35749,40378
2022-11-07,2호선,강남,80522,76888
2022-11-07,2호선,역삼,56676,64876
2022-11-07,2호선,선릉,61742,54812
2022-11-07,2호선,삼성,55103,55959
2022-11-07,2호선,종합운동장,7864,8911
2022-11-07,2호선,잠실새내,23029,22672
2022-11-07,2호선,잠실,69077,68784
2022-11-07,2호선,잠실나루,16307,15945
2022-11-07,2호선,강변,32755,31525
2022-11-07,2호선,구의,24703,24307
2022-11-07,2호선,건대입구,34580,36686
2022-11-07,2호선,성수,39674,43213
2022-11-07,2호선,뚝섬,23002,24744
2022-11-07,2호선,한양대,15023,16706
2022-11-07,2호선,왕십리,17161,14006
2022-11-07,2호선,상왕십리,15033,14585
2022-11-07,2호선,신당,14428,14818
2022-11-07,2호선,동대문역사문화공원,13371,15259
2022-11-07,2호선,을지로4가,14649,15061
2022-11-07,2호선,을지로3가,25650,25723
2022-11-07,2호선,을지로입구,43934,45791
2022-11-07,2호선,시청,26858,27128
2022-11-08,2호선,시청,27366,27850
2022-11-08,2호선,을지로입구,47860,50090
2022-11-08,2호선,을지로3가,25899,26051
2022-11-08,2호선,을지로4가,15142,15636
2022-11-08,2호선,동대문역사문화공원,13360,15901
2022-11-08,2호선,신당,15124,15413
2022-11-08,2호선,상왕십리,15439,14930
2022-11-08,2호선,왕십리,18227,14753
2022-11-08,2호선,한양대,16168,17860
2022-11-08,2호선,뚝섬,24109,25953
2022-11-08,2호선,성수,40973,44640
2022-11-08,2호선,건대입구,35570,38129
2022-11-08,2호선,구의,26220,25471
2022-11-08,2호선,강변,32283,29670
2022-11-08,2호선,잠실나루,16975,16449
2022-11-08,2호선,잠실,77519,76146
2022-11-08,2호선,잠실새내,24254,23628
2022-11-08,2호선,종합운동장,8936,9765
2022-11-08,2호선,삼성,57385,58353
2022-11-08,2호선,선릉,63623,56622
2022-11-08,2호선,역삼,59552,67743
2022-11-08,2호선,강남,83517,80476
2022-11-08,2호선,교대,37233,42396
2022-11-08,2호선,서초,24118,23306
2022-11-08,2호선,방배,21300,22220
2022-11-08,2호선,사당,41965,45754
2022-11-08,2호선,낙성대,29779,29524
2022-11-08,2호선,서울대입구,50890,49335
2022-11-08,2호선,봉천,26191,24315
2022-11-08,2호선,신림,60338,57997
2022-11-08,2호선,신대방,27177,26398
2022-11-08,2호선,구로디지털단지,64215,64023
2022-11-08,2호선,대림,25934,26197
2022-11-08,2호선,신도림,50874,49436
2022-11-08,2호선,문래,24212,24623
2022-11-08,2호선,영등포구청,24051,24950
2022-11-08,2호선,당산,20291,24358
2022-11-08,2호선,합정,31536,33738
2022-11-08,2호선,홍대입구,58230,61641
2022-11-08,2호선,신촌,39653,40222
2022-11-08,2호선,이대,18391,19975
2022-11-08,2호선,아현,11747,11211
2022-11-08,2호선,충정로,11236,12377
2022-11-08,2호선,용답,3542,3614
2022-11-08,2호선,신답,2051,2088
2022-11-08,2호선,신설동,3593,3454
2022-11-08,2호선,도림천,1455,1587
2022-11-08,2호선,양천구청,7695,7956
2022-11-08,2호선,신정네거리,11607,11768
2022-11-08,2호선,용두,2589,2600
2022-11-09,2호선,시청,27591,28388
2022-11-09,2호선,을지로입구,48397,51003
2022-11-09,2호선,을지로3가,26812,26868
2022-11-09,2호선,을지로4가,15066,15824
2022-11-09,2호선,동대문역사문화공원,14347,16724
2022-11-09,2호선,신당,15254,15639
2022-11-09,2호선,상왕십리,15696,15190
2022-11-09,2호선,왕십리,18530,14961
2022-11-09,2호선,한양대,15210,16944
2022-11-09,2호선,성수,41814,45606
2022-11-09,2호선,건대입구,36498,39136
2022-11-09,2호선,구의,26458,25611
2022-11-09,2호선,강변,33221,29648
2022-11-09,2호선,잠실나루,17029,16507
2022-11-09,2호선,잠실,78955,77253
2022-11-09,2호선,잠실새내,23960,23593
2022-11-09,2호선,종합운동장,9093,10130
2022-11-09,2호선,삼성,59728,60578
2022-11-09,2호선,선릉,63460,56106
2022-11-09,2호선,역삼,59012,67344
2022-11-09,2호선,강남,82637,79904
2022-11-09,2호선,교대,37207,42213
2022-11-09,2호선,서초,24837,24059
2022-11-09,2호선,방배,21313,22228
2022-11-09,2호선,사당,42027,45763
2022-11-09,2호선,낙성대,30171,29562
2022-11-09,2호선,서울대입구,50908,49408
2022-11-09,2호선,봉천,26076,24128
2022-11-09,2호선,신림,60827,58630
2022-11-09,2호선,신대방,27283,26546
2022-11-09,2호선,구로디지털단지,64226,64191
2022-11-09,2호선,대림,26341,26781
2022-11-09,2호선,신도림,52872,52593
2022-11-09,2호선,문래,23803,24309
2022-11-09,2호선,영등포구청,24166,25298
2022-11-09,2호선,당산,20730,24722
2022-11-09,2호선,합정,31364,34135
2022-11-09,2호선,홍대입구,59814,63201
2022-11-09,2호선,신촌,39221,39613
2022-11-09,2호선,이대,18426,20156
2022-11-09,2호선,아현,11953,11393
2022-11-09,2호선,충정로,11144,12668
2022-11-09,2호선,용답,3428,3455
2022-11-09,2호선,신답,2079,2080
2022-11-09,2호선,신설동,3767,3554
2022-11-09,2호선,도림천,1378,1509
2022-11-09,2호선,양천구청,7892,8058
2022-11-09,2호선,신정네거리,11300,11680
2022-11-09,2호선,용두,2530,2640
2022-11-09,2호선,뚝섬,24343,26094
2022-11-10,2호선,시청,27954,28549
2022-11-10,2호선,을지로입구,48767,51964
2022-11-10,2호선,을지로3가,26297,26693
2022-11-10,2호선,을지로4가,15010,15924
2022-11-10,2호선,동대문역사문화공원,14501,17023
2022-11-10,2호선,신당,15248,15639
2022-11-10,2호선,상왕십리,15727,15055
2022-11-10,2호선,왕십리,18877,15174
2022-11-10,2호선,한양대,15136,16819
2022-11-10,2호선,뚝섬,24368,26346
2022-11-10,2호선,성수,41839,45649
2022-11-10,2호선,건대입구,36977,39592
2022-11-10,2호선,구의,26567,25555
2022-11-10,2호선,강변,33600,30257
2022-11-10,2호선,잠실나루,16500,15870
2022-11-10,2호선,잠실,80178,78452
2022-11-10,2호선,잠실새내,23624,23429
2022-11-10,2호선,종합운동장,9038,9901
2022-11-10,2호선,삼성,59299,60951
2022-11-10,2호선,선릉,63532,56445
2022-11-10,2호선,역삼,58193,67062
2022-11-10,2호선,강남,83928,81305
2022-11-10,2호선,교대,37639,42942
2022-11-10,2호선,서초,23607,23209
2022-11-10,2호선,방배,21113,22007
2022-11-10,2호선,사당,42882,46964
2022-11-10,2호선,낙성대,30179,29212
2022-11-10,2호선,서울대입구,51203,49897
2022-11-10,2호선,봉천,26034,23983
2022-11-10,2호선,신림,60949,58474
2022-11-10,2호선,신대방,27536,26491
2022-11-10,2호선,구로디지털단지,64320,64232
2022-11-10,2호선,대림,25703,26140
2022-11-10,2호선,신도림,52684,51886
2022-11-10,2호선,문래,23953,24355
2022-11-10,2호선,영등포구청,23798,25218
2022-11-10,2호선,당산,20918,24756
2022-11-10,2호선,합정,33507,36513
2022-11-10,2호선,홍대입구,61666,66019
2022-11-10,2호선,신촌,40286,41137
2022-11-10,2호선,이대,18814,20626
2022-11-10,2호선,아현,12100,11516
2022-11-10,2호선,충정로,11086,12833
2022-11-10,2호선,용답,3646,3593
2022-11-10,2호선,신답,2122,2090
2022-11-10,2호선,신설동,3746,3603
2022-11-10,2호선,도림천,1452,1572
2022-11-10,2호선,양천구청,7666,8008
2022-11-10,2호선,신정네거리,11288,11627
2022-11-10,2호선,용두,2706,2612
2022-11-11,2호선,시청,28432,27675
2022-11-11,2호선,을지로입구,50078,52138
2022-11-11,2호선,을지로3가,27398,27717
2022-11-11,2호선,을지로4가,15593,15858
2022-11-11,2호선,동대문역사문화공원,15247,16704
2022-11-11,2호선,신당,15956,16177
2022-11-11,2호선,상왕십리,16074,15150
2022-11-11,2호선,왕십리,19407,16268
2022-11-11,2호선,한양대,13388,14267
2022-11-11,2호선,뚝섬,26029,27806
2022-11-11,2호선,성수,43126,47936
2022-11-11,2호선,건대입구,40555,44845
2022-11-11,2호선,구의,26861,25857
2022-11-11,2호선,강변,37357,36599
2022-11-11,2호선,잠실나루,16630,15974
2022-11-11,2호선,잠실,82645,82898
2022-11-11,2호선,잠실새내,24407,24960
2022-11-11,2호선,종합운동장,8892,9618
2022-11-11,2호선,삼성,59209,59574
2022-11-11,2호선,역삼,55738,63279
2022-11-11,2호선,강남,88704,87536
2022-11-11,2호선,교대,37749,43461
2022-11-11,2호선,서초,23997,22725
2022-11-11,2호선,방배,19922,20733
2022-11-11,2호선,사당,44963,50360
2022-11-11,2호선,낙성대,31518,29051
2022-11-11,2호선,서울대입구,53527,50913
2022-11-11,2호선,봉천,26322,23701
2022-11-11,2호선,신림,63592,60718
2022-11-11,2호선,신대방,28152,26624
2022-11-11,2호선,구로디지털단지,65389,64871
2022-11-11,2호선,대림,26113,26536
2022-11-11,2호선,신도림,54017,53968
2022-11-11,2호선,문래,23976,25047
2022-11-11,2호선,영등포구청,23783,24747
2022-11-11,2호선,당산,20679,24738
2022-11-11,2호선,합정,36562,41803
2022-11-11,2호선,홍대입구,70202,80243
2022-11-11,2호선,신촌,42001,43307
2022-11-11,2호선,이대,19223,19811
2022-11-11,2호선,아현,12222,11128
2022-11-11,2호선,충정로,10698,11666
2022-11-11,2호선,용답,3495,3390
2022-11-11,2호선,신답,1959,2030
2022-11-11,2호선,신설동,4011,3818
2022-11-11,2호선,도림천,1376,1516
2022-11-11,2호선,양천구청,7698,7913
2022-11-11,2호선,신정네거리,11613,11887
2022-11-11,2호선,용두,2727,2604
2022-11-11,2호선,선릉,61307,54797
2022-11-12,2호선,방배,10964,11268
2022-11-12,2호선,용두,1996,1879
2022-11-12,2호선,신정네거리,7959,8026
2022-11-12,2호선,양천구청,4778,4958
2022-11-12,2호선,도림천,851,925
2022-11-12,2호선,신설동,3995,3577
2022-11-12,2호선,신답,1119,1216
2022-11-12,2호선,용답,2258,2124
2022-11-12,2호선,충정로,8137,7812
2022-11-12,2호선,서초,12938,10898
2022-11-12,2호선,교대,19007,21626
2022-11-12,2호선,강남,59066,58874
2022-11-12,2호선,역삼,19467,21047
2022-11-12,2호선,선릉,26502,23573
2022-11-12,2호선,삼성,33864,32890
2022-11-12,2호선,종합운동장,7628,8315
2022-11-12,2호선,잠실새내,18233,19130
2022-11-12,2호선,잠실,73601,70101
2022-11-12,2호선,잠실나루,8615,8607
2022-11-12,2호선,강변,31283,31386
2022-11-12,2호선,구의,17523,17183
2022-11-12,2호선,건대입구,34830,37829
2022-11-12,2호선,성수,25481,28074
2022-11-12,2호선,뚝섬,15747,15841
2022-11-12,2호선,한양대,5463,6039
2022-11-12,2호선,왕십리,15008,13456
2022-11-12,2호선,상왕십리,10564,10146
2022-11-12,2호선,신당,11686,12410
2022-11-12,2호선,동대문역사문화공원,12194,14141
2022-11-12,2호선,을지로4가,9733,9662
2022-11-12,2호선,을지로3가,17432,15137
2022-11-12,2호선,을지로입구,34500,31627
2022-11-12,2호선,시청,20391,14962
2022-11-12,2호선,아현,8740,8163
2022-11-12,2호선,이대,13111,13849
2022-11-12,2호선,신촌,36221,36806
2022-11-12,2호선,홍대입구,72976,80976
2022-11-12,2호선,합정,32132,36883
2022-11-12,2호선,당산,13045,14645
2022-11-12,2호선,영등포구청,14420,14968
2022-11-12,2호선,문래,14035,15149
2022-11-12,2호선,신도림,45693,46381
2022-11-12,2호선,대림,18989,20172
2022-11-12,2호선,구로디지털단지,36790,36056
2022-11-12,2호선,신대방,20603,19891
2022-11-12,2호선,신림,48768,46510
2022-11-12,2호선,봉천,18293,16811
2022-11-12,2호선,서울대입구,38147,36501
2022-11-12,2호선,낙성대,22537,20918
2022-11-12,2호선,사당,36721,41386
2022-11-13,2호선,시청,8421,6854
2022-11-13,2호선,을지로입구,21185,20201
2022-11-13,2호선,을지로3가,10316,10077
2022-11-13,2호선,을지로4가,5056,4802
2022-11-13,2호선,동대문역사문화공원,9493,11435
2022-11-13,2호선,신당,8445,9052
2022-11-13,2호선,상왕십리,7357,7203
2022-11-13,2호선,왕십리,10308,9350
2022-11-13,2호선,한양대,2830,3243
2022-11-13,2호선,뚝섬,11661,11667
2022-11-13,2호선,성수,18399,20044
2022-11-13,2호선,건대입구,27663,28530
2022-11-13,2호선,구의,12245,12222
2022-11-13,2호선,강변,25221,24561
2022-11-13,2호선,잠실나루,5937,6183
2022-11-13,2호선,잠실,55872,52006
2022-11-13,2호선,잠실새내,12032,12134
2022-11-13,2호선,종합운동장,9184,10125
2022-11-13,2호선,삼성,24394,23706
2022-11-13,2호선,선릉,14994,13054
2022-11-13,2호선,역삼,12155,13335
2022-11-13,2호선,강남,34995,33403
2022-11-13,2호선,교대,11168,12441
2022-11-13,2호선,서초,13291,12257
2022-11-13,2호선,방배,7115,7372
2022-11-13,2호선,사당,24709,27232
2022-11-13,2호선,낙성대,16980,17661
2022-11-13,2호선,서울대입구,27294,28049
2022-11-13,2호선,봉천,13221,12876
2022-11-13,2호선,신림,36489,35642
2022-11-13,2호선,신대방,16255,15743
2022-11-13,2호선,구로디지털단지,27401,26287
2022-11-13,2호선,대림,18092,18057
2022-11-13,2호선,신도림,33119,33603
2022-11-13,2호선,문래,8510,9054
2022-11-13,2호선,영등포구청,8864,9090
2022-11-13,2호선,당산,9637,10369
2022-11-13,2호선,합정,24007,26024
2022-11-13,2호선,홍대입구,57651,58403
2022-11-13,2호선,신촌,25380,25110
2022-11-13,2호선,이대,8755,9804
2022-11-13,2호선,아현,5540,5590
2022-11-13,2호선,충정로,4293,4571
2022-11-13,2호선,용답,1834,1890
2022-11-13,2호선,신답,757,868
2022-11-13,2호선,신설동,3047,3147
2022-11-13,2호선,도림천,457,474
2022-11-13,2호선,양천구청,3619,3685
2022-11-13,2호선,신정네거리,5672,5713
2022-11-13,2호선,용두,1050,1037
2022-11-14,2호선,시청,25383,24800
2022-11-14,2호선,을지로입구,46082,47359
2022-11-14,2호선,을지로3가,25072,25213
2022-11-14,2호선,을지로4가,14557,14744
2022-11-14,2호선,동대문역사문화공원,13096,14938
2022-11-14,2호선,신당,14264,14732
2022-11-14,2호선,상왕십리,14883,14526
2022-11-14,2호선,왕십리,16595,13959
2022-11-14,2호선,한양대,14801,16565
2022-11-14,2호선,뚝섬,22402,23994
2022-11-14,2호선,성수,39448,42587
2022-11-14,2호선,건대입구,35181,37162
2022-11-14,2호선,구의,24844,24672
2022-11-14,2호선,강변,31834,30442
2022-11-14,2호선,잠실나루,16735,16360
2022-11-14,2호선,잠실,72559,72952
2022-11-14,2호선,잠실새내,22669,22245
2022-11-14,2호선,종합운동장,8400,9525
2022-11-14,2호선,삼성,52310,52686
2022-11-14,2호선,선릉,61520,55025
2022-11-14,2호선,역삼,57526,64910
2022-11-14,2호선,강남,80945,77622
2022-11-14,2호선,교대,35790,40478
2022-11-14,2호선,서초,23016,22153
2022-11-14,2호선,방배,19756,20604
2022-11-14,2호선,사당,38702,42820
2022-11-14,2호선,낙성대,28344,28464
2022-11-14,2호선,서울대입구,48545,47916
2022-11-14,2호선,봉천,24998,23718
2022-11-14,2호선,신림,58253,56003
2022-11-14,2호선,신대방,26559,25862
2022-11-14,2호선,구로디지털단지,62547,62603
2022-11-14,2호선,대림,25528,25770
2022-11-14,2호선,신도림,48816,47909
2022-11-14,2호선,문래,22868,23487
2022-11-14,2호선,영등포구청,23476,24187
2022-11-14,2호선,당산,19425,23241
2022-11-14,2호선,합정,30333,32413
2022-11-14,2호선,홍대입구,57414,60199
2022-11-14,2호선,신촌,36880,37301
2022-11-14,2호선,이대,18014,20106
2022-11-14,2호선,아현,11043,10747
2022-11-14,2호선,충정로,10870,11444
2022-11-14,2호선,용답,3257,3483
2022-11-14,2호선,신답,1755,1988
2022-11-14,2호선,신설동,3486,3383
2022-11-14,2호선,도림천,1410,1477
2022-11-14,2호선,양천구청,7579,7841
2022-11-14,2호선,신정네거리,11028,11250
2022-11-14,2호선,용두,2546,2558
2022-11-15,2호선,시청,27160,26233
2022-11-15,2호선,을지로입구,47271,49523
2022-11-15,2호선,을지로3가,26044,25968
2022-11-15,2호선,을지로4가,14834,15195
2022-11-15,2호선,동대문역사문화공원,12950,14803
2022-11-15,2호선,신당,14733,15223
2022-11-15,2호선,상왕십리,15275,14863
2022-11-15,2호선,왕십리,17292,14473
2022-11-15,2호선,한양대,15809,17344
2022-11-15,2호선,뚝섬,23404,25070
2022-11-15,2호선,성수,41548,45417
2022-11-15,2호선,건대입구,36097,38091
2022-11-15,2호선,구의,25686,25187
2022-11-15,2호선,강변,31052,29238
2022-11-15,2호선,잠실나루,16298,16095
2022-11-15,2호선,잠실,74638,74816
2022-11-15,2호선,잠실새내,23196,23075
2022-11-15,2호선,종합운동장,8427,9032
2022-11-15,2호선,삼성,58408,59110
2022-11-15,2호선,선릉,63183,55839
2022-11-15,2호선,역삼,60074,67605
2022-11-15,2호선,강남,83743,80377
2022-11-15,2호선,교대,37508,42525
2022-11-15,2호선,서초,24196,23358
2022-11-15,2호선,방배,21035,21490
2022-11-15,2호선,사당,41027,44892
2022-11-15,2호선,낙성대,29512,29120
2022-11-15,2호선,서울대입구,50131,48860
2022-11-15,2호선,봉천,26002,24391
2022-11-15,2호선,신림,60013,57679
2022-11-15,2호선,신대방,27146,26275
2022-11-15,2호선,구로디지털단지,64020,63759
2022-11-15,2호선,대림,25304,25840
2022-11-15,2호선,신도림,52221,51288
2022-11-15,2호선,문래,23700,24114
2022-11-15,2호선,영등포구청,23947,24674
2022-11-15,2호선,당산,20096,23907
2022-11-15,2호선,합정,31573,33608
2022-11-15,2호선,홍대입구,58392,61111
2022-11-15,2호선,신촌,39985,40322
2022-11-15,2호선,이대,18351,19915
2022-11-15,2호선,아현,11269,10826
2022-11-15,2호선,충정로,11042,11808
2022-11-15,2호선,용답,3281,3480
2022-11-15,2호선,신답,1800,1955
2022-11-15,2호선,신설동,3504,3450
2022-11-15,2호선,도림천,1476,1479
2022-11-15,2호선,양천구청,7644,8032
2022-11-15,2호선,신정네거리,11201,11578
2022-11-15,2호선,용두,2617,2621
2022-11-16,2호선,용두,2611,2597
2022-11-16,2호선,신정네거리,11286,11784
2022-11-16,2호선,양천구청,7619,8017
2022-11-16,2호선,도림천,1552,1644
2022-11-16,2호선,신설동,3710,3652
2022-11-16,2호선,신답,1887,2107
2022-11-16,2호선,용답,3333,3408
2022-11-16,2호선,충정로,11308,11938
2022-11-16,2호선,아현,11789,11114
2022-11-16,2호선,이대,18705,20440
2022-11-16,2호선,신촌,40005,40551
2022-11-16,2호선,홍대입구,61386,65159
2022-11-16,2호선,합정,32479,34899
2022-11-16,2호선,당산,20338,24422
2022-11-16,2호선,영등포구청,24344,24815
2022-11-16,2호선,문래,24187,24624
2022-11-16,2호선,신도림,52544,51800
2022-11-16,2호선,대림,25966,26271
2022-11-16,2호선,구로디지털단지,64233,64152
2022-11-16,2호선,신대방,27258,26435
2022-11-16,2호선,신림,60733,58743
2022-11-16,2호선,봉천,25901,23855
2022-11-16,2호선,서울대입구,50755,49137
2022-11-16,2호선,낙성대,30017,29617
2022-11-16,2호선,사당,42091,46026
2022-11-16,2호선,방배,21298,21832
2022-11-16,2호선,서초,25041,24184
2022-11-16,2호선,교대,37558,42566
2022-11-16,2호선,강남,83765,80933
2022-11-16,2호선,역삼,58574,66474
2022-11-16,2호선,선릉,62903,56078
2022-11-16,2호선,삼성,57503,58493
2022-11-16,2호선,종합운동장,9878,10976
2022-11-16,2호선,잠실새내,23912,23462
2022-11-16,2호선,잠실,75697,75617
2022-11-16,2호선,잠실나루,16376,15996
2022-11-16,2호선,강변,32037,29466
2022-11-16,2호선,구의,26118,25579
2022-11-16,2호선,건대입구,37280,39543
2022-11-16,2호선,성수,42326,46223
2022-11-16,2호선,뚝섬,24412,26257
2022-11-16,2호선,한양대,14916,16562
2022-11-16,2호선,왕십리,17834,15399
2022-11-16,2호선,상왕십리,15699,15065
2022-11-16,2호선,신당,15295,15521
2022-11-16,2호선,동대문역사문화공원,13629,15884
2022-11-16,2호선,을지로4가,15090,15397
2022-11-16,2호선,을지로3가,26488,26519
2022-11-16,2호선,을지로입구,47481,49428
2022-11-16,2호선,시청,27717,26949
2022-11-17,2호선,시청,27243,26506
2022-11-17,2호선,을지로입구,48565,49600
2022-11-17,2호선,을지로3가,25638,25897
2022-11-17,2호선,을지로4가,14793,15135
2022-11-17,2호선,동대문역사문화공원,13894,15782
2022-11-17,2호선,신당,15086,15531
2022-11-17,2호선,상왕십리,15397,14885
2022-11-17,2호선,왕십리,17884,14857
2022-11-17,2호선,한양대,14973,16760
2022-11-17,2호선,뚝섬,24267,25750
2022-11-17,2호선,성수,42262,46296
2022-11-17,2호선,건대입구,37694,40150
2022-11-17,2호선,구의,26084,25601
2022-11-17,2호선,강변,32782,30869
2022-11-17,2호선,잠실나루,16484,15924
2022-11-17,2호선,잠실,78201,78361
2022-11-17,2호선,잠실새내,23576,23590
2022-11-17,2호선,종합운동장,8728,9470
2022-11-17,2호선,삼성,58220,59707
2022-11-17,2호선,선릉,62097,55217
2022-11-17,2호선,역삼,57614,65782
2022-11-17,2호선,강남,82969,80427
2022-11-17,2호선,교대,37122,42009
2022-11-17,2호선,서초,25557,25097
2022-11-17,2호선,방배,20960,21734
2022-11-17,2호선,사당,42042,46036
2022-11-17,2호선,낙성대,29741,29160
2022-11-17,2호선,서울대입구,50396,48927
2022-11-17,2호선,봉천,25501,23696
2022-11-17,2호선,신림,61140,60186
2022-11-17,2호선,신대방,27315,26437
2022-11-17,2호선,구로디지털단지,63672,63534
2022-11-17,2호선,대림,25504,25765
2022-11-17,2호선,신도림,52150,51690
2022-11-17,2호선,문래,23597,24105
2022-11-17,2호선,영등포구청,23601,24426
2022-11-17,2호선,당산,20524,24068
2022-11-17,2호선,합정,33515,36501
2022-11-17,2호선,홍대입구,64777,68706
2022-11-17,2호선,신촌,39866,40754
2022-11-17,2호선,이대,18909,20208
2022-11-17,2호선,아현,11486,10647
2022-11-17,2호선,충정로,10840,11670
2022-11-17,2호선,신답,1918,2091
2022-11-17,2호선,신설동,3713,3632
2022-11-17,2호선,도림천,1588,1597
2022-11-17,2호선,양천구청,7779,8008
2022-11-17,2호선,신정네거리,11141,11497
2022-11-17,2호선,용두,2562,2600
2022-11-17,2호선,용답,3398,3544
2022-11-18,2호선,용두,2666,2582
2022-11-18,2호선,신정네거리,11510,11741
2022-11-18,2호선,양천구청,7631,7827
2022-11-18,2호선,도림천,1358,1489
2022-11-18,2호선,신설동,4082,3884
2022-11-18,2호선,신답,1857,2013
2022-11-18,2호선,용답,3387,3424
2022-11-18,2호선,충정로,10907,11418
2022-11-18,2호선,아현,11648,10708
2022-11-18,2호선,이대,18882,19424
2022-11-18,2호선,신촌,41224,42133
2022-11-18,2호선,홍대입구,70716,81493
2022-11-18,2호선,합정,36863,41574
2022-11-18,2호선,당산,20409,24041
2022-11-18,2호선,영등포구청,23587,24419
2022-11-18,2호선,문래,23690,24701
2022-11-18,2호선,신도림,54263,54360
2022-11-18,2호선,대림,25513,26136
2022-11-18,2호선,구로디지털단지,64143,63902
2022-11-18,2호선,신대방,27702,26420
2022-11-18,2호선,신림,64419,60639
2022-11-18,2호선,봉천,26128,23635
2022-11-18,2호선,서울대입구,52832,49947
2022-11-18,2호선,낙성대,30971,28335
2022-11-18,2호선,사당,44754,49738
2022-11-18,2호선,방배,19846,20469
2022-11-18,2호선,서초,23336,22365
2022-11-18,2호선,교대,37495,43149
2022-11-18,2호선,강남,89703,88349
2022-11-18,2호선,역삼,54705,61823
2022-11-18,2호선,선릉,60902,54434
2022-11-18,2호선,삼성,57761,58485
2022-11-18,2호선,종합운동장,8735,9583
2022-11-18,2호선,잠실새내,25015,25541
2022-11-18,2호선,잠실,82590,83145
2022-11-18,2호선,잠실나루,16301,15447
2022-11-18,2호선,강변,37082,36905
2022-11-18,2호선,구의,26599,25479
2022-11-18,2호선,건대입구,41090,45228
2022-11-18,2호선,성수,44187,48776
2022-11-18,2호선,뚝섬,25411,27125
2022-11-18,2호선,한양대,12894,13793
2022-11-18,2호선,왕십리,18433,16256
2022-11-18,2호선,상왕십리,15678,14889
2022-11-18,2호선,신당,15835,16329
2022-11-18,2호선,동대문역사문화공원,14927,16392
2022-11-18,2호선,을지로4가,15405,15681
2022-11-18,2호선,을지로3가,26423,27418
2022-11-18,2호선,을지로입구,48950,50340
2022-11-18,2호선,시청,27605,26473
2022-11-19,2호선,시청,17500,17232
2022-11-19,2호선,을지로입구,33569,31617
2022-11-19,2호선,을지로3가,15131,14930
2022-11-19,2호선,을지로4가,9408,10233
2022-11-19,2호선,동대문역사문화공원,12999,14642
2022-11-19,2호선,신당,12602,13819
2022-11-19,2호선,상왕십리,10635,9835
2022-11-19,2호선,왕십리,14827,14171
2022-11-19,2호선,한양대,6062,6846
2022-11-19,2호선,뚝섬,17738,17255
2022-11-19,2호선,성수,26929,31468
2022-11-19,2호선,건대입구,41810,45668
2022-11-19,2호선,구의,18112,17303
2022-11-19,2호선,강변,32845,32166
2022-11-19,2호선,잠실나루,8900,8775
2022-11-19,2호선,잠실,76022,74042
2022-11-19,2호선,잠실새내,19163,19730
2022-11-19,2호선,종합운동장,8289,9072
2022-11-19,2호선,삼성,35056,34693
2022-11-19,2호선,선릉,28284,24638
2022-11-19,2호선,역삼,20256,22289
2022-11-19,2호선,강남,60075,61029
2022-11-19,2호선,교대,18542,21361
2022-11-19,2호선,서초,13308,11140
2022-11-19,2호선,방배,11407,11677
2022-11-19,2호선,사당,37049,42756
2022-11-19,2호선,낙성대,23713,21493
2022-11-19,2호선,서울대입구,39814,38330
2022-11-19,2호선,봉천,18765,16739
2022-11-19,2호선,신림,50121,48157
2022-11-19,2호선,신대방,21434,20332
2022-11-19,2호선,구로디지털단지,38581,38257
2022-11-19,2호선,대림,20061,20884
2022-11-19,2호선,신도림,45859,46968
2022-11-19,2호선,문래,14523,15651
2022-11-19,2호선,영등포구청,14461,15110
2022-11-19,2호선,당산,14514,15935
2022-11-19,2호선,합정,33667,39123
2022-11-19,2호선,홍대입구,77828,90561
2022-11-19,2호선,신촌,38741,40185
2022-11-19,2호선,이대,13474,13791
2022-11-19,2호선,아현,8616,7747
2022-11-19,2호선,충정로,7381,7708
2022-11-19,2호선,용답,2485,2209
2022-11-19,2호선,신답,1140,1180
2022-11-19,2호선,신설동,3927,3677
2022-11-19,2호선,도림천,858,850
2022-11-19,2호선,양천구청,5267,5115
2022-11-19,2호선,신정네거리,8348,8310
2022-11-19,2호선,용두,1889,1794
2022-11-20,2호선,시청,8953,7471
2022-11-20,2호선,을지로입구,23415,21747
2022-11-20,2호선,을지로3가,11112,10897
2022-11-20,2호선,을지로4가,5292,5347
2022-11-20,2호선,동대문역사문화공원,10134,12320
2022-11-20,2호선,신당,9039,9717
2022-11-20,2호선,상왕십리,7640,7416
2022-11-20,2호선,왕십리,10785,10280
2022-11-20,2호선,한양대,3076,3630
2022-11-20,2호선,뚝섬,12622,12593
2022-11-20,2호선,성수,19781,22714
2022-11-20,2호선,건대입구,29094,30283
2022-11-20,2호선,구의,12577,12562
2022-11-20,2호선,강변,27617,27286
2022-11-20,2호선,잠실나루,6196,6183
2022-11-20,2호선,잠실,57508,54629
2022-11-20,2호선,잠실새내,15378,14370
2022-11-20,2호선,종합운동장,21636,26242
2022-11-20,2호선,삼성,26681,25707
2022-11-20,2호선,선릉,16262,14018
2022-11-20,2호선,역삼,12724,13921
2022-11-20,2호선,강남,37499,36148
2022-11-20,2호선,교대,11936,13301
2022-11-20,2호선,서초,14918,13797
2022-11-20,2호선,방배,7524,7935
2022-11-20,2호선,사당,25586,29010
2022-11-20,2호선,낙성대,17311,18064
2022-11-20,2호선,서울대입구,28520,29166
2022-11-20,2호선,봉천,13533,13099
2022-11-20,2호선,신림,37803,37146
2022-11-20,2호선,신대방,16341,15869
2022-11-20,2호선,구로디지털단지,27629,26829
2022-11-20,2호선,대림,17269,17713
2022-11-20,2호선,신도림,33104,33961
2022-11-20,2호선,문래,9804,10402
2022-11-20,2호선,영등포구청,9669,9964
2022-11-20,2호선,당산,10267,11223
2022-11-20,2호선,합정,26685,28267
2022-11-20,2호선,홍대입구,61635,61396
2022-11-20,2호선,신촌,28557,27700
2022-11-20,2호선,이대,9036,10319
2022-11-20,2호선,아현,5987,5928
2022-11-20,2호선,충정로,4636,4903
2022-11-20,2호선,용답,1905,1957
2022-11-20,2호선,신답,895,916
2022-11-20,2호선,신설동,3590,3685
2022-11-20,2호선,도림천,488,578
2022-11-20,2호선,양천구청,4000,4174
2022-11-20,2호선,신정네거리,5831,5801
2022-11-20,2호선,용두,1354,1400
2022-11-21,2호선,시청,25994,25283
2022-11-21,2호선,을지로입구,46730,48392
2022-11-21,2호선,을지로3가,24943,25114
2022-11-21,2호선,을지로4가,14672,14628
2022-11-21,2호선,동대문역사문화공원,13118,15092
2022-11-21,2호선,신당,14446,14814
2022-11-21,2호선,상왕십리,15196,14581
2022-11-21,2호선,왕십리,17089,14255
2022-11-21,2호선,한양대,13961,16031
2022-11-21,2호선,뚝섬,22541,24229
2022-11-21,2호선,성수,40038,43362
2022-11-21,2호선,건대입구,35239,38031
2022-11-21,2호선,구의,25124,24603
2022-11-21,2호선,강변,32212,30754
2022-11-21,2호선,잠실나루,16698,16171
2022-11-21,2호선,잠실,72924,73355
2022-11-21,2호선,잠실새내,22957,22770
2022-11-21,2호선,종합운동장,8257,9629
2022-11-21,2호선,용두,2529,2554
2022-11-21,2호선,신정네거리,11200,11594
2022-11-21,2호선,양천구청,7612,7827
2022-11-21,2호선,도림천,1518,1674
2022-11-21,2호선,신설동,3454,3419
2022-11-21,2호선,신답,1830,2000
2022-11-21,2호선,용답,3337,3473
2022-11-21,2호선,충정로,10719,11442
2022-11-21,2호선,아현,11205,10721
2022-11-21,2호선,이대,17666,19732
2022-11-21,2호선,신촌,37542,38860
2022-11-21,2호선,홍대입구,58934,61753
2022-11-21,2호선,합정,30446,32557
2022-11-21,2호선,당산,19539,23359
2022-11-21,2호선,영등포구청,23395,23891
2022-11-21,2호선,문래,23175,23602
2022-11-21,2호선,신도림,49844,48800
2022-11-21,2호선,삼성,55401,56299
2022-11-21,2호선,대림,25502,26063
2022-11-21,2호선,구로디지털단지,61973,61838
2022-11-21,2호선,신대방,26674,25709
2022-11-21,2호선,신림,58056,56139
2022-11-21,2호선,봉천,25316,23662
2022-11-21,2호선,서울대입구,49018,48426
2022-11-21,2호선,낙성대,28687,28731
2022-11-21,2호선,사당,39122,43215
2022-11-21,2호선,방배,19910,20662
2022-11-21,2호선,서초,23374,22577
2022-11-21,2호선,교대,36077,41311
2022-11-21,2호선,강남,81922,78908
2022-11-21,2호선,역삼,57238,64714
2022-11-21,2호선,선릉,61652,55365
2022-11-22,2호선,용두,2572,2722
2022-11-22,2호선,신정네거리,11328,11652
2022-11-22,2호선,양천구청,7650,8059
2022-11-22,2호선,도림천,1457,1544
2022-11-22,2호선,신설동,3345,3383
2022-11-22,2호선,신답,1816,2057
2022-11-22,2호선,용답,3337,3436
2022-11-22,2호선,충정로,11657,12010
2022-11-22,2호선,아현,11573,11010
2022-11-22,2호선,이대,18385,20367
2022-11-22,2호선,신촌,39243,39994
2022-11-22,2호선,홍대입구,60527,63566
2022-11-22,2호선,합정,31890,34239
2022-11-22,2호선,당산,20362,24412
2022-11-22,2호선,영등포구청,23811,24478
2022-11-22,2호선,문래,23739,24033
2022-11-22,2호선,신도림,50391,49753
2022-11-22,2호선,대림,25807,26430
2022-11-22,2호선,구로디지털단지,64021,63875
2022-11-22,2호선,신대방,26810,26464
2022-11-22,2호선,신림,59962,57739
2022-11-22,2호선,봉천,25835,24151
2022-11-22,2호선,서울대입구,50476,49615
2022-11-22,2호선,낙성대,29424,29102
2022-11-22,2호선,사당,41505,45182
2022-11-22,2호선,방배,21442,22139
2022-11-22,2호선,서초,24539,23463
2022-11-22,2호선,교대,37616,42734
2022-11-22,2호선,강남,84540,81768
2022-11-22,2호선,역삼,59850,67737
2022-11-22,2호선,선릉,63775,57122
2022-11-22,2호선,삼성,58271,58776
2022-11-22,2호선,종합운동장,8341,9223
2022-11-22,2호선,잠실새내,24051,23422
2022-11-22,2호선,잠실,75449,76174
2022-11-22,2호선,잠실나루,16772,16394
2022-11-22,2호선,강변,30921,28904
2022-11-22,2호선,구의,25537,25119
2022-11-22,2호선,건대입구,35967,38066
2022-11-22,2호선,성수,41769,45269
2022-11-22,2호선,뚝섬,23416,25215
2022-11-22,2호선,한양대,15019,16736
2022-11-22,2호선,왕십리,17745,14542
2022-11-22,2호선,상왕십리,15346,14972
2022-11-22,2호선,신당,14950,15459
2022-11-22,2호선,동대문역사문화공원,13250,15075
2022-11-22,2호선,을지로4가,14879,15132
2022-11-22,2호선,을지로3가,26135,25920
2022-11-22,2호선,을지로입구,48902,50185
2022-11-22,2호선,시청,29263,29483
2022-11-23,2호선,용두,2614,2652
2022-11-23,2호선,신정네거리,11272,11730
2022-11-23,2호선,양천구청,7741,8016
2022-11-23,2호선,도림천,1454,1496
2022-11-23,2호선,신설동,3678,3577
2022-11-23,2호선,신답,1879,2116
2022-11-23,2호선,용답,3363,3476
2022-11-23,2호선,충정로,11283,11851
2022-11-23,2호선,아현,11738,11113
2022-11-23,2호선,이대,18925,20628
2022-11-23,2호선,신촌,39191,39919
2022-11-23,2호선,홍대입구,61996,65648
2022-11-23,2호선,합정,32586,34716
2022-11-23,2호선,당산,20765,24354
2022-11-23,2호선,영등포구청,24534,24993
2022-11-23,2호선,문래,23775,24570
2022-11-23,2호선,신도림,52791,52296
2022-11-23,2호선,대림,25903,26341
2022-11-23,2호선,구로디지털단지,64389,64235
2022-11-23,2호선,신대방,27396,26575
2022-11-23,2호선,신림,61337,58903
2022-11-23,2호선,봉천,25885,23976
2022-11-23,2호선,서울대입구,50380,49219
2022-11-23,2호선,낙성대,30120,29336
2022-11-23,2호선,사당,41831,46078
2022-11-23,2호선,방배,21302,22227
2022-11-23,2호선,서초,25449,24874
2022-11-23,2호선,교대,38060,43431
2022-11-23,2호선,강남,85083,81840
2022-11-23,2호선,역삼,59383,67376
2022-11-23,2호선,선릉,64521,57612
2022-11-23,2호선,삼성,63588,64238
2022-11-23,2호선,종합운동장,8588,9663
2022-11-23,2호선,잠실새내,23441,23258
2022-11-23,2호선,잠실,78381,78491
2022-11-23,2호선,잠실나루,16606,16124
2022-11-23,2호선,강변,31759,29687
2022-11-23,2호선,구의,26065,25467
2022-11-23,2호선,건대입구,36434,38857
2022-11-23,2호선,성수,41796,45799
2022-11-23,2호선,뚝섬,23889,25722
2022-11-23,2호선,한양대,14586,16097
2022-11-23,2호선,왕십리,17940,14825
2022-11-23,2호선,상왕십리,15572,15204
2022-11-23,2호선,신당,15225,15681
2022-11-23,2호선,동대문역사문화공원,13969,15869
2022-11-23,2호선,을지로4가,15136,15248
2022-11-23,2호선,을지로3가,26685,26622
2022-11-23,2호선,을지로입구,50272,51565
2022-11-23,2호선,시청,27738,27083
2022-11-24,2호선,시청,29020,27368
2022-11-24,2호선,을지로입구,50666,51597
2022-11-24,2호선,을지로3가,26457,26262
2022-11-24,2호선,을지로4가,15291,15514
2022-11-24,2호선,동대문역사문화공원,14218,16313
2022-11-24,2호선,신당,15307,15731
2022-11-24,2호선,상왕십리,15535,15152
2022-11-24,2호선,왕십리,18231,15494
2022-11-24,2호선,한양대,14400,16094
2022-11-24,2호선,뚝섬,24168,25571
2022-11-24,2호선,성수,42328,46633
2022-11-24,2호선,건대입구,36938,39957
2022-11-24,2호선,구의,26396,25877
2022-11-24,2호선,강변,33611,31003
2022-11-24,2호선,잠실나루,16610,16333
2022-11-24,2호선,잠실,79264,79091
2022-11-24,2호선,잠실새내,23862,24244
2022-11-24,2호선,종합운동장,9502,10094
2022-11-24,2호선,삼성,66527,66291
2022-11-24,2호선,선릉,64569,57332
2022-11-24,2호선,역삼,59706,67229
2022-11-24,2호선,강남,86436,83073
2022-11-24,2호선,교대,38343,43451
2022-11-24,2호선,서초,25068,23967
2022-11-24,2호선,방배,21177,22135
2022-11-24,2호선,사당,42627,46531
2022-11-24,2호선,낙성대,30264,29035
2022-11-24,2호선,서울대입구,50943,50190
2022-11-24,2호선,봉천,26020,24282
2022-11-24,2호선,신림,61640,59493
2022-11-24,2호선,신대방,27584,27175
2022-11-24,2호선,구로디지털단지,64619,64585
2022-11-24,2호선,대림,25734,26242
2022-11-24,2호선,신도림,53018,52774
2022-11-24,2호선,문래,23685,24376
2022-11-24,2호선,영등포구청,24240,24845
2022-11-24,2호선,당산,20689,24588
2022-11-24,2호선,합정,33680,36130
2022-11-24,2호선,홍대입구,62529,67075
2022-11-24,2호선,신촌,40776,42195
2022-11-24,2호선,이대,18445,19784
2022-11-24,2호선,아현,11939,11439
2022-11-24,2호선,충정로,11146,11898
2022-11-24,2호선,용답,3428,3539
2022-11-24,2호선,신답,1876,2127
2022-11-24,2호선,신설동,3599,3574
2022-11-24,2호선,도림천,1428,1532
2022-11-24,2호선,양천구청,8039,8314
2022-11-24,2호선,신정네거리,11377,11787
2022-11-24,2호선,용두,2571,2591
2022-11-25,2호선,시청,28146,27088
2022-11-25,2호선,을지로입구,52041,52880
2022-11-25,2호선,을지로3가,26921,27789
2022-11-25,2호선,을지로4가,15646,15765
2022-11-25,2호선,동대문역사문화공원,14786,16043
2022-11-25,2호선,신당,15939,16466
2022-11-25,2호선,상왕십리,15799,15208
2022-11-25,2호선,왕십리,19319,16726
2022-11-25,2호선,한양대,12654,13325
2022-11-25,2호선,뚝섬,25075,26784
2022-11-25,2호선,성수,43739,47721
2022-11-25,2호선,건대입구,40600,43951
2022-11-25,2호선,구의,26469,25854
2022-11-25,2호선,강변,36859,36226
2022-11-25,2호선,잠실나루,16697,16078
2022-11-25,2호선,잠실,83868,84288
2022-11-25,2호선,잠실새내,25121,25653
2022-11-25,2호선,종합운동장,9192,9677
2022-11-25,2호선,삼성,67464,67681
2022-11-25,2호선,선릉,62606,55706
2022-11-25,2호선,역삼,56868,64356
2022-11-25,2호선,강남,90988,89390
2022-11-25,2호선,교대,38820,44446
2022-11-25,2호선,서초,24925,23273
2022-11-25,2호선,방배,20343,21094
2022-11-25,2호선,사당,45809,51557
2022-11-25,2호선,용답,3444,3477
2022-11-25,2호선,신답,1940,2110
2022-11-25,2호선,신설동,4101,3971
2022-11-25,2호선,도림천,1434,1527
2022-11-25,2호선,낙성대,31052,28891
2022-11-25,2호선,서울대입구,53090,50493
2022-11-25,2호선,봉천,26593,24066
2022-11-25,2호선,신림,63378,60700
2022-11-25,2호선,신대방,27717,26559
2022-11-25,2호선,구로디지털단지,64690,64243
2022-11-25,2호선,대림,25724,26299
2022-11-25,2호선,신도림,55477,54111
2022-11-25,2호선,문래,24097,24991
2022-11-25,2호선,영등포구청,23979,24725
2022-11-25,2호선,당산,20979,24741
2022-11-25,2호선,합정,36035,40248
2022-11-25,2호선,홍대입구,69938,78976
2022-11-25,2호선,신촌,42252,42914
2022-11-25,2호선,이대,18105,18936
2022-11-25,2호선,아현,12326,11299
2022-11-25,2호선,충정로,11156,11849
2022-11-25,2호선,양천구청,7738,8108
2022-11-25,2호선,신정네거리,11374,11755
2022-11-25,2호선,용두,2698,2677
2022-11-26,2호선,시청,15701,12384
2022-11-26,2호선,을지로입구,35240,33281
2022-11-26,2호선,을지로3가,14678,14647
2022-11-26,2호선,을지로4가,9549,10202
2022-11-26,2호선,동대문역사문화공원,12467,14433
2022-11-26,2호선,신당,12223,13230
2022-11-26,2호선,상왕십리,10949,10125
2022-11-26,2호선,왕십리,15809,14473
2022-11-26,2호선,한양대,13100,13631
2022-11-26,2호선,뚝섬,17987,17952
2022-11-26,2호선,성수,27491,30653
2022-11-26,2호선,건대입구,37919,41839
2022-11-26,2호선,구의,18537,17768
2022-11-26,2호선,강변,33119,32525
2022-11-26,2호선,잠실나루,9144,8674
2022-11-26,2호선,잠실,80222,78114
2022-11-26,2호선,잠실새내,19370,20188
2022-11-26,2호선,종합운동장,9250,10237
2022-11-26,2호선,삼성,48082,47106
2022-11-26,2호선,선릉,28242,24732
2022-11-26,2호선,역삼,20411,22281
2022-11-26,2호선,강남,62174,62902
2022-11-26,2호선,교대,20265,23108
2022-11-26,2호선,서초,13753,11477
2022-11-26,2호선,방배,11669,11910
2022-11-26,2호선,사당,39269,43692
2022-11-26,2호선,낙성대,23555,21547
2022-11-26,2호선,서울대입구,39667,37874
2022-11-26,2호선,봉천,18670,16797
2022-11-26,2호선,신림,50448,48451
2022-11-26,2호선,신대방,21206,19906
2022-11-26,2호선,구로디지털단지,38805,38478
2022-11-26,2호선,대림,19655,20688
2022-11-26,2호선,신도림,46537,47346
2022-11-26,2호선,문래,14986,16391
2022-11-26,2호선,영등포구청,14620,15512
2022-11-26,2호선,당산,14589,16463
2022-11-26,2호선,합정,32466,37284
2022-11-26,2호선,홍대입구,78448,88489
2022-11-26,2호선,신촌,37095,37889
2022-11-26,2호선,이대,15309,16093
2022-11-26,2호선,아현,9005,8255
2022-11-26,2호선,충정로,7348,7753
2022-11-26,2호선,용답,2379,2187
2022-11-26,2호선,신답,1143,1189
2022-11-26,2호선,신설동,4023,3722
2022-11-26,2호선,도림천,840,879
2022-11-26,2호선,양천구청,5262,5241
2022-11-26,2호선,신정네거리,7994,7980
2022-11-26,2호선,용두,2036,1860
2022-11-27,2호선,시청,8501,6524
2022-11-27,2호선,을지로입구,24363,22517
2022-11-27,2호선,을지로3가,10556,10486
2022-11-27,2호선,을지로4가,4852,4952
2022-11-27,2호선,동대문역사문화공원,9563,11674
2022-11-27,2호선,신당,8773,9314
2022-11-27,2호선,상왕십리,7434,7466
2022-11-27,2호선,왕십리,11338,10001
2022-11-27,2호선,한양대,14200,15240
2022-11-27,2호선,뚝섬,13142,12809
2022-11-27,2호선,성수,18917,20934
2022-11-27,2호선,건대입구,28819,29558
2022-11-27,2호선,구의,12385,12446
2022-11-27,2호선,강변,25384,25806
2022-11-27,2호선,잠실나루,5693,5801
2022-11-27,2호선,잠실,58247,54472
2022-11-27,2호선,잠실새내,13149,13376
2022-11-27,2호선,종합운동장,5894,6434
2022-11-27,2호선,삼성,25349,24459
2022-11-27,2호선,선릉,15251,12929
2022-11-27,2호선,역삼,12249,13340
2022-11-27,2호선,강남,35616,34378
2022-11-27,2호선,교대,11499,13009
2022-11-27,2호선,서초,13519,12440
2022-11-27,2호선,방배,7487,7847
2022-11-27,2호선,사당,25399,27994
2022-11-27,2호선,낙성대,16701,17590
2022-11-27,2호선,서울대입구,27782,28044
2022-11-27,2호선,봉천,12896,12631
2022-11-27,2호선,신림,37316,36425
2022-11-27,2호선,신대방,15834,15382
2022-11-27,2호선,구로디지털단지,26365,25692
2022-11-27,2호선,대림,16325,16858
2022-11-27,2호선,신도림,32152,32542
2022-11-27,2호선,문래,8740,9389
2022-11-27,2호선,영등포구청,9264,9509
2022-11-27,2호선,당산,9846,10604
2022-11-27,2호선,합정,23688,24862
2022-11-27,2호선,홍대입구,59512,59305
2022-11-27,2호선,신촌,25272,24880
2022-11-27,2호선,이대,10944,11754
2022-11-27,2호선,아현,5960,5825
2022-11-27,2호선,충정로,4553,5002
2022-11-27,2호선,용답,1782,1928
2022-11-27,2호선,신답,805,839
2022-11-27,2호선,신설동,3371,3412
2022-11-27,2호선,도림천,528,596
2022-11-27,2호선,양천구청,3856,3878
2022-11-27,2호선,신정네거리,5590,5663
2022-11-27,2호선,용두,1160,1085
2022-11-28,2호선,용두,2533,2567
2022-11-28,2호선,신정네거리,10733,11162
2022-11-28,2호선,양천구청,7301,7737
2022-11-28,2호선,도림천,1433,1523
2022-11-28,2호선,신설동,3654,3481
2022-11-28,2호선,신답,1799,2120
2022-11-28,2호선,충정로,10736,11525
2022-11-28,2호선,아현,11348,11192
2022-11-28,2호선,이대,17618,19452
2022-11-28,2호선,신촌,36323,37464
2022-11-28,2호선,홍대입구,54421,56932
2022-11-28,2호선,합정,29621,30955
2022-11-28,2호선,당산,18721,22166
2022-11-28,2호선,영등포구청,22056,23568
2022-11-28,2호선,문래,22830,23325
2022-11-28,2호선,신도림,49051,48069
2022-11-28,2호선,대림,24763,25320
2022-11-28,2호선,구로디지털단지,60632,60635
2022-11-28,2호선,신대방,25680,25198
2022-11-28,2호선,신림,57263,55511
2022-11-28,2호선,봉천,25120,23791
2022-11-28,2호선,서울대입구,47939,47648
2022-11-28,2호선,낙성대,28284,28247
2022-11-28,2호선,사당,38039,41569
2022-11-28,2호선,방배,19502,20121
2022-11-28,2호선,서초,23812,22738
2022-11-28,2호선,교대,35686,40320
2022-11-28,2호선,강남,79398,76476
2022-11-28,2호선,역삼,58624,63743
2022-11-28,2호선,선릉,62144,54724
2022-11-28,2호선,삼성,56619,56358
2022-11-28,2호선,종합운동장,7236,8448
2022-11-28,2호선,잠실새내,22803,23051
2022-11-28,2호선,잠실,71828,71072
2022-11-28,2호선,잠실나루,15939,15773
2022-11-28,2호선,강변,31143,29998
2022-11-28,2호선,구의,24892,24934
2022-11-28,2호선,건대입구,33904,36196
2022-11-28,2호선,성수,39950,42781
2022-11-28,2호선,뚝섬,21705,23110
2022-11-28,2호선,한양대,14506,15809
2022-11-28,2호선,왕십리,16626,14095
2022-11-28,2호선,상왕십리,15021,14926
2022-11-28,2호선,신당,14181,14494
2022-11-28,2호선,동대문역사문화공원,12068,13815
2022-11-28,2호선,을지로4가,14512,14392
2022-11-28,2호선,을지로3가,25301,24617
2022-11-28,2호선,을지로입구,47586,47314
2022-11-28,2호선,시청,26665,24990
2022-11-28,2호선,용답,3220,3428
2022-11-29,2호선,용두,2513,2551
2022-11-29,2호선,신정네거리,11731,11956
2022-11-29,2호선,양천구청,7607,8094
2022-11-29,2호선,도림천,1488,1547
2022-11-29,2호선,신설동,3519,3366
2022-11-29,2호선,신답,1871,2091
2022-11-29,2호선,용답,3276,3518
2022-11-29,2호선,충정로,11108,11865
2022-11-29,2호선,아현,11647,11182
2022-11-29,2호선,이대,17962,19632
2022-11-29,2호선,신촌,38719,38913
2022-11-29,2호선,홍대입구,59423,61063
2022-11-29,2호선,합정,31245,33208
2022-11-29,2호선,당산,19824,23671
2022-11-29,2호선,영등포구청,22883,24186
2022-11-29,2호선,문래,23617,24039
2022-11-29,2호선,신도림,51524,50615
2022-11-29,2호선,대림,24975,25488
2022-11-29,2호선,구로디지털단지,63771,63687
2022-11-29,2호선,신대방,26645,26181
2022-11-29,2호선,신림,59970,57594
2022-11-29,2호선,봉천,25785,24351
2022-11-29,2호선,서울대입구,50110,48632
2022-11-29,2호선,낙성대,28951,28843
2022-11-29,2호선,사당,41212,44688
2022-11-29,2호선,방배,20317,20950
2022-11-29,2호선,서초,24575,24021
2022-11-29,2호선,교대,37260,41963
2022-11-29,2호선,강남,83555,80083
2022-11-29,2호선,역삼,59988,66721
2022-11-29,2호선,선릉,63823,56826
2022-11-29,2호선,삼성,57934,58572
2022-11-29,2호선,종합운동장,7145,8285
2022-11-29,2호선,잠실새내,23226,22933
2022-11-29,2호선,잠실,79128,79025
2022-11-29,2호선,잠실나루,16286,16245
2022-11-29,2호선,강변,30938,29023
2022-11-29,2호선,구의,25913,25353
2022-11-29,2호선,건대입구,35548,37680
2022-11-29,2호선,성수,41537,45075
2022-11-29,2호선,뚝섬,22980,24751
2022-11-29,2호선,한양대,15094,16360
2022-11-29,2호선,왕십리,17716,14546
2022-11-29,2호선,상왕십리,15423,15078
2022-11-29,2호선,신당,14483,15243
2022-11-29,2호선,동대문역사문화공원,13376,15052
2022-11-29,2호선,을지로4가,14789,14902
2022-11-29,2호선,을지로3가,26092,25969
2022-11-29,2호선,을지로입구,49164,50449
2022-11-29,2호선,시청,28147,26798
2022-11-30,2호선,용두,2408,2356
2022-11-30,2호선,신정네거리,10771,10804
2022-11-30,2호선,양천구청,7198,7430
2022-11-30,2호선,도림천,1501,1589
2022-11-30,2호선,신설동,3681,3524
2022-11-30,2호선,신답,1736,1964
2022-11-30,2호선,용답,3118,3197
2022-11-30,2호선,충정로,10833,11864
2022-11-30,2호선,시청,27262,27052
2022-11-30,2호선,을지로입구,46660,50757
2022-11-30,2호선,을지로3가,25935,26197
2022-11-30,2호선,을지로4가,13864,14191
2022-11-30,2호선,동대문역사문화공원,12925,15757
2022-11-30,2호선,신당,14269,14673
2022-11-30,2호선,상왕십리,14939,14241
2022-11-30,2호선,왕십리,16950,14627
2022-11-30,2호선,한양대,14213,15319
2022-11-30,2호선,뚝섬,22306,24321
2022-11-30,2호선,성수,40426,43883
2022-11-30,2호선,건대입구,34522,36756
2022-11-30,2호선,구의,24809,24052
2022-11-30,2호선,강변,30956,28169
2022-11-30,2호선,잠실나루,15653,15073
2022-11-30,2호선,잠실,77705,77480
2022-11-30,2호선,잠실새내,22300,21428
2022-11-30,2호선,종합운동장,12172,13157
2022-11-30,2호선,삼성,55693,59460
2022-11-30,2호선,선릉,59660,55611
2022-11-30,2호선,역삼,52906,66404
2022-11-30,2호선,강남,72597,76810
2022-11-30,2호선,교대,36513,43090
2022-11-30,2호선,서초,23879,23319
2022-11-30,2호선,방배,18951,19508
2022-11-30,2호선,사당,39999,42917
2022-11-30,2호선,낙성대,28469,27012
2022-11-30,2호선,서울대입구,48238,45366
2022-11-30,2호선,봉천,24980,22556
2022-11-30,2호선,신림,58975,54903
2022-11-30,2호선,신대방,25958,24728
2022-11-30,2호선,구로디지털단지,60811,61376
2022-11-30,2호선,대림,24279,24647
2022-11-30,2호선,신도림,52744,52091
2022-11-30,2호선,문래,22688,23063
2022-11-30,2호선,영등포구청,22376,24130
2022-11-30,2호선,당산,18820,22677
2022-11-30,2호선,합정,31385,33479
2022-11-30,2호선,홍대입구,57812,60375
2022-11-30,2호선,아현,11206,10715
2022-11-30,2호선,신촌,37610,37854
2022-11-30,2호선,이대,17133,18643
2022-12-01,2호선,용두,2410,2435
2022-12-01,2호선,신정네거리,10708,11095
2022-12-01,2호선,양천구청,7162,7570
2022-12-01,2호선,도림천,1405,1509
2022-12-01,2호선,신설동,3574,3482
2022-12-01,2호선,신답,1783,1993
2022-12-01,2호선,용답,3131,3344
2022-12-01,2호선,충정로,10734,11566
2022-12-01,2호선,아현,11159,10575
2022-12-01,2호선,이대,17683,18933
2022-12-01,2호선,신촌,38204,38028
2022-12-01,2호선,홍대입구,59070,62679
2022-12-01,2호선,합정,31445,33002
2022-12-01,2호선,당산,19151,22680
2022-12-01,2호선,영등포구청,22728,23833
2022-12-01,2호선,문래,22578,23265
2022-12-01,2호선,대림,23953,24345
2022-12-01,2호선,구로디지털단지,61997,61289
2022-12-01,2호선,신대방,25729,25140
2022-12-01,2호선,신림,58749,56580
2022-12-01,2호선,봉천,24822,23115
2022-12-01,2호선,서울대입구,48597,46643
2022-12-01,2호선,낙성대,29197,28328
2022-12-01,2호선,사당,40102,44190
2022-12-01,2호선,방배,19612,20412
2022-12-01,2호선,서초,23951,22897
2022-12-01,2호선,교대,36094,40883
2022-12-01,2호선,강남,81369,78715
2022-12-01,2호선,역삼,58124,64780
2022-12-01,2호선,선릉,62077,55312
2022-12-01,2호선,삼성,61444,61750
2022-12-01,2호선,종합운동장,7740,8353
2022-12-01,2호선,잠실새내,22684,22460
2022-12-01,2호선,잠실,75721,76247
2022-12-01,2호선,잠실나루,14937,14597
2022-12-01,2호선,강변,30875,28361
2022-12-01,2호선,구의,24862,24328
2022-12-01,2호선,건대입구,34902,37424
2022-12-01,2호선,성수,40641,44108
2022-12-01,2호선,뚝섬,22409,24284
2022-12-01,2호선,한양대,14280,15466
2022-12-01,2호선,왕십리,17610,14936
2022-12-01,2호선,상왕십리,14834,14556
2022-12-01,2호선,신당,14126,14716
2022-12-01,2호선,동대문역사문화공원,13077,15151
2022-12-01,2호선,을지로4가,14300,14614
2022-12-01,2호선,을지로3가,25380,25500
2022-12-01,2호선,을지로입구,47819,49887
2022-12-01,2호선,시청,27517,26392
2022-12-01,2호선,신도림,50849,50091
2022-12-02,2호선,용두,2776,2652
2022-12-02,2호선,신정네거리,11292,11615
2022-12-02,2호선,양천구청,7451,7750
2022-12-02,2호선,도림천,1403,1512
2022-12-02,2호선,신설동,3942,3930
2022-12-02,2호선,신답,1841,1995
2022-12-02,2호선,용답,3285,3371
2022-12-02,2호선,충정로,10872,11645
2022-12-02,2호선,아현,11951,10979
2022-12-02,2호선,이대,18109,18638
2022-12-02,2호선,신촌,39900,41525
2022-12-02,2호선,홍대입구,65653,74125
2022-12-02,2호선,합정,34433,38469
2022-12-02,2호선,당산,20201,23867
2022-12-02,2호선,영등포구청,22994,24202
2022-12-02,2호선,문래,23552,24253
2022-12-02,2호선,신도림,53068,53158
2022-12-02,2호선,대림,25379,25693
2022-12-02,2호선,구로디지털단지,63798,63447
2022-12-02,2호선,신대방,26886,25746
2022-12-02,2호선,신림,62254,60081
2022-12-02,2호선,봉천,25926,23410
2022-12-02,2호선,서울대입구,51206,49024
2022-12-02,2호선,낙성대,30459,27800
2022-12-02,2호선,사당,45829,50143
2022-12-02,2호선,방배,19348,19755
2022-12-02,2호선,서초,24335,22479
2022-12-02,2호선,교대,37630,42801
2022-12-02,2호선,강남,87433,85915
2022-12-02,2호선,역삼,56319,63171
2022-12-02,2호선,선릉,62688,55127
2022-12-02,2호선,삼성,63574,63391
2022-12-02,2호선,종합운동장,12319,13516
2022-12-02,2호선,잠실새내,24491,25343
2022-12-02,2호선,잠실,81436,81843
2022-12-02,2호선,잠실나루,15544,14654
2022-12-02,2호선,강변,36699,34606
2022-12-02,2호선,구의,26159,25348
2022-12-02,2호선,건대입구,37978,42159
2022-12-02,2호선,성수,43107,47733
2022-12-02,2호선,뚝섬,24677,26303
2022-12-02,2호선,한양대,12536,13203
2022-12-02,2호선,왕십리,18808,16088
2022-12-02,2호선,상왕십리,15638,14892
2022-12-02,2호선,신당,15274,15754
2022-12-02,2호선,동대문역사문화공원,15182,16488
2022-12-02,2호선,을지로4가,15278,15211
2022-12-02,2호선,을지로3가,26479,27157
2022-12-02,2호선,을지로입구,51091,52273
2022-12-02,2호선,시청,28760,26832
2022-12-03,2호선,시청,14094,10985
2022-12-03,2호선,을지로입구,35378,33748
2022-12-03,2호선,을지로3가,14022,13805
2022-12-03,2호선,을지로4가,8731,9370
2022-12-03,2호선,동대문역사문화공원,11889,13509
2022-12-03,2호선,상왕십리,10337,9700
2022-12-03,2호선,왕십리,14620,13404
2022-12-03,2호선,한양대,6031,6356
2022-12-03,2호선,뚝섬,15682,15723
2022-12-03,2호선,성수,24434,27450
2022-12-03,2호선,건대입구,35093,38638
2022-12-03,2호선,구의,17815,17032
2022-12-03,2호선,강변,31431,30966
2022-12-03,2호선,잠실나루,8296,8049
2022-12-03,2호선,잠실,76307,74591
2022-12-03,2호선,잠실새내,18687,19124
2022-12-03,2호선,종합운동장,10424,11518
2022-12-03,2호선,삼성,39530,39275
2022-12-03,2호선,선릉,26869,23492
2022-12-03,2호선,역삼,19962,21788
2022-12-03,2호선,강남,60929,60698
2022-12-03,2호선,교대,18801,22002
2022-12-03,2호선,서초,13921,11955
2022-12-03,2호선,방배,12224,12701
2022-12-03,2호선,사당,38646,43386
2022-12-03,2호선,낙성대,22384,20761
2022-12-03,2호선,서울대입구,38207,36856
2022-12-03,2호선,봉천,18344,16595
2022-12-03,2호선,신림,49644,47198
2022-12-03,2호선,신대방,20750,19527
2022-12-03,2호선,구로디지털단지,37591,37204
2022-12-03,2호선,대림,18608,19631
2022-12-03,2호선,신도림,45718,47044
2022-12-03,2호선,문래,14235,15228
2022-12-03,2호선,영등포구청,14072,15156
2022-12-03,2호선,당산,13988,15414
2022-12-03,2호선,합정,32091,36141
2022-12-03,2호선,홍대입구,74179,82462
2022-12-03,2호선,신촌,34916,35470
2022-12-03,2호선,이대,12595,13177
2022-12-03,2호선,아현,8109,7554
2022-12-03,2호선,충정로,6735,6805
2022-12-03,2호선,용답,2300,2195
2022-12-03,2호선,신답,1147,1112
2022-12-03,2호선,신설동,3426,3385
2022-12-03,2호선,도림천,857,880
2022-12-03,2호선,양천구청,4746,4755
2022-12-03,2호선,신정네거리,7782,7758
2022-12-03,2호선,용두,1750,1709
2022-12-03,2호선,신당,11419,12228
2022-12-04,2호선,용두,1304,1239
2022-12-04,2호선,신정네거리,5546,5722
2022-12-04,2호선,양천구청,3418,3516
2022-12-04,2호선,도림천,487,546
2022-12-04,2호선,신설동,3223,3271
2022-12-04,2호선,신답,819,889
2022-12-04,2호선,용답,1859,1941
2022-12-04,2호선,충정로,4268,4589
2022-12-04,2호선,아현,5576,5618
2022-12-04,2호선,이대,8326,9300
2022-12-04,2호선,신촌,24345,24146
2022-12-04,2호선,홍대입구,56542,55513
2022-12-04,2호선,합정,24309,24571
2022-12-04,2호선,당산,9085,9768
2022-12-04,2호선,영등포구청,8969,9661
2022-12-04,2호선,문래,9064,9546
2022-12-04,2호선,신도림,31390,32053
2022-12-04,2호선,대림,15815,16103
2022-12-04,2호선,구로디지털단지,25856,25364
2022-12-04,2호선,신대방,15395,14968
2022-12-04,2호선,신림,36529,35352
2022-12-04,2호선,봉천,12793,12491
2022-12-04,2호선,서울대입구,26948,27516
2022-12-04,2호선,낙성대,16231,17297
2022-12-04,2호선,사당,24777,27217
2022-12-04,2호선,방배,7216,7546
2022-12-04,2호선,서초,14222,13255
2022-12-04,2호선,교대,10919,12117
2022-12-04,2호선,강남,34183,32736
2022-12-04,2호선,역삼,12085,12882
2022-12-04,2호선,선릉,14521,12409
2022-12-04,2호선,삼성,30610,29186
2022-12-04,2호선,종합운동장,5829,6690
2022-12-04,2호선,잠실새내,11835,12053
2022-12-04,2호선,잠실,56586,53147
2022-12-04,2호선,잠실나루,5393,5486
2022-12-04,2호선,강변,23633,24303
2022-12-04,2호선,구의,12056,12324
2022-12-04,2호선,건대입구,25489,26878
2022-12-04,2호선,성수,17409,18526
2022-12-04,2호선,뚝섬,10998,11122
2022-12-04,2호선,한양대,2870,3277
2022-12-04,2호선,왕십리,9917,9166
2022-12-04,2호선,상왕십리,7138,7108
2022-12-04,2호선,신당,8639,9158
2022-12-04,2호선,동대문역사문화공원,9813,11437
2022-12-04,2호선,을지로4가,4547,4672
2022-12-04,2호선,을지로3가,10125,9945
2022-12-04,2호선,을지로입구,24868,23382
2022-12-04,2호선,시청,8215,5888
2022-12-05,2호선,시청,26685,25806
2022-12-05,2호선,을지로입구,47911,49528
2022-12-05,2호선,을지로3가,25203,24996
2022-12-05,2호선,을지로4가,14549,14639
2022-12-05,2호선,동대문역사문화공원,13075,14648
2022-12-05,2호선,신당,14137,14464
2022-12-05,2호선,상왕십리,15088,14865
2022-12-05,2호선,왕십리,16758,14012
2022-12-05,2호선,한양대,14807,16226
2022-12-05,2호선,뚝섬,22376,24044
2022-12-05,2호선,성수,39635,42675
2022-12-05,2호선,건대입구,33834,36323
2022-12-05,2호선,구의,24945,24614
2022-12-05,2호선,강변,31506,29754
2022-12-05,2호선,잠실나루,15644,15102
2022-12-05,2호선,잠실,75818,75344
2022-12-05,2호선,잠실새내,22695,22458
2022-12-05,2호선,종합운동장,7336,8168
2022-12-05,2호선,삼성,56161,56852
2022-12-05,2호선,선릉,62024,55021
2022-12-05,2호선,역삼,58194,65452
2022-12-05,2호선,강남,81026,77629
2022-12-05,2호선,교대,35939,40845
2022-12-05,2호선,서초,23965,23234
2022-12-05,2호선,방배,19913,20528
2022-12-05,2호선,사당,38438,41986
2022-12-05,2호선,낙성대,28116,28143
2022-12-05,2호선,서울대입구,48205,47273
2022-12-05,2호선,봉천,25156,23841
2022-12-05,2호선,신림,57933,56032
2022-12-05,2호선,신대방,26012,25485
2022-12-05,2호선,구로디지털단지,61913,61678
2022-12-05,2호선,대림,24998,25286
2022-12-05,2호선,신도림,49509,48230
2022-12-05,2호선,문래,22917,23174
2022-12-05,2호선,영등포구청,23187,23872
2022-12-05,2호선,당산,18810,22384
2022-12-05,2호선,합정,29873,31501
2022-12-05,2호선,홍대입구,57334,59687
2022-12-05,2호선,신촌,36200,37295
2022-12-05,2호선,이대,17106,18962
2022-12-05,2호선,아현,10842,10575
2022-12-05,2호선,충정로,10715,11485
2022-12-05,2호선,용답,3119,3290
2022-12-05,2호선,신답,1820,2057
2022-12-05,2호선,신설동,3522,3649
2022-12-05,2호선,도림천,1460,1590
2022-12-05,2호선,양천구청,7323,7710
2022-12-05,2호선,신정네거리,10935,11300
2022-12-05,2호선,용두,2475,2478
2022-12-06,2호선,시청,27741,26806
2022-12-06,2호선,을지로입구,49415,51216
2022-12-06,2호선,을지로3가,25708,25991
2022-12-06,2호선,을지로4가,14887,14965
2022-12-06,2호선,동대문역사문화공원,13293,14878
2022-12-06,2호선,신당,14670,15021
2022-12-06,2호선,상왕십리,15304,15060
2022-12-06,2호선,왕십리,16927,14166
2022-12-06,2호선,한양대,15289,16370
2022-12-06,2호선,뚝섬,22667,24496
2022-12-06,2호선,성수,40906,44168
2022-12-06,2호선,건대입구,35207,37441
2022-12-06,2호선,구의,25391,24954
2022-12-06,2호선,강변,31020,28898
2022-12-06,2호선,잠실나루,15882,15734
2022-12-06,2호선,잠실,78178,78341
2022-12-06,2호선,잠실새내,23406,22979
2022-12-06,2호선,종합운동장,8258,9278
2022-12-06,2호선,삼성,57558,58466
2022-12-06,2호선,선릉,63495,56490
2022-12-06,2호선,역삼,60285,67978
2022-12-06,2호선,강남,82634,79125
2022-12-06,2호선,교대,36632,42446
2022-12-06,2호선,서초,24620,23756
2022-12-06,2호선,방배,20856,21705
2022-12-06,2호선,사당,41023,44414
2022-12-06,2호선,낙성대,28602,28721
2022-12-06,2호선,서울대입구,49383,48107
2022-12-06,2호선,봉천,25563,24043
2022-12-06,2호선,신림,59149,57020
2022-12-06,2호선,신대방,26149,25676
2022-12-06,2호선,구로디지털단지,63176,62852
2022-12-06,2호선,대림,24810,25292
2022-12-06,2호선,신도림,51370,50279
2022-12-06,2호선,문래,23225,23611
2022-12-06,2호선,영등포구청,23665,24093
2022-12-06,2호선,당산,19420,23001
2022-12-06,2호선,합정,31372,32962
2022-12-06,2호선,홍대입구,57865,59433
2022-12-06,2호선,신촌,38038,38210
2022-12-06,2호선,이대,17599,19297
2022-12-06,2호선,아현,11251,10899
2022-12-06,2호선,충정로,11034,11845
2022-12-06,2호선,용답,3181,3424
2022-12-06,2호선,신답,1841,1974
2022-12-06,2호선,신설동,3452,3467
2022-12-06,2호선,도림천,1426,1519
2022-12-06,2호선,양천구청,7594,7867
2022-12-06,2호선,신정네거리,11106,11658
2022-12-06,2호선,용두,2537,2510
2022-12-07,2호선,용답,3151,3361
2022-12-07,2호선,시청,27861,27172
2022-12-07,2호선,을지로입구,50784,52386
2022-12-07,2호선,을지로3가,26529,26717
2022-12-07,2호선,을지로4가,15297,15223
2022-12-07,2호선,동대문역사문화공원,13922,15817
2022-12-07,2호선,신당,15269,15790
2022-12-07,2호선,상왕십리,15774,15447
2022-12-07,2호선,왕십리,17365,14781
2022-12-07,2호선,한양대,14777,16173
2022-12-07,2호선,뚝섬,23067,25162
2022-12-07,2호선,성수,41771,45262
2022-12-07,2호선,건대입구,35776,38340
2022-12-07,2호선,구의,25855,25344
2022-12-07,2호선,강변,31177,28727
2022-12-07,2호선,잠실나루,16444,16175
2022-12-07,2호선,잠실,78937,79428
2022-12-07,2호선,잠실새내,23576,23173
2022-12-07,2호선,종합운동장,8602,9460
2022-12-07,2호선,삼성,61448,62286
2022-12-07,2호선,선릉,64374,57190
2022-12-07,2호선,역삼,59125,67377
2022-12-07,2호선,강남,83619,80040
2022-12-07,2호선,교대,37858,43381
2022-12-07,2호선,서초,25643,25175
2022-12-07,2호선,방배,21166,21905
2022-12-07,2호선,사당,42339,46495
2022-12-07,2호선,낙성대,29715,29085
2022-12-07,2호선,서울대입구,49725,48667
2022-12-07,2호선,봉천,26016,24097
2022-12-07,2호선,신림,60825,58605
2022-12-07,2호선,신대방,26870,26084
2022-12-07,2호선,구로디지털단지,64509,64379
2022-12-07,2호선,대림,25514,25852
2022-12-07,2호선,신도림,52508,51600
2022-12-07,2호선,문래,23904,24221
2022-12-07,2호선,영등포구청,24194,24873
2022-12-07,2호선,당산,20329,23933
2022-12-07,2호선,합정,32265,34517
2022-12-07,2호선,홍대입구,60478,63347
2022-12-07,2호선,신촌,38242,38895
2022-12-07,2호선,이대,17549,18868
2022-12-07,2호선,아현,11326,10735
2022-12-07,2호선,충정로,11305,11911
2022-12-07,2호선,신답,1896,2038
2022-12-07,2호선,신설동,3786,3705
2022-12-07,2호선,도림천,1507,1604
2022-12-07,2호선,양천구청,7640,7961
2022-12-07,2호선,신정네거리,11267,11673
2022-12-07,2호선,용두,2592,2648
2022-12-08,2호선,강남,86079,82864
2022-12-08,2호선,용두,2669,2683
2022-12-08,2호선,신정네거리,11409,11715
2022-12-08,2호선,양천구청,7760,8038
2022-12-08,2호선,도림천,1445,1529
2022-12-08,2호선,신설동,3691,3591
2022-12-08,2호선,신답,1928,2084
2022-12-08,2호선,용답,3116,3198
2022-12-08,2호선,충정로,11449,12246
2022-12-08,2호선,아현,11605,10943
2022-12-08,2호선,이대,17789,19034
2022-12-08,2호선,신촌,38432,39540
2022-12-08,2호선,홍대입구,62304,65514
2022-12-08,2호선,합정,33402,35705
2022-12-08,2호선,당산,20499,24181
2022-12-08,2호선,영등포구청,24197,25030
2022-12-08,2호선,문래,24244,24780
2022-12-08,2호선,신도림,53735,52666
2022-12-08,2호선,대림,25350,25704
2022-12-08,2호선,구로디지털단지,64828,64330
2022-12-08,2호선,신대방,27157,26393
2022-12-08,2호선,신림,61130,58463
2022-12-08,2호선,봉천,25962,24254
2022-12-08,2호선,서울대입구,51234,49467
2022-12-08,2호선,낙성대,29594,28548
2022-12-08,2호선,사당,44229,48631
2022-12-08,2호선,방배,20418,21327
2022-12-08,2호선,서초,24980,24356
2022-12-08,2호선,교대,38664,44480
2022-12-08,2호선,역삼,59636,68338
2022-12-08,2호선,선릉,65063,58250
2022-12-08,2호선,삼성,63448,64098
2022-12-08,2호선,종합운동장,12761,13902
2022-12-08,2호선,잠실새내,23870,23803
2022-12-08,2호선,잠실,81636,81110
2022-12-08,2호선,잠실나루,16353,15809
2022-12-08,2호선,강변,32155,29688
2022-12-08,2호선,구의,25965,25537
2022-12-08,2호선,건대입구,36305,38738
2022-12-08,2호선,성수,42237,46159
2022-12-08,2호선,뚝섬,23498,25357
2022-12-08,2호선,한양대,13930,15156
2022-12-08,2호선,왕십리,17865,15257
2022-12-08,2호선,상왕십리,15685,15211
2022-12-08,2호선,신당,15282,15849
2022-12-08,2호선,동대문역사문화공원,14304,16321
2022-12-08,2호선,을지로4가,15200,15607
2022-12-08,2호선,을지로3가,26760,27122
2022-12-08,2호선,을지로입구,51441,53079
2022-12-08,2호선,시청,28604,27569
2022-12-09,2호선,교대,39211,44909
2022-12-09,2호선,서초,25078,24091
2022-12-09,2호선,방배,19621,20385
2022-12-09,2호선,사당,47490,52689
2022-12-09,2호선,낙성대,30581,28534
2022-12-09,2호선,서울대입구,52530,50186
2022-12-09,2호선,봉천,26498,23914
2022-12-09,2호선,신림,63441,61266
2022-12-09,2호선,신대방,27692,26468
2022-12-09,2호선,구로디지털단지,65576,65285
2022-12-09,2호선,대림,26182,26701
2022-12-09,2호선,신도림,55428,55591
2022-12-09,2호선,문래,24082,25013
2022-12-09,2호선,영등포구청,24494,25390
2022-12-09,2호선,당산,20845,24492
2022-12-09,2호선,합정,35811,40269
2022-12-09,2호선,홍대입구,69556,78965
2022-12-09,2호선,신촌,39357,40623
2022-12-09,2호선,이대,17615,18722
2022-12-09,2호선,아현,12060,11236
2022-12-09,2호선,충정로,11275,12103
2022-12-09,2호선,용답,3178,3101
2022-12-09,2호선,신답,1908,2073
2022-12-09,2호선,신설동,4176,4112
2022-12-09,2호선,도림천,1433,1499
2022-12-09,2호선,양천구청,7891,8149
2022-12-09,2호선,신정네거리,11650,11956
2022-12-09,2호선,용두,2864,2772
2022-12-09,2호선,시청,27893,26959
2022-12-09,2호선,을지로입구,53036,54313
2022-12-09,2호선,을지로3가,27662,28738
2022-12-09,2호선,을지로4가,15567,16231
2022-12-09,2호선,동대문역사문화공원,14880,16537
2022-12-09,2호선,신당,15904,16534
2022-12-09,2호선,상왕십리,16078,15372
2022-12-09,2호선,왕십리,18906,16532
2022-12-09,2호선,한양대,12517,13468
2022-12-09,2호선,뚝섬,25776,27570
2022-12-09,2호선,성수,43740,47917
2022-12-09,2호선,건대입구,38764,43474
2022-12-09,2호선,구의,26966,25950
2022-12-09,2호선,강변,35555,33851
2022-12-09,2호선,잠실나루,16582,15685
2022-12-09,2호선,잠실,85409,85161
2022-12-09,2호선,잠실새내,25288,25809
2022-12-09,2호선,종합운동장,9043,9662
2022-12-09,2호선,삼성,64009,64284
2022-12-09,2호선,선릉,63225,56349
2022-12-09,2호선,역삼,56547,65026
2022-12-09,2호선,강남,90741,89844
2022-12-10,2호선,시청,15293,11700
2022-12-10,2호선,을지로입구,38059,35854
2022-12-10,2호선,을지로3가,15044,14645
2022-12-10,2호선,을지로4가,9725,10404
2022-12-10,2호선,동대문역사문화공원,12170,14133
2022-12-10,2호선,신당,12247,13474
2022-12-10,2호선,상왕십리,10828,10296
2022-12-10,2호선,왕십리,14517,13661
2022-12-10,2호선,한양대,5334,5684
2022-12-10,2호선,뚝섬,17418,17536
2022-12-10,2호선,성수,26178,29740
2022-12-10,2호선,건대입구,36101,40761
2022-12-10,2호선,구의,18813,18038
2022-12-10,2호선,강변,32655,31227
2022-12-10,2호선,잠실나루,8870,8402
2022-12-10,2호선,잠실,83473,80580
2022-12-10,2호선,잠실새내,19613,20392
2022-12-10,2호선,종합운동장,9677,10636
2022-12-10,2호선,삼성,39072,38674
2022-12-10,2호선,선릉,27993,24454
2022-12-10,2호선,역삼,21167,23582
2022-12-10,2호선,강남,62334,62517
2022-12-10,2호선,교대,20364,24081
2022-12-10,2호선,서초,14364,12289
2022-12-10,2호선,방배,12327,12704
2022-12-10,2호선,사당,43298,47979
2022-12-10,2호선,낙성대,23161,21308
2022-12-10,2호선,서울대입구,40748,39030
2022-12-10,2호선,봉천,19517,17578
2022-12-10,2호선,신림,51253,49196
2022-12-10,2호선,신대방,21699,20453
2022-12-10,2호선,구로디지털단지,40030,39280
2022-12-10,2호선,대림,19702,20710
2022-12-10,2호선,신도림,48541,49109
2022-12-10,2호선,문래,14800,15973
2022-12-10,2호선,영등포구청,15202,16142
2022-12-10,2호선,당산,14936,16351
2022-12-10,2호선,합정,33392,38404
2022-12-10,2호선,홍대입구,78039,88179
2022-12-10,2호선,신촌,33974,35274
2022-12-10,2호선,이대,12500,13052
2022-12-10,2호선,아현,8729,8131
2022-12-10,2호선,충정로,6944,7283
2022-12-10,2호선,용답,2286,2157
2022-12-10,2호선,신답,1189,1146
2022-12-10,2호선,신설동,3901,3830
2022-12-10,2호선,도림천,909,895
2022-12-10,2호선,양천구청,5594,5502
2022-12-10,2호선,신정네거리,8341,8228
2022-12-10,2호선,용두,1934,1895
2022-12-11,2호선,시청,8584,6345
2022-12-11,2호선,을지로입구,26419,24065
2022-12-11,2호선,을지로3가,11079,10690
2022-12-11,2호선,을지로4가,4913,5220
2022-12-11,2호선,동대문역사문화공원,10049,12138
2022-12-11,2호선,신당,9376,9967
2022-12-11,2호선,상왕십리,7400,7572
2022-12-11,2호선,왕십리,10160,9306
2022-12-11,2호선,한양대,2894,3331
2022-12-11,2호선,뚝섬,12920,12770
2022-12-11,2호선,성수,18160,19766
2022-12-11,2호선,건대입구,26182,27622
2022-12-11,2호선,구의,12588,12574
2022-12-11,2호선,강변,24644,24971
2022-12-11,2호선,잠실나루,6144,6028
2022-12-11,2호선,잠실,59042,55065
2022-12-11,2호선,잠실새내,12491,12617
2022-12-11,2호선,종합운동장,6185,6738
2022-12-11,2호선,삼성,29833,28444
2022-12-11,2호선,선릉,15369,12858
2022-12-11,2호선,역삼,12398,13557
2022-12-11,2호선,강남,36684,34644
2022-12-11,2호선,교대,11396,12962
2022-12-11,2호선,서초,13916,12762
2022-12-11,2호선,사당,27757,30012
2022-12-11,2호선,낙성대,16760,17125
2022-12-11,2호선,서울대입구,27829,28214
2022-12-11,2호선,봉천,13662,13230
2022-12-11,2호선,신림,37752,36695
2022-12-11,2호선,신대방,16552,16072
2022-12-11,2호선,구로디지털단지,27616,26791
2022-12-11,2호선,방배,7427,7986
2022-12-11,2호선,대림,16956,17333
2022-12-11,2호선,신도림,33657,33808
2022-12-11,2호선,문래,9361,10024
2022-12-11,2호선,영등포구청,9334,9554
2022-12-11,2호선,당산,9793,10651
2022-12-11,2호선,합정,24328,25168
2022-12-11,2호선,홍대입구,59926,58917
2022-12-11,2호선,신촌,23948,23225
2022-12-11,2호선,이대,8524,9401
2022-12-11,2호선,아현,5739,5706
2022-12-11,2호선,충정로,4479,4926
2022-12-11,2호선,용답,1842,1784
2022-12-11,2호선,신답,864,896
2022-12-11,2호선,신설동,3542,3504
2022-12-11,2호선,도림천,569,647
2022-12-11,2호선,양천구청,3544,3549
2022-12-11,2호선,신정네거리,5794,5936
2022-12-11,2호선,용두,1144,1170
2022-12-12,2호선,용두,2629,2583
2022-12-12,2호선,신정네거리,11193,11571
2022-12-12,2호선,양천구청,7493,7950
2022-12-12,2호선,도림천,1482,1617
2022-12-12,2호선,신설동,3824,3713
2022-12-12,2호선,신답,1811,2185
2022-12-12,2호선,용답,3164,3285
2022-12-12,2호선,충정로,10896,11520
2022-12-12,2호선,아현,10902,10653
2022-12-12,2호선,이대,16768,18475
2022-12-12,2호선,신촌,35898,36827
2022-12-12,2호선,홍대입구,57798,59421
2022-12-12,2호선,합정,30448,32048
2022-12-12,2호선,당산,18912,22269
2022-12-12,2호선,영등포구청,23487,24074
2022-12-12,2호선,문래,23231,23813
2022-12-12,2호선,신도림,50507,49001
2022-12-12,2호선,대림,24979,25201
2022-12-12,2호선,구로디지털단지,61890,61388
2022-12-12,2호선,신대방,25868,25372
2022-12-12,2호선,신림,58370,56383
2022-12-12,2호선,봉천,25450,23923
2022-12-12,2호선,서울대입구,47717,46879
2022-12-12,2호선,낙성대,27863,27892
2022-12-12,2호선,사당,40593,43441
2022-12-12,2호선,방배,20199,20917
2022-12-12,2호선,서초,23930,22859
2022-12-12,2호선,교대,36846,41795
2022-12-12,2호선,강남,83018,78768
2022-12-12,2호선,역삼,59563,65679
2022-12-12,2호선,선릉,62349,55418
2022-12-12,2호선,삼성,56759,56888
2022-12-12,2호선,종합운동장,7352,8597
2022-12-12,2호선,잠실새내,23460,23143
2022-12-12,2호선,잠실,78496,77584
2022-12-12,2호선,잠실나루,16084,15756
2022-12-12,2호선,강변,31955,30097
2022-12-12,2호선,구의,24806,24670
2022-12-12,2호선,건대입구,34193,36227
2022-12-12,2호선,성수,39942,42521
2022-12-12,2호선,뚝섬,22214,23677
2022-12-12,2호선,한양대,14098,15426
2022-12-12,2호선,왕십리,16337,13997
2022-12-12,2호선,상왕십리,15230,15049
2022-12-12,2호선,신당,14543,14931
2022-12-12,2호선,동대문역사문화공원,13242,15393
2022-12-12,2호선,을지로4가,15185,15097
2022-12-12,2호선,을지로3가,26150,26197
2022-12-12,2호선,을지로입구,48535,49569
2022-12-12,2호선,시청,27001,25183
2022-12-13,2호선,시청,29376,27286
2022-12-13,2호선,을지로입구,51608,52514
2022-12-13,2호선,을지로3가,27387,26942
2022-12-13,2호선,을지로4가,15365,15608
2022-12-13,2호선,동대문역사문화공원,14286,16044
2022-12-13,2호선,신당,15338,15801
2022-12-13,2호선,상왕십리,15901,15696
2022-12-13,2호선,왕십리,17400,14491
2022-12-13,2호선,한양대,14301,15258
2022-12-13,2호선,뚝섬,23979,25650
2022-12-13,2호선,성수,42799,45755
2022-12-13,2호선,건대입구,35576,38334
2022-12-13,2호선,구의,26645,26495
2022-12-13,2호선,강변,32657,29908
2022-12-13,2호선,잠실나루,16928,16690
2022-12-13,2호선,잠실,83919,82861
2022-12-13,2호선,잠실새내,24933,24972
2022-12-13,2호선,종합운동장,7615,8546
2022-12-13,2호선,삼성,61879,61136
2022-12-13,2호선,선릉,64967,57449
2022-12-13,2호선,역삼,63641,69836
2022-12-13,2호선,강남,87279,82833
2022-12-13,2호선,교대,39279,44429
2022-12-13,2호선,서초,25368,24368
2022-12-13,2호선,방배,21952,22784
2022-12-13,2호선,사당,43568,46849
2022-12-13,2호선,낙성대,29733,29446
2022-12-13,2호선,서울대입구,50605,49559
2022-12-13,2호선,봉천,26243,25245
2022-12-13,2호선,신림,61175,59243
2022-12-13,2호선,신대방,27026,26702
2022-12-13,2호선,구로디지털단지,65091,64505
2022-12-13,2호선,대림,25312,25978
2022-12-13,2호선,신도림,52683,51532
2022-12-13,2호선,문래,25115,25186
2022-12-13,2호선,영등포구청,24472,24891
2022-12-13,2호선,당산,20325,24115
2022-12-13,2호선,합정,32345,34272
2022-12-13,2호선,홍대입구,61976,63524
2022-12-13,2호선,신촌,38393,38844
2022-12-13,2호선,이대,17718,19078
2022-12-13,2호선,아현,11683,11380
2022-12-13,2호선,충정로,11160,12046
2022-12-13,2호선,용답,3120,3205
2022-12-13,2호선,신답,1892,2087
2022-12-13,2호선,신설동,3723,3652
2022-12-13,2호선,도림천,1455,1591
2022-12-13,2호선,양천구청,7663,8275
2022-12-13,2호선,신정네거리,11587,12217
2022-12-13,2호선,용두,2643,2794
2022-12-14,2호선,서초,24671,24096
2022-12-14,2호선,용두,2530,2525
2022-12-14,2호선,신정네거리,11110,11420
2022-12-14,2호선,양천구청,7325,7865
2022-12-14,2호선,도림천,1467,1629
2022-12-14,2호선,신설동,3564,3610
2022-12-14,2호선,신답,1786,2008
2022-12-14,2호선,용답,2934,2885
2022-12-14,2호선,충정로,10927,11737
2022-12-14,2호선,아현,11033,10637
2022-12-14,2호선,이대,16976,18091
2022-12-14,2호선,신촌,37101,37526
2022-12-14,2호선,홍대입구,61065,63516
2022-12-14,2호선,합정,32011,33753
2022-12-14,2호선,당산,19363,22966
2022-12-14,2호선,영등포구청,23610,24092
2022-12-14,2호선,문래,23661,24104
2022-12-14,2호선,신도림,52663,51699
2022-12-14,2호선,대림,24596,24794
2022-12-14,2호선,구로디지털단지,62422,62617
2022-12-14,2호선,신대방,26049,25534
2022-12-14,2호선,신림,60558,58344
2022-12-14,2호선,봉천,25304,23791
2022-12-14,2호선,서울대입구,49648,47519
2022-12-14,2호선,낙성대,29035,28178
2022-12-14,2호선,사당,42217,45942
2022-12-14,2호선,방배,20800,21559
2022-12-14,2호선,교대,37725,43047
2022-12-14,2호선,강남,84487,80771
2022-12-14,2호선,역삼,60659,68126
2022-12-14,2호선,선릉,63470,56534
2022-12-14,2호선,삼성,60732,61583
2022-12-14,2호선,종합운동장,8191,9199
2022-12-14,2호선,잠실새내,24015,23613
2022-12-14,2호선,잠실,84861,84899
2022-12-14,2호선,잠실나루,15906,15440
2022-12-14,2호선,강변,31054,28535
2022-12-14,2호선,구의,25585,25051
2022-12-14,2호선,건대입구,35463,37931
2022-12-14,2호선,성수,41553,45079
2022-12-14,2호선,뚝섬,23177,25168
2022-12-14,2호선,한양대,13126,14343
2022-12-14,2호선,왕십리,17209,14688
2022-12-14,2호선,상왕십리,15288,14908
2022-12-14,2호선,신당,14478,15138
2022-12-14,2호선,동대문역사문화공원,14241,16433
2022-12-14,2호선,을지로4가,14700,14613
2022-12-14,2호선,을지로3가,26455,26778
2022-12-14,2호선,을지로입구,50521,51467
2022-12-14,2호선,시청,27917,26482
2022-12-15,2호선,용두,2624,2633
2022-12-15,2호선,신정네거리,11254,11856
2022-12-15,2호선,양천구청,7695,8314
2022-12-15,2호선,도림천,1566,1698
2022-12-15,2호선,신설동,3954,3923
2022-12-15,2호선,신답,1843,2206
2022-12-15,2호선,용답,3193,3365
2022-12-15,2호선,충정로,11595,12330
2022-12-15,2호선,아현,11825,11381
2022-12-15,2호선,이대,16780,18226
2022-12-15,2호선,신촌,40041,40334
2022-12-15,2호선,홍대입구,63710,67152
2022-12-15,2호선,합정,33910,36405
2022-12-15,2호선,당산,19942,23601
2022-12-15,2호선,영등포구청,24849,25235
2022-12-15,2호선,문래,25160,25362
2022-12-15,2호선,신도림,55367,55936
2022-12-15,2호선,대림,24875,25237
2022-12-15,2호선,구로디지털단지,65062,65105
2022-12-15,2호선,신대방,26670,26184
2022-12-15,2호선,신림,61561,60035
2022-12-15,2호선,봉천,25791,24228
2022-12-15,2호선,서울대입구,49663,48817
2022-12-15,2호선,낙성대,29932,28994
2022-12-15,2호선,사당,44799,48542
2022-12-15,2호선,방배,21407,22277
2022-12-15,2호선,서초,26039,25027
2022-12-15,2호선,교대,39164,44597
2022-12-15,2호선,강남,88071,83672
2022-12-15,2호선,역삼,62930,69901
2022-12-15,2호선,선릉,66218,58292
2022-12-15,2호선,삼성,66391,65856
2022-12-15,2호선,종합운동장,8559,9562
2022-12-15,2호선,잠실새내,25013,25099
2022-12-15,2호선,잠실,86526,86382
2022-12-15,2호선,잠실나루,16876,16464
2022-12-15,2호선,강변,32133,29821
2022-12-15,2호선,구의,26721,26562
2022-12-15,2호선,건대입구,37513,39932
2022-12-15,2호선,성수,44424,47013
2022-12-15,2호선,뚝섬,24952,26198
2022-12-15,2호선,한양대,13673,14622
2022-12-15,2호선,왕십리,18371,15653
2022-12-15,2호선,상왕십리,15966,15772
2022-12-15,2호선,신당,15149,15829
2022-12-15,2호선,동대문역사문화공원,14715,17051
2022-12-15,2호선,을지로4가,15229,15189
2022-12-15,2호선,을지로3가,27616,27356
2022-12-15,2호선,을지로입구,52609,53122
2022-12-15,2호선,시청,30364,27483
2022-12-16,2호선,신림,64017,61947
2022-12-16,2호선,신대방,27163,25847
2022-12-16,2호선,구로디지털단지,65874,65611
2022-12-16,2호선,대림,25646,26364
2022-12-16,2호선,신도림,56526,56857
2022-12-16,2호선,문래,24672,25514
2022-12-16,2호선,영등포구청,24385,25290
2022-12-16,2호선,당산,20209,23924
2022-12-16,2호선,합정,37435,41892
2022-12-16,2호선,홍대입구,72345,81703
2022-12-16,2호선,신촌,41738,42569
2022-12-16,2호선,이대,17656,18329
2022-12-16,2호선,아현,11954,11135
2022-12-16,2호선,충정로,11012,11976
2022-12-16,2호선,용답,3246,3225
2022-12-16,2호선,신답,1871,1990
2022-12-16,2호선,신설동,4357,4252
2022-12-16,2호선,도림천,1498,1606
2022-12-16,2호선,양천구청,7994,8163
2022-12-16,2호선,신정네거리,11756,12055
2022-12-16,2호선,용두,2696,2697
2022-12-16,2호선,봉천,26290,23982
2022-12-16,2호선,서울대입구,53023,50116
2022-12-16,2호선,낙성대,31229,28772
2022-12-16,2호선,사당,48516,53693
2022-12-16,2호선,방배,20732,21437
2022-12-16,2호선,서초,25095,24045
2022-12-16,2호선,교대,39406,45895
2022-12-16,2호선,강남,93738,92254
2022-12-16,2호선,역삼,58527,65761
2022-12-16,2호선,선릉,62983,56532
2022-12-16,2호선,삼성,64592,64903
2022-12-16,2호선,종합운동장,12969,14883
2022-12-16,2호선,잠실새내,26688,27438
2022-12-16,2호선,잠실,94732,93866
2022-12-16,2호선,잠실나루,16482,15716
2022-12-16,2호선,강변,37202,35025
2022-12-16,2호선,구의,27152,26462
2022-12-16,2호선,건대입구,41980,46051
2022-12-16,2호선,성수,45117,49640
2022-12-16,2호선,뚝섬,26633,28530
2022-12-16,2호선,한양대,12597,13336
2022-12-16,2호선,왕십리,19654,17234
2022-12-16,2호선,상왕십리,16284,15609
2022-12-16,2호선,신당,15790,16381
2022-12-16,2호선,동대문역사문화공원,15757,17806
2022-12-16,2호선,을지로4가,15841,16360
2022-12-16,2호선,을지로3가,27647,27951
2022-12-16,2호선,을지로입구,53519,55059
2022-12-16,2호선,시청,29248,27498
2022-12-17,2호선,시청,19355,13578
2022-12-17,2호선,을지로입구,38384,37312
2022-12-17,2호선,을지로3가,15422,15584
2022-12-17,2호선,을지로4가,10053,10758
2022-12-17,2호선,동대문역사문화공원,13315,15487
2022-12-17,2호선,신당,12831,13738
2022-12-17,2호선,상왕십리,11060,10458
2022-12-17,2호선,왕십리,15829,14732
2022-12-17,2호선,한양대,5272,5730
2022-12-17,2호선,뚝섬,18189,18529
2022-12-17,2호선,성수,28410,31135
2022-12-17,2호선,건대입구,39298,43820
2022-12-17,2호선,구의,19597,18840
2022-12-17,2호선,강변,34237,33204
2022-12-17,2호선,잠실나루,8408,8203
2022-12-17,2호선,잠실,91194,88310
2022-12-17,2호선,잠실새내,21068,22189
2022-12-17,2호선,종합운동장,8086,8758
2022-12-17,2호선,삼성,42763,41722
2022-12-17,2호선,선릉,28644,25639
2022-12-17,2호선,역삼,22755,24591
2022-12-17,2호선,강남,67123,67304
2022-12-17,2호선,교대,20424,23841
2022-12-17,2호선,서초,14911,12592
2022-12-17,2호선,방배,11950,12449
2022-12-17,2호선,사당,44641,47459
2022-12-17,2호선,낙성대,23989,21846
2022-12-17,2호선,서울대입구,40948,39127
2022-12-17,2호선,봉천,19794,17920
2022-12-17,2호선,신림,53029,50582
2022-12-17,2호선,신대방,21726,20438
2022-12-17,2호선,구로디지털단지,40854,40127
2022-12-17,2호선,대림,19406,20335
2022-12-17,2호선,신도림,49519,50595
2022-12-17,2호선,문래,15049,16144
2022-12-17,2호선,영등포구청,15800,16668
2022-12-17,2호선,당산,14559,16246
2022-12-17,2호선,합정,34721,39220
2022-12-17,2호선,홍대입구,83018,92537
2022-12-17,2호선,신촌,38850,39858
2022-12-17,2호선,이대,13718,14305
2022-12-17,2호선,아현,8698,8224
2022-12-17,2호선,충정로,7319,7528
2022-12-17,2호선,용답,2321,2186
2022-12-17,2호선,신답,1135,1175
2022-12-17,2호선,신설동,3831,3703
2022-12-17,2호선,도림천,865,865
2022-12-17,2호선,양천구청,5154,5185
2022-12-17,2호선,신정네거리,8485,8628
2022-12-17,2호선,용두,1991,1921
2022-12-18,2호선,을지로4가,4956,4951
2022-12-18,2호선,동대문역사문화공원,10837,13207
2022-12-18,2호선,신당,8351,9052
2022-12-18,2호선,상왕십리,7381,7088
2022-12-18,2호선,왕십리,10351,9623
2022-12-18,2호선,한양대,2791,3317
2022-12-18,2호선,뚝섬,12833,12795
2022-12-18,2호선,을지로입구,25113,23841
2022-12-18,2호선,시청,8952,6764
2022-12-18,2호선,성수,18256,19635
2022-12-18,2호선,건대입구,27578,28674
2022-12-18,2호선,구의,12216,12238
2022-12-18,2호선,강변,24304,24245
2022-12-18,2호선,잠실나루,5316,5418
2022-12-18,2호선,잠실,62747,59103
2022-12-18,2호선,잠실새내,12575,13111
2022-12-18,2호선,종합운동장,6469,7014
2022-12-18,2호선,삼성,29656,28444
2022-12-18,2호선,선릉,15693,13251
2022-12-18,2호선,역삼,13053,13942
2022-12-18,2호선,강남,37047,35020
2022-12-18,2호선,교대,11299,12838
2022-12-18,2호선,서초,14049,12801
2022-12-18,2호선,방배,7261,7740
2022-12-18,2호선,사당,26385,28408
2022-12-18,2호선,낙성대,16434,16826
2022-12-18,2호선,서울대입구,27013,27707
2022-12-18,2호선,봉천,13344,12981
2022-12-18,2호선,신림,37348,36190
2022-12-18,2호선,신대방,15582,15359
2022-12-18,2호선,구로디지털단지,26293,26197
2022-12-18,2호선,대림,16188,16618
2022-12-18,2호선,신도림,31757,32366
2022-12-18,2호선,문래,8995,9427
2022-12-18,2호선,영등포구청,9806,10171
2022-12-18,2호선,당산,8473,9594
2022-12-18,2호선,합정,23358,24379
2022-12-18,2호선,홍대입구,59736,58790
2022-12-18,2호선,신촌,28025,26577
2022-12-18,2호선,이대,10012,10620
2022-12-18,2호선,아현,5534,5409
2022-12-18,2호선,충정로,4187,4487
2022-12-18,2호선,용답,1671,1698
2022-12-18,2호선,신답,753,815
2022-12-18,2호선,신설동,2914,2920
2022-12-18,2호선,도림천,456,537
2022-12-18,2호선,양천구청,3405,3463
2022-12-18,2호선,신정네거리,5364,5544
2022-12-18,2호선,용두,1189,1262
2022-12-18,2호선,을지로3가,10639,10442
2022-12-19,2호선,낙성대,28144,27728
2022-12-19,2호선,사당,39538,43097
2022-12-19,2호선,방배,17085,17613
2022-12-19,2호선,서초,22890,22240
2022-12-19,2호선,교대,35773,40670
2022-12-19,2호선,강남,83915,80623
2022-12-19,2호선,역삼,58078,64727
2022-12-19,2호선,선릉,61508,54534
2022-12-19,2호선,삼성,57380,57632
2022-12-19,2호선,종합운동장,7358,7986
2022-12-19,2호선,잠실새내,23095,22989
2022-12-19,2호선,잠실,81136,81219
2022-12-19,2호선,잠실나루,15271,15006
2022-12-19,2호선,강변,32240,30121
2022-12-19,2호선,구의,25214,24754
2022-12-19,2호선,건대입구,35636,38197
2022-12-19,2호선,성수,40882,43867
2022-12-19,2호선,뚝섬,22191,23856
2022-12-19,2호선,한양대,13274,14426
2022-12-19,2호선,왕십리,16800,14287
2022-12-19,2호선,상왕십리,14994,14870
2022-12-19,2호선,신당,14085,14463
2022-12-19,2호선,동대문역사문화공원,13585,15405
2022-12-19,2호선,을지로4가,14796,15000
2022-12-19,2호선,을지로3가,25848,25784
2022-12-19,2호선,을지로입구,49619,51615
2022-12-19,2호선,시청,26636,25878
2022-12-19,2호선,용두,2513,2504
2022-12-19,2호선,신정네거리,10714,11085
2022-12-19,2호선,양천구청,7166,7596
2022-12-19,2호선,도림천,1456,1598
2022-12-19,2호선,신설동,3497,3617
2022-12-19,2호선,신답,1708,2045
2022-12-19,2호선,용답,3054,3180
2022-12-19,2호선,충정로,10506,11143
2022-12-19,2호선,아현,10644,10207
2022-12-19,2호선,이대,15858,17320
2022-12-19,2호선,신촌,37664,37766
2022-12-19,2호선,홍대입구,61653,63654
2022-12-19,2호선,합정,31175,32628
2022-12-19,2호선,당산,18288,21363
2022-12-19,2호선,영등포구청,22923,23648
2022-12-19,2호선,문래,22630,23030
2022-12-19,2호선,신도림,49772,49330
2022-12-19,2호선,대림,24421,24648
2022-12-19,2호선,구로디지털단지,61393,60855
2022-12-19,2호선,신대방,25428,24841
2022-12-19,2호선,신림,57160,55141
2022-12-19,2호선,봉천,24755,23579
2022-12-19,2호선,서울대입구,46903,46374
2022-12-20,2호선,잠실나루,16376,15841
2022-12-20,2호선,시청,29158,27856
2022-12-20,2호선,을지로입구,53342,54586
2022-12-20,2호선,을지로3가,27049,27284
2022-12-20,2호선,을지로4가,15713,16089
2022-12-20,2호선,동대문역사문화공원,14509,16562
2022-12-20,2호선,신당,15262,15772
2022-12-20,2호선,상왕십리,15888,15486
2022-12-20,2호선,왕십리,18364,15603
2022-12-20,2호선,한양대,12692,13796
2022-12-20,2호선,뚝섬,24692,26484
2022-12-20,2호선,성수,44169,48118
2022-12-20,2호선,건대입구,37540,40014
2022-12-20,2호선,구의,26313,25922
2022-12-20,2호선,강변,33176,30293
2022-12-20,2호선,잠실,88822,88236
2022-12-20,2호선,잠실새내,24564,24273
2022-12-20,2호선,종합운동장,8371,8574
2022-12-20,2호선,삼성,62827,62748
2022-12-20,2호선,선릉,65754,58524
2022-12-20,2호선,역삼,61172,68908
2022-12-20,2호선,강남,89876,86168
2022-12-20,2호선,교대,38747,43829
2022-12-20,2호선,서초,24764,24123
2022-12-20,2호선,방배,17650,18609
2022-12-20,2호선,사당,43302,47283
2022-12-20,2호선,낙성대,29559,28854
2022-12-20,2호선,서울대입구,50431,49234
2022-12-20,2호선,봉천,26079,24391
2022-12-20,2호선,신림,60825,59129
2022-12-20,2호선,신대방,26508,25916
2022-12-20,2호선,구로디지털단지,64927,64712
2022-12-20,2호선,대림,25120,25609
2022-12-20,2호선,신도림,53085,52294
2022-12-20,2호선,문래,24234,24418
2022-12-20,2호선,영등포구청,24258,25001
2022-12-20,2호선,당산,19649,23303
2022-12-20,2호선,합정,33968,36119
2022-12-20,2호선,홍대입구,67560,70830
2022-12-20,2호선,신촌,39230,39522
2022-12-20,2호선,이대,15858,17102
2022-12-20,2호선,아현,11651,10987
2022-12-20,2호선,충정로,11300,11951
2022-12-20,2호선,용답,3225,3349
2022-12-20,2호선,신답,1919,2088
2022-12-20,2호선,신설동,3567,3843
2022-12-20,2호선,도림천,1480,1598
2022-12-20,2호선,양천구청,7520,7997
2022-12-20,2호선,신정네거리,11301,11643
2022-12-20,2호선,용두,2764,2741
2022-12-21,2호선,용두,2646,2711
2022-12-21,2호선,신정네거리,12198,12450
2022-12-21,2호선,양천구청,8167,8403
2022-12-21,2호선,도림천,1556,1726
2022-12-21,2호선,신설동,3870,3974
2022-12-21,2호선,신답,2002,2207
2022-12-21,2호선,용답,3275,3291
2022-12-21,2호선,충정로,11698,12467
2022-12-21,2호선,아현,11998,11340
2022-12-21,2호선,이대,16361,17546
2022-12-21,2호선,신촌,41058,42214
2022-12-21,2호선,홍대입구,68543,72697
2022-12-21,2호선,합정,34934,37649
2022-12-21,2호선,당산,20127,24075
2022-12-21,2호선,영등포구청,25233,25955
2022-12-21,2호선,문래,25389,25831
2022-12-21,2호선,신도림,55380,55110
2022-12-21,2호선,대림,25517,26246
2022-12-21,2호선,구로디지털단지,66512,66264
2022-12-21,2호선,신대방,26979,25984
2022-12-21,2호선,신림,62173,59984
2022-12-21,2호선,봉천,26116,24519
2022-12-21,2호선,서울대입구,50319,49628
2022-12-21,2호선,낙성대,30551,29277
2022-12-21,2호선,사당,43891,47969
2022-12-21,2호선,방배,18606,19270
2022-12-21,2호선,서초,25440,25164
2022-12-21,2호선,교대,40645,46360
2022-12-21,2호선,강남,91154,87972
2022-12-21,2호선,역삼,62347,71034
2022-12-21,2호선,선릉,66594,58992
2022-12-21,2호선,삼성,67930,68818
2022-12-21,2호선,종합운동장,9785,10066
2022-12-21,2호선,잠실새내,26478,25903
2022-12-21,2호선,잠실,91160,92312
2022-12-21,2호선,잠실나루,17537,17153
2022-12-21,2호선,강변,33846,31277
2022-12-21,2호선,구의,27358,26760
2022-12-21,2호선,건대입구,39307,41689
2022-12-21,2호선,성수,47143,51025
2022-12-21,2호선,뚝섬,26168,27952
2022-12-21,2호선,한양대,11799,13385
2022-12-21,2호선,왕십리,19581,16919
2022-12-21,2호선,상왕십리,16859,16167
2022-12-21,2호선,신당,16310,16910
2022-12-21,2호선,동대문역사문화공원,14647,16638
2022-12-21,2호선,을지로4가,16008,16583
2022-12-21,2호선,을지로3가,28448,28977
2022-12-21,2호선,을지로입구,54856,56626
2022-12-21,2호선,시청,30218,29368
2022-12-22,2호선,삼성,75630,73791
2022-12-22,2호선,종합운동장,8838,9436
2022-12-22,2호선,잠실새내,25285,25234
2022-12-22,2호선,잠실,92683,92661
2022-12-22,2호선,잠실나루,16473,16092
2022-12-22,2호선,강변,33038,30771
2022-12-22,2호선,구의,26786,26509
2022-12-22,2호선,건대입구,40576,42839
2022-12-22,2호선,성수,45726,49908
2022-12-22,2호선,뚝섬,25420,27289
2022-12-22,2호선,한양대,8973,9657
2022-12-22,2호선,왕십리,18841,16538
2022-12-22,2호선,상왕십리,16249,15472
2022-12-22,2호선,신당,15694,16549
2022-12-22,2호선,동대문역사문화공원,14661,16969
2022-12-22,2호선,을지로4가,15675,15967
2022-12-22,2호선,을지로3가,27802,28365
2022-12-22,2호선,을지로입구,55141,56519
2022-12-22,2호선,시청,30370,27976
2022-12-22,2호선,용두,2556,2587
2022-12-22,2호선,신정네거리,11167,11524
2022-12-22,2호선,양천구청,7484,7846
2022-12-22,2호선,도림천,1557,1723
2022-12-22,2호선,신설동,4051,3891
2022-12-22,2호선,신답,1886,2104
2022-12-22,2호선,용답,3097,3031
2022-12-22,2호선,충정로,11408,11972
2022-12-22,2호선,아현,11599,11123
2022-12-22,2호선,이대,15867,16498
2022-12-22,2호선,신촌,40962,41917
2022-12-22,2호선,홍대입구,71942,76454
2022-12-22,2호선,합정,35878,38982
2022-12-22,2호선,당산,19450,23088
2022-12-22,2호선,영등포구청,24264,24851
2022-12-22,2호선,문래,24168,24935
2022-12-22,2호선,신도림,54671,53661
2022-12-22,2호선,대림,25232,25336
2022-12-22,2호선,구로디지털단지,64899,64275
2022-12-22,2호선,신대방,26365,25840
2022-12-22,2호선,신림,61663,59182
2022-12-22,2호선,봉천,25944,24426
2022-12-22,2호선,서울대입구,50888,49556
2022-12-22,2호선,낙성대,30309,29228
2022-12-22,2호선,사당,47416,48218
2022-12-22,2호선,방배,18192,19190
2022-12-22,2호선,서초,25524,24608
2022-12-22,2호선,교대,39034,44393
2022-12-22,2호선,강남,92812,90005
2022-12-22,2호선,역삼,61480,67727
2022-12-22,2호선,선릉,65956,58637
2022-12-23,2호선,용두,2543,2498
2022-12-23,2호선,신정네거리,10680,11047
2022-12-23,2호선,양천구청,7030,7252
2022-12-23,2호선,도림천,1462,1499
2022-12-23,2호선,신설동,4446,4170
2022-12-23,2호선,신답,1727,1884
2022-12-23,2호선,용답,2921,2840
2022-12-23,2호선,충정로,10508,11139
2022-12-23,2호선,아현,11006,10343
2022-12-23,2호선,이대,15633,16345
2022-12-23,2호선,신촌,41475,42471
2022-12-23,2호선,홍대입구,74466,82599
2022-12-23,2호선,합정,35983,40454
2022-12-23,2호선,당산,18285,21447
2022-12-23,2호선,영등포구청,23132,23615
2022-12-23,2호선,문래,22833,23839
2022-12-23,2호선,신도림,52672,52555
2022-12-23,2호선,대림,23558,24144
2022-12-23,2호선,구로디지털단지,60686,60008
2022-12-23,2호선,신대방,25911,24577
2022-12-23,2호선,신림,61857,59183
2022-12-23,2호선,봉천,24861,22752
2022-12-23,2호선,서울대입구,51489,49175
2022-12-23,2호선,낙성대,30302,27901
2022-12-23,2호선,사당,42355,47574
2022-12-23,2호선,방배,17426,18202
2022-12-23,2호선,서초,23687,22224
2022-12-23,2호선,교대,36125,42038
2022-12-23,2호선,강남,89981,88721
2022-12-23,2호선,역삼,55143,59410
2022-12-23,2호선,선릉,60406,53097
2022-12-23,2호선,삼성,74730,71938
2022-12-23,2호선,종합운동장,14780,16620
2022-12-23,2호선,잠실새내,25111,26283
2022-12-23,2호선,잠실,93015,92289
2022-12-23,2호선,잠실나루,15071,14392
2022-12-23,2호선,강변,35177,33673
2022-12-23,2호선,구의,26109,25307
2022-12-23,2호선,건대입구,40205,44775
2022-12-23,2호선,성수,44542,48180
2022-12-23,2호선,뚝섬,24521,26169
2022-12-23,2호선,한양대,9708,10126
2022-12-23,2호선,왕십리,18729,16932
2022-12-23,2호선,상왕십리,15762,15134
2022-12-23,2호선,신당,15204,15974
2022-12-23,2호선,동대문역사문화공원,14414,16058
2022-12-23,2호선,을지로4가,15302,15886
2022-12-23,2호선,을지로3가,26639,28309
2022-12-23,2호선,을지로입구,54553,54446
2022-12-23,2호선,시청,28940,25907
2022-12-24,2호선,용두,1728,1630
2022-12-24,2호선,신정네거리,6957,7092
2022-12-24,2호선,양천구청,4170,4058
2022-12-24,2호선,도림천,714,720
2022-12-24,2호선,신설동,3493,3539
2022-12-24,2호선,신답,1053,995
2022-12-24,2호선,용답,2299,2042
2022-12-24,2호선,충정로,5690,5717
2022-12-24,2호선,아현,7574,6981
2022-12-24,2호선,이대,11292,11437
2022-12-24,2호선,신촌,34094,35149
2022-12-24,2호선,홍대입구,80425,91893
2022-12-24,2호선,합정,29048,34600
2022-12-24,2호선,당산,11510,12361
2022-12-24,2호선,영등포구청,12082,12528
2022-12-24,2호선,문래,11939,12835
2022-12-24,2호선,신도림,37035,37898
2022-12-24,2호선,대림,17265,18053
2022-12-24,2호선,구로디지털단지,35104,34871
2022-12-24,2호선,신대방,19420,18075
2022-12-24,2호선,신림,47901,46196
2022-12-24,2호선,봉천,17498,15686
2022-12-24,2호선,서울대입구,36712,35367
2022-12-24,2호선,낙성대,21158,18880
2022-12-24,2호선,사당,29811,32411
2022-12-24,2호선,방배,8952,9249
2022-12-24,2호선,서초,12933,10954
2022-12-24,2호선,교대,15623,17486
2022-12-24,2호선,강남,52596,52775
2022-12-24,2호선,역삼,17235,18240
2022-12-24,2호선,선릉,22836,19897
2022-12-24,2호선,삼성,49087,47025
2022-12-24,2호선,종합운동장,11777,14082
2022-12-24,2호선,잠실새내,19015,20060
2022-12-24,2호선,잠실,90148,87317
2022-12-24,2호선,잠실나루,7666,7191
2022-12-24,2호선,강변,28232,26685
2022-12-24,2호선,구의,17196,16479
2022-12-24,2호선,건대입구,35704,40416
2022-12-24,2호선,성수,26024,29389
2022-12-24,2호선,뚝섬,14778,14958
2022-12-24,2호선,한양대,3601,3512
2022-12-24,2호선,왕십리,13664,12531
2022-12-24,2호선,상왕십리,10299,9546
2022-12-24,2호선,신당,11137,11898
2022-12-24,2호선,동대문역사문화공원,12480,15107
2022-12-24,2호선,을지로4가,8784,9614
2022-12-24,2호선,을지로3가,14587,14150
2022-12-24,2호선,을지로입구,45552,40937
2022-12-24,2호선,시청,16479,11152
2022-12-25,2호선,시청,13799,8580
2022-12-25,2호선,을지로입구,40215,35249
2022-12-25,2호선,을지로3가,13813,13846
2022-12-25,2호선,을지로4가,5286,5905
2022-12-25,2호선,동대문역사문화공원,11311,14157
2022-12-25,2호선,신당,8511,9137
2022-12-25,2호선,상왕십리,7493,7438
2022-12-25,2호선,왕십리,11174,10462
2022-12-25,2호선,한양대,2387,2635
2022-12-25,2호선,뚝섬,12403,12288
2022-12-25,2호선,성수,23366,25501
2022-12-25,2호선,건대입구,33340,35181
2022-12-25,2호선,구의,12333,12322
2022-12-25,2호선,강변,24213,24058
2022-12-25,2호선,잠실나루,5290,5344
2022-12-25,2호선,잠실,80504,76681
2022-12-25,2호선,잠실새내,14794,15712
2022-12-25,2호선,종합운동장,11067,12962
2022-12-25,2호선,삼성,41699,39309
2022-12-25,2호선,선릉,13256,11070
2022-12-25,2호선,역삼,10797,11963
2022-12-25,2호선,강남,35990,35245
2022-12-25,2호선,교대,9943,10974
2022-12-25,2호선,서초,13963,12820
2022-12-25,2호선,방배,6717,7073
2022-12-25,2호선,사당,22343,25266
2022-12-25,2호선,낙성대,16069,16262
2022-12-25,2호선,서울대입구,27628,28286
2022-12-25,2호선,봉천,12857,12265
2022-12-25,2호선,신림,38625,37650
2022-12-25,2호선,신대방,15932,15234
2022-12-25,2호선,구로디지털단지,26439,26092
2022-12-25,2호선,대림,16305,16483
2022-12-25,2호선,신도림,27741,28261
2022-12-25,2호선,문래,7875,8367
2022-12-25,2호선,영등포구청,7112,7364
2022-12-25,2호선,당산,8777,9547
2022-12-25,2호선,합정,23387,25205
2022-12-25,2호선,홍대입구,78282,81194
2022-12-25,2호선,신촌,26937,26754
2022-12-25,2호선,이대,8527,8974
2022-12-25,2호선,아현,5467,5343
2022-12-25,2호선,충정로,3704,3950
2022-12-25,2호선,용답,1871,1864
2022-12-25,2호선,신답,796,849
2022-12-25,2호선,신설동,3315,3353
2022-12-25,2호선,도림천,435,461
2022-12-25,2호선,양천구청,3502,3519
2022-12-25,2호선,신정네거리,5643,5660
2022-12-25,2호선,용두,1194,1166
2022-12-26,2호선,선릉,59607,52588
2022-12-26,2호선,역삼,53262,59235
2022-12-26,2호선,강남,83556,80559
2022-12-26,2호선,교대,34527,39091
2022-12-26,2호선,서초,21647,20899
2022-12-26,2호선,방배,16221,16792
2022-12-26,2호선,사당,38025,42209
2022-12-26,2호선,낙성대,26964,26757
2022-12-26,2호선,서울대입구,47007,46337
2022-12-26,2호선,봉천,23871,22930
2022-12-26,2호선,신림,57151,54808
2022-12-26,2호선,신대방,25378,24745
2022-12-26,2호선,구로디지털단지,60104,60315
2022-12-26,2호선,대림,24018,24347
2022-12-26,2호선,신도림,48959,47688
2022-12-26,2호선,문래,22374,22706
2022-12-26,2호선,영등포구청,22642,23259
2022-12-26,2호선,당산,17884,20947
2022-12-26,2호선,합정,31191,33025
2022-12-26,2호선,홍대입구,66387,68312
2022-12-26,2호선,신촌,37179,38078
2022-12-26,2호선,이대,14336,15653
2022-12-26,2호선,아현,10589,10257
2022-12-26,2호선,충정로,10203,10700
2022-12-26,2호선,용답,2897,2839
2022-12-26,2호선,신답,1758,2066
2022-12-26,2호선,신설동,3501,3577
2022-12-26,2호선,도림천,1429,1506
2022-12-26,2호선,양천구청,6980,7349
2022-12-26,2호선,신정네거리,10565,10815
2022-12-26,2호선,용두,2473,2507
2022-12-26,2호선,시청,26639,25180
2022-12-26,2호선,을지로입구,49824,50081
2022-12-26,2호선,을지로3가,24819,25204
2022-12-26,2호선,을지로4가,15423,15774
2022-12-26,2호선,동대문역사문화공원,14362,16164
2022-12-26,2호선,신당,14523,14879
2022-12-26,2호선,상왕십리,14594,14304
2022-12-26,2호선,왕십리,17051,15169
2022-12-26,2호선,한양대,9193,10033
2022-12-26,2호선,뚝섬,22910,24046
2022-12-26,2호선,성수,41838,44722
2022-12-26,2호선,건대입구,36232,38415
2022-12-26,2호선,구의,24554,24413
2022-12-26,2호선,강변,32159,30749
2022-12-26,2호선,잠실나루,14887,14560
2022-12-26,2호선,잠실,82026,81866
2022-12-26,2호선,잠실새내,22876,22297
2022-12-26,2호선,종합운동장,7567,8691
2022-12-26,2호선,삼성,55825,55492
2022-12-27,2호선,방배,17040,17643
2022-12-27,2호선,시청,28949,27260
2022-12-27,2호선,을지로입구,52401,53423
2022-12-27,2호선,을지로3가,26264,26678
2022-12-27,2호선,을지로4가,16121,16609
2022-12-27,2호선,동대문역사문화공원,14841,16778
2022-12-27,2호선,신당,15146,15723
2022-12-27,2호선,상왕십리,15189,14838
2022-12-27,2호선,왕십리,17592,15554
2022-12-27,2호선,한양대,9308,10065
2022-12-27,2호선,뚝섬,24317,26132
2022-12-27,2호선,성수,45003,48399
2022-12-27,2호선,건대입구,37738,40420
2022-12-27,2호선,구의,25869,25466
2022-12-27,2호선,강변,32369,30077
2022-12-27,2호선,잠실나루,15209,14797
2022-12-27,2호선,잠실,86525,85445
2022-12-27,2호선,잠실새내,23930,23799
2022-12-27,2호선,종합운동장,8193,8890
2022-12-27,2호선,삼성,58745,58565
2022-12-27,2호선,선릉,63038,55955
2022-12-27,2호선,역삼,56475,63562
2022-12-27,2호선,강남,88608,85511
2022-12-27,2호선,교대,36853,41603
2022-12-27,2호선,서초,23499,22676
2022-12-27,2호선,용두,2573,2651
2022-12-27,2호선,신정네거리,11038,11362
2022-12-27,2호선,양천구청,7497,7724
2022-12-27,2호선,도림천,1452,1568
2022-12-27,2호선,신설동,3407,3478
2022-12-27,2호선,신답,1862,2081
2022-12-27,2호선,용답,2933,2858
2022-12-27,2호선,충정로,10533,11107
2022-12-27,2호선,아현,11026,10444
2022-12-27,2호선,이대,15358,16567
2022-12-27,2호선,신촌,38920,39531
2022-12-27,2호선,홍대입구,68991,72839
2022-12-27,2호선,합정,33921,36460
2022-12-27,2호선,당산,19281,22414
2022-12-27,2호선,영등포구청,23819,24623
2022-12-27,2호선,문래,24252,24591
2022-12-27,2호선,신도림,51731,50963
2022-12-27,2호선,대림,24680,24985
2022-12-27,2호선,구로디지털단지,63494,63119
2022-12-27,2호선,신대방,26022,25310
2022-12-27,2호선,신림,59300,57090
2022-12-27,2호선,봉천,25035,23611
2022-12-27,2호선,서울대입구,49231,48285
2022-12-27,2호선,낙성대,28541,27882
2022-12-27,2호선,사당,42083,46218
2022-12-28,2호선,용두,2719,2729
2022-12-28,2호선,신정네거리,11465,11891
2022-12-28,2호선,양천구청,7360,7730
2022-12-28,2호선,도림천,1467,1588
2022-12-28,2호선,신설동,3544,3644
2022-12-28,2호선,신답,1821,2048
2022-12-28,2호선,용답,2943,2896
2022-12-28,2호선,충정로,10553,11214
2022-12-28,2호선,아현,11073,10496
2022-12-28,2호선,이대,15128,16363
2022-12-28,2호선,신촌,39294,39866
2022-12-28,2호선,홍대입구,70902,74952
2022-12-28,2호선,합정,34438,37241
2022-12-28,2호선,당산,19449,22701
2022-12-28,2호선,영등포구청,23455,24427
2022-12-28,2호선,문래,23727,24349
2022-12-28,2호선,신도림,53550,52315
2022-12-28,2호선,대림,24509,25107
2022-12-28,2호선,구로디지털단지,62800,62918
2022-12-28,2호선,신대방,26422,25662
2022-12-28,2호선,신림,60019,57923
2022-12-28,2호선,봉천,25184,23795
2022-12-28,2호선,서울대입구,49899,48202
2022-12-28,2호선,낙성대,28983,28049
2022-12-28,2호선,사당,42759,46690
2022-12-28,2호선,방배,16931,17586
2022-12-28,2호선,서초,23195,22196
2022-12-28,2호선,교대,36171,41106
2022-12-28,2호선,강남,88892,85526
2022-12-28,2호선,역삼,55660,62562
2022-12-28,2호선,선릉,62371,55738
2022-12-28,2호선,삼성,59680,59679
2022-12-28,2호선,종합운동장,8699,9209
2022-12-28,2호선,잠실새내,24129,23813
2022-12-28,2호선,잠실,87877,87032
2022-12-28,2호선,잠실나루,15441,14908
2022-12-28,2호선,강변,32674,30525
2022-12-28,2호선,구의,26117,25722
2022-12-28,2호선,성수,44954,48895
2022-12-28,2호선,뚝섬,24672,26316
2022-12-28,2호선,한양대,9342,9989
2022-12-28,2호선,왕십리,17574,15557
2022-12-28,2호선,상왕십리,15317,14984
2022-12-28,2호선,신당,15450,15999
2022-12-28,2호선,동대문역사문화공원,14847,17199
2022-12-28,2호선,을지로4가,15803,16066
2022-12-28,2호선,을지로3가,26468,27262
2022-12-28,2호선,을지로입구,52091,53274
2022-12-28,2호선,시청,29346,27829
2022-12-28,2호선,건대입구,38938,41809
2022-12-29,2호선,이대,15283,16252
2022-12-29,2호선,아현,10961,10141
2022-12-29,2호선,충정로,10293,10621
2022-12-29,2호선,용답,2870,2802
2022-12-29,2호선,신답,1796,2001
2022-12-29,2호선,신설동,3497,3603
2022-12-29,2호선,도림천,1341,1445
2022-12-29,2호선,양천구청,7263,7576
2022-12-29,2호선,신정네거리,10701,11036
2022-12-29,2호선,용두,2561,2586
2022-12-29,2호선,시청,28087,26456
2022-12-29,2호선,을지로입구,51702,52842
2022-12-29,2호선,을지로3가,26724,27442
2022-12-29,2호선,을지로4가,15560,16253
2022-12-29,2호선,동대문역사문화공원,15158,17443
2022-12-29,2호선,신당,15042,15655
2022-12-29,2호선,상왕십리,14999,14302
2022-12-29,2호선,왕십리,17222,15294
2022-12-29,2호선,한양대,9053,9830
2022-12-29,2호선,뚝섬,24599,26408
2022-12-29,2호선,성수,44160,48348
2022-12-29,2호선,건대입구,41083,42806
2022-12-29,2호선,구의,25516,24987
2022-12-29,2호선,강변,31873,31271
2022-12-29,2호선,잠실나루,14864,14324
2022-12-29,2호선,잠실,88054,86376
2022-12-29,2호선,잠실새내,23765,23778
2022-12-29,2호선,종합운동장,8375,8718
2022-12-29,2호선,삼성,58489,58113
2022-12-29,2호선,선릉,60198,53443
2022-12-29,2호선,역삼,52963,59953
2022-12-29,2호선,강남,86670,84321
2022-12-29,2호선,교대,35012,39555
2022-12-29,2호선,서초,22144,21375
2022-12-29,2호선,방배,17078,17555
2022-12-29,2호선,사당,41645,45815
2022-12-29,2호선,낙성대,28530,27366
2022-12-29,2호선,서울대입구,49236,47456
2022-12-29,2호선,봉천,24627,22953
2022-12-29,2호선,신림,59783,56904
2022-12-29,2호선,신대방,25705,24851
2022-12-29,2호선,구로디지털단지,62330,61679
2022-12-29,2호선,대림,24346,24775
2022-12-29,2호선,신도림,51928,50798
2022-12-29,2호선,문래,23183,24113
2022-12-29,2호선,영등포구청,23025,23741
2022-12-29,2호선,당산,19188,22159
2022-12-29,2호선,합정,34792,37771
2022-12-29,2호선,홍대입구,72405,77545
2022-12-29,2호선,신촌,39358,40111
2022-12-30,2호선,용두,2676,2582
2022-12-30,2호선,신정네거리,10707,10964
2022-12-30,2호선,양천구청,6988,7276
2022-12-30,2호선,도림천,1370,1439
2022-12-30,2호선,신설동,3649,3564
2022-12-30,2호선,신답,1697,1806
2022-12-30,2호선,용답,2919,2776
2022-12-30,2호선,충정로,9642,10137
2022-12-30,2호선,아현,11025,10211
2022-12-30,2호선,이대,15671,15950
2022-12-30,2호선,신촌,41609,42157
2022-12-30,2호선,홍대입구,78557,86930
2022-12-30,2호선,합정,35340,40151
2022-12-30,2호선,당산,18217,21005
2022-12-30,2호선,영등포구청,21970,22632
2022-12-30,2호선,문래,22409,23322
2022-12-30,2호선,신도림,51823,51234
2022-12-30,2호선,대림,24440,25180
2022-12-30,2호선,구로디지털단지,58852,57865
2022-12-30,2호선,신대방,25784,24106
2022-12-30,2호선,신림,61387,57944
2022-12-30,2호선,봉천,24428,21982
2022-12-30,2호선,서울대입구,49956,46472
2022-12-30,2호선,낙성대,27941,25025
2022-12-30,2호선,사당,40262,44340
2022-12-30,2호선,방배,15526,15967
2022-12-30,2호선,서초,20229,18828
2022-12-30,2호선,교대,31965,36395
2022-12-30,2호선,강남,83723,83171
2022-12-30,2호선,역삼,44228,48814
2022-12-30,2호선,선릉,52250,46636
2022-12-30,2호선,삼성,54320,53637
2022-12-30,2호선,종합운동장,11701,12182
2022-12-30,2호선,잠실새내,23922,24718
2022-12-30,2호선,잠실,87390,86873
2022-12-30,2호선,잠실나루,14539,13790
2022-12-30,2호선,강변,33839,35588
2022-12-30,2호선,구의,25485,24292
2022-12-30,2호선,건대입구,40289,44332
2022-12-30,2호선,성수,40522,44529
2022-12-30,2호선,뚝섬,22987,24208
2022-12-30,2호선,한양대,8772,8894
2022-12-30,2호선,왕십리,17266,15535
2022-12-30,2호선,상왕십리,14428,13679
2022-12-30,2호선,신당,15379,15839
2022-12-30,2호선,동대문역사문화공원,15866,17405
2022-12-30,2호선,을지로4가,15226,16021
2022-12-30,2호선,을지로3가,25462,25982
2022-12-30,2호선,을지로입구,51718,51971
2022-12-30,2호선,시청,26269,24330
2022-12-31,2호선,시청,13701,9968
2022-12-31,2호선,을지로입구,35512,32644
2022-12-31,2호선,을지로3가,11900,11679
2022-12-31,2호선,을지로4가,8397,8674
2022-12-31,2호선,동대문역사문화공원,13607,15864
2022-12-31,2호선,신당,10585,11019
2022-12-31,2호선,상왕십리,8973,8004
2022-12-31,2호선,왕십리,11619,10928
2022-12-31,2호선,한양대,3023,2845
2022-12-31,2호선,뚝섬,12249,12369
2022-12-31,2호선,성수,20627,23212
2022-12-31,2호선,건대입구,31632,37540
2022-12-31,2호선,구의,15418,14455
2022-12-31,2호선,강변,23533,24706
2022-12-31,2호선,잠실나루,6880,6748
2022-12-31,2호선,잠실,70079,70016
2022-12-31,2호선,잠실새내,16477,17318
2022-12-31,2호선,종합운동장,9685,10198
2022-12-31,2호선,삼성,31635,31079
2022-12-31,2호선,선릉,19436,16901
2022-12-31,2호선,역삼,15271,16071
2022-12-31,2호선,강남,46282,47782
2022-12-31,2호선,교대,13841,15719
2022-12-31,2호선,서초,9832,8227
2022-12-31,2호선,방배,8245,8485
2022-12-31,2호선,사당,26659,29567
2022-12-31,2호선,낙성대,19258,16338
2022-12-31,2호선,서울대입구,33380,30080
2022-12-31,2호선,봉천,16353,14185
2022-12-31,2호선,신림,44447,41471
2022-12-31,2호선,신대방,18583,16712
2022-12-31,2호선,구로디지털단지,32056,31437
2022-12-31,2호선,대림,17643,18707
2022-12-31,2호선,신도림,33681,34085
2022-12-31,2호선,문래,9940,10654
2022-12-31,2호선,영등포구청,9728,9868
2022-12-31,2호선,당산,10240,10910
2022-12-31,2호선,합정,24273,28911
2022-12-31,2호선,홍대입구,67708,82213
2022-12-31,2호선,신촌,30253,30354
2022-12-31,2호선,이대,10101,9864
2022-12-31,2호선,아현,7361,6661
2022-12-31,2호선,충정로,4759,4597
2022-12-31,2호선,용답,2248,1942
2022-12-31,2호선,신설동,3033,2971
2022-12-31,2호선,도림천,712,709
2022-12-31,2호선,양천구청,4080,3923
2022-12-31,2호선,신정네거리,6652,6642
2022-12-31,2호선,용두,1748,1622
2022-12-31,2호선,신답,923,912
2022-01-01,3호선,수서,7370,7076
2022-01-01,3호선,학여울,461,473
2022-01-01,3호선,대청,3224,2903
2022-01-01,3호선,일원,3321,2803
2022-01-01,3호선,지축,1580,1532
2022-01-01,3호선,구파발,8761,9006
2022-01-01,3호선,연신내,16671,15993
2022-01-01,3호선,불광,7261,8298
2022-01-01,3호선,녹번,5319,4904
2022-01-01,3호선,홍제,7002,6640
2022-01-01,3호선,무악재,1416,1550
2022-01-01,3호선,독립문,3120,3377
2022-01-01,3호선,경복궁,7916,8217
2022-01-01,3호선,안국,6901,7218
2022-01-01,3호선,종로3가,3034,4181
2022-01-01,3호선,을지로3가,2345,2163
2022-01-01,3호선,동대입구,3319,3865
2022-01-01,3호선,약수,4669,4528
2022-01-01,3호선,금호,2920,2819
2022-01-01,3호선,옥수,3543,3641
2022-01-01,3호선,압구정,7726,7982
2022-01-01,3호선,신사,9269,9133
2022-01-01,3호선,잠원,1488,1587
2022-01-01,3호선,고속터미널,21392,21318
2022-01-01,3호선,교대,2419,1533
2022-01-01,3호선,남부터미널,8813,8988
2022-01-01,3호선,양재,8646,9105
2022-01-01,3호선,매봉,2829,2774
2022-01-01,3호선,도곡,1330,1263
2022-01-01,3호선,대치,4906,5067
2022-01-01,3호선,오금,1789,1782
2022-01-01,3호선,경찰병원,2071,2017
2022-01-01,3호선,가락시장,2769,2734
2022-01-02,3호선,오금,2220,2222
2022-01-02,3호선,경찰병원,2186,2420
2022-01-02,3호선,가락시장,3140,3412
2022-01-02,3호선,수서,9629,8463
2022-01-02,3호선,일원,2936,3181
2022-01-02,3호선,대청,3550,3577
2022-01-02,3호선,학여울,657,704
2022-01-02,3호선,대치,5248,4598
2022-01-02,3호선,도곡,1612,1769
2022-01-02,3호선,매봉,3436,3470
2022-01-02,3호선,양재,10604,12674
2022-01-02,3호선,남부터미널,12278,11483
2022-01-02,3호선,교대,3241,2139
2022-01-02,3호선,고속터미널,39814,30429
2022-01-02,3호선,잠원,1948,2075
2022-01-02,3호선,신사,11108,10958
2022-01-02,3호선,압구정,11469,12084
2022-01-02,3호선,옥수,3919,4299
2022-01-02,3호선,금호,3556,3472
2022-01-02,3호선,약수,5491,5522
2022-01-02,3호선,동대입구,4375,4970
2022-01-02,3호선,충무로,1,0
2022-01-02,3호선,을지로3가,2519,2382
2022-01-02,3호선,종로3가,3043,3936
2022-01-02,3호선,안국,7682,8406
2022-01-02,3호선,경복궁,8101,8467
2022-01-02,3호선,독립문,3143,3493
2022-01-02,3호선,무악재,1462,1663
2022-01-02,3호선,홍제,7597,7319
2022-01-02,3호선,녹번,6065,5509
2022-01-02,3호선,불광,8004,9452
2022-01-02,3호선,연신내,18040,17330
2022-01-02,3호선,구파발,9439,9582
2022-01-02,3호선,지축,1728,1656
2022-01-03,3호선,지축,4239,4229
2022-01-03,3호선,구파발,19344,18110
2022-01-03,3호선,연신내,33671,32141
2022-01-03,3호선,불광,14902,16011
2022-01-03,3호선,녹번,14572,13505
2022-01-03,3호선,홍제,15647,14989
2022-01-03,3호선,무악재,3678,3688
2022-01-03,3호선,독립문,5953,6082
2022-01-03,3호선,경복궁,16419,15972
2022-01-03,3호선,안국,18116,18408
2022-01-03,3호선,종로3가,8970,10182
2022-01-03,3호선,을지로3가,9984,10299
2022-01-03,3호선,동대입구,6386,6633
2022-01-03,3호선,약수,11727,11471
2022-01-03,3호선,금호,7360,7170
2022-01-03,3호선,옥수,8102,8512
2022-01-03,3호선,압구정,30696,32344
2022-01-03,3호선,신사,29336,30626
2022-01-03,3호선,잠원,4481,4348
2022-01-03,3호선,고속터미널,36229,32417
2022-01-03,3호선,교대,12547,8436
2022-01-03,3호선,남부터미널,27313,27445
2022-01-03,3호선,양재,36102,39356
2022-01-03,3호선,매봉,12152,11515
2022-01-03,3호선,도곡,5047,5159
2022-01-03,3호선,대치,10850,10899
2022-01-03,3호선,학여울,1636,1642
2022-01-03,3호선,대청,9616,8967
2022-01-03,3호선,일원,9448,9367
2022-01-03,3호선,수서,15959,16024
2022-01-03,3호선,가락시장,8321,8076
2022-01-03,3호선,경찰병원,7282,7317
2022-01-03,3호선,오금,6035,5392
2022-01-04,3호선,지축,4430,4380
2022-01-04,3호선,구파발,19761,18770
2022-01-04,3호선,연신내,34529,32971
2022-01-04,3호선,불광,15419,16307
2022-01-04,3호선,녹번,14996,13936
2022-01-04,3호선,홍제,16120,15273
2022-01-04,3호선,무악재,3850,3915
2022-01-04,3호선,독립문,6189,6407
2022-01-04,3호선,경복궁,17756,17304
2022-01-04,3호선,안국,18508,18906
2022-01-04,3호선,종로3가,9529,10847
2022-01-04,3호선,을지로3가,10394,10496
2022-01-04,3호선,충무로,1,0
2022-01-04,3호선,동대입구,6644,7006
2022-01-04,3호선,약수,12317,11983
2022-01-04,3호선,금호,7606,7250
2022-01-04,3호선,옥수,8301,8817
2022-01-04,3호선,압구정,32092,34065
2022-01-04,3호선,신사,30788,31986
2022-01-04,3호선,잠원,4653,4531
2022-01-04,3호선,고속터미널,35692,33353
2022-01-04,3호선,교대,13342,8797
2022-01-04,3호선,남부터미널,27816,28269
2022-01-04,3호선,양재,38106,40874
2022-01-04,3호선,매봉,12520,11954
2022-01-04,3호선,도곡,5222,5245
2022-01-04,3호선,대치,11432,11338
2022-01-04,3호선,학여울,1664,1764
2022-01-04,3호선,대청,9731,9242
2022-01-04,3호선,일원,9869,9655
2022-01-04,3호선,수서,15700,16119
2022-01-04,3호선,가락시장,8659,8588
2022-01-04,3호선,경찰병원,7324,7285
2022-01-04,3호선,오금,6178,5564
2022-01-05,3호선,지축,4448,4357
2022-01-05,3호선,구파발,19685,18774
2022-01-05,3호선,연신내,34944,33338
2022-01-05,3호선,불광,15412,16556
2022-01-05,3호선,녹번,15124,13844
2022-01-05,3호선,홍제,16300,15518
2022-01-05,3호선,무악재,3711,3770
2022-01-05,3호선,독립문,6160,6354
2022-01-05,3호선,경복궁,18369,17745
2022-01-05,3호선,안국,18790,19178
2022-01-05,3호선,종로3가,9964,11197
2022-01-05,3호선,을지로3가,10395,10601
2022-01-05,3호선,충무로,1,0
2022-01-05,3호선,동대입구,6676,6914
2022-01-05,3호선,약수,12313,11967
2022-01-05,3호선,금호,7601,7301
2022-01-05,3호선,옥수,8424,8781
2022-01-05,3호선,압구정,32478,34335
2022-01-05,3호선,신사,30479,31702
2022-01-05,3호선,잠원,4705,4693
2022-01-05,3호선,고속터미널,36547,34559
2022-01-05,3호선,교대,13423,8929
2022-01-05,3호선,남부터미널,27735,28321
2022-01-05,3호선,양재,38153,40985
2022-01-05,3호선,매봉,12512,11952
2022-01-05,3호선,도곡,5184,5307
2022-01-05,3호선,대치,11086,11105
2022-01-05,3호선,학여울,1662,1731
2022-01-05,3호선,대청,9830,9155
2022-01-05,3호선,일원,9838,9638
2022-01-05,3호선,수서,15578,15935
2022-01-05,3호선,가락시장,8693,8459
2022-01-05,3호선,경찰병원,7544,7585
2022-01-05,3호선,오금,6087,5366
2022-01-06,3호선,지축,4470,4324
2022-01-06,3호선,구파발,19903,18925
2022-01-06,3호선,연신내,34942,33309
2022-01-06,3호선,불광,15651,16747
2022-01-06,3호선,녹번,15192,13963
2022-01-06,3호선,홍제,16423,15658
2022-01-06,3호선,무악재,3743,3853
2022-01-06,3호선,독립문,6342,6450
2022-01-06,3호선,경복궁,18675,18368
2022-01-06,3호선,안국,18543,19211
2022-01-06,3호선,종로3가,9974,11284
2022-01-06,3호선,을지로3가,10514,10701
2022-01-06,3호선,동대입구,7116,7338
2022-01-06,3호선,약수,12450,12059
2022-01-06,3호선,금호,7756,7492
2022-01-06,3호선,옥수,8620,9031
2022-01-06,3호선,압구정,32248,34101
2022-01-06,3호선,신사,31647,32750
2022-01-06,3호선,잠원,4566,4469
2022-01-06,3호선,고속터미널,37030,35434
2022-01-06,3호선,교대,13835,9114
2022-01-06,3호선,남부터미널,27999,28525
2022-01-06,3호선,양재,38112,41435
2022-01-06,3호선,매봉,12738,12291
2022-01-06,3호선,도곡,5198,5325
2022-01-06,3호선,대치,11531,11403
2022-01-06,3호선,학여울,1754,1818
2022-01-06,3호선,대청,9964,9375
2022-01-06,3호선,일원,10293,10055
2022-01-06,3호선,수서,16288,16714
2022-01-06,3호선,가락시장,8922,8503
2022-01-06,3호선,경찰병원,7226,7419
2022-01-06,3호선,오금,6151,5569
2022-01-07,3호선,가락시장,9387,9096
2022-01-07,3호선,경복궁,19074,18615
2022-01-07,3호선,경찰병원,7511,7470
2022-01-07,3호선,고속터미널,42206,43483
2022-01-07,3호선,교대,14159,9179
2022-01-07,3호선,구파발,20015,18906
2022-01-07,3호선,금호,8099,7577
2022-01-07,3호선,남부터미널,30652,30817
2022-01-07,3호선,녹번,15367,13920
2022-01-07,3호선,대청,9847,9111
2022-01-07,3호선,대치,11811,11788
2022-01-07,3호선,도곡,5371,5450
2022-01-07,3호선,독립문,6565,6651
2022-01-07,3호선,동대입구,7153,7479
2022-01-07,3호선,매봉,12896,12260
2022-01-07,3호선,무악재,3857,3843
2022-01-07,3호선,불광,15761,17028
2022-01-07,3호선,수서,17979,18097
2022-01-07,3호선,신사,33826,35149
2022-01-07,3호선,안국,18847,19380
2022-01-07,3호선,압구정,35125,37298
2022-01-07,3호선,약수,12965,12444
2022-01-07,3호선,양재,40154,42237
2022-01-07,3호선,연신내,36026,34196
2022-01-07,3호선,오금,6263,5581
2022-01-07,3호선,옥수,9009,9302
2022-01-07,3호선,을지로3가,10482,10954
2022-01-07,3호선,일원,9887,9397
2022-01-07,3호선,잠원,4698,4566
2022-01-07,3호선,종로3가,10296,11907
2022-01-07,3호선,지축,4360,4197
2022-01-07,3호선,충무로,1,0
2022-01-07,3호선,학여울,1757,1768
2022-01-07,3호선,홍제,16792,16055
2022-01-08,3호선,녹번,9803,8544
2022-01-08,3호선,지축,2929,2840
2022-01-08,3호선,구파발,13854,13754
2022-01-08,3호선,연신내,26820,25471
2022-01-08,3호선,불광,11957,13323
2022-01-08,3호선,홍제,12055,11444
2022-01-08,3호선,무악재,2492,2575
2022-01-08,3호선,독립문,5083,5383
2022-01-08,3호선,경복궁,13627,14089
2022-01-08,3호선,안국,13133,14633
2022-01-08,3호선,종로3가,5607,7684
2022-01-08,3호선,을지로3가,4731,4880
2022-01-08,3호선,충무로,1,0
2022-01-08,3호선,동대입구,6877,7366
2022-01-08,3호선,약수,8464,7981
2022-01-08,3호선,금호,5400,4991
2022-01-08,3호선,옥수,6218,6444
2022-01-08,3호선,압구정,24711,25484
2022-01-08,3호선,신사,26065,26724
2022-01-08,3호선,잠원,3009,2862
2022-01-08,3호선,고속터미널,43388,43336
2022-01-08,3호선,교대,6247,3750
2022-01-08,3호선,남부터미널,18153,18159
2022-01-08,3호선,양재,19763,20996
2022-01-08,3호선,매봉,5589,5321
2022-01-08,3호선,도곡,3297,3180
2022-01-08,3호선,대치,9216,8229
2022-01-08,3호선,학여울,1064,994
2022-01-08,3호선,대청,5745,5252
2022-01-08,3호선,일원,5492,5496
2022-01-08,3호선,수서,12241,12373
2022-01-08,3호선,가락시장,5686,5406
2022-01-08,3호선,경찰병원,3702,3694
2022-01-08,3호선,오금,3515,3305
2022-01-09,3호선,지축,1892,1802
2022-01-09,3호선,구파발,9760,9964
2022-01-09,3호선,연신내,19331,18628
2022-01-09,3호선,불광,8789,9915
2022-01-09,3호선,녹번,6603,5989
2022-01-09,3호선,홍제,8143,7969
2022-01-09,3호선,무악재,1687,1770
2022-01-09,3호선,독립문,3490,3788
2022-01-09,3호선,경복궁,9803,9922
2022-01-09,3호선,안국,9019,9571
2022-01-09,3호선,종로3가,3612,4578
2022-01-09,3호선,을지로3가,3085,2812
2022-01-09,3호선,동대입구,5017,5428
2022-01-09,3호선,약수,6121,5787
2022-01-09,3호선,금호,3828,3653
2022-01-09,3호선,옥수,4279,4395
2022-01-09,3호선,압구정,12761,13013
2022-01-09,3호선,신사,13825,13662
2022-01-09,3호선,잠원,1877,1929
2022-01-09,3호선,고속터미널,34914,32930
2022-01-09,3호선,교대,3810,2497
2022-01-09,3호선,남부터미널,12426,12988
2022-01-09,3호선,양재,12417,14163
2022-01-09,3호선,매봉,3678,3711
2022-01-09,3호선,도곡,1773,1860
2022-01-09,3호선,대치,5616,4901
2022-01-09,3호선,학여울,850,890
2022-01-09,3호선,대청,3760,3656
2022-01-09,3호선,일원,3067,3179
2022-01-09,3호선,수서,9360,9102
2022-01-09,3호선,가락시장,3194,3465
2022-01-09,3호선,경찰병원,2427,2608
2022-01-09,3호선,오금,2389,2432
2022-01-10,3호선,충무로,1,0
2022-01-10,3호선,오금,6128,5472
2022-01-10,3호선,경찰병원,7425,7562
2022-01-10,3호선,가락시장,8878,8659
2022-01-10,3호선,수서,16372,17016
2022-01-10,3호선,일원,9804,9618
2022-01-10,3호선,대청,9733,9358
2022-01-10,3호선,학여울,1694,1736
2022-01-10,3호선,대치,11559,11336
2022-01-10,3호선,도곡,5216,5351
2022-01-10,3호선,매봉,12575,12067
2022-01-10,3호선,양재,38083,41211
2022-01-10,3호선,남부터미널,28230,28749
2022-01-10,3호선,교대,13937,9100
2022-01-10,3호선,고속터미널,36650,34476
2022-01-10,3호선,잠원,4591,4492
2022-01-10,3호선,신사,31412,32526
2022-01-10,3호선,압구정,31950,33776
2022-01-10,3호선,옥수,8245,8920
2022-01-10,3호선,금호,7655,7319
2022-01-10,3호선,약수,12167,12005
2022-01-10,3호선,동대입구,6678,6842
2022-01-10,3호선,을지로3가,10439,10565
2022-01-10,3호선,종로3가,10005,11436
2022-01-10,3호선,안국,18375,18721
2022-01-10,3호선,경복궁,17897,17542
2022-01-10,3호선,독립문,6256,6473
2022-01-10,3호선,무악재,3685,3870
2022-01-10,3호선,홍제,16232,15708
2022-01-10,3호선,녹번,14962,13855
2022-01-10,3호선,불광,15380,16450
2022-01-10,3호선,연신내,34816,33286
2022-01-10,3호선,구파발,20115,18891
2022-01-10,3호선,지축,4435,4330
2022-01-11,3호선,오금,6131,5525
2022-01-11,3호선,경찰병원,7560,7511
2022-01-11,3호선,가락시장,8901,8692
2022-01-11,3호선,수서,16420,16832
2022-01-11,3호선,대청,9805,9277
2022-01-11,3호선,학여울,1659,1690
2022-01-11,3호선,대치,11681,11836
2022-01-11,3호선,도곡,5260,5340
2022-01-11,3호선,매봉,12853,12432
2022-01-11,3호선,양재,39261,42362
2022-01-11,3호선,남부터미널,28780,29470
2022-01-11,3호선,교대,14448,9302
2022-01-11,3호선,고속터미널,36778,34875
2022-01-11,3호선,잠원,4600,4526
2022-01-11,3호선,신사,32493,33426
2022-01-11,3호선,압구정,33138,35149
2022-01-11,3호선,옥수,8480,8975
2022-01-11,3호선,금호,7638,7361
2022-01-11,3호선,약수,12440,12046
2022-01-11,3호선,동대입구,6835,7128
2022-01-11,3호선,충무로,1,0
2022-01-11,3호선,을지로3가,10892,10879
2022-01-11,3호선,종로3가,10302,11363
2022-01-11,3호선,안국,18988,19406
2022-01-11,3호선,경복궁,18586,17962
2022-01-11,3호선,독립문,6143,6349
2022-01-11,3호선,무악재,3757,3751
2022-01-11,3호선,홍제,16241,15774
2022-01-11,3호선,녹번,15143,14026
2022-01-11,3호선,불광,15380,16375
2022-01-11,3호선,연신내,34794,32918
2022-01-11,3호선,구파발,19929,18938
2022-01-11,3호선,지축,4338,4254
2022-01-11,3호선,일원,9841,9536
2022-01-12,3호선,지축,4246,4168
2022-01-12,3호선,구파발,19602,18643
2022-01-12,3호선,연신내,34175,32797
2022-01-12,3호선,불광,15241,16025
2022-01-12,3호선,녹번,15015,13818
2022-01-12,3호선,홍제,16038,15389
2022-01-12,3호선,무악재,3783,3805
2022-01-12,3호선,독립문,6100,6423
2022-01-12,3호선,경복궁,18524,18089
2022-01-12,3호선,안국,19174,19623
2022-01-12,3호선,종로3가,10047,11314
2022-01-12,3호선,을지로3가,10752,10942
2022-01-12,3호선,동대입구,7273,7584
2022-01-12,3호선,약수,12230,11926
2022-01-12,3호선,금호,7697,7370
2022-01-12,3호선,옥수,8402,8896
2022-01-12,3호선,압구정,32508,34545
2022-01-12,3호선,신사,31422,32147
2022-01-12,3호선,잠원,4474,4477
2022-01-12,3호선,고속터미널,36363,34880
2022-01-12,3호선,교대,14343,9268
2022-01-12,3호선,남부터미널,28486,28955
2022-01-12,3호선,양재,39110,41847
2022-01-12,3호선,매봉,12661,12097
2022-01-12,3호선,도곡,5264,5340
2022-01-12,3호선,대치,11164,11194
2022-01-12,3호선,학여울,1693,1780
2022-01-12,3호선,대청,9772,9217
2022-01-12,3호선,일원,9749,9533
2022-01-12,3호선,수서,16175,16474
2022-01-12,3호선,가락시장,8591,8440
2022-01-12,3호선,경찰병원,7513,7667
2022-01-12,3호선,오금,6064,5477
2022-01-13,3호선,잠원,4569,4461
2022-01-13,3호선,신사,32050,33023
2022-01-13,3호선,압구정,32035,34330
2022-01-13,3호선,옥수,8441,8825
2022-01-13,3호선,금호,7793,7377
2022-01-13,3호선,약수,12401,12102
2022-01-13,3호선,동대입구,6913,7249
2022-01-13,3호선,을지로3가,10665,10826
2022-01-13,3호선,종로3가,10215,11367
2022-01-13,3호선,안국,19156,19745
2022-01-13,3호선,경복궁,18953,18378
2022-01-13,3호선,독립문,6223,6437
2022-01-13,3호선,무악재,3760,3837
2022-01-13,3호선,홍제,16252,15720
2022-01-13,3호선,녹번,15197,13936
2022-01-13,3호선,불광,15284,16248
2022-01-13,3호선,연신내,34371,32721
2022-01-13,3호선,구파발,19701,18719
2022-01-13,3호선,지축,4159,4131
2022-01-13,3호선,오금,6132,5503
2022-01-13,3호선,경찰병원,7442,7426
2022-01-13,3호선,가락시장,8797,8623
2022-01-13,3호선,수서,16589,16890
2022-01-13,3호선,일원,9883,9613
2022-01-13,3호선,대청,9696,9033
2022-01-13,3호선,학여울,1701,1732
2022-01-13,3호선,대치,11442,11485
2022-01-13,3호선,도곡,5211,5422
2022-01-13,3호선,매봉,12966,12409
2022-01-13,3호선,양재,38961,42414
2022-01-13,3호선,남부터미널,28784,29298
2022-01-13,3호선,교대,14587,9390
2022-01-13,3호선,고속터미널,37660,36306
2022-01-14,3호선,지축,4217,4179
2022-01-14,3호선,구파발,20001,18855
2022-01-14,3호선,연신내,35360,33804
2022-01-14,3호선,불광,15615,16411
2022-01-14,3호선,녹번,15283,13864
2022-01-14,3호선,홍제,16720,16097
2022-01-14,3호선,무악재,3814,3815
2022-01-14,3호선,독립문,6428,6407
2022-01-14,3호선,경복궁,19021,18500
2022-01-14,3호선,안국,18983,19736
2022-01-14,3호선,종로3가,10345,11880
2022-01-14,3호선,을지로3가,10976,11099
2022-01-14,3호선,충무로,1,0
2022-01-14,3호선,동대입구,7108,7303
2022-01-14,3호선,약수,12802,12357
2022-01-14,3호선,금호,7987,7539
2022-01-14,3호선,옥수,8902,9178
2022-01-14,3호선,압구정,34764,37130
2022-01-14,3호선,신사,34064,35278
2022-01-14,3호선,잠원,4914,4696
2022-01-14,3호선,고속터미널,43375,44994
2022-01-14,3호선,교대,14581,9258
2022-01-14,3호선,남부터미널,30531,30889
2022-01-14,3호선,양재,40915,42808
2022-01-14,3호선,매봉,12804,12233
2022-01-14,3호선,도곡,5228,5408
2022-01-14,3호선,대치,12021,11893
2022-01-14,3호선,학여울,2809,2908
2022-01-14,3호선,대청,9710,9170
2022-01-14,3호선,일원,9929,9360
2022-01-14,3호선,수서,18106,18351
2022-01-14,3호선,가락시장,9243,9046
2022-01-14,3호선,경찰병원,7356,7442
2022-01-14,3호선,오금,6316,5448
2022-01-15,3호선,오금,3514,3217
2022-01-15,3호선,경찰병원,3741,3674
2022-01-15,3호선,가락시장,5913,5567
2022-01-15,3호선,수서,12457,12341
2022-01-15,3호선,일원,5260,5159
2022-01-15,3호선,대청,5718,5306
2022-01-15,3호선,학여울,2724,2230
2022-01-15,3호선,대치,9057,8089
2022-01-15,3호선,도곡,3167,3110
2022-01-15,3호선,매봉,5918,5708
2022-01-15,3호선,양재,20857,22192
2022-01-15,3호선,남부터미널,19606,19365
2022-01-15,3호선,교대,6413,3843
2022-01-15,3호선,고속터미널,44642,44580
2022-01-15,3호선,잠원,3171,3023
2022-01-15,3호선,신사,26405,26857
2022-01-15,3호선,압구정,24607,25694
2022-01-15,3호선,옥수,6230,6417
2022-01-15,3호선,금호,5611,5167
2022-01-15,3호선,약수,8420,7913
2022-01-15,3호선,동대입구,5877,6470
2022-01-15,3호선,충무로,1,0
2022-01-15,3호선,을지로3가,4766,5130
2022-01-15,3호선,종로3가,5727,7692
2022-01-15,3호선,안국,13542,15067
2022-01-15,3호선,경복궁,13608,14005
2022-01-15,3호선,독립문,5022,5244
2022-01-15,3호선,무악재,2519,2596
2022-01-15,3호선,홍제,12108,11426
2022-01-15,3호선,녹번,9627,8563
2022-01-15,3호선,불광,11890,13216
2022-01-15,3호선,연신내,27329,26090
2022-01-15,3호선,구파발,13360,13487
2022-01-15,3호선,지축,2770,2693
2022-01-16,3호선,지축,1962,1876
2022-01-16,3호선,구파발,10103,10215
2022-01-16,3호선,연신내,19348,18417
2022-01-16,3호선,불광,8956,10245
2022-01-16,3호선,녹번,6804,6089
2022-01-16,3호선,홍제,8379,8093
2022-01-16,3호선,무악재,1657,1852
2022-01-16,3호선,독립문,3586,4000
2022-01-16,3호선,경복궁,10255,10288
2022-01-16,3호선,안국,10047,10583
2022-01-16,3호선,종로3가,3643,4792
2022-01-16,3호선,을지로3가,3085,2919
2022-01-16,3호선,동대입구,4133,4483
2022-01-16,3호선,약수,6182,5949
2022-01-16,3호선,금호,3948,3764
2022-01-16,3호선,옥수,4285,4732
2022-01-16,3호선,압구정,13200,13575
2022-01-16,3호선,신사,14404,14289
2022-01-16,3호선,잠원,1919,1969
2022-01-16,3호선,고속터미널,36869,35095
2022-01-16,3호선,교대,3981,2437
2022-01-16,3호선,남부터미널,12275,13044
2022-01-16,3호선,양재,13819,15634
2022-01-16,3호선,매봉,3805,3844
2022-01-16,3호선,도곡,1806,1915
2022-01-16,3호선,대치,5751,5144
2022-01-16,3호선,학여울,1796,1882
2022-01-16,3호선,대청,3834,3889
2022-01-16,3호선,일원,2979,3070
2022-01-16,3호선,수서,9819,9719
2022-01-16,3호선,가락시장,3489,3707
2022-01-16,3호선,경찰병원,2464,2644
2022-01-16,3호선,오금,2498,2439
2022-01-17,3호선,지축,4295,4304
2022-01-17,3호선,구파발,19901,18791
2022-01-17,3호선,연신내,34538,33402
2022-01-17,3호선,불광,15364,16549
2022-01-17,3호선,녹번,15031,13926
2022-01-17,3호선,홍제,16506,16114
2022-01-17,3호선,무악재,3767,3865
2022-01-17,3호선,독립문,6342,6433
2022-01-17,3호선,경복궁,18213,17784
2022-01-17,3호선,안국,19135,19281
2022-01-17,3호선,종로3가,10242,11330
2022-01-17,3호선,을지로3가,10730,10772
2022-01-17,3호선,충무로,1,0
2022-01-17,3호선,동대입구,6776,7029
2022-01-17,3호선,약수,12374,12114
2022-01-17,3호선,금호,7668,7485
2022-01-17,3호선,옥수,8284,8950
2022-01-17,3호선,압구정,32619,34318
2022-01-17,3호선,신사,32298,32863
2022-01-17,3호선,잠원,4588,4666
2022-01-17,3호선,고속터미널,36629,34942
2022-01-17,3호선,교대,14311,9203
2022-01-17,3호선,남부터미널,28977,28987
2022-01-17,3호선,양재,38853,41474
2022-01-17,3호선,매봉,12783,12151
2022-01-17,3호선,도곡,5377,5491
2022-01-17,3호선,대치,11597,11644
2022-01-17,3호선,학여울,1716,1743
2022-01-17,3호선,대청,9865,9367
2022-01-17,3호선,일원,9877,9740
2022-01-17,3호선,수서,16582,17264
2022-01-17,3호선,가락시장,8921,8585
2022-01-17,3호선,경찰병원,7634,7723
2022-01-17,3호선,오금,6219,5575
2022-01-18,3호선,오금,6323,5575
2022-01-18,3호선,경찰병원,7601,7641
2022-01-18,3호선,가락시장,9218,8936
2022-01-18,3호선,수서,16693,17083
2022-01-18,3호선,일원,10181,9827
2022-01-18,3호선,대청,9900,9223
2022-01-18,3호선,학여울,1773,1825
2022-01-18,3호선,대치,11970,11824
2022-01-18,3호선,도곡,5383,5394
2022-01-18,3호선,매봉,12939,12542
2022-01-18,3호선,양재,39728,43028
2022-01-18,3호선,남부터미널,29227,29974
2022-01-18,3호선,교대,14714,9545
2022-01-18,3호선,고속터미널,37143,35608
2022-01-18,3호선,잠원,4751,4668
2022-01-18,3호선,신사,32380,33445
2022-01-18,3호선,압구정,33278,35316
2022-01-18,3호선,옥수,8727,9176
2022-01-18,3호선,금호,7986,7547
2022-01-18,3호선,약수,12544,12164
2022-01-18,3호선,동대입구,6877,7194
2022-01-18,3호선,을지로3가,10799,10936
2022-01-18,3호선,종로3가,10324,11416
2022-01-18,3호선,안국,19326,19811
2022-01-18,3호선,경복궁,18688,18316
2022-01-18,3호선,독립문,6527,6694
2022-01-18,3호선,무악재,3864,3991
2022-01-18,3호선,홍제,16574,15904
2022-01-18,3호선,녹번,15193,13951
2022-01-18,3호선,불광,15545,16224
2022-01-18,3호선,연신내,34840,33245
2022-01-18,3호선,구파발,20127,18929
2022-01-18,3호선,지축,4360,4266
2022-01-19,3호선,오금,6505,5811
2022-01-19,3호선,경찰병원,8024,7988
2022-01-19,3호선,가락시장,9441,9267
2022-01-19,3호선,수서,17522,17945
2022-01-19,3호선,일원,10916,10585
2022-01-19,3호선,대청,10239,9618
2022-01-19,3호선,학여울,1855,1975
2022-01-19,3호선,대치,12009,12239
2022-01-19,3호선,도곡,5682,5876
2022-01-19,3호선,매봉,13669,12932
2022-01-19,3호선,양재,41513,43857
2022-01-19,3호선,남부터미널,30380,30477
2022-01-19,3호선,교대,15279,9748
2022-01-19,3호선,고속터미널,38580,36275
2022-01-19,3호선,잠원,4903,4924
2022-01-19,3호선,신사,32892,33559
2022-01-19,3호선,압구정,34307,36423
2022-01-19,3호선,옥수,9109,9553
2022-01-19,3호선,금호,8198,7972
2022-01-19,3호선,약수,12985,12748
2022-01-19,3호선,동대입구,7275,7479
2022-01-19,3호선,을지로3가,11385,11277
2022-01-19,3호선,종로3가,10550,11623
2022-01-19,3호선,안국,20911,20965
2022-01-19,3호선,경복궁,20283,19528
2022-01-19,3호선,독립문,6557,6847
2022-01-19,3호선,무악재,3988,4075
2022-01-19,3호선,홍제,16944,16277
2022-01-19,3호선,녹번,15547,14369
2022-01-19,3호선,불광,15620,16911
2022-01-19,3호선,연신내,34895,33729
2022-01-19,3호선,구파발,20744,19725
2022-01-19,3호선,지축,4460,4442
2022-01-20,3호선,고속터미널,38949,37151
2022-01-20,3호선,교대,15091,9810
2022-01-20,3호선,남부터미널,29308,30016
2022-01-20,3호선,양재,40433,43689
2022-01-20,3호선,매봉,13113,12488
2022-01-20,3호선,도곡,5198,5406
2022-01-20,3호선,대치,11950,11914
2022-01-20,3호선,학여울,1765,1872
2022-01-20,3호선,대청,10183,9509
2022-01-20,3호선,일원,10404,10271
2022-01-20,3호선,수서,16924,17555
2022-01-20,3호선,가락시장,9369,9111
2022-01-20,3호선,경찰병원,7486,7557
2022-01-20,3호선,오금,6363,5621
2022-01-20,3호선,안국,20494,20977
2022-01-20,3호선,경복궁,19273,19199
2022-01-20,3호선,독립문,6733,6774
2022-01-20,3호선,무악재,3923,3922
2022-01-20,3호선,홍제,16671,15925
2022-01-20,3호선,녹번,15370,14071
2022-01-20,3호선,불광,15932,16764
2022-01-20,3호선,연신내,35346,33545
2022-01-20,3호선,구파발,20418,19414
2022-01-20,3호선,지축,4544,4285
2022-01-20,3호선,종로3가,10234,11636
2022-01-20,3호선,을지로3가,10909,11230
2022-01-20,3호선,충무로,1,0
2022-01-20,3호선,동대입구,8124,8411
2022-01-20,3호선,약수,12679,12236
2022-01-20,3호선,금호,7911,7485
2022-01-20,3호선,옥수,8741,9205
2022-01-20,3호선,압구정,32976,34777
2022-01-20,3호선,신사,32416,33822
2022-01-20,3호선,잠원,4703,4556
2022-01-21,3호선,녹번,15586,14305
2022-01-21,3호선,오금,6400,5611
2022-01-21,3호선,경찰병원,7643,7704
2022-01-21,3호선,가락시장,9758,9466
2022-01-21,3호선,수서,18504,18789
2022-01-21,3호선,일원,10041,9469
2022-01-21,3호선,대청,10151,9524
2022-01-21,3호선,학여울,1830,1828
2022-01-21,3호선,대치,12363,12197
2022-01-21,3호선,도곡,5478,5485
2022-01-21,3호선,매봉,12967,12363
2022-01-21,3호선,양재,41083,43387
2022-01-21,3호선,남부터미널,31200,31100
2022-01-21,3호선,교대,15409,9888
2022-01-21,3호선,고속터미널,44144,44964
2022-01-21,3호선,잠원,5067,4844
2022-01-21,3호선,신사,34478,35794
2022-01-21,3호선,압구정,35809,37898
2022-01-21,3호선,옥수,9155,9604
2022-01-21,3호선,금호,8290,7661
2022-01-21,3호선,약수,13181,12689
2022-01-21,3호선,동대입구,7092,7483
2022-01-21,3호선,충무로,1,0
2022-01-21,3호선,을지로3가,11244,11290
2022-01-21,3호선,종로3가,10619,12153
2022-01-21,3호선,안국,20548,21120
2022-01-21,3호선,경복궁,19481,19160
2022-01-21,3호선,독립문,6997,7070
2022-01-21,3호선,무악재,3894,3950
2022-01-21,3호선,홍제,17357,16548
2022-01-21,3호선,불광,16121,17358
2022-01-21,3호선,연신내,36748,34938
2022-01-21,3호선,구파발,20790,19464
2022-01-21,3호선,지축,4524,4356
2022-01-22,3호선,일원,4658,4646
2022-01-22,3호선,대청,5946,5503
2022-01-22,3호선,학여울,990,1017
2022-01-22,3호선,대치,9186,8182
2022-01-22,3호선,도곡,3175,3129
2022-01-22,3호선,매봉,6043,5836
2022-01-22,3호선,양재,20969,22200
2022-01-22,3호선,남부터미널,19006,18898
2022-01-22,3호선,교대,6662,4097
2022-01-22,3호선,고속터미널,45305,44716
2022-01-22,3호선,잠원,3380,3224
2022-01-22,3호선,신사,26640,27191
2022-01-22,3호선,압구정,25367,26391
2022-01-22,3호선,옥수,6369,6608
2022-01-22,3호선,금호,5641,5177
2022-01-22,3호선,약수,8733,8256
2022-01-22,3호선,동대입구,5025,5846
2022-01-22,3호선,충무로,1,0
2022-01-22,3호선,을지로3가,4954,5258
2022-01-22,3호선,종로3가,5836,7936
2022-01-22,3호선,안국,14062,15719
2022-01-22,3호선,경복궁,14239,14525
2022-01-22,3호선,독립문,5229,5505
2022-01-22,3호선,무악재,2605,2742
2022-01-22,3호선,홍제,12473,11799
2022-01-22,3호선,녹번,9935,8739
2022-01-22,3호선,불광,12123,13521
2022-01-22,3호선,연신내,28532,26881
2022-01-22,3호선,구파발,14234,14081
2022-01-22,3호선,지축,2797,2738
2022-01-22,3호선,가락시장,6198,6036
2022-01-22,3호선,경찰병원,3813,3768
2022-01-22,3호선,오금,3643,3387
2022-01-22,3호선,수서,12795,12885
2022-01-23,3호선,지축,1908,1897
2022-01-23,3호선,구파발,10154,10398
2022-01-23,3호선,연신내,19954,19091
2022-01-23,3호선,불광,9134,10491
2022-01-23,3호선,녹번,6857,6212
2022-01-23,3호선,홍제,8685,8281
2022-01-23,3호선,무악재,1733,1842
2022-01-23,3호선,독립문,3872,4224
2022-01-23,3호선,경복궁,10498,10934
2022-01-23,3호선,안국,10196,10985
2022-01-23,3호선,종로3가,3698,4843
2022-01-23,3호선,을지로3가,3116,2743
2022-01-23,3호선,충무로,1,0
2022-01-23,3호선,동대입구,4240,4734
2022-01-23,3호선,약수,6292,5955
2022-01-23,3호선,금호,3877,3774
2022-01-23,3호선,옥수,4392,4714
2022-01-23,3호선,압구정,13214,13846
2022-01-23,3호선,신사,14532,14174
2022-01-23,3호선,잠원,1975,2027
2022-01-23,3호선,고속터미널,35272,33988
2022-01-23,3호선,교대,3884,2440
2022-01-23,3호선,남부터미널,12985,13839
2022-01-23,3호선,양재,12886,14805
2022-01-23,3호선,매봉,3836,3802
2022-01-23,3호선,도곡,1805,1941
2022-01-23,3호선,대치,5816,5196
2022-01-23,3호선,학여울,890,886
2022-01-23,3호선,대청,3779,3804
2022-01-23,3호선,일원,2922,3181
2022-01-23,3호선,수서,9714,9555
2022-01-23,3호선,가락시장,3486,3784
2022-01-23,3호선,경찰병원,2581,2625
2022-01-23,3호선,오금,2463,2419
2022-01-24,3호선,남부터미널,28256,28926
2022-01-24,3호선,양재,38528,42207
2022-01-24,3호선,매봉,12707,12245
2022-01-24,3호선,도곡,5364,5472
2022-01-24,3호선,대치,11804,11676
2022-01-24,3호선,학여울,1771,1782
2022-01-24,3호선,대청,9902,9330
2022-01-24,3호선,일원,10206,9951
2022-01-24,3호선,수서,16492,17060
2022-01-24,3호선,가락시장,9239,9213
2022-01-24,3호선,경찰병원,7695,7734
2022-01-24,3호선,오금,6249,5697
2022-01-24,3호선,교대,14484,9377
2022-01-24,3호선,고속터미널,37539,35783
2022-01-24,3호선,잠원,4697,4589
2022-01-24,3호선,신사,32042,33099
2022-01-24,3호선,압구정,32305,34341
2022-01-24,3호선,옥수,8647,9061
2022-01-24,3호선,금호,7815,7478
2022-01-24,3호선,약수,12660,12335
2022-01-24,3호선,동대입구,6759,7046
2022-01-24,3호선,충무로,2,0
2022-01-24,3호선,을지로3가,10513,10694
2022-01-24,3호선,종로3가,10168,11526
2022-01-24,3호선,안국,18869,19301
2022-01-24,3호선,경복궁,18578,18599
2022-01-24,3호선,독립문,6323,6510
2022-01-24,3호선,무악재,3876,3887
2022-01-24,3호선,홍제,16672,15886
2022-01-24,3호선,녹번,15184,14103
2022-01-24,3호선,불광,15699,16677
2022-01-24,3호선,연신내,35447,33699
2022-01-24,3호선,구파발,20272,19057
2022-01-24,3호선,지축,4409,4299
2022-01-25,3호선,오금,6011,5628
2022-01-25,3호선,경찰병원,7460,7414
2022-01-25,3호선,가락시장,9096,9181
2022-01-25,3호선,수서,16656,16796
2022-01-25,3호선,일원,10079,9595
2022-01-25,3호선,대청,9969,9303
2022-01-25,3호선,학여울,1719,1784
2022-01-25,3호선,대치,11692,11506
2022-01-25,3호선,도곡,5502,5649
2022-01-25,3호선,매봉,13017,12223
2022-01-25,3호선,양재,40211,42629
2022-01-25,3호선,남부터미널,28982,29402
2022-01-25,3호선,교대,14610,9704
2022-01-25,3호선,고속터미널,37772,36985
2022-01-25,3호선,잠원,4729,4676
2022-01-25,3호선,신사,32623,33733
2022-01-25,3호선,압구정,33229,34888
2022-01-25,3호선,옥수,8766,9448
2022-01-25,3호선,금호,8166,8291
2022-01-25,3호선,약수,12755,13033
2022-01-25,3호선,동대입구,6944,7445
2022-01-25,3호선,을지로3가,10649,11182
2022-01-25,3호선,종로3가,10344,11486
2022-01-25,3호선,안국,18933,19800
2022-01-25,3호선,경복궁,18762,18572
2022-01-25,3호선,독립문,6694,6973
2022-01-25,3호선,무악재,3939,3987
2022-01-25,3호선,홍제,16974,16458
2022-01-25,3호선,녹번,15349,14378
2022-01-25,3호선,불광,15934,17110
2022-01-25,3호선,연신내,35689,33880
2022-01-25,3호선,구파발,20414,19233
2022-01-25,3호선,지축,4345,4345
2022-01-26,3호선,지축,4558,4360
2022-01-26,3호선,구파발,20727,19587
2022-01-26,3호선,연신내,36139,34564
2022-01-26,3호선,불광,16280,17565
2022-01-26,3호선,녹번,15455,14222
2022-01-26,3호선,홍제,17134,16417
2022-01-26,3호선,무악재,4018,3962
2022-01-26,3호선,독립문,6712,6937
2022-01-26,3호선,경복궁,19891,19391
2022-01-26,3호선,안국,20288,20774
2022-01-26,3호선,종로3가,10639,11847
2022-01-26,3호선,을지로3가,10731,10948
2022-01-26,3호선,충무로,1,0
2022-01-26,3호선,동대입구,6997,7274
2022-01-26,3호선,약수,12881,12453
2022-01-26,3호선,금호,8197,7802
2022-01-26,3호선,옥수,8939,9504
2022-01-26,3호선,압구정,34171,36128
2022-01-26,3호선,신사,32315,33500
2022-01-26,3호선,잠원,4803,4823
2022-01-26,3호선,대치,11668,11607
2022-01-26,3호선,학여울,1865,1866
2022-01-26,3호선,대청,10055,9373
2022-01-26,3호선,일원,10335,10153
2022-01-26,3호선,수서,17270,17668
2022-01-26,3호선,가락시장,9656,9446
2022-01-26,3호선,경찰병원,7709,7801
2022-01-26,3호선,오금,6294,5735
2022-01-26,3호선,고속터미널,38125,38019
2022-01-26,3호선,교대,14975,9515
2022-01-26,3호선,남부터미널,29423,30370
2022-01-26,3호선,양재,40537,43664
2022-01-26,3호선,매봉,13117,12554
2022-01-26,3호선,도곡,5475,5637
2022-01-27,3호선,오금,6222,5520
2022-01-27,3호선,경찰병원,7510,7547
2022-01-27,3호선,가락시장,9547,9278
2022-01-27,3호선,수서,16593,17307
2022-01-27,3호선,일원,10277,9740
2022-01-27,3호선,대청,10126,9367
2022-01-27,3호선,학여울,1710,1824
2022-01-27,3호선,대치,11683,11867
2022-01-27,3호선,도곡,5384,5436
2022-01-27,3호선,매봉,12864,12310
2022-01-27,3호선,양재,40104,42999
2022-01-27,3호선,남부터미널,29211,30814
2022-01-27,3호선,교대,15207,9543
2022-01-27,3호선,고속터미널,38641,41346
2022-01-27,3호선,잠원,4679,4686
2022-01-27,3호선,신사,32731,34092
2022-01-27,3호선,압구정,33555,35758
2022-01-27,3호선,옥수,8873,9181
2022-01-27,3호선,금호,8094,7603
2022-01-27,3호선,약수,12874,12382
2022-01-27,3호선,동대입구,6858,7056
2022-01-27,3호선,을지로3가,10538,10698
2022-01-27,3호선,종로3가,10362,11563
2022-01-27,3호선,안국,19284,19819
2022-01-27,3호선,경복궁,18997,18486
2022-01-27,3호선,독립문,6672,6800
2022-01-27,3호선,무악재,3779,3836
2022-01-27,3호선,홍제,16941,15963
2022-01-27,3호선,녹번,15533,14148
2022-01-27,3호선,불광,16273,17253
2022-01-27,3호선,연신내,35895,34154
2022-01-27,3호선,구파발,20431,19413
2022-01-27,3호선,지축,4414,4281
2022-01-28,3호선,지축,4258,3985
2022-01-28,3호선,구파발,20279,18898
2022-01-28,3호선,연신내,36381,34455
2022-01-28,3호선,불광,16152,16842
2022-01-28,3호선,녹번,15164,13532
2022-01-28,3호선,홍제,16829,16063
2022-01-28,3호선,무악재,3775,3765
2022-01-28,3호선,독립문,6669,6654
2022-01-28,3호선,경복궁,18776,18025
2022-01-28,3호선,안국,18970,18891
2022-01-28,3호선,종로3가,10120,11592
2022-01-28,3호선,을지로3가,10185,10284
2022-01-28,3호선,충무로,1,0
2022-01-28,3호선,동대입구,7536,7587
2022-01-28,3호선,약수,12802,12076
2022-01-28,3호선,금호,8151,7612
2022-01-28,3호선,옥수,8963,9278
2022-01-28,3호선,압구정,34300,36606
2022-01-28,3호선,신사,33324,34327
2022-01-28,3호선,잠원,4805,4677
2022-01-28,3호선,고속터미널,42711,62417
2022-01-28,3호선,교대,13664,8835
2022-01-28,3호선,남부터미널,30528,34946
2022-01-28,3호선,양재,38937,39912
2022-01-28,3호선,매봉,12399,11655
2022-01-28,3호선,도곡,5395,5452
2022-01-28,3호선,대치,11982,11944
2022-01-28,3호선,학여울,1720,1702
2022-01-28,3호선,대청,9793,9097
2022-01-28,3호선,일원,9734,9119
2022-01-28,3호선,수서,14584,15592
2022-01-28,3호선,가락시장,9397,9213
2022-01-28,3호선,경찰병원,7148,7056
2022-01-28,3호선,오금,5889,5260
2022-01-29,3호선,오금,2959,2657
2022-01-29,3호선,경찰병원,3295,2970
2022-01-29,3호선,가락시장,5398,5256
2022-01-29,3호선,수서,8542,9570
2022-01-29,3호선,일원,3823,3726
2022-01-29,3호선,대청,4907,4473
2022-01-29,3호선,학여울,855,830
2022-01-29,3호선,대치,8329,7482
2022-01-29,3호선,도곡,2467,2447
2022-01-29,3호선,매봉,4755,4466
2022-01-29,3호선,양재,15150,15569
2022-01-29,3호선,남부터미널,15713,19877
2022-01-29,3호선,교대,4990,2924
2022-01-29,3호선,고속터미널,35794,56093
2022-01-29,3호선,잠원,2476,2428
2022-01-29,3호선,신사,19733,20281
2022-01-29,3호선,압구정,21122,22140
2022-01-29,3호선,옥수,5440,5597
2022-01-29,3호선,금호,4943,4429
2022-01-29,3호선,약수,7452,6776
2022-01-29,3호선,동대입구,5361,5733
2022-01-29,3호선,충무로,1,0
2022-01-29,3호선,을지로3가,3583,3596
2022-01-29,3호선,종로3가,4459,5985
2022-01-29,3호선,안국,10345,11421
2022-01-29,3호선,경복궁,11309,11290
2022-01-29,3호선,독립문,4501,4655
2022-01-29,3호선,무악재,2202,2187
2022-01-29,3호선,홍제,11148,10185
2022-01-29,3호선,녹번,8635,7400
2022-01-29,3호선,불광,11100,12101
2022-01-29,3호선,연신내,25391,23455
2022-01-29,3호선,구파발,12453,12285
2022-01-29,3호선,지축,2371,2322
2022-01-30,3호선,오금,2147,2033
2022-01-30,3호선,경찰병원,2204,2112
2022-01-30,3호선,가락시장,3662,3360
2022-01-30,3호선,수서,6363,7379
2022-01-30,3호선,일원,2674,2695
2022-01-30,3호선,대청,3511,3209
2022-01-30,3호선,학여울,679,653
2022-01-30,3호선,대치,5352,4554
2022-01-30,3호선,도곡,1538,1532
2022-01-30,3호선,매봉,3105,2926
2022-01-30,3호선,양재,9659,10219
2022-01-30,3호선,남부터미널,9973,13520
2022-01-30,3호선,교대,2823,1622
2022-01-30,3호선,고속터미널,26728,42041
2022-01-30,3호선,잠원,1684,1736
2022-01-30,3호선,신사,10893,10966
2022-01-30,3호선,압구정,12216,12534
2022-01-30,3호선,옥수,3803,3873
2022-01-30,3호선,금호,3557,3237
2022-01-30,3호선,약수,5502,4986
2022-01-30,3호선,동대입구,3437,3613
2022-01-30,3호선,을지로3가,2393,2206
2022-01-30,3호선,종로3가,2858,3793
2022-01-30,3호선,안국,7915,8658
2022-01-30,3호선,경복궁,8624,8860
2022-01-30,3호선,독립문,3442,3606
2022-01-30,3호선,무악재,1602,1625
2022-01-30,3호선,홍제,7799,7303
2022-01-30,3호선,녹번,6083,5307
2022-01-30,3호선,불광,8116,8847
2022-01-30,3호선,연신내,18496,17208
2022-01-30,3호선,구파발,9092,8868
2022-01-30,3호선,지축,1708,1691
2022-01-31,3호선,오금,1571,1438
2022-01-31,3호선,경찰병원,1834,1658
2022-01-31,3호선,가락시장,2686,2604
2022-01-31,3호선,수서,5447,5933
2022-01-31,3호선,일원,2061,2098
2022-01-31,3호선,대청,2642,2506
2022-01-31,3호선,학여울,422,434
2022-01-31,3호선,대치,3479,3151
2022-01-31,3호선,도곡,1257,1171
2022-01-31,3호선,매봉,2359,2213
2022-01-31,3호선,양재,6275,6726
2022-01-31,3호선,남부터미널,6773,8550
2022-01-31,3호선,교대,2115,1261
2022-01-31,3호선,고속터미널,17880,24849
2022-01-31,3호선,잠원,1350,1321
2022-01-31,3호선,신사,7594,7324
2022-01-31,3호선,압구정,9121,9260
2022-01-31,3호선,옥수,3002,3039
2022-01-31,3호선,금호,2757,2642
2022-01-31,3호선,약수,4079,3747
2022-01-31,3호선,동대입구,2774,2936
2022-01-31,3호선,을지로3가,1576,1461
2022-01-31,3호선,종로3가,2210,2776
2022-01-31,3호선,안국,6523,6927
2022-01-31,3호선,경복궁,6824,7332
2022-01-31,3호선,독립문,2658,2814
2022-01-31,3호선,무악재,1240,1320
2022-01-31,3호선,홍제,6249,5881
2022-01-31,3호선,녹번,4693,4187
2022-01-31,3호선,불광,5904,6629
2022-01-31,3호선,연신내,14600,13756
2022-01-31,3호선,구파발,7239,7372
2022-01-31,3호선,지축,1383,1307
2022-02-01,3호선,오금,1288,1379
2022-02-01,3호선,경찰병원,1417,1604
2022-02-01,3호선,가락시장,1760,1739
2022-02-01,3호선,수서,5691,4990
2022-02-01,3호선,일원,1784,1869
2022-02-01,3호선,대청,2174,2241
2022-02-01,3호선,학여울,339,382
2022-02-01,3호선,대치,2095,2068
2022-02-01,3호선,도곡,889,930
2022-02-01,3호선,매봉,1760,1774
2022-02-01,3호선,양재,5351,6618
2022-02-01,3호선,남부터미널,9858,6343
2022-02-01,3호선,교대,1449,997
2022-02-01,3호선,고속터미널,30168,13336
2022-02-01,3호선,잠원,1016,1031
2022-02-01,3호선,신사,3735,4126
2022-02-01,3호선,압구정,3522,3930
2022-02-01,3호선,옥수,2654,2951
2022-02-01,3호선,금호,2599,2512
2022-02-01,3호선,약수,3631,3714
2022-02-01,3호선,동대입구,3085,3628
2022-02-01,3호선,을지로3가,1135,1083
2022-02-01,3호선,종로3가,1573,2478
2022-02-01,3호선,안국,5840,6316
2022-02-01,3호선,경복궁,5914,7253
2022-02-01,3호선,독립문,2325,2420
2022-02-01,3호선,무악재,1195,1332
2022-02-01,3호선,홍제,5555,5563
2022-02-01,3호선,녹번,4431,4398
2022-02-01,3호선,연신내,12409,12922
2022-02-01,3호선,구파발,6629,6843
2022-02-01,3호선,지축,1183,1134
2022-02-01,3호선,불광,4874,5889
2022-02-02,3호선,지축,1520,1367
2022-02-02,3호선,구파발,8460,8890
2022-02-02,3호선,연신내,15961,16045
2022-02-02,3호선,불광,6820,8337
2022-02-02,3호선,녹번,5354,5195
2022-02-02,3호선,홍제,6552,6769
2022-02-02,3호선,무악재,1410,1585
2022-02-02,3호선,독립문,3209,3508
2022-02-02,3호선,경복궁,8239,9287
2022-02-02,3호선,안국,8239,9009
2022-02-02,3호선,종로3가,2763,3746
2022-02-02,3호선,을지로3가,2054,2043
2022-02-02,3호선,충무로,1,0
2022-02-02,3호선,동대입구,3178,3879
2022-02-02,3호선,약수,4654,4860
2022-02-02,3호선,금호,3180,3118
2022-02-02,3호선,옥수,3400,3795
2022-02-02,3호선,압구정,7513,8290
2022-02-02,3호선,신사,9407,9954
2022-02-02,3호선,잠원,1602,1596
2022-02-02,3호선,고속터미널,54010,25892
2022-02-02,3호선,교대,2755,2044
2022-02-02,3호선,남부터미널,14792,10318
2022-02-02,3호선,양재,8415,10589
2022-02-02,3호선,매봉,2996,3022
2022-02-02,3호선,도곡,1453,1493
2022-02-02,3호선,대치,3583,3447
2022-02-02,3호선,학여울,535,533
2022-02-02,3호선,대청,3072,3182
2022-02-02,3호선,일원,3322,3580
2022-02-02,3호선,수서,7499,6352
2022-02-02,3호선,가락시장,2743,2661
2022-02-02,3호선,경찰병원,2024,2200
2022-02-02,3호선,오금,1792,1845
2022-02-03,3호선,오금,5455,4981
2022-02-03,3호선,경찰병원,6482,6640
2022-02-03,3호선,가락시장,7202,7286
2022-02-03,3호선,수서,14853,13797
2022-02-03,3호선,일원,8812,8610
2022-02-03,3호선,대청,8764,8359
2022-02-03,3호선,옥수,7758,8184
2022-02-03,3호선,금호,6943,6749
2022-02-03,3호선,약수,11370,11084
2022-02-03,3호선,동대입구,5831,6249
2022-02-03,3호선,충무로,1,0
2022-02-03,3호선,을지로3가,9184,9366
2022-02-03,3호선,종로3가,9162,10519
2022-02-03,3호선,안국,14181,15069
2022-02-03,3호선,경복궁,16592,16240
2022-02-03,3호선,독립문,6051,6229
2022-02-03,3호선,무악재,3476,3592
2022-02-03,3호선,홍제,15133,14751
2022-02-03,3호선,녹번,13700,12748
2022-02-03,3호선,불광,14164,15357
2022-02-03,3호선,연신내,32366,31073
2022-02-03,3호선,구파발,18419,17556
2022-02-03,3호선,지축,3885,3796
2022-02-03,3호선,압구정,30096,31836
2022-02-03,3호선,신사,28498,29583
2022-02-03,3호선,잠원,4110,4002
2022-02-03,3호선,고속터미널,39424,31243
2022-02-03,3호선,교대,12184,7947
2022-02-03,3호선,남부터미널,27205,26429
2022-02-03,3호선,양재,32963,36425
2022-02-03,3호선,매봉,11124,10640
2022-02-03,3호선,도곡,4728,4877
2022-02-03,3호선,대치,9997,10076
2022-02-03,3호선,학여울,1561,1563
2022-02-04,3호선,금호,7524,7000
2022-02-04,3호선,약수,12107,11625
2022-02-04,3호선,동대입구,7702,7994
2022-02-04,3호선,을지로3가,9722,9876
2022-02-04,3호선,종로3가,9906,11381
2022-02-04,3호선,안국,15908,16544
2022-02-04,3호선,경복궁,18216,17429
2022-02-04,3호선,독립문,6586,6630
2022-02-04,3호선,무악재,3630,3661
2022-02-04,3호선,홍제,16079,15623
2022-02-04,3호선,녹번,14270,12992
2022-02-04,3호선,불광,15136,16122
2022-02-04,3호선,연신내,33915,32648
2022-02-04,3호선,구파발,19529,18409
2022-02-04,3호선,지축,4086,3894
2022-02-04,3호선,오금,5697,5039
2022-02-04,3호선,경찰병원,6873,6811
2022-02-04,3호선,가락시장,8258,7878
2022-02-04,3호선,수서,16172,15575
2022-02-04,3호선,일원,9226,8901
2022-02-04,3호선,대청,9599,8912
2022-02-04,3호선,학여울,1628,1655
2022-02-04,3호선,대치,10790,11085
2022-02-04,3호선,도곡,4930,5008
2022-02-04,3호선,매봉,11757,11186
2022-02-04,3호선,양재,36636,38968
2022-02-04,3호선,남부터미널,27821,27898
2022-02-04,3호선,교대,12991,8512
2022-02-04,3호선,고속터미널,39289,37132
2022-02-04,3호선,잠원,4274,4223
2022-02-04,3호선,신사,31276,32381
2022-02-04,3호선,압구정,32599,34646
2022-02-04,3호선,옥수,8213,8577
2022-02-05,3호선,지축,2386,2336
2022-02-05,3호선,구파발,12209,12248
2022-02-05,3호선,연신내,24102,23158
2022-02-05,3호선,불광,10617,11859
2022-02-05,3호선,녹번,8618,7598
2022-02-05,3호선,홍제,10749,10324
2022-02-05,3호선,무악재,2166,2310
2022-02-05,3호선,독립문,4334,4543
2022-02-05,3호선,경복궁,11914,11997
2022-02-05,3호선,안국,11199,12179
2022-02-05,3호선,종로3가,5114,6407
2022-02-05,3호선,을지로3가,4150,4255
2022-02-05,3호선,충무로,1,0
2022-02-05,3호선,동대입구,5237,5651
2022-02-05,3호선,약수,7711,7247
2022-02-05,3호선,금호,4833,4552
2022-02-05,3호선,옥수,5450,5758
2022-02-05,3호선,압구정,22962,23596
2022-02-05,3호선,신사,22001,22330
2022-02-05,3호선,잠원,2611,2574
2022-02-05,3호선,고속터미널,38852,36716
2022-02-05,3호선,교대,5623,3359
2022-02-05,3호선,남부터미널,16814,16489
2022-02-05,3호선,양재,17288,18618
2022-02-05,3호선,매봉,5073,4930
2022-02-05,3호선,도곡,2582,2552
2022-02-05,3호선,대치,8419,7676
2022-02-05,3호선,학여울,1181,1222
2022-02-05,3호선,대청,4907,4599
2022-02-05,3호선,일원,3957,4039
2022-02-05,3호선,수서,10895,10547
2022-02-05,3호선,가락시장,4853,4616
2022-02-05,3호선,경찰병원,3317,3242
2022-02-05,3호선,오금,2930,2871
2022-02-06,3호선,오금,2133,2128
2022-02-06,3호선,경찰병원,2223,2295
2022-02-06,3호선,가락시장,2952,3227
2022-02-06,3호선,수서,8564,8063
2022-02-06,3호선,일원,2841,3048
2022-02-06,3호선,옥수,3778,4125
2022-02-06,3호선,금호,3554,3504
2022-02-06,3호선,약수,5497,5241
2022-02-06,3호선,동대입구,4085,4480
2022-02-06,3호선,을지로3가,2518,2393
2022-02-06,3호선,종로3가,3117,3857
2022-02-06,3호선,안국,7774,8265
2022-02-06,3호선,경복궁,8619,8675
2022-02-06,3호선,독립문,3650,3905
2022-02-06,3호선,무악재,1443,1588
2022-02-06,3호선,홍제,7545,7247
2022-02-06,3호선,녹번,5974,5511
2022-02-06,3호선,불광,7987,9005
2022-02-06,3호선,연신내,17576,16692
2022-02-06,3호선,대청,3514,3450
2022-02-06,3호선,학여울,733,758
2022-02-06,3호선,대치,5255,4618
2022-02-06,3호선,도곡,1614,1698
2022-02-06,3호선,매봉,3471,3401
2022-02-06,3호선,양재,10879,12526
2022-02-06,3호선,남부터미널,10646,10967
2022-02-06,3호선,교대,3451,2310
2022-02-06,3호선,고속터미널,29931,28013
2022-02-06,3호선,잠원,1672,1804
2022-02-06,3호선,신사,11460,11624
2022-02-06,3호선,구파발,8962,9265
2022-02-06,3호선,지축,1667,1613
2022-02-06,3호선,압구정,11938,12180
2022-02-07,3호선,지축,4203,4183
2022-02-07,3호선,구파발,19329,18319
2022-02-07,3호선,연신내,33902,32324
2022-02-07,3호선,불광,15134,16047
2022-02-07,3호선,녹번,14503,13292
2022-02-07,3호선,홍제,16132,15489
2022-02-07,3호선,무악재,3654,3688
2022-02-07,3호선,독립문,6274,6421
2022-02-07,3호선,경복궁,16982,16345
2022-02-07,3호선,안국,18274,18549
2022-02-07,3호선,종로3가,9763,10827
2022-02-07,3호선,을지로3가,9895,10056
2022-02-07,3호선,동대입구,6309,6581
2022-02-07,3호선,약수,12034,11801
2022-02-07,3호선,금호,7478,7199
2022-02-07,3호선,옥수,8016,8472
2022-02-07,3호선,압구정,30480,32224
2022-02-07,3호선,신사,30074,31343
2022-02-07,3호선,잠원,4324,4361
2022-02-07,3호선,고속터미널,34253,31743
2022-02-07,3호선,교대,13393,8787
2022-02-07,3호선,남부터미널,26962,27431
2022-02-07,3호선,양재,36779,39578
2022-02-07,3호선,매봉,12089,11577
2022-02-07,3호선,도곡,5228,5337
2022-02-07,3호선,대치,10584,10912
2022-02-07,3호선,학여울,1636,1684
2022-02-07,3호선,대청,9825,9091
2022-02-07,3호선,일원,10003,9744
2022-02-07,3호선,수서,15598,16043
2022-02-07,3호선,가락시장,8264,8092
2022-02-07,3호선,경찰병원,7313,7369
2022-02-07,3호선,오금,5910,5362
2022-02-08,3호선,오금,5897,5562
2022-02-08,3호선,경찰병원,7076,7136
2022-02-08,3호선,가락시장,8578,8343
2022-02-08,3호선,수서,15616,15844
2022-02-08,3호선,일원,10077,9641
2022-02-08,3호선,대청,9794,9121
2022-02-08,3호선,학여울,1686,1650
2022-02-08,3호선,대치,10746,10984
2022-02-08,3호선,도곡,5202,5545
2022-02-08,3호선,매봉,12134,11646
2022-02-08,3호선,양재,37272,39948
2022-02-08,3호선,남부터미널,27451,27954
2022-02-08,3호선,교대,13626,8906
2022-02-08,3호선,고속터미널,33609,32388
2022-02-08,3호선,잠원,4496,4421
2022-02-08,3호선,신사,30401,31261
2022-02-08,3호선,압구정,31080,32777
2022-02-08,3호선,옥수,8187,8576
2022-02-08,3호선,금호,7493,7271
2022-02-08,3호선,약수,12054,11819
2022-02-08,3호선,동대입구,7248,7457
2022-02-08,3호선,을지로3가,10058,10095
2022-02-08,3호선,종로3가,9834,11047
2022-02-08,3호선,안국,18696,19083
2022-02-08,3호선,경복궁,18020,17529
2022-02-08,3호선,독립문,6675,6976
2022-02-08,3호선,무악재,3749,3775
2022-02-08,3호선,홍제,16183,15401
2022-02-08,3호선,녹번,14792,13579
2022-02-08,3호선,불광,15185,16331
2022-02-08,3호선,연신내,34722,32836
2022-02-08,3호선,구파발,19448,18550
2022-02-08,3호선,지축,4293,4189
2022-02-09,3호선,지축,4325,4190
2022-02-09,3호선,구파발,19727,18808
2022-02-09,3호선,연신내,34770,32927
2022-02-09,3호선,불광,15433,16529
2022-02-09,3호선,녹번,14846,13708
2022-02-09,3호선,홍제,16377,15650
2022-02-09,3호선,무악재,3712,3828
2022-02-09,3호선,독립문,6547,6761
2022-02-09,3호선,경복궁,18469,18218
2022-02-09,3호선,안국,19233,19840
2022-02-09,3호선,종로3가,10071,11151
2022-02-09,3호선,을지로3가,10204,10289
2022-02-09,3호선,동대입구,6966,7249
2022-02-09,3호선,약수,12390,12013
2022-02-09,3호선,금호,7646,7374
2022-02-09,3호선,옥수,8279,8729
2022-02-09,3호선,압구정,31259,33132
2022-02-09,3호선,신사,29374,30304
2022-02-09,3호선,잠원,4522,4453
2022-02-09,3호선,고속터미널,34197,32273
2022-02-09,3호선,교대,13667,8887
2022-02-09,3호선,남부터미널,27601,28112
2022-02-09,3호선,양재,36826,39852
2022-02-09,3호선,매봉,12086,11650
2022-02-09,3호선,도곡,5097,5241
2022-02-09,3호선,대치,10570,10867
2022-02-09,3호선,학여울,1764,1779
2022-02-09,3호선,대청,9945,9217
2022-02-09,3호선,일원,10157,9828
2022-02-09,3호선,수서,15684,15887
2022-02-09,3호선,가락시장,8490,8175
2022-02-09,3호선,경찰병원,7187,7169
2022-02-09,3호선,오금,5973,5411
2022-02-10,3호선,지축,4326,4191
2022-02-10,3호선,구파발,19465,18498
2022-02-10,3호선,연신내,34948,33244
2022-02-10,3호선,불광,15563,16637
2022-02-10,3호선,녹번,14644,13392
2022-02-10,3호선,홍제,16331,15692
2022-02-10,3호선,무악재,3758,3743
2022-02-10,3호선,독립문,6709,6886
2022-02-10,3호선,경복궁,18191,18101
2022-02-10,3호선,안국,18922,19038
2022-02-10,3호선,종로3가,9990,11284
2022-02-10,3호선,을지로3가,9854,10102
2022-02-10,3호선,충무로,2,0
2022-02-10,3호선,동대입구,6951,7137
2022-02-10,3호선,약수,12273,11998
2022-02-10,3호선,금호,7519,7161
2022-02-10,3호선,옥수,8326,8637
2022-02-10,3호선,압구정,31082,32704
2022-02-10,3호선,신사,30712,31763
2022-02-10,3호선,잠원,4384,4368
2022-02-10,3호선,고속터미널,35373,33881
2022-02-10,3호선,교대,13892,8973
2022-02-10,3호선,남부터미널,28151,28644
2022-02-10,3호선,양재,37428,40471
2022-02-10,3호선,매봉,12011,11584
2022-02-10,3호선,도곡,5168,5395
2022-02-10,3호선,대치,10998,11062
2022-02-10,3호선,학여울,3082,3166
2022-02-10,3호선,대청,9754,9190
2022-02-10,3호선,일원,10121,9843
2022-02-10,3호선,수서,15874,16203
2022-02-10,3호선,가락시장,8582,8417
2022-02-10,3호선,경찰병원,7083,7074
2022-02-10,3호선,오금,5916,5404
2022-02-11,3호선,지축,4335,4062
2022-02-11,3호선,구파발,19170,18399
2022-02-11,3호선,연신내,35201,33053
2022-02-11,3호선,불광,15369,16592
2022-02-11,3호선,녹번,14701,12755
2022-02-11,3호선,홍제,16537,15153
2022-02-11,3호선,무악재,3810,4168
2022-02-11,3호선,독립문,6664,6806
2022-02-11,3호선,경복궁,18884,18281
2022-02-11,3호선,안국,18704,19629
2022-02-11,3호선,종로3가,9956,11869
2022-02-11,3호선,을지로3가,9873,10351
2022-02-11,3호선,충무로,2,0
2022-02-11,3호선,동대입구,7530,8382
2022-02-11,3호선,약수,12395,12329
2022-02-11,3호선,금호,7862,7874
2022-02-11,3호선,옥수,8636,8980
2022-02-11,3호선,압구정,33010,35089
2022-02-11,3호선,신사,32220,35280
2022-02-11,3호선,잠원,4631,4582
2022-02-11,3호선,고속터미널,40286,40598
2022-02-11,3호선,교대,13915,9206
2022-02-11,3호선,남부터미널,28916,29821
2022-02-11,3호선,양재,38276,40461
2022-02-11,3호선,매봉,12237,11796
2022-02-11,3호선,도곡,5224,5401
2022-02-11,3호선,대치,11415,11340
2022-02-11,3호선,학여울,3147,3346
2022-02-11,3호선,대청,9959,9213
2022-02-11,3호선,일원,9926,9247
2022-02-11,3호선,수서,17215,17718
2022-02-11,3호선,가락시장,8957,8625
2022-02-11,3호선,경찰병원,7182,7037
2022-02-11,3호선,오금,5836,5278
2022-02-12,3호선,지축,2778,2615
2022-02-12,3호선,구파발,13293,13198
2022-02-12,3호선,연신내,26618,25342
2022-02-12,3호선,불광,11681,13247
2022-02-12,3호선,녹번,9234,8110
2022-02-12,3호선,홍제,11977,11399
2022-02-12,3호선,무악재,2384,2538
2022-02-12,3호선,독립문,5048,5362
2022-02-12,3호선,경복궁,13616,14071
2022-02-12,3호선,안국,12941,14302
2022-02-12,3호선,종로3가,5192,6884
2022-02-12,3호선,을지로3가,4457,4626
2022-02-12,3호선,동대입구,6308,6810
2022-02-12,3호선,약수,8358,7712
2022-02-12,3호선,금호,5287,4890
2022-02-12,3호선,옥수,6115,6188
2022-02-12,3호선,압구정,23662,24654
2022-02-12,3호선,신사,24743,25282
2022-02-12,3호선,잠원,2903,2800
2022-02-12,3호선,고속터미널,40908,40316
2022-02-12,3호선,교대,6204,3711
2022-02-12,3호선,남부터미널,18481,18182
2022-02-12,3호선,양재,19240,20522
2022-02-12,3호선,매봉,5807,5588
2022-02-12,3호선,도곡,3106,3107
2022-02-12,3호선,대치,8659,7809
2022-02-12,3호선,학여울,2705,2924
2022-02-12,3호선,대청,5482,5076
2022-02-12,3호선,일원,5639,5393
2022-02-12,3호선,수서,11683,12053
2022-02-12,3호선,가락시장,5443,5058
2022-02-12,3호선,경찰병원,3535,3494
2022-02-12,3호선,오금,3432,3318
2022-02-13,3호선,오금,2381,2393
2022-02-13,3호선,경찰병원,2376,2471
2022-02-13,3호선,가락시장,3210,3309
2022-02-13,3호선,수서,9144,8920
2022-02-13,3호선,일원,2914,3058
2022-02-13,3호선,대청,3660,3619
2022-02-13,3호선,학여울,2321,2446
2022-02-13,3호선,대치,5473,4773
2022-02-13,3호선,도곡,1634,1776
2022-02-13,3호선,매봉,3631,3609
2022-02-13,3호선,양재,12212,13787
2022-02-13,3호선,남부터미널,12287,13054
2022-02-13,3호선,교대,3650,2168
2022-02-13,3호선,고속터미널,32390,30857
2022-02-13,3호선,잠원,1875,1904
2022-02-13,3호선,신사,13128,13070
2022-02-13,3호선,압구정,12690,12963
2022-02-13,3호선,옥수,4262,4547
2022-02-13,3호선,금호,3801,3721
2022-02-13,3호선,약수,6006,5753
2022-02-13,3호선,동대입구,4096,4562
2022-02-13,3호선,충무로,3,0
2022-02-13,3호선,을지로3가,2687,2458
2022-02-13,3호선,종로3가,3462,4464
2022-02-13,3호선,안국,9199,9883
2022-02-13,3호선,경복궁,10114,10206
2022-02-13,3호선,독립문,3807,4119
2022-02-13,3호선,무악재,1549,1800
2022-02-13,3호선,홍제,8273,7887
2022-02-13,3호선,녹번,6327,5749
2022-02-13,3호선,불광,8406,9844
2022-02-13,3호선,연신내,19125,18043
2022-02-13,3호선,구파발,9472,9634
2022-02-13,3호선,지축,1943,1825
2022-02-14,3호선,지축,4262,4118
2022-02-14,3호선,구파발,18794,17877
2022-02-14,3호선,연신내,33493,32067
2022-02-14,3호선,불광,14920,15899
2022-02-14,3호선,녹번,14359,13443
2022-02-14,3호선,홍제,16160,15575
2022-02-14,3호선,무악재,3622,3795
2022-02-14,3호선,독립문,6138,6439
2022-02-14,3호선,경복궁,17346,17184
2022-02-14,3호선,안국,18035,18219
2022-02-14,3호선,종로3가,9821,10952
2022-02-14,3호선,을지로3가,10072,9959
2022-02-14,3호선,충무로,1,0
2022-02-14,3호선,동대입구,6606,6764
2022-02-14,3호선,약수,11887,11585
2022-02-14,3호선,금호,7394,7111
2022-02-14,3호선,옥수,8000,8422
2022-02-14,3호선,압구정,30757,32617
2022-02-14,3호선,신사,30591,31460
2022-02-14,3호선,잠원,4482,4445
2022-02-14,3호선,고속터미널,36180,34149
2022-02-14,3호선,교대,13394,8813
2022-02-14,3호선,남부터미널,26755,27256
2022-02-14,3호선,양재,36379,39347
2022-02-14,3호선,매봉,11933,11418
2022-02-14,3호선,도곡,5100,5254
2022-02-14,3호선,대치,10804,10858
2022-02-14,3호선,학여울,1641,1645
2022-02-14,3호선,대청,9602,9011
2022-02-14,3호선,일원,9630,9445
2022-02-14,3호선,수서,15382,15794
2022-02-14,3호선,가락시장,8391,8159
2022-02-14,3호선,경찰병원,7352,7384
2022-02-14,3호선,오금,6059,5405
2022-02-15,3호선,지축,4154,4066
2022-02-15,3호선,구파발,19102,18002
2022-02-15,3호선,연신내,33500,31903
2022-02-15,3호선,불광,14866,15892
2022-02-15,3호선,녹번,14425,13398
2022-02-15,3호선,홍제,15871,15337
2022-02-15,3호선,무악재,3686,3826
2022-02-15,3호선,독립문,6148,6363
2022-02-15,3호선,경복궁,17908,17604
2022-02-15,3호선,안국,18514,18979
2022-02-15,3호선,종로3가,10021,11042
2022-02-15,3호선,을지로3가,10082,10098
2022-02-15,3호선,충무로,1,0
2022-02-15,3호선,동대입구,6630,6951
2022-02-15,3호선,약수,11916,11506
2022-02-15,3호선,금호,7465,7090
2022-02-15,3호선,옥수,8007,8472
2022-02-15,3호선,압구정,30804,32686
2022-02-15,3호선,신사,30297,31227
2022-02-15,3호선,잠원,4366,4295
2022-02-15,3호선,고속터미널,35307,33400
2022-02-15,3호선,교대,13491,8708
2022-02-15,3호선,남부터미널,27157,27596
2022-02-15,3호선,양재,36639,39348
2022-02-15,3호선,매봉,12040,11497
2022-02-15,3호선,도곡,4929,5109
2022-02-15,3호선,대치,10954,11030
2022-02-15,3호선,학여울,1559,1548
2022-02-15,3호선,대청,9425,8830
2022-02-15,3호선,일원,9675,9452
2022-02-15,3호선,수서,15402,15568
2022-02-15,3호선,가락시장,8309,8053
2022-02-15,3호선,경찰병원,7144,7170
2022-02-15,3호선,오금,6080,5384
2022-02-16,3호선,오금,5894,5160
2022-02-16,3호선,경찰병원,6975,6961
2022-02-16,3호선,가락시장,8098,7747
2022-02-16,3호선,수서,15012,15391
2022-02-16,3호선,일원,9368,9059
2022-02-16,3호선,대청,9232,8625
2022-02-16,3호선,학여울,1573,1621
2022-02-16,3호선,대치,10356,10589
2022-02-16,3호선,도곡,4856,4965
2022-02-16,3호선,매봉,12020,11402
2022-02-16,3호선,양재,35841,38605
2022-02-16,3호선,남부터미널,26836,27315
2022-02-16,3호선,교대,13462,8502
2022-02-16,3호선,고속터미널,33970,32435
2022-02-16,3호선,잠원,4305,4237
2022-02-16,3호선,신사,29080,29849
2022-02-16,3호선,압구정,29938,31996
2022-02-16,3호선,옥수,7910,8353
2022-02-16,3호선,금호,7300,6952
2022-02-16,3호선,약수,11798,11420
2022-02-16,3호선,동대입구,6282,6796
2022-02-16,3호선,을지로3가,10111,9924
2022-02-16,3호선,종로3가,9507,10630
2022-02-16,3호선,안국,17792,17899
2022-02-16,3호선,경복궁,17706,17513
2022-02-16,3호선,독립문,5983,6091
2022-02-16,3호선,무악재,3493,3539
2022-02-16,3호선,홍제,15524,15083
2022-02-16,3호선,녹번,14168,12975
2022-02-16,3호선,불광,14572,15515
2022-02-16,3호선,연신내,32709,31234
2022-02-16,3호선,구파발,18506,17245
2022-02-16,3호선,지축,4085,3981
2022-02-17,3호선,연신내,32487,30891
2022-02-17,3호선,오금,5739,5154
2022-02-17,3호선,경찰병원,6761,6876
2022-02-17,3호선,가락시장,8077,7948
2022-02-17,3호선,수서,15215,15375
2022-02-17,3호선,일원,9197,8937
2022-02-17,3호선,대청,9088,8442
2022-02-17,3호선,학여울,1762,1753
2022-02-17,3호선,대치,10657,10623
2022-02-17,3호선,도곡,4761,4891
2022-02-17,3호선,매봉,11545,11076
2022-02-17,3호선,양재,35541,38457
2022-02-17,3호선,남부터미널,26649,26983
2022-02-17,3호선,교대,13028,8381
2022-02-17,3호선,고속터미널,34501,33436
2022-02-17,3호선,잠원,4245,4220
2022-02-17,3호선,신사,29117,30040
2022-02-17,3호선,압구정,29578,31198
2022-02-17,3호선,옥수,7747,8076
2022-02-17,3호선,금호,7137,6779
2022-02-17,3호선,약수,11618,11249
2022-02-17,3호선,동대입구,6684,7233
2022-02-17,3호선,충무로,1,0
2022-02-17,3호선,을지로3가,9634,9595
2022-02-17,3호선,종로3가,9602,10649
2022-02-17,3호선,안국,17335,17492
2022-02-17,3호선,경복궁,17466,16982
2022-02-17,3호선,독립문,5861,6062
2022-02-17,3호선,무악재,3470,3585
2022-02-17,3호선,홍제,15353,14717
2022-02-17,3호선,녹번,13995,12776
2022-02-17,3호선,불광,14365,15382
2022-02-17,3호선,구파발,18381,17465
2022-02-17,3호선,지축,4031,3952
2022-02-18,3호선,오금,5890,5197
2022-02-18,3호선,경찰병원,6955,6924
2022-02-18,3호선,가락시장,8474,8206
2022-02-18,3호선,수서,16507,16972
2022-02-18,3호선,일원,9345,8985
2022-02-18,3호선,대청,9385,8779
2022-02-18,3호선,학여울,2506,2452
2022-02-18,3호선,대치,10844,10834
2022-02-18,3호선,도곡,4847,5046
2022-02-18,3호선,매봉,11481,10884
2022-02-18,3호선,양재,36513,38514
2022-02-18,3호선,남부터미널,27965,28520
2022-02-18,3호선,교대,12869,8189
2022-02-18,3호선,고속터미널,38217,39537
2022-02-18,3호선,잠원,4501,4380
2022-02-18,3호선,신사,30938,31804
2022-02-18,3호선,압구정,31923,33981
2022-02-18,3호선,지축,4245,4044
2022-02-18,3호선,구파발,18700,17788
2022-02-18,3호선,연신내,34262,32617
2022-02-18,3호선,불광,15064,16082
2022-02-18,3호선,녹번,14319,12977
2022-02-18,3호선,홍제,15899,15394
2022-02-18,3호선,무악재,3563,3597
2022-02-18,3호선,독립문,6337,6368
2022-02-18,3호선,경복궁,17993,17763
2022-02-18,3호선,안국,17753,18187
2022-02-18,3호선,종로3가,9804,11301
2022-02-18,3호선,을지로3가,9486,9836
2022-02-18,3호선,충무로,1,0
2022-02-18,3호선,동대입구,6625,6992
2022-02-18,3호선,약수,12116,11551
2022-02-18,3호선,금호,7570,7088
2022-02-18,3호선,옥수,8162,8557
2022-02-19,3호선,오금,3472,3329
2022-02-19,3호선,경찰병원,3546,3471
2022-02-19,3호선,가락시장,5398,5007
2022-02-19,3호선,수서,11740,11896
2022-02-19,3호선,일원,4704,4664
2022-02-19,3호선,대청,5424,4995
2022-02-19,3호선,학여울,2046,2028
2022-02-19,3호선,지축,2655,2571
2022-02-19,3호선,구파발,12706,12664
2022-02-19,3호선,연신내,25761,24287
2022-02-19,3호선,불광,11594,12854
2022-02-19,3호선,녹번,9165,8105
2022-02-19,3호선,홍제,11975,11497
2022-02-19,3호선,무악재,2319,2583
2022-02-19,3호선,독립문,4979,5181
2022-02-19,3호선,경복궁,13505,13793
2022-02-19,3호선,안국,12525,13274
2022-02-19,3호선,종로3가,5341,6895
2022-02-19,3호선,을지로3가,4402,4588
2022-02-19,3호선,충무로,2,0
2022-02-19,3호선,동대입구,4815,5348
2022-02-19,3호선,약수,8014,7616
2022-02-19,3호선,금호,5084,4779
2022-02-19,3호선,옥수,5741,6124
2022-02-19,3호선,압구정,23232,24035
2022-02-19,3호선,신사,23233,23686
2022-02-19,3호선,잠원,3132,3012
2022-02-19,3호선,고속터미널,39193,39028
2022-02-19,3호선,교대,5959,3597
2022-02-19,3호선,남부터미널,18024,17946
2022-02-19,3호선,양재,19316,20422
2022-02-19,3호선,매봉,5708,5491
2022-02-19,3호선,도곡,2859,3222
2022-02-19,3호선,대치,8708,7933
2022-02-20,3호선,신사,12537,12504
2022-02-20,3호선,압구정,12680,13024
2022-02-20,3호선,옥수,3940,4161
2022-02-20,3호선,금호,3501,3425
2022-02-20,3호선,약수,5661,5446
2022-02-20,3호선,동대입구,3939,4188
2022-02-20,3호선,을지로3가,2814,2553
2022-02-20,3호선,종로3가,3194,3904
2022-02-20,3호선,안국,8295,8757
2022-02-20,3호선,경복궁,9251,9222
2022-02-20,3호선,독립문,3455,3616
2022-02-20,3호선,무악재,1521,1708
2022-02-20,3호선,홍제,7645,7469
2022-02-20,3호선,녹번,6109,5544
2022-02-20,3호선,불광,8162,9232
2022-02-20,3호선,연신내,17649,16914
2022-02-20,3호선,구파발,9050,9333
2022-02-20,3호선,지축,1778,1665
2022-02-20,3호선,잠원,1729,1805
2022-02-20,3호선,고속터미널,31301,29308
2022-02-20,3호선,교대,3615,2273
2022-02-20,3호선,남부터미널,11625,12172
2022-02-20,3호선,양재,12260,13958
2022-02-20,3호선,매봉,3488,3518
2022-02-20,3호선,도곡,1664,1813
2022-02-20,3호선,대치,5295,4671
2022-02-20,3호선,학여울,1442,1652
2022-02-20,3호선,대청,3579,3506
2022-02-20,3호선,일원,2844,2971
2022-02-20,3호선,수서,9076,8879
2022-02-20,3호선,가락시장,3143,3299
2022-02-20,3호선,경찰병원,2238,2378
2022-02-20,3호선,오금,2196,2169
2022-02-21,3호선,오금,5799,5202
2022-02-21,3호선,경찰병원,7006,7072
2022-02-21,3호선,가락시장,7985,7817
2022-02-21,3호선,수서,15165,15780
2022-02-21,3호선,일원,9151,9078
2022-02-21,3호선,대청,9316,8728
2022-02-21,3호선,학여울,1567,1550
2022-02-21,3호선,대치,10658,10734
2022-02-21,3호선,도곡,4983,4928
2022-02-21,3호선,매봉,11623,10946
2022-02-21,3호선,양재,34772,37747
2022-02-21,3호선,남부터미널,26004,26260
2022-02-21,3호선,교대,12869,8449
2022-02-21,3호선,고속터미널,33338,31632
2022-02-21,3호선,잠원,4254,4263
2022-02-21,3호선,신사,28796,29860
2022-02-21,3호선,압구정,29511,31193
2022-02-21,3호선,옥수,7552,8135
2022-02-21,3호선,금호,7167,6783
2022-02-21,3호선,약수,11523,11231
2022-02-21,3호선,동대입구,6132,6517
2022-02-21,3호선,충무로,3,0
2022-02-21,3호선,을지로3가,9463,9806
2022-02-21,3호선,종로3가,9481,10616
2022-02-21,3호선,안국,16980,17174
2022-02-21,3호선,경복궁,16516,16199
2022-02-21,3호선,독립문,5864,6045
2022-02-21,3호선,무악재,3560,3614
2022-02-21,3호선,홍제,15569,14953
2022-02-21,3호선,녹번,13787,12722
2022-02-21,3호선,불광,14775,15566
2022-02-21,3호선,연신내,32448,31035
2022-02-21,3호선,구파발,18318,17436
2022-02-21,3호선,지축,4128,4054
2022-02-22,3호선,지축,4091,4022
2022-02-22,3호선,구파발,18820,17711
2022-02-22,3호선,연신내,32773,31427
2022-02-22,3호선,불광,14623,15484
2022-02-22,3호선,녹번,14294,13053
2022-02-22,3호선,홍제,15609,15108
2022-02-22,3호선,무악재,3624,3678
2022-02-22,3호선,독립문,6181,6364
2022-02-22,3호선,경복궁,17116,16631
2022-02-22,3호선,안국,17753,18014
2022-02-22,3호선,종로3가,9608,10743
2022-02-22,3호선,을지로3가,9725,9689
2022-02-22,3호선,충무로,1,0
2022-02-22,3호선,동대입구,6980,7509
2022-02-22,3호선,약수,11734,11231
2022-02-22,3호선,금호,7244,6893
2022-02-22,3호선,옥수,7928,8250
2022-02-22,3호선,압구정,29839,31683
2022-02-22,3호선,신사,29599,30043
2022-02-22,3호선,잠원,4265,4291
2022-02-22,3호선,고속터미널,33806,32433
2022-02-22,3호선,교대,13073,8550
2022-02-22,3호선,남부터미널,26501,26883
2022-02-22,3호선,양재,35546,38301
2022-02-22,3호선,매봉,11637,11120
2022-02-22,3호선,도곡,4804,4823
2022-02-22,3호선,대치,10685,10652
2022-02-22,3호선,학여울,1600,1624
2022-02-22,3호선,대청,9023,8445
2022-02-22,3호선,일원,9365,8904
2022-02-22,3호선,수서,14779,15176
2022-02-22,3호선,가락시장,8054,7773
2022-02-22,3호선,경찰병원,7025,7003
2022-02-22,3호선,오금,5699,5180
2022-02-23,3호선,오금,5529,5121
2022-02-23,3호선,경찰병원,6800,6896
2022-02-23,3호선,가락시장,8063,7729
2022-02-23,3호선,수서,14839,15075
2022-02-23,3호선,일원,9039,8830
2022-02-23,3호선,대청,9171,8547
2022-02-23,3호선,학여울,1587,1650
2022-02-23,3호선,대치,10350,10419
2022-02-23,3호선,도곡,4774,4970
2022-02-23,3호선,매봉,11524,10925
2022-02-23,3호선,양재,34931,37575
2022-02-23,3호선,남부터미널,26466,27190
2022-02-23,3호선,교대,13115,8255
2022-02-23,3호선,고속터미널,32901,31693
2022-02-23,3호선,잠원,4242,4249
2022-02-23,3호선,신사,28775,29357
2022-02-23,3호선,압구정,29097,31060
2022-02-23,3호선,옥수,7692,8279
2022-02-23,3호선,금호,7181,6833
2022-02-23,3호선,약수,11560,11295
2022-02-23,3호선,동대입구,6540,6883
2022-02-23,3호선,충무로,1,0
2022-02-23,3호선,을지로3가,9663,9704
2022-02-23,3호선,종로3가,9555,10737
2022-02-23,3호선,안국,18003,18425
2022-02-23,3호선,경복궁,17514,17352
2022-02-23,3호선,독립문,6048,6198
2022-02-23,3호선,무악재,3448,3556
2022-02-23,3호선,홍제,15521,15031
2022-02-23,3호선,녹번,13986,12855
2022-02-23,3호선,불광,14575,15391
2022-02-23,3호선,연신내,32679,31453
2022-02-23,3호선,구파발,18654,17647
2022-02-23,3호선,지축,4141,3989
2022-02-24,3호선,안국,17590,17971
2022-02-24,3호선,지축,4120,3924
2022-02-24,3호선,구파발,18524,17717
2022-02-24,3호선,연신내,32820,31236
2022-02-24,3호선,불광,14789,15809
2022-02-24,3호선,녹번,13991,12630
2022-02-24,3호선,홍제,15763,15105
2022-02-24,3호선,무악재,3530,3600
2022-02-24,3호선,독립문,6161,6386
2022-02-24,3호선,경복궁,17286,17274
2022-02-24,3호선,종로3가,9649,10929
2022-02-24,3호선,을지로3가,9438,9520
2022-02-24,3호선,동대입구,7109,7582
2022-02-24,3호선,약수,11588,11120
2022-02-24,3호선,금호,7158,6690
2022-02-24,3호선,옥수,7815,8208
2022-02-24,3호선,압구정,29278,30924
2022-02-24,3호선,신사,28939,29897
2022-02-24,3호선,잠원,4196,4200
2022-02-24,3호선,고속터미널,33755,32848
2022-02-24,3호선,교대,13076,8584
2022-02-24,3호선,남부터미널,26310,26764
2022-02-24,3호선,양재,35453,38382
2022-02-24,3호선,매봉,11608,11045
2022-02-24,3호선,도곡,4715,4875
2022-02-24,3호선,대치,10618,10519
2022-02-24,3호선,학여울,1611,1595
2022-02-24,3호선,대청,9037,8525
2022-02-24,3호선,일원,8949,8643
2022-02-24,3호선,수서,15291,15710
2022-02-24,3호선,가락시장,8173,7901
2022-02-24,3호선,경찰병원,6733,6790
2022-02-24,3호선,오금,5703,5149
2022-02-25,3호선,홍제,16218,15640
2022-02-25,3호선,지축,4276,3990
2022-02-25,3호선,구파발,19135,18054
2022-02-25,3호선,연신내,34257,32925
2022-02-25,3호선,불광,15249,16161
2022-02-25,3호선,녹번,14215,12819
2022-02-25,3호선,무악재,3621,3582
2022-02-25,3호선,독립문,6333,6497
2022-02-25,3호선,경복궁,18138,18060
2022-02-25,3호선,안국,17652,18238
2022-02-25,3호선,종로3가,9880,11186
2022-02-25,3호선,을지로3가,9652,9830
2022-02-25,3호선,충무로,1,0
2022-02-25,3호선,동대입구,6910,7284
2022-02-25,3호선,약수,12118,11731
2022-02-25,3호선,금호,7457,6980
2022-02-25,3호선,옥수,8147,8473
2022-02-25,3호선,압구정,31199,33715
2022-02-25,3호선,신사,30919,32142
2022-02-25,3호선,잠원,4509,4357
2022-02-25,3호선,고속터미널,38343,40062
2022-02-25,3호선,교대,13332,8458
2022-02-25,3호선,남부터미널,28220,28723
2022-02-25,3호선,양재,36322,38374
2022-02-25,3호선,매봉,11473,10983
2022-02-25,3호선,도곡,4935,4962
2022-02-25,3호선,대치,10968,11050
2022-02-25,3호선,학여울,2602,2725
2022-02-25,3호선,대청,9418,8762
2022-02-25,3호선,일원,9123,8744
2022-02-25,3호선,수서,16799,17108
2022-02-25,3호선,가락시장,8471,8334
2022-02-25,3호선,경찰병원,6836,6736
2022-02-25,3호선,오금,5796,5121
2022-02-26,3호선,수서,11261,11696
2022-02-26,3호선,가락시장,5107,4870
2022-02-26,3호선,경찰병원,3549,3414
2022-02-26,3호선,오금,3252,2985
2022-02-26,3호선,매봉,5322,5104
2022-02-26,3호선,지축,2582,2382
2022-02-26,3호선,구파발,12097,12104
2022-02-26,3호선,연신내,24862,23406
2022-02-26,3호선,불광,10823,12187
2022-02-26,3호선,녹번,8785,7871
2022-02-26,3호선,홍제,11187,10777
2022-02-26,3호선,무악재,2222,2376
2022-02-26,3호선,독립문,4902,5018
2022-02-26,3호선,경복궁,11944,12207
2022-02-26,3호선,안국,11321,12057
2022-02-26,3호선,종로3가,4917,6588
2022-02-26,3호선,을지로3가,4202,4325
2022-02-26,3호선,동대입구,5804,6238
2022-02-26,3호선,약수,7893,7334
2022-02-26,3호선,금호,5059,4639
2022-02-26,3호선,옥수,5475,5716
2022-02-26,3호선,압구정,21643,22667
2022-02-26,3호선,신사,22714,23084
2022-02-26,3호선,잠원,3058,2967
2022-02-26,3호선,고속터미널,37745,38612
2022-02-26,3호선,교대,5917,3639
2022-02-26,3호선,남부터미널,17810,18139
2022-02-26,3호선,양재,18028,19152
2022-02-26,3호선,도곡,2948,2969
2022-02-26,3호선,대치,8356,7572
2022-02-26,3호선,학여울,1579,1562
2022-02-26,3호선,대청,5250,4780
2022-02-26,3호선,일원,4212,4161
2022-02-27,3호선,지축,1955,1830
2022-02-27,3호선,구파발,9719,9805
2022-02-27,3호선,연신내,19190,17748
2022-02-27,3호선,불광,8652,10016
2022-02-27,3호선,녹번,6251,5783
2022-02-27,3호선,홍제,8189,7995
2022-02-27,3호선,무악재,1535,1813
2022-02-27,3호선,독립문,4169,4554
2022-02-27,3호선,경복궁,11135,11175
2022-02-27,3호선,안국,9305,10078
2022-02-27,3호선,종로3가,3563,4413
2022-02-27,3호선,을지로3가,2858,2673
2022-02-27,3호선,동대입구,5438,5854
2022-02-27,3호선,약수,5631,5467
2022-02-27,3호선,금호,3589,3528
2022-02-27,3호선,옥수,4511,4433
2022-02-27,3호선,압구정,12376,12869
2022-02-27,3호선,신사,12982,12915
2022-02-27,3호선,잠원,1861,1888
2022-02-27,3호선,고속터미널,31987,30119
2022-02-27,3호선,교대,3798,2411
2022-02-27,3호선,남부터미널,12153,12530
2022-02-27,3호선,양재,11763,13172
2022-02-27,3호선,매봉,3509,3381
2022-02-27,3호선,도곡,1573,1691
2022-02-27,3호선,대치,5454,4741
2022-02-27,3호선,학여울,1406,1535
2022-02-27,3호선,대청,3767,3668
2022-02-27,3호선,일원,2823,2995
2022-02-27,3호선,수서,8857,8647
2022-02-27,3호선,가락시장,3133,3309
2022-02-27,3호선,경찰병원,2271,2382
2022-02-27,3호선,오금,2416,2298
2022-02-28,3호선,지축,4106,3938
2022-02-28,3호선,구파발,18342,17446
2022-02-28,3호선,연신내,32965,31273
2022-02-28,3호선,불광,14469,15629
2022-02-28,3호선,녹번,13560,12285
2022-02-28,3호선,홍제,15655,14861
2022-02-28,3호선,무악재,3339,3431
2022-02-28,3호선,독립문,6053,6209
2022-02-28,3호선,경복궁,16409,16468
2022-02-28,3호선,안국,15518,16466
2022-02-28,3호선,종로3가,9419,11156
2022-02-28,3호선,을지로3가,8817,9115
2022-02-28,3호선,충무로,1,0
2022-02-28,3호선,동대입구,7191,7583
2022-02-28,3호선,약수,11428,10942
2022-02-28,3호선,금호,6848,6392
2022-02-28,3호선,옥수,7581,7876
2022-02-28,3호선,압구정,28631,30286
2022-02-28,3호선,신사,27435,28457
2022-02-28,3호선,잠원,4143,3958
2022-02-28,3호선,고속터미널,35460,34105
2022-02-28,3호선,교대,11975,7909
2022-02-28,3호선,남부터미널,23641,24042
2022-02-28,3호선,양재,31504,34508
2022-02-28,3호선,매봉,10293,9874
2022-02-28,3호선,도곡,4474,4698
2022-02-28,3호선,대치,10043,9971
2022-02-28,3호선,학여울,1509,1485
2022-02-28,3호선,대청,8733,7976
2022-02-28,3호선,일원,8697,8413
2022-02-28,3호선,수서,14531,14682
2022-02-28,3호선,가락시장,7643,7490
2022-02-28,3호선,경찰병원,6309,6306
2022-02-28,3호선,오금,5172,4695
2022-03-01,3호선,오금,2205,2173
2022-03-01,3호선,경찰병원,2406,2467
2022-03-01,3호선,가락시장,3876,3854
2022-03-01,3호선,수서,8241,7861
2022-03-01,3호선,일원,2909,3033
2022-03-01,3호선,대청,3992,3861
2022-03-01,3호선,학여울,715,748
2022-03-01,3호선,대치,5386,5100
2022-03-01,3호선,도곡,1819,1857
2022-03-01,3호선,매봉,3875,3778
2022-03-01,3호선,양재,11963,13387
2022-03-01,3호선,남부터미널,12136,12541
2022-03-01,3호선,교대,4175,2588
2022-03-01,3호선,고속터미널,30301,28148
2022-03-01,3호선,잠원,1957,1905
2022-03-01,3호선,신사,12472,12698
2022-03-01,3호선,압구정,12541,13110
2022-03-01,3호선,옥수,4455,4734
2022-03-01,3호선,금호,3957,3791
2022-03-01,3호선,약수,5993,5842
2022-03-01,3호선,동대입구,3941,4438
2022-03-01,3호선,을지로3가,3450,3227
2022-03-01,3호선,종로3가,4124,5498
2022-03-01,3호선,안국,10504,11366
2022-03-01,3호선,경복궁,11119,11966
2022-03-01,3호선,독립문,4890,5393
2022-03-01,3호선,무악재,1827,1922
2022-03-01,3호선,홍제,8873,8640
2022-03-01,3호선,녹번,6911,6395
2022-03-01,3호선,불광,8945,10133
2022-03-01,3호선,연신내,20147,19128
2022-03-01,3호선,구파발,9962,10251
2022-03-01,3호선,지축,2155,2020
2022-03-02,3호선,지축,4379,4152
2022-03-02,3호선,구파발,19251,18374
2022-03-02,3호선,연신내,34463,32621
2022-03-02,3호선,불광,15033,16309
2022-03-02,3호선,녹번,14644,13511
2022-03-02,3호선,홍제,16388,15852
2022-03-02,3호선,무악재,3579,3649
2022-03-02,3호선,독립문,6555,6881
2022-03-02,3호선,경복궁,18428,17872
2022-03-02,3호선,안국,18042,18279
2022-03-02,3호선,종로3가,9420,10484
2022-03-02,3호선,을지로3가,9383,9602
2022-03-02,3호선,동대입구,7645,8299
2022-03-02,3호선,약수,12159,11841
2022-03-02,3호선,금호,7287,6955
2022-03-02,3호선,옥수,8007,8488
2022-03-02,3호선,압구정,28872,30530
2022-03-02,3호선,신사,27064,27942
2022-03-02,3호선,잠원,4306,4244
2022-03-02,3호선,고속터미널,31943,29794
2022-03-02,3호선,교대,13031,8448
2022-03-02,3호선,남부터미널,25592,26076
2022-03-02,3호선,양재,35259,38242
2022-03-02,3호선,매봉,11528,10948
2022-03-02,3호선,도곡,4929,5111
2022-03-02,3호선,대치,9942,10099
2022-03-02,3호선,학여울,1777,1806
2022-03-02,3호선,대청,9663,8971
2022-03-02,3호선,일원,9707,9375
2022-03-02,3호선,수서,15085,15615
2022-03-02,3호선,가락시장,8129,8040
2022-03-02,3호선,경찰병원,6832,6812
2022-03-02,3호선,오금,5775,5250
2022-03-03,3호선,오금,5747,5307
2022-03-03,3호선,경찰병원,6908,6918
2022-03-03,3호선,가락시장,8162,7984
2022-03-03,3호선,수서,15154,15352
2022-03-03,3호선,일원,9787,9502
2022-03-03,3호선,대청,9090,8546
2022-03-03,3호선,학여울,2792,2998
2022-03-03,3호선,대치,10101,10172
2022-03-03,3호선,도곡,4906,4928
2022-03-03,3호선,매봉,11603,11165
2022-03-03,3호선,양재,35984,38713
2022-03-03,3호선,남부터미널,26067,26285
2022-03-03,3호선,교대,13329,8751
2022-03-03,3호선,고속터미널,31939,30518
2022-03-03,3호선,잠원,4372,4307
2022-03-03,3호선,신사,27592,28872
2022-03-03,3호선,압구정,28559,30297
2022-03-03,3호선,옥수,8050,8373
2022-03-03,3호선,금호,7340,6965
2022-03-03,3호선,약수,12172,11708
2022-03-03,3호선,동대입구,8142,8750
2022-03-03,3호선,충무로,1,0
2022-03-03,3호선,을지로3가,9400,9408
2022-03-03,3호선,종로3가,9199,10412
2022-03-03,3호선,안국,17951,18261
2022-03-03,3호선,경복궁,18561,18369
2022-03-03,3호선,독립문,6470,6868
2022-03-03,3호선,무악재,3713,3809
2022-03-03,3호선,홍제,16354,15712
2022-03-03,3호선,녹번,14948,13483
2022-03-03,3호선,불광,15134,16080
2022-03-03,3호선,연신내,33926,32406
2022-03-03,3호선,구파발,18979,18242
2022-03-03,3호선,지축,4398,4166
2022-03-04,3호선,오금,5820,5335
2022-03-04,3호선,경찰병원,6878,6888
2022-03-04,3호선,가락시장,8269,7951
2022-03-04,3호선,수서,16404,16606
2022-03-04,3호선,일원,9468,9108
2022-03-04,3호선,대청,9305,8701
2022-03-04,3호선,학여울,2839,3017
2022-03-04,3호선,대치,10395,10669
2022-03-04,3호선,도곡,5136,5122
2022-03-04,3호선,매봉,11527,11075
2022-03-04,3호선,양재,36440,38376
2022-03-04,3호선,남부터미널,27678,27739
2022-03-04,3호선,교대,13276,8617
2022-03-04,3호선,고속터미널,36618,37533
2022-03-04,3호선,잠원,4492,4422
2022-03-04,3호선,신사,29187,30526
2022-03-04,3호선,압구정,30455,32488
2022-03-04,3호선,옥수,7966,8332
2022-03-04,3호선,금호,7204,6900
2022-03-04,3호선,약수,12137,11898
2022-03-04,3호선,동대입구,7347,7811
2022-03-04,3호선,충무로,1,0
2022-03-04,3호선,을지로3가,9602,9658
2022-03-04,3호선,종로3가,9431,10831
2022-03-04,3호선,안국,17796,17905
2022-03-04,3호선,경복궁,17879,17348
2022-03-04,3호선,독립문,6537,6494
2022-03-04,3호선,무악재,3677,3721
2022-03-04,3호선,홍제,16080,15475
2022-03-04,3호선,녹번,14479,13091
2022-03-04,3호선,불광,14824,15910
2022-03-04,3호선,연신내,33606,32208
2022-03-04,3호선,구파발,19078,17991
2022-03-04,3호선,지축,4293,4146
2022-03-05,3호선,지축,2609,2397
2022-03-05,3호선,구파발,13234,13345
2022-03-05,3호선,연신내,25685,24267
2022-03-05,3호선,불광,11269,12748
2022-03-05,3호선,녹번,8952,7865
2022-03-05,3호선,홍제,11134,10680
2022-03-05,3호선,무악재,2422,2504
2022-03-05,3호선,독립문,5169,5560
2022-03-05,3호선,경복궁,13389,13854
2022-03-05,3호선,안국,12650,13622
2022-03-05,3호선,종로3가,5137,6655
2022-03-05,3호선,을지로3가,4229,4466
2022-03-05,3호선,동대입구,4780,5415
2022-03-05,3호선,약수,7870,7367
2022-03-05,3호선,금호,4889,4609
2022-03-05,3호선,옥수,5694,5872
2022-03-05,3호선,압구정,21519,22578
2022-03-05,3호선,신사,22898,23606
2022-03-05,3호선,잠원,2832,2785
2022-03-05,3호선,고속터미널,37456,36942
2022-03-05,3호선,교대,5873,3623
2022-03-05,3호선,남부터미널,17017,17000
2022-03-05,3호선,양재,17719,19040
2022-03-05,3호선,매봉,5096,4945
2022-03-05,3호선,도곡,2857,2876
2022-03-05,3호선,대치,8320,7563
2022-03-05,3호선,학여울,2835,3131
2022-03-05,3호선,대청,5114,4760
2022-03-05,3호선,일원,4427,4327
2022-03-05,3호선,수서,10891,11139
2022-03-05,3호선,가락시장,5047,4727
2022-03-05,3호선,경찰병원,3447,3433
2022-03-05,3호선,오금,3236,3132
2022-03-06,3호선,오금,2174,2210
2022-03-06,3호선,경찰병원,2268,2343
2022-03-06,3호선,가락시장,3048,3232
2022-03-06,3호선,수서,8610,8292
2022-03-06,3호선,일원,2832,2917
2022-03-06,3호선,대청,3556,3445
2022-03-06,3호선,학여울,2080,2252
2022-03-06,3호선,대치,5240,4602
2022-03-06,3호선,도곡,1598,1736
2022-03-06,3호선,매봉,3405,3342
2022-03-06,3호선,양재,11006,12793
2022-03-06,3호선,남부터미널,11590,12581
2022-03-06,3호선,교대,3566,2343
2022-03-06,3호선,고속터미널,30602,29341
2022-03-06,3호선,잠원,1788,1879
2022-03-06,3호선,신사,11926,11799
2022-03-06,3호선,압구정,11240,11607
2022-03-06,3호선,옥수,3886,4149
2022-03-06,3호선,금호,3463,3386
2022-03-06,3호선,약수,5588,5450
2022-03-06,3호선,동대입구,3775,4185
2022-03-06,3호선,충무로,2,0
2022-03-06,3호선,을지로3가,2520,2248
2022-03-06,3호선,종로3가,3198,3922
2022-03-06,3호선,안국,8422,8979
2022-03-06,3호선,경복궁,9258,9459
2022-03-06,3호선,독립문,3793,4205
2022-03-06,3호선,무악재,1385,1672
2022-03-06,3호선,홍제,7735,7526
2022-03-06,3호선,녹번,6237,5523
2022-03-06,3호선,불광,8111,9171
2022-03-06,3호선,연신내,18222,17106
2022-03-06,3호선,구파발,9426,9834
2022-03-06,3호선,지축,1862,1778
2022-03-07,3호선,오금,5673,5081
2022-03-07,3호선,경찰병원,6728,6788
2022-03-07,3호선,가락시장,8188,8064
2022-03-07,3호선,수서,14661,15223
2022-03-07,3호선,일원,9572,9404
2022-03-07,3호선,대청,9069,8380
2022-03-07,3호선,학여울,1587,1566
2022-03-07,3호선,대치,9909,10097
2022-03-07,3호선,도곡,4950,5109
2022-03-07,3호선,매봉,11309,10713
2022-03-07,3호선,양재,34295,37590
2022-03-07,3호선,남부터미널,25085,25528
2022-03-07,3호선,교대,12670,8463
2022-03-07,3호선,고속터미널,31899,30352
2022-03-07,3호선,잠원,4309,4170
2022-03-07,3호선,신사,27041,28120
2022-03-07,3호선,압구정,28049,30076
2022-03-07,3호선,옥수,7630,8015
2022-03-07,3호선,금호,7181,6891
2022-03-07,3호선,약수,11706,11484
2022-03-07,3호선,동대입구,8139,8851
2022-03-07,3호선,충무로,1,0
2022-03-07,3호선,을지로3가,9111,9322
2022-03-07,3호선,종로3가,8943,10251
2022-03-07,3호선,안국,16965,17245
2022-03-07,3호선,경복궁,17656,17191
2022-03-07,3호선,독립문,6250,6453
2022-03-07,3호선,무악재,3608,3742
2022-03-07,3호선,홍제,16110,15483
2022-03-07,3호선,녹번,14417,13179
2022-03-07,3호선,불광,14661,15544
2022-03-07,3호선,연신내,33030,31465
2022-03-07,3호선,구파발,18990,17950
2022-03-07,3호선,지축,4302,4100
2022-03-08,3호선,지축,4446,4136
2022-03-08,3호선,구파발,18938,18154
2022-03-08,3호선,연신내,33719,32048
2022-03-08,3호선,불광,14938,16179
2022-03-08,3호선,녹번,14760,13260
2022-03-08,3호선,홍제,16346,15570
2022-03-08,3호선,무악재,3632,3739
2022-03-08,3호선,독립문,6598,6740
2022-03-08,3호선,경복궁,19112,18605
2022-03-08,3호선,안국,17662,18363
2022-03-08,3호선,종로3가,9103,10776
2022-03-08,3호선,을지로3가,9457,9921
2022-03-08,3호선,충무로,3,0
2022-03-08,3호선,동대입구,8191,8890
2022-03-08,3호선,약수,12073,11954
2022-03-08,3호선,금호,7420,6854
2022-03-08,3호선,옥수,7971,8236
2022-03-08,3호선,압구정,29064,31150
2022-03-08,3호선,신사,28034,29462
2022-03-08,3호선,잠원,4388,4204
2022-03-08,3호선,고속터미널,33295,32389
2022-03-08,3호선,교대,13121,8767
2022-03-08,3호선,남부터미널,26257,26405
2022-03-08,3호선,양재,35588,38533
2022-03-08,3호선,매봉,11442,10804
2022-03-08,3호선,도곡,4899,5042
2022-03-08,3호선,대치,10240,10274
2022-03-08,3호선,학여울,1618,1609
2022-03-08,3호선,대청,9124,8459
2022-03-08,3호선,일원,9893,9432
2022-03-08,3호선,수서,15250,15486
2022-03-08,3호선,가락시장,8317,8066
2022-03-08,3호선,경찰병원,6965,6922
2022-03-08,3호선,오금,5656,5241
2022-03-09,3호선,오금,2297,2269
2022-03-09,3호선,경찰병원,2659,2697
2022-03-09,3호선,가락시장,4066,3979
2022-03-09,3호선,수서,7644,7700
2022-03-09,3호선,일원,3213,3279
2022-03-09,3호선,대청,4211,4084
2022-03-09,3호선,학여울,871,1055
2022-03-09,3호선,대치,5563,5359
2022-03-09,3호선,도곡,2098,2074
2022-03-09,3호선,매봉,3969,3871
2022-03-09,3호선,양재,12084,13469
2022-03-09,3호선,남부터미널,12285,12509
2022-03-09,3호선,교대,4286,2777
2022-03-09,3호선,고속터미널,28527,26957
2022-03-09,3호선,잠원,2289,2189
2022-03-09,3호선,신사,14669,14951
2022-03-09,3호선,압구정,14560,15439
2022-03-09,3호선,옥수,4857,5118
2022-03-09,3호선,금호,4193,3981
2022-03-09,3호선,약수,6701,6220
2022-03-09,3호선,동대입구,4305,5027
2022-03-09,3호선,을지로3가,3561,3537
2022-03-09,3호선,종로3가,4801,5973
2022-03-09,3호선,안국,10736,11934
2022-03-09,3호선,경복궁,11655,12565
2022-03-09,3호선,독립문,4316,4798
2022-03-09,3호선,무악재,1929,2089
2022-03-09,3호선,홍제,9284,8985
2022-03-09,3호선,녹번,7417,6652
2022-03-09,3호선,불광,9587,10918
2022-03-09,3호선,연신내,21248,20001
2022-03-09,3호선,구파발,10749,10923
2022-03-09,3호선,지축,2431,2282
2022-03-10,3호선,오금,5501,5136
2022-03-10,3호선,경찰병원,6549,6577
2022-03-10,3호선,가락시장,7821,7652
2022-03-10,3호선,수서,14485,14997
2022-03-10,3호선,일원,9686,9267
2022-03-10,3호선,대청,8777,8261
2022-03-10,3호선,학여울,1520,1561
2022-03-10,3호선,대치,9720,9859
2022-03-10,3호선,도곡,4843,5015
2022-03-10,3호선,매봉,10933,10545
2022-03-10,3호선,양재,34544,37650
2022-03-10,3호선,남부터미널,25746,26099
2022-03-10,3호선,교대,13030,8515
2022-03-10,3호선,고속터미널,32445,30256
2022-03-10,3호선,잠원,4357,4239
2022-03-10,3호선,신사,26777,27852
2022-03-10,3호선,압구정,27663,29526
2022-03-10,3호선,옥수,7715,8061
2022-03-10,3호선,금호,7184,6823
2022-03-10,3호선,약수,11422,11234
2022-03-10,3호선,동대입구,8114,8851
2022-03-10,3호선,을지로3가,8973,9134
2022-03-10,3호선,종로3가,9214,10386
2022-03-10,3호선,안국,17336,17924
2022-03-10,3호선,경복궁,18115,17547
2022-03-10,3호선,독립문,6344,6572
2022-03-10,3호선,무악재,3529,3668
2022-03-10,3호선,홍제,15971,15315
2022-03-10,3호선,녹번,14316,13002
2022-03-10,3호선,불광,14440,15511
2022-03-10,3호선,연신내,33102,31348
2022-03-10,3호선,구파발,18493,17864
2022-03-10,3호선,지축,4245,4097
2022-03-11,3호선,금호,7398,6873
2022-03-11,3호선,오금,5696,5278
2022-03-11,3호선,경찰병원,6688,6604
2022-03-11,3호선,가락시장,8604,8395
2022-03-11,3호선,수서,16373,16513
2022-03-11,3호선,일원,9613,9031
2022-03-11,3호선,대청,9121,8547
2022-03-11,3호선,학여울,1565,1560
2022-03-11,3호선,대치,10236,10365
2022-03-11,3호선,도곡,4905,4992
2022-03-11,3호선,매봉,11271,10703
2022-03-11,3호선,양재,36019,38067
2022-03-11,3호선,남부터미널,27313,27339
2022-03-11,3호선,교대,13243,8515
2022-03-11,3호선,고속터미널,37793,38573
2022-03-11,3호선,잠원,4524,4312
2022-03-11,3호선,신사,29259,30880
2022-03-11,3호선,압구정,29706,31898
2022-03-11,3호선,옥수,8133,8418
2022-03-11,3호선,약수,11859,11592
2022-03-11,3호선,동대입구,7714,8226
2022-03-11,3호선,충무로,4,0
2022-03-11,3호선,을지로3가,9421,9861
2022-03-11,3호선,종로3가,9377,11140
2022-03-11,3호선,안국,17675,18397
2022-03-11,3호선,경복궁,18045,17583
2022-03-11,3호선,독립문,6548,6840
2022-03-11,3호선,무악재,3426,3517
2022-03-11,3호선,홍제,16266,15468
2022-03-11,3호선,녹번,14540,12841
2022-03-11,3호선,불광,15014,15789
2022-03-11,3호선,연신내,34856,33369
2022-03-11,3호선,구파발,19155,18247
2022-03-11,3호선,지축,4444,4195
2022-03-12,3호선,오금,3153,2998
2022-03-12,3호선,경찰병원,3433,3215
2022-03-12,3호선,가락시장,5228,5049
2022-03-12,3호선,수서,10966,11092
2022-03-12,3호선,일원,4307,4243
2022-03-12,3호선,대청,5150,4733
2022-03-12,3호선,학여울,928,918
2022-03-12,3호선,대치,8445,7784
2022-03-12,3호선,도곡,2860,2953
2022-03-12,3호선,매봉,5077,4889
2022-03-12,3호선,양재,17581,19082
2022-03-12,3호선,남부터미널,17751,17737
2022-03-12,3호선,교대,6038,3747
2022-03-12,3호선,고속터미널,39037,38442
2022-03-12,3호선,잠원,3202,2991
2022-03-12,3호선,신사,23296,24126
2022-03-12,3호선,압구정,21277,22630
2022-03-12,3호선,옥수,5859,6024
2022-03-12,3호선,금호,5024,4630
2022-03-12,3호선,약수,7888,7635
2022-03-12,3호선,동대입구,5230,5639
2022-03-12,3호선,을지로3가,4303,4541
2022-03-12,3호선,종로3가,5061,6969
2022-03-12,3호선,안국,12323,14073
2022-03-12,3호선,경복궁,13677,14347
2022-03-12,3호선,독립문,5337,5863
2022-03-12,3호선,무악재,2250,2446
2022-03-12,3호선,홍제,11571,10998
2022-03-12,3호선,녹번,9062,7949
2022-03-12,3호선,불광,11379,12987
2022-03-12,3호선,연신내,26005,24611
2022-03-12,3호선,구파발,12976,13365
2022-03-12,3호선,지축,2850,2757
2022-03-13,3호선,오금,1928,1922
2022-03-13,3호선,경찰병원,2048,2103
2022-03-13,3호선,가락시장,2601,2926
2022-03-13,3호선,수서,8312,8067
2022-03-13,3호선,일원,2651,2760
2022-03-13,3호선,대청,3261,3171
2022-03-13,3호선,학여울,670,664
2022-03-13,3호선,대치,5188,4438
2022-03-13,3호선,도곡,1399,1431
2022-03-13,3호선,매봉,3136,3073
2022-03-13,3호선,양재,10167,11891
2022-03-13,3호선,남부터미널,11086,12178
2022-03-13,3호선,교대,3446,2236
2022-03-13,3호선,고속터미널,30023,29525
2022-03-13,3호선,잠원,1617,1571
2022-03-13,3호선,신사,11008,10902
2022-03-13,3호선,압구정,10539,10971
2022-03-13,3호선,옥수,3513,3685
2022-03-13,3호선,금호,3071,3021
2022-03-13,3호선,약수,4966,4836
2022-03-13,3호선,동대입구,3520,3673
2022-03-13,3호선,을지로3가,2426,2134
2022-03-13,3호선,종로3가,2870,3668
2022-03-13,3호선,안국,6938,7557
2022-03-13,3호선,경복궁,7022,7230
2022-03-13,3호선,독립문,3148,3280
2022-03-13,3호선,무악재,1304,1340
2022-03-13,3호선,홍제,6923,6593
2022-03-13,3호선,녹번,5621,5025
2022-03-13,3호선,불광,6776,7560
2022-03-13,3호선,연신내,15638,15194
2022-03-13,3호선,구파발,8093,7975
2022-03-13,3호선,지축,1604,1557
2022-03-14,3호선,충무로,1,0
2022-03-14,3호선,동대입구,7982,8384
2022-03-14,3호선,약수,11148,11145
2022-03-14,3호선,금호,6740,6509
2022-03-14,3호선,옥수,7298,7699
2022-03-14,3호선,압구정,26892,28525
2022-03-14,3호선,신사,26309,27323
2022-03-14,3호선,잠원,4109,4041
2022-03-14,3호선,고속터미널,31515,30225
2022-03-14,3호선,교대,12462,8178
2022-03-14,3호선,남부터미널,24114,24775
2022-03-14,3호선,양재,33682,36559
2022-03-14,3호선,매봉,10817,10408
2022-03-14,3호선,도곡,4840,4868
2022-03-14,3호선,대치,9637,9988
2022-03-14,3호선,학여울,1508,1560
2022-03-14,3호선,대청,9210,8460
2022-03-14,3호선,일원,9480,9153
2022-03-14,3호선,수서,14588,15092
2022-03-14,3호선,가락시장,7817,7626
2022-03-14,3호선,경찰병원,6777,6822
2022-03-14,3호선,오금,5468,4954
2022-03-14,3호선,을지로3가,9114,9055
2022-03-14,3호선,지축,4151,4020
2022-03-14,3호선,구파발,17765,16989
2022-03-14,3호선,연신내,31631,29874
2022-03-14,3호선,불광,13743,14570
2022-03-14,3호선,녹번,13820,12556
2022-03-14,3호선,홍제,15604,14992
2022-03-14,3호선,무악재,3332,3530
2022-03-14,3호선,독립문,5831,6079
2022-03-14,3호선,경복궁,16890,16452
2022-03-14,3호선,안국,16314,16316
2022-03-14,3호선,종로3가,8924,9855
2022-03-15,3호선,지축,4434,4167
2022-03-15,3호선,구파발,18706,17982
2022-03-15,3호선,연신내,33375,31884
2022-03-15,3호선,불광,14940,15781
2022-03-15,3호선,녹번,14315,13057
2022-03-15,3호선,홍제,15992,15588
2022-03-15,3호선,무악재,3552,3530
2022-03-15,3호선,독립문,6409,6638
2022-03-15,3호선,경복궁,18197,17636
2022-03-15,3호선,안국,17264,17701
2022-03-15,3호선,종로3가,9011,10305
2022-03-15,3호선,을지로3가,9037,9220
2022-03-15,3호선,동대입구,7997,8669
2022-03-15,3호선,약수,11672,11345
2022-03-15,3호선,금호,7060,6726
2022-03-15,3호선,옥수,7791,8115
2022-03-15,3호선,압구정,28304,30001
2022-03-15,3호선,신사,26726,27835
2022-03-15,3호선,잠원,4336,4270
2022-03-15,3호선,고속터미널,31037,29692
2022-03-15,3호선,교대,12828,8355
2022-03-15,3호선,남부터미널,24776,25471
2022-03-15,3호선,양재,34533,37199
2022-03-15,3호선,매봉,11048,10541
2022-03-15,3호선,도곡,4791,4920
2022-03-15,3호선,대치,9965,10107
2022-03-15,3호선,학여울,1754,1711
2022-03-15,3호선,대청,9367,8593
2022-03-15,3호선,일원,9710,9432
2022-03-15,3호선,수서,14428,14827
2022-03-15,3호선,가락시장,8122,8003
2022-03-15,3호선,경찰병원,6642,6624
2022-03-15,3호선,오금,5563,5128
2022-03-16,3호선,지축,4495,4199
2022-03-16,3호선,구파발,18464,17956
2022-03-16,3호선,연신내,33177,31425
2022-03-16,3호선,불광,14843,15951
2022-03-16,3호선,녹번,14284,12924
2022-03-16,3호선,홍제,15985,15171
2022-03-16,3호선,무악재,3504,3600
2022-03-16,3호선,독립문,6454,6645
2022-03-16,3호선,경복궁,18462,18137
2022-03-16,3호선,안국,17824,18248
2022-03-16,3호선,종로3가,8966,10278
2022-03-16,3호선,을지로3가,9230,9403
2022-03-16,3호선,동대입구,8284,9050
2022-03-16,3호선,약수,11684,11289
2022-03-16,3호선,금호,7065,6607
2022-03-16,3호선,옥수,7711,8082
2022-03-16,3호선,압구정,27571,29159
2022-03-16,3호선,신사,26749,27823
2022-03-16,3호선,잠원,4330,4183
2022-03-16,3호선,고속터미널,31214,29780
2022-03-16,3호선,교대,13151,8369
2022-03-16,3호선,남부터미널,25318,25812
2022-03-16,3호선,양재,34222,37217
2022-03-16,3호선,매봉,11181,10607
2022-03-16,3호선,도곡,4730,4990
2022-03-16,3호선,대치,9541,9794
2022-03-16,3호선,학여울,2548,2579
2022-03-16,3호선,대청,9258,8348
2022-03-16,3호선,일원,9512,9216
2022-03-16,3호선,수서,14563,14801
2022-03-16,3호선,가락시장,7980,7768
2022-03-16,3호선,경찰병원,6456,6495
2022-03-16,3호선,오금,5524,5091
2022-03-17,3호선,지축,4351,4067
2022-03-17,3호선,구파발,18462,17543
2022-03-17,3호선,연신내,32546,31062
2022-03-17,3호선,불광,14293,15312
2022-03-17,3호선,녹번,14081,12640
2022-03-17,3호선,홍제,15964,15198
2022-03-17,3호선,무악재,3414,3509
2022-03-17,3호선,독립문,6084,6430
2022-03-17,3호선,경복궁,18046,17465
2022-03-17,3호선,안국,17466,17819
2022-03-17,3호선,종로3가,9021,10119
2022-03-17,3호선,을지로3가,9151,9045
2022-03-17,3호선,충무로,1,0
2022-03-17,3호선,동대입구,8008,8759
2022-03-17,3호선,약수,11509,11204
2022-03-17,3호선,금호,6844,6542
2022-03-17,3호선,옥수,7578,7895
2022-03-17,3호선,압구정,26736,28453
2022-03-17,3호선,신사,26952,27554
2022-03-17,3호선,잠원,4226,4161
2022-03-17,3호선,고속터미널,31145,29889
2022-03-17,3호선,교대,12852,8343
2022-03-17,3호선,남부터미널,25354,25753
2022-03-17,3호선,양재,34071,36821
2022-03-17,3호선,매봉,10836,10282
2022-03-17,3호선,도곡,4609,4885
2022-03-17,3호선,대치,9711,9815
2022-03-17,3호선,학여울,2651,2797
2022-03-17,3호선,대청,9186,8460
2022-03-17,3호선,일원,9321,9161
2022-03-17,3호선,수서,14592,14765
2022-03-17,3호선,가락시장,7853,7662
2022-03-17,3호선,경찰병원,6517,6533
2022-03-17,3호선,오금,5465,5021
2022-03-18,3호선,오금,5745,5183
2022-03-18,3호선,경찰병원,6598,6398
2022-03-18,3호선,가락시장,8145,7968
2022-03-18,3호선,수서,16385,16464
2022-03-18,3호선,일원,9602,8947
2022-03-18,3호선,대청,9335,8488
2022-03-18,3호선,학여울,2889,3002
2022-03-18,3호선,대치,10031,10120
2022-03-18,3호선,도곡,4670,4888
2022-03-18,3호선,매봉,10822,10406
2022-03-18,3호선,양재,35369,37285
2022-03-18,3호선,남부터미널,27256,27502
2022-03-18,3호선,교대,13079,8242
2022-03-18,3호선,고속터미널,37200,38152
2022-03-18,3호선,잠원,4240,4166
2022-03-18,3호선,신사,29209,30597
2022-03-18,3호선,압구정,29025,31113
2022-03-18,3호선,옥수,7672,8014
2022-03-18,3호선,금호,7070,6535
2022-03-18,3호선,약수,11817,11339
2022-03-18,3호선,동대입구,7175,7526
2022-03-18,3호선,충무로,1,0
2022-03-18,3호선,을지로3가,9313,9603
2022-03-18,3호선,종로3가,9269,10708
2022-03-18,3호선,안국,17824,18169
2022-03-18,3호선,경복궁,17934,17393
2022-03-18,3호선,독립문,6125,6282
2022-03-18,3호선,무악재,3446,3451
2022-03-18,3호선,홍제,15954,15100
2022-03-18,3호선,녹번,14044,12495
2022-03-18,3호선,불광,14379,15331
2022-03-18,3호선,연신내,33219,31768
2022-03-18,3호선,구파발,18182,17443
2022-03-18,3호선,지축,4250,4053
2022-03-19,3호선,오금,2932,2824
2022-03-19,3호선,경찰병원,3273,3140
2022-03-19,3호선,가락시장,4649,4361
2022-03-19,3호선,수서,10650,10518
2022-03-19,3호선,일원,3781,3731
2022-03-19,3호선,대청,4759,4393
2022-03-19,3호선,학여울,2600,2869
2022-03-19,3호선,대치,8082,7153
2022-03-19,3호선,도곡,2540,2634
2022-03-19,3호선,매봉,4882,4744
2022-03-19,3호선,양재,16388,17790
2022-03-19,3호선,남부터미널,16157,15799
2022-03-19,3호선,교대,5677,3519
2022-03-19,3호선,고속터미널,37079,36866
2022-03-19,3호선,잠원,2749,2644
2022-03-19,3호선,신사,21862,22911
2022-03-19,3호선,압구정,20339,21456
2022-03-19,3호선,옥수,5239,5332
2022-03-19,3호선,금호,4547,4227
2022-03-19,3호선,약수,7062,6789
2022-03-19,3호선,동대입구,4989,5298
2022-03-19,3호선,을지로3가,4009,4223
2022-03-19,3호선,종로3가,4812,6390
2022-03-19,3호선,안국,10481,11869
2022-03-19,3호선,경복궁,10418,10500
2022-03-19,3호선,독립문,4064,4270
2022-03-19,3호선,무악재,2073,2075
2022-03-19,3호선,홍제,10163,9498
2022-03-19,3호선,녹번,8148,7260
2022-03-19,3호선,불광,9619,10477
2022-03-19,3호선,연신내,22787,22118
2022-03-19,3호선,구파발,11133,11041
2022-03-19,3호선,지축,2427,2262
2022-03-20,3호선,오금,2232,2236
2022-03-20,3호선,경찰병원,2231,2343
2022-03-20,3호선,가락시장,3145,3310
2022-03-20,3호선,수서,9075,8900
2022-03-20,3호선,일원,2881,3015
2022-03-20,3호선,대청,3536,3465
2022-03-20,3호선,학여울,2513,2837
2022-03-20,3호선,대치,5386,4691
2022-03-20,3호선,도곡,1722,1904
2022-03-20,3호선,매봉,3596,3531
2022-03-20,3호선,양재,11533,13433
2022-03-20,3호선,남부터미널,11592,12473
2022-03-20,3호선,교대,3732,2249
2022-03-20,3호선,고속터미널,32572,31444
2022-03-20,3호선,잠원,1825,1837
2022-03-20,3호선,신사,13113,13217
2022-03-20,3호선,압구정,11875,12364
2022-03-20,3호선,옥수,4161,4394
2022-03-20,3호선,금호,3495,3399
2022-03-20,3호선,약수,5608,5524
2022-03-20,3호선,동대입구,4560,4949
2022-03-20,3호선,을지로3가,2738,2600
2022-03-20,3호선,안국,10060,10574
2022-03-20,3호선,경복궁,10168,10407
2022-03-20,3호선,독립문,3610,4061
2022-03-20,3호선,무악재,1552,1677
2022-03-20,3호선,홍제,7885,7576
2022-03-20,3호선,녹번,5957,5527
2022-03-20,3호선,불광,8456,9914
2022-03-20,3호선,연신내,18319,17351
2022-03-20,3호선,구파발,9662,9900
2022-03-20,3호선,지축,1919,1851
2022-03-20,3호선,종로3가,3430,4292
2022-03-21,3호선,지축,4388,4174
2022-03-21,3호선,구파발,18705,17691
2022-03-21,3호선,연신내,33005,31233
2022-03-21,3호선,불광,14489,15428
2022-03-21,3호선,녹번,14133,12947
2022-03-21,3호선,홍제,16176,15383
2022-03-21,3호선,무악재,3490,3571
2022-03-21,3호선,독립문,5974,6288
2022-03-21,3호선,경복궁,18042,17528
2022-03-21,3호선,안국,17220,17424
2022-03-21,3호선,종로3가,8929,10090
2022-03-21,3호선,을지로3가,9023,9152
2022-03-21,3호선,충무로,1,0
2022-03-21,3호선,동대입구,8087,8712
2022-03-21,3호선,약수,11374,11187
2022-03-21,3호선,금호,6912,6608
2022-03-21,3호선,옥수,7404,7917
2022-03-21,3호선,압구정,25718,27518
2022-03-21,3호선,신사,26823,27827
2022-03-21,3호선,잠원,4255,4090
2022-03-21,3호선,고속터미널,27857,26587
2022-03-21,3호선,교대,12506,8258
2022-03-21,3호선,남부터미널,24723,25528
2022-03-21,3호선,양재,33956,36995
2022-03-21,3호선,매봉,11185,10582
2022-03-21,3호선,도곡,4866,4946
2022-03-21,3호선,대치,9761,9980
2022-03-21,3호선,학여울,1488,1506
2022-03-21,3호선,대청,9501,8659
2022-03-21,3호선,일원,9358,8915
2022-03-21,3호선,수서,14638,15260
2022-03-21,3호선,가락시장,8074,7803
2022-03-21,3호선,경찰병원,6652,6776
2022-03-21,3호선,오금,5615,5069
2022-03-22,3호선,지축,4400,4270
2022-03-22,3호선,구파발,18829,18169
2022-03-22,3호선,연신내,33242,31771
2022-03-22,3호선,불광,14783,15785
2022-03-22,3호선,녹번,14272,13092
2022-03-22,3호선,홍제,16551,15668
2022-03-22,3호선,무악재,3557,3678
2022-03-22,3호선,독립문,6289,6615
2022-03-22,3호선,경복궁,18775,18393
2022-03-22,3호선,안국,18080,18865
2022-03-22,3호선,종로3가,9119,10407
2022-03-22,3호선,을지로3가,9121,9245
2022-03-22,3호선,충무로,1,0
2022-03-22,3호선,동대입구,8419,9074
2022-03-22,3호선,약수,11761,11424
2022-03-22,3호선,금호,7053,6722
2022-03-22,3호선,옥수,7883,8278
2022-03-22,3호선,압구정,28607,30450
2022-03-22,3호선,신사,27798,28722
2022-03-22,3호선,잠원,4249,4193
2022-03-22,3호선,고속터미널,31875,30388
2022-03-22,3호선,교대,13183,8515
2022-03-22,3호선,남부터미널,25251,25837
2022-03-22,3호선,양재,34520,37593
2022-03-22,3호선,매봉,11260,10808
2022-03-22,3호선,도곡,4784,4981
2022-03-22,3호선,대치,9796,9976
2022-03-22,3호선,학여울,1580,1619
2022-03-22,3호선,대청,9412,8580
2022-03-22,3호선,일원,9601,9189
2022-03-22,3호선,수서,14440,15007
2022-03-22,3호선,가락시장,8134,7947
2022-03-22,3호선,경찰병원,6814,6776
2022-03-22,3호선,오금,5685,5219
2022-03-23,3호선,지축,4453,4181
2022-03-23,3호선,구파발,18663,17771
2022-03-23,3호선,연신내,33269,31488
2022-03-23,3호선,불광,14434,15445
2022-03-23,3호선,녹번,14337,12913
2022-03-23,3호선,홍제,16337,15662
2022-03-23,3호선,무악재,3535,3631
2022-03-23,3호선,독립문,6120,6453
2022-03-23,3호선,경복궁,19370,18832
2022-03-23,3호선,안국,18028,18850
2022-03-23,3호선,종로3가,9255,10490
2022-03-23,3호선,을지로3가,9193,9349
2022-03-23,3호선,충무로,1,0
2022-03-23,3호선,동대입구,8349,9113
2022-03-23,3호선,약수,11780,11469
2022-03-23,3호선,금호,6927,6515
2022-03-23,3호선,옥수,7689,8097
2022-03-23,3호선,압구정,27722,29363
2022-03-23,3호선,신사,26685,27619
2022-03-23,3호선,잠원,4245,4194
2022-03-23,3호선,고속터미널,31718,30482
2022-03-23,3호선,교대,12918,8515
2022-03-23,3호선,남부터미널,25047,25426
2022-03-23,3호선,양재,34686,37553
2022-03-23,3호선,매봉,11130,10805
2022-03-23,3호선,도곡,4794,4939
2022-03-23,3호선,대치,9494,9731
2022-03-23,3호선,학여울,1657,1708
2022-03-23,3호선,대청,9328,8607
2022-03-23,3호선,일원,9394,9026
2022-03-23,3호선,수서,14653,15171
2022-03-23,3호선,가락시장,8053,7897
2022-03-23,3호선,경찰병원,6701,6728
2022-03-23,3호선,오금,5615,5162
2022-03-24,3호선,지축,4361,4139
2022-03-24,3호선,구파발,18770,18090
2022-03-24,3호선,연신내,33617,31663
2022-03-24,3호선,불광,14625,15666
2022-03-24,3호선,녹번,14345,13067
2022-03-24,3호선,홍제,16325,15477
2022-03-24,3호선,무악재,3643,3732
2022-03-24,3호선,독립문,6222,6586
2022-03-24,3호선,경복궁,19531,19213
2022-03-24,3호선,안국,18623,19796
2022-03-24,3호선,종로3가,9153,10380
2022-03-24,3호선,을지로3가,9414,9691
2022-03-24,3호선,충무로,2,0
2022-03-24,3호선,동대입구,8057,8754
2022-03-24,3호선,약수,11702,11567
2022-03-24,3호선,금호,6987,6504
2022-03-24,3호선,옥수,7931,8534
2022-03-24,3호선,압구정,27243,28960
2022-03-24,3호선,신사,27236,28694
2022-03-24,3호선,잠원,4310,4150
2022-03-24,3호선,고속터미널,33015,31772
2022-03-24,3호선,교대,13651,8777
2022-03-24,3호선,남부터미널,25452,25793
2022-03-24,3호선,양재,34740,37366
2022-03-24,3호선,매봉,11221,10659
2022-03-24,3호선,도곡,4763,4920
2022-03-24,3호선,대치,9832,9737
2022-03-24,3호선,학여울,3110,3416
2022-03-24,3호선,대청,9413,8440
2022-03-24,3호선,일원,9844,9294
2022-03-24,3호선,수서,15125,15362
2022-03-24,3호선,가락시장,8085,7853
2022-03-24,3호선,경찰병원,6426,6340
2022-03-24,3호선,오금,5726,5309
2022-03-25,3호선,지축,4497,4198
2022-03-25,3호선,구파발,18985,18221
2022-03-25,3호선,연신내,34521,32512
2022-03-25,3호선,불광,15203,16423
2022-03-25,3호선,녹번,14235,12961
2022-03-25,3호선,홍제,16403,15996
2022-03-25,3호선,무악재,3543,3603
2022-03-25,3호선,독립문,6356,6617
2022-03-25,3호선,경복궁,19005,17737
2022-03-25,3호선,안국,19043,18925
2022-03-25,3호선,종로3가,9703,11212
2022-03-25,3호선,을지로3가,9769,9821
2022-03-25,3호선,동대입구,7616,8181
2022-03-25,3호선,약수,12277,12283
2022-03-25,3호선,금호,7363,7118
2022-03-25,3호선,옥수,7938,8412
2022-03-25,3호선,압구정,29777,31751
2022-03-25,3호선,신사,30409,31895
2022-03-25,3호선,잠원,4475,4738
2022-03-25,3호선,고속터미널,39498,41154
2022-03-25,3호선,교대,13380,8585
2022-03-25,3호선,남부터미널,27908,27570
2022-03-25,3호선,양재,36561,37763
2022-03-25,3호선,매봉,11223,10635
2022-03-25,3호선,도곡,4962,5289
2022-03-25,3호선,대치,10195,10365
2022-03-25,3호선,학여울,2896,2981
2022-03-25,3호선,대청,9794,9021
2022-03-25,3호선,일원,9244,8790
2022-03-25,3호선,수서,16770,17026
2022-03-25,3호선,가락시장,8531,8391
2022-03-25,3호선,경찰병원,6832,6779
2022-03-25,3호선,오금,5774,5310
2022-03-26,3호선,매봉,4990,4952
2022-03-26,3호선,양재,17080,18879
2022-03-26,3호선,남부터미널,17541,17499
2022-03-26,3호선,교대,5935,3634
2022-03-26,3호선,고속터미널,39104,38984
2022-03-26,3호선,잠원,2774,2637
2022-03-26,3호선,신사,23548,24538
2022-03-26,3호선,압구정,21327,22421
2022-03-26,3호선,옥수,5656,5829
2022-03-26,3호선,금호,4857,4623
2022-03-26,3호선,약수,7675,7324
2022-03-26,3호선,동대입구,5374,5713
2022-03-26,3호선,충무로,4,0
2022-03-26,3호선,을지로3가,4405,4617
2022-03-26,3호선,종로3가,5077,6740
2022-03-26,3호선,안국,12238,13999
2022-03-26,3호선,경복궁,12662,13191
2022-03-26,3호선,독립문,4630,4937
2022-03-26,3호선,무악재,2209,2197
2022-03-26,3호선,홍제,10584,9922
2022-03-26,3호선,녹번,8763,7732
2022-03-26,3호선,불광,10252,11445
2022-03-26,3호선,연신내,24512,23255
2022-03-26,3호선,구파발,12154,12127
2022-03-26,3호선,지축,2671,2459
2022-03-26,3호선,오금,3112,2912
2022-03-26,3호선,경찰병원,3274,3144
2022-03-26,3호선,가락시장,5196,4805
2022-03-26,3호선,수서,11024,11055
2022-03-26,3호선,일원,3934,3864
2022-03-26,3호선,대청,5056,4574
2022-03-26,3호선,학여울,3069,3588
2022-03-26,3호선,대치,8352,7620
2022-03-26,3호선,도곡,2811,2905
2022-03-27,3호선,오금,2267,2216
2022-03-27,3호선,경찰병원,2374,2536
2022-03-27,3호선,가락시장,3228,3425
2022-03-27,3호선,수서,9152,9091
2022-03-27,3호선,일원,2966,3137
2022-03-27,3호선,대청,3811,3772
2022-03-27,3호선,학여울,2455,2838
2022-03-27,3호선,대치,5497,4800
2022-03-27,3호선,도곡,1672,1938
2022-03-27,3호선,매봉,3695,3617
2022-03-27,3호선,양재,11835,13553
2022-03-27,3호선,남부터미널,13097,14145
2022-03-27,3호선,교대,3957,2541
2022-03-27,3호선,고속터미널,34862,33662
2022-03-27,3호선,잠원,1988,2062
2022-03-27,3호선,신사,13921,13844
2022-03-27,3호선,압구정,12521,12782
2022-03-27,3호선,옥수,4526,4714
2022-03-27,3호선,금호,3759,3723
2022-03-27,3호선,약수,5886,5889
2022-03-27,3호선,동대입구,4643,5207
2022-03-27,3호선,충무로,1,0
2022-03-27,3호선,을지로3가,2942,2681
2022-03-27,3호선,종로3가,3642,4306
2022-03-27,3호선,안국,11385,12312
2022-03-27,3호선,경복궁,12414,13040
2022-03-27,3호선,독립문,4066,4444
2022-03-27,3호선,무악재,1656,1910
2022-03-27,3호선,홍제,8391,8159
2022-03-27,3호선,녹번,6581,6021
2022-03-27,3호선,불광,9103,10382
2022-03-27,3호선,연신내,19566,18608
2022-03-27,3호선,구파발,10212,10436
2022-03-27,3호선,지축,2151,1950
2022-03-28,3호선,지축,4636,4334
2022-03-28,3호선,구파발,18986,18156
2022-03-28,3호선,연신내,34187,32444
2022-03-28,3호선,불광,14790,15979
2022-03-28,3호선,녹번,14634,13431
2022-03-28,3호선,홍제,16448,15859
2022-03-28,3호선,무악재,3586,3669
2022-03-28,3호선,독립문,6303,6755
2022-03-28,3호선,경복궁,19024,18449
2022-03-28,3호선,안국,18051,18274
2022-03-28,3호선,종로3가,9250,10178
2022-03-28,3호선,을지로3가,9423,9469
2022-03-28,3호선,충무로,4,0
2022-03-28,3호선,동대입구,8239,8803
2022-03-28,3호선,약수,11832,11669
2022-03-28,3호선,금호,7199,6956
2022-03-28,3호선,옥수,7898,8280
2022-03-28,3호선,압구정,28017,29534
2022-03-28,3호선,신사,27244,28096
2022-03-28,3호선,잠원,4368,4238
2022-03-28,3호선,고속터미널,33291,31945
2022-03-28,3호선,교대,12878,8436
2022-03-28,3호선,남부터미널,25195,25771
2022-03-28,3호선,양재,34465,37584
2022-03-28,3호선,매봉,11113,10509
2022-03-28,3호선,도곡,4908,5058
2022-03-28,3호선,대치,10074,10161
2022-03-28,3호선,학여울,1576,1607
2022-03-28,3호선,대청,9620,8816
2022-03-28,3호선,일원,9681,9466
2022-03-28,3호선,수서,15341,15733
2022-03-28,3호선,가락시장,8377,8165
2022-03-28,3호선,경찰병원,6807,6870
2022-03-28,3호선,오금,5855,5216
2022-03-29,3호선,잠원,4452,4517
2022-03-29,3호선,지축,4640,4444
2022-03-29,3호선,구파발,19379,18560
2022-03-29,3호선,연신내,34531,32538
2022-03-29,3호선,불광,15167,16280
2022-03-29,3호선,녹번,14882,13501
2022-03-29,3호선,홍제,16499,15844
2022-03-29,3호선,무악재,3600,3692
2022-03-29,3호선,독립문,6560,6870
2022-03-29,3호선,경복궁,19796,19211
2022-03-29,3호선,안국,18795,19853
2022-03-29,3호선,종로3가,9297,10369
2022-03-29,3호선,을지로3가,9581,9808
2022-03-29,3호선,충무로,3,0
2022-03-29,3호선,동대입구,8238,9036
2022-03-29,3호선,약수,12223,11975
2022-03-29,3호선,금호,7386,6946
2022-03-29,3호선,옥수,8202,8587
2022-03-29,3호선,압구정,28958,30822
2022-03-29,3호선,신사,28157,29250
2022-03-29,3호선,고속터미널,32684,31025
2022-03-29,3호선,교대,13442,8625
2022-03-29,3호선,남부터미널,25575,26029
2022-03-29,3호선,양재,35208,38492
2022-03-29,3호선,매봉,11311,10830
2022-03-29,3호선,도곡,4949,5012
2022-03-29,3호선,대치,10155,10074
2022-03-29,3호선,학여울,1662,1670
2022-03-29,3호선,대청,9577,8801
2022-03-29,3호선,일원,9860,9543
2022-03-29,3호선,수서,15168,15438
2022-03-29,3호선,가락시장,8410,8209
2022-03-29,3호선,경찰병원,6786,6865
2022-03-29,3호선,오금,5792,5285
2022-03-30,3호선,지축,4505,4282
2022-03-30,3호선,구파발,18806,18272
2022-03-30,3호선,연신내,33590,31724
2022-03-30,3호선,불광,14615,15744
2022-03-30,3호선,녹번,14723,13411
2022-03-30,3호선,홍제,16415,15632
2022-03-30,3호선,무악재,3522,3587
2022-03-30,3호선,독립문,6147,6528
2022-03-30,3호선,경복궁,19632,19079
2022-03-30,3호선,안국,19045,19673
2022-03-30,3호선,종로3가,9289,10270
2022-03-30,3호선,을지로3가,9695,9710
2022-03-30,3호선,충무로,1,0
2022-03-30,3호선,동대입구,8013,8733
2022-03-30,3호선,약수,12153,11882
2022-03-30,3호선,금호,7245,6829
2022-03-30,3호선,옥수,7989,8322
2022-03-30,3호선,압구정,27841,29679
2022-03-30,3호선,신사,26902,27813
2022-03-30,3호선,잠원,4446,4293
2022-03-30,3호선,고속터미널,31744,30283
2022-03-30,3호선,교대,13223,8717
2022-03-30,3호선,남부터미널,25503,26105
2022-03-30,3호선,양재,35371,38374
2022-03-30,3호선,매봉,11371,10760
2022-03-30,3호선,도곡,4816,5020
2022-03-30,3호선,대치,9790,9928
2022-03-30,3호선,학여울,1569,1653
2022-03-30,3호선,대청,9653,8740
2022-03-30,3호선,일원,9559,9151
2022-03-30,3호선,수서,14964,15367
2022-03-30,3호선,가락시장,8236,8107
2022-03-30,3호선,경찰병원,6909,6889
2022-03-30,3호선,오금,5826,5257
2022-03-31,3호선,지축,4594,4268
2022-03-31,3호선,구파발,19171,18337
2022-03-31,3호선,연신내,34437,32652
2022-03-31,3호선,불광,15188,16221
2022-03-31,3호선,녹번,14755,13461
2022-03-31,3호선,홍제,16840,15916
2022-03-31,3호선,무악재,3613,3612
2022-03-31,3호선,독립문,6387,6829
2022-03-31,3호선,경복궁,20134,19421
2022-03-31,3호선,안국,18872,19845
2022-03-31,3호선,종로3가,9279,10674
2022-03-31,3호선,을지로3가,9557,9810
2022-03-31,3호선,동대입구,8247,9076
2022-03-31,3호선,약수,12042,11707
2022-03-31,3호선,금호,7380,6918
2022-03-31,3호선,옥수,8316,8597
2022-03-31,3호선,압구정,27696,29784
2022-03-31,3호선,신사,28072,28895
2022-03-31,3호선,잠원,4447,4401
2022-03-31,3호선,고속터미널,33892,32410
2022-03-31,3호선,교대,13753,8903
2022-03-31,3호선,남부터미널,26030,26362
2022-03-31,3호선,양재,35773,38816
2022-03-31,3호선,매봉,11424,10943
2022-03-31,3호선,도곡,4985,5052
2022-03-31,3호선,대치,10038,10137
2022-03-31,3호선,학여울,1810,1835
2022-03-31,3호선,대청,9587,8741
2022-03-31,3호선,일원,9625,9418
2022-03-31,3호선,수서,15400,15797
2022-03-31,3호선,가락시장,8404,8302
2022-03-31,3호선,경찰병원,6735,6766
2022-03-31,3호선,오금,5971,5459
2022-04-01,3호선,지축,4780,4420
2022-04-01,3호선,구파발,19702,19262
2022-04-01,3호선,연신내,35789,34222
2022-04-01,3호선,불광,15588,16636
2022-04-01,3호선,녹번,15091,13417
2022-04-01,3호선,홍제,17104,16234
2022-04-01,3호선,무악재,3724,3706
2022-04-01,3호선,독립문,6835,7233
2022-04-01,3호선,경복궁,21753,21531
2022-04-01,3호선,안국,20895,21751
2022-04-01,3호선,종로3가,9980,11774
2022-04-01,3호선,을지로3가,10123,10645
2022-04-01,3호선,동대입구,8586,9502
2022-04-01,3호선,약수,12826,12476
2022-04-01,3호선,금호,7781,7169
2022-04-01,3호선,압구정,30687,32977
2022-04-01,3호선,신사,31088,32585
2022-04-01,3호선,잠원,4769,4664
2022-04-01,3호선,고속터미널,42055,43793
2022-04-01,3호선,교대,13976,9108
2022-04-01,3호선,남부터미널,28716,28916
2022-04-01,3호선,양재,37358,39966
2022-04-01,3호선,매봉,11596,11102
2022-04-01,3호선,도곡,5004,5232
2022-04-01,3호선,대치,10670,10752
2022-04-01,3호선,학여울,1653,1713
2022-04-01,3호선,대청,9753,8995
2022-04-01,3호선,일원,9912,9330
2022-04-01,3호선,수서,17340,17878
2022-04-01,3호선,가락시장,8716,8708
2022-04-01,3호선,경찰병원,6993,6858
2022-04-01,3호선,오금,6062,5504
2022-04-01,3호선,옥수,8999,9159
2022-04-02,3호선,오금,3736,3639
2022-04-02,3호선,경찰병원,3697,3587
2022-04-02,3호선,가락시장,5652,5337
2022-04-02,3호선,수서,12160,12346
2022-04-02,3호선,일원,4847,4739
2022-04-02,3호선,대청,5572,5163
2022-04-02,3호선,학여울,1085,970
2022-04-02,3호선,대치,8898,8001
2022-04-02,3호선,도곡,3217,3204
2022-04-02,3호선,매봉,5945,5641
2022-04-02,3호선,양재,18935,20889
2022-04-02,3호선,남부터미널,18777,19025
2022-04-02,3호선,교대,6362,3886
2022-04-02,3호선,고속터미널,45336,45686
2022-04-02,3호선,잠원,3299,3115
2022-04-02,3호선,신사,24762,25365
2022-04-02,3호선,압구정,22279,23528
2022-04-02,3호선,옥수,7175,7155
2022-04-02,3호선,금호,5488,5063
2022-04-02,3호선,약수,8769,8362
2022-04-02,3호선,동대입구,6450,7187
2022-04-02,3호선,충무로,2,0
2022-04-02,3호선,을지로3가,4878,5320
2022-04-02,3호선,종로3가,6041,8160
2022-04-02,3호선,안국,18173,20394
2022-04-02,3호선,경복궁,19427,20459
2022-04-02,3호선,독립문,5651,6505
2022-04-02,3호선,무악재,2676,2830
2022-04-02,3호선,홍제,12421,11773
2022-04-02,3호선,녹번,9801,8689
2022-04-02,3호선,불광,12352,13485
2022-04-02,3호선,연신내,28355,26882
2022-04-02,3호선,구파발,14356,14853
2022-04-02,3호선,지축,3207,2893
2022-04-03,3호선,오금,2529,2482
2022-04-03,3호선,경찰병원,2438,2485
2022-04-03,3호선,가락시장,3439,3765
2022-04-03,3호선,수서,9878,9787
2022-04-03,3호선,일원,3297,3528
2022-04-03,3호선,대청,3932,3837
2022-04-03,3호선,학여울,876,869
2022-04-03,3호선,대치,5645,5009
2022-04-03,3호선,도곡,1889,2073
2022-04-03,3호선,매봉,3893,3895
2022-04-03,3호선,양재,12853,14614
2022-04-03,3호선,남부터미널,13241,13836
2022-04-03,3호선,교대,4090,2490
2022-04-03,3호선,고속터미널,38338,36068
2022-04-03,3호선,잠원,2246,2187
2022-04-03,3호선,신사,13653,13604
2022-04-03,3호선,압구정,12539,12846
2022-04-03,3호선,옥수,5017,5139
2022-04-03,3호선,금호,4052,3839
2022-04-03,3호선,약수,6226,6218
2022-04-03,3호선,동대입구,5279,5789
2022-04-03,3호선,충무로,2,0
2022-04-03,3호선,을지로3가,2978,2837
2022-04-03,3호선,종로3가,3972,4890
2022-04-03,3호선,안국,13524,15149
2022-04-03,3호선,경복궁,14802,15020
2022-04-03,3호선,독립문,4368,5265
2022-04-03,3호선,무악재,1763,1951
2022-04-03,3호선,홍제,8967,8634
2022-04-03,3호선,녹번,6829,6334
2022-04-03,3호선,불광,9157,10345
2022-04-03,3호선,연신내,20111,19078
2022-04-03,3호선,구파발,10455,10997
2022-04-03,3호선,지축,2275,2126
2022-04-04,3호선,지축,4694,4437
2022-04-04,3호선,구파발,19600,18413
2022-04-04,3호선,연신내,34756,32945
2022-04-04,3호선,불광,15174,16202
2022-04-04,3호선,녹번,14906,13543
2022-04-04,3호선,홍제,17215,16473
2022-04-04,3호선,무악재,3722,3734
2022-04-04,3호선,독립문,6599,6840
2022-04-04,3호선,경복궁,19456,19144
2022-04-04,3호선,안국,18265,18907
2022-04-04,3호선,종로3가,9278,10695
2022-04-04,3호선,을지로3가,9652,9848
2022-04-04,3호선,충무로,4,0
2022-04-04,3호선,동대입구,8470,9354
2022-04-04,3호선,약수,12452,12157
2022-04-04,3호선,금호,7575,7155
2022-04-04,3호선,옥수,8371,8667
2022-04-04,3호선,압구정,28607,30553
2022-04-04,3호선,신사,27864,28942
2022-04-04,3호선,잠원,4632,4400
2022-04-04,3호선,고속터미널,34856,33253
2022-04-04,3호선,교대,13691,9068
2022-04-04,3호선,남부터미널,26560,27377
2022-04-04,3호선,양재,35822,39104
2022-04-04,3호선,매봉,11569,11060
2022-04-04,3호선,도곡,5147,5215
2022-04-04,3호선,대치,10411,10546
2022-04-04,3호선,학여울,1644,1682
2022-04-04,3호선,대청,10011,9182
2022-04-04,3호선,일원,10130,9899
2022-04-04,3호선,수서,16321,16711
2022-04-04,3호선,가락시장,8495,8447
2022-04-04,3호선,경찰병원,7078,7077
2022-04-04,3호선,오금,6043,5478
2022-04-05,3호선,지축,4807,4550
2022-04-05,3호선,구파발,19893,19030
2022-04-05,3호선,연신내,35417,33436
2022-04-05,3호선,불광,15605,16711
2022-04-05,3호선,녹번,15302,13824
2022-04-05,3호선,홍제,17297,16300
2022-04-05,3호선,무악재,3726,3877
2022-04-05,3호선,독립문,6659,6958
2022-04-05,3호선,경복궁,20124,19601
2022-04-05,3호선,안국,20611,21851
2022-04-05,3호선,종로3가,9530,10858
2022-04-05,3호선,을지로3가,9798,10011
2022-04-05,3호선,동대입구,8772,9467
2022-04-05,3호선,약수,12554,12225
2022-04-05,3호선,금호,7536,7099
2022-04-05,3호선,옥수,8747,9024
2022-04-05,3호선,압구정,29701,31667
2022-04-05,3호선,신사,28419,29873
2022-04-05,3호선,잠원,4671,4566
2022-04-05,3호선,고속터미널,34412,32897
2022-04-05,3호선,교대,13997,9240
2022-04-05,3호선,남부터미널,27272,28059
2022-04-05,3호선,양재,36849,40111
2022-04-05,3호선,매봉,12055,11488
2022-04-05,3호선,도곡,5102,5323
2022-04-05,3호선,대치,10429,10591
2022-04-05,3호선,학여울,1729,1719
2022-04-05,3호선,대청,10097,9252
2022-04-05,3호선,일원,10438,9969
2022-04-05,3호선,수서,15553,15971
2022-04-05,3호선,가락시장,8523,8547
2022-04-05,3호선,경찰병원,6977,7014
2022-04-05,3호선,오금,6156,5616
2022-04-06,3호선,오금,6073,5532
2022-04-06,3호선,경찰병원,7096,7003
2022-04-06,3호선,가락시장,8663,8625
2022-04-06,3호선,수서,15900,16138
2022-04-06,3호선,일원,10226,9812
2022-04-06,3호선,대청,10198,9279
2022-04-06,3호선,학여울,1855,1927
2022-04-06,3호선,대치,10267,10350
2022-04-06,3호선,도곡,5283,5571
2022-04-06,3호선,매봉,12210,11658
2022-04-06,3호선,양재,36856,40218
2022-04-06,3호선,남부터미널,27597,28133
2022-04-06,3호선,교대,14004,9249
2022-04-06,3호선,고속터미널,34523,33086
2022-04-06,3호선,잠원,4645,4662
2022-04-06,3호선,신사,28247,29354
2022-04-06,3호선,압구정,28959,31081
2022-04-06,3호선,옥수,8671,8821
2022-04-06,3호선,금호,7822,7198
2022-04-06,3호선,약수,12880,12528
2022-04-06,3호선,동대입구,8313,9360
2022-04-06,3호선,안국,21173,22128
2022-04-06,3호선,경복궁,22048,21733
2022-04-06,3호선,독립문,6829,7224
2022-04-06,3호선,무악재,3778,3914
2022-04-06,3호선,홍제,17525,16541
2022-04-06,3호선,녹번,15566,13903
2022-04-06,3호선,불광,15433,16526
2022-04-06,3호선,연신내,35745,33706
2022-04-06,3호선,구파발,19926,19056
2022-04-06,3호선,지축,4891,4595
2022-04-06,3호선,충무로,3,0
2022-04-06,3호선,을지로3가,9884,10227
2022-04-06,3호선,종로3가,9503,11006
2022-04-07,3호선,오금,6214,5592
2022-04-07,3호선,경찰병원,7010,7059
2022-04-07,3호선,가락시장,8783,8807
2022-04-07,3호선,수서,16403,16630
2022-04-07,3호선,일원,10289,9949
2022-04-07,3호선,대청,10231,9337
2022-04-07,3호선,학여울,1986,2031
2022-04-07,3호선,대치,10464,10652
2022-04-07,3호선,도곡,5322,5615
2022-04-07,3호선,매봉,12487,12028
2022-04-07,3호선,양재,37428,40810
2022-04-07,3호선,남부터미널,28287,28418
2022-04-07,3호선,교대,14527,9533
2022-04-07,3호선,고속터미널,36420,34962
2022-04-07,3호선,잠원,4614,4510
2022-04-07,3호선,신사,28906,30114
2022-04-07,3호선,압구정,29200,31255
2022-04-07,3호선,옥수,8899,9052
2022-04-07,3호선,금호,7611,7194
2022-04-07,3호선,약수,12740,12419
2022-04-07,3호선,동대입구,8939,9884
2022-04-07,3호선,충무로,1,0
2022-04-07,3호선,을지로3가,9957,10196
2022-04-07,3호선,종로3가,9581,10949
2022-04-07,3호선,안국,20875,21793
2022-04-07,3호선,경복궁,21921,21932
2022-04-07,3호선,독립문,6781,7109
2022-04-07,3호선,무악재,3866,3904
2022-04-07,3호선,홍제,17461,16708
2022-04-07,3호선,녹번,15722,14120
2022-04-07,3호선,불광,15624,16736
2022-04-07,3호선,연신내,35315,33527
2022-04-07,3호선,구파발,19910,18843
2022-04-07,3호선,지축,4940,4569
2022-04-08,3호선,지축,5066,4664
2022-04-08,3호선,구파발,20555,19372
2022-04-08,3호선,연신내,37094,34756
2022-04-08,3호선,불광,16013,16920
2022-04-08,3호선,녹번,15844,13691
2022-04-08,3호선,홍제,17911,16746
2022-04-08,3호선,무악재,3855,3901
2022-04-08,3호선,독립문,7128,7335
2022-04-08,3호선,경복궁,22280,22441
2022-04-08,3호선,안국,22472,24039
2022-04-08,3호선,종로3가,9978,11964
2022-04-08,3호선,을지로3가,10126,10919
2022-04-08,3호선,충무로,2,0
2022-04-08,3호선,동대입구,8500,9472
2022-04-08,3호선,약수,13288,12864
2022-04-08,3호선,금호,8162,7459
2022-04-08,3호선,옥수,9189,9314
2022-04-08,3호선,압구정,31285,34213
2022-04-08,3호선,신사,31007,33799
2022-04-08,3호선,잠원,5060,4899
2022-04-08,3호선,고속터미널,44494,46343
2022-04-08,3호선,교대,14510,9580
2022-04-08,3호선,남부터미널,30882,31030
2022-04-08,3호선,양재,39038,41631
2022-04-08,3호선,매봉,12933,12431
2022-04-08,3호선,도곡,5636,6112
2022-04-08,3호선,대치,11114,11227
2022-04-08,3호선,학여울,3450,3585
2022-04-08,3호선,대청,10466,9468
2022-04-08,3호선,일원,10172,9532
2022-04-08,3호선,수서,18367,18546
2022-04-08,3호선,가락시장,9209,9120
2022-04-08,3호선,경찰병원,7165,7180
2022-04-08,3호선,오금,6403,5736
2022-04-09,3호선,오금,4119,3938
2022-04-09,3호선,경찰병원,4036,3853
2022-04-09,3호선,가락시장,6236,5890
2022-04-09,3호선,수서,13994,13896
2022-04-09,3호선,일원,4901,4749
2022-04-09,3호선,대청,6094,5650
2022-04-09,3호선,학여울,3080,3411
2022-04-09,3호선,대치,9115,8240
2022-04-09,3호선,도곡,3966,4880
2022-04-09,3호선,매봉,7953,7465
2022-04-09,3호선,양재,21294,22880
2022-04-09,3호선,남부터미널,20887,20315
2022-04-09,3호선,교대,7128,4275
2022-04-09,3호선,고속터미널,49165,48018
2022-04-09,3호선,잠원,3904,3676
2022-04-09,3호선,신사,24423,26450
2022-04-09,3호선,압구정,23373,24934
2022-04-09,3호선,옥수,7465,7387
2022-04-09,3호선,금호,5946,5316
2022-04-09,3호선,약수,9012,8516
2022-04-09,3호선,동대입구,8078,9277
2022-04-09,3호선,충무로,2,0
2022-04-09,3호선,을지로3가,5184,5606
2022-04-09,3호선,종로3가,5930,8018
2022-04-09,3호선,안국,19703,22924
2022-04-09,3호선,경복궁,20127,21733
2022-04-09,3호선,독립문,6346,7323
2022-04-09,3호선,무악재,2723,2900
2022-04-09,3호선,홍제,13457,12541
2022-04-09,3호선,녹번,10162,8685
2022-04-09,3호선,불광,12563,14050
2022-04-09,3호선,연신내,29523,27923
2022-04-09,3호선,구파발,15089,14831
2022-04-09,3호선,지축,3528,3193
2022-04-10,3호선,지축,2568,2290
2022-04-10,3호선,구파발,11646,11648
2022-04-10,3호선,연신내,22312,21108
2022-04-10,3호선,불광,9686,11045
2022-04-10,3호선,녹번,7251,6515
2022-04-10,3호선,홍제,9897,9467
2022-04-10,3호선,무악재,1998,2180
2022-04-10,3호선,독립문,4805,5800
2022-04-10,3호선,경복궁,15855,16914
2022-04-10,3호선,안국,14267,16226
2022-04-10,3호선,종로3가,4075,4923
2022-04-10,3호선,을지로3가,3511,3060
2022-04-10,3호선,충무로,1,0
2022-04-10,3호선,동대입구,7008,7813
2022-04-10,3호선,약수,6674,6513
2022-04-10,3호선,금호,4250,4135
2022-04-10,3호선,옥수,5303,5460
2022-04-10,3호선,압구정,13165,14037
2022-04-10,3호선,신사,13223,13494
2022-04-10,3호선,잠원,2666,2634
2022-04-10,3호선,고속터미널,41890,39321
2022-04-10,3호선,교대,4292,2732
2022-04-10,3호선,남부터미널,14901,15793
2022-04-10,3호선,양재,14400,16189
2022-04-10,3호선,매봉,5622,5570
2022-04-10,3호선,도곡,2523,3288
2022-04-10,3호선,대치,5907,5275
2022-04-10,3호선,학여울,2449,2716
2022-04-10,3호선,대청,4401,4282
2022-04-10,3호선,일원,3635,3936
2022-04-10,3호선,수서,10898,10743
2022-04-10,3호선,가락시장,3730,3838
2022-04-10,3호선,경찰병원,2744,2845
2022-04-10,3호선,오금,2732,2751
2022-04-11,3호선,오금,6215,5603
2022-04-11,3호선,경찰병원,7464,7365
2022-04-11,3호선,가락시장,8787,8765
2022-04-11,3호선,수서,16443,17011
2022-04-11,3호선,일원,10561,10117
2022-04-11,3호선,대청,10301,9407
2022-04-11,3호선,학여울,1805,1796
2022-04-11,3호선,대치,10693,10885
2022-04-11,3호선,도곡,5458,5777
2022-04-11,3호선,매봉,12646,12164
2022-04-11,3호선,양재,37099,40949
2022-04-11,3호선,남부터미널,27208,28306
2022-04-11,3호선,교대,14187,9407
2022-04-11,3호선,고속터미널,37321,35812
2022-04-11,3호선,잠원,4858,4623
2022-04-11,3호선,신사,28280,29661
2022-04-11,3호선,압구정,29649,31684
2022-04-11,3호선,옥수,8539,8828
2022-04-11,3호선,약수,12570,12360
2022-04-11,3호선,동대입구,9558,10577
2022-04-11,3호선,충무로,1,0
2022-04-11,3호선,을지로3가,10130,10346
2022-04-11,3호선,종로3가,9591,10951
2022-04-11,3호선,안국,19718,20298
2022-04-11,3호선,경복궁,20980,21014
2022-04-11,3호선,독립문,6882,7220
2022-04-11,3호선,무악재,3894,4080
2022-04-11,3호선,홍제,17878,17060
2022-04-11,3호선,녹번,15643,13992
2022-04-11,3호선,불광,15769,16685
2022-04-11,3호선,연신내,35884,33896
2022-04-11,3호선,구파발,20494,19441
2022-04-11,3호선,지축,4918,4656
2022-04-11,3호선,금호,7594,7146
2022-04-12,3호선,지축,5016,4650
2022-04-12,3호선,구파발,20367,19422
2022-04-12,3호선,연신내,36012,33870
2022-04-12,3호선,불광,15934,17181
2022-04-12,3호선,녹번,15988,14261
2022-04-12,3호선,홍제,17984,17017
2022-04-12,3호선,무악재,3896,3969
2022-04-12,3호선,독립문,7003,7341
2022-04-12,3호선,경복궁,20976,20402
2022-04-12,3호선,안국,20989,21302
2022-04-12,3호선,종로3가,9848,11121
2022-04-12,3호선,오금,6211,5881
2022-04-12,3호선,경찰병원,7256,7314
2022-04-12,3호선,가락시장,8946,8769
2022-04-12,3호선,수서,16610,16985
2022-04-12,3호선,일원,10396,10158
2022-04-12,3호선,대청,10334,9486
2022-04-12,3호선,학여울,1799,1929
2022-04-12,3호선,대치,10774,10975
2022-04-12,3호선,도곡,5408,5683
2022-04-12,3호선,매봉,12712,12230
2022-04-12,3호선,양재,37926,41831
2022-04-12,3호선,남부터미널,27931,28843
2022-04-12,3호선,교대,14845,9851
2022-04-12,3호선,고속터미널,35703,34148
2022-04-12,3호선,잠원,4808,4941
2022-04-12,3호선,신사,29346,30392
2022-04-12,3호선,압구정,30709,32866
2022-04-12,3호선,옥수,8900,9142
2022-04-12,3호선,금호,7769,7414
2022-04-12,3호선,약수,12967,12545
2022-04-12,3호선,동대입구,9431,10472
2022-04-12,3호선,을지로3가,10248,10542
2022-04-13,3호선,오금,6195,5657
2022-04-13,3호선,경찰병원,7360,7340
2022-04-13,3호선,가락시장,8648,8412
2022-04-13,3호선,수서,16331,16702
2022-04-13,3호선,일원,10330,10118
2022-04-13,3호선,대청,10316,9458
2022-04-13,3호선,학여울,1769,1861
2022-04-13,3호선,대치,10208,10490
2022-04-13,3호선,도곡,5218,5394
2022-04-13,3호선,매봉,12439,11838
2022-04-13,3호선,양재,37787,41245
2022-04-13,3호선,남부터미널,27637,28040
2022-04-13,3호선,교대,14696,9684
2022-04-13,3호선,고속터미널,34773,33891
2022-04-13,3호선,잠원,4693,4578
2022-04-13,3호선,신사,28330,29661
2022-04-13,3호선,압구정,29455,31697
2022-04-13,3호선,옥수,8280,8675
2022-04-13,3호선,금호,7756,7271
2022-04-13,3호선,약수,12710,12467
2022-04-13,3호선,동대입구,8511,9440
2022-04-13,3호선,을지로3가,10453,10579
2022-04-13,3호선,종로3가,9931,11122
2022-04-13,3호선,안국,20818,21200
2022-04-13,3호선,경복궁,21570,21148
2022-04-13,3호선,독립문,6830,7198
2022-04-13,3호선,무악재,3881,4016
2022-04-13,3호선,홍제,17503,16827
2022-04-13,3호선,녹번,15628,13985
2022-04-13,3호선,불광,15602,16607
2022-04-13,3호선,연신내,35693,33620
2022-04-13,3호선,구파발,19975,19101
2022-04-13,3호선,지축,4942,4594
2022-04-14,3호선,오금,6199,5808
2022-04-14,3호선,경찰병원,7331,7456
2022-04-14,3호선,가락시장,8996,8742
2022-04-14,3호선,수서,16649,16999
2022-04-14,3호선,일원,10626,10191
2022-04-14,3호선,대청,10200,9300
2022-04-14,3호선,학여울,2870,2954
2022-04-14,3호선,대치,10694,10778
2022-04-14,3호선,도곡,5257,5538
2022-04-14,3호선,매봉,12357,11972
2022-04-14,3호선,양재,38258,41871
2022-04-14,3호선,남부터미널,28537,28845
2022-04-14,3호선,교대,14849,9591
2022-04-14,3호선,고속터미널,36598,35533
2022-04-14,3호선,잠원,4871,4793
2022-04-14,3호선,신사,29587,31178
2022-04-14,3호선,압구정,30085,32619
2022-04-14,3호선,옥수,8771,9008
2022-04-14,3호선,금호,7747,7226
2022-04-14,3호선,약수,12878,12614
2022-04-14,3호선,동대입구,8913,9906
2022-04-14,3호선,충무로,2,0
2022-04-14,3호선,을지로3가,10364,10551
2022-04-14,3호선,종로3가,9806,11264
2022-04-14,3호선,안국,20544,21455
2022-04-14,3호선,경복궁,21937,21720
2022-04-14,3호선,독립문,6880,7222
2022-04-14,3호선,무악재,3999,4008
2022-04-14,3호선,홍제,17622,16855
2022-04-14,3호선,녹번,15893,13982
2022-04-14,3호선,불광,16081,17169
2022-04-14,3호선,연신내,36078,34153
2022-04-14,3호선,구파발,20463,19586
2022-04-14,3호선,지축,5162,4733
2022-04-15,3호선,지축,5255,4730
2022-04-15,3호선,구파발,20892,20096
2022-04-15,3호선,연신내,37516,35425
2022-04-15,3호선,불광,16632,17601
2022-04-15,3호선,녹번,15971,14041
2022-04-15,3호선,홍제,18234,17140
2022-04-15,3호선,무악재,4019,3980
2022-04-15,3호선,독립문,7376,7619
2022-04-15,3호선,경복궁,22196,22336
2022-04-15,3호선,안국,22159,23164
2022-04-15,3호선,종로3가,10261,12415
2022-04-15,3호선,을지로3가,10694,11645
2022-04-15,3호선,충무로,3,0
2022-04-15,3호선,동대입구,9162,9941
2022-04-15,3호선,약수,13856,13300
2022-04-15,3호선,금호,8202,7502
2022-04-15,3호선,옥수,9452,9557
2022-04-15,3호선,압구정,33073,36034
2022-04-15,3호선,신사,32515,35072
2022-04-15,3호선,잠원,5033,4919
2022-04-15,3호선,고속터미널,44806,47217
2022-04-15,3호선,교대,15129,9876
2022-04-15,3호선,남부터미널,30851,31387
2022-04-15,3호선,양재,39791,42599
2022-04-15,3호선,매봉,12395,12050
2022-04-15,3호선,도곡,5547,5558
2022-04-15,3호선,대치,11168,11310
2022-04-15,3호선,학여울,2615,2762
2022-04-15,3호선,대청,10683,9499
2022-04-15,3호선,일원,10661,9975
2022-04-15,3호선,수서,18637,18818
2022-04-15,3호선,가락시장,9442,9357
2022-04-15,3호선,경찰병원,7445,7391
2022-04-15,3호선,오금,6347,5940
2022-04-16,3호선,오금,3725,3554
2022-04-16,3호선,경찰병원,3982,3919
2022-04-16,3호선,가락시장,6255,6033
2022-04-16,3호선,수서,13398,13449
2022-04-16,3호선,일원,4743,4703
2022-04-16,3호선,대청,5940,5442
2022-04-16,3호선,학여울,1960,2086
2022-04-16,3호선,대치,8252,7742
2022-04-16,3호선,도곡,3420,3419
2022-04-16,3호선,매봉,6448,6176
2022-04-16,3호선,양재,20918,22619
2022-04-16,3호선,남부터미널,19779,19561
2022-04-16,3호선,교대,7041,4122
2022-04-16,3호선,고속터미널,49558,49422
2022-04-16,3호선,잠원,3811,3679
2022-04-16,3호선,신사,25137,26887
2022-04-16,3호선,압구정,24456,25917
2022-04-16,3호선,옥수,7059,7233
2022-04-16,3호선,금호,5996,5283
2022-04-16,3호선,약수,9356,8996
2022-04-16,3호선,동대입구,7658,8748
2022-04-16,3호선,충무로,2,0
2022-04-16,3호선,을지로3가,5379,5821
2022-04-16,3호선,종로3가,6165,8282
2022-04-16,3호선,안국,17445,20007
2022-04-16,3호선,경복궁,19059,20339
2022-04-16,3호선,독립문,6441,7385
2022-04-16,3호선,무악재,2751,2946
2022-04-16,3호선,홍제,13584,12624
2022-04-16,3호선,녹번,10491,8876
2022-04-16,3호선,불광,13257,14795
2022-04-16,3호선,연신내,29852,28003
2022-04-16,3호선,구파발,15514,15736
2022-04-16,3호선,지축,3576,3192
2022-04-17,3호선,양재,13943,15967
2022-04-17,3호선,매봉,4215,4245
2022-04-17,3호선,도곡,2124,2244
2022-04-17,3호선,대치,5010,4591
2022-04-17,3호선,학여울,877,866
2022-04-17,3호선,대청,4174,4064
2022-04-17,3호선,일원,3373,3620
2022-04-17,3호선,수서,10319,10252
2022-04-17,3호선,가락시장,3825,4002
2022-04-17,3호선,경찰병원,2891,2905
2022-04-17,3호선,오금,2781,2747
2022-04-17,3호선,지축,2568,2367
2022-04-17,3호선,구파발,11256,11690
2022-04-17,3호선,연신내,21482,20259
2022-04-17,3호선,불광,9886,11248
2022-04-17,3호선,녹번,7223,6590
2022-04-17,3호선,홍제,9584,9247
2022-04-17,3호선,무악재,1943,2118
2022-04-17,3호선,독립문,4643,5379
2022-04-17,3호선,경복궁,13794,14516
2022-04-17,3호선,안국,12152,13660
2022-04-17,3호선,종로3가,3891,5092
2022-04-17,3호선,을지로3가,3669,3329
2022-04-17,3호선,동대입구,5631,6462
2022-04-17,3호선,약수,6889,6611
2022-04-17,3호선,금호,4229,4113
2022-04-17,3호선,옥수,5055,5206
2022-04-17,3호선,압구정,13419,14233
2022-04-17,3호선,신사,13252,13476
2022-04-17,3호선,잠원,2372,2336
2022-04-17,3호선,고속터미널,41041,37809
2022-04-17,3호선,교대,4379,2667
2022-04-17,3호선,남부터미널,13731,14476
2022-04-18,3호선,오금,6408,5771
2022-04-18,3호선,경찰병원,7445,7519
2022-04-18,3호선,가락시장,9016,8820
2022-04-18,3호선,수서,17117,17339
2022-04-18,3호선,일원,10580,10426
2022-04-18,3호선,대청,10306,9383
2022-04-18,3호선,학여울,1793,1745
2022-04-18,3호선,대치,10766,10994
2022-04-18,3호선,도곡,5411,5555
2022-04-18,3호선,매봉,12336,11859
2022-04-18,3호선,양재,37594,41481
2022-04-18,3호선,남부터미널,27852,28779
2022-04-18,3호선,교대,14576,9679
2022-04-18,3호선,고속터미널,32889,31069
2022-04-18,3호선,잠원,4915,4787
2022-04-18,3호선,신사,28953,30516
2022-04-18,3호선,압구정,30798,32975
2022-04-18,3호선,옥수,8707,9026
2022-04-18,3호선,금호,7832,7386
2022-04-18,3호선,약수,12880,12541
2022-04-18,3호선,동대입구,9059,9830
2022-04-18,3호선,충무로,1,0
2022-04-18,3호선,을지로3가,10190,10441
2022-04-18,3호선,종로3가,9728,11234
2022-04-18,3호선,안국,19944,20665
2022-04-18,3호선,경복궁,20645,20561
2022-04-18,3호선,독립문,6944,7314
2022-04-18,3호선,무악재,3979,3973
2022-04-18,3호선,홍제,18118,17313
2022-04-18,3호선,지축,5038,4743
2022-04-18,3호선,구파발,20714,19669
2022-04-18,3호선,연신내,36298,34191
2022-04-18,3호선,불광,16165,17008
2022-04-18,3호선,녹번,15825,14147
2022-04-19,3호선,오금,6561,6005
2022-04-19,3호선,경찰병원,7463,7459
2022-04-19,3호선,가락시장,9227,8945
2022-04-19,3호선,수서,16925,17199
2022-04-19,3호선,일원,11150,10764
2022-04-19,3호선,대청,10467,9550
2022-04-19,3호선,학여울,1917,1948
2022-04-19,3호선,대치,11018,11169
2022-04-19,3호선,도곡,5594,5714
2022-04-19,3호선,매봉,12910,12303
2022-04-19,3호선,양재,39246,43016
2022-04-19,3호선,남부터미널,28799,29586
2022-04-19,3호선,교대,15164,10056
2022-04-19,3호선,고속터미널,37686,36288
2022-04-19,3호선,잠원,4938,4871
2022-04-19,3호선,신사,30340,31730
2022-04-19,3호선,압구정,31525,33730
2022-04-19,3호선,옥수,9005,9186
2022-04-19,3호선,금호,8081,7562
2022-04-19,3호선,약수,13371,13092
2022-04-19,3호선,동대입구,9218,10036
2022-04-19,3호선,충무로,2,0
2022-04-19,3호선,을지로3가,10542,10819
2022-04-19,3호선,종로3가,9969,11503
2022-04-19,3호선,안국,21702,22623
2022-04-19,3호선,경복궁,21902,21582
2022-04-19,3호선,독립문,7188,7524
2022-04-19,3호선,무악재,3971,4158
2022-04-19,3호선,홍제,18179,17291
2022-04-19,3호선,녹번,16542,14752
2022-04-19,3호선,불광,16679,17702
2022-04-19,3호선,연신내,37247,35264
2022-04-19,3호선,구파발,21045,20016
2022-04-19,3호선,지축,5231,4906
2022-04-20,3호선,지축,5221,4901
2022-04-20,3호선,구파발,20957,20100
2022-04-20,3호선,연신내,37495,35111
2022-04-20,3호선,불광,16977,18242
2022-04-20,3호선,녹번,16485,14708
2022-04-20,3호선,홍제,18549,17571
2022-04-20,3호선,무악재,4010,4060
2022-04-20,3호선,독립문,7139,7584
2022-04-20,3호선,경복궁,22135,21778
2022-04-20,3호선,안국,22025,23058
2022-04-20,3호선,종로3가,10084,11566
2022-04-20,3호선,을지로3가,10835,11162
2022-04-20,3호선,동대입구,9062,9979
2022-04-20,3호선,약수,13332,12992
2022-04-20,3호선,금호,8237,7658
2022-04-20,3호선,옥수,9023,9341
2022-04-20,3호선,압구정,31405,33485
2022-04-20,3호선,신사,29692,31401
2022-04-20,3호선,잠원,5074,4927
2022-04-20,3호선,고속터미널,37711,36176
2022-04-20,3호선,교대,15516,10048
2022-04-20,3호선,남부터미널,28770,29637
2022-04-20,3호선,양재,39405,43202
2022-04-20,3호선,매봉,12855,12291
2022-04-20,3호선,도곡,5520,5558
2022-04-20,3호선,대치,10663,11012
2022-04-20,3호선,학여울,1935,1943
2022-04-20,3호선,대청,10438,9612
2022-04-20,3호선,일원,10910,10416
2022-04-20,3호선,수서,16982,17320
2022-04-20,3호선,가락시장,9124,9103
2022-04-20,3호선,경찰병원,7425,7375
2022-04-20,3호선,오금,6439,5828
2022-04-21,3호선,오금,6487,6508
2022-04-21,3호선,경찰병원,7144,7049
2022-04-21,3호선,가락시장,9229,10090
2022-04-21,3호선,수서,16972,17178
2022-04-21,3호선,일원,10514,10507
2022-04-21,3호선,대청,9993,9350
2022-04-21,3호선,학여울,2608,2973
2022-04-21,3호선,대치,10736,11657
2022-04-21,3호선,도곡,5367,5768
2022-04-21,3호선,매봉,12005,12081
2022-04-21,3호선,양재,39637,38749
2022-04-21,3호선,남부터미널,29205,27429
2022-04-21,3호선,교대,15763,10296
2022-04-21,3호선,고속터미널,39236,40445
2022-04-21,3호선,잠원,4421,5893
2022-04-21,3호선,신사,30018,29616
2022-04-21,3호선,압구정,30753,31695
2022-04-21,3호선,옥수,9434,10126
2022-04-21,3호선,금호,8003,8412
2022-04-21,3호선,약수,13760,15316
2022-04-21,3호선,동대입구,9142,9782
2022-04-21,3호선,충무로,1,0
2022-04-21,3호선,을지로3가,10610,9703
2022-04-21,3호선,종로3가,9968,11769
2022-04-21,3호선,안국,21499,19003
2022-04-21,3호선,경복궁,21622,19304
2022-04-21,3호선,독립문,7267,8056
2022-04-21,3호선,무악재,4541,5558
2022-04-21,3호선,홍제,18049,18466
2022-04-21,3호선,녹번,15734,16833
2022-04-21,3호선,불광,17201,19395
2022-04-21,3호선,연신내,38178,36529
2022-04-21,3호선,구파발,20782,21963
2022-04-21,3호선,지축,5154,5192
2022-04-22,3호선,오금,6270,5930
2022-04-22,3호선,경찰병원,7320,7284
2022-04-22,3호선,가락시장,9145,9061
2022-04-22,3호선,수서,18478,18613
2022-04-22,3호선,일원,10697,9841
2022-04-22,3호선,대청,10437,9574
2022-04-22,3호선,학여울,2379,2272
2022-04-22,3호선,대치,10909,10983
2022-04-22,3호선,도곡,5377,5500
2022-04-22,3호선,매봉,12696,11955
2022-04-22,3호선,양재,40495,41660
2022-04-22,3호선,남부터미널,31218,30931
2022-04-22,3호선,교대,15357,10092
2022-04-22,3호선,고속터미널,44586,47531
2022-04-22,3호선,잠원,4826,4826
2022-04-22,3호선,신사,32717,34433
2022-04-22,3호선,압구정,33609,35748
2022-04-22,3호선,옥수,8952,9526
2022-04-22,3호선,금호,7866,7491
2022-04-22,3호선,약수,13446,13181
2022-04-22,3호선,동대입구,8688,8968
2022-04-22,3호선,충무로,1,0
2022-04-22,3호선,을지로3가,10832,10884
2022-04-22,3호선,종로3가,10040,12162
2022-04-22,3호선,안국,21677,21228
2022-04-22,3호선,경복궁,20604,19237
2022-04-22,3호선,독립문,7044,7092
2022-04-22,3호선,무악재,3727,3856
2022-04-22,3호선,홍제,17101,16473
2022-04-22,3호선,녹번,15080,13876
2022-04-22,3호선,불광,15441,16877
2022-04-22,3호선,연신내,36667,34703
2022-04-22,3호선,구파발,19764,19464
2022-04-22,3호선,지축,4938,4537
2022-04-23,3호선,오금,3771,3573
2022-04-23,3호선,경찰병원,4072,3834
2022-04-23,3호선,가락시장,6113,5983
2022-04-23,3호선,수서,13590,13596
2022-04-23,3호선,일원,5273,4993
2022-04-23,3호선,대청,6128,5592
2022-04-23,3호선,학여울,1219,1238
2022-04-23,3호선,대치,8049,7488
2022-04-23,3호선,도곡,3372,3441
2022-04-23,3호선,매봉,6574,6253
2022-04-23,3호선,양재,21199,23286
2022-04-23,3호선,남부터미널,21281,21479
2022-04-23,3호선,교대,7094,4163
2022-04-23,3호선,고속터미널,50781,50391
2022-04-23,3호선,잠원,3563,3396
2022-04-23,3호선,신사,25661,27586
2022-04-23,3호선,압구정,25041,26796
2022-04-23,3호선,옥수,7349,7260
2022-04-23,3호선,금호,6062,5372
2022-04-23,3호선,약수,9463,8960
2022-04-23,3호선,동대입구,7120,7943
2022-04-23,3호선,충무로,1,0
2022-04-23,3호선,을지로3가,5693,6446
2022-04-23,3호선,종로3가,5921,8900
2022-04-23,3호선,안국,17784,20854
2022-04-23,3호선,경복궁,18800,20283
2022-04-23,3호선,독립문,6361,7312
2022-04-23,3호선,무악재,2883,2911
2022-04-23,3호선,홍제,13773,12726
2022-04-23,3호선,녹번,10626,8943
2022-04-23,3호선,불광,13518,15055
2022-04-23,3호선,연신내,30127,28149
2022-04-23,3호선,구파발,15465,15608
2022-04-23,3호선,지축,3547,3256
2022-04-24,3호선,지축,2506,2265
2022-04-24,3호선,구파발,11623,11884
2022-04-24,3호선,연신내,21868,20484
2022-04-24,3호선,불광,9846,11083
2022-04-24,3호선,녹번,7437,6672
2022-04-24,3호선,홍제,9462,8885
2022-04-24,3호선,무악재,1777,1997
2022-04-24,3호선,독립문,4396,5007
2022-04-24,3호선,경복궁,13278,13876
2022-04-24,3호선,안국,12049,13274
2022-04-24,3호선,종로3가,3957,5147
2022-04-24,3호선,을지로3가,3486,3426
2022-04-24,3호선,충무로,1,0
2022-04-24,3호선,동대입구,5156,5556
2022-04-24,3호선,약수,6843,6564
2022-04-24,3호선,금호,4412,4151
2022-04-24,3호선,옥수,5147,5355
2022-04-24,3호선,압구정,13381,14210
2022-04-24,3호선,신사,13309,13338
2022-04-24,3호선,잠원,2329,2291
2022-04-24,3호선,고속터미널,41725,38752
2022-04-24,3호선,교대,4304,2786
2022-04-24,3호선,남부터미널,14900,15642
2022-04-24,3호선,양재,13361,15786
2022-04-24,3호선,매봉,4527,4427
2022-04-24,3호선,도곡,2128,2309
2022-04-24,3호선,대치,4931,4533
2022-04-24,3호선,학여울,938,927
2022-04-24,3호선,대청,4224,4059
2022-04-24,3호선,일원,3589,3873
2022-04-24,3호선,수서,10464,10153
2022-04-24,3호선,가락시장,3668,3874
2022-04-24,3호선,경찰병원,2710,2790
2022-04-24,3호선,오금,2899,2977
2022-04-25,3호선,지축,5176,4887
2022-04-25,3호선,구파발,20789,19936
2022-04-25,3호선,연신내,36483,34419
2022-04-25,3호선,불광,16179,17109
2022-04-25,3호선,녹번,15832,14328
2022-04-25,3호선,홍제,18395,17453
2022-04-25,3호선,무악재,3962,4022
2022-04-25,3호선,독립문,6980,7274
2022-04-25,3호선,경복궁,19969,19669
2022-04-25,3호선,안국,20441,21125
2022-04-25,3호선,종로3가,9901,11239
2022-04-25,3호선,을지로3가,10472,10638
2022-04-25,3호선,충무로,1,0
2022-04-25,3호선,동대입구,9305,9862
2022-04-25,3호선,약수,13038,12849
2022-04-25,3호선,금호,7929,7464
2022-04-25,3호선,옥수,8770,9080
2022-04-25,3호선,압구정,28731,30797
2022-04-25,3호선,신사,29421,30556
2022-04-25,3호선,잠원,4807,4751
2022-04-25,3호선,고속터미널,37499,35634
2022-04-25,3호선,교대,14672,9933
2022-04-25,3호선,남부터미널,28414,29017
2022-04-25,3호선,양재,38326,41958
2022-04-25,3호선,매봉,12442,11961
2022-04-25,3호선,도곡,5439,5481
2022-04-25,3호선,대치,10801,10977
2022-04-25,3호선,학여울,1806,1776
2022-04-25,3호선,대청,10398,9531
2022-04-25,3호선,일원,10744,10444
2022-04-25,3호선,수서,17098,17615
2022-04-25,3호선,가락시장,9125,9082
2022-04-25,3호선,경찰병원,7442,7510
2022-04-25,3호선,오금,6535,5889
2022-04-26,3호선,오금,6537,5979
2022-04-26,3호선,경찰병원,7537,7546
2022-04-26,3호선,가락시장,9226,8981
2022-04-26,3호선,수서,17145,17506
2022-04-26,3호선,일원,10877,10481
2022-04-26,3호선,대청,10547,9490
2022-04-26,3호선,학여울,1905,1969
2022-04-26,3호선,대치,10841,10869
2022-04-26,3호선,도곡,5416,5530
2022-04-26,3호선,매봉,12936,12464
2022-04-26,3호선,양재,39570,43437
2022-04-26,3호선,남부터미널,29425,29962
2022-04-26,3호선,교대,15279,10014
2022-04-26,3호선,고속터미널,38306,36627
2022-04-26,3호선,잠원,5026,4920
2022-04-26,3호선,신사,31077,32764
2022-04-26,3호선,압구정,32558,35030
2022-04-26,3호선,옥수,9255,9420
2022-04-26,3호선,금호,8128,7542
2022-04-26,3호선,약수,13387,13213
2022-04-26,3호선,동대입구,9311,10169
2022-04-26,3호선,충무로,1,0
2022-04-26,3호선,을지로3가,11007,11209
2022-04-26,3호선,종로3가,10070,11505
2022-04-26,3호선,안국,21452,22710
2022-04-26,3호선,경복궁,20621,20406
2022-04-26,3호선,독립문,7268,7637
2022-04-26,3호선,무악재,4091,4195
2022-04-26,3호선,홍제,18538,17541
2022-04-26,3호선,녹번,16434,14596
2022-04-26,3호선,불광,16505,17498
2022-04-26,3호선,연신내,37680,35384
2022-04-26,3호선,구파발,21426,20391
2022-04-26,3호선,지축,5212,5012
2022-04-27,3호선,지축,5324,5009
2022-04-27,3호선,구파발,21677,20814
2022-04-27,3호선,연신내,37790,35748
2022-04-27,3호선,불광,16995,18041
2022-04-27,3호선,녹번,16753,14910
2022-04-27,3호선,홍제,18987,17742
2022-04-27,3호선,무악재,4124,4292
2022-04-27,3호선,독립문,7328,7731
2022-04-27,3호선,경복궁,23588,23741
2022-04-27,3호선,안국,23295,24684
2022-04-27,3호선,종로3가,10226,11879
2022-04-27,3호선,을지로3가,11333,11724
2022-04-27,3호선,충무로,1,0
2022-04-27,3호선,동대입구,10128,10873
2022-04-27,3호선,약수,13658,13536
2022-04-27,3호선,금호,8317,7640
2022-04-27,3호선,옥수,9311,9620
2022-04-27,3호선,압구정,32043,34488
2022-04-27,3호선,신사,30802,32368
2022-04-27,3호선,잠원,5243,5073
2022-04-27,3호선,고속터미널,40516,38697
2022-04-27,3호선,교대,15992,10333
2022-04-27,3호선,남부터미널,30161,30392
2022-04-27,3호선,양재,40512,44607
2022-04-27,3호선,매봉,13220,12593
2022-04-27,3호선,도곡,5414,5657
2022-04-27,3호선,대치,10893,10744
2022-04-27,3호선,학여울,1925,2047
2022-04-27,3호선,대청,11333,10341
2022-04-27,3호선,일원,10956,10594
2022-04-27,3호선,수서,17698,18070
2022-04-27,3호선,가락시장,9297,9177
2022-04-27,3호선,경찰병원,7693,7660
2022-04-27,3호선,오금,6603,5949
2022-04-28,3호선,지축,5492,5062
2022-04-28,3호선,구파발,21889,21104
2022-04-28,3호선,연신내,38120,36009
2022-04-28,3호선,불광,16994,17999
2022-04-28,3호선,녹번,16713,14978
2022-04-28,3호선,홍제,18910,17974
2022-04-28,3호선,무악재,4185,4223
2022-04-28,3호선,독립문,7256,7657
2022-04-28,3호선,경복궁,23773,23626
2022-04-28,3호선,안국,23192,24179
2022-04-28,3호선,종로3가,10260,12030
2022-04-28,3호선,을지로3가,11058,11633
2022-04-28,3호선,충무로,1,0
2022-04-28,3호선,동대입구,9700,10670
2022-04-28,3호선,약수,13685,13313
2022-04-28,3호선,금호,8293,7726
2022-04-28,3호선,옥수,9589,9736
2022-04-28,3호선,압구정,32496,34949
2022-04-28,3호선,신사,31659,33532
2022-04-28,3호선,잠원,5224,5144
2022-04-28,3호선,고속터미널,42286,40000
2022-04-28,3호선,교대,15965,10442
2022-04-28,3호선,남부터미널,30691,31095
2022-04-28,3호선,양재,41081,45320
2022-04-28,3호선,매봉,13262,12914
2022-04-28,3호선,도곡,5786,5838
2022-04-28,3호선,대치,11123,11080
2022-04-28,3호선,학여울,3529,3663
2022-04-28,3호선,대청,10765,9837
2022-04-28,3호선,일원,11222,10742
2022-04-28,3호선,수서,17900,18176
2022-04-28,3호선,가락시장,9453,9360
2022-04-28,3호선,경찰병원,7681,7711
2022-04-28,3호선,오금,6630,6090
2022-04-29,3호선,지축,5409,4888
2022-04-29,3호선,구파발,21935,20927
2022-04-29,3호선,연신내,38646,36663
2022-04-29,3호선,불광,16988,18058
2022-04-29,3호선,녹번,16779,14690
2022-04-29,3호선,홍제,19151,18044
2022-04-29,3호선,무악재,4123,4174
2022-04-29,3호선,독립문,7524,7626
2022-04-29,3호선,경복궁,23843,24132
2022-04-29,3호선,안국,25297,25089
2022-04-29,3호선,종로3가,10693,13247
2022-04-29,3호선,을지로3가,11803,12699
2022-04-29,3호선,충무로,2,0
2022-04-29,3호선,동대입구,9222,9840
2022-04-29,3호선,약수,14389,13966
2022-04-29,3호선,금호,8804,7806
2022-04-29,3호선,옥수,9770,9845
2022-04-29,3호선,압구정,34764,38477
2022-04-29,3호선,신사,34268,37617
2022-04-29,3호선,잠원,5324,5209
2022-04-29,3호선,고속터미널,50671,52510
2022-04-29,3호선,교대,16136,10549
2022-04-29,3호선,남부터미널,33346,33331
2022-04-29,3호선,양재,42251,45548
2022-04-29,3호선,매봉,13218,12646
2022-04-29,3호선,도곡,5874,5884
2022-04-29,3호선,대치,11408,11198
2022-04-29,3호선,학여울,3422,3520
2022-04-29,3호선,대청,11009,10014
2022-04-29,3호선,일원,10955,10213
2022-04-29,3호선,수서,19570,19686
2022-04-29,3호선,가락시장,9977,9672
2022-04-29,3호선,경찰병원,7811,7827
2022-04-29,3호선,오금,6771,6062
2022-04-30,3호선,지축,3805,3465
2022-04-30,3호선,구파발,16735,17174
2022-04-30,3호선,연신내,30667,29252
2022-04-30,3호선,불광,13759,15681
2022-04-30,3호선,녹번,11390,10095
2022-04-30,3호선,홍제,14491,14070
2022-04-30,3호선,무악재,3043,3322
2022-04-30,3호선,독립문,7233,7868
2022-04-30,3호선,경복궁,24771,24009
2022-04-30,3호선,안국,25024,24453
2022-04-30,3호선,종로3가,7306,11056
2022-04-30,3호선,을지로3가,7138,7480
2022-04-30,3호선,동대입구,9797,14336
2022-04-30,3호선,약수,10287,9669
2022-04-30,3호선,금호,6294,5727
2022-04-30,3호선,옥수,7717,7814
2022-04-30,3호선,압구정,26215,28438
2022-04-30,3호선,신사,28904,30687
2022-04-30,3호선,잠원,3817,3626
2022-04-30,3호선,고속터미널,57031,57063
2022-04-30,3호선,교대,7891,4889
2022-04-30,3호선,남부터미널,22953,22642
2022-04-30,3호선,양재,22673,25467
2022-04-30,3호선,매봉,6841,6578
2022-04-30,3호선,도곡,3764,3839
2022-04-30,3호선,대치,8217,7590
2022-04-30,3호선,학여울,2995,3095
2022-04-30,3호선,대청,6366,5748
2022-04-30,3호선,일원,5203,5149
2022-04-30,3호선,수서,15173,14585
2022-04-30,3호선,가락시장,6427,6085
2022-04-30,3호선,경찰병원,4208,4128
2022-04-30,3호선,오금,4022,3789
2022-05-01,3호선,지축,2740,2499
2022-05-01,3호선,구파발,12738,13222
2022-05-01,3호선,연신내,23088,22117
2022-05-01,3호선,불광,10896,12777
2022-05-01,3호선,녹번,7901,7461
2022-05-01,3호선,홍제,10596,10123
2022-05-01,3호선,무악재,2170,2397
2022-05-01,3호선,독립문,5123,5830
2022-05-01,3호선,경복궁,20437,18453
2022-05-01,3호선,안국,18204,18370
2022-05-01,3호선,종로3가,5137,6200
2022-05-01,3호선,을지로3가,4440,3908
2022-05-01,3호선,동대입구,5524,6136
2022-05-01,3호선,약수,7383,7336
2022-05-01,3호선,금호,4479,4416
2022-05-01,3호선,옥수,5509,5794
2022-05-01,3호선,압구정,14505,15139
2022-05-01,3호선,신사,16157,15508
2022-05-01,3호선,잠원,2535,2506
2022-05-01,3호선,고속터미널,47617,44736
2022-05-01,3호선,교대,4768,2924
2022-05-01,3호선,남부터미널,15448,16573
2022-05-01,3호선,양재,14818,17187
2022-05-01,3호선,매봉,4346,4303
2022-05-01,3호선,도곡,2136,2240
2022-05-01,3호선,대치,5049,4747
2022-05-01,3호선,학여울,2449,2760
2022-05-01,3호선,대청,4333,4342
2022-05-01,3호선,일원,3556,3880
2022-05-01,3호선,수서,11219,11239
2022-05-01,3호선,가락시장,3999,4214
2022-05-01,3호선,경찰병원,2820,2818
2022-05-01,3호선,오금,2800,2851
2022-05-02,3호선,오금,6634,5949
2022-05-02,3호선,경찰병원,7689,7648
2022-05-02,3호선,가락시장,9310,9278
2022-05-02,3호선,수서,17889,18415
2022-05-02,3호선,일원,11077,10892
2022-05-02,3호선,대청,10943,10136
2022-05-02,3호선,학여울,1889,1929
2022-05-02,3호선,대치,11419,11391
2022-05-02,3호선,도곡,5790,5860
2022-05-02,3호선,매봉,13107,12507
2022-05-02,3호선,양재,39952,44164
2022-05-02,3호선,남부터미널,29658,30538
2022-05-02,3호선,교대,15171,10233
2022-05-02,3호선,고속터미널,40678,39063
2022-05-02,3호선,잠원,5302,5026
2022-05-02,3호선,신사,30782,32316
2022-05-02,3호선,압구정,31849,34383
2022-05-02,3호선,옥수,9341,9673
2022-05-02,3호선,금호,8267,7620
2022-05-02,3호선,약수,13612,13310
2022-05-02,3호선,동대입구,10789,11899
2022-05-02,3호선,충무로,2,0
2022-05-02,3호선,을지로3가,11097,11219
2022-05-02,3호선,종로3가,9926,11481
2022-05-02,3호선,안국,22069,22848
2022-05-02,3호선,경복궁,22388,22380
2022-05-02,3호선,독립문,7211,7626
2022-05-02,3호선,무악재,4128,4291
2022-05-02,3호선,홍제,18840,17890
2022-05-02,3호선,녹번,16416,14834
2022-05-02,3호선,불광,16960,18002
2022-05-02,3호선,연신내,37805,35243
2022-05-02,3호선,구파발,21815,20658
2022-05-02,3호선,지축,5336,4925
2022-05-03,3호선,지축,5465,5191
2022-05-03,3호선,구파발,22185,21382
2022-05-03,3호선,연신내,38645,36090
2022-05-03,3호선,불광,17299,18726
2022-05-03,3호선,녹번,16947,15296
2022-05-03,3호선,홍제,19344,18464
2022-05-03,3호선,무악재,4258,4373
2022-05-03,3호선,독립문,7598,8180
2022-05-03,3호선,경복궁,23301,22793
2022-05-03,3호선,안국,24109,25067
2022-05-03,3호선,종로3가,10545,12001
2022-05-03,3호선,을지로3가,11242,11532
2022-05-03,3호선,충무로,1,0
2022-05-03,3호선,동대입구,9469,10377
2022-05-03,3호선,약수,13913,13599
2022-05-03,3호선,금호,8363,7792
2022-05-03,3호선,옥수,9543,9763
2022-05-03,3호선,압구정,33270,35739
2022-05-03,3호선,신사,32742,34114
2022-05-03,3호선,잠원,5358,5119
2022-05-03,3호선,고속터미널,41179,39470
2022-05-03,3호선,교대,15942,10589
2022-05-03,3호선,남부터미널,30519,31147
2022-05-03,3호선,양재,41227,45016
2022-05-03,3호선,매봉,13359,12948
2022-05-03,3호선,도곡,5907,5926
2022-05-03,3호선,대치,11362,11546
2022-05-03,3호선,학여울,2025,2027
2022-05-03,3호선,대청,11064,10190
2022-05-03,3호선,일원,11607,11029
2022-05-03,3호선,수서,17751,18488
2022-05-03,3호선,가락시장,9540,9276
2022-05-03,3호선,경찰병원,7764,7756
2022-05-03,3호선,오금,6705,6190
2022-05-04,3호선,지축,5655,5052
2022-05-04,3호선,구파발,23279,22350
2022-05-04,3호선,연신내,40603,37752
2022-05-04,3호선,불광,18063,19254
2022-05-04,3호선,녹번,17482,15156
2022-05-04,3호선,홍제,20154,18646
2022-05-04,3호선,무악재,4300,4261
2022-05-04,3호선,독립문,7974,8510
2022-05-04,3호선,경복궁,27747,27616
2022-05-04,3호선,안국,25816,26664
2022-05-04,3호선,종로3가,10802,13498
2022-05-04,3호선,을지로3가,12025,13040
2022-05-04,3호선,동대입구,10256,11524
2022-05-04,3호선,약수,14580,14028
2022-05-04,3호선,금호,8874,8056
2022-05-04,3호선,옥수,10091,10108
2022-05-04,3호선,압구정,34151,37195
2022-05-04,3호선,신사,33957,36529
2022-05-04,3호선,잠원,5615,5362
2022-05-04,3호선,고속터미널,50211,54701
2022-05-04,3호선,교대,16391,10722
2022-05-04,3호선,남부터미널,33750,34151
2022-05-04,3호선,양재,42736,46116
2022-05-04,3호선,매봉,14155,13452
2022-05-04,3호선,도곡,6177,5913
2022-05-04,3호선,대치,11375,11299
2022-05-04,3호선,학여울,2045,2008
2022-05-04,3호선,대청,11482,10268
2022-05-04,3호선,일원,11766,10842
2022-05-04,3호선,수서,18869,19093
2022-05-04,3호선,가락시장,10000,9756
2022-05-04,3호선,경찰병원,8072,7856
2022-05-04,3호선,오금,6927,6275
2022-05-05,3호선,오금,3001,2778
2022-05-05,3호선,경찰병원,3226,3157
2022-05-05,3호선,가락시장,5042,4953
2022-05-05,3호선,수서,10967,11438
2022-05-05,3호선,일원,3986,3857
2022-05-05,3호선,대청,4919,4578
2022-05-05,3호선,학여울,846,829
2022-05-05,3호선,대치,6283,5707
2022-05-05,3호선,도곡,2348,2300
2022-05-05,3호선,매봉,5333,5326
2022-05-05,3호선,양재,14921,16582
2022-05-05,3호선,남부터미널,16365,16871
2022-05-05,3호선,교대,5090,3148
2022-05-05,3호선,고속터미널,49069,50519
2022-05-05,3호선,잠원,3004,2833
2022-05-05,3호선,신사,16996,18307
2022-05-05,3호선,압구정,15620,16940
2022-05-05,3호선,옥수,6282,6300
2022-05-05,3호선,금호,5230,4626
2022-05-05,3호선,약수,7706,7149
2022-05-05,3호선,동대입구,6500,7651
2022-05-05,3호선,을지로3가,5310,5307
2022-05-05,3호선,종로3가,5910,8267
2022-05-05,3호선,안국,19541,22488
2022-05-05,3호선,경복궁,21801,24776
2022-05-05,3호선,독립문,6368,7238
2022-05-05,3호선,무악재,2407,2529
2022-05-05,3호선,홍제,12060,11258
2022-05-05,3호선,녹번,9060,7890
2022-05-05,3호선,불광,11871,13440
2022-05-05,3호선,연신내,26688,24905
2022-05-05,3호선,구파발,14703,15107
2022-05-05,3호선,지축,3224,3054
2022-05-06,3호선,옥수,9023,9046
2022-05-06,3호선,압구정,32674,35285
2022-05-06,3호선,신사,31340,33748
2022-05-06,3호선,잠원,4845,4588
2022-05-06,3호선,고속터미널,55473,59848
2022-05-06,3호선,교대,13634,8478
2022-05-06,3호선,남부터미널,29588,30498
2022-05-06,3호선,양재,33827,36777
2022-05-06,3호선,매봉,11331,10987
2022-05-06,3호선,도곡,4691,4856
2022-05-06,3호선,대치,10624,10360
2022-05-06,3호선,학여울,1578,1640
2022-05-06,3호선,대청,9456,8472
2022-05-06,3호선,일원,9686,8984
2022-05-06,3호선,수서,16843,17393
2022-05-06,3호선,가락시장,8296,8202
2022-05-06,3호선,경찰병원,6621,6367
2022-05-06,3호선,오금,5786,5265
2022-05-06,3호선,금호,7844,7088
2022-05-06,3호선,지축,4950,4511
2022-05-06,3호선,구파발,21029,20656
2022-05-06,3호선,연신내,37468,35484
2022-05-06,3호선,불광,16359,17478
2022-05-06,3호선,녹번,15284,13175
2022-05-06,3호선,홍제,18259,16904
2022-05-06,3호선,무악재,3836,3764
2022-05-06,3호선,독립문,8047,8385
2022-05-06,3호선,경복궁,25983,26782
2022-05-06,3호선,안국,23743,25477
2022-05-06,3호선,종로3가,10641,13347
2022-05-06,3호선,을지로3가,10409,11160
2022-05-06,3호선,충무로,2,0
2022-05-06,3호선,동대입구,8299,9232
2022-05-06,3호선,약수,12546,12302
2022-05-07,3호선,지축,3424,3118
2022-05-07,3호선,구파발,16036,16292
2022-05-07,3호선,연신내,29514,27789
2022-05-07,3호선,불광,12715,14312
2022-05-07,3호선,녹번,10509,9063
2022-05-07,3호선,홍제,13517,12571
2022-05-07,3호선,무악재,2693,2779
2022-05-07,3호선,독립문,6244,6702
2022-05-07,3호선,경복궁,20163,19714
2022-05-07,3호선,안국,18655,19956
2022-05-07,3호선,종로3가,5894,8632
2022-05-07,3호선,을지로3가,5388,5785
2022-05-07,3호선,충무로,3,0
2022-05-07,3호선,동대입구,6272,7135
2022-05-07,3호선,약수,9090,8398
2022-05-07,3호선,금호,5961,5303
2022-05-07,3호선,옥수,6986,7131
2022-05-07,3호선,압구정,23482,25017
2022-05-07,3호선,신사,24718,26107
2022-05-07,3호선,잠원,3491,3144
2022-05-07,3호선,고속터미널,55663,58892
2022-05-07,3호선,교대,7016,4281
2022-05-07,3호선,남부터미널,20771,21840
2022-05-07,3호선,양재,19869,21929
2022-05-07,3호선,매봉,6186,6043
2022-05-07,3호선,도곡,3240,3279
2022-05-07,3호선,대치,9268,8434
2022-05-07,3호선,학여울,2671,2852
2022-05-07,3호선,대청,5819,5178
2022-05-07,3호선,일원,5061,4913
2022-05-07,3호선,수서,13435,13522
2022-05-07,3호선,가락시장,5794,5566
2022-05-07,3호선,경찰병원,3797,3705
2022-05-07,3호선,오금,3720,3580
2022-05-08,3호선,오금,2717,2769
2022-05-08,3호선,경찰병원,2745,2951
2022-05-08,3호선,가락시장,3532,3891
2022-05-08,3호선,수서,11529,10553
2022-05-08,3호선,일원,3574,3856
2022-05-08,3호선,대청,4102,4197
2022-05-08,3호선,학여울,1972,2114
2022-05-08,3호선,대치,6112,5530
2022-05-08,3호선,도곡,1806,1945
2022-05-08,3호선,매봉,4146,4125
2022-05-08,3호선,양재,13475,16295
2022-05-08,3호선,남부터미널,16815,16267
2022-05-08,3호선,교대,4067,2638
2022-05-08,3호선,고속터미널,53797,43248
2022-05-08,3호선,잠원,2244,2262
2022-05-08,3호선,신사,12482,12592
2022-05-08,3호선,압구정,13050,13705
2022-05-08,3호선,옥수,5288,5561
2022-05-08,3호선,금호,4263,4255
2022-05-08,3호선,약수,6862,6833
2022-05-08,3호선,동대입구,4853,5413
2022-05-08,3호선,을지로3가,3105,2895
2022-05-08,3호선,종로3가,4056,4887
2022-05-08,3호선,안국,13735,14988
2022-05-08,3호선,경복궁,12774,12763
2022-05-08,3호선,독립문,4614,5108
2022-05-08,3호선,무악재,2055,2379
2022-05-08,3호선,홍제,9916,9806
2022-05-08,3호선,녹번,7521,7040
2022-05-08,3호선,불광,9963,11413
2022-05-08,3호선,연신내,22421,21279
2022-05-08,3호선,구파발,13513,13924
2022-05-08,3호선,지축,2552,2307
2022-05-09,3호선,지축,5499,5087
2022-05-09,3호선,구파발,22257,21273
2022-05-09,3호선,연신내,37919,35972
2022-05-09,3호선,불광,16951,18296
2022-05-09,3호선,녹번,16751,15064
2022-05-09,3호선,홍제,19037,18181
2022-05-09,3호선,무악재,4187,4257
2022-05-09,3호선,독립문,7436,7886
2022-05-09,3호선,경복궁,26711,27737
2022-05-09,3호선,안국,22465,22864
2022-05-09,3호선,종로3가,10213,11755
2022-05-09,3호선,을지로3가,10900,11319
2022-05-09,3호선,충무로,1,0
2022-05-09,3호선,동대입구,9504,10419
2022-05-09,3호선,약수,13656,13454
2022-05-09,3호선,금호,8274,7725
2022-05-09,3호선,옥수,9325,9539
2022-05-09,3호선,압구정,32193,34596
2022-05-09,3호선,신사,31146,32788
2022-05-09,3호선,잠원,5118,4920
2022-05-09,3호선,고속터미널,43935,39263
2022-05-09,3호선,교대,15499,10247
2022-05-09,3호선,남부터미널,31200,31001
2022-05-09,3호선,양재,40259,44660
2022-05-09,3호선,매봉,13312,12718
2022-05-09,3호선,도곡,5744,5947
2022-05-09,3호선,대치,11376,11421
2022-05-09,3호선,학여울,1888,1889
2022-05-09,3호선,대청,10791,10182
2022-05-09,3호선,일원,11445,11052
2022-05-09,3호선,수서,17858,18253
2022-05-09,3호선,가락시장,9634,9257
2022-05-09,3호선,경찰병원,7667,7639
2022-05-09,3호선,오금,6747,6108
2022-05-10,3호선,오금,6812,6182
2022-05-10,3호선,경찰병원,7825,7745
2022-05-10,3호선,가락시장,9681,9409
2022-05-10,3호선,수서,18171,18680
2022-05-10,3호선,일원,11866,11478
2022-05-10,3호선,대청,11272,10465
2022-05-10,3호선,학여울,1974,1962
2022-05-10,3호선,대치,11729,11759
2022-05-10,3호선,도곡,5799,6031
2022-05-10,3호선,매봉,13506,13135
2022-05-10,3호선,양재,41927,45886
2022-05-10,3호선,남부터미널,31171,31554
2022-05-10,3호선,교대,16155,10517
2022-05-10,3호선,고속터미널,41378,38980
2022-05-10,3호선,잠원,5371,5152
2022-05-10,3호선,신사,32290,33924
2022-05-10,3호선,압구정,33554,36129
2022-05-10,3호선,옥수,9614,9810
2022-05-10,3호선,금호,8460,7821
2022-05-10,3호선,약수,14063,13805
2022-05-10,3호선,동대입구,10028,10823
2022-05-10,3호선,충무로,2,0
2022-05-10,3호선,을지로3가,11334,11711
2022-05-10,3호선,종로3가,10480,12243
2022-05-10,3호선,안국,24778,25345
2022-05-10,3호선,경복궁,29761,31027
2022-05-10,3호선,독립문,7927,8304
2022-05-10,3호선,무악재,4298,4394
2022-05-10,3호선,홍제,19560,18553
2022-05-10,3호선,녹번,16969,15316
2022-05-10,3호선,불광,17417,18546
2022-05-10,3호선,연신내,38706,36655
2022-05-10,3호선,구파발,23262,22238
2022-05-10,3호선,지축,5602,5223
2022-05-11,3호선,금호,8646,7913
2022-05-11,3호선,오금,6788,6193
2022-05-11,3호선,경찰병원,8052,8064
2022-05-11,3호선,가락시장,9795,9712
2022-05-11,3호선,수서,18341,18508
2022-05-11,3호선,일원,11676,11304
2022-05-11,3호선,대청,11579,10663
2022-05-11,3호선,학여울,2025,2064
2022-05-11,3호선,대치,11516,11658
2022-05-11,3호선,도곡,5882,6121
2022-05-11,3호선,매봉,13831,13207
2022-05-11,3호선,양재,42580,46570
2022-05-11,3호선,남부터미널,31005,31618
2022-05-11,3호선,교대,16504,10607
2022-05-11,3호선,고속터미널,41975,39582
2022-05-11,3호선,잠원,5402,5158
2022-05-11,3호선,신사,32427,33825
2022-05-11,3호선,압구정,33127,35479
2022-05-11,3호선,옥수,9903,10142
2022-05-11,3호선,약수,14205,13678
2022-05-11,3호선,동대입구,9345,10484
2022-05-11,3호선,충무로,2,0
2022-05-11,3호선,을지로3가,11713,12067
2022-05-11,3호선,종로3가,10692,12284
2022-05-11,3호선,안국,25956,26277
2022-05-11,3호선,경복궁,30739,32197
2022-05-11,3호선,독립문,7970,8470
2022-05-11,3호선,무악재,4269,4408
2022-05-11,3호선,홍제,19501,18490
2022-05-11,3호선,녹번,16976,15321
2022-05-11,3호선,불광,17659,19069
2022-05-11,3호선,연신내,38854,36519
2022-05-11,3호선,구파발,22632,21748
2022-05-11,3호선,지축,5634,5128
2022-05-12,3호선,지축,5604,5120
2022-05-12,3호선,구파발,22769,21811
2022-05-12,3호선,연신내,39009,36953
2022-05-12,3호선,불광,17450,18607
2022-05-12,3호선,녹번,17420,15510
2022-05-12,3호선,홍제,19587,18426
2022-05-12,3호선,무악재,4325,4364
2022-05-12,3호선,독립문,7940,8335
2022-05-12,3호선,경복궁,31008,33018
2022-05-12,3호선,안국,26487,26641
2022-05-12,3호선,종로3가,10711,12364
2022-05-12,3호선,을지로3가,11478,11820
2022-05-12,3호선,충무로,3,0
2022-05-12,3호선,동대입구,9603,10676
2022-05-12,3호선,약수,14113,13622
2022-05-12,3호선,금호,8540,7794
2022-05-12,3호선,옥수,10033,10217
2022-05-12,3호선,압구정,32841,35456
2022-05-12,3호선,신사,32028,34159
2022-05-12,3호선,잠원,5406,5244
2022-05-12,3호선,고속터미널,43918,41867
2022-05-12,3호선,교대,16564,10800
2022-05-12,3호선,남부터미널,31547,32014
2022-05-12,3호선,양재,42445,46897
2022-05-12,3호선,매봉,13917,13391
2022-05-12,3호선,도곡,5977,6241
2022-05-12,3호선,대치,11810,11958
2022-05-12,3호선,학여울,2180,2226
2022-05-12,3호선,대청,11395,10303
2022-05-12,3호선,일원,11881,11434
2022-05-12,3호선,수서,18533,18912
2022-05-12,3호선,가락시장,9870,9774
2022-05-12,3호선,경찰병원,7785,7829
2022-05-12,3호선,오금,6854,6216
2022-05-13,3호선,오금,7004,6405
2022-05-13,3호선,경찰병원,8156,7966
2022-05-13,3호선,가락시장,10265,10191
2022-05-13,3호선,수서,20589,20734
2022-05-13,3호선,일원,11731,10849
2022-05-13,3호선,대청,11669,10606
2022-05-13,3호선,학여울,2106,2167
2022-05-13,3호선,대치,12318,12324
2022-05-13,3호선,도곡,6133,6270
2022-05-13,3호선,매봉,13863,13251
2022-05-13,3호선,양재,44199,47314
2022-05-13,3호선,남부터미널,34731,34269
2022-05-13,3호선,교대,16901,10805
2022-05-13,3호선,고속터미널,53290,53660
2022-05-13,3호선,잠원,5727,5380
2022-05-13,3호선,신사,35406,38548
2022-05-13,3호선,압구정,35434,38981
2022-05-13,3호선,옥수,10291,10398
2022-05-13,3호선,금호,9039,8067
2022-05-13,3호선,약수,14603,14158
2022-05-13,3호선,동대입구,9092,9719
2022-05-13,3호선,충무로,1,0
2022-05-13,3호선,을지로3가,12022,12952
2022-05-13,3호선,종로3가,11140,13747
2022-05-13,3호선,안국,28746,29169
2022-05-13,3호선,경복궁,31414,34131
2022-05-13,3호선,독립문,8285,8634
2022-05-13,3호선,무악재,4385,4366
2022-05-13,3호선,홍제,19724,18243
2022-05-13,3호선,녹번,17456,14849
2022-05-13,3호선,불광,17967,19162
2022-05-13,3호선,연신내,40008,37813
2022-05-13,3호선,구파발,22664,21720
2022-05-13,3호선,지축,5809,5179
2022-05-14,3호선,지축,4116,3679
2022-05-14,3호선,구파발,17861,18324
2022-05-14,3호선,연신내,33052,31023
2022-05-14,3호선,불광,14440,16400
2022-05-14,3호선,녹번,11898,10043
2022-05-14,3호선,홍제,15460,14238
2022-05-14,3호선,무악재,3057,3296
2022-05-14,3호선,독립문,7611,8718
2022-05-14,3호선,경복궁,28687,32765
2022-05-14,3호선,안국,23162,24871
2022-05-14,3호선,종로3가,7083,10519
2022-05-14,3호선,을지로3가,6509,7452
2022-05-14,3호선,충무로,1,0
2022-05-14,3호선,동대입구,8310,9715
2022-05-14,3호선,약수,10464,9914
2022-05-14,3호선,금호,6596,5992
2022-05-14,3호선,옥수,8453,8223
2022-05-14,3호선,압구정,26998,29220
2022-05-14,3호선,신사,30055,31392
2022-05-14,3호선,잠원,4155,3913
2022-05-14,3호선,고속터미널,61703,60529
2022-05-14,3호선,교대,8814,5468
2022-05-14,3호선,남부터미널,25517,25141
2022-05-14,3호선,양재,25464,27872
2022-05-14,3호선,매봉,7241,6955
2022-05-14,3호선,도곡,3934,4109
2022-05-14,3호선,대치,11410,10006
2022-05-14,3호선,학여울,11793,12435
2022-05-14,3호선,대청,6998,6458
2022-05-14,3호선,일원,5905,5887
2022-05-14,3호선,수서,15991,15557
2022-05-14,3호선,가락시장,7090,6634
2022-05-14,3호선,경찰병원,4716,4481
2022-05-14,3호선,오금,4784,4601
2022-05-15,3호선,오금,3166,3221
2022-05-15,3호선,경찰병원,3095,3226
2022-05-15,3호선,가락시장,4315,4610
2022-05-15,3호선,수서,12127,12240
2022-05-15,3호선,일원,4087,4220
2022-05-15,3호선,대청,4720,4628
2022-05-15,3호선,학여울,10449,11021
2022-05-15,3호선,대치,7573,6710
2022-05-15,3호선,도곡,2443,2732
2022-05-15,3호선,매봉,5232,5183
2022-05-15,3호선,양재,16230,19184
2022-05-15,3호선,남부터미널,18051,19184
2022-05-15,3호선,교대,5455,3375
2022-05-15,3호선,고속터미널,51747,48046
2022-05-15,3호선,잠원,2814,2741
2022-05-15,3호선,신사,16800,16606
2022-05-15,3호선,압구정,15557,16348
2022-05-15,3호선,옥수,5971,6179
2022-05-15,3호선,금호,4742,4401
2022-05-15,3호선,약수,7845,7557
2022-05-15,3호선,동대입구,7079,7847
2022-05-15,3호선,충무로,1,0
2022-05-15,3호선,을지로3가,4536,4141
2022-05-15,3호선,종로3가,4980,6321
2022-05-15,3호선,안국,16666,17331
2022-05-15,3호선,경복궁,22635,26016
2022-05-15,3호선,독립문,5676,6649
2022-05-15,3호선,무악재,2193,2409
2022-05-15,3호선,홍제,10975,10450
2022-05-15,3호선,녹번,8532,7552
2022-05-15,3호선,불광,10990,12576
2022-05-15,3호선,연신내,23982,22858
2022-05-15,3호선,구파발,13759,13852
2022-05-15,3호선,지축,2926,2767
2022-05-16,3호선,지축,5474,5101
2022-05-16,3호선,구파발,22553,21741
2022-05-16,3호선,연신내,38604,36100
2022-05-16,3호선,불광,17331,18383
2022-05-16,3호선,녹번,16883,15242
2022-05-16,3호선,홍제,19193,18464
2022-05-16,3호선,무악재,4258,4320
2022-05-16,3호선,독립문,7535,7883
2022-05-16,3호선,경복궁,28281,30579
2022-05-16,3호선,안국,24159,24150
2022-05-16,3호선,종로3가,10409,11931
2022-05-16,3호선,을지로3가,11120,11529
2022-05-16,3호선,충무로,2,0
2022-05-16,3호선,동대입구,9681,10644
2022-05-16,3호선,약수,13981,13458
2022-05-16,3호선,금호,8472,7906
2022-05-16,3호선,옥수,9843,10027
2022-05-16,3호선,압구정,32828,35367
2022-05-16,3호선,신사,31973,33318
2022-05-16,3호선,잠원,5265,5190
2022-05-16,3호선,고속터미널,36967,35862
2022-05-16,3호선,교대,15811,10302
2022-05-16,3호선,남부터미널,30212,31375
2022-05-16,3호선,양재,40364,44720
2022-05-16,3호선,매봉,13358,12812
2022-05-16,3호선,도곡,5957,6172
2022-05-16,3호선,대치,11650,11759
2022-05-16,3호선,학여울,2046,2025
2022-05-16,3호선,대청,11071,10077
2022-05-16,3호선,일원,11334,10981
2022-05-16,3호선,수서,18247,18769
2022-05-16,3호선,가락시장,9526,9314
2022-05-16,3호선,경찰병원,7870,7910
2022-05-16,3호선,오금,6915,6102
2022-05-17,3호선,지축,5493,5221
2022-05-17,3호선,구파발,23154,21998
2022-05-17,3호선,연신내,38768,36369
2022-05-17,3호선,불광,17538,18773
2022-05-17,3호선,녹번,17119,15415
2022-05-17,3호선,홍제,19426,18159
2022-05-17,3호선,무악재,4343,4452
2022-05-17,3호선,독립문,7898,8291
2022-05-17,3호선,경복궁,28914,31104
2022-05-17,3호선,안국,25366,26048
2022-05-17,3호선,종로3가,10596,12232
2022-05-17,3호선,을지로3가,11401,11812
2022-05-17,3호선,충무로,1,0
2022-05-17,3호선,동대입구,10262,11089
2022-05-17,3호선,약수,14153,13697
2022-05-17,3호선,금호,8490,7788
2022-05-17,3호선,옥수,9776,10116
2022-05-17,3호선,압구정,34221,36857
2022-05-17,3호선,신사,32430,34237
2022-05-17,3호선,잠원,5347,5240
2022-05-17,3호선,고속터미널,42076,40063
2022-05-17,3호선,교대,16375,10693
2022-05-17,3호선,남부터미널,30779,31598
2022-05-17,3호선,양재,42210,46570
2022-05-17,3호선,매봉,13805,13304
2022-05-17,3호선,도곡,6058,6045
2022-05-17,3호선,대치,12184,12167
2022-05-17,3호선,학여울,2061,2060
2022-05-17,3호선,대청,11202,10271
2022-05-17,3호선,일원,11784,11383
2022-05-17,3호선,수서,18164,18433
2022-05-17,3호선,가락시장,9760,9520
2022-05-17,3호선,경찰병원,7945,7877
2022-05-17,3호선,오금,7006,6363
2022-05-18,3호선,오금,6896,6231
2022-05-18,3호선,경찰병원,7941,8039
2022-05-18,3호선,가락시장,9685,9388
2022-05-18,3호선,수서,18425,18555
2022-05-18,3호선,일원,11576,11089
2022-05-18,3호선,대청,11087,10127
2022-05-18,3호선,학여울,3065,3082
2022-05-18,3호선,대치,11548,11796
2022-05-18,3호선,도곡,6059,6182
2022-05-18,3호선,매봉,13827,13405
2022-05-18,3호선,양재,42218,46590
2022-05-18,3호선,남부터미널,30543,31054
2022-05-18,3호선,교대,16279,10498
2022-05-18,3호선,고속터미널,41451,39466
2022-05-18,3호선,잠원,5509,5187
2022-05-18,3호선,신사,31694,33670
2022-05-18,3호선,압구정,32808,35229
2022-05-18,3호선,옥수,9529,9841
2022-05-18,3호선,금호,8481,7804
2022-05-18,3호선,약수,14254,13770
2022-05-18,3호선,동대입구,9479,10451
2022-05-18,3호선,충무로,1,0
2022-05-18,3호선,을지로3가,11550,11870
2022-05-18,3호선,종로3가,10733,12551
2022-05-18,3호선,안국,25770,26044
2022-05-18,3호선,경복궁,30217,32602
2022-05-18,3호선,독립문,7933,8158
2022-05-18,3호선,무악재,4271,4279
2022-05-18,3호선,홍제,19261,18150
2022-05-18,3호선,녹번,17043,15112
2022-05-18,3호선,불광,17438,18640
2022-05-18,3호선,연신내,38704,36481
2022-05-18,3호선,구파발,22952,22001
2022-05-18,3호선,지축,5527,5110
2022-05-19,3호선,지축,5535,5103
2022-05-19,3호선,구파발,23372,22434
2022-05-19,3호선,연신내,39393,37287
2022-05-19,3호선,불광,17729,18826
2022-05-19,3호선,녹번,17478,15398
2022-05-19,3호선,홍제,19613,18341
2022-05-19,3호선,무악재,4298,4370
2022-05-19,3호선,독립문,8021,8340
2022-05-19,3호선,경복궁,31498,33745
2022-05-19,3호선,안국,25941,26582
2022-05-19,3호선,종로3가,10857,12532
2022-05-19,3호선,을지로3가,11337,11726
2022-05-19,3호선,충무로,2,0
2022-05-19,3호선,동대입구,10921,12004
2022-05-19,3호선,약수,14432,13949
2022-05-19,3호선,금호,8624,7949
2022-05-19,3호선,옥수,9997,10056
2022-05-19,3호선,압구정,33489,36094
2022-05-19,3호선,신사,32222,34066
2022-05-19,3호선,잠원,5401,5226
2022-05-19,3호선,고속터미널,43155,41202
2022-05-19,3호선,교대,16722,10816
2022-05-19,3호선,남부터미널,30985,31254
2022-05-19,3호선,양재,42975,47402
2022-05-19,3호선,매봉,13857,13441
2022-05-19,3호선,도곡,5899,6223
2022-05-19,3호선,대치,11926,12071
2022-05-19,3호선,학여울,3225,3240
2022-05-19,3호선,대청,11169,10406
2022-05-19,3호선,일원,11777,11255
2022-05-19,3호선,수서,18689,18782
2022-05-19,3호선,가락시장,9601,9453
2022-05-19,3호선,경찰병원,7954,7902
2022-05-19,3호선,오금,6867,6318
2022-05-20,3호선,지축,5789,5214
2022-05-20,3호선,구파발,23028,22178
2022-05-20,3호선,연신내,40492,38465
2022-05-20,3호선,불광,17907,19070
2022-05-20,3호선,녹번,17490,15102
2022-05-20,3호선,홍제,19948,18523
2022-05-20,3호선,무악재,4468,4289
2022-05-20,3호선,독립문,8337,8706
2022-05-20,3호선,경복궁,32214,34693
2022-05-20,3호선,안국,28133,28495
2022-05-20,3호선,종로3가,11467,14162
2022-05-20,3호선,을지로3가,12125,13004
2022-05-20,3호선,충무로,1,0
2022-05-20,3호선,동대입구,9323,11102
2022-05-20,3호선,약수,14936,14225
2022-05-20,3호선,금호,8871,7998
2022-05-20,3호선,옥수,10262,10337
2022-05-20,3호선,압구정,36288,39716
2022-05-20,3호선,신사,35000,38374
2022-05-20,3호선,잠원,5725,5406
2022-05-20,3호선,고속터미널,54268,54292
2022-05-20,3호선,교대,16931,11026
2022-05-20,3호선,남부터미널,34573,34537
2022-05-20,3호선,양재,44690,47810
2022-05-20,3호선,매봉,13998,13551
2022-05-20,3호선,도곡,6037,6351
2022-05-20,3호선,대치,12511,12338
2022-05-20,3호선,학여울,3140,3144
2022-05-20,3호선,대청,11019,10157
2022-05-20,3호선,일원,11595,10956
2022-05-20,3호선,수서,20604,20622
2022-05-20,3호선,가락시장,10362,10199
2022-05-20,3호선,경찰병원,8147,7954
2022-05-20,3호선,오금,7036,6303
2022-05-21,3호선,지축,4188,3652
2022-05-21,3호선,구파발,18062,18445
2022-05-21,3호선,연신내,32352,30313
2022-05-21,3호선,불광,14565,16373
2022-05-21,3호선,녹번,11810,10009
2022-05-21,3호선,홍제,15126,14204
2022-05-21,3호선,무악재,3066,3269
2022-05-21,3호선,독립문,7191,7954
2022-05-21,3호선,경복궁,29562,34134
2022-05-21,3호선,안국,23503,25613
2022-05-21,3호선,종로3가,7378,10902
2022-05-21,3호선,을지로3가,6822,7448
2022-05-21,3호선,충무로,3,0
2022-05-21,3호선,동대입구,7728,9096
2022-05-21,3호선,약수,10478,10011
2022-05-21,3호선,금호,6504,5804
2022-05-21,3호선,옥수,8219,8068
2022-05-21,3호선,압구정,27311,29447
2022-05-21,3호선,신사,28520,30670
2022-05-21,3호선,잠원,4242,3965
2022-05-21,3호선,고속터미널,60824,59526
2022-05-21,3호선,교대,8616,5357
2022-05-21,3호선,남부터미널,24323,23890
2022-05-21,3호선,양재,24968,27665
2022-05-21,3호선,매봉,7192,7069
2022-05-21,3호선,도곡,3886,4173
2022-05-21,3호선,대치,10675,9594
2022-05-21,3호선,학여울,1549,1471
2022-05-21,3호선,대청,6822,6136
2022-05-21,3호선,일원,5723,5570
2022-05-21,3호선,수서,15823,15340
2022-05-21,3호선,가락시장,6809,6451
2022-05-21,3호선,경찰병원,4415,4209
2022-05-21,3호선,오금,4218,3916
2022-05-22,3호선,지축,2792,2605
2022-05-22,3호선,구파발,13020,13284
2022-05-22,3호선,연신내,23119,21908
2022-05-22,3호선,불광,10759,12248
2022-05-22,3호선,녹번,8234,7377
2022-05-22,3호선,홍제,10776,10440
2022-05-22,3호선,무악재,2107,2287
2022-05-22,3호선,독립문,4966,5698
2022-05-22,3호선,경복궁,19162,21074
2022-05-22,3호선,안국,14815,15982
2022-05-22,3호선,종로3가,5020,6400
2022-05-22,3호선,을지로3가,4160,3832
2022-05-22,3호선,충무로,1,0
2022-05-22,3호선,동대입구,5944,6629
2022-05-22,3호선,약수,7780,7538
2022-05-22,3호선,금호,4689,4383
2022-05-22,3호선,옥수,5617,5739
2022-05-22,3호선,압구정,15486,16413
2022-05-22,3호선,신사,15982,16055
2022-05-22,3호선,잠원,2617,2497
2022-05-22,3호선,고속터미널,49821,46475
2022-05-22,3호선,교대,5157,3196
2022-05-22,3호선,남부터미널,16756,17988
2022-05-22,3호선,양재,15516,18051
2022-05-22,3호선,매봉,4821,4843
2022-05-22,3호선,도곡,2382,2543
2022-05-22,3호선,대치,6889,5996
2022-05-22,3호선,학여울,1068,1058
2022-05-22,3호선,대청,4777,4642
2022-05-22,3호선,일원,3844,4020
2022-05-22,3호선,수서,11139,11449
2022-05-22,3호선,가락시장,4262,4421
2022-05-22,3호선,경찰병원,2977,3058
2022-05-22,3호선,오금,3012,2937
2022-05-23,3호선,오금,6772,6064
2022-05-23,3호선,경찰병원,7883,7932
2022-05-23,3호선,가락시장,9628,9444
2022-05-23,3호선,수서,18003,18848
2022-05-23,3호선,일원,11376,10998
2022-05-23,3호선,대청,11410,10540
2022-05-23,3호선,학여울,1932,1899
2022-05-23,3호선,대치,11472,11787
2022-05-23,3호선,도곡,5798,5972
2022-05-23,3호선,매봉,13635,12954
2022-05-23,3호선,양재,41064,45428
2022-05-23,3호선,남부터미널,29875,30873
2022-05-23,3호선,교대,15808,10477
2022-05-23,3호선,고속터미널,41803,40538
2022-05-23,3호선,잠원,5244,5153
2022-05-23,3호선,신사,31128,32600
2022-05-23,3호선,압구정,30308,32798
2022-05-23,3호선,옥수,9483,9662
2022-05-23,3호선,금호,8266,7745
2022-05-23,3호선,약수,13612,13181
2022-05-23,3호선,동대입구,9349,10296
2022-05-23,3호선,충무로,2,0
2022-05-23,3호선,을지로3가,11201,11394
2022-05-23,3호선,종로3가,10378,11928
2022-05-23,3호선,안국,23544,23754
2022-05-23,3호선,경복궁,27710,29220
2022-05-23,3호선,독립문,7309,7548
2022-05-23,3호선,무악재,4214,4257
2022-05-23,3호선,홍제,19348,18245
2022-05-23,3호선,녹번,16758,14961
2022-05-23,3호선,불광,17089,18234
2022-05-23,3호선,연신내,37945,35802
2022-05-23,3호선,구파발,22313,21476
2022-05-23,3호선,지축,5529,5163
2022-05-24,3호선,오금,6902,6048
2022-05-24,3호선,경찰병원,7793,7567
2022-05-24,3호선,가락시장,9740,9728
2022-05-24,3호선,수서,17521,17455
2022-05-24,3호선,일원,11566,10772
2022-05-24,3호선,대청,10782,9543
2022-05-24,3호선,학여울,2088,2102
2022-05-24,3호선,대치,11711,11637
2022-05-24,3호선,도곡,5901,6591
2022-05-24,3호선,매봉,11795,12582
2022-05-24,3호선,양재,38941,47834
2022-05-24,3호선,남부터미널,30788,33133
2022-05-24,3호선,교대,16676,11725
2022-05-24,3호선,고속터미널,41685,40364
2022-05-24,3호선,잠원,5342,4829
2022-05-24,3호선,신사,31721,34843
2022-05-24,3호선,압구정,33411,41963
2022-05-24,3호선,옥수,9920,9901
2022-05-24,3호선,금호,8505,7735
2022-05-24,3호선,약수,14017,13964
2022-05-24,3호선,동대입구,9682,11125
2022-05-24,3호선,을지로3가,11288,12001
2022-05-24,3호선,종로3가,10422,12219
2022-05-24,3호선,안국,24496,25460
2022-05-24,3호선,경복궁,28502,29733
2022-05-24,3호선,독립문,7635,8258
2022-05-24,3호선,무악재,4304,4350
2022-05-24,3호선,홍제,19469,17781
2022-05-24,3호선,녹번,17073,14534
2022-05-24,3호선,불광,17668,18151
2022-05-24,3호선,연신내,38428,35786
2022-05-24,3호선,구파발,22524,21268
2022-05-24,3호선,지축,5677,5273
2022-05-25,3호선,오금,6824,6144
2022-05-25,3호선,경찰병원,8080,8138
2022-05-25,3호선,가락시장,9952,9674
2022-05-25,3호선,수서,18456,18737
2022-05-25,3호선,일원,11547,11047
2022-05-25,3호선,대청,11510,10515
2022-05-25,3호선,학여울,2025,2039
2022-05-25,3호선,대치,11775,11977
2022-05-25,3호선,도곡,5909,6181
2022-05-25,3호선,매봉,14068,13529
2022-05-25,3호선,양재,43408,47207
2022-05-25,3호선,남부터미널,31012,31485
2022-05-25,3호선,교대,16661,10711
2022-05-25,3호선,고속터미널,42259,39811
2022-05-25,3호선,잠원,5521,5318
2022-05-25,3호선,신사,32220,33181
2022-05-25,3호선,압구정,32997,35562
2022-05-25,3호선,옥수,9760,10018
2022-05-25,3호선,금호,8610,7967
2022-05-25,3호선,약수,14565,14151
2022-05-25,3호선,동대입구,9583,10689
2022-05-25,3호선,충무로,2,0
2022-05-25,3호선,을지로3가,11736,11706
2022-05-25,3호선,종로3가,10856,12344
2022-05-25,3호선,안국,26582,26601
2022-05-25,3호선,경복궁,30838,32466
2022-05-25,3호선,독립문,7754,8180
2022-05-25,3호선,무악재,4280,4507
2022-05-25,3호선,홍제,19745,18842
2022-05-25,3호선,녹번,17256,15582
2022-05-25,3호선,불광,18036,19284
2022-05-25,3호선,연신내,39047,37009
2022-05-25,3호선,구파발,22745,21921
2022-05-25,3호선,지축,5687,5220
2022-05-26,3호선,오금,6954,6220
2022-05-26,3호선,지축,5711,5224
2022-05-26,3호선,구파발,22583,21635
2022-05-26,3호선,연신내,39038,36474
2022-05-26,3호선,불광,17912,19251
2022-05-26,3호선,녹번,17325,15296
2022-05-26,3호선,홍제,19656,18474
2022-05-26,3호선,무악재,4295,4343
2022-05-26,3호선,독립문,7763,8150
2022-05-26,3호선,경복궁,30176,31967
2022-05-26,3호선,안국,25571,26319
2022-05-26,3호선,종로3가,10615,12453
2022-05-26,3호선,을지로3가,11599,11938
2022-05-26,3호선,동대입구,9787,10823
2022-05-26,3호선,약수,14264,13835
2022-05-26,3호선,금호,8560,7814
2022-05-26,3호선,옥수,9907,10073
2022-05-26,3호선,압구정,33118,35854
2022-05-26,3호선,신사,32163,33942
2022-05-26,3호선,잠원,5524,5296
2022-05-26,3호선,고속터미널,43961,41317
2022-05-26,3호선,교대,17155,11081
2022-05-26,3호선,남부터미널,31661,31767
2022-05-26,3호선,양재,43099,47617
2022-05-26,3호선,매봉,13762,13549
2022-05-26,3호선,도곡,6038,6175
2022-05-26,3호선,대치,11888,12100
2022-05-26,3호선,학여울,2591,2706
2022-05-26,3호선,대청,11467,10506
2022-05-26,3호선,일원,12163,11549
2022-05-26,3호선,수서,18359,18797
2022-05-26,3호선,가락시장,9949,9851
2022-05-26,3호선,경찰병원,7816,7856
2022-05-27,3호선,오금,6991,6213
2022-05-27,3호선,경찰병원,8070,7822
2022-05-27,3호선,가락시장,10275,10016
2022-05-27,3호선,수서,20533,20114
2022-05-27,3호선,일원,11790,10923
2022-05-27,3호선,대청,11608,10537
2022-05-27,3호선,학여울,2496,2446
2022-05-27,3호선,대치,12615,12496
2022-05-27,3호선,도곡,6197,6473
2022-05-27,3호선,매봉,14142,13706
2022-05-27,3호선,양재,44637,47881
2022-05-27,3호선,남부터미널,34934,34936
2022-05-27,3호선,교대,17250,11095
2022-05-27,3호선,고속터미널,53135,53586
2022-05-27,3호선,잠원,5842,5439
2022-05-27,3호선,신사,35050,38577
2022-05-27,3호선,압구정,35813,39032
2022-05-27,3호선,옥수,10171,10201
2022-05-27,3호선,금호,8755,7839
2022-05-27,3호선,약수,14597,14175
2022-05-27,3호선,동대입구,9284,10223
2022-05-27,3호선,충무로,4,0
2022-05-27,3호선,을지로3가,12102,13034
2022-05-27,3호선,종로3가,11251,13738
2022-05-27,3호선,안국,27077,27948
2022-05-27,3호선,경복궁,31098,33081
2022-05-27,3호선,독립문,8318,8524
2022-05-27,3호선,무악재,4431,4383
2022-05-27,3호선,홍제,19934,18520
2022-05-27,3호선,녹번,17577,15168
2022-05-27,3호선,불광,18009,19389
2022-05-27,3호선,연신내,40294,38285
2022-05-27,3호선,구파발,23144,22266
2022-05-27,3호선,지축,5753,5333
2022-05-28,3호선,지축,4171,3731
2022-05-28,3호선,구파발,17684,18198
2022-05-28,3호선,연신내,33148,30722
2022-05-28,3호선,불광,14305,16046
2022-05-28,3호선,녹번,11927,10388
2022-05-28,3호선,홍제,15069,14191
2022-05-28,3호선,무악재,3211,3493
2022-05-28,3호선,독립문,7339,7948
2022-05-28,3호선,경복궁,30164,32186
2022-05-28,3호선,안국,23872,24625
2022-05-28,3호선,종로3가,6953,10311
2022-05-28,3호선,을지로3가,6468,7248
2022-05-28,3호선,충무로,1,0
2022-05-28,3호선,동대입구,7793,9143
2022-05-28,3호선,약수,10123,9525
2022-05-28,3호선,금호,6484,5786
2022-05-28,3호선,옥수,8189,8293
2022-05-28,3호선,압구정,26891,28958
2022-05-28,3호선,신사,25605,27888
2022-05-28,3호선,잠원,4257,4096
2022-05-28,3호선,고속터미널,57998,57665
2022-05-28,3호선,교대,8503,5060
2022-05-28,3호선,남부터미널,23637,23177
2022-05-28,3호선,양재,23202,25206
2022-05-28,3호선,매봉,7259,7199
2022-05-28,3호선,도곡,4232,4423
2022-05-28,3호선,대치,10690,9522
2022-05-28,3호선,학여울,2049,2096
2022-05-28,3호선,대청,6623,6060
2022-05-28,3호선,일원,5327,5313
2022-05-28,3호선,수서,15035,14685
2022-05-28,3호선,가락시장,6812,6564
2022-05-28,3호선,경찰병원,4343,4124
2022-05-28,3호선,오금,4297,3940
2022-05-29,3호선,오금,3025,2963
2022-05-29,3호선,경찰병원,3143,3243
2022-05-29,3호선,가락시장,4163,4280
2022-05-29,3호선,수서,11446,11583
2022-05-29,3호선,일원,3826,3961
2022-05-29,3호선,대청,4591,4435
2022-05-29,3호선,학여울,1443,1499
2022-05-29,3호선,대치,6784,5964
2022-05-29,3호선,도곡,2434,2661
2022-05-29,3호선,매봉,4607,4710
2022-05-29,3호선,양재,15447,17398
2022-05-29,3호선,남부터미널,16090,17132
2022-05-29,3호선,교대,4928,3133
2022-05-29,3호선,고속터미널,45792,43881
2022-05-29,3호선,잠원,2501,2516
2022-05-29,3호선,신사,13984,14106
2022-05-29,3호선,압구정,15243,15997
2022-05-29,3호선,옥수,5538,5800
2022-05-29,3호선,금호,4523,4323
2022-05-29,3호선,약수,7221,6962
2022-05-29,3호선,동대입구,5241,5880
2022-05-29,3호선,을지로3가,4046,3741
2022-05-29,3호선,종로3가,4463,5677
2022-05-29,3호선,안국,14837,15452
2022-05-29,3호선,경복궁,20182,22880
2022-05-29,3호선,독립문,4750,5070
2022-05-29,3호선,무악재,2122,2297
2022-05-29,3호선,홍제,10232,9728
2022-05-29,3호선,녹번,8035,7150
2022-05-29,3호선,불광,10568,12133
2022-05-29,3호선,연신내,22716,21317
2022-05-29,3호선,구파발,12650,13136
2022-05-29,3호선,지축,2826,2589
2022-05-30,3호선,오금,6675,5899
2022-05-30,3호선,경찰병원,7836,7879
2022-05-30,3호선,가락시장,9471,9239
2022-05-30,3호선,수서,17984,18876
2022-05-30,3호선,일원,11639,11194
2022-05-30,3호선,대청,11223,10293
2022-05-30,3호선,학여울,1994,1992
2022-05-30,3호선,대치,11647,12056
2022-05-30,3호선,도곡,5878,5840
2022-05-30,3호선,매봉,13263,12774
2022-05-30,3호선,양재,39707,43686
2022-05-30,3호선,남부터미널,29776,30852
2022-05-30,3호선,교대,15493,10382
2022-05-30,3호선,고속터미널,39870,38862
2022-05-30,3호선,잠원,5125,4950
2022-05-30,3호선,신사,29046,30524
2022-05-30,3호선,압구정,32221,34601
2022-05-30,3호선,옥수,12604,9677
2022-05-30,3호선,금호,8286,7671
2022-05-30,3호선,약수,13829,13432
2022-05-30,3호선,동대입구,9451,10395
2022-05-30,3호선,을지로3가,11135,11245
2022-05-30,3호선,종로3가,10242,11640
2022-05-30,3호선,안국,23617,23801
2022-05-30,3호선,경복궁,27384,29125
2022-05-30,3호선,독립문,7302,7554
2022-05-30,3호선,무악재,4096,4304
2022-05-30,3호선,홍제,19233,18377
2022-05-30,3호선,녹번,16735,14979
2022-05-30,3호선,불광,17101,17968
2022-05-30,3호선,연신내,37741,35478
2022-05-30,3호선,구파발,22182,21189
2022-05-30,3호선,지축,5479,4999
2022-05-31,3호선,오금,7022,6028
2022-05-31,3호선,경찰병원,7948,7880
2022-05-31,3호선,가락시장,10029,10028
2022-05-31,3호선,수서,19071,19118
2022-05-31,3호선,일원,12018,11163
2022-05-31,3호선,대청,11391,10339
2022-05-31,3호선,학여울,1975,2016
2022-05-31,3호선,대치,12347,12361
2022-05-31,3호선,도곡,5877,5948
2022-05-31,3호선,매봉,13975,13474
2022-05-31,3호선,양재,41805,45658
2022-05-31,3호선,남부터미널,31447,31983
2022-05-31,3호선,교대,16536,10917
2022-05-31,3호선,고속터미널,44361,43326
2022-05-31,3호선,잠원,5468,5185
2022-05-31,3호선,신사,30528,33468
2022-05-31,3호선,압구정,33936,37242
2022-05-31,3호선,옥수,10218,10295
2022-05-31,3호선,금호,8860,7986
2022-05-31,3호선,약수,14475,14042
2022-05-31,3호선,동대입구,9747,10696
2022-05-31,3호선,충무로,3,0
2022-05-31,3호선,종로3가,10990,13380
2022-05-31,3호선,안국,26286,26931
2022-05-31,3호선,경복궁,29681,31277
2022-05-31,3호선,독립문,8132,8216
2022-05-31,3호선,무악재,4358,4328
2022-05-31,3호선,홍제,19941,18403
2022-05-31,3호선,녹번,17729,15136
2022-05-31,3호선,불광,18220,19376
2022-05-31,3호선,연신내,39926,37617
2022-05-31,3호선,구파발,23215,22099
2022-05-31,3호선,지축,6066,5525
2022-05-31,3호선,을지로3가,11781,12869
2022-06-01,3호선,오금,3074,2861
2022-06-01,3호선,경찰병원,3297,3306
2022-06-01,3호선,가락시장,5145,5040
2022-06-01,3호선,수서,10335,10448
2022-06-01,3호선,일원,4398,4359
2022-06-01,3호선,대청,5325,5073
2022-06-01,3호선,학여울,1103,1480
2022-06-01,3호선,대치,7251,6874
2022-06-01,3호선,도곡,2637,2581
2022-06-01,3호선,매봉,5528,5474
2022-06-01,3호선,양재,14686,16715
2022-06-01,3호선,남부터미널,15390,15794
2022-06-01,3호선,교대,5495,3425
2022-06-01,3호선,고속터미널,41681,39292
2022-06-01,3호선,잠원,3005,2800
2022-06-01,3호선,신사,16451,16992
2022-06-01,3호선,압구정,18228,19530
2022-06-01,3호선,옥수,6420,6343
2022-06-01,3호선,금호,5300,4785
2022-06-01,3호선,약수,8242,7930
2022-06-01,3호선,동대입구,5856,7178
2022-06-01,3호선,을지로3가,4938,4827
2022-06-01,3호선,종로3가,5960,8239
2022-06-01,3호선,안국,18086,19368
2022-06-01,3호선,경복궁,22721,25909
2022-06-01,3호선,독립문,5497,6170
2022-06-01,3호선,무악재,2584,2813
2022-06-01,3호선,홍제,11982,11246
2022-06-01,3호선,녹번,9549,8450
2022-06-01,3호선,불광,12330,13903
2022-06-01,3호선,연신내,26636,24989
2022-06-01,3호선,구파발,14563,14773
2022-06-01,3호선,지축,3357,3099
2022-06-02,3호선,오금,6742,6039
2022-06-02,3호선,경찰병원,7555,7550
2022-06-02,3호선,가락시장,9478,9266
2022-06-02,3호선,수서,17829,18292
2022-06-02,3호선,일원,11772,11312
2022-06-02,3호선,대청,11173,10162
2022-06-02,3호선,학여울,3653,3592
2022-06-02,3호선,대치,11781,12041
2022-06-02,3호선,도곡,5581,5613
2022-06-02,3호선,매봉,13455,12911
2022-06-02,3호선,양재,39373,43272
2022-06-02,3호선,남부터미널,31079,31365
2022-06-02,3호선,교대,15617,10082
2022-06-02,3호선,고속터미널,42714,40578
2022-06-02,3호선,잠원,5167,5107
2022-06-02,3호선,신사,29578,31213
2022-06-02,3호선,압구정,33086,35635
2022-06-02,3호선,옥수,9600,9850
2022-06-02,3호선,금호,8406,7726
2022-06-02,3호선,약수,13913,13544
2022-06-02,3호선,동대입구,9992,10890
2022-06-02,3호선,을지로3가,11070,11460
2022-06-02,3호선,종로3가,10559,12137
2022-06-02,3호선,안국,25638,26159
2022-06-02,3호선,경복궁,29141,30534
2022-06-02,3호선,독립문,7584,7892
2022-06-02,3호선,무악재,4352,4343
2022-06-02,3호선,홍제,19230,18037
2022-06-02,3호선,녹번,16848,15084
2022-06-02,3호선,불광,17417,18613
2022-06-02,3호선,연신내,38666,36311
2022-06-02,3호선,구파발,22308,21529
2022-06-02,3호선,지축,5698,5215
2022-06-03,3호선,오금,6906,6003
2022-06-03,3호선,경찰병원,7853,7708
2022-06-03,3호선,가락시장,10214,9882
2022-06-03,3호선,수서,19600,20059
2022-06-03,3호선,일원,11668,10809
2022-06-03,3호선,대청,11319,10191
2022-06-03,3호선,학여울,3125,3144
2022-06-03,3호선,대치,12355,12540
2022-06-03,3호선,도곡,5663,5581
2022-06-03,3호선,매봉,13424,13022
2022-06-03,3호선,양재,41500,44402
2022-06-03,3호선,남부터미널,33269,34432
2022-06-03,3호선,교대,16116,10384
2022-06-03,3호선,고속터미널,51160,57772
2022-06-03,3호선,잠원,5311,5146
2022-06-03,3호선,신사,31214,34064
2022-06-03,3호선,압구정,34964,37838
2022-06-03,3호선,옥수,9948,10075
2022-06-03,3호선,금호,8671,7790
2022-06-03,3호선,약수,14401,13941
2022-06-03,3호선,동대입구,9127,9767
2022-06-03,3호선,충무로,3,0
2022-06-03,3호선,을지로3가,11707,12424
2022-06-03,3호선,종로3가,11045,13388
2022-06-03,3호선,안국,27276,27282
2022-06-03,3호선,경복궁,28864,30180
2022-06-03,3호선,독립문,7872,7949
2022-06-03,3호선,무악재,4353,4273
2022-06-03,3호선,홍제,19401,18044
2022-06-03,3호선,녹번,17080,14639
2022-06-03,3호선,불광,17677,18421
2022-06-03,3호선,연신내,39504,37043
2022-06-03,3호선,구파발,22423,21320
2022-06-03,3호선,지축,5848,5212
2022-06-04,3호선,오금,3990,3530
2022-06-04,3호선,경찰병원,4101,3908
2022-06-04,3호선,가락시장,6375,6023
2022-06-04,3호선,수서,14039,14092
2022-06-04,3호선,일원,5096,4814
2022-06-04,3호선,대청,6337,5554
2022-06-04,3호선,학여울,1343,1363
2022-06-04,3호선,대치,10232,9289
2022-06-04,3호선,도곡,3334,3269
2022-06-04,3호선,매봉,6453,6280
2022-06-04,3호선,양재,20555,22131
2022-06-04,3호선,남부터미널,22926,24080
2022-06-04,3호선,교대,7112,4543
2022-06-04,3호선,고속터미널,55319,62061
2022-06-04,3호선,잠원,3623,3344
2022-06-04,3호선,신사,23728,25617
2022-06-04,3호선,압구정,24719,26477
2022-06-04,3호선,옥수,7482,7177
2022-06-04,3호선,금호,6130,5404
2022-06-04,3호선,약수,9516,8835
2022-06-04,3호선,동대입구,8801,10180
2022-06-04,3호선,충무로,1,0
2022-06-04,3호선,을지로3가,6041,6546
2022-06-04,3호선,종로3가,6398,9785
2022-06-04,3호선,안국,21967,23261
2022-06-04,3호선,경복궁,24674,28149
2022-06-04,3호선,독립문,6610,7130
2022-06-04,3호선,무악재,2858,3007
2022-06-04,3호선,홍제,14094,12784
2022-06-04,3호선,녹번,10990,9083
2022-06-04,3호선,불광,13586,14903
2022-06-04,3호선,연신내,29698,27821
2022-06-04,3호선,구파발,16048,16249
2022-06-04,3호선,지축,3774,3392
2022-06-05,3호선,오금,2780,2639
2022-06-05,3호선,경찰병원,2892,2912
2022-06-05,3호선,가락시장,3979,4201
2022-06-05,3호선,수서,10979,11162
2022-06-05,3호선,일원,3580,3616
2022-06-05,3호선,대청,4421,4067
2022-06-05,3호선,학여울,1201,1171
2022-06-05,3호선,대치,6508,5662
2022-06-05,3호선,도곡,2001,2015
2022-06-05,3호선,매봉,4556,4509
2022-06-05,3호선,양재,13841,15037
2022-06-05,3호선,남부터미널,14467,14395
2022-06-05,3호선,교대,4603,2653
2022-06-05,3호선,고속터미널,41690,40691
2022-06-05,3호선,잠원,2300,2244
2022-06-05,3호선,신사,13453,14293
2022-06-05,3호선,압구정,14550,15572
2022-06-05,3호선,옥수,5223,5293
2022-06-05,3호선,금호,4367,3995
2022-06-05,3호선,약수,7140,6848
2022-06-05,3호선,동대입구,7154,8164
2022-06-05,3호선,충무로,1,0
2022-06-05,3호선,을지로3가,4439,4296
2022-06-05,3호선,종로3가,4551,6774
2022-06-05,3호선,안국,17527,18559
2022-06-05,3호선,경복궁,21381,24628
2022-06-05,3호선,독립문,5623,5966
2022-06-05,3호선,무악재,2023,2107
2022-06-05,3호선,홍제,10044,9328
2022-06-05,3호선,녹번,7830,6739
2022-06-05,3호선,불광,10422,11731
2022-06-05,3호선,연신내,22405,21227
2022-06-05,3호선,구파발,12579,13027
2022-06-05,3호선,지축,2700,2435
2022-06-06,3호선,오금,2630,2576
2022-06-06,3호선,경찰병원,2712,2827
2022-06-06,3호선,가락시장,4422,4429
2022-06-06,3호선,수서,11139,10575
2022-06-06,3호선,일원,3649,3920
2022-06-06,3호선,대청,4368,4353
2022-06-06,3호선,학여울,837,792
2022-06-06,3호선,대치,6047,5859
2022-06-06,3호선,도곡,2168,2194
2022-06-06,3호선,매봉,4433,4502
2022-06-06,3호선,양재,11833,14171
2022-06-06,3호선,남부터미널,15705,15577
2022-06-06,3호선,교대,4403,2907
2022-06-06,3호선,고속터미널,50878,41565
2022-06-06,3호선,잠원,2321,2192
2022-06-06,3호선,신사,12667,12580
2022-06-06,3호선,압구정,13612,14259
2022-06-06,3호선,옥수,5054,5453
2022-06-06,3호선,금호,4298,4193
2022-06-06,3호선,약수,6926,6845
2022-06-06,3호선,동대입구,5151,6037
2022-06-06,3호선,충무로,1,0
2022-06-06,3호선,을지로3가,3800,3636
2022-06-06,3호선,종로3가,4505,5900
2022-06-06,3호선,안국,13677,13938
2022-06-06,3호선,경복궁,16368,18253
2022-06-06,3호선,독립문,4412,4724
2022-06-06,3호선,무악재,2044,2163
2022-06-06,3호선,홍제,9727,9536
2022-06-06,3호선,녹번,7367,6848
2022-06-06,3호선,불광,9513,10821
2022-06-06,3호선,연신내,21282,20980
2022-06-06,3호선,구파발,11057,11519
2022-06-06,3호선,지축,2714,2522
2022-06-07,3호선,지축,5725,5312
2022-06-07,3호선,구파발,22358,21387
2022-06-07,3호선,연신내,38809,36851
2022-06-07,3호선,불광,17780,18610
2022-06-07,3호선,녹번,17196,15551
2022-06-07,3호선,홍제,19760,18765
2022-06-07,3호선,무악재,4253,4307
2022-06-07,3호선,독립문,7610,7909
2022-06-07,3호선,경복궁,27172,28881
2022-06-07,3호선,안국,24043,24202
2022-06-07,3호선,종로3가,10583,11981
2022-06-07,3호선,을지로3가,11191,11428
2022-06-07,3호선,충무로,2,0
2022-06-07,3호선,동대입구,9234,10204
2022-06-07,3호선,약수,13773,13344
2022-06-07,3호선,금호,8569,8028
2022-06-07,3호선,옥수,9569,9960
2022-06-07,3호선,압구정,34423,36914
2022-06-07,3호선,신사,29691,31200
2022-06-07,3호선,잠원,5239,4981
2022-06-07,3호선,고속터미널,41439,38816
2022-06-07,3호선,교대,16004,10450
2022-06-07,3호선,남부터미널,31653,31974
2022-06-07,3호선,양재,40372,44881
2022-06-07,3호선,매봉,13745,13213
2022-06-07,3호선,도곡,5833,5939
2022-06-07,3호선,대치,11871,12140
2022-06-07,3호선,학여울,1975,1973
2022-06-07,3호선,대청,11103,10444
2022-06-07,3호선,일원,12415,11839
2022-06-07,3호선,수서,18305,18988
2022-06-07,3호선,가락시장,9632,9509
2022-06-07,3호선,경찰병원,7731,7822
2022-06-07,3호선,오금,6797,5964
2022-06-08,3호선,지축,5671,5284
2022-06-08,3호선,구파발,22850,22034
2022-06-08,3호선,연신내,38918,36858
2022-06-08,3호선,불광,17734,18777
2022-06-08,3호선,녹번,17245,15593
2022-06-08,3호선,홍제,19795,18694
2022-06-08,3호선,무악재,4343,4413
2022-06-08,3호선,독립문,7665,8154
2022-06-08,3호선,경복궁,29098,30719
2022-06-08,3호선,안국,24817,25522
2022-06-08,3호선,종로3가,10811,12103
2022-06-08,3호선,을지로3가,11490,11776
2022-06-08,3호선,충무로,3,0
2022-06-08,3호선,동대입구,10088,10965
2022-06-08,3호선,약수,14002,13569
2022-06-08,3호선,금호,8590,7898
2022-06-08,3호선,옥수,9664,9945
2022-06-08,3호선,압구정,33755,36364
2022-06-08,3호선,신사,29745,31396
2022-06-08,3호선,잠원,5260,5053
2022-06-08,3호선,고속터미널,40270,38415
2022-06-08,3호선,교대,16554,10758
2022-06-08,3호선,남부터미널,30646,31109
2022-06-08,3호선,양재,42322,46117
2022-06-08,3호선,매봉,13772,13317
2022-06-08,3호선,도곡,5994,6134
2022-06-08,3호선,대치,11646,11813
2022-06-08,3호선,학여울,2057,2034
2022-06-08,3호선,대청,11395,10472
2022-06-08,3호선,일원,12062,11631
2022-06-08,3호선,수서,18171,18460
2022-06-08,3호선,가락시장,9781,9670
2022-06-08,3호선,경찰병원,7970,8061
2022-06-08,3호선,오금,6872,6038
2022-06-09,3호선,오금,6879,6173
2022-06-09,3호선,경찰병원,7761,7838
2022-06-09,3호선,가락시장,9603,9478
2022-06-09,3호선,수서,18424,18670
2022-06-09,3호선,일원,11957,11525
2022-06-09,3호선,대청,11681,10747
2022-06-09,3호선,학여울,2210,2319
2022-06-09,3호선,대치,12145,12005
2022-06-09,3호선,도곡,5853,6012
2022-06-09,3호선,매봉,13834,13319
2022-06-09,3호선,양재,41438,45799
2022-06-09,3호선,남부터미널,31284,31741
2022-06-09,3호선,교대,16903,10522
2022-06-09,3호선,고속터미널,41230,39215
2022-06-09,3호선,잠원,5186,5060
2022-06-09,3호선,신사,29414,31295
2022-06-09,3호선,압구정,33270,36157
2022-06-09,3호선,옥수,9660,9975
2022-06-09,3호선,금호,8498,7850
2022-06-09,3호선,약수,13867,13648
2022-06-09,3호선,동대입구,9787,10907
2022-06-09,3호선,을지로3가,11485,12104
2022-06-09,3호선,종로3가,10641,12200
2022-06-09,3호선,안국,24165,24572
2022-06-09,3호선,경복궁,27611,29663
2022-06-09,3호선,독립문,7577,7849
2022-06-09,3호선,무악재,4261,4317
2022-06-09,3호선,홍제,19257,17975
2022-06-09,3호선,녹번,17232,15185
2022-06-09,3호선,불광,17184,18263
2022-06-09,3호선,연신내,38244,36019
2022-06-09,3호선,구파발,22162,21216
2022-06-09,3호선,지축,5609,5214
2022-06-10,3호선,지축,5721,5118
2022-06-10,3호선,구파발,23116,22131
2022-06-10,3호선,연신내,39916,37750
2022-06-10,3호선,불광,17640,18714
2022-06-10,3호선,녹번,17354,15296
2022-06-10,3호선,홍제,19523,18260
2022-06-10,3호선,무악재,4340,4256
2022-06-10,3호선,독립문,8125,8179
2022-06-10,3호선,경복궁,29017,30285
2022-06-10,3호선,안국,25752,25805
2022-06-10,3호선,종로3가,11173,13651
2022-06-10,3호선,을지로3가,11992,12697
2022-06-10,3호선,충무로,1,0
2022-06-10,3호선,동대입구,9169,10171
2022-06-10,3호선,약수,14115,14031
2022-06-10,3호선,금호,8838,7956
2022-06-10,3호선,옥수,10244,10363
2022-06-10,3호선,압구정,36026,39347
2022-06-10,3호선,신사,32135,34953
2022-06-10,3호선,잠원,5445,5247
2022-06-10,3호선,고속터미널,48730,50141
2022-06-10,3호선,교대,17055,11095
2022-06-10,3호선,남부터미널,34297,34401
2022-06-10,3호선,양재,43580,46731
2022-06-10,3호선,매봉,13950,13607
2022-06-10,3호선,도곡,6133,6226
2022-06-10,3호선,대치,12404,12642
2022-06-10,3호선,학여울,2515,2555
2022-06-10,3호선,대청,11348,10686
2022-06-10,3호선,일원,11986,11103
2022-06-10,3호선,수서,20156,20100
2022-06-10,3호선,가락시장,9935,9791
2022-06-10,3호선,경찰병원,8120,7866
2022-06-10,3호선,오금,6921,6090
2022-06-11,3호선,지축,4048,3633
2022-06-11,3호선,구파발,17209,17272
2022-06-11,3호선,연신내,31709,29478
2022-06-11,3호선,불광,14302,15948
2022-06-11,3호선,녹번,11481,9750
2022-06-11,3호선,홍제,14661,13344
2022-06-11,3호선,무악재,2872,3044
2022-06-11,3호선,독립문,6801,7452
2022-06-11,3호선,경복궁,23779,27254
2022-06-11,3호선,안국,19015,21089
2022-06-11,3호선,종로3가,6683,10173
2022-06-11,3호선,을지로3가,5987,6637
2022-06-11,3호선,충무로,1,0
2022-06-11,3호선,동대입구,8359,9630
2022-06-11,3호선,약수,10023,9559
2022-06-11,3호선,옥수,7932,7876
2022-06-11,3호선,압구정,26736,28391
2022-06-11,3호선,신사,25507,27060
2022-06-11,3호선,잠원,3960,3721
2022-06-11,3호선,고속터미널,54181,53853
2022-06-11,3호선,교대,8118,4916
2022-06-11,3호선,남부터미널,22910,22363
2022-06-11,3호선,양재,23129,25245
2022-06-11,3호선,매봉,7081,6833
2022-06-11,3호선,도곡,3905,4022
2022-06-11,3호선,대치,9901,8930
2022-06-11,3호선,학여울,1986,2070
2022-06-11,3호선,대청,6606,5992
2022-06-11,3호선,일원,5709,5431
2022-06-11,3호선,수서,15300,14985
2022-06-11,3호선,가락시장,7018,6517
2022-06-11,3호선,경찰병원,4455,4171
2022-06-11,3호선,오금,4174,3876
2022-06-11,3호선,금호,6308,5727
2022-06-12,3호선,오금,2948,2846
2022-06-12,3호선,경찰병원,2887,2915
2022-06-12,3호선,가락시장,3952,4216
2022-06-12,3호선,수서,11152,11291
2022-06-12,3호선,일원,3830,4035
2022-06-12,3호선,대청,4460,4484
2022-06-12,3호선,학여울,1666,1722
2022-06-12,3호선,대치,6439,5750
2022-06-12,3호선,도곡,2096,2313
2022-06-12,3호선,매봉,4635,4630
2022-06-12,3호선,양재,14972,16872
2022-06-12,3호선,남부터미널,15740,16820
2022-06-12,3호선,교대,4720,2891
2022-06-12,3호선,고속터미널,43597,41773
2022-06-12,3호선,잠원,2377,2353
2022-06-12,3호선,신사,14351,14421
2022-06-12,3호선,압구정,15186,15590
2022-06-12,3호선,옥수,5435,5654
2022-06-12,3호선,금호,4505,4276
2022-06-12,3호선,약수,7388,7035
2022-06-12,3호선,동대입구,5492,6203
2022-06-12,3호선,충무로,2,0
2022-06-12,3호선,을지로3가,3746,3523
2022-06-12,3호선,종로3가,4395,5844
2022-06-12,3호선,안국,13583,13113
2022-06-12,3호선,경복궁,19823,22958
2022-06-12,3호선,독립문,4880,5471
2022-06-12,3호선,무악재,2020,2154
2022-06-12,3호선,홍제,10161,9573
2022-06-12,3호선,녹번,8075,7226
2022-06-12,3호선,불광,10488,11952
2022-06-12,3호선,연신내,22566,21431
2022-06-12,3호선,구파발,12342,13067
2022-06-12,3호선,지축,2627,2495
2022-06-13,3호선,지축,5489,5149
2022-06-13,3호선,구파발,22309,21457
2022-06-13,3호선,연신내,37877,35405
2022-06-13,3호선,불광,16819,17842
2022-06-13,3호선,녹번,16492,14998
2022-06-13,3호선,홍제,18811,17728
2022-06-13,3호선,무악재,4166,4258
2022-06-13,3호선,독립문,7355,7443
2022-06-13,3호선,경복궁,26604,28347
2022-06-13,3호선,안국,23455,22986
2022-06-13,3호선,종로3가,10365,11665
2022-06-13,3호선,을지로3가,11297,11340
2022-06-13,3호선,충무로,1,0
2022-06-13,3호선,동대입구,14124,14824
2022-06-13,3호선,약수,13880,13496
2022-06-13,3호선,금호,8330,7658
2022-06-13,3호선,옥수,9367,9609
2022-06-13,3호선,압구정,30975,33226
2022-06-13,3호선,신사,28838,30831
2022-06-13,3호선,잠원,5117,4900
2022-06-13,3호선,고속터미널,41537,39813
2022-06-13,3호선,교대,16101,10576
2022-06-13,3호선,남부터미널,30112,31117
2022-06-13,3호선,양재,39631,43656
2022-06-13,3호선,매봉,13580,13025
2022-06-13,3호선,도곡,5894,5855
2022-06-13,3호선,대치,11652,11840
2022-06-13,3호선,학여울,1892,1963
2022-06-13,3호선,대청,11179,10242
2022-06-13,3호선,일원,11898,11466
2022-06-13,3호선,수서,18048,18634
2022-06-13,3호선,가락시장,9657,9440
2022-06-13,3호선,경찰병원,7978,7908
2022-06-13,3호선,오금,6842,6053
2022-06-14,3호선,지축,5759,5351
2022-06-14,3호선,구파발,22921,21917
2022-06-14,3호선,연신내,39053,36753
2022-06-14,3호선,불광,17491,18720
2022-06-14,3호선,녹번,17044,15243
2022-06-14,3호선,홍제,19081,18013
2022-06-14,3호선,무악재,4303,4247
2022-06-14,3호선,독립문,7791,8177
2022-06-14,3호선,경복궁,22221,22004
2022-06-14,3호선,안국,23809,24501
2022-06-14,3호선,종로3가,10668,12130
2022-06-14,3호선,을지로3가,11134,11510
2022-06-14,3호선,동대입구,9539,10439
2022-06-14,3호선,약수,14063,13661
2022-06-14,3호선,금호,8568,7866
2022-06-14,3호선,옥수,9551,9905
2022-06-14,3호선,압구정,34919,37343
2022-06-14,3호선,신사,30481,32008
2022-06-14,3호선,잠원,5064,5061
2022-06-14,3호선,고속터미널,41002,39251
2022-06-14,3호선,교대,16550,10727
2022-06-14,3호선,남부터미널,31040,31472
2022-06-14,3호선,양재,41486,45040
2022-06-14,3호선,매봉,13993,13419
2022-06-14,3호선,도곡,5915,5987
2022-06-14,3호선,대치,11892,12100
2022-06-14,3호선,학여울,2082,2173
2022-06-14,3호선,대청,11517,10533
2022-06-14,3호선,일원,12200,11683
2022-06-14,3호선,수서,18286,18647
2022-06-14,3호선,가락시장,9788,9620
2022-06-14,3호선,경찰병원,8020,8076
2022-06-14,3호선,오금,6904,6125
2022-06-15,3호선,오금,6694,5832
2022-06-15,3호선,경찰병원,8072,8181
2022-06-15,3호선,가락시장,9531,9641
2022-06-15,3호선,수서,17897,18185
2022-06-15,3호선,일원,11671,11298
2022-06-15,3호선,대청,11263,10279
2022-06-15,3호선,학여울,2017,2285
2022-06-15,3호선,대치,11512,11681
2022-06-15,3호선,도곡,5923,6423
2022-06-15,3호선,매봉,13253,13060
2022-06-15,3호선,양재,40364,45339
2022-06-15,3호선,남부터미널,28838,30695
2022-06-15,3호선,교대,16190,11029
2022-06-15,3호선,고속터미널,40718,38928
2022-06-15,3호선,잠원,5328,5356
2022-06-15,3호선,신사,28415,31681
2022-06-15,3호선,압구정,33461,37969
2022-06-15,3호선,옥수,9532,9436
2022-06-15,3호선,금호,8513,7862
2022-06-15,3호선,약수,14066,13744
2022-06-15,3호선,동대입구,10238,11220
2022-06-15,3호선,을지로3가,11548,12207
2022-06-15,3호선,종로3가,10934,12658
2022-06-15,3호선,안국,24475,25299
2022-06-15,3호선,경복궁,27289,28880
2022-06-15,3호선,독립문,7626,7778
2022-06-15,3호선,무악재,4250,4012
2022-06-15,3호선,홍제,18799,17120
2022-06-15,3호선,녹번,17077,14577
2022-06-15,3호선,불광,17201,18575
2022-06-15,3호선,연신내,38032,35547
2022-06-15,3호선,구파발,22226,21771
2022-06-15,3호선,지축,5574,4841
2022-06-16,3호선,종로3가,10813,12516
2022-06-16,3호선,충무로,1,0
2022-06-16,3호선,을지로3가,11440,12006
2022-06-16,3호선,오금,6831,6108
2022-06-16,3호선,경찰병원,7969,7922
2022-06-16,3호선,가락시장,9862,9483
2022-06-16,3호선,수서,18616,19035
2022-06-16,3호선,일원,11780,11307
2022-06-16,3호선,대청,11552,10511
2022-06-16,3호선,학여울,3204,3557
2022-06-16,3호선,대치,11911,12065
2022-06-16,3호선,도곡,6047,6134
2022-06-16,3호선,매봉,13877,13524
2022-06-16,3호선,양재,41563,45932
2022-06-16,3호선,남부터미널,31004,31305
2022-06-16,3호선,교대,16937,10596
2022-06-16,3호선,고속터미널,43229,41602
2022-06-16,3호선,잠원,5303,5100
2022-06-16,3호선,신사,30337,32361
2022-06-16,3호선,압구정,34082,36803
2022-06-16,3호선,옥수,9953,10088
2022-06-16,3호선,금호,8670,7835
2022-06-16,3호선,약수,14086,13592
2022-06-16,3호선,동대입구,8892,9955
2022-06-16,3호선,안국,25381,25582
2022-06-16,3호선,경복궁,27316,28952
2022-06-16,3호선,독립문,7533,7963
2022-06-16,3호선,무악재,4294,4238
2022-06-16,3호선,홍제,19073,17913
2022-06-16,3호선,녹번,17392,15216
2022-06-16,3호선,불광,17712,18859
2022-06-16,3호선,연신내,39352,37014
2022-06-16,3호선,구파발,22620,21818
2022-06-16,3호선,지축,5691,5228
2022-06-17,3호선,을지로3가,11775,12884
2022-06-17,3호선,지축,5710,5203
2022-06-17,3호선,구파발,23180,22230
2022-06-17,3호선,연신내,39724,37478
2022-06-17,3호선,불광,17818,18777
2022-06-17,3호선,녹번,17232,14897
2022-06-17,3호선,홍제,19433,17740
2022-06-17,3호선,무악재,4322,4241
2022-06-17,3호선,독립문,8013,8162
2022-06-17,3호선,경복궁,27414,29070
2022-06-17,3호선,안국,25560,26144
2022-06-17,3호선,종로3가,11088,13563
2022-06-17,3호선,충무로,3,0
2022-06-17,3호선,동대입구,8951,9599
2022-06-17,3호선,약수,14598,14090
2022-06-17,3호선,금호,8948,8009
2022-06-17,3호선,옥수,10216,10400
2022-06-17,3호선,압구정,36333,39995
2022-06-17,3호선,신사,32354,35530
2022-06-17,3호선,잠원,5446,5257
2022-06-17,3호선,고속터미널,51776,53739
2022-06-17,3호선,교대,16758,10655
2022-06-17,3호선,남부터미널,33977,34142
2022-06-17,3호선,양재,42983,45968
2022-06-17,3호선,매봉,13970,13580
2022-06-17,3호선,도곡,6045,6108
2022-06-17,3호선,대치,12479,12492
2022-06-17,3호선,학여울,3309,3343
2022-06-17,3호선,대청,11549,10634
2022-06-17,3호선,일원,11877,11006
2022-06-17,3호선,수서,20340,20371
2022-06-17,3호선,가락시장,10097,9833
2022-06-17,3호선,경찰병원,8263,8204
2022-06-17,3호선,오금,6925,6247
2022-06-18,3호선,지축,4209,3827
2022-06-18,3호선,구파발,17494,17669
2022-06-18,3호선,연신내,31108,28917
2022-06-18,3호선,불광,13727,15594
2022-06-18,3호선,녹번,11633,9790
2022-06-18,3호선,홍제,14828,13646
2022-06-18,3호선,무악재,2963,2965
2022-06-18,3호선,독립문,6389,6839
2022-06-18,3호선,경복궁,23101,27129
2022-06-18,3호선,안국,19516,20868
2022-06-18,3호선,종로3가,6848,10350
2022-06-18,3호선,을지로3가,6020,6490
2022-06-18,3호선,충무로,2,0
2022-06-18,3호선,동대입구,8897,10651
2022-06-18,3호선,약수,9898,9400
2022-06-18,3호선,금호,6442,5634
2022-06-18,3호선,옥수,8172,8264
2022-06-18,3호선,압구정,26474,28214
2022-06-18,3호선,신사,25401,27221
2022-06-18,3호선,잠원,3883,3680
2022-06-18,3호선,고속터미널,54974,55454
2022-06-18,3호선,교대,8228,5009
2022-06-18,3호선,남부터미널,23449,22689
2022-06-18,3호선,양재,23085,25038
2022-06-18,3호선,매봉,7091,6831
2022-06-18,3호선,도곡,4198,4266
2022-06-18,3호선,대치,9610,8679
2022-06-18,3호선,학여울,2438,2695
2022-06-18,3호선,대청,6714,6048
2022-06-18,3호선,일원,5945,5544
2022-06-18,3호선,수서,15038,14920
2022-06-18,3호선,가락시장,6839,6536
2022-06-18,3호선,경찰병원,4388,4221
2022-06-18,3호선,오금,4412,4075
2022-06-19,3호선,양재,14333,16333
2022-06-19,3호선,남부터미널,15604,16605
2022-06-19,3호선,교대,4838,3073
2022-06-19,3호선,고속터미널,44622,42439
2022-06-19,3호선,잠원,2523,2442
2022-06-19,3호선,신사,14132,14262
2022-06-19,3호선,압구정,15024,15725
2022-06-19,3호선,옥수,5504,5704
2022-06-19,3호선,금호,4418,4238
2022-06-19,3호선,약수,7055,6890
2022-06-19,3호선,동대입구,5196,5833
2022-06-19,3호선,충무로,2,0
2022-06-19,3호선,을지로3가,4003,3572
2022-06-19,3호선,종로3가,4386,5681
2022-06-19,3호선,안국,13214,13085
2022-06-19,3호선,경복궁,17595,20892
2022-06-19,3호선,독립문,4597,4997
2022-06-19,3호선,무악재,2058,2188
2022-06-19,3호선,홍제,10348,9870
2022-06-19,3호선,녹번,7873,7113
2022-06-19,3호선,불광,10327,11571
2022-06-19,3호선,연신내,22135,20877
2022-06-19,3호선,구파발,12339,12989
2022-06-19,3호선,지축,2733,2580
2022-06-19,3호선,매봉,4504,4564
2022-06-19,3호선,도곡,2103,2216
2022-06-19,3호선,대치,5984,5410
2022-06-19,3호선,학여울,1558,1635
2022-06-19,3호선,대청,4509,4485
2022-06-19,3호선,일원,3864,4049
2022-06-19,3호선,수서,11397,11023
2022-06-19,3호선,가락시장,3881,4108
2022-06-19,3호선,경찰병원,3034,3023
2022-06-19,3호선,오금,3081,3017
2022-06-20,3호선,매봉,13339,13034
2022-06-20,3호선,도곡,5765,5792
2022-06-20,3호선,대치,11705,11916
2022-06-20,3호선,학여울,1919,1927
2022-06-20,3호선,대청,11434,10490
2022-06-20,3호선,일원,11727,11350
2022-06-20,3호선,수서,18081,18725
2022-06-20,3호선,가락시장,9614,9309
2022-06-20,3호선,경찰병원,7856,7828
2022-06-20,3호선,지축,5620,5222
2022-06-20,3호선,구파발,22445,21478
2022-06-20,3호선,연신내,37992,35880
2022-06-20,3호선,불광,16971,18181
2022-06-20,3호선,녹번,16564,14915
2022-06-20,3호선,홍제,18685,17768
2022-06-20,3호선,무악재,4252,4275
2022-06-20,3호선,독립문,7306,7393
2022-06-20,3호선,경복궁,26495,28132
2022-06-20,3호선,안국,23810,23545
2022-06-20,3호선,종로3가,10427,12067
2022-06-20,3호선,을지로3가,11271,11577
2022-06-20,3호선,동대입구,8102,8564
2022-06-20,3호선,약수,13685,13369
2022-06-20,3호선,금호,8428,7769
2022-06-20,3호선,옥수,9453,9717
2022-06-20,3호선,압구정,34448,36537
2022-06-20,3호선,신사,29441,30921
2022-06-20,3호선,잠원,5205,4957
2022-06-20,3호선,고속터미널,38612,36290
2022-06-20,3호선,교대,15852,10258
2022-06-20,3호선,남부터미널,30068,30792
2022-06-20,3호선,양재,39573,43859
2022-06-20,3호선,오금,6723,6094
2022-06-21,3호선,지축,5773,5347
2022-06-21,3호선,구파발,22826,22015
2022-06-21,3호선,연신내,38624,36299
2022-06-21,3호선,불광,17303,18643
2022-06-21,3호선,녹번,16900,15172
2022-06-21,3호선,홍제,18731,17789
2022-06-21,3호선,무악재,4345,4290
2022-06-21,3호선,독립문,7826,8000
2022-06-21,3호선,경복궁,22456,22423
2022-06-21,3호선,안국,24342,25521
2022-06-21,3호선,종로3가,10828,12561
2022-06-21,3호선,을지로3가,11748,11766
2022-06-21,3호선,충무로,3,0
2022-06-21,3호선,동대입구,8075,8660
2022-06-21,3호선,약수,13958,13387
2022-06-21,3호선,금호,8521,7860
2022-06-21,3호선,옥수,9589,9839
2022-06-21,3호선,압구정,35095,37820
2022-06-21,3호선,신사,31077,32968
2022-06-21,3호선,잠원,5288,5077
2022-06-21,3호선,고속터미널,44871,41955
2022-06-21,3호선,교대,16252,10512
2022-06-21,3호선,남부터미널,31183,31571
2022-06-21,3호선,양재,41501,45381
2022-06-21,3호선,매봉,13939,13354
2022-06-21,3호선,도곡,5904,5953
2022-06-21,3호선,대치,12163,12232
2022-06-21,3호선,학여울,1965,2025
2022-06-21,3호선,대청,11537,10552
2022-06-21,3호선,일원,12001,11533
2022-06-21,3호선,수서,17922,18599
2022-06-21,3호선,가락시장,9825,9487
2022-06-21,3호선,경찰병원,8166,8008
2022-06-21,3호선,오금,6735,6155
2022-06-22,3호선,오금,6817,6154
2022-06-22,3호선,경찰병원,8073,7989
2022-06-22,3호선,가락시장,9974,9707
2022-06-22,3호선,수서,18364,18848
2022-06-22,3호선,일원,11962,11330
2022-06-22,3호선,대청,11842,10840
2022-06-22,3호선,학여울,2283,2291
2022-06-22,3호선,대치,11844,12017
2022-06-22,3호선,도곡,5878,6005
2022-06-22,3호선,매봉,14176,13530
2022-06-22,3호선,양재,41226,45459
2022-06-22,3호선,남부터미널,31567,31839
2022-06-22,3호선,교대,16658,10531
2022-06-22,3호선,고속터미널,44849,42319
2022-06-22,3호선,잠원,5351,5175
2022-06-22,3호선,신사,31404,33095
2022-06-22,3호선,압구정,34809,37232
2022-06-22,3호선,옥수,9867,10128
2022-06-22,3호선,금호,8704,7871
2022-06-22,3호선,약수,14228,13777
2022-06-22,3호선,동대입구,8276,8894
2022-06-22,3호선,충무로,2,0
2022-06-22,3호선,을지로3가,12060,12344
2022-06-22,3호선,종로3가,10986,12652
2022-06-22,3호선,안국,26067,26518
2022-06-22,3호선,경복궁,26707,28111
2022-06-22,3호선,독립문,7668,7753
2022-06-22,3호선,무악재,4466,4383
2022-06-22,3호선,홍제,18870,17671
2022-06-22,3호선,녹번,16856,15051
2022-06-22,3호선,불광,17328,18403
2022-06-22,3호선,연신내,39248,36990
2022-06-22,3호선,구파발,22809,22409
2022-06-22,3호선,지축,5788,5506
2022-06-23,3호선,안국,24657,24304
2022-06-23,3호선,종로3가,10901,11992
2022-06-23,3호선,을지로3가,12236,11475
2022-06-23,3호선,동대입구,8109,8423
2022-06-23,3호선,약수,13437,13247
2022-06-23,3호선,금호,8153,7758
2022-06-23,3호선,옥수,9230,9772
2022-06-23,3호선,압구정,33387,35529
2022-06-23,3호선,신사,30111,31450
2022-06-23,3호선,잠원,4970,4965
2022-06-23,3호선,고속터미널,43778,41044
2022-06-23,3호선,교대,16125,10321
2022-06-23,3호선,남부터미널,30702,30941
2022-06-23,3호선,양재,40949,44488
2022-06-23,3호선,매봉,13601,12990
2022-06-23,3호선,도곡,5816,5968
2022-06-23,3호선,대치,11437,11676
2022-06-23,3호선,학여울,2913,3036
2022-06-23,3호선,대청,10973,10181
2022-06-23,3호선,일원,11389,10966
2022-06-23,3호선,수서,18466,18713
2022-06-23,3호선,가락시장,9329,9131
2022-06-23,3호선,경찰병원,7795,7870
2022-06-23,3호선,오금,6572,5903
2022-06-23,3호선,경복궁,23937,23857
2022-06-23,3호선,독립문,6792,7231
2022-06-23,3호선,무악재,4066,4187
2022-06-23,3호선,홍제,17591,17022
2022-06-23,3호선,녹번,15864,14471
2022-06-23,3호선,불광,15810,16561
2022-06-23,3호선,연신내,35204,33273
2022-06-23,3호선,구파발,21247,20368
2022-06-23,3호선,지축,5224,4829
2022-06-24,3호선,지축,5735,5175
2022-06-24,3호선,구파발,22586,21731
2022-06-24,3호선,연신내,39504,37179
2022-06-24,3호선,불광,17302,18359
2022-06-24,3호선,녹번,16846,14728
2022-06-24,3호선,홍제,19090,17591
2022-06-24,3호선,무악재,4261,4118
2022-06-24,3호선,독립문,7707,7690
2022-06-24,3호선,경복궁,25065,26310
2022-06-24,3호선,안국,25495,26135
2022-06-24,3호선,종로3가,11080,13516
2022-06-24,3호선,을지로3가,12010,12701
2022-06-24,3호선,충무로,1,0
2022-06-24,3호선,동대입구,8519,9144
2022-06-24,3호선,약수,14460,14020
2022-06-24,3호선,금호,8957,8035
2022-06-24,3호선,옥수,10035,10103
2022-06-24,3호선,압구정,36633,39794
2022-06-24,3호선,신사,32782,36028
2022-06-24,3호선,잠원,5515,5159
2022-06-24,3호선,고속터미널,52268,54174
2022-06-24,3호선,교대,16397,10529
2022-06-24,3호선,남부터미널,34023,33950
2022-06-24,3호선,양재,42160,45216
2022-06-24,3호선,매봉,13857,13453
2022-06-24,3호선,도곡,6055,6023
2022-06-24,3호선,대치,12480,12219
2022-06-24,3호선,학여울,3113,3200
2022-06-24,3호선,대청,11662,10494
2022-06-24,3호선,일원,11603,10815
2022-06-24,3호선,수서,20018,20152
2022-06-24,3호선,가락시장,9823,9732
2022-06-24,3호선,경찰병원,7895,8072
2022-06-24,3호선,오금,6906,6033
2022-06-25,3호선,지축,4001,3564
2022-06-25,3호선,구파발,17830,17581
2022-06-25,3호선,연신내,31575,29110
2022-06-25,3호선,불광,13862,15711
2022-06-25,3호선,녹번,11438,9548
2022-06-25,3호선,홍제,14695,13491
2022-06-25,3호선,무악재,3105,3122
2022-06-25,3호선,독립문,6632,7182
2022-06-25,3호선,경복궁,23407,26206
2022-06-25,3호선,안국,20145,21167
2022-06-25,3호선,종로3가,6739,9872
2022-06-25,3호선,을지로3가,6102,6724
2022-06-25,3호선,동대입구,7474,8549
2022-06-25,3호선,약수,10017,9569
2022-06-25,3호선,금호,6414,5588
2022-06-25,3호선,옥수,7629,7474
2022-06-25,3호선,압구정,26598,28759
2022-06-25,3호선,신사,24968,26934
2022-06-25,3호선,잠원,3634,3369
2022-06-25,3호선,고속터미널,57225,57111
2022-06-25,3호선,교대,8145,4911
2022-06-25,3호선,남부터미널,22559,22105
2022-06-25,3호선,양재,22360,24142
2022-06-25,3호선,매봉,6869,6661
2022-06-25,3호선,도곡,3885,3720
2022-06-25,3호선,대치,9207,8395
2022-06-25,3호선,학여울,2604,2713
2022-06-25,3호선,대청,6645,6116
2022-06-25,3호선,일원,5640,5376
2022-06-25,3호선,수서,14932,14767
2022-06-25,3호선,가락시장,6760,6506
2022-06-25,3호선,경찰병원,4359,4115
2022-06-25,3호선,오금,3906,3691
2022-06-26,3호선,지축,2558,2434
2022-06-26,3호선,구파발,11792,12126
2022-06-26,3호선,연신내,21443,20491
2022-06-26,3호선,불광,9651,10772
2022-06-26,3호선,녹번,7620,6875
2022-06-26,3호선,홍제,9484,9073
2022-06-26,3호선,무악재,1954,1999
2022-06-26,3호선,독립문,4290,4534
2022-06-26,3호선,경복궁,15721,17704
2022-06-26,3호선,안국,12188,12456
2022-06-26,3호선,종로3가,4096,5351
2022-06-26,3호선,을지로3가,3562,3469
2022-06-26,3호선,충무로,1,0
2022-06-26,3호선,동대입구,5069,5485
2022-06-26,3호선,약수,7065,6777
2022-06-26,3호선,금호,4416,4199
2022-06-26,3호선,옥수,4977,5175
2022-06-26,3호선,압구정,15312,15664
2022-06-26,3호선,신사,13513,13546
2022-06-26,3호선,잠원,2428,2330
2022-06-26,3호선,고속터미널,46038,43530
2022-06-26,3호선,교대,4699,2782
2022-06-26,3호선,남부터미널,15504,16357
2022-06-26,3호선,양재,14585,16580
2022-06-26,3호선,매봉,4537,4589
2022-06-26,3호선,도곡,1956,2128
2022-06-26,3호선,대치,5359,4944
2022-06-26,3호선,학여울,1962,2076
2022-06-26,3호선,대청,4363,4304
2022-06-26,3호선,일원,3879,3999
2022-06-26,3호선,수서,11075,11221
2022-06-26,3호선,가락시장,3802,3896
2022-06-26,3호선,경찰병원,2858,2841
2022-06-26,3호선,오금,2859,2858
2022-06-27,3호선,오금,6537,5928
2022-06-27,3호선,경찰병원,7935,8010
2022-06-27,3호선,가락시장,9298,9024
2022-06-27,3호선,수서,18142,18523
2022-06-27,3호선,일원,11474,11316
2022-06-27,3호선,대청,10940,10101
2022-06-27,3호선,학여울,1873,1921
2022-06-27,3호선,대치,11445,11530
2022-06-27,3호선,도곡,5846,5705
2022-06-27,3호선,매봉,13400,12840
2022-06-27,3호선,양재,38969,42808
2022-06-27,3호선,남부터미널,29898,30695
2022-06-27,3호선,교대,15355,10105
2022-06-27,3호선,고속터미널,43062,41195
2022-06-27,3호선,잠원,4932,4789
2022-06-27,3호선,신사,29491,30909
2022-06-27,3호선,압구정,33888,36010
2022-06-27,3호선,옥수,9035,9357
2022-06-27,3호선,금호,8015,7470
2022-06-27,3호선,약수,13502,13078
2022-06-27,3호선,동대입구,7671,7876
2022-06-27,3호선,을지로3가,11284,11184
2022-06-27,3호선,종로3가,10267,11706
2022-06-27,3호선,안국,22964,22829
2022-06-27,3호선,경복궁,22002,22385
2022-06-27,3호선,독립문,6954,6945
2022-06-27,3호선,무악재,4134,4113
2022-06-27,3호선,홍제,17570,16811
2022-06-27,3호선,녹번,15881,14548
2022-06-27,3호선,불광,16193,16927
2022-06-27,3호선,연신내,36388,34184
2022-06-27,3호선,구파발,21520,20558
2022-06-27,3호선,지축,5361,5097
2022-06-28,3호선,지축,5316,5006
2022-06-28,3호선,구파발,21470,20593
2022-06-28,3호선,연신내,36481,34485
2022-06-28,3호선,불광,16513,17338
2022-06-28,3호선,녹번,16126,14692
2022-06-28,3호선,홍제,17775,16522
2022-06-28,3호선,무악재,4008,4112
2022-06-28,3호선,독립문,7073,7351
2022-06-28,3호선,경복궁,20157,20252
2022-06-28,3호선,안국,23057,23379
2022-06-28,3호선,종로3가,10346,11724
2022-06-28,3호선,을지로3가,11316,11258
2022-06-28,3호선,충무로,3,0
2022-06-28,3호선,동대입구,7707,8149
2022-06-28,3호선,약수,13460,13013
2022-06-28,3호선,금호,8311,7713
2022-06-28,3호선,옥수,9035,9322
2022-06-28,3호선,압구정,34625,36834
2022-06-28,3호선,신사,30307,31804
2022-06-28,3호선,잠원,5056,4936
2022-06-28,3호선,고속터미널,41197,39357
2022-06-28,3호선,교대,15713,10199
2022-06-28,3호선,남부터미널,30606,31483
2022-06-28,3호선,양재,40294,44363
2022-06-28,3호선,매봉,13541,12974
2022-06-28,3호선,도곡,5716,5744
2022-06-28,3호선,대치,11779,11962
2022-06-28,3호선,학여울,1819,1964
2022-06-28,3호선,대청,11051,10244
2022-06-28,3호선,일원,11457,10980
2022-06-28,3호선,수서,17739,18414
2022-06-28,3호선,가락시장,9386,9045
2022-06-28,3호선,경찰병원,7815,7812
2022-06-28,3호선,오금,6570,5832
2022-06-29,3호선,지축,5299,4906
2022-06-29,3호선,구파발,21568,20955
2022-06-29,3호선,연신내,36225,34196
2022-06-29,3호선,불광,16394,17379
2022-06-29,3호선,녹번,16192,14704
2022-06-29,3호선,홍제,17917,17017
2022-06-29,3호선,무악재,4114,4151
2022-06-29,3호선,독립문,7236,7439
2022-06-29,3호선,경복궁,22520,22834
2022-06-29,3호선,안국,24387,24347
2022-06-29,3호선,종로3가,10767,11954
2022-06-29,3호선,을지로3가,11618,11650
2022-06-29,3호선,충무로,1,0
2022-06-29,3호선,동대입구,7761,8147
2022-06-29,3호선,약수,13548,13070
2022-06-29,3호선,금호,8412,7772
2022-06-29,3호선,옥수,9174,9660
2022-06-29,3호선,압구정,34116,36217
2022-06-29,3호선,신사,29627,31095
2022-06-29,3호선,잠원,5026,4946
2022-06-29,3호선,고속터미널,41937,39528
2022-06-29,3호선,교대,15423,10013
2022-06-29,3호선,남부터미널,30096,30877
2022-06-29,3호선,양재,40420,43643
2022-06-29,3호선,매봉,13653,12989
2022-06-29,3호선,도곡,5692,5808
2022-06-29,3호선,대치,11448,11564
2022-06-29,3호선,학여울,1895,1916
2022-06-29,3호선,대청,10887,10072
2022-06-29,3호선,일원,11303,11005
2022-06-29,3호선,수서,17845,18213
2022-06-29,3호선,가락시장,9266,8983
2022-06-29,3호선,경찰병원,7930,8018
2022-06-29,3호선,오금,6551,5847
2022-06-30,3호선,오금,6316,5752
2022-06-30,3호선,경찰병원,7957,7817
2022-06-30,3호선,가락시장,8765,8694
2022-06-30,3호선,수서,18227,18508
2022-06-30,3호선,일원,11094,10729
2022-06-30,3호선,대청,10907,9984
2022-06-30,3호선,학여울,1809,1872
2022-06-30,3호선,대치,11160,11236
2022-06-30,3호선,도곡,5572,5661
2022-06-30,3호선,매봉,13277,12837
2022-06-30,3호선,양재,39721,42953
2022-06-30,3호선,남부터미널,29791,30541
2022-06-30,3호선,교대,14976,9952
2022-06-30,3호선,고속터미널,42028,40584
2022-06-30,3호선,잠원,5002,4807
2022-06-30,3호선,신사,28939,30692
2022-06-30,3호선,압구정,33584,35640
2022-06-30,3호선,옥수,9071,9428
2022-06-30,3호선,금호,8131,7540
2022-06-30,3호선,약수,13303,12741
2022-06-30,3호선,동대입구,8030,8104
2022-06-30,3호선,충무로,2,0
2022-06-30,3호선,을지로3가,11672,11666
2022-06-30,3호선,종로3가,10336,11598
2022-06-30,3호선,안국,22881,22784
2022-06-30,3호선,경복궁,20832,20770
2022-06-30,3호선,독립문,6623,6783
2022-06-30,3호선,무악재,4069,3930
2022-06-30,3호선,홍제,16934,16284
2022-06-30,3호선,녹번,16026,14264
2022-06-30,3호선,불광,15550,16246
2022-06-30,3호선,연신내,34803,32956
2022-06-30,3호선,구파발,20751,20192
2022-06-30,3호선,지축,5106,4798
2022-07-01,3호선,지축,5783,5243
2022-07-01,3호선,구파발,23022,22043
2022-07-01,3호선,연신내,39726,37460
2022-07-01,3호선,불광,17405,18391
2022-07-01,3호선,녹번,16999,14725
2022-07-01,3호선,홍제,19006,17604
2022-07-01,3호선,무악재,4204,4129
2022-07-01,3호선,독립문,8043,8048
2022-07-01,3호선,경복궁,23460,23640
2022-07-01,3호선,안국,24867,25082
2022-07-01,3호선,종로3가,10951,13390
2022-07-01,3호선,을지로3가,11863,12463
2022-07-01,3호선,충무로,1,0
2022-07-01,3호선,동대입구,8362,9023
2022-07-01,3호선,약수,14464,13782
2022-07-01,3호선,금호,9054,7870
2022-07-01,3호선,옥수,9907,10017
2022-07-01,3호선,압구정,36424,39187
2022-07-01,3호선,신사,32383,35208
2022-07-01,3호선,잠원,5446,5103
2022-07-01,3호선,고속터미널,51937,53990
2022-07-01,3호선,교대,15925,10483
2022-07-01,3호선,남부터미널,33486,34176
2022-07-01,3호선,양재,42107,44618
2022-07-01,3호선,매봉,13886,13260
2022-07-01,3호선,도곡,5921,5883
2022-07-01,3호선,대치,11582,11434
2022-07-01,3호선,학여울,2390,2448
2022-07-01,3호선,대청,11318,10173
2022-07-01,3호선,일원,11492,10602
2022-07-01,3호선,수서,19434,19535
2022-07-01,3호선,가락시장,9916,9649
2022-07-01,3호선,경찰병원,8034,7870
2022-07-01,3호선,오금,6633,5934
2022-07-02,3호선,지축,3691,3407
2022-07-02,3호선,구파발,17433,17577
2022-07-02,3호선,연신내,30844,28894
2022-07-02,3호선,불광,13595,15517
2022-07-02,3호선,녹번,11379,9817
2022-07-02,3호선,홍제,14128,13420
2022-07-02,3호선,무악재,3129,3002
2022-07-02,3호선,독립문,6633,6536
2022-07-02,3호선,경복궁,23243,25024
2022-07-02,3호선,안국,20045,21025
2022-07-02,3호선,종로3가,6834,10154
2022-07-02,3호선,을지로3가,6698,6776
2022-07-02,3호선,충무로,1,0
2022-07-02,3호선,동대입구,7035,7843
2022-07-02,3호선,약수,10016,9362
2022-07-02,3호선,금호,6230,5573
2022-07-02,3호선,옥수,7353,7365
2022-07-02,3호선,압구정,26357,28204
2022-07-02,3호선,신사,25355,27062
2022-07-02,3호선,잠원,3569,3440
2022-07-02,3호선,고속터미널,56960,57248
2022-07-02,3호선,교대,7584,4613
2022-07-02,3호선,남부터미널,23309,22944
2022-07-02,3호선,양재,21293,23501
2022-07-02,3호선,매봉,6712,6539
2022-07-02,3호선,도곡,3342,3369
2022-07-02,3호선,대치,8484,7908
2022-07-02,3호선,학여울,1996,2075
2022-07-02,3호선,대청,6181,5732
2022-07-02,3호선,일원,5464,5309
2022-07-02,3호선,수서,14490,14363
2022-07-02,3호선,가락시장,6548,6081
2022-07-02,3호선,경찰병원,4105,3847
2022-07-02,3호선,오금,4033,3661
2022-07-03,3호선,지축,2613,2396
2022-07-03,3호선,구파발,12753,13288
2022-07-03,3호선,연신내,21977,20703
2022-07-03,3호선,불광,10018,11592
2022-07-03,3호선,녹번,7657,6810
2022-07-03,3호선,홍제,9676,9166
2022-07-03,3호선,무악재,1923,2037
2022-07-03,3호선,독립문,4423,4587
2022-07-03,3호선,경복궁,15107,16676
2022-07-03,3호선,안국,12360,12063
2022-07-03,3호선,종로3가,4248,5440
2022-07-03,3호선,을지로3가,3965,3590
2022-07-03,3호선,동대입구,7525,8115
2022-07-03,3호선,약수,7031,6814
2022-07-03,3호선,금호,4325,4184
2022-07-03,3호선,옥수,4994,5279
2022-07-03,3호선,압구정,15016,15293
2022-07-03,3호선,신사,13717,14053
2022-07-03,3호선,잠원,2474,2431
2022-07-03,3호선,고속터미널,46380,43634
2022-07-03,3호선,교대,4706,2862
2022-07-03,3호선,남부터미널,15931,16316
2022-07-03,3호선,양재,13463,15444
2022-07-03,3호선,매봉,4439,4497
2022-07-03,3호선,도곡,1929,2014
2022-07-03,3호선,대치,5419,4983
2022-07-03,3호선,학여울,1380,1465
2022-07-03,3호선,대청,4215,4168
2022-07-03,3호선,일원,3849,4065
2022-07-03,3호선,수서,11027,10687
2022-07-03,3호선,가락시장,3973,4150
2022-07-03,3호선,경찰병원,2832,2924
2022-07-03,3호선,오금,2813,2821
2022-07-04,3호선,지축,5523,5236
2022-07-04,3호선,구파발,22310,21540
2022-07-04,3호선,연신내,37562,35257
2022-07-04,3호선,불광,16791,17877
2022-07-04,3호선,녹번,16048,14451
2022-07-04,3호선,홍제,18034,17287
2022-07-04,3호선,무악재,4115,4047
2022-07-04,3호선,독립문,7128,7316
2022-07-04,3호선,경복궁,21482,21851
2022-07-04,3호선,안국,22949,23120
2022-07-04,3호선,종로3가,10328,11924
2022-07-04,3호선,을지로3가,11362,11542
2022-07-04,3호선,충무로,4,0
2022-07-04,3호선,동대입구,7692,8114
2022-07-04,3호선,약수,13377,13013
2022-07-04,3호선,금호,8256,7632
2022-07-04,3호선,옥수,9229,9621
2022-07-04,3호선,압구정,34052,36181
2022-07-04,3호선,신사,29606,31364
2022-07-04,3호선,잠원,5082,4845
2022-07-04,3호선,고속터미널,43130,40879
2022-07-04,3호선,교대,15457,10178
2022-07-04,3호선,남부터미널,29997,30280
2022-07-04,3호선,양재,38965,42687
2022-07-04,3호선,매봉,13688,13118
2022-07-04,3호선,도곡,5883,5784
2022-07-04,3호선,대치,11349,11496
2022-07-04,3호선,학여울,1845,1901
2022-07-04,3호선,대청,11029,10213
2022-07-04,3호선,일원,11390,11017
2022-07-04,3호선,수서,17814,18357
2022-07-04,3호선,가락시장,9351,9050
2022-07-04,3호선,경찰병원,7797,7892
2022-07-04,3호선,오금,6666,5964
2022-07-05,3호선,지축,5604,5254
2022-07-05,3호선,구파발,22815,21983
2022-07-05,3호선,연신내,38159,35470
2022-07-05,3호선,불광,16942,18179
2022-07-05,3호선,녹번,16258,14850
2022-07-05,3호선,홍제,18356,17155
2022-07-05,3호선,무악재,4258,4296
2022-07-05,3호선,독립문,7499,7537
2022-07-05,3호선,경복궁,20788,20531
2022-07-05,3호선,안국,23515,24122
2022-07-05,3호선,종로3가,10344,12052
2022-07-05,3호선,을지로3가,11522,11616
2022-07-05,3호선,동대입구,7883,8315
2022-07-05,3호선,약수,13591,13222
2022-07-05,3호선,금호,8347,7768
2022-07-05,3호선,옥수,9483,9852
2022-07-05,3호선,압구정,35073,37478
2022-07-05,3호선,신사,30984,32646
2022-07-05,3호선,잠원,5326,5115
2022-07-05,3호선,고속터미널,42910,41186
2022-07-05,3호선,교대,15640,10277
2022-07-05,3호선,남부터미널,30892,31409
2022-07-05,3호선,양재,40056,43870
2022-07-05,3호선,매봉,13617,13195
2022-07-05,3호선,도곡,5714,5759
2022-07-05,3호선,대치,11577,11665
2022-07-05,3호선,학여울,1919,1933
2022-07-05,3호선,대청,11114,10367
2022-07-05,3호선,일원,11655,11355
2022-07-05,3호선,수서,17999,18481
2022-07-05,3호선,가락시장,9530,9306
2022-07-05,3호선,경찰병원,7798,7936
2022-07-05,3호선,오금,6793,6081
2022-07-06,3호선,오금,6705,5889
2022-07-06,3호선,경찰병원,7888,7976
2022-07-06,3호선,가락시장,9603,9215
2022-07-06,3호선,수서,18324,18620
2022-07-06,3호선,일원,11667,11140
2022-07-06,3호선,대청,11003,10234
2022-07-06,3호선,학여울,2096,2165
2022-07-06,3호선,대치,11460,11629
2022-07-06,3호선,도곡,5885,5808
2022-07-06,3호선,매봉,13854,13358
2022-07-06,3호선,양재,40518,44190
2022-07-06,3호선,남부터미널,30973,31725
2022-07-06,3호선,교대,15812,10337
2022-07-06,3호선,고속터미널,43784,41578
2022-07-06,3호선,잠원,5185,5080
2022-07-06,3호선,신사,30645,32044
2022-07-06,3호선,압구정,34441,36653
2022-07-06,3호선,옥수,9377,9770
2022-07-06,3호선,금호,8440,7844
2022-07-06,3호선,약수,13847,13368
2022-07-06,3호선,동대입구,8036,8280
2022-07-06,3호선,충무로,1,0
2022-07-06,3호선,을지로3가,11921,11951
2022-07-06,3호선,종로3가,11104,12405
2022-07-06,3호선,안국,24699,24907
2022-07-06,3호선,경복궁,22224,22662
2022-07-06,3호선,독립문,7521,7774
2022-07-06,3호선,무악재,4233,4226
2022-07-06,3호선,홍제,18407,17386
2022-07-06,3호선,녹번,16454,14974
2022-07-06,3호선,불광,17411,18734
2022-07-06,3호선,연신내,38455,36168
2022-07-06,3호선,구파발,22705,22122
2022-07-06,3호선,지축,5653,5399
2022-07-07,3호선,오금,6689,5929
2022-07-07,3호선,경찰병원,7664,7723
2022-07-07,3호선,가락시장,9426,9190
2022-07-07,3호선,수서,18074,18760
2022-07-07,3호선,일원,11802,11435
2022-07-07,3호선,대청,11268,10409
2022-07-07,3호선,학여울,5518,5855
2022-07-07,3호선,대치,11888,11831
2022-07-07,3호선,도곡,5681,5873
2022-07-07,3호선,매봉,13811,13375
2022-07-07,3호선,양재,40778,44337
2022-07-07,3호선,남부터미널,30427,31191
2022-07-07,3호선,교대,16197,10374
2022-07-07,3호선,고속터미널,43386,41537
2022-07-07,3호선,잠원,5099,4996
2022-07-07,3호선,신사,30113,32104
2022-07-07,3호선,압구정,34416,36929
2022-07-07,3호선,옥수,9332,9714
2022-07-07,3호선,약수,13693,13154
2022-07-07,3호선,동대입구,7819,8412
2022-07-07,3호선,을지로3가,11545,11569
2022-07-07,3호선,종로3가,10542,12308
2022-07-07,3호선,안국,23675,24055
2022-07-07,3호선,경복궁,21725,21703
2022-07-07,3호선,독립문,7312,7587
2022-07-07,3호선,녹번,16162,14365
2022-07-07,3호선,불광,16355,17288
2022-07-07,3호선,연신내,37038,34814
2022-07-07,3호선,구파발,22039,21164
2022-07-07,3호선,지축,5527,5116
2022-07-07,3호선,무악재,4178,4209
2022-07-07,3호선,홍제,17906,16887
2022-07-07,3호선,금호,8296,7619
2022-07-08,3호선,오금,6803,6023
2022-07-08,3호선,경찰병원,7957,7787
2022-07-08,3호선,가락시장,10116,9638
2022-07-08,3호선,수서,19995,19878
2022-07-08,3호선,일원,11666,10948
2022-07-08,3호선,대청,11428,10393
2022-07-08,3호선,학여울,3605,3750
2022-07-08,3호선,대치,12225,12209
2022-07-08,3호선,도곡,5903,5932
2022-07-08,3호선,매봉,13737,13102
2022-07-08,3호선,양재,41725,44344
2022-07-08,3호선,남부터미널,33042,33755
2022-07-08,3호선,교대,16369,10452
2022-07-08,3호선,고속터미널,50468,53372
2022-07-08,3호선,잠원,5331,5104
2022-07-08,3호선,신사,32259,35535
2022-07-08,3호선,압구정,36618,39581
2022-07-08,3호선,옥수,9888,9923
2022-07-08,3호선,금호,8600,7748
2022-07-08,3호선,약수,14124,13759
2022-07-08,3호선,동대입구,8332,8758
2022-07-08,3호선,충무로,3,0
2022-07-08,3호선,을지로3가,11762,12130
2022-07-08,3호선,종로3가,11064,13310
2022-07-08,3호선,안국,24770,25582
2022-07-08,3호선,경복궁,22831,22880
2022-07-08,3호선,독립문,7456,7401
2022-07-08,3호선,무악재,4293,4137
2022-07-08,3호선,홍제,18473,17036
2022-07-08,3호선,녹번,16609,14485
2022-07-08,3호선,불광,16977,18094
2022-07-08,3호선,연신내,38854,36442
2022-07-08,3호선,구파발,22636,21874
2022-07-08,3호선,지축,5746,5275
2022-07-09,3호선,오금,4117,3667
2022-07-09,3호선,경찰병원,4315,4133
2022-07-09,3호선,가락시장,6479,6012
2022-07-09,3호선,수서,14417,14120
2022-07-09,3호선,일원,5290,5252
2022-07-09,3호선,대청,6173,5620
2022-07-09,3호선,학여울,2776,2831
2022-07-09,3호선,대치,9965,8987
2022-07-09,3호선,도곡,3410,3366
2022-07-09,3호선,매봉,6639,6385
2022-07-09,3호선,양재,20827,22872
2022-07-09,3호선,남부터미널,22342,21880
2022-07-09,3호선,교대,7500,4649
2022-07-09,3호선,고속터미널,56574,56214
2022-07-09,3호선,잠원,3660,3461
2022-07-09,3호선,신사,24746,26687
2022-07-09,3호선,압구정,26271,27897
2022-07-09,3호선,옥수,7442,7389
2022-07-09,3호선,금호,5963,5275
2022-07-09,3호선,약수,9489,8807
2022-07-09,3호선,동대입구,6183,6986
2022-07-09,3호선,을지로3가,5479,5834
2022-07-09,3호선,종로3가,6371,9173
2022-07-09,3호선,안국,16790,18199
2022-07-09,3호선,경복궁,18270,20546
2022-07-09,3호선,독립문,5881,6029
2022-07-09,3호선,무악재,2843,2840
2022-07-09,3호선,홍제,13892,12590
2022-07-09,3호선,녹번,11323,9439
2022-07-09,3호선,불광,13581,15065
2022-07-09,3호선,연신내,30910,28611
2022-07-09,3호선,구파발,17343,17489
2022-07-09,3호선,지축,3853,3607
2022-07-10,3호선,오금,2793,2685
2022-07-10,3호선,경찰병원,2960,2976
2022-07-10,3호선,가락시장,3752,4010
2022-07-10,3호선,수서,10684,10777
2022-07-10,3호선,일원,3661,3724
2022-07-10,3호선,대청,4290,4136
2022-07-10,3호선,학여울,2132,2241
2022-07-10,3호선,대치,6143,5432
2022-07-10,3호선,도곡,1948,2010
2022-07-10,3호선,매봉,4503,4547
2022-07-10,3호선,양재,13700,15780
2022-07-10,3호선,남부터미널,15818,16647
2022-07-10,3호선,교대,4788,2929
2022-07-10,3호선,고속터미널,47291,43582
2022-07-10,3호선,잠원,2173,2245
2022-07-10,3호선,신사,13923,14083
2022-07-10,3호선,압구정,14896,15525
2022-07-10,3호선,옥수,5020,5290
2022-07-10,3호선,금호,4295,4177
2022-07-10,3호선,약수,6696,6503
2022-07-10,3호선,동대입구,5237,5671
2022-07-10,3호선,을지로3가,3645,3351
2022-07-10,3호선,종로3가,4430,5612
2022-07-10,3호선,안국,11627,11765
2022-07-10,3호선,경복궁,14680,15816
2022-07-10,3호선,독립문,4127,4369
2022-07-10,3호선,무악재,1872,1993
2022-07-10,3호선,홍제,9603,9145
2022-07-10,3호선,녹번,7547,6799
2022-07-10,3호선,불광,9886,11473
2022-07-10,3호선,연신내,22357,21045
2022-07-10,3호선,구파발,12896,13248
2022-07-10,3호선,지축,2744,2541
2022-07-11,3호선,오금,6563,5886
2022-07-11,3호선,경찰병원,7926,7911
2022-07-11,3호선,가락시장,9307,9117
2022-07-11,3호선,수서,17582,18111
2022-07-11,3호선,일원,11284,10963
2022-07-11,3호선,대청,11053,10280
2022-07-11,3호선,학여울,1901,1933
2022-07-11,3호선,대치,11649,11896
2022-07-11,3호선,도곡,5700,5765
2022-07-11,3호선,매봉,13369,12975
2022-07-11,3호선,양재,39016,42726
2022-07-11,3호선,남부터미널,29275,29899
2022-07-11,3호선,교대,15337,10069
2022-07-11,3호선,고속터미널,42728,40186
2022-07-11,3호선,잠원,5035,4915
2022-07-11,3호선,신사,29541,31024
2022-07-11,3호선,압구정,34065,36323
2022-07-11,3호선,옥수,9105,9460
2022-07-11,3호선,금호,8077,7522
2022-07-11,3호선,약수,13433,13149
2022-07-11,3호선,동대입구,7533,7988
2022-07-11,3호선,충무로,1,0
2022-07-11,3호선,을지로3가,11168,11143
2022-07-11,3호선,종로3가,10434,11893
2022-07-11,3호선,안국,22789,22891
2022-07-11,3호선,경복궁,20973,21172
2022-07-11,3호선,독립문,6960,7026
2022-07-11,3호선,무악재,4087,4149
2022-07-11,3호선,홍제,18049,17076
2022-07-11,3호선,녹번,16080,14636
2022-07-11,3호선,불광,16302,17385
2022-07-11,3호선,연신내,36940,35139
2022-07-11,3호선,구파발,21967,21212
2022-07-11,3호선,지축,5557,5270
2022-07-12,3호선,독립문,7313,7545
2022-07-12,3호선,오금,6783,6071
2022-07-12,3호선,경찰병원,7989,8063
2022-07-12,3호선,가락시장,9649,9401
2022-07-12,3호선,수서,17983,18054
2022-07-12,3호선,일원,11428,11170
2022-07-12,3호선,대청,11240,10497
2022-07-12,3호선,학여울,1918,1930
2022-07-12,3호선,대치,12034,12264
2022-07-12,3호선,도곡,5747,5794
2022-07-12,3호선,매봉,13613,13088
2022-07-12,3호선,양재,40014,43537
2022-07-12,3호선,남부터미널,30763,31225
2022-07-12,3호선,교대,15967,10373
2022-07-12,3호선,고속터미널,42374,40004
2022-07-12,3호선,잠원,5267,4986
2022-07-12,3호선,신사,30916,32883
2022-07-12,3호선,압구정,35131,37541
2022-07-12,3호선,옥수,9504,9845
2022-07-12,3호선,금호,8416,7870
2022-07-12,3호선,약수,13778,13303
2022-07-12,3호선,동대입구,8188,8586
2022-07-12,3호선,충무로,2,0
2022-07-12,3호선,을지로3가,11584,11617
2022-07-12,3호선,종로3가,10627,12355
2022-07-12,3호선,안국,23947,24892
2022-07-12,3호선,경복궁,20895,20789
2022-07-12,3호선,무악재,4248,4155
2022-07-12,3호선,홍제,18204,17088
2022-07-12,3호선,녹번,16424,14688
2022-07-12,3호선,불광,16995,18335
2022-07-12,3호선,연신내,38228,35917
2022-07-12,3호선,구파발,22455,21754
2022-07-12,3호선,지축,5833,5490
2022-07-13,3호선,지축,5149,4852
2022-07-13,3호선,구파발,20742,20079
2022-07-13,3호선,연신내,34576,32736
2022-07-13,3호선,불광,15136,16130
2022-07-13,3호선,녹번,15560,14124
2022-07-13,3호선,홍제,16704,16017
2022-07-13,3호선,무악재,3907,3956
2022-07-13,3호선,독립문,6596,6772
2022-07-13,3호선,경복궁,21259,20953
2022-07-13,3호선,안국,23431,23031
2022-07-13,3호선,종로3가,10497,11849
2022-07-13,3호선,을지로3가,11865,11506
2022-07-13,3호선,충무로,4,0
2022-07-13,3호선,동대입구,8025,8408
2022-07-13,3호선,약수,13165,12894
2022-07-13,3호선,금호,7965,7367
2022-07-13,3호선,옥수,8699,9217
2022-07-13,3호선,압구정,33047,35095
2022-07-13,3호선,신사,28916,30302
2022-07-13,3호선,잠원,5013,4926
2022-07-13,3호선,고속터미널,41816,39424
2022-07-13,3호선,교대,15437,9775
2022-07-13,3호선,남부터미널,29894,30204
2022-07-13,3호선,양재,39764,42213
2022-07-13,3호선,매봉,13509,12890
2022-07-13,3호선,도곡,5770,5694
2022-07-13,3호선,대치,11272,11701
2022-07-13,3호선,학여울,1818,1880
2022-07-13,3호선,대청,11003,10129
2022-07-13,3호선,일원,10888,10705
2022-07-13,3호선,수서,17606,17899
2022-07-13,3호선,가락시장,8651,8492
2022-07-13,3호선,경찰병원,7902,7877
2022-07-13,3호선,오금,6400,5657
2022-07-14,3호선,지축,5674,5295
2022-07-14,3호선,구파발,22366,21660
2022-07-14,3호선,연신내,37730,35593
2022-07-14,3호선,불광,16780,17785
2022-07-14,3호선,녹번,16684,14743
2022-07-14,3호선,홍제,18353,17166
2022-07-14,3호선,무악재,4302,4198
2022-07-14,3호선,독립문,7254,7498
2022-07-14,3호선,경복궁,22801,22893
2022-07-14,3호선,안국,24606,25464
2022-07-14,3호선,종로3가,10921,12371
2022-07-14,3호선,을지로3가,11606,11930
2022-07-14,3호선,충무로,2,0
2022-07-14,3호선,동대입구,8727,9357
2022-07-14,3호선,약수,13841,13428
2022-07-14,3호선,금호,8427,7695
2022-07-14,3호선,옥수,9459,9652
2022-07-14,3호선,압구정,34265,36950
2022-07-14,3호선,신사,31131,32655
2022-07-14,3호선,잠원,5184,4980
2022-07-14,3호선,고속터미널,43306,42128
2022-07-14,3호선,교대,16372,10612
2022-07-14,3호선,남부터미널,30573,31546
2022-07-14,3호선,양재,40665,44460
2022-07-14,3호선,매봉,13623,13189
2022-07-14,3호선,도곡,5735,5917
2022-07-14,3호선,대치,12263,12190
2022-07-14,3호선,학여울,2006,2009
2022-07-14,3호선,대청,11310,10347
2022-07-14,3호선,일원,11545,11158
2022-07-14,3호선,수서,17845,18361
2022-07-14,3호선,가락시장,9524,9340
2022-07-14,3호선,경찰병원,7839,7795
2022-07-14,3호선,오금,6719,6099
2022-07-15,3호선,독립문,7739,7857
2022-07-15,3호선,경복궁,23464,23376
2022-07-15,3호선,안국,25500,26448
2022-07-15,3호선,종로3가,11048,13444
2022-07-15,3호선,을지로3가,11807,12441
2022-07-15,3호선,충무로,1,0
2022-07-15,3호선,동대입구,8296,8899
2022-07-15,3호선,약수,14300,13705
2022-07-15,3호선,금호,8707,7767
2022-07-15,3호선,옥수,9857,10057
2022-07-15,3호선,무악재,4245,4120
2022-07-15,3호선,압구정,36459,39469
2022-07-15,3호선,신사,32881,35894
2022-07-15,3호선,잠원,5504,5273
2022-07-15,3호선,고속터미널,52140,53027
2022-07-15,3호선,교대,16287,10602
2022-07-15,3호선,남부터미널,33579,34028
2022-07-15,3호선,양재,42453,44728
2022-07-15,3호선,매봉,14145,13487
2022-07-15,3호선,도곡,5933,5929
2022-07-15,3호선,대치,12662,12742
2022-07-15,3호선,학여울,3263,3281
2022-07-15,3호선,대청,11246,10311
2022-07-15,3호선,일원,11723,11042
2022-07-15,3호선,수서,19632,19539
2022-07-15,3호선,가락시장,10078,9779
2022-07-15,3호선,경찰병원,8003,8158
2022-07-15,3호선,오금,6858,5996
2022-07-15,3호선,지축,5794,5296
2022-07-15,3호선,구파발,23067,22244
2022-07-15,3호선,연신내,39925,37491
2022-07-15,3호선,불광,17633,18446
2022-07-15,3호선,녹번,16620,14583
2022-07-15,3호선,홍제,18883,17426
2022-07-16,3호선,오금,3701,3518
2022-07-16,3호선,경찰병원,4058,3915
2022-07-16,3호선,가락시장,6161,5817
2022-07-16,3호선,수서,13904,13919
2022-07-16,3호선,일원,5011,4878
2022-07-16,3호선,대청,6149,5655
2022-07-16,3호선,학여울,2745,2856
2022-07-16,3호선,대치,11851,10462
2022-07-16,3호선,도곡,3375,3364
2022-07-16,3호선,매봉,6743,6475
2022-07-16,3호선,양재,20292,22657
2022-07-16,3호선,남부터미널,22900,22627
2022-07-16,3호선,교대,7839,4782
2022-07-16,3호선,고속터미널,54662,54504
2022-07-16,3호선,잠원,3747,3546
2022-07-16,3호선,신사,24145,26063
2022-07-16,3호선,압구정,26286,27768
2022-07-16,3호선,옥수,6932,7006
2022-07-16,3호선,금호,6113,5460
2022-07-16,3호선,약수,9452,9091
2022-07-16,3호선,동대입구,6286,6870
2022-07-16,3호선,을지로3가,5778,6146
2022-07-16,3호선,종로3가,6735,9600
2022-07-16,3호선,안국,19097,19099
2022-07-16,3호선,경복궁,20201,21761
2022-07-16,3호선,독립문,5865,5826
2022-07-16,3호선,무악재,2686,2711
2022-07-16,3호선,홍제,13442,12646
2022-07-16,3호선,녹번,11077,9377
2022-07-16,3호선,불광,13067,14699
2022-07-16,3호선,연신내,29893,27607
2022-07-16,3호선,구파발,16712,17227
2022-07-16,3호선,지축,3875,3591
2022-07-17,3호선,지축,2661,2447
2022-07-17,3호선,구파발,12397,12980
2022-07-17,3호선,연신내,21548,20330
2022-07-17,3호선,불광,9698,11169
2022-07-17,3호선,녹번,7611,6753
2022-07-17,3호선,홍제,9365,9007
2022-07-17,3호선,무악재,1880,1958
2022-07-17,3호선,독립문,4053,4275
2022-07-17,3호선,경복궁,14913,16386
2022-07-17,3호선,안국,12540,12535
2022-07-17,3호선,종로3가,4044,5477
2022-07-17,3호선,을지로3가,3729,3505
2022-07-17,3호선,동대입구,6470,7068
2022-07-17,3호선,약수,6934,6715
2022-07-17,3호선,금호,4477,4145
2022-07-17,3호선,옥수,5208,5326
2022-07-17,3호선,압구정,14897,15541
2022-07-17,3호선,신사,13849,13928
2022-07-17,3호선,잠원,2181,2170
2022-07-17,3호선,고속터미널,45305,42587
2022-07-17,3호선,교대,4842,2982
2022-07-17,3호선,남부터미널,14692,15354
2022-07-17,3호선,양재,13584,15681
2022-07-17,3호선,매봉,4167,4259
2022-07-17,3호선,도곡,1916,2080
2022-07-17,3호선,대치,7838,6588
2022-07-17,3호선,학여울,2038,2211
2022-07-17,3호선,대청,4238,4229
2022-07-17,3호선,일원,3589,3741
2022-07-17,3호선,수서,10874,10922
2022-07-17,3호선,가락시장,3876,4077
2022-07-17,3호선,경찰병원,2813,2855
2022-07-17,3호선,오금,2704,2756
2022-07-18,3호선,오금,6529,5896
2022-07-18,3호선,경찰병원,7748,7849
2022-07-18,3호선,가락시장,9273,8984
2022-07-18,3호선,수서,17498,18289
2022-07-18,3호선,일원,11447,11096
2022-07-18,3호선,대청,11080,10450
2022-07-18,3호선,학여울,1795,1788
2022-07-18,3호선,대치,11936,12123
2022-07-18,3호선,도곡,5783,5815
2022-07-18,3호선,매봉,13355,12727
2022-07-18,3호선,양재,38639,42765
2022-07-18,3호선,남부터미널,29381,29783
2022-07-18,3호선,교대,15195,9986
2022-07-18,3호선,고속터미널,37353,35128
2022-07-18,3호선,잠원,5190,5027
2022-07-18,3호선,신사,29681,31257
2022-07-18,3호선,압구정,33739,36182
2022-07-18,3호선,옥수,9090,9466
2022-07-18,3호선,금호,8087,7510
2022-07-18,3호선,약수,13302,12886
2022-07-18,3호선,동대입구,7487,7976
2022-07-18,3호선,충무로,1,0
2022-07-18,3호선,을지로3가,11346,11223
2022-07-18,3호선,종로3가,10404,11980
2022-07-18,3호선,안국,22769,22891
2022-07-18,3호선,경복궁,20961,21662
2022-07-18,3호선,독립문,7222,7224
2022-07-18,3호선,무악재,4118,4005
2022-07-18,3호선,홍제,17900,16766
2022-07-18,3호선,녹번,16028,14468
2022-07-18,3호선,불광,16339,17379
2022-07-18,3호선,연신내,36807,34854
2022-07-18,3호선,구파발,21999,21210
2022-07-18,3호선,지축,5559,5304
2022-07-19,3호선,오금,6675,5979
2022-07-19,3호선,경찰병원,7836,7846
2022-07-19,3호선,가락시장,9580,9148
2022-07-19,3호선,수서,17835,18191
2022-07-19,3호선,일원,11528,11267
2022-07-19,3호선,대청,11168,10355
2022-07-19,3호선,학여울,1912,1974
2022-07-19,3호선,대치,12205,12395
2022-07-19,3호선,도곡,5804,5693
2022-07-19,3호선,매봉,13829,13174
2022-07-19,3호선,양재,39898,43558
2022-07-19,3호선,남부터미널,30605,31494
2022-07-19,3호선,교대,15925,10545
2022-07-19,3호선,고속터미널,43076,41149
2022-07-19,3호선,잠원,5183,5107
2022-07-19,3호선,신사,30439,32090
2022-07-19,3호선,압구정,34486,36915
2022-07-19,3호선,옥수,9465,9702
2022-07-19,3호선,금호,8294,7473
2022-07-19,3호선,약수,13658,13100
2022-07-19,3호선,동대입구,7809,8202
2022-07-19,3호선,을지로3가,11324,11625
2022-07-19,3호선,종로3가,10755,12261
2022-07-19,3호선,안국,23532,24705
2022-07-19,3호선,경복궁,20693,20472
2022-07-19,3호선,독립문,7649,7687
2022-07-19,3호선,무악재,4116,4140
2022-07-19,3호선,홍제,18035,16844
2022-07-19,3호선,녹번,16175,14723
2022-07-19,3호선,불광,16582,17610
2022-07-19,3호선,연신내,37630,35468
2022-07-19,3호선,구파발,22297,21571
2022-07-19,3호선,지축,5687,5338
2022-07-20,3호선,지축,5398,5267
2022-07-20,3호선,구파발,22327,21586
2022-07-20,3호선,연신내,38100,36073
2022-07-20,3호선,불광,16893,18274
2022-07-20,3호선,녹번,16407,14795
2022-07-20,3호선,홍제,18187,17094
2022-07-20,3호선,무악재,4212,4137
2022-07-20,3호선,독립문,7298,7521
2022-07-20,3호선,경복궁,22557,22569
2022-07-20,3호선,안국,24350,25350
2022-07-20,3호선,종로3가,10900,12538
2022-07-20,3호선,을지로3가,11815,11813
2022-07-20,3호선,충무로,1,0
2022-07-20,3호선,동대입구,8078,8667
2022-07-20,3호선,약수,13492,13066
2022-07-20,3호선,금호,8318,7613
2022-07-20,3호선,옥수,9599,9853
2022-07-20,3호선,압구정,34142,36439
2022-07-20,3호선,신사,30356,32158
2022-07-20,3호선,잠원,5146,4970
2022-07-20,3호선,고속터미널,43627,41742
2022-07-20,3호선,교대,16048,10425
2022-07-20,3호선,남부터미널,31358,31977
2022-07-20,3호선,양재,40094,43982
2022-07-20,3호선,매봉,13699,13113
2022-07-20,3호선,도곡,5580,5691
2022-07-20,3호선,대치,12260,12533
2022-07-20,3호선,학여울,1904,1851
2022-07-20,3호선,대청,11061,10257
2022-07-20,3호선,일원,11464,10929
2022-07-20,3호선,수서,18097,18371
2022-07-20,3호선,가락시장,9460,9170
2022-07-20,3호선,경찰병원,7917,7971
2022-07-20,3호선,오금,6558,5902
2022-07-21,3호선,지축,5395,5089
2022-07-21,3호선,구파발,21761,20923
2022-07-21,3호선,연신내,36473,34366
2022-07-21,3호선,불광,16539,17604
2022-07-21,3호선,녹번,16273,14273
2022-07-21,3호선,홍제,18007,16434
2022-07-21,3호선,무악재,4094,4059
2022-07-21,3호선,독립문,7123,7040
2022-07-21,3호선,경복궁,21237,21688
2022-07-21,3호선,안국,23256,24310
2022-07-21,3호선,종로3가,10717,12259
2022-07-21,3호선,을지로3가,11371,11742
2022-07-21,3호선,충무로,1,0
2022-07-21,3호선,동대입구,9304,9984
2022-07-21,3호선,약수,13137,12542
2022-07-21,3호선,금호,8191,7394
2022-07-21,3호선,옥수,9435,9647
2022-07-21,3호선,압구정,33439,36146
2022-07-21,3호선,신사,30057,32111
2022-07-21,3호선,잠원,5012,4863
2022-07-21,3호선,고속터미널,42342,41078
2022-07-21,3호선,교대,15944,10430
2022-07-21,3호선,남부터미널,30537,31528
2022-07-21,3호선,양재,39292,43296
2022-07-21,3호선,매봉,13151,12800
2022-07-21,3호선,도곡,5351,5482
2022-07-21,3호선,대치,12354,12306
2022-07-21,3호선,학여울,1882,1860
2022-07-21,3호선,대청,10201,9642
2022-07-21,3호선,일원,11074,10727
2022-07-21,3호선,수서,17833,18078
2022-07-21,3호선,가락시장,9222,8911
2022-07-21,3호선,경찰병원,7605,7567
2022-07-21,3호선,오금,6589,5881
2022-07-22,3호선,지축,5500,5189
2022-07-22,3호선,구파발,22217,21392
2022-07-22,3호선,연신내,37894,35967
2022-07-22,3호선,불광,16810,17975
2022-07-22,3호선,녹번,16495,14279
2022-07-22,3호선,홍제,18451,16970
2022-07-22,3호선,무악재,4129,4019
2022-07-22,3호선,독립문,7358,7343
2022-07-22,3호선,경복궁,21723,22140
2022-07-22,3호선,안국,24384,25173
2022-07-22,3호선,종로3가,10847,13083
2022-07-22,3호선,을지로3가,11607,11978
2022-07-22,3호선,충무로,2,0
2022-07-22,3호선,동대입구,9226,9701
2022-07-22,3호선,약수,13547,13128
2022-07-22,3호선,금호,8336,7566
2022-07-22,3호선,옥수,9730,9716
2022-07-22,3호선,압구정,35302,38931
2022-07-22,3호선,신사,31952,34531
2022-07-22,3호선,잠원,5186,4996
2022-07-22,3호선,고속터미널,49960,52306
2022-07-22,3호선,교대,16167,10468
2022-07-22,3호선,남부터미널,33387,33669
2022-07-22,3호선,양재,41859,44609
2022-07-22,3호선,매봉,13365,12928
2022-07-22,3호선,도곡,5443,5420
2022-07-22,3호선,대치,12851,12688
2022-07-22,3호선,학여울,2078,2068
2022-07-22,3호선,대청,10425,9625
2022-07-22,3호선,일원,10754,10287
2022-07-22,3호선,수서,19318,19263
2022-07-22,3호선,가락시장,9641,9393
2022-07-22,3호선,경찰병원,7711,7604
2022-07-22,3호선,오금,6524,5734
2022-07-23,3호선,지축,3635,3246
2022-07-23,3호선,구파발,15953,16227
2022-07-23,3호선,연신내,29251,27228
2022-07-23,3호선,불광,12729,14158
2022-07-23,3호선,녹번,10248,8968
2022-07-23,3호선,홍제,13009,12234
2022-07-23,3호선,무악재,2711,2778
2022-07-23,3호선,독립문,5902,5806
2022-07-23,3호선,경복궁,17497,19019
2022-07-23,3호선,안국,17252,17738
2022-07-23,3호선,종로3가,6402,8746
2022-07-23,3호선,을지로3가,5315,5403
2022-07-23,3호선,충무로,5,0
2022-07-23,3호선,동대입구,6130,6842
2022-07-23,3호선,약수,8883,8331
2022-07-23,3호선,금호,5795,5198
2022-07-23,3호선,옥수,6720,6774
2022-07-23,3호선,압구정,25627,27401
2022-07-23,3호선,신사,23296,24588
2022-07-23,3호선,잠원,3583,3523
2022-07-23,3호선,고속터미널,50934,51894
2022-07-23,3호선,오금,3769,3560
2022-07-23,3호선,경찰병원,4020,3889
2022-07-23,3호선,가락시장,5938,5663
2022-07-23,3호선,수서,13528,13719
2022-07-23,3호선,일원,5365,5226
2022-07-23,3호선,대청,5818,5357
2022-07-23,3호선,학여울,1394,1369
2022-07-23,3호선,대치,11196,9843
2022-07-23,3호선,도곡,3191,3203
2022-07-23,3호선,매봉,6111,5990
2022-07-23,3호선,양재,18836,20439
2022-07-23,3호선,남부터미널,21214,20993
2022-07-23,3호선,교대,7284,4642
2022-07-24,3호선,오금,2633,2765
2022-07-24,3호선,경찰병원,2747,2735
2022-07-24,3호선,가락시장,3444,3674
2022-07-24,3호선,수서,10486,10599
2022-07-24,3호선,일원,3567,3778
2022-07-24,3호선,대청,3996,3938
2022-07-24,3호선,학여울,1057,1056
2022-07-24,3호선,대치,7463,6286
2022-07-24,3호선,도곡,1934,2049
2022-07-24,3호선,매봉,4165,4175
2022-07-24,3호선,양재,12316,14281
2022-07-24,3호선,남부터미널,15196,15633
2022-07-24,3호선,교대,4503,2682
2022-07-24,3호선,고속터미널,42236,40382
2022-07-24,3호선,잠원,2296,2216
2022-07-24,3호선,신사,12266,12418
2022-07-24,3호선,압구정,14455,15174
2022-07-24,3호선,옥수,4740,4986
2022-07-24,3호선,금호,4229,3931
2022-07-24,3호선,약수,6600,6448
2022-07-24,3호선,동대입구,4655,5096
2022-07-24,3호선,을지로3가,3529,3325
2022-07-24,3호선,종로3가,4021,5330
2022-07-24,3호선,안국,12105,12323
2022-07-24,3호선,경복궁,12673,14257
2022-07-24,3호선,독립문,4058,4127
2022-07-24,3호선,무악재,1813,1901
2022-07-24,3호선,홍제,8996,8587
2022-07-24,3호선,녹번,7160,6355
2022-07-24,3호선,불광,9416,10562
2022-07-24,3호선,연신내,20858,19765
2022-07-24,3호선,구파발,11923,12225
2022-07-24,3호선,지축,2569,2292
2022-07-25,3호선,오금,6202,5641
2022-07-25,3호선,경찰병원,7521,7484
2022-07-25,3호선,가락시장,9128,8852
2022-07-25,3호선,수서,16967,17374
2022-07-25,3호선,일원,10694,10360
2022-07-25,3호선,대청,9926,9258
2022-07-25,3호선,학여울,1693,1685
2022-07-25,3호선,대치,12305,12053
2022-07-25,3호선,도곡,5260,5163
2022-07-25,3호선,매봉,12635,12073
2022-07-25,3호선,양재,36662,40641
2022-07-25,3호선,남부터미널,29179,29517
2022-07-25,3호선,교대,14433,9722
2022-07-25,3호선,고속터미널,43682,41365
2022-07-25,3호선,잠원,4778,4641
2022-07-25,3호선,신사,29317,30811
2022-07-25,3호선,압구정,30931,33209
2022-07-25,3호선,옥수,8785,9013
2022-07-25,3호선,금호,7656,7085
2022-07-25,3호선,약수,12786,12369
2022-07-25,3호선,동대입구,6996,7703
2022-07-25,3호선,충무로,3,0
2022-07-25,3호선,을지로3가,10975,11155
2022-07-25,3호선,종로3가,10219,12057
2022-07-25,3호선,안국,22291,22333
2022-07-25,3호선,경복궁,20833,21417
2022-07-25,3호선,독립문,6671,6658
2022-07-25,3호선,무악재,4063,3906
2022-07-25,3호선,홍제,17356,16256
2022-07-25,3호선,녹번,15749,14082
2022-07-25,3호선,불광,16190,17336
2022-07-25,3호선,연신내,36359,34187
2022-07-25,3호선,구파발,21530,20905
2022-07-25,3호선,지축,5380,5100
2022-07-26,3호선,압구정,33195,35732
2022-07-26,3호선,옥수,8860,9068
2022-07-26,3호선,금호,7789,7143
2022-07-26,3호선,약수,13072,12628
2022-07-26,3호선,동대입구,11029,11659
2022-07-26,3호선,을지로3가,11144,11433
2022-07-26,3호선,종로3가,10517,12321
2022-07-26,3호선,안국,22585,23744
2022-07-26,3호선,경복궁,19288,19150
2022-07-26,3호선,독립문,6988,7124
2022-07-26,3호선,무악재,4160,3973
2022-07-26,3호선,홍제,17500,16304
2022-07-26,3호선,녹번,15732,14084
2022-07-26,3호선,불광,16364,17654
2022-07-26,3호선,연신내,36149,34105
2022-07-26,3호선,구파발,21683,21091
2022-07-26,3호선,지축,5414,5090
2022-07-26,3호선,신사,30212,31404
2022-07-26,3호선,잠원,4819,4670
2022-07-26,3호선,고속터미널,42291,39866
2022-07-26,3호선,교대,14286,9538
2022-07-26,3호선,남부터미널,29970,30370
2022-07-26,3호선,양재,37601,41296
2022-07-26,3호선,매봉,12902,12300
2022-07-26,3호선,도곡,5153,5061
2022-07-26,3호선,대치,12393,12031
2022-07-26,3호선,학여울,1730,1695
2022-07-26,3호선,대청,10057,9336
2022-07-26,3호선,일원,10474,10158
2022-07-26,3호선,수서,16984,17386
2022-07-26,3호선,가락시장,9025,8775
2022-07-26,3호선,경찰병원,7546,7504
2022-07-26,3호선,오금,6417,5756
2022-07-27,3호선,오금,6196,5604
2022-07-27,3호선,경찰병원,7475,7515
2022-07-27,3호선,가락시장,8922,8633
2022-07-27,3호선,수서,16949,17462
2022-07-27,3호선,일원,10417,10064
2022-07-27,3호선,대청,9953,9252
2022-07-27,3호선,학여울,1715,1671
2022-07-27,3호선,대치,11834,11694
2022-07-27,3호선,도곡,4995,5086
2022-07-27,3호선,매봉,12771,12184
2022-07-27,3호선,양재,37374,40670
2022-07-27,3호선,남부터미널,29985,30525
2022-07-27,3호선,교대,14245,9324
2022-07-27,3호선,고속터미널,42389,40482
2022-07-27,3호선,잠원,4695,4566
2022-07-27,3호선,신사,29490,30949
2022-07-27,3호선,압구정,33193,35645
2022-07-27,3호선,옥수,8857,9065
2022-07-27,3호선,금호,7882,7187
2022-07-27,3호선,약수,12953,12597
2022-07-27,3호선,동대입구,10848,11221
2022-07-27,3호선,충무로,2,0
2022-07-27,3호선,을지로3가,11310,11588
2022-07-27,3호선,종로3가,10782,12495
2022-07-27,3호선,안국,23438,24113
2022-07-27,3호선,경복궁,21560,22313
2022-07-27,3호선,독립문,7089,7147
2022-07-27,3호선,무악재,4034,3861
2022-07-27,3호선,홍제,17415,16257
2022-07-27,3호선,녹번,15448,13651
2022-07-27,3호선,불광,16456,17560
2022-07-27,3호선,연신내,36268,33977
2022-07-27,3호선,구파발,21489,21062
2022-07-27,3호선,지축,5209,4904
2022-07-28,3호선,지축,5145,4843
2022-07-28,3호선,구파발,21683,20911
2022-07-28,3호선,연신내,35536,33790
2022-07-28,3호선,불광,16051,17141
2022-07-28,3호선,녹번,15555,13722
2022-07-28,3호선,홍제,17330,16123
2022-07-28,3호선,무악재,4057,3844
2022-07-28,3호선,독립문,7040,7200
2022-07-28,3호선,경복궁,20660,21306
2022-07-28,3호선,안국,23240,23776
2022-07-28,3호선,종로3가,10644,12545
2022-07-28,3호선,을지로3가,10989,11128
2022-07-28,3호선,동대입구,11404,12023
2022-07-28,3호선,약수,12870,12274
2022-07-28,3호선,금호,7685,6946
2022-07-28,3호선,옥수,8760,8985
2022-07-28,3호선,압구정,32124,34874
2022-07-28,3호선,신사,29366,31402
2022-07-28,3호선,잠원,4626,4444
2022-07-28,3호선,고속터미널,43552,42517
2022-07-28,3호선,교대,14318,9437
2022-07-28,3호선,남부터미널,29595,30319
2022-07-28,3호선,양재,37036,41021
2022-07-28,3호선,매봉,12555,12094
2022-07-28,3호선,도곡,5095,5081
2022-07-28,3호선,대치,11803,11510
2022-07-28,3호선,학여울,1652,1645
2022-07-28,3호선,대청,9796,9092
2022-07-28,3호선,일원,10456,10111
2022-07-28,3호선,수서,17096,17140
2022-07-28,3호선,가락시장,8979,8533
2022-07-28,3호선,경찰병원,7433,7362
2022-07-28,3호선,오금,6266,5655
2022-07-29,3호선,지축,4999,4621
2022-07-29,3호선,구파발,21715,20937
2022-07-29,3호선,연신내,36293,34316
2022-07-29,3호선,불광,16077,17017
2022-07-29,3호선,녹번,15653,13349
2022-07-29,3호선,홍제,17314,15931
2022-07-29,3호선,무악재,4096,3791
2022-07-29,3호선,독립문,7000,7080
2022-07-29,3호선,경복궁,21551,21571
2022-07-29,3호선,안국,22867,23261
2022-07-29,3호선,종로3가,10713,13109
2022-07-29,3호선,을지로3가,11345,11712
2022-07-29,3호선,동대입구,7960,8331
2022-07-29,3호선,약수,13248,12621
2022-07-29,3호선,금호,7845,7143
2022-07-29,3호선,옥수,8880,8927
2022-07-29,3호선,압구정,33578,36976
2022-07-29,3호선,신사,30568,33388
2022-07-29,3호선,잠원,4671,4452
2022-07-29,3호선,고속터미널,51448,54259
2022-07-29,3호선,교대,13997,9036
2022-07-29,3호선,남부터미널,31415,32529
2022-07-29,3호선,양재,37796,40165
2022-07-29,3호선,매봉,12567,11926
2022-07-29,3호선,도곡,4948,5029
2022-07-29,3호선,대치,12217,11855
2022-07-29,3호선,학여울,1765,1746
2022-07-29,3호선,대청,9702,8955
2022-07-29,3호선,일원,10216,9477
2022-07-29,3호선,수서,18403,18438
2022-07-29,3호선,가락시장,8955,8780
2022-07-29,3호선,경찰병원,7298,7198
2022-07-29,3호선,오금,6308,5586
2022-07-30,3호선,오금,3354,3241
2022-07-30,3호선,지축,3215,3012
2022-07-30,3호선,구파발,15162,15433
2022-07-30,3호선,연신내,27231,25064
2022-07-30,3호선,불광,11739,13177
2022-07-30,3호선,녹번,9587,8088
2022-07-30,3호선,홍제,12303,10885
2022-07-30,3호선,무악재,2507,2519
2022-07-30,3호선,독립문,5182,5070
2022-07-30,3호선,경복궁,15002,15999
2022-07-30,3호선,안국,14979,16073
2022-07-30,3호선,경찰병원,3684,3594
2022-07-30,3호선,종로3가,5670,8063
2022-07-30,3호선,을지로3가,5011,5055
2022-07-30,3호선,동대입구,5983,6712
2022-07-30,3호선,약수,8416,7807
2022-07-30,3호선,금호,5153,4606
2022-07-30,3호선,옥수,6391,6007
2022-07-30,3호선,압구정,22646,24410
2022-07-30,3호선,신사,21108,22070
2022-07-30,3호선,잠원,3002,2835
2022-07-30,3호선,고속터미널,50633,52156
2022-07-30,3호선,교대,6320,4076
2022-07-30,3호선,남부터미널,19898,19737
2022-07-30,3호선,양재,16441,18010
2022-07-30,3호선,매봉,5520,5368
2022-07-30,3호선,도곡,2671,2657
2022-07-30,3호선,대치,10108,8929
2022-07-30,3호선,학여울,2544,2584
2022-07-30,3호선,대청,5293,4901
2022-07-30,3호선,일원,4607,4245
2022-07-30,3호선,수서,12482,12703
2022-07-30,3호선,가락시장,5475,5027
2022-07-31,3호선,대청,3727,3758
2022-07-31,3호선,오금,2402,2474
2022-07-31,3호선,경찰병원,2512,2645
2022-07-31,3호선,가락시장,3192,3431
2022-07-31,3호선,수서,9856,10111
2022-07-31,3호선,일원,3214,3292
2022-07-31,3호선,학여울,1661,1738
2022-07-31,3호선,대치,7135,6108
2022-07-31,3호선,도곡,1680,1690
2022-07-31,3호선,매봉,3685,3674
2022-07-31,3호선,양재,10858,13041
2022-07-31,3호선,남부터미널,14414,14081
2022-07-31,3호선,교대,4064,2616
2022-07-31,3호선,고속터미널,43773,39029
2022-07-31,3호선,잠원,1789,1935
2022-07-31,3호선,신사,11632,11672
2022-07-31,3호선,압구정,13354,14185
2022-07-31,3호선,옥수,4244,4521
2022-07-31,3호선,금호,3632,3558
2022-07-31,3호선,약수,6146,5980
2022-07-31,3호선,동대입구,4951,5235
2022-07-31,3호선,충무로,1,0
2022-07-31,3호선,을지로3가,3494,3073
2022-07-31,3호선,종로3가,3804,5035
2022-07-31,3호선,안국,11466,11006
2022-07-31,3호선,경복궁,11347,12249
2022-07-31,3호선,독립문,3794,3893
2022-07-31,3호선,무악재,1653,1786
2022-07-31,3호선,홍제,8012,7886
2022-07-31,3호선,녹번,6430,5784
2022-07-31,3호선,불광,8427,9228
2022-07-31,3호선,연신내,18571,17794
2022-07-31,3호선,구파발,10764,11241
2022-07-31,3호선,지축,2244,2046
2022-08-01,3호선,지축,4631,4455
2022-08-01,3호선,구파발,19112,18705
2022-08-01,3호선,연신내,32569,31103
2022-08-01,3호선,불광,14538,15676
2022-08-01,3호선,녹번,13869,12472
2022-08-01,3호선,홍제,15604,14718
2022-08-01,3호선,무악재,3580,3506
2022-08-01,3호선,독립문,6000,5864
2022-08-01,3호선,경복궁,20114,21554
2022-08-01,3호선,안국,20314,20441
2022-08-01,3호선,종로3가,5299,6779
2022-08-01,3호선,을지로3가,9666,9645
2022-08-01,3호선,충무로,2,0
2022-08-01,3호선,동대입구,6927,7459
2022-08-01,3호선,약수,11993,11453
2022-08-01,3호선,금호,7316,6589
2022-08-01,3호선,옥수,7829,8195
2022-08-01,3호선,압구정,27888,29979
2022-08-01,3호선,신사,27151,28385
2022-08-01,3호선,잠원,4433,4286
2022-08-01,3호선,고속터미널,42513,39733
2022-08-01,3호선,교대,12470,8239
2022-08-01,3호선,남부터미널,27586,27845
2022-08-01,3호선,양재,33386,37028
2022-08-01,3호선,매봉,11502,11039
2022-08-01,3호선,도곡,4777,4745
2022-08-01,3호선,대치,11080,10878
2022-08-01,3호선,학여울,1604,1650
2022-08-01,3호선,대청,9164,8774
2022-08-01,3호선,일원,9907,9671
2022-08-01,3호선,수서,15879,16263
2022-08-01,3호선,가락시장,8360,8079
2022-08-01,3호선,경찰병원,7001,6934
2022-08-01,3호선,오금,6264,5263
2022-08-02,3호선,오금,5875,5447
2022-08-02,3호선,경찰병원,6963,7078
2022-08-02,3호선,가락시장,8208,8139
2022-08-02,3호선,수서,15968,16410
2022-08-02,3호선,일원,10137,9849
2022-08-02,3호선,대청,9229,8749
2022-08-02,3호선,학여울,1566,1663
2022-08-02,3호선,대치,11514,11232
2022-08-02,3호선,도곡,4737,4927
2022-08-02,3호선,매봉,12041,11370
2022-08-02,3호선,양재,34549,37130
2022-08-02,3호선,남부터미널,28706,28976
2022-08-02,3호선,교대,12811,8490
2022-08-02,3호선,고속터미널,41650,39054
2022-08-02,3호선,잠원,4466,4402
2022-08-02,3호선,신사,27969,29104
2022-08-02,3호선,압구정,30582,32403
2022-08-02,3호선,옥수,7971,8422
2022-08-02,3호선,금호,7170,6845
2022-08-02,3호선,약수,11820,11599
2022-08-02,3호선,동대입구,7665,8130
2022-08-02,3호선,을지로3가,9946,9553
2022-08-02,3호선,종로3가,5481,6722
2022-08-02,3호선,안국,21485,21508
2022-08-02,3호선,경복궁,18351,17895
2022-08-02,3호선,독립문,6779,6731
2022-08-02,3호선,무악재,3630,3610
2022-08-02,3호선,홍제,15527,14969
2022-08-02,3호선,녹번,13912,12704
2022-08-02,3호선,불광,14344,15358
2022-08-02,3호선,연신내,32471,30748
2022-08-02,3호선,구파발,19138,18689
2022-08-02,3호선,지축,4647,4434
2022-08-03,3호선,오금,5870,5216
2022-08-03,3호선,경찰병원,7165,7268
2022-08-03,3호선,가락시장,8326,7987
2022-08-03,3호선,수서,15906,16213
2022-08-03,3호선,일원,10099,9729
2022-08-03,3호선,대청,9264,8822
2022-08-03,3호선,학여울,1731,1800
2022-08-03,3호선,대치,11230,10991
2022-08-03,3호선,도곡,4696,4720
2022-08-03,3호선,매봉,11702,11395
2022-08-03,3호선,양재,34301,37470
2022-08-03,3호선,남부터미널,28243,28887
2022-08-03,3호선,교대,12946,8606
2022-08-03,3호선,고속터미널,41136,39470
2022-08-03,3호선,잠원,4450,4251
2022-08-03,3호선,신사,27707,29149
2022-08-03,3호선,압구정,30457,32527
2022-08-03,3호선,옥수,8316,8563
2022-08-03,3호선,금호,7500,6819
2022-08-03,3호선,약수,11992,11544
2022-08-03,3호선,동대입구,7656,8233
2022-08-03,3호선,을지로3가,10079,10169
2022-08-03,3호선,종로3가,6114,7252
2022-08-03,3호선,안국,21575,21981
2022-08-03,3호선,경복궁,19886,20479
2022-08-03,3호선,독립문,6606,6535
2022-08-03,3호선,무악재,3681,3501
2022-08-03,3호선,홍제,15751,14751
2022-08-03,3호선,녹번,14062,12590
2022-08-03,3호선,불광,14644,15817
2022-08-03,3호선,연신내,32722,31124
2022-08-03,3호선,구파발,19496,18869
2022-08-03,3호선,지축,4706,4575
2022-08-04,3호선,오금,5945,5484
2022-08-04,3호선,지축,5036,4803
2022-08-04,3호선,구파발,20976,20197
2022-08-04,3호선,연신내,34656,33068
2022-08-04,3호선,불광,15721,16940
2022-08-04,3호선,녹번,14873,13191
2022-08-04,3호선,홍제,16746,15733
2022-08-04,3호선,무악재,3908,3855
2022-08-04,3호선,독립문,6929,6965
2022-08-04,3호선,경복궁,20746,21427
2022-08-04,3호선,안국,22386,22783
2022-08-04,3호선,종로3가,10477,12285
2022-08-04,3호선,을지로3가,11032,10835
2022-08-04,3호선,충무로,1,0
2022-08-04,3호선,동대입구,7942,8413
2022-08-04,3호선,약수,12483,12060
2022-08-04,3호선,금호,7757,7202
2022-08-04,3호선,옥수,8599,8904
2022-08-04,3호선,압구정,31166,33786
2022-08-04,3호선,신사,28759,30171
2022-08-04,3호선,잠원,4675,4560
2022-08-04,3호선,고속터미널,42137,40875
2022-08-04,3호선,교대,13383,8882
2022-08-04,3호선,남부터미널,27939,28536
2022-08-04,3호선,양재,35190,38547
2022-08-04,3호선,매봉,12290,11795
2022-08-04,3호선,도곡,4915,4930
2022-08-04,3호선,대치,11657,11424
2022-08-04,3호선,학여울,2055,2132
2022-08-04,3호선,대청,9654,8915
2022-08-04,3호선,일원,10246,9914
2022-08-04,3호선,수서,16116,16714
2022-08-04,3호선,가락시장,8679,8549
2022-08-04,3호선,경찰병원,7211,7217
2022-08-05,3호선,오금,6210,5508
2022-08-05,3호선,경찰병원,7411,7399
2022-08-05,3호선,가락시장,9022,8449
2022-08-05,3호선,수서,17628,17761
2022-08-05,3호선,일원,9902,9393
2022-08-05,3호선,대청,9703,9042
2022-08-05,3호선,학여울,2219,2201
2022-08-05,3호선,대치,12295,11923
2022-08-05,3호선,도곡,5074,4983
2022-08-05,3호선,매봉,12278,11876
2022-08-05,3호선,양재,36148,38476
2022-08-05,3호선,남부터미널,29153,29881
2022-08-05,3호선,교대,13574,8876
2022-08-05,3호선,고속터미널,47813,49568
2022-08-05,3호선,잠원,4707,4585
2022-08-05,3호선,신사,30046,32551
2022-08-05,3호선,압구정,33149,35733
2022-08-05,3호선,옥수,8929,9084
2022-08-05,3호선,금호,7889,7281
2022-08-05,3호선,약수,12820,12285
2022-08-05,3호선,동대입구,7971,8377
2022-08-05,3호선,충무로,1,0
2022-08-05,3호선,을지로3가,11182,11444
2022-08-05,3호선,종로3가,10691,12866
2022-08-05,3호선,안국,22482,22896
2022-08-05,3호선,경복궁,20462,20677
2022-08-05,3호선,독립문,6778,6687
2022-08-05,3호선,무악재,3894,3748
2022-08-05,3호선,홍제,17058,15894
2022-08-05,3호선,녹번,15061,13191
2022-08-05,3호선,불광,15660,16879
2022-08-05,3호선,연신내,35545,33769
2022-08-05,3호선,구파발,20853,20055
2022-08-05,3호선,지축,5061,4707
2022-08-06,3호선,지축,3410,3129
2022-08-06,3호선,구파발,14868,15259
2022-08-06,3호선,연신내,27213,25277
2022-08-06,3호선,불광,11700,13352
2022-08-06,3호선,녹번,9776,8271
2022-08-06,3호선,홍제,11956,11101
2022-08-06,3호선,무악재,2520,2504
2022-08-06,3호선,독립문,5219,5187
2022-08-06,3호선,경복궁,15332,16695
2022-08-06,3호선,안국,14083,15284
2022-08-06,3호선,종로3가,5711,7944
2022-08-06,3호선,을지로3가,4764,4748
2022-08-06,3호선,충무로,3,0
2022-08-06,3호선,동대입구,6048,6796
2022-08-06,3호선,약수,8581,8104
2022-08-06,3호선,금호,5184,4664
2022-08-06,3호선,옥수,6191,6269
2022-08-06,3호선,압구정,22344,24051
2022-08-06,3호선,신사,20504,21701
2022-08-06,3호선,잠원,2938,2810
2022-08-06,3호선,고속터미널,46662,47100
2022-08-06,3호선,교대,6478,4000
2022-08-06,3호선,남부터미널,18752,18580
2022-08-06,3호선,양재,16640,18044
2022-08-06,3호선,매봉,5448,5422
2022-08-06,3호선,도곡,2802,2664
2022-08-06,3호선,대치,11024,9590
2022-08-06,3호선,학여울,1374,1438
2022-08-06,3호선,대청,5374,5008
2022-08-06,3호선,일원,4864,4704
2022-08-06,3호선,수서,12766,12676
2022-08-06,3호선,가락시장,5081,4926
2022-08-06,3호선,경찰병원,3802,3664
2022-08-06,3호선,오금,3463,3222
2022-08-07,3호선,지축,2428,2353
2022-08-07,3호선,구파발,11109,11493
2022-08-07,3호선,연신내,19773,18790
2022-08-07,3호선,불광,8836,10041
2022-08-07,3호선,녹번,6680,6113
2022-08-07,3호선,홍제,8352,8007
2022-08-07,3호선,무악재,1733,1800
2022-08-07,3호선,독립문,3740,3888
2022-08-07,3호선,경복궁,11358,13080
2022-08-07,3호선,안국,10634,10868
2022-08-07,3호선,종로3가,3844,5063
2022-08-07,3호선,을지로3가,3408,2955
2022-08-07,3호선,동대입구,4670,5154
2022-08-07,3호선,약수,6410,6255
2022-08-07,3호선,금호,3971,3704
2022-08-07,3호선,옥수,4530,4853
2022-08-07,3호선,압구정,12818,13453
2022-08-07,3호선,신사,11905,12188
2022-08-07,3호선,잠원,2010,2040
2022-08-07,3호선,고속터미널,40409,37537
2022-08-07,3호선,교대,3954,2535
2022-08-07,3호선,남부터미널,13971,14147
2022-08-07,3호선,양재,11685,13594
2022-08-07,3호선,매봉,3731,3814
2022-08-07,3호선,도곡,1671,1771
2022-08-07,3호선,대치,7187,6123
2022-08-07,3호선,학여울,959,973
2022-08-07,3호선,대청,3941,3897
2022-08-07,3호선,일원,3573,3724
2022-08-07,3호선,수서,9997,10259
2022-08-07,3호선,가락시장,3400,3562
2022-08-07,3호선,경찰병원,2616,2692
2022-08-07,3호선,오금,2613,2560
2022-08-08,3호선,지축,4706,4637
2022-08-08,3호선,구파발,18713,18195
2022-08-08,3호선,연신내,31703,30142
2022-08-08,3호선,불광,14164,15109
2022-08-08,3호선,녹번,14152,13169
2022-08-08,3호선,홍제,15427,15099
2022-08-08,3호선,무악재,3530,3749
2022-08-08,3호선,독립문,5590,5824
2022-08-08,3호선,경복궁,18023,18017
2022-08-08,3호선,안국,18860,18372
2022-08-08,3호선,종로3가,10153,11228
2022-08-08,3호선,을지로3가,11330,10650
2022-08-08,3호선,동대입구,7106,7216
2022-08-08,3호선,약수,11622,11473
2022-08-08,3호선,금호,7089,6849
2022-08-08,3호선,옥수,8041,8609
2022-08-08,3호선,압구정,31030,32887
2022-08-08,3호선,신사,28544,28105
2022-08-08,3호선,잠원,4504,4679
2022-08-08,3호선,고속터미널,38079,35543
2022-08-08,3호선,교대,14096,9216
2022-08-08,3호선,남부터미널,28896,28639
2022-08-08,3호선,양재,36626,38624
2022-08-08,3호선,매봉,12383,11722
2022-08-08,3호선,도곡,5255,5253
2022-08-08,3호선,대치,12113,11607
2022-08-08,3호선,학여울,1933,2017
2022-08-08,3호선,대청,9628,9223
2022-08-08,3호선,일원,10400,10342
2022-08-08,3호선,수서,16935,17208
2022-08-08,3호선,가락시장,8313,8343
2022-08-08,3호선,경찰병원,7300,7458
2022-08-08,3호선,오금,5804,5507
2022-08-09,3호선,지축,4467,4280
2022-08-09,3호선,구파발,19340,20203
2022-08-09,3호선,연신내,30749,29543
2022-08-09,3호선,불광,13911,14968
2022-08-09,3호선,녹번,13558,12734
2022-08-09,3호선,홍제,14815,14539
2022-08-09,3호선,무악재,3444,3713
2022-08-09,3호선,독립문,5750,6320
2022-08-09,3호선,경복궁,16320,16285
2022-08-09,3호선,안국,17606,17918
2022-08-09,3호선,종로3가,9910,10660
2022-08-09,3호선,을지로3가,10640,10244
2022-08-09,3호선,충무로,1,0
2022-08-09,3호선,동대입구,7236,7511
2022-08-09,3호선,약수,11331,11099
2022-08-09,3호선,금호,7030,6694
2022-08-09,3호선,옥수,7815,8237
2022-08-09,3호선,압구정,29274,30920
2022-08-09,3호선,신사,25158,25402
2022-08-09,3호선,잠원,4379,4368
2022-08-09,3호선,고속터미널,35817,35185
2022-08-09,3호선,교대,13270,8182
2022-08-09,3호선,남부터미널,26709,26505
2022-08-09,3호선,양재,34045,35366
2022-08-09,3호선,매봉,11746,11241
2022-08-09,3호선,도곡,5052,4977
2022-08-09,3호선,대치,9874,9484
2022-08-09,3호선,학여울,1778,1817
2022-08-09,3호선,대청,8986,8460
2022-08-09,3호선,일원,10167,10009
2022-08-09,3호선,수서,15751,16053
2022-08-09,3호선,가락시장,7895,7778
2022-08-09,3호선,경찰병원,7045,7076
2022-08-09,3호선,오금,5726,5232
2022-08-10,3호선,구파발,20233,19754
2022-08-10,3호선,연신내,35033,33403
2022-08-10,3호선,불광,16139,17268
2022-08-10,3호선,녹번,15132,13828
2022-08-10,3호선,홍제,16896,16057
2022-08-10,3호선,무악재,3814,3814
2022-08-10,3호선,독립문,6694,6829
2022-08-10,3호선,경복궁,20365,20481
2022-08-10,3호선,안국,20342,20982
2022-08-10,3호선,종로3가,10619,12095
2022-08-10,3호선,을지로3가,11139,11171
2022-08-10,3호선,동대입구,8144,8828
2022-08-10,3호선,약수,12627,12174
2022-08-10,3호선,금호,7914,7324
2022-08-10,3호선,옥수,8881,9331
2022-08-10,3호선,압구정,32371,34507
2022-08-10,3호선,신사,27873,29007
2022-08-10,3호선,잠원,4951,4806
2022-08-10,3호선,고속터미널,38005,36689
2022-08-10,3호선,교대,14944,9614
2022-08-10,3호선,남부터미널,28763,29030
2022-08-10,3호선,양재,36235,39473
2022-08-10,3호선,매봉,12675,12201
2022-08-10,3호선,도곡,5074,5085
2022-08-10,3호선,대치,11580,11259
2022-08-10,3호선,학여울,1777,1769
2022-08-10,3호선,대청,9886,9255
2022-08-10,3호선,일원,10653,10228
2022-08-10,3호선,수서,16782,16808
2022-08-10,3호선,가락시장,8872,8684
2022-08-10,3호선,경찰병원,7452,7562
2022-08-10,3호선,오금,6044,5440
2022-08-10,3호선,지축,5128,4874
2022-08-11,3호선,양재,37109,40298
2022-08-11,3호선,매봉,12610,12217
2022-08-11,3호선,도곡,5177,5214
2022-08-11,3호선,대치,11823,11601
2022-08-11,3호선,학여울,1753,1818
2022-08-11,3호선,대청,9619,9034
2022-08-11,3호선,일원,10658,10297
2022-08-11,3호선,수서,16471,16869
2022-08-11,3호선,가락시장,8656,8581
2022-08-11,3호선,경찰병원,7237,7330
2022-08-11,3호선,오금,6169,5463
2022-08-11,3호선,홍제,16725,15585
2022-08-11,3호선,무악재,3759,3783
2022-08-11,3호선,독립문,6580,6617
2022-08-11,3호선,경복궁,19585,20111
2022-08-11,3호선,안국,19946,20961
2022-08-11,3호선,종로3가,10385,12021
2022-08-11,3호선,을지로3가,10772,11128
2022-08-11,3호선,동대입구,7902,8455
2022-08-11,3호선,약수,12324,12002
2022-08-11,3호선,금호,7757,7147
2022-08-11,3호선,옥수,8690,8882
2022-08-11,3호선,압구정,31720,33999
2022-08-11,3호선,지축,5097,4845
2022-08-11,3호선,구파발,20161,19434
2022-08-11,3호선,연신내,34268,32456
2022-08-11,3호선,불광,15530,16773
2022-08-11,3호선,녹번,15238,13512
2022-08-11,3호선,신사,28587,30199
2022-08-11,3호선,잠원,4813,4514
2022-08-11,3호선,고속터미널,38889,38530
2022-08-11,3호선,교대,15039,9753
2022-08-11,3호선,남부터미널,29049,29721
2022-08-12,3호선,지축,5384,5005
2022-08-12,3호선,구파발,22283,21769
2022-08-12,3호선,연신내,37420,35170
2022-08-12,3호선,불광,16618,17596
2022-08-12,3호선,녹번,15603,13681
2022-08-12,3호선,홍제,17961,16600
2022-08-12,3호선,무악재,4029,3841
2022-08-12,3호선,독립문,7354,7280
2022-08-12,3호선,경복궁,22175,22681
2022-08-12,3호선,안국,23324,24095
2022-08-12,3호선,종로3가,11007,13495
2022-08-12,3호선,을지로3가,11326,11563
2022-08-12,3호선,동대입구,8149,8725
2022-08-12,3호선,약수,13189,12759
2022-08-12,3호선,금호,8135,7402
2022-08-12,3호선,옥수,9410,9378
2022-08-12,3호선,압구정,34739,37685
2022-08-12,3호선,신사,31677,34201
2022-08-12,3호선,잠원,5128,4797
2022-08-12,3호선,고속터미널,49458,56009
2022-08-12,3호선,교대,15178,9773
2022-08-12,3호선,남부터미널,32958,34297
2022-08-12,3호선,양재,39282,41828
2022-08-12,3호선,매봉,12803,11995
2022-08-12,3호선,도곡,5419,5311
2022-08-12,3호선,대치,12708,12319
2022-08-12,3호선,학여울,1952,1841
2022-08-12,3호선,대청,10038,9433
2022-08-12,3호선,일원,10854,9943
2022-08-12,3호선,수서,18407,18712
2022-08-12,3호선,가락시장,9401,9154
2022-08-12,3호선,경찰병원,7489,7438
2022-08-12,3호선,오금,6242,5552
2022-08-13,3호선,오금,3248,3078
2022-08-13,3호선,경찰병원,3749,3524
2022-08-13,3호선,가락시장,5501,5050
2022-08-13,3호선,수서,12760,12885
2022-08-13,3호선,일원,4586,4373
2022-08-13,3호선,대청,5425,4824
2022-08-13,3호선,학여울,1070,1010
2022-08-13,3호선,대치,10234,8843
2022-08-13,3호선,도곡,2770,2670
2022-08-13,3호선,매봉,5402,5207
2022-08-13,3호선,양재,16226,17676
2022-08-13,3호선,남부터미널,19924,20677
2022-08-13,3호선,교대,6222,3886
2022-08-13,3호선,고속터미널,45824,52480
2022-08-13,3호선,잠원,3126,2918
2022-08-13,3호선,신사,20000,21340
2022-08-13,3호선,압구정,22820,24096
2022-08-13,3호선,옥수,5905,5783
2022-08-13,3호선,금호,5238,4714
2022-08-13,3호선,약수,8425,7753
2022-08-13,3호선,동대입구,8395,9262
2022-08-13,3호선,충무로,1,0
2022-08-13,3호선,을지로3가,4467,4679
2022-08-13,3호선,종로3가,5554,7819
2022-08-13,3호선,안국,12678,14380
2022-08-13,3호선,경복궁,13159,14018
2022-08-13,3호선,독립문,5305,5175
2022-08-13,3호선,무악재,2549,2451
2022-08-13,3호선,홍제,11536,10731
2022-08-13,3호선,녹번,9316,7873
2022-08-13,3호선,불광,11110,12017
2022-08-13,3호선,연신내,26309,24250
2022-08-13,3호선,구파발,14153,14474
2022-08-13,3호선,지축,3289,2940
2022-08-14,3호선,연신내,20941,20041
2022-08-14,3호선,구파발,11566,12132
2022-08-14,3호선,지축,2561,2355
2022-08-14,3호선,불광,9275,10415
2022-08-14,3호선,녹번,7186,6330
2022-08-14,3호선,홍제,8899,8439
2022-08-14,3호선,무악재,1790,1773
2022-08-14,3호선,독립문,5246,5374
2022-08-14,3호선,경복궁,13976,16171
2022-08-14,3호선,안국,13200,13273
2022-08-14,3호선,종로3가,4212,6218
2022-08-14,3호선,을지로3가,3559,3618
2022-08-14,3호선,동대입구,7039,7643
2022-08-14,3호선,약수,6523,6347
2022-08-14,3호선,금호,4106,3734
2022-08-14,3호선,옥수,4632,4786
2022-08-14,3호선,압구정,14133,14982
2022-08-14,3호선,신사,11791,12574
2022-08-14,3호선,잠원,2049,1978
2022-08-14,3호선,고속터미널,37298,36876
2022-08-14,3호선,교대,4271,2560
2022-08-14,3호선,남부터미널,14225,14133
2022-08-14,3호선,양재,11558,12820
2022-08-14,3호선,매봉,3921,3895
2022-08-14,3호선,도곡,1726,1734
2022-08-14,3호선,대치,6883,5887
2022-08-14,3호선,학여울,809,840
2022-08-14,3호선,대청,3864,3729
2022-08-14,3호선,일원,3377,3333
2022-08-14,3호선,수서,10180,10120
2022-08-14,3호선,가락시장,3377,3539
2022-08-14,3호선,경찰병원,2656,2619
2022-08-14,3호선,오금,2453,2570
2022-08-15,3호선,오금,2441,2390
2022-08-15,3호선,경찰병원,2580,2799
2022-08-15,3호선,가락시장,4095,4132
2022-08-15,3호선,수서,10399,9875
2022-08-15,3호선,일원,3233,3430
2022-08-15,3호선,대청,4107,4165
2022-08-15,3호선,학여울,659,682
2022-08-15,3호선,대치,6197,5699
2022-08-15,3호선,도곡,1818,1833
2022-08-15,3호선,매봉,4073,4136
2022-08-15,3호선,양재,10894,13071
2022-08-15,3호선,남부터미널,14281,13292
2022-08-15,3호선,교대,4234,2739
2022-08-15,3호선,고속터미널,44443,35735
2022-08-15,3호선,잠원,2166,2156
2022-08-15,3호선,신사,11749,12021
2022-08-15,3호선,압구정,13503,14291
2022-08-15,3호선,옥수,4650,4860
2022-08-15,3호선,금호,3854,3790
2022-08-15,3호선,약수,6141,6140
2022-08-15,3호선,동대입구,4568,4961
2022-08-15,3호선,을지로3가,3552,3266
2022-08-15,3호선,종로3가,4349,5581
2022-08-15,3호선,안국,11665,11577
2022-08-15,3호선,경복궁,14283,15750
2022-08-15,3호선,독립문,5904,6155
2022-08-15,3호선,무악재,1864,1939
2022-08-15,3호선,홍제,8730,8639
2022-08-15,3호선,녹번,6850,6385
2022-08-15,3호선,연신내,20114,19486
2022-08-15,3호선,구파발,10774,11342
2022-08-15,3호선,지축,2581,2371
2022-08-15,3호선,불광,8833,9862
2022-08-16,3호선,지축,5287,5152
2022-08-16,3호선,구파발,20834,20311
2022-08-16,3호선,연신내,35657,33934
2022-08-16,3호선,불광,15915,16996
2022-08-16,3호선,녹번,15217,13739
2022-08-16,3호선,홍제,17061,16106
2022-08-16,3호선,무악재,3917,3894
2022-08-16,3호선,독립문,6713,6961
2022-08-16,3호선,경복궁,19145,19176
2022-08-16,3호선,안국,21448,22168
2022-08-16,3호선,종로3가,10251,12102
2022-08-16,3호선,을지로3가,10904,10858
2022-08-16,3호선,동대입구,7424,8045
2022-08-16,3호선,약수,12609,12212
2022-08-16,3호선,금호,7713,7138
2022-08-16,3호선,옥수,8717,9104
2022-08-16,3호선,압구정,32508,34827
2022-08-16,3호선,신사,28965,30476
2022-08-16,3호선,잠원,4811,4667
2022-08-16,3호선,고속터미널,42803,38857
2022-08-16,3호선,교대,14507,9621
2022-08-16,3호선,남부터미널,29061,29280
2022-08-16,3호선,양재,35999,39416
2022-08-16,3호선,매봉,12443,12016
2022-08-16,3호선,도곡,5090,5101
2022-08-16,3호선,대치,11273,11142
2022-08-16,3호선,학여울,1792,1828
2022-08-16,3호선,대청,10094,9723
2022-08-16,3호선,일원,10747,10344
2022-08-16,3호선,수서,16581,17096
2022-08-16,3호선,가락시장,8884,8715
2022-08-16,3호선,경찰병원,7300,7410
2022-08-16,3호선,오금,6104,5594
2022-08-17,3호선,오금,6180,5634
2022-08-17,3호선,경찰병원,7505,7615
2022-08-17,3호선,가락시장,9078,8917
2022-08-17,3호선,수서,16977,17479
2022-08-17,3호선,일원,11262,10692
2022-08-17,3호선,대청,10642,9898
2022-08-17,3호선,학여울,1980,2020
2022-08-17,3호선,대치,11185,11253
2022-08-17,3호선,도곡,5290,5341
2022-08-17,3호선,매봉,12972,12329
2022-08-17,3호선,양재,37891,41192
2022-08-17,3호선,남부터미널,29302,29536
2022-08-17,3호선,교대,15281,9816
2022-08-17,3호선,고속터미널,41499,39535
2022-08-17,3호선,잠원,4941,4686
2022-08-17,3호선,신사,29516,30589
2022-08-17,3호선,압구정,33662,35794
2022-08-17,3호선,옥수,9025,9336
2022-08-17,3호선,금호,7986,7384
2022-08-17,3호선,약수,13129,12517
2022-08-17,3호선,동대입구,7977,8511
2022-08-17,3호선,을지로3가,11005,11210
2022-08-17,3호선,종로3가,10402,12014
2022-08-17,3호선,안국,23076,23516
2022-08-17,3호선,경복궁,21290,21688
2022-08-17,3호선,독립문,7268,7390
2022-08-17,3호선,무악재,3975,4011
2022-08-17,3호선,홍제,17418,16290
2022-08-17,3호선,녹번,15558,14024
2022-08-17,3호선,불광,16092,17250
2022-08-17,3호선,연신내,36202,34136
2022-08-17,3호선,구파발,21242,20528
2022-08-17,3호선,지축,5373,5187
2022-08-18,3호선,오금,6316,5716
2022-08-18,3호선,경찰병원,7453,7498
2022-08-18,3호선,가락시장,8956,8951
2022-08-18,3호선,수서,17439,17801
2022-08-18,3호선,일원,11173,10636
2022-08-18,3호선,대청,10686,9895
2022-08-18,3호선,학여울,4026,4332
2022-08-18,3호선,대치,11816,11633
2022-08-18,3호선,도곡,5378,5404
2022-08-18,3호선,매봉,12787,12342
2022-08-18,3호선,양재,38463,42242
2022-08-18,3호선,남부터미널,29892,30441
2022-08-18,3호선,교대,15561,9948
2022-08-18,3호선,고속터미널,41773,40476
2022-08-18,3호선,잠원,5118,4881
2022-08-18,3호선,신사,30278,31552
2022-08-18,3호선,압구정,33338,35791
2022-08-18,3호선,옥수,9300,9519
2022-08-18,3호선,금호,8041,7370
2022-08-18,3호선,약수,13193,12788
2022-08-18,3호선,동대입구,8105,8905
2022-08-18,3호선,을지로3가,11353,11246
2022-08-18,3호선,종로3가,10589,12135
2022-08-18,3호선,안국,23244,24198
2022-08-18,3호선,경복궁,21705,22050
2022-08-18,3호선,독립문,7495,7670
2022-08-18,3호선,무악재,4022,4001
2022-08-18,3호선,홍제,17626,16368
2022-08-18,3호선,녹번,15619,14119
2022-08-18,3호선,불광,16241,17333
2022-08-18,3호선,연신내,36578,34479
2022-08-18,3호선,구파발,21427,20601
2022-08-18,3호선,지축,5431,5200
2022-08-19,3호선,오금,6473,5922
2022-08-19,3호선,경찰병원,7712,7801
2022-08-19,3호선,가락시장,9257,9070
2022-08-19,3호선,수서,19047,19096
2022-08-19,3호선,일원,11011,10474
2022-08-19,3호선,대청,10926,10077
2022-08-19,3호선,학여울,4183,4249
2022-08-19,3호선,대치,12185,12303
2022-08-19,3호선,도곡,5563,5447
2022-08-19,3호선,매봉,12991,12285
2022-08-19,3호선,양재,40414,42346
2022-08-19,3호선,남부터미널,32146,32224
2022-08-19,3호선,교대,15379,9909
2022-08-19,3호선,고속터미널,47583,48533
2022-08-19,3호선,잠원,5089,4931
2022-08-19,3호선,신사,31793,33103
2022-08-19,3호선,압구정,35027,37333
2022-08-19,3호선,옥수,9282,9576
2022-08-19,3호선,금호,7999,7582
2022-08-19,3호선,약수,13158,12765
2022-08-19,3호선,동대입구,8389,8890
2022-08-19,3호선,충무로,2,0
2022-08-19,3호선,을지로3가,11631,11544
2022-08-19,3호선,종로3가,10918,12818
2022-08-19,3호선,안국,24232,23401
2022-08-19,3호선,경복궁,21269,20957
2022-08-19,3호선,독립문,7132,7251
2022-08-19,3호선,무악재,3911,3969
2022-08-19,3호선,홍제,17300,16714
2022-08-19,3호선,녹번,15564,14045
2022-08-19,3호선,불광,15979,16929
2022-08-19,3호선,연신내,36113,34584
2022-08-19,3호선,구파발,20987,20132
2022-08-19,3호선,지축,5263,5100
2022-08-20,3호선,오금,3639,3363
2022-08-20,3호선,경찰병원,4115,3937
2022-08-20,3호선,가락시장,6254,5884
2022-08-20,3호선,수서,13499,13205
2022-08-20,3호선,일원,5097,4828
2022-08-20,3호선,대청,5927,5573
2022-08-20,3호선,학여울,4506,4864
2022-08-20,3호선,대치,11220,9738
2022-08-20,3호선,도곡,3026,3090
2022-08-20,3호선,매봉,6029,5833
2022-08-20,3호선,양재,19701,21715
2022-08-20,3호선,남부터미널,21417,20569
2022-08-20,3호선,교대,7318,4465
2022-08-20,3호선,고속터미널,50219,50578
2022-08-20,3호선,잠원,3374,3255
2022-08-20,3호선,신사,23538,25538
2022-08-20,3호선,압구정,25014,26762
2022-08-20,3호선,옥수,6651,6731
2022-08-20,3호선,금호,5889,5075
2022-08-20,3호선,약수,9136,8559
2022-08-20,3호선,동대입구,7682,8595
2022-08-20,3호선,충무로,1,0
2022-08-20,3호선,을지로3가,5212,5633
2022-08-20,3호선,종로3가,6288,8981
2022-08-20,3호선,안국,16641,18566
2022-08-20,3호선,경복궁,16792,18595
2022-08-20,3호선,독립문,5865,6043
2022-08-20,3호선,무악재,2838,2725
2022-08-20,3호선,홍제,12923,12204
2022-08-20,3호선,녹번,10465,8703
2022-08-20,3호선,불광,12447,13799
2022-08-20,3호선,연신내,29669,26957
2022-08-20,3호선,구파발,16248,16528
2022-08-20,3호선,지축,3712,3466
2022-08-21,3호선,지축,2737,2532
2022-08-21,3호선,구파발,12094,12710
2022-08-21,3호선,연신내,21499,20356
2022-08-21,3호선,불광,9734,10980
2022-08-21,3호선,녹번,7108,6527
2022-08-21,3호선,홍제,9129,8646
2022-08-21,3호선,무악재,1868,1915
2022-08-21,3호선,독립문,4150,4381
2022-08-21,3호선,경복궁,13114,14994
2022-08-21,3호선,안국,11992,12299
2022-08-21,3호선,종로3가,4160,5358
2022-08-21,3호선,을지로3가,3628,3371
2022-08-21,3호선,동대입구,5502,5960
2022-08-21,3호선,약수,6912,6579
2022-08-21,3호선,금호,4119,3864
2022-08-21,3호선,옥수,4817,4994
2022-08-21,3호선,압구정,14859,15382
2022-08-21,3호선,신사,13636,13723
2022-08-21,3호선,잠원,2227,2233
2022-08-21,3호선,고속터미널,41237,39777
2022-08-21,3호선,교대,4484,2718
2022-08-21,3호선,남부터미널,14043,14659
2022-08-21,3호선,양재,13614,15666
2022-08-21,3호선,매봉,4033,3975
2022-08-21,3호선,도곡,1923,2009
2022-08-21,3호선,대치,7452,6264
2022-08-21,3호선,학여울,3281,3596
2022-08-21,3호선,대청,4135,4165
2022-08-21,3호선,일원,3585,3724
2022-08-21,3호선,수서,10690,10741
2022-08-21,3호선,가락시장,3849,3901
2022-08-21,3호선,경찰병원,2918,3023
2022-08-21,3호선,오금,2925,2851
2022-08-22,3호선,오금,6277,5636
2022-08-22,3호선,경찰병원,7525,7772
2022-08-22,3호선,가락시장,8926,8744
2022-08-22,3호선,수서,17288,17485
2022-08-22,3호선,일원,11094,10552
2022-08-22,3호선,대청,10979,10259
2022-08-22,3호선,학여울,1824,1820
2022-08-22,3호선,대치,11212,11523
2022-08-22,3호선,도곡,5264,5440
2022-08-22,3호선,매봉,12593,11849
2022-08-22,3호선,양재,36998,40610
2022-08-22,3호선,남부터미널,28688,29057
2022-08-22,3호선,교대,14764,9695
2022-08-22,3호선,고속터미널,40994,38761
2022-08-22,3호선,잠원,4845,4721
2022-08-22,3호선,신사,28374,29727
2022-08-22,3호선,압구정,31660,33978
2022-08-22,3호선,옥수,8746,9058
2022-08-22,3호선,금호,7761,7383
2022-08-22,3호선,약수,13107,12836
2022-08-22,3호선,동대입구,7316,7748
2022-08-22,3호선,충무로,1,0
2022-08-22,3호선,을지로3가,11060,10895
2022-08-22,3호선,종로3가,10253,11894
2022-08-22,3호선,안국,21705,22046
2022-08-22,3호선,경복궁,20217,20949
2022-08-22,3호선,독립문,6815,6764
2022-08-22,3호선,무악재,3918,3889
2022-08-22,3호선,홍제,17049,16070
2022-08-22,3호선,녹번,15502,14197
2022-08-22,3호선,불광,15838,16598
2022-08-22,3호선,연신내,35915,33976
2022-08-22,3호선,구파발,21067,20359
2022-08-22,3호선,지축,5366,5213
2022-08-23,3호선,지축,5375,5290
2022-08-23,3호선,구파발,21632,20755
2022-08-23,3호선,연신내,36726,34427
2022-08-23,3호선,불광,16462,17496
2022-08-23,3호선,녹번,15617,14079
2022-08-23,3호선,홍제,17752,16738
2022-08-23,3호선,무악재,4016,3952
2022-08-23,3호선,독립문,7311,7327
2022-08-23,3호선,경복궁,20443,20087
2022-08-23,3호선,안국,22491,23791
2022-08-23,3호선,종로3가,10366,12012
2022-08-23,3호선,을지로3가,11036,11234
2022-08-23,3호선,충무로,2,0
2022-08-23,3호선,동대입구,7862,8459
2022-08-23,3호선,약수,13577,13105
2022-08-23,3호선,금호,8146,7488
2022-08-23,3호선,옥수,9143,9330
2022-08-23,3호선,압구정,33259,35330
2022-08-23,3호선,신사,29414,31083
2022-08-23,3호선,잠원,5073,4798
2022-08-23,3호선,고속터미널,41306,39153
2022-08-23,3호선,교대,14992,9905
2022-08-23,3호선,남부터미널,29532,30118
2022-08-23,3호선,양재,38518,42264
2022-08-23,3호선,매봉,12907,12409
2022-08-23,3호선,도곡,5184,5492
2022-08-23,3호선,대치,11608,11835
2022-08-23,3호선,학여울,1950,1994
2022-08-23,3호선,대청,11124,10226
2022-08-23,3호선,일원,11257,10543
2022-08-23,3호선,수서,17364,17521
2022-08-23,3호선,가락시장,9200,9108
2022-08-23,3호선,경찰병원,7585,7671
2022-08-23,3호선,오금,6499,5789
2022-08-24,3호선,오금,6416,5798
2022-08-24,3호선,경찰병원,7565,7632
2022-08-24,3호선,가락시장,9411,9272
2022-08-24,3호선,수서,17723,17761
2022-08-24,3호선,일원,11249,10834
2022-08-24,3호선,대청,10930,10167
2022-08-24,3호선,학여울,2002,2059
2022-08-24,3호선,대치,11316,11576
2022-08-24,3호선,도곡,5232,5560
2022-08-24,3호선,매봉,13033,12534
2022-08-24,3호선,양재,38755,42217
2022-08-24,3호선,남부터미널,29375,29740
2022-08-24,3호선,교대,15490,9976
2022-08-24,3호선,고속터미널,41138,39145
2022-08-24,3호선,잠원,5132,4888
2022-08-24,3호선,신사,29172,30510
2022-08-24,3호선,압구정,33302,35881
2022-08-24,3호선,옥수,9178,9641
2022-08-24,3호선,금호,8145,7494
2022-08-24,3호선,약수,13823,13278
2022-08-24,3호선,동대입구,8132,8860
2022-08-24,3호선,충무로,2,0
2022-08-24,3호선,을지로3가,11365,11315
2022-08-24,3호선,종로3가,10595,12290
2022-08-24,3호선,안국,23727,24709
2022-08-24,3호선,경복궁,22260,22605
2022-08-24,3호선,독립문,7231,7416
2022-08-24,3호선,무악재,4034,3981
2022-08-24,3호선,홍제,17887,16795
2022-08-24,3호선,녹번,15968,14349
2022-08-24,3호선,불광,16716,17573
2022-08-24,3호선,연신내,37006,34850
2022-08-24,3호선,구파발,21607,20846
2022-08-24,3호선,지축,5561,5317
2022-08-25,3호선,오금,6467,5730
2022-08-25,3호선,경찰병원,7647,7630
2022-08-25,3호선,가락시장,9410,9298
2022-08-25,3호선,수서,17805,17998
2022-08-25,3호선,일원,11342,10772
2022-08-25,3호선,대청,10897,10053
2022-08-25,3호선,학여울,4009,4195
2022-08-25,3호선,대치,11687,11769
2022-08-25,3호선,도곡,5273,5607
2022-08-25,3호선,매봉,12898,12423
2022-08-25,3호선,양재,39550,42918
2022-08-25,3호선,남부터미널,29346,29697
2022-08-25,3호선,교대,15626,10065
2022-08-25,3호선,고속터미널,42391,40860
2022-08-25,3호선,잠원,5149,5030
2022-08-25,3호선,신사,29336,31225
2022-08-25,3호선,압구정,32493,35391
2022-08-25,3호선,옥수,9278,9461
2022-08-25,3호선,금호,8133,7527
2022-08-25,3호선,약수,13605,13003
2022-08-25,3호선,동대입구,8950,10029
2022-08-25,3호선,충무로,2,0
2022-08-25,3호선,을지로3가,11282,11279
2022-08-25,3호선,종로3가,10532,12332
2022-08-25,3호선,안국,23208,24079
2022-08-25,3호선,경복궁,21126,21251
2022-08-25,3호선,독립문,7157,7261
2022-08-25,3호선,무악재,4136,4071
2022-08-25,3호선,홍제,17764,16745
2022-08-25,3호선,녹번,15880,14195
2022-08-25,3호선,불광,16430,17561
2022-08-25,3호선,연신내,36923,34579
2022-08-25,3호선,구파발,21392,20636
2022-08-25,3호선,지축,5545,5363
2022-08-26,3호선,지축,5648,5485
2022-08-26,3호선,구파발,22270,21149
2022-08-26,3호선,연신내,38571,36544
2022-08-26,3호선,불광,16905,17812
2022-08-26,3호선,녹번,16502,14583
2022-08-26,3호선,홍제,18367,17216
2022-08-26,3호선,무악재,4043,4001
2022-08-26,3호선,독립문,7813,7667
2022-08-26,3호선,경복궁,23294,23499
2022-08-26,3호선,안국,24598,25255
2022-08-26,3호선,종로3가,10846,13146
2022-08-26,3호선,을지로3가,11635,11963
2022-08-26,3호선,충무로,1,0
2022-08-26,3호선,동대입구,8797,9717
2022-08-26,3호선,약수,14244,13573
2022-08-26,3호선,금호,8425,7714
2022-08-26,3호선,옥수,9865,10058
2022-08-26,3호선,압구정,36057,39064
2022-08-26,3호선,신사,32178,35043
2022-08-26,3호선,잠원,5553,5220
2022-08-26,3호선,고속터미널,60016,56709
2022-08-26,3호선,교대,16409,10648
2022-08-26,3호선,남부터미널,32506,33243
2022-08-26,3호선,양재,41232,44000
2022-08-26,3호선,매봉,13273,12653
2022-08-26,3호선,도곡,5538,5853
2022-08-26,3호선,대치,12335,12435
2022-08-26,3호선,학여울,3868,4170
2022-08-26,3호선,대청,11436,10476
2022-08-26,3호선,일원,11744,10932
2022-08-26,3호선,수서,19921,20037
2022-08-26,3호선,가락시장,9924,9726
2022-08-26,3호선,경찰병원,7877,7747
2022-08-26,3호선,오금,6722,5969
2022-08-27,3호선,오금,3881,3589
2022-08-27,3호선,경찰병원,4132,3960
2022-08-27,3호선,가락시장,6946,6706
2022-08-27,3호선,수서,14697,14688
2022-08-27,3호선,일원,5990,5765
2022-08-27,3호선,대청,6398,5811
2022-08-27,3호선,학여울,4729,5239
2022-08-27,3호선,대치,11809,10424
2022-08-27,3호선,도곡,3996,4293
2022-08-27,3호선,매봉,6604,6283
2022-08-27,3호선,양재,21823,24008
2022-08-27,3호선,남부터미널,23346,23031
2022-08-27,3호선,교대,8226,5139
2022-08-27,3호선,고속터미널,70736,61116
2022-08-27,3호선,잠원,4127,3696
2022-08-27,3호선,신사,25055,27196
2022-08-27,3호선,압구정,26743,28827
2022-08-27,3호선,옥수,7707,7574
2022-08-27,3호선,금호,6245,5621
2022-08-27,3호선,약수,9672,9224
2022-08-27,3호선,동대입구,9343,10878
2022-08-27,3호선,충무로,1,0
2022-08-27,3호선,을지로3가,5821,6282
2022-08-27,3호선,종로3가,6448,9584
2022-08-27,3호선,안국,19386,21461
2022-08-27,3호선,경복궁,19009,21848
2022-08-27,3호선,독립문,6332,6729
2022-08-27,3호선,무악재,2974,2969
2022-08-27,3호선,홍제,14054,13244
2022-08-27,3호선,녹번,11256,9500
2022-08-27,3호선,불광,13510,15281
2022-08-27,3호선,연신내,30759,28377
2022-08-27,3호선,구파발,16729,17179
2022-08-27,3호선,지축,3984,3604
2022-08-28,3호선,지축,2904,2743
2022-08-28,3호선,구파발,12546,13389
2022-08-28,3호선,연신내,22432,21296
2022-08-28,3호선,불광,10300,11442
2022-08-28,3호선,녹번,7782,7095
2022-08-28,3호선,홍제,10109,9747
2022-08-28,3호선,무악재,1978,2113
2022-08-28,3호선,독립문,4780,5087
2022-08-28,3호선,경복궁,15570,17795
2022-08-28,3호선,안국,14213,14530
2022-08-28,3호선,종로3가,4297,5676
2022-08-28,3호선,을지로3가,4020,3607
2022-08-28,3호선,충무로,2,0
2022-08-28,3호선,동대입구,9033,9856
2022-08-28,3호선,약수,7288,6973
2022-08-28,3호선,금호,4457,4267
2022-08-28,3호선,옥수,5568,5798
2022-08-28,3호선,압구정,15644,16437
2022-08-28,3호선,신사,14531,14574
2022-08-28,3호선,고속터미널,49017,44899
2022-08-28,3호선,교대,5019,3047
2022-08-28,3호선,남부터미널,16708,17290
2022-08-28,3호선,양재,14198,16417
2022-08-28,3호선,매봉,4235,4145
2022-08-28,3호선,도곡,2034,2195
2022-08-28,3호선,대치,7777,6494
2022-08-28,3호선,학여울,3346,3784
2022-08-28,3호선,대청,4367,4322
2022-08-28,3호선,일원,3976,4077
2022-08-28,3호선,수서,11148,11280
2022-08-28,3호선,가락시장,4109,4221
2022-08-28,3호선,경찰병원,2854,2960
2022-08-28,3호선,오금,2962,2935
2022-08-28,3호선,잠원,2698,2706
2022-08-29,3호선,오금,6464,5785
2022-08-29,3호선,경찰병원,7542,7566
2022-08-29,3호선,가락시장,9239,9084
2022-08-29,3호선,수서,17579,18071
2022-08-29,3호선,일원,11095,10817
2022-08-29,3호선,대청,11760,11049
2022-08-29,3호선,학여울,1863,1824
2022-08-29,3호선,대치,11372,11658
2022-08-29,3호선,도곡,5262,5591
2022-08-29,3호선,매봉,12713,12222
2022-08-29,3호선,양재,37801,41574
2022-08-29,3호선,남부터미널,29174,29442
2022-08-29,3호선,교대,15243,10127
2022-08-29,3호선,고속터미널,42461,40305
2022-08-29,3호선,잠원,4915,4778
2022-08-29,3호선,신사,28431,29938
2022-08-29,3호선,압구정,31739,34316
2022-08-29,3호선,옥수,9189,9371
2022-08-29,3호선,금호,8115,7594
2022-08-29,3호선,약수,13348,12849
2022-08-29,3호선,동대입구,7572,8114
2022-08-29,3호선,을지로3가,11008,11243
2022-08-29,3호선,종로3가,10050,11811
2022-08-29,3호선,안국,22607,22939
2022-08-29,3호선,경복궁,20374,20987
2022-08-29,3호선,독립문,6961,6978
2022-08-29,3호선,무악재,3985,3945
2022-08-29,3호선,홍제,17907,16911
2022-08-29,3호선,녹번,16026,14484
2022-08-29,3호선,불광,16260,17011
2022-08-29,3호선,연신내,36570,34473
2022-08-29,3호선,구파발,21320,20615
2022-08-29,3호선,지축,5456,5330
2022-08-30,3호선,지축,5229,5098
2022-08-30,3호선,구파발,20697,19776
2022-08-30,3호선,연신내,35085,33188
2022-08-30,3호선,불광,15547,16685
2022-08-30,3호선,녹번,15759,14269
2022-08-30,3호선,홍제,17512,16599
2022-08-30,3호선,무악재,3956,3951
2022-08-30,3호선,독립문,6819,6813
2022-08-30,3호선,경복궁,19108,18731
2022-08-30,3호선,안국,22450,22901
2022-08-30,3호선,종로3가,10223,11695
2022-08-30,3호선,을지로3가,11662,11363
2022-08-30,3호선,충무로,1,0
2022-08-30,3호선,동대입구,8086,8361
2022-08-30,3호선,약수,13187,12910
2022-08-30,3호선,금호,7945,7279
2022-08-30,3호선,옥수,8849,9171
2022-08-30,3호선,압구정,32771,35095
2022-08-30,3호선,신사,28699,29888
2022-08-30,3호선,잠원,4888,4678
2022-08-30,3호선,고속터미널,41600,38750
2022-08-30,3호선,교대,15330,10174
2022-08-30,3호선,남부터미널,29228,29645
2022-08-30,3호선,양재,39165,42129
2022-08-30,3호선,매봉,13076,12427
2022-08-30,3호선,도곡,5083,5463
2022-08-30,3호선,대치,11430,11642
2022-08-30,3호선,학여울,1903,2043
2022-08-30,3호선,대청,11258,10489
2022-08-30,3호선,일원,11442,10855
2022-08-30,3호선,수서,17451,17709
2022-08-30,3호선,가락시장,9090,8888
2022-08-30,3호선,경찰병원,7804,7825
2022-08-30,3호선,오금,6460,5964
2022-08-31,3호선,지축,5641,5535
2022-08-31,3호선,구파발,22017,21251
2022-08-31,3호선,연신내,38361,35934
2022-08-31,3호선,불광,16799,18232
2022-08-31,3호선,녹번,16509,14933
2022-08-31,3호선,홍제,18597,17493
2022-08-31,3호선,무악재,4213,4145
2022-08-31,3호선,독립문,7459,7625
2022-08-31,3호선,경복궁,22362,23120
2022-08-31,3호선,안국,24474,25412
2022-08-31,3호선,종로3가,10822,12387
2022-08-31,3호선,을지로3가,11518,11720
2022-08-31,3호선,충무로,2,0
2022-08-31,3호선,동대입구,8762,9655
2022-08-31,3호선,약수,14092,13416
2022-08-31,3호선,금호,8386,7843
2022-08-31,3호선,옥수,9608,9856
2022-08-31,3호선,압구정,33253,35896
2022-08-31,3호선,신사,29205,30675
2022-08-31,3호선,잠원,5144,4913
2022-08-31,3호선,고속터미널,42623,40162
2022-08-31,3호선,교대,15914,10481
2022-08-31,3호선,남부터미널,29971,30609
2022-08-31,3호선,양재,39535,43538
2022-08-31,3호선,매봉,13480,12912
2022-08-31,3호선,도곡,5219,5732
2022-08-31,3호선,대치,11686,11535
2022-08-31,3호선,학여울,2094,2078
2022-08-31,3호선,대청,11836,10961
2022-08-31,3호선,일원,11677,11116
2022-08-31,3호선,수서,18266,18536
2022-08-31,3호선,가락시장,9790,9783
2022-08-31,3호선,경찰병원,7810,7896
2022-08-31,3호선,오금,6688,5944
2022-09-01,3호선,오금,6854,6247
2022-09-01,3호선,경찰병원,7751,7810
2022-09-01,3호선,가락시장,10120,9926
2022-09-01,3호선,수서,18299,18702
2022-09-01,3호선,일원,11891,11334
2022-09-01,3호선,대청,11784,10848
2022-09-01,3호선,학여울,2656,2726
2022-09-01,3호선,대치,12099,12242
2022-09-01,3호선,도곡,5506,5797
2022-09-01,3호선,매봉,13686,13086
2022-09-01,3호선,양재,40432,44441
2022-09-01,3호선,남부터미널,30821,31067
2022-09-01,3호선,교대,16403,10840
2022-09-01,3호선,고속터미널,44468,42039
2022-09-01,3호선,잠원,5552,5272
2022-09-01,3호선,신사,29984,31764
2022-09-01,3호선,압구정,33879,36621
2022-09-01,3호선,옥수,9802,9925
2022-09-01,3호선,금호,8633,7942
2022-09-01,3호선,약수,14050,13565
2022-09-01,3호선,동대입구,11401,13331
2022-09-01,3호선,충무로,2,0
2022-09-01,3호선,을지로3가,11887,11990
2022-09-01,3호선,종로3가,10588,12225
2022-09-01,3호선,안국,24308,25124
2022-09-01,3호선,경복궁,25193,25616
2022-09-01,3호선,독립문,7708,7705
2022-09-01,3호선,무악재,4295,4352
2022-09-01,3호선,홍제,19540,18457
2022-09-01,3호선,녹번,17294,15293
2022-09-01,3호선,불광,17447,18627
2022-09-01,3호선,연신내,38606,36204
2022-09-01,3호선,구파발,22296,21334
2022-09-01,3호선,지축,5742,5613
2022-09-02,3호선,오금,6922,6165
2022-09-02,3호선,경찰병원,7987,8047
2022-09-02,3호선,가락시장,10577,10470
2022-09-02,3호선,수서,20132,19819
2022-09-02,3호선,일원,11846,11118
2022-09-02,3호선,대청,12169,11254
2022-09-02,3호선,학여울,2603,2751
2022-09-02,3호선,대치,12717,12988
2022-09-02,3호선,도곡,5627,6022
2022-09-02,3호선,매봉,13764,13014
2022-09-02,3호선,양재,42222,45262
2022-09-02,3호선,남부터미널,32946,32701
2022-09-02,3호선,교대,16844,10936
2022-09-02,3호선,고속터미널,53627,51924
2022-09-02,3호선,잠원,5816,5451
2022-09-02,3호선,신사,32586,35450
2022-09-02,3호선,압구정,37145,40628
2022-09-02,3호선,옥수,10339,10446
2022-09-02,3호선,금호,8816,7991
2022-09-02,3호선,약수,14482,13966
2022-09-02,3호선,동대입구,10607,12030
2022-09-02,3호선,충무로,1,0
2022-09-02,3호선,을지로3가,12265,12504
2022-09-02,3호선,종로3가,10856,13397
2022-09-02,3호선,안국,25661,26990
2022-09-02,3호선,경복궁,25745,26364
2022-09-02,3호선,독립문,8033,7838
2022-09-02,3호선,무악재,4201,4163
2022-09-02,3호선,홍제,19556,18312
2022-09-02,3호선,녹번,17296,15195
2022-09-02,3호선,불광,17652,18985
2022-09-02,3호선,연신내,40155,37774
2022-09-02,3호선,구파발,23074,22124
2022-09-02,3호선,지축,5937,5568
2022-09-03,3호선,지축,4245,3838
2022-09-03,3호선,구파발,17384,18031
2022-09-03,3호선,연신내,31586,29299
2022-09-03,3호선,불광,13852,15373
2022-09-03,3호선,녹번,11367,9539
2022-09-03,3호선,홍제,14417,13338
2022-09-03,3호선,무악재,2878,2970
2022-09-03,3호선,독립문,6701,7131
2022-09-03,3호선,경복궁,21033,24316
2022-09-03,3호선,안국,19210,21632
2022-09-03,3호선,종로3가,6707,10096
2022-09-03,3호선,을지로3가,5854,6224
2022-09-03,3호선,충무로,3,0
2022-09-03,3호선,동대입구,10128,11783
2022-09-03,3호선,약수,9709,9265
2022-09-03,3호선,금호,6171,5560
2022-09-03,3호선,옥수,7919,7765
2022-09-03,3호선,압구정,27832,29589
2022-09-03,3호선,신사,25803,27834
2022-09-03,3호선,잠원,4082,4005
2022-09-03,3호선,고속터미널,58051,55470
2022-09-03,3호선,교대,8062,4919
2022-09-03,3호선,남부터미널,22834,21606
2022-09-03,3호선,양재,22553,24651
2022-09-03,3호선,매봉,6638,6316
2022-09-03,3호선,도곡,3370,3592
2022-09-03,3호선,대치,11854,10501
2022-09-03,3호선,학여울,1973,2106
2022-09-03,3호선,대청,6575,6070
2022-09-03,3호선,일원,6001,5842
2022-09-03,3호선,수서,15266,14911
2022-09-03,3호선,가락시장,7228,6815
2022-09-03,3호선,경찰병원,4323,4109
2022-09-03,3호선,오금,4148,3970
2022-09-04,3호선,불광,8493,9436
2022-09-04,3호선,지축,2466,2244
2022-09-04,3호선,구파발,10392,10462
2022-09-04,3호선,연신내,19385,18366
2022-09-04,3호선,녹번,6896,6204
2022-09-04,3호선,홍제,8682,8295
2022-09-04,3호선,무악재,1808,1829
2022-09-04,3호선,독립문,3813,3962
2022-09-04,3호선,경복궁,10706,11351
2022-09-04,3호선,안국,10141,10386
2022-09-04,3호선,종로3가,4009,4818
2022-09-04,3호선,을지로3가,3422,3087
2022-09-04,3호선,충무로,1,0
2022-09-04,3호선,동대입구,7368,7653
2022-09-04,3호선,약수,6511,6391
2022-09-04,3호선,금호,3944,3770
2022-09-04,3호선,옥수,4519,4806
2022-09-04,3호선,압구정,14111,14723
2022-09-04,3호선,신사,12895,12527
2022-09-04,3호선,잠원,1928,1981
2022-09-04,3호선,고속터미널,41627,41510
2022-09-04,3호선,교대,4531,2828
2022-09-04,3호선,남부터미널,13460,15027
2022-09-04,3호선,양재,13531,15585
2022-09-04,3호선,매봉,3935,4090
2022-09-04,3호선,도곡,1726,1999
2022-09-04,3호선,대치,7515,6207
2022-09-04,3호선,학여울,1544,1679
2022-09-04,3호선,대청,4011,3992
2022-09-04,3호선,일원,3718,3715
2022-09-04,3호선,수서,10692,10963
2022-09-04,3호선,가락시장,4129,4337
2022-09-04,3호선,경찰병원,2778,2883
2022-09-04,3호선,오금,2780,2727
2022-09-05,3호선,오금,6301,5704
2022-09-05,3호선,경찰병원,7952,8042
2022-09-05,3호선,가락시장,8676,8691
2022-09-05,3호선,수서,16988,17692
2022-09-05,3호선,일원,11113,10731
2022-09-05,3호선,대청,10625,9946
2022-09-05,3호선,학여울,2320,2494
2022-09-05,3호선,대치,11401,11757
2022-09-05,3호선,도곡,5269,5537
2022-09-05,3호선,매봉,12763,12137
2022-09-05,3호선,양재,37743,40261
2022-09-05,3호선,남부터미널,28675,29327
2022-09-05,3호선,교대,14584,9776
2022-09-05,3호선,고속터미널,38053,36334
2022-09-05,3호선,잠원,4796,4806
2022-09-05,3호선,신사,26800,27388
2022-09-05,3호선,압구정,30716,32761
2022-09-05,3호선,옥수,8319,8947
2022-09-05,3호선,금호,7656,7322
2022-09-05,3호선,약수,12817,12502
2022-09-05,3호선,동대입구,10035,10913
2022-09-05,3호선,충무로,1,0
2022-09-05,3호선,을지로3가,11628,10845
2022-09-05,3호선,종로3가,9878,10834
2022-09-05,3호선,안국,20715,20065
2022-09-05,3호선,경복궁,20346,19920
2022-09-05,3호선,독립문,6299,6575
2022-09-05,3호선,무악재,3837,4157
2022-09-05,3호선,홍제,17142,16915
2022-09-05,3호선,녹번,15912,14628
2022-09-05,3호선,불광,15194,16051
2022-09-05,3호선,연신내,33971,32251
2022-09-05,3호선,구파발,20123,19381
2022-09-05,3호선,지축,5068,4941
2022-09-06,3호선,오금,6228,5484
2022-09-06,3호선,경찰병원,7372,7367
2022-09-06,3호선,가락시장,9310,9334
2022-09-06,3호선,수서,14684,15499
2022-09-06,3호선,일원,10903,10504
2022-09-06,3호선,대청,9894,9237
2022-09-06,3호선,학여울,1860,1866
2022-09-06,3호선,대치,11551,11494
2022-09-06,3호선,도곡,4844,5135
2022-09-06,3호선,매봉,12740,12147
2022-09-06,3호선,양재,36457,40056
2022-09-06,3호선,남부터미널,27279,28163
2022-09-06,3호선,교대,15028,9809
2022-09-06,3호선,고속터미널,37688,36667
2022-09-06,3호선,잠원,5261,4881
2022-09-06,3호선,신사,27614,29214
2022-09-06,3호선,압구정,32787,35517
2022-09-06,3호선,옥수,9159,9167
2022-09-06,3호선,금호,7992,7392
2022-09-06,3호선,약수,13241,12626
2022-09-06,3호선,동대입구,10806,12336
2022-09-06,3호선,충무로,1,0
2022-09-06,3호선,을지로3가,10708,11091
2022-09-06,3호선,종로3가,10071,11693
2022-09-06,3호선,안국,20908,22045
2022-09-06,3호선,경복궁,20806,21070
2022-09-06,3호선,독립문,6998,6987
2022-09-06,3호선,무악재,3985,3945
2022-09-06,3호선,홍제,17944,17067
2022-09-06,3호선,녹번,15934,14107
2022-09-06,3호선,불광,16219,17182
2022-09-06,3호선,연신내,35220,33349
2022-09-06,3호선,구파발,20620,19646
2022-09-06,3호선,지축,5212,4982
2022-09-07,3호선,지축,6071,5834
2022-09-07,3호선,구파발,23374,22478
2022-09-07,3호선,연신내,40185,37780
2022-09-07,3호선,불광,17909,18953
2022-09-07,3호선,녹번,17836,15976
2022-09-07,3호선,홍제,19965,18795
2022-09-07,3호선,무악재,4429,4495
2022-09-07,3호선,독립문,8057,8189
2022-09-07,3호선,경복궁,26434,26599
2022-09-07,3호선,안국,24976,25885
2022-09-07,3호선,종로3가,10981,12555
2022-09-07,3호선,을지로3가,11994,12120
2022-09-07,3호선,충무로,1,0
2022-09-07,3호선,동대입구,11446,13106
2022-09-07,3호선,약수,14638,14043
2022-09-07,3호선,금호,8938,8140
2022-09-07,3호선,옥수,10296,10526
2022-09-07,3호선,압구정,36187,39039
2022-09-07,3호선,신사,31726,33133
2022-09-07,3호선,잠원,5759,5591
2022-09-07,3호선,고속터미널,44877,50579
2022-09-07,3호선,교대,17020,11139
2022-09-07,3호선,남부터미널,31249,33464
2022-09-07,3호선,양재,42056,45171
2022-09-07,3호선,매봉,14065,13392
2022-09-07,3호선,도곡,5561,6035
2022-09-07,3호선,대치,12702,12774
2022-09-07,3호선,학여울,1987,2067
2022-09-07,3호선,대청,11608,10699
2022-09-07,3호선,일원,12280,11365
2022-09-07,3호선,수서,18574,19560
2022-09-07,3호선,가락시장,10564,10467
2022-09-07,3호선,경찰병원,8128,8012
2022-09-07,3호선,오금,6908,6285
2022-09-08,3호선,지축,5668,5260
2022-09-08,3호선,구파발,22872,21799
2022-09-08,3호선,연신내,39780,37512
2022-09-08,3호선,불광,17415,18601
2022-09-08,3호선,녹번,17052,14614
2022-09-08,3호선,홍제,19709,18367
2022-09-08,3호선,무악재,4331,4253
2022-09-08,3호선,독립문,7957,7684
2022-09-08,3호선,경복궁,25587,25214
2022-09-08,3호선,안국,21483,21961
2022-09-08,3호선,종로3가,10382,12495
2022-09-08,3호선,을지로3가,11131,11313
2022-09-08,3호선,충무로,1,0
2022-09-08,3호선,동대입구,10745,11952
2022-09-08,3호선,약수,14169,13436
2022-09-08,3호선,금호,8847,7990
2022-09-08,3호선,옥수,10028,10034
2022-09-08,3호선,압구정,34531,37039
2022-09-08,3호선,신사,30573,32467
2022-09-08,3호선,잠원,5450,5105
2022-09-08,3호선,고속터미널,53589,79958
2022-09-08,3호선,교대,15003,9580
2022-09-08,3호선,남부터미널,32833,37353
2022-09-08,3호선,양재,39980,40944
2022-09-08,3호선,매봉,13073,12597
2022-09-08,3호선,도곡,5284,5416
2022-09-08,3호선,대치,12753,12993
2022-09-08,3호선,학여울,1888,1905
2022-09-08,3호선,대청,11090,9972
2022-09-08,3호선,일원,11059,10356
2022-09-08,3호선,수서,18163,20279
2022-09-08,3호선,가락시장,10217,10103
2022-09-08,3호선,경찰병원,7523,7235
2022-09-08,3호선,오금,6486,5761
2022-09-09,3호선,오금,2329,2056
2022-09-09,3호선,경찰병원,2623,2216
2022-09-09,3호선,가락시장,4310,3993
2022-09-09,3호선,수서,8289,10396
2022-09-09,3호선,일원,2997,2857
2022-09-09,3호선,대청,4008,3415
2022-09-09,3호선,학여울,684,596
2022-09-09,3호선,대치,6751,5962
2022-09-09,3호선,도곡,1617,1654
2022-09-09,3호선,매봉,3488,3308
2022-09-09,3호선,양재,9270,9502
2022-09-09,3호선,남부터미널,12320,18087
2022-09-09,3호선,교대,3738,2075
2022-09-09,3호선,고속터미널,29492,57737
2022-09-09,3호선,잠원,2049,1962
2022-09-09,3호선,신사,11841,12168
2022-09-09,3호선,압구정,14478,15239
2022-09-09,3호선,옥수,4686,4407
2022-09-09,3호선,금호,3878,3338
2022-09-09,3호선,약수,5833,5124
2022-09-09,3호선,동대입구,4359,4768
2022-09-09,3호선,충무로,2,0
2022-09-09,3호선,지축,2473,2202
2022-09-09,3호선,구파발,10741,11172
2022-09-09,3호선,연신내,20341,18581
2022-09-09,3호선,불광,8421,8968
2022-09-09,3호선,녹번,7038,5693
2022-09-09,3호선,홍제,9062,8015
2022-09-09,3호선,무악재,1928,1801
2022-09-09,3호선,독립문,3911,4098
2022-09-09,3호선,경복궁,15143,17578
2022-09-09,3호선,안국,12982,13615
2022-09-09,3호선,종로3가,3556,5363
2022-09-09,3호선,을지로3가,3021,2632
2022-09-10,3호선,오금,1778,1763
2022-09-10,3호선,경찰병원,1986,1944
2022-09-10,3호선,가락시장,2337,2213
2022-09-10,3호선,수서,8073,7937
2022-09-10,3호선,일원,2271,2175
2022-09-10,3호선,대청,2748,2761
2022-09-10,3호선,학여울,426,426
2022-09-10,3호선,대치,5197,4595
2022-09-10,3호선,도곡,957,1131
2022-09-10,3호선,매봉,2407,2397
2022-09-10,3호선,양재,6279,7421
2022-09-10,3호선,남부터미널,9793,9429
2022-09-10,3호선,교대,1960,1280
2022-09-10,3호선,고속터미널,24912,25395
2022-09-10,3호선,잠원,1478,1455
2022-09-10,3호선,신사,5915,6491
2022-09-10,3호선,압구정,5333,5776
2022-09-10,3호선,옥수,3772,3732
2022-09-10,3호선,금호,3284,3035
2022-09-10,3호선,약수,4580,4438
2022-09-10,3호선,동대입구,3974,4503
2022-09-10,3호선,을지로3가,2309,2033
2022-09-10,3호선,종로3가,2965,4509
2022-09-10,3호선,안국,12959,12773
2022-09-10,3호선,경복궁,19034,23252
2022-09-10,3호선,독립문,3150,3064
2022-09-10,3호선,무악재,1415,1524
2022-09-10,3호선,홍제,7314,6816
2022-09-10,3호선,녹번,5544,4950
2022-09-10,3호선,불광,6367,7006
2022-09-10,3호선,연신내,15505,14864
2022-09-10,3호선,구파발,8981,9117
2022-09-10,3호선,지축,1891,1746
2022-09-11,3호선,오금,2179,2370
2022-09-11,3호선,경찰병원,2281,2507
2022-09-11,3호선,가락시장,3063,3114
2022-09-11,3호선,수서,10228,7873
2022-09-11,3호선,일원,2983,3034
2022-09-11,3호선,대청,3616,3640
2022-09-11,3호선,학여울,710,644
2022-09-11,3호선,대치,6592,5544
2022-09-11,3호선,도곡,1434,1635
2022-09-11,3호선,매봉,3446,3489
2022-09-11,3호선,양재,9023,10794
2022-09-11,3호선,남부터미널,14208,10380
2022-09-11,3호선,교대,3362,2237
2022-09-11,3호선,고속터미널,51587,32144
2022-09-11,3호선,잠원,2082,2059
2022-09-11,3호선,신사,8724,10300
2022-09-11,3호선,압구정,9491,10450
2022-09-11,3호선,옥수,4706,4903
2022-09-11,3호선,금호,3902,3817
2022-09-11,3호선,약수,5726,5866
2022-09-11,3호선,동대입구,4478,5599
2022-09-11,3호선,충무로,1,0
2022-09-11,3호선,을지로3가,3531,3423
2022-09-11,3호선,종로3가,4067,6322
2022-09-11,3호선,안국,16240,15920
2022-09-11,3호선,경복궁,20828,26233
2022-09-11,3호선,독립문,4299,4930
2022-09-11,3호선,무악재,1742,1874
2022-09-11,3호선,홍제,8482,8196
2022-09-11,3호선,녹번,6665,6144
2022-09-11,3호선,불광,8865,10753
2022-09-11,3호선,연신내,19310,18832
2022-09-11,3호선,구파발,11323,12073
2022-09-11,3호선,지축,2439,2202
2022-09-12,3호선,오금,2438,2390
2022-09-12,3호선,경찰병원,2591,2790
2022-09-12,3호선,가락시장,3596,3966
2022-09-12,3호선,수서,11627,9497
2022-09-12,3호선,일원,3394,3514
2022-09-12,3호선,대청,4150,4191
2022-09-12,3호선,학여울,717,746
2022-09-12,3호선,대치,6589,5922
2022-09-12,3호선,도곡,1891,2005
2022-09-12,3호선,매봉,3899,3998
2022-09-12,3호선,양재,10450,13354
2022-09-12,3호선,남부터미널,19101,15799
2022-09-12,3호선,교대,4095,2845
2022-09-12,3호선,고속터미널,62115,40272
2022-09-12,3호선,잠원,2323,2162
2022-09-12,3호선,신사,11923,12690
2022-09-12,3호선,압구정,13501,14584
2022-09-12,3호선,옥수,5080,5379
2022-09-12,3호선,금호,4221,3979
2022-09-12,3호선,약수,6114,6291
2022-09-12,3호선,동대입구,4422,5742
2022-09-12,3호선,충무로,1,0
2022-09-12,3호선,을지로3가,3307,2988
2022-09-12,3호선,종로3가,4415,5996
2022-09-12,3호선,안국,14316,15132
2022-09-12,3호선,경복궁,18353,23325
2022-09-12,3호선,독립문,4065,4629
2022-09-12,3호선,무악재,1897,2095
2022-09-12,3호선,홍제,9256,9086
2022-09-12,3호선,녹번,6954,6745
2022-09-12,3호선,불광,9524,11304
2022-09-12,3호선,연신내,20680,19909
2022-09-12,3호선,구파발,12080,12983
2022-09-12,3호선,지축,2810,2467
2022-09-13,3호선,일원,11171,10944
2022-09-13,3호선,대청,10657,10001
2022-09-13,3호선,학여울,1834,1822
2022-09-13,3호선,대치,11570,11811
2022-09-13,3호선,도곡,4947,5140
2022-09-13,3호선,매봉,12889,12278
2022-09-13,3호선,양재,37080,40392
2022-09-13,3호선,남부터미널,30857,29971
2022-09-13,3호선,교대,14760,10318
2022-09-13,3호선,고속터미널,45255,37978
2022-09-13,3호선,잠원,5043,4827
2022-09-13,3호선,신사,27729,28868
2022-09-13,3호선,압구정,32314,34406
2022-09-13,3호선,옥수,8905,9355
2022-09-13,3호선,금호,8060,7506
2022-09-13,3호선,약수,13020,12654
2022-09-13,3호선,동대입구,10271,11535
2022-09-13,3호선,을지로3가,10288,10553
2022-09-13,3호선,종로3가,9876,11484
2022-09-13,3호선,안국,19367,20524
2022-09-13,3호선,경복궁,21347,21184
2022-09-13,3호선,독립문,7201,7458
2022-09-13,3호선,무악재,4073,4138
2022-09-13,3호선,홍제,18753,18109
2022-09-13,3호선,녹번,16080,14640
2022-09-13,3호선,불광,16757,17946
2022-09-13,3호선,연신내,36243,34525
2022-09-13,3호선,구파발,21341,20898
2022-09-13,3호선,지축,5460,5371
2022-09-13,3호선,수서,17492,17392
2022-09-13,3호선,가락시장,8804,8628
2022-09-13,3호선,경찰병원,7366,7441
2022-09-13,3호선,오금,6389,5818
2022-09-14,3호선,오금,6780,6208
2022-09-14,3호선,경찰병원,8054,8094
2022-09-14,3호선,가락시장,9449,9352
2022-09-14,3호선,수서,18266,18184
2022-09-14,3호선,일원,12027,11433
2022-09-14,3호선,대청,11347,10476
2022-09-14,3호선,학여울,2009,2081
2022-09-14,3호선,대치,11964,12305
2022-09-14,3호선,도곡,5794,5924
2022-09-14,3호선,매봉,13821,13281
2022-09-14,3호선,양재,40659,44332
2022-09-14,3호선,남부터미널,30647,30796
2022-09-14,3호선,교대,16217,10738
2022-09-14,3호선,고속터미널,41922,38717
2022-09-14,3호선,잠원,5402,5161
2022-09-14,3호선,신사,29638,31354
2022-09-14,3호선,지축,5891,5778
2022-09-14,3호선,구파발,22700,21867
2022-09-14,3호선,연신내,38302,36386
2022-09-14,3호선,불광,17435,18573
2022-09-14,3호선,녹번,17188,15382
2022-09-14,3호선,홍제,19294,18484
2022-09-14,3호선,무악재,4220,4250
2022-09-14,3호선,독립문,7720,7877
2022-09-14,3호선,경복궁,25345,25815
2022-09-14,3호선,안국,24317,25276
2022-09-14,3호선,종로3가,10467,11913
2022-09-14,3호선,을지로3가,11543,11767
2022-09-14,3호선,동대입구,10821,12190
2022-09-14,3호선,약수,14017,13545
2022-09-14,3호선,금호,8574,8004
2022-09-14,3호선,옥수,9612,9891
2022-09-14,3호선,압구정,33962,36700
2022-09-15,3호선,금호,8790,8328
2022-09-15,3호선,지축,6013,5770
2022-09-15,3호선,구파발,22811,21969
2022-09-15,3호선,연신내,38498,36647
2022-09-15,3호선,불광,17772,19064
2022-09-15,3호선,녹번,17395,15554
2022-09-15,3호선,홍제,19467,18568
2022-09-15,3호선,무악재,4455,4538
2022-09-15,3호선,독립문,7806,8026
2022-09-15,3호선,경복궁,25556,26266
2022-09-15,3호선,안국,24940,25914
2022-09-15,3호선,종로3가,10778,12392
2022-09-15,3호선,을지로3가,11759,11666
2022-09-15,3호선,충무로,3,0
2022-09-15,3호선,동대입구,11382,12903
2022-09-15,3호선,약수,14219,13715
2022-09-15,3호선,옥수,9796,10047
2022-09-15,3호선,압구정,34306,37372
2022-09-15,3호선,신사,30209,31718
2022-09-15,3호선,잠원,5481,5331
2022-09-15,3호선,고속터미널,43348,40626
2022-09-15,3호선,교대,17115,11072
2022-09-15,3호선,남부터미널,31221,31530
2022-09-15,3호선,양재,41621,45205
2022-09-15,3호선,매봉,13894,13310
2022-09-15,3호선,도곡,5531,5833
2022-09-15,3호선,대치,12066,12416
2022-09-15,3호선,학여울,2133,2124
2022-09-15,3호선,대청,11555,10604
2022-09-15,3호선,일원,12309,11731
2022-09-15,3호선,수서,18806,18997
2022-09-15,3호선,가락시장,9750,9473
2022-09-15,3호선,경찰병원,7974,8137
2022-09-15,3호선,오금,6937,6244
2022-09-16,3호선,오금,6898,6469
2022-09-16,3호선,경찰병원,8349,8125
2022-09-16,3호선,가락시장,10190,10029
2022-09-16,3호선,수서,20648,20331
2022-09-16,3호선,일원,12042,11265
2022-09-16,3호선,대청,11673,10694
2022-09-16,3호선,학여울,3408,3598
2022-09-16,3호선,대치,12738,13379
2022-09-16,3호선,도곡,5580,6070
2022-09-16,3호선,매봉,13965,12767
2022-09-16,3호선,양재,43231,44192
2022-09-16,3호선,남부터미널,34463,32039
2022-09-16,3호선,교대,17653,11439
2022-09-16,3호선,고속터미널,52713,51638
2022-09-16,3호선,잠원,5564,5346
2022-09-16,3호선,신사,33264,35383
2022-09-16,3호선,압구정,37251,41384
2022-09-16,3호선,옥수,10310,10839
2022-09-16,3호선,금호,8985,8733
2022-09-16,3호선,약수,14903,14984
2022-09-16,3호선,동대입구,10950,12256
2022-09-16,3호선,충무로,4,0
2022-09-16,3호선,을지로3가,12572,12190
2022-09-16,3호선,종로3가,11337,13724
2022-09-16,3호선,안국,26713,27021
2022-09-16,3호선,경복궁,27536,26854
2022-09-16,3호선,독립문,8742,9239
2022-09-16,3호선,무악재,4602,4622
2022-09-16,3호선,홍제,19719,18789
2022-09-16,3호선,녹번,17454,15902
2022-09-16,3호선,불광,17640,19136
2022-09-16,3호선,연신내,39447,38228
2022-09-16,3호선,구파발,22907,22342
2022-09-16,3호선,지축,6020,5708
2022-09-17,3호선,지축,4199,3869
2022-09-17,3호선,구파발,17309,17700
2022-09-17,3호선,연신내,30912,28740
2022-09-17,3호선,불광,13724,15440
2022-09-17,3호선,녹번,11623,9775
2022-09-17,3호선,홍제,14502,13334
2022-09-17,3호선,무악재,3167,3216
2022-09-17,3호선,독립문,6580,7307
2022-09-17,3호선,경복궁,22045,25074
2022-09-17,3호선,안국,20582,22863
2022-09-17,3호선,종로3가,6883,10176
2022-09-17,3호선,을지로3가,6087,6589
2022-09-17,3호선,충무로,3,0
2022-09-17,3호선,동대입구,8706,10063
2022-09-17,3호선,약수,9877,9557
2022-09-17,3호선,금호,6335,5800
2022-09-17,3호선,옥수,7864,7854
2022-09-17,3호선,압구정,28314,30492
2022-09-17,3호선,신사,26679,28901
2022-09-17,3호선,잠원,3865,3681
2022-09-17,3호선,고속터미널,63239,57227
2022-09-17,3호선,교대,8338,5134
2022-09-17,3호선,남부터미널,24174,22992
2022-09-17,3호선,양재,23273,25408
2022-09-17,3호선,매봉,6935,6483
2022-09-17,3호선,도곡,3699,4023
2022-09-17,3호선,대치,12303,10513
2022-09-17,3호선,학여울,3418,3506
2022-09-17,3호선,대청,6706,6130
2022-09-17,3호선,일원,6137,6072
2022-09-17,3호선,수서,15429,15225
2022-09-17,3호선,가락시장,6765,6484
2022-09-17,3호선,경찰병원,4497,4270
2022-09-17,3호선,오금,4164,4132
2022-09-18,3호선,지축,2971,2759
2022-09-18,3호선,구파발,13086,13694
2022-09-18,3호선,연신내,22986,21210
2022-09-18,3호선,불광,10484,12011
2022-09-18,3호선,녹번,8116,7265
2022-09-18,3호선,홍제,10389,9582
2022-09-18,3호선,무악재,2261,2506
2022-09-18,3호선,독립문,5029,5548
2022-09-18,3호선,경복궁,17270,19656
2022-09-18,3호선,안국,15328,15382
2022-09-18,3호선,종로3가,4600,5857
2022-09-18,3호선,을지로3가,4146,3781
2022-09-18,3호선,동대입구,5899,6573
2022-09-18,3호선,약수,7200,6892
2022-09-18,3호선,금호,4477,4212
2022-09-18,3호선,옥수,5576,5689
2022-09-18,3호선,압구정,15880,16667
2022-09-18,3호선,신사,15139,15059
2022-09-18,3호선,잠원,2377,2339
2022-09-18,3호선,고속터미널,48699,46043
2022-09-18,3호선,교대,5082,3070
2022-09-18,3호선,남부터미널,14728,16418
2022-09-18,3호선,양재,14964,17059
2022-09-18,3호선,매봉,4515,4432
2022-09-18,3호선,도곡,2107,2289
2022-09-18,3호선,대치,8027,6841
2022-09-18,3호선,학여울,2531,2750
2022-09-18,3호선,대청,4501,4351
2022-09-18,3호선,일원,4040,4083
2022-09-18,3호선,수서,11656,11968
2022-09-18,3호선,가락시장,4259,4491
2022-09-18,3호선,경찰병원,2953,3034
2022-09-18,3호선,오금,3010,3088
2022-09-19,3호선,지축,5762,5652
2022-09-19,3호선,구파발,22480,21514
2022-09-19,3호선,연신내,37986,35890
2022-09-19,3호선,불광,16955,17998
2022-09-19,3호선,녹번,17013,15379
2022-09-19,3호선,홍제,19164,18259
2022-09-19,3호선,무악재,4181,4288
2022-09-19,3호선,독립문,7352,7601
2022-09-19,3호선,경복궁,24242,25042
2022-09-19,3호선,안국,23688,24172
2022-09-19,3호선,종로3가,10521,12167
2022-09-19,3호선,을지로3가,11477,11531
2022-09-19,3호선,충무로,1,0
2022-09-19,3호선,동대입구,11156,12511
2022-09-19,3호선,약수,13716,13378
2022-09-19,3호선,금호,8513,7805
2022-09-19,3호선,옥수,9452,9891
2022-09-19,3호선,압구정,33694,36219
2022-09-19,3호선,신사,29430,30560
2022-09-19,3호선,잠원,5548,5274
2022-09-19,3호선,고속터미널,41201,40506
2022-09-19,3호선,교대,16534,11295
2022-09-19,3호선,남부터미널,29985,30978
2022-09-19,3호선,양재,39985,43502
2022-09-19,3호선,매봉,13779,13071
2022-09-19,3호선,도곡,5648,5820
2022-09-19,3호선,대치,12122,12200
2022-09-19,3호선,학여울,2011,1974
2022-09-19,3호선,대청,11327,10489
2022-09-19,3호선,일원,11853,11486
2022-09-19,3호선,수서,18125,18986
2022-09-19,3호선,가락시장,9519,9418
2022-09-19,3호선,경찰병원,7950,8025
2022-09-19,3호선,오금,7003,6167
2022-09-20,3호선,지축,6099,5940
2022-09-20,3호선,구파발,23026,22485
2022-09-20,3호선,연신내,39379,36862
2022-09-20,3호선,불광,17757,19072
2022-09-20,3호선,녹번,18194,16329
2022-09-20,3호선,홍제,19728,18749
2022-09-20,3호선,무악재,4347,4409
2022-09-20,3호선,독립문,7965,8241
2022-09-20,3호선,경복궁,24158,24157
2022-09-20,3호선,안국,25011,26160
2022-09-20,3호선,종로3가,10727,12311
2022-09-20,3호선,을지로3가,11755,11619
2022-09-20,3호선,충무로,2,0
2022-09-20,3호선,동대입구,12994,14305
2022-09-20,3호선,약수,14374,13921
2022-09-20,3호선,금호,8677,7991
2022-09-20,3호선,옥수,9986,10125
2022-09-20,3호선,압구정,35757,38463
2022-09-20,3호선,신사,30470,31917
2022-09-20,3호선,잠원,5472,5294
2022-09-20,3호선,고속터미널,42470,40458
2022-09-20,3호선,교대,17018,11118
2022-09-20,3호선,남부터미널,30557,31318
2022-09-20,3호선,양재,41528,45457
2022-09-20,3호선,매봉,14032,13467
2022-09-20,3호선,도곡,5577,5779
2022-09-20,3호선,대치,12452,12655
2022-09-20,3호선,학여울,2142,2191
2022-09-20,3호선,대청,11540,10623
2022-09-20,3호선,일원,12304,11654
2022-09-20,3호선,수서,18728,19245
2022-09-20,3호선,가락시장,9852,9722
2022-09-20,3호선,경찰병원,8100,8142
2022-09-20,3호선,오금,6911,6341
2022-09-21,3호선,오금,7065,6291
2022-09-21,3호선,경찰병원,8230,8144
2022-09-21,3호선,가락시장,9928,9680
2022-09-21,3호선,수서,18943,19363
2022-09-21,3호선,일원,11932,11359
2022-09-21,3호선,대청,11433,10774
2022-09-21,3호선,학여울,2064,2045
2022-09-21,3호선,대치,12201,12473
2022-09-21,3호선,도곡,5676,5929
2022-09-21,3호선,매봉,14148,13546
2022-09-21,3호선,양재,42066,45922
2022-09-21,3호선,남부터미널,31081,31410
2022-09-21,3호선,교대,17114,10988
2022-09-21,3호선,고속터미널,43364,41003
2022-09-21,3호선,잠원,5689,5405
2022-09-21,3호선,신사,30144,31580
2022-09-21,3호선,압구정,34533,37078
2022-09-21,3호선,옥수,10055,10206
2022-09-21,3호선,금호,8716,8132
2022-09-21,3호선,약수,14385,14021
2022-09-21,3호선,동대입구,12225,13986
2022-09-21,3호선,충무로,1,0
2022-09-21,3호선,을지로3가,12082,12014
2022-09-21,3호선,종로3가,10875,12627
2022-09-21,3호선,안국,26004,26575
2022-09-21,3호선,경복궁,27954,29109
2022-09-21,3호선,독립문,8044,8342
2022-09-21,3호선,무악재,4305,4391
2022-09-21,3호선,홍제,19771,18879
2022-09-21,3호선,녹번,17565,15628
2022-09-21,3호선,불광,17838,19094
2022-09-21,3호선,연신내,39184,37018
2022-09-21,3호선,구파발,23155,22297
2022-09-21,3호선,지축,6156,5969
2022-09-22,3호선,지축,6021,5800
2022-09-22,3호선,구파발,22989,22108
2022-09-22,3호선,연신내,38910,36582
2022-09-22,3호선,불광,17854,19133
2022-09-22,3호선,녹번,17252,15604
2022-09-22,3호선,홍제,20050,18903
2022-09-22,3호선,무악재,4429,4428
2022-09-22,3호선,독립문,7993,8398
2022-09-22,3호선,경복궁,27224,28171
2022-09-22,3호선,안국,26050,27082
2022-09-22,3호선,종로3가,10976,12631
2022-09-22,3호선,을지로3가,11756,11945
2022-09-22,3호선,동대입구,12218,13841
2022-09-22,3호선,약수,14405,13897
2022-09-22,3호선,금호,8649,8000
2022-09-22,3호선,옥수,9998,10259
2022-09-22,3호선,압구정,33937,36810
2022-09-22,3호선,신사,30496,31946
2022-09-22,3호선,잠원,5632,5495
2022-09-22,3호선,고속터미널,44780,41819
2022-09-22,3호선,교대,17015,11209
2022-09-22,3호선,남부터미널,31027,31340
2022-09-22,3호선,양재,42184,45978
2022-09-22,3호선,매봉,14064,13429
2022-09-22,3호선,도곡,5591,5941
2022-09-22,3호선,대치,12376,12312
2022-09-22,3호선,학여울,2101,2134
2022-09-22,3호선,대청,11534,10645
2022-09-22,3호선,일원,11969,11704
2022-09-22,3호선,수서,18947,18991
2022-09-22,3호선,가락시장,9898,9794
2022-09-22,3호선,경찰병원,8093,8121
2022-09-22,3호선,오금,7064,6372
2022-09-23,3호선,지축,6149,5817
2022-09-23,3호선,구파발,23355,22321
2022-09-23,3호선,연신내,40155,38247
2022-09-23,3호선,불광,17923,19157
2022-09-23,3호선,녹번,17745,15754
2022-09-23,3호선,홍제,19932,18802
2022-09-23,3호선,무악재,4428,4373
2022-09-23,3호선,독립문,8924,8762
2022-09-23,3호선,경복궁,27937,29269
2022-09-23,3호선,안국,27399,28418
2022-09-23,3호선,종로3가,11146,13779
2022-09-23,3호선,을지로3가,12499,12684
2022-09-23,3호선,충무로,1,0
2022-09-23,3호선,동대입구,10495,11527
2022-09-23,3호선,약수,14709,14267
2022-09-23,3호선,금호,8906,8148
2022-09-23,3호선,옥수,10391,10495
2022-09-23,3호선,압구정,37221,40850
2022-09-23,3호선,신사,32792,35304
2022-09-23,3호선,잠원,5878,5620
2022-09-23,3호선,고속터미널,54310,53429
2022-09-23,3호선,교대,17465,11447
2022-09-23,3호선,남부터미널,35218,34519
2022-09-23,3호선,양재,44659,47279
2022-09-23,3호선,매봉,13849,13190
2022-09-23,3호선,도곡,5675,5845
2022-09-23,3호선,대치,12795,13138
2022-09-23,3호선,학여울,2179,2107
2022-09-23,3호선,대청,11678,10840
2022-09-23,3호선,일원,12038,11246
2022-09-23,3호선,수서,21169,20908
2022-09-23,3호선,가락시장,10347,10422
2022-09-23,3호선,경찰병원,8179,8007
2022-09-23,3호선,오금,6983,6396
2022-09-24,3호선,지축,4504,4015
2022-09-24,3호선,구파발,18240,19167
2022-09-24,3호선,연신내,32615,30418
2022-09-24,3호선,불광,15131,17200
2022-09-24,3호선,녹번,12116,10662
2022-09-24,3호선,홍제,15235,14472
2022-09-24,3호선,무악재,3159,3277
2022-09-24,3호선,독립문,7949,8732
2022-09-24,3호선,경복궁,29406,31402
2022-09-24,3호선,안국,25639,27255
2022-09-24,3호선,종로3가,7487,11053
2022-09-24,3호선,을지로3가,6895,7106
2022-09-24,3호선,충무로,1,0
2022-09-24,3호선,동대입구,9718,10689
2022-09-24,3호선,약수,10444,10011
2022-09-24,3호선,금호,6664,5992
2022-09-24,3호선,옥수,8664,8466
2022-09-24,3호선,압구정,27984,30577
2022-09-24,3호선,신사,26872,28982
2022-09-24,3호선,잠원,4615,4386
2022-09-24,3호선,고속터미널,64949,60751
2022-09-24,3호선,교대,8960,5291
2022-09-24,3호선,남부터미널,24906,24127
2022-09-24,3호선,양재,25943,28177
2022-09-24,3호선,매봉,6814,6519
2022-09-24,3호선,도곡,3854,4114
2022-09-24,3호선,대치,11915,10311
2022-09-24,3호선,학여울,2102,2164
2022-09-24,3호선,대청,6884,6367
2022-09-24,3호선,일원,6474,6279
2022-09-24,3호선,수서,16249,16001
2022-09-24,3호선,가락시장,7315,7162
2022-09-24,3호선,경찰병원,4647,4417
2022-09-24,3호선,오금,4355,4040
2022-09-25,3호선,지축,3118,2925
2022-09-25,3호선,구파발,13237,13817
2022-09-25,3호선,연신내,23468,21743
2022-09-25,3호선,불광,10989,12405
2022-09-25,3호선,녹번,8421,7506
2022-09-25,3호선,홍제,10833,10247
2022-09-25,3호선,무악재,2138,2262
2022-09-25,3호선,독립문,5271,5878
2022-09-25,3호선,경복궁,19138,21514
2022-09-25,3호선,안국,17140,17590
2022-09-25,3호선,종로3가,4910,6146
2022-09-25,3호선,을지로3가,4568,4123
2022-09-25,3호선,동대입구,9035,9861
2022-09-25,3호선,약수,7583,7264
2022-09-25,3호선,금호,4777,4394
2022-09-25,3호선,옥수,5971,6214
2022-09-25,3호선,압구정,16567,17228
2022-09-25,3호선,신사,15540,15750
2022-09-25,3호선,잠원,2616,2518
2022-09-25,3호선,고속터미널,51498,47890
2022-09-25,3호선,교대,5242,3243
2022-09-25,3호선,남부터미널,17021,18470
2022-09-25,3호선,양재,15755,18114
2022-09-25,3호선,매봉,4479,4495
2022-09-25,3호선,도곡,2356,2578
2022-09-25,3호선,대치,7936,6509
2022-09-25,3호선,학여울,1512,1481
2022-09-25,3호선,대청,4683,4544
2022-09-25,3호선,일원,4062,4240
2022-09-25,3호선,수서,11711,12042
2022-09-25,3호선,가락시장,4272,4510
2022-09-25,3호선,경찰병원,3146,3166
2022-09-25,3호선,오금,3134,3117
2022-09-26,3호선,지축,5927,5772
2022-09-26,3호선,구파발,22792,21920
2022-09-26,3호선,연신내,38075,35874
2022-09-26,3호선,불광,17534,18592
2022-09-26,3호선,녹번,17127,15512
2022-09-26,3호선,홍제,19390,18622
2022-09-26,3호선,무악재,4284,4258
2022-09-26,3호선,독립문,7550,7834
2022-09-26,3호선,경복궁,24673,25376
2022-09-26,3호선,안국,24440,25006
2022-09-26,3호선,종로3가,10379,12076
2022-09-26,3호선,을지로3가,11579,11340
2022-09-26,3호선,충무로,1,0
2022-09-26,3호선,동대입구,11158,12498
2022-09-26,3호선,약수,13749,13280
2022-09-26,3호선,금호,8604,7899
2022-09-26,3호선,옥수,9816,9974
2022-09-26,3호선,압구정,33616,36730
2022-09-26,3호선,신사,28688,30059
2022-09-26,3호선,잠원,5474,5268
2022-09-26,3호선,고속터미널,43058,41921
2022-09-26,3호선,교대,16194,10899
2022-09-26,3호선,남부터미널,29859,31224
2022-09-26,3호선,양재,40280,44199
2022-09-26,3호선,매봉,13775,12991
2022-09-26,3호선,도곡,5629,5867
2022-09-26,3호선,대치,12311,12437
2022-09-26,3호선,학여울,2077,2019
2022-09-26,3호선,대청,11292,10497
2022-09-26,3호선,일원,12134,11699
2022-09-26,3호선,수서,18692,19444
2022-09-26,3호선,가락시장,9681,9549
2022-09-26,3호선,경찰병원,8133,8022
2022-09-26,3호선,오금,6939,6256
2022-09-27,3호선,오금,7061,6409
2022-09-27,3호선,경찰병원,8061,8206
2022-09-27,3호선,가락시장,9984,9823
2022-09-27,3호선,수서,19051,19331
2022-09-27,3호선,일원,12210,11778
2022-09-27,3호선,대청,11377,10682
2022-09-27,3호선,학여울,2095,2082
2022-09-27,3호선,대치,12291,12357
2022-09-27,3호선,도곡,5641,5751
2022-09-27,3호선,매봉,13930,13339
2022-09-27,3호선,양재,41832,45677
2022-09-27,3호선,남부터미널,30845,31481
2022-09-27,3호선,교대,16968,11200
2022-09-27,3호선,고속터미널,42725,40969
2022-09-27,3호선,잠원,5881,5525
2022-09-27,3호선,신사,30427,31622
2022-09-27,3호선,압구정,35216,37836
2022-09-27,3호선,옥수,10139,10259
2022-09-27,3호선,금호,8792,8169
2022-09-27,3호선,약수,14100,13655
2022-09-27,3호선,동대입구,11781,13327
2022-09-27,3호선,충무로,7,0
2022-09-27,3호선,을지로3가,11718,11597
2022-09-27,3호선,종로3가,10585,12370
2022-09-27,3호선,안국,25656,26953
2022-09-27,3호선,경복궁,24405,24420
2022-09-27,3호선,독립문,8073,8293
2022-09-27,3호선,무악재,4322,4386
2022-09-27,3호선,홍제,19964,18901
2022-09-27,3호선,녹번,17499,15663
2022-09-27,3호선,불광,17854,19308
2022-09-27,3호선,연신내,38830,36342
2022-09-27,3호선,구파발,23100,22161
2022-09-27,3호선,지축,6040,5900
2022-09-28,3호선,지축,6071,5901
2022-09-28,3호선,구파발,23430,22619
2022-09-28,3호선,연신내,39279,37277
2022-09-28,3호선,불광,17846,19307
2022-09-28,3호선,녹번,17615,15818
2022-09-28,3호선,홍제,19834,18958
2022-09-28,3호선,무악재,4271,4378
2022-09-28,3호선,독립문,8198,8448
2022-09-28,3호선,경복궁,27908,29403
2022-09-28,3호선,안국,26951,27793
2022-09-28,3호선,종로3가,10951,12560
2022-09-28,3호선,을지로3가,11992,11990
2022-09-28,3호선,충무로,2,0
2022-09-28,3호선,동대입구,11215,13424
2022-09-28,3호선,약수,14425,13879
2022-09-28,3호선,금호,8772,8058
2022-09-28,3호선,옥수,10016,10318
2022-09-28,3호선,압구정,34348,37059
2022-09-28,3호선,신사,29732,31213
2022-09-28,3호선,잠원,5572,5215
2022-09-28,3호선,고속터미널,42617,40586
2022-09-28,3호선,교대,16820,11109
2022-09-28,3호선,남부터미널,30306,30967
2022-09-28,3호선,양재,41667,45672
2022-09-28,3호선,매봉,13912,13260
2022-09-28,3호선,도곡,5681,6010
2022-09-28,3호선,대치,12215,12588
2022-09-28,3호선,학여울,2242,2222
2022-09-28,3호선,대청,11731,10810
2022-09-28,3호선,일원,12378,11808
2022-09-28,3호선,수서,19097,19451
2022-09-28,3호선,가락시장,10000,9793
2022-09-28,3호선,경찰병원,8362,8238
2022-09-28,3호선,오금,7198,6399
2022-09-29,3호선,오금,7043,6197
2022-09-29,3호선,경찰병원,8212,8312
2022-09-29,3호선,가락시장,9980,9855
2022-09-29,3호선,수서,19171,19541
2022-09-29,3호선,일원,12008,11520
2022-09-29,3호선,대청,11494,10558
2022-09-29,3호선,학여울,3687,3842
2022-09-29,3호선,대치,12573,12558
2022-09-29,3호선,도곡,5557,5783
2022-09-29,3호선,매봉,13915,13312
2022-09-29,3호선,양재,41790,45848
2022-09-29,3호선,남부터미널,31492,31854
2022-09-29,3호선,교대,16827,11194
2022-09-29,3호선,고속터미널,44862,42444
2022-09-29,3호선,잠원,5511,5255
2022-09-29,3호선,신사,29760,31336
2022-09-29,3호선,압구정,34454,37246
2022-09-29,3호선,옥수,9902,10172
2022-09-29,3호선,금호,8892,8150
2022-09-29,3호선,약수,14396,13842
2022-09-29,3호선,동대입구,13883,16521
2022-09-29,3호선,충무로,2,0
2022-09-29,3호선,을지로3가,11740,11846
2022-09-29,3호선,종로3가,10722,12726
2022-09-29,3호선,안국,26397,27389
2022-09-29,3호선,경복궁,26551,27554
2022-09-29,3호선,독립문,8114,8310
2022-09-29,3호선,무악재,4348,4384
2022-09-29,3호선,홍제,19873,18856
2022-09-29,3호선,녹번,17602,15885
2022-09-29,3호선,불광,17925,19030
2022-09-29,3호선,연신내,39212,36960
2022-09-29,3호선,구파발,23788,22885
2022-09-29,3호선,지축,6272,5939
2022-09-30,3호선,지축,6398,5990
2022-09-30,3호선,구파발,24674,23554
2022-09-30,3호선,연신내,40513,38308
2022-09-30,3호선,불광,18221,19372
2022-09-30,3호선,녹번,17683,15606
2022-09-30,3호선,홍제,20338,19027
2022-09-30,3호선,무악재,4352,4335
2022-09-30,3호선,독립문,8409,8501
2022-09-30,3호선,경복궁,28188,28967
2022-09-30,3호선,안국,28014,29611
2022-09-30,3호선,종로3가,11271,13765
2022-09-30,3호선,을지로3가,12540,12797
2022-09-30,3호선,충무로,1,0
2022-09-30,3호선,동대입구,14201,16703
2022-09-30,3호선,약수,14935,14222
2022-09-30,3호선,금호,9124,8270
2022-09-30,3호선,옥수,10608,10687
2022-09-30,3호선,압구정,36878,40232
2022-09-30,3호선,신사,32330,35345
2022-09-30,3호선,잠원,6576,5952
2022-09-30,3호선,고속터미널,55197,57805
2022-09-30,3호선,교대,17555,11324
2022-09-30,3호선,남부터미널,35614,36225
2022-09-30,3호선,양재,43871,46871
2022-09-30,3호선,매봉,14523,13981
2022-09-30,3호선,도곡,5771,5940
2022-09-30,3호선,대치,12827,13013
2022-09-30,3호선,학여울,3701,3806
2022-09-30,3호선,대청,11780,10771
2022-09-30,3호선,일원,12206,11372
2022-09-30,3호선,수서,21180,20841
2022-09-30,3호선,가락시장,10421,10286
2022-09-30,3호선,경찰병원,8407,8167
2022-09-30,3호선,오금,7101,6221
2022-10-01,3호선,고속터미널,59124,62989
2022-10-01,3호선,교대,8040,4875
2022-10-01,3호선,학여울,3355,3401
2022-10-01,3호선,대청,6517,5926
2022-10-01,3호선,일원,6231,6025
2022-10-01,3호선,수서,15481,15390
2022-10-01,3호선,가락시장,6913,6566
2022-10-01,3호선,경찰병원,4490,4231
2022-10-01,3호선,오금,4155,3923
2022-10-01,3호선,남부터미널,24407,25126
2022-10-01,3호선,양재,22401,24633
2022-10-01,3호선,매봉,6439,6144
2022-10-01,3호선,도곡,3779,3919
2022-10-01,3호선,잠원,4079,3725
2022-10-01,3호선,신사,25879,27387
2022-10-01,3호선,압구정,27041,29260
2022-10-01,3호선,옥수,8008,7724
2022-10-01,3호선,금호,6414,5757
2022-10-01,3호선,약수,9834,9327
2022-10-01,3호선,동대입구,7663,8813
2022-10-01,3호선,충무로,2,0
2022-10-01,3호선,을지로3가,6308,6860
2022-10-01,3호선,종로3가,7118,10147
2022-10-01,3호선,안국,23610,26445
2022-10-01,3호선,경복궁,26206,29755
2022-10-01,3호선,독립문,7039,7752
2022-10-01,3호선,무악재,2957,2975
2022-10-01,3호선,홍제,14516,13169
2022-10-01,3호선,녹번,11584,9654
2022-10-01,3호선,불광,13975,15435
2022-10-01,3호선,연신내,31642,29080
2022-10-01,3호선,구파발,16798,17567
2022-10-01,3호선,지축,4391,4075
2022-10-01,3호선,대치,11023,9836
2022-10-02,3호선,오금,2874,2907
2022-10-02,3호선,경찰병원,3032,3025
2022-10-02,3호선,가락시장,4363,4658
2022-10-02,3호선,수서,11839,12322
2022-10-02,3호선,일원,3932,3968
2022-10-02,3호선,대청,4595,4331
2022-10-02,3호선,학여울,2640,2712
2022-10-02,3호선,대치,7452,6314
2022-10-02,3호선,도곡,2049,2099
2022-10-02,3호선,매봉,4305,4233
2022-10-02,3호선,양재,14909,16252
2022-10-02,3호선,남부터미널,15328,15558
2022-10-02,3호선,교대,4764,2929
2022-10-02,3호선,고속터미널,45878,44425
2022-10-02,3호선,잠원,2173,2209
2022-10-02,3호선,신사,15025,15730
2022-10-02,3호선,지축,3138,2792
2022-10-02,3호선,구파발,12579,12882
2022-10-02,3호선,연신내,22710,21413
2022-10-02,3호선,불광,10317,11654
2022-10-02,3호선,녹번,7996,6953
2022-10-02,3호선,홍제,10287,9719
2022-10-02,3호선,무악재,2091,2189
2022-10-02,3호선,독립문,5509,5900
2022-10-02,3호선,경복궁,22035,23465
2022-10-02,3호선,안국,21354,20800
2022-10-02,3호선,종로3가,5234,7305
2022-10-02,3호선,을지로3가,4935,4594
2022-10-02,3호선,동대입구,6060,6951
2022-10-02,3호선,약수,7288,7191
2022-10-02,3호선,금호,4700,4500
2022-10-02,3호선,옥수,5341,5364
2022-10-02,3호선,압구정,16112,17178
2022-10-03,3호선,지축,2578,2488
2022-10-03,3호선,구파발,10011,10535
2022-10-03,3호선,연신내,18590,18057
2022-10-03,3호선,불광,8306,9352
2022-10-03,3호선,녹번,6906,6347
2022-10-03,3호선,홍제,8873,8754
2022-10-03,3호선,무악재,1838,1938
2022-10-03,3호선,독립문,3892,3869
2022-10-03,3호선,경복궁,15473,16178
2022-10-03,3호선,안국,13058,13092
2022-10-03,3호선,종로3가,4474,5619
2022-10-03,3호선,을지로3가,3743,3461
2022-10-03,3호선,충무로,3,0
2022-10-03,3호선,동대입구,5801,6228
2022-10-03,3호선,약수,6193,6113
2022-10-03,3호선,금호,3953,3886
2022-10-03,3호선,옥수,4416,4668
2022-10-03,3호선,압구정,13910,14586
2022-10-03,3호선,신사,12255,12386
2022-10-03,3호선,잠원,2141,2118
2022-10-03,3호선,고속터미널,50133,43738
2022-10-03,3호선,교대,4543,3087
2022-10-03,3호선,남부터미널,15736,15937
2022-10-03,3호선,양재,12353,14630
2022-10-03,3호선,매봉,3978,4015
2022-10-03,3호선,도곡,1885,1750
2022-10-03,3호선,대치,6258,5764
2022-10-03,3호선,학여울,768,770
2022-10-03,3호선,대청,4154,4118
2022-10-03,3호선,일원,3465,3628
2022-10-03,3호선,수서,10057,10207
2022-10-03,3호선,가락시장,4377,4369
2022-10-03,3호선,경찰병원,2776,2844
2022-10-03,3호선,오금,2459,2409
2022-10-04,3호선,오금,7074,6333
2022-10-04,3호선,경찰병원,8178,8214
2022-10-04,3호선,가락시장,9669,9465
2022-10-04,3호선,수서,18471,19094
2022-10-04,3호선,일원,11982,11528
2022-10-04,3호선,대청,11978,11100
2022-10-04,3호선,학여울,2002,2026
2022-10-04,3호선,대치,12199,12536
2022-10-04,3호선,도곡,5386,5136
2022-10-04,3호선,매봉,13772,13177
2022-10-04,3호선,양재,40467,44380
2022-10-04,3호선,남부터미널,30778,31422
2022-10-04,3호선,교대,16137,10828
2022-10-04,3호선,고속터미널,41604,39166
2022-10-04,3호선,잠원,5361,5133
2022-10-04,3호선,신사,29894,31487
2022-10-04,3호선,압구정,34335,36865
2022-10-04,3호선,옥수,9723,9961
2022-10-04,3호선,금호,8659,8189
2022-10-04,3호선,약수,14039,13518
2022-10-04,3호선,동대입구,11112,12519
2022-10-04,3호선,충무로,1,0
2022-10-04,3호선,을지로3가,11525,11549
2022-10-04,3호선,종로3가,10633,12002
2022-10-04,3호선,안국,25068,26011
2022-10-04,3호선,경복궁,23479,23805
2022-10-04,3호선,독립문,7699,7972
2022-10-04,3호선,무악재,4379,4466
2022-10-04,3호선,홍제,19689,18811
2022-10-04,3호선,녹번,17227,15549
2022-10-04,3호선,불광,17670,18778
2022-10-04,3호선,연신내,38207,36185
2022-10-04,3호선,구파발,22795,21614
2022-10-04,3호선,지축,6038,5906
2022-10-05,3호선,지축,6267,6034
2022-10-05,3호선,구파발,23266,22182
2022-10-05,3호선,연신내,38865,36897
2022-10-05,3호선,불광,17961,19077
2022-10-05,3호선,녹번,17745,16111
2022-10-05,3호선,홍제,20222,19369
2022-10-05,3호선,무악재,4527,4497
2022-10-05,3호선,독립문,8081,8247
2022-10-05,3호선,경복궁,28209,28486
2022-10-05,3호선,안국,28916,29605
2022-10-05,3호선,종로3가,10781,12597
2022-10-05,3호선,을지로3가,12153,11946
2022-10-05,3호선,충무로,3,0
2022-10-05,3호선,동대입구,11461,13019
2022-10-05,3호선,약수,14794,13918
2022-10-05,3호선,금호,9401,8511
2022-10-05,3호선,옥수,10165,10170
2022-10-05,3호선,압구정,34951,38292
2022-10-05,3호선,신사,30271,31888
2022-10-05,3호선,잠원,5625,5420
2022-10-05,3호선,고속터미널,41822,39959
2022-10-05,3호선,교대,16714,11173
2022-10-05,3호선,남부터미널,31134,31737
2022-10-05,3호선,양재,41928,46064
2022-10-05,3호선,매봉,13986,13469
2022-10-05,3호선,도곡,5488,5245
2022-10-05,3호선,대치,12126,12356
2022-10-05,3호선,학여울,2177,2170
2022-10-05,3호선,대청,12206,11285
2022-10-05,3호선,일원,12387,11756
2022-10-05,3호선,수서,18864,19326
2022-10-05,3호선,가락시장,9901,9674
2022-10-05,3호선,경찰병원,8343,8239
2022-10-05,3호선,오금,7006,6389
2022-10-06,3호선,지축,6199,6066
2022-10-06,3호선,구파발,22817,21930
2022-10-06,3호선,연신내,38937,36989
2022-10-06,3호선,불광,17936,19085
2022-10-06,3호선,녹번,17795,16070
2022-10-06,3호선,홍제,20109,19260
2022-10-06,3호선,무악재,4410,4509
2022-10-06,3호선,독립문,8070,8464
2022-10-06,3호선,경복궁,27306,28339
2022-10-06,3호선,안국,27396,28147
2022-10-06,3호선,종로3가,10936,12217
2022-10-06,3호선,을지로3가,12007,12010
2022-10-06,3호선,충무로,2,0
2022-10-06,3호선,동대입구,11503,12972
2022-10-06,3호선,약수,14671,13699
2022-10-06,3호선,금호,9323,8599
2022-10-06,3호선,옥수,10195,10237
2022-10-06,3호선,압구정,35706,38984
2022-10-06,3호선,신사,31100,32249
2022-10-06,3호선,잠원,5581,5522
2022-10-06,3호선,고속터미널,44224,42404
2022-10-06,3호선,교대,16826,11276
2022-10-06,3호선,남부터미널,31304,32026
2022-10-06,3호선,양재,41973,45756
2022-10-06,3호선,매봉,14246,13680
2022-10-06,3호선,도곡,5712,5305
2022-10-06,3호선,대치,12372,12600
2022-10-06,3호선,학여울,3580,3712
2022-10-06,3호선,대청,12005,11173
2022-10-06,3호선,일원,12146,11553
2022-10-06,3호선,수서,19107,19683
2022-10-06,3호선,가락시장,10122,9929
2022-10-06,3호선,경찰병원,8094,8087
2022-10-06,3호선,오금,7103,6366
2022-10-07,3호선,지축,6278,5977
2022-10-07,3호선,오금,7204,6593
2022-10-07,3호선,경찰병원,8244,8274
2022-10-07,3호선,가락시장,10599,10447
2022-10-07,3호선,수서,20512,20788
2022-10-07,3호선,일원,12391,11465
2022-10-07,3호선,대청,12676,11977
2022-10-07,3호선,학여울,3706,3855
2022-10-07,3호선,대치,12688,12787
2022-10-07,3호선,도곡,5782,5521
2022-10-07,3호선,매봉,14185,13591
2022-10-07,3호선,양재,43361,46217
2022-10-07,3호선,남부터미널,35380,35852
2022-10-07,3호선,교대,17438,11427
2022-10-07,3호선,고속터미널,56017,58994
2022-10-07,3호선,잠원,5697,5454
2022-10-07,3호선,신사,34281,36759
2022-10-07,3호선,압구정,37352,41427
2022-10-07,3호선,옥수,10674,10736
2022-10-07,3호선,금호,9801,8642
2022-10-07,3호선,약수,15375,14622
2022-10-07,3호선,동대입구,11571,13076
2022-10-07,3호선,충무로,2,0
2022-10-07,3호선,을지로3가,12697,12928
2022-10-07,3호선,종로3가,11451,13947
2022-10-07,3호선,안국,29505,30644
2022-10-07,3호선,경복궁,29868,31015
2022-10-07,3호선,독립문,8311,8455
2022-10-07,3호선,무악재,4435,4365
2022-10-07,3호선,홍제,20636,19290
2022-10-07,3호선,녹번,17845,15773
2022-10-07,3호선,불광,18204,19364
2022-10-07,3호선,연신내,40565,38457
2022-10-07,3호선,구파발,24129,22858
2022-10-08,3호선,오금,4357,4151
2022-10-08,3호선,경찰병원,4649,4424
2022-10-08,3호선,가락시장,7196,6755
2022-10-08,3호선,수서,16181,16145
2022-10-08,3호선,일원,6055,5719
2022-10-08,3호선,대청,8279,7677
2022-10-08,3호선,학여울,3233,3334
2022-10-08,3호선,대치,11680,10086
2022-10-08,3호선,도곡,3884,3917
2022-10-08,3호선,매봉,6908,6459
2022-10-08,3호선,양재,24142,25937
2022-10-08,3호선,남부터미널,25837,25738
2022-10-08,3호선,교대,8560,4913
2022-10-08,3호선,고속터미널,63442,66498
2022-10-08,3호선,잠원,4198,3878
2022-10-08,3호선,신사,27330,29102
2022-10-08,3호선,압구정,28293,30025
2022-10-08,3호선,옥수,8886,8803
2022-10-08,3호선,금호,7075,6396
2022-10-08,3호선,약수,10583,9894
2022-10-08,3호선,동대입구,10295,12356
2022-10-08,3호선,충무로,4,0
2022-10-08,3호선,을지로3가,6706,7015
2022-10-08,3호선,종로3가,7667,10941
2022-10-08,3호선,안국,29484,32056
2022-10-08,3호선,경복궁,29796,34035
2022-10-08,3호선,독립문,7559,8429
2022-10-08,3호선,무악재,3117,3189
2022-10-08,3호선,홍제,15601,14320
2022-10-08,3호선,녹번,12168,10187
2022-10-08,3호선,불광,14811,16282
2022-10-08,3호선,연신내,32850,30334
2022-10-08,3호선,구파발,17806,17977
2022-10-08,3호선,지축,4725,4135
2022-10-09,3호선,지축,2741,2588
2022-10-09,3호선,구파발,10756,11005
2022-10-09,3호선,연신내,20824,19816
2022-10-09,3호선,불광,9209,10361
2022-10-09,3호선,녹번,7700,6747
2022-10-09,3호선,홍제,9802,9117
2022-10-09,3호선,무악재,1964,1946
2022-10-09,3호선,독립문,5075,5184
2022-10-09,3호선,경복궁,18379,19142
2022-10-09,3호선,안국,18410,18041
2022-10-09,3호선,종로3가,4684,6520
2022-10-09,3호선,을지로3가,4888,4647
2022-10-09,3호선,동대입구,6756,7370
2022-10-09,3호선,약수,7258,6903
2022-10-09,3호선,금호,4556,4445
2022-10-09,3호선,옥수,4950,5026
2022-10-09,3호선,압구정,14833,16031
2022-10-09,3호선,신사,14389,15268
2022-10-09,3호선,잠원,2038,2015
2022-10-09,3호선,고속터미널,47948,46516
2022-10-09,3호선,교대,4616,2781
2022-10-09,3호선,남부터미널,15241,15733
2022-10-09,3호선,양재,14649,15706
2022-10-09,3호선,매봉,4016,4185
2022-10-09,3호선,도곡,1721,1651
2022-10-09,3호선,대치,7005,5897
2022-10-09,3호선,학여울,2893,2888
2022-10-09,3호선,대청,4232,3996
2022-10-09,3호선,일원,3549,3544
2022-10-09,3호선,수서,11658,11772
2022-10-09,3호선,가락시장,3995,4290
2022-10-09,3호선,경찰병원,2905,2998
2022-10-09,3호선,오금,2826,2717
2022-10-10,3호선,지축,3201,3056
2022-10-10,3호선,구파발,11816,12351
2022-10-10,3호선,연신내,23034,21929
2022-10-10,3호선,불광,10196,11513
2022-10-10,3호선,녹번,8273,7655
2022-10-10,3호선,홍제,10819,10535
2022-10-10,3호선,무악재,2204,2324
2022-10-10,3호선,독립문,4451,4830
2022-10-10,3호선,경복궁,17738,19416
2022-10-10,3호선,안국,18317,17456
2022-10-10,3호선,종로3가,5247,6421
2022-10-10,3호선,을지로3가,4303,3851
2022-10-10,3호선,동대입구,5619,6488
2022-10-10,3호선,약수,7432,7172
2022-10-10,3호선,금호,4813,4803
2022-10-10,3호선,옥수,5597,5712
2022-10-10,3호선,압구정,16450,17673
2022-10-10,3호선,신사,15813,15874
2022-10-10,3호선,잠원,2362,2398
2022-10-10,3호선,고속터미널,54671,48454
2022-10-10,3호선,교대,5105,3289
2022-10-10,3호선,남부터미널,16620,17063
2022-10-10,3호선,양재,13390,15802
2022-10-10,3호선,매봉,4669,4681
2022-10-10,3호선,도곡,2118,2152
2022-10-10,3호선,대치,6678,6250
2022-10-10,3호선,학여울,890,875
2022-10-10,3호선,대청,4669,4640
2022-10-10,3호선,일원,3924,4064
2022-10-10,3호선,수서,11601,11341
2022-10-10,3호선,가락시장,5061,5071
2022-10-10,3호선,경찰병원,3005,3131
2022-10-10,3호선,오금,2735,2773
2022-10-11,3호선,지축,6218,6078
2022-10-11,3호선,구파발,23097,21942
2022-10-11,3호선,연신내,39006,36754
2022-10-11,3호선,불광,17899,18945
2022-10-11,3호선,녹번,17488,15885
2022-10-11,3호선,홍제,19856,18953
2022-10-11,3호선,무악재,4252,4312
2022-10-11,3호선,독립문,7767,8037
2022-10-11,3호선,경복궁,23640,23741
2022-10-11,3호선,안국,25616,26720
2022-10-11,3호선,종로3가,10652,12264
2022-10-11,3호선,을지로3가,11768,11680
2022-10-11,3호선,동대입구,11426,12803
2022-10-11,3호선,약수,14238,13635
2022-10-11,3호선,금호,8925,8458
2022-10-11,3호선,옥수,9682,9975
2022-10-11,3호선,압구정,34702,37913
2022-10-11,3호선,신사,30415,31999
2022-10-11,3호선,잠원,5532,5336
2022-10-11,3호선,고속터미널,44584,41952
2022-10-11,3호선,교대,16575,11101
2022-10-11,3호선,남부터미널,31231,31620
2022-10-11,3호선,양재,41146,45172
2022-10-11,3호선,매봉,13938,13216
2022-10-11,3호선,도곡,5578,5360
2022-10-11,3호선,대치,12224,12321
2022-10-11,3호선,학여울,1999,2070
2022-10-11,3호선,대청,11478,10753
2022-10-11,3호선,일원,12130,11709
2022-10-11,3호선,수서,18897,19456
2022-10-11,3호선,가락시장,9777,9696
2022-10-11,3호선,경찰병원,8317,8413
2022-10-11,3호선,오금,6965,6285
2022-10-12,3호선,지축,6433,6251
2022-10-12,3호선,구파발,23535,22360
2022-10-12,3호선,연신내,39079,36782
2022-10-12,3호선,불광,18011,19409
2022-10-12,3호선,녹번,17578,15935
2022-10-12,3호선,홍제,20106,19127
2022-10-12,3호선,무악재,4432,4459
2022-10-12,3호선,독립문,8214,8497
2022-10-12,3호선,경복궁,29518,30699
2022-10-12,3호선,안국,28708,29846
2022-10-12,3호선,종로3가,11094,12655
2022-10-12,3호선,을지로3가,12494,12265
2022-10-12,3호선,동대입구,11502,13152
2022-10-12,3호선,약수,14606,13920
2022-10-12,3호선,금호,9428,8583
2022-10-12,3호선,옥수,10198,10287
2022-10-12,3호선,압구정,34814,38513
2022-10-12,3호선,신사,30837,32610
2022-10-12,3호선,잠원,5645,5462
2022-10-12,3호선,고속터미널,42921,40773
2022-10-12,3호선,교대,17136,11121
2022-10-12,3호선,남부터미널,32037,32842
2022-10-12,3호선,양재,41912,45821
2022-10-12,3호선,매봉,13988,13578
2022-10-12,3호선,도곡,5534,5725
2022-10-12,3호선,대치,11920,12392
2022-10-12,3호선,학여울,2213,2218
2022-10-12,3호선,대청,11764,10856
2022-10-12,3호선,일원,12570,12070
2022-10-12,3호선,수서,18925,19376
2022-10-12,3호선,가락시장,10104,10053
2022-10-12,3호선,경찰병원,8382,8408
2022-10-12,3호선,오금,7042,6442
2022-10-13,3호선,지축,6272,6096
2022-10-13,3호선,구파발,23387,22228
2022-10-13,3호선,연신내,39559,37424
2022-10-13,3호선,불광,18050,19153
2022-10-13,3호선,녹번,17777,15991
2022-10-13,3호선,홍제,20229,19177
2022-10-13,3호선,무악재,4411,4537
2022-10-13,3호선,독립문,8396,8422
2022-10-13,3호선,경복궁,28622,29868
2022-10-13,3호선,안국,28303,29757
2022-10-13,3호선,종로3가,10885,12702
2022-10-13,3호선,을지로3가,12315,12096
2022-10-13,3호선,충무로,1,0
2022-10-13,3호선,동대입구,11755,13460
2022-10-13,3호선,약수,14893,13991
2022-10-13,3호선,금호,9528,8737
2022-10-13,3호선,옥수,10285,10367
2022-10-13,3호선,압구정,35541,39375
2022-10-13,3호선,신사,31158,33048
2022-10-13,3호선,잠원,5709,5436
2022-10-13,3호선,고속터미널,44510,41921
2022-10-13,3호선,교대,17278,11164
2022-10-13,3호선,남부터미널,31833,32246
2022-10-13,3호선,양재,42250,46561
2022-10-13,3호선,매봉,14051,13613
2022-10-13,3호선,도곡,5591,5744
2022-10-13,3호선,대치,12465,12552
2022-10-13,3호선,학여울,2709,2814
2022-10-13,3호선,대청,11503,10636
2022-10-13,3호선,일원,12588,11984
2022-10-13,3호선,수서,19219,19744
2022-10-13,3호선,가락시장,10086,10145
2022-10-13,3호선,경찰병원,8185,8236
2022-10-13,3호선,오금,7167,6424
2022-10-14,3호선,옥수,10733,10784
2022-10-14,3호선,금호,9740,8793
2022-10-14,3호선,약수,15254,14475
2022-10-14,3호선,동대입구,10663,12097
2022-10-14,3호선,충무로,7,0
2022-10-14,3호선,을지로3가,12993,13010
2022-10-14,3호선,종로3가,11304,13851
2022-10-14,3호선,안국,30089,31162
2022-10-14,3호선,경복궁,29582,30315
2022-10-14,3호선,독립문,8700,8924
2022-10-14,3호선,무악재,4538,4529
2022-10-14,3호선,홍제,20435,19085
2022-10-14,3호선,녹번,17880,15884
2022-10-14,3호선,불광,18182,19539
2022-10-14,3호선,연신내,40255,38257
2022-10-14,3호선,구파발,23870,22542
2022-10-14,3호선,지축,6542,6247
2022-10-14,3호선,오금,7209,6475
2022-10-14,3호선,경찰병원,8470,8387
2022-10-14,3호선,가락시장,10296,10206
2022-10-14,3호선,수서,21346,20821
2022-10-14,3호선,일원,12344,11596
2022-10-14,3호선,대청,11869,10995
2022-10-14,3호선,학여울,2417,2552
2022-10-14,3호선,대치,12710,12816
2022-10-14,3호선,도곡,5707,5805
2022-10-14,3호선,매봉,13943,13518
2022-10-14,3호선,양재,43335,46742
2022-10-14,3호선,남부터미널,34804,35259
2022-10-14,3호선,교대,17300,11172
2022-10-14,3호선,고속터미널,52072,52406
2022-10-14,3호선,잠원,5866,5622
2022-10-14,3호선,신사,33566,36283
2022-10-14,3호선,압구정,37883,42399
2022-10-15,3호선,지축,4634,4309
2022-10-15,3호선,구파발,17954,18378
2022-10-15,3호선,연신내,32081,29911
2022-10-15,3호선,불광,14554,16330
2022-10-15,3호선,녹번,12176,10356
2022-10-15,3호선,홍제,15207,14291
2022-10-15,3호선,무악재,3108,3236
2022-10-15,3호선,독립문,7335,8305
2022-10-15,3호선,경복궁,27249,30531
2022-10-15,3호선,안국,26748,30154
2022-10-15,3호선,종로3가,7447,10488
2022-10-15,3호선,을지로3가,6819,6882
2022-10-15,3호선,동대입구,11521,13351
2022-10-15,3호선,약수,10725,10168
2022-10-15,3호선,금호,7078,6500
2022-10-15,3호선,옥수,8374,8289
2022-10-15,3호선,압구정,28272,30365
2022-10-15,3호선,신사,26662,28359
2022-10-15,3호선,잠원,4337,3958
2022-10-15,3호선,고속터미널,56313,56897
2022-10-15,3호선,교대,8996,5421
2022-10-15,3호선,남부터미널,25485,25470
2022-10-15,3호선,양재,25143,27640
2022-10-15,3호선,매봉,7189,6810
2022-10-15,3호선,도곡,4128,4251
2022-10-15,3호선,대치,11704,10282
2022-10-15,3호선,학여울,1856,1925
2022-10-15,3호선,대청,6988,6424
2022-10-15,3호선,일원,7062,6763
2022-10-15,3호선,수서,16626,16458
2022-10-15,3호선,가락시장,7096,6920
2022-10-15,3호선,경찰병원,4690,4602
2022-10-15,3호선,오금,4719,4534
2022-10-16,3호선,오금,3217,3181
2022-10-16,3호선,경찰병원,3233,3274
2022-10-16,3호선,가락시장,4335,4560
2022-10-16,3호선,수서,12177,12266
2022-10-16,3호선,일원,4326,4497
2022-10-16,3호선,대청,4748,4527
2022-10-16,3호선,학여울,1412,1433
2022-10-16,3호선,대치,7614,6570
2022-10-16,3호선,도곡,2246,2443
2022-10-16,3호선,매봉,4554,4458
2022-10-16,3호선,양재,16016,18148
2022-10-16,3호선,남부터미널,16938,17900
2022-10-16,3호선,교대,5788,3498
2022-10-16,3호선,고속터미널,47638,44253
2022-10-16,3호선,잠원,2418,2443
2022-10-16,3호선,신사,15335,15739
2022-10-16,3호선,압구정,16557,17197
2022-10-16,3호선,옥수,5474,5722
2022-10-16,3호선,금호,5083,4829
2022-10-16,3호선,약수,7872,7503
2022-10-16,3호선,동대입구,8812,9759
2022-10-16,3호선,충무로,1,0
2022-10-16,3호선,을지로3가,4436,3912
2022-10-16,3호선,종로3가,4561,6009
2022-10-16,3호선,안국,17758,18968
2022-10-16,3호선,경복궁,19244,22134
2022-10-16,3호선,독립문,5088,5684
2022-10-16,3호선,무악재,2174,2314
2022-10-16,3호선,홍제,10358,10016
2022-10-16,3호선,녹번,8025,7198
2022-10-16,3호선,불광,10540,12110
2022-10-16,3호선,연신내,23086,21622
2022-10-16,3호선,구파발,12907,13516
2022-10-16,3호선,지축,3150,2916
2022-10-17,3호선,지축,6251,6010
2022-10-17,3호선,구파발,22901,21988
2022-10-17,3호선,연신내,38447,36404
2022-10-17,3호선,불광,17443,18322
2022-10-17,3호선,녹번,17029,15477
2022-10-17,3호선,홍제,19341,18447
2022-10-17,3호선,무악재,4355,4464
2022-10-17,3호선,독립문,7497,7902
2022-10-17,3호선,경복궁,25895,27962
2022-10-17,3호선,안국,26463,26706
2022-10-17,3호선,종로3가,10552,12059
2022-10-17,3호선,을지로3가,12121,11905
2022-10-17,3호선,충무로,2,0
2022-10-17,3호선,동대입구,11077,12466
2022-10-17,3호선,약수,14298,13857
2022-10-17,3호선,금호,8824,8295
2022-10-17,3호선,옥수,9708,9865
2022-10-17,3호선,압구정,34187,37312
2022-10-17,3호선,신사,30349,31279
2022-10-17,3호선,잠원,5437,5336
2022-10-17,3호선,고속터미널,38338,36663
2022-10-17,3호선,교대,16324,10882
2022-10-17,3호선,남부터미널,30786,31510
2022-10-17,3호선,양재,40008,44016
2022-10-17,3호선,매봉,13292,12678
2022-10-17,3호선,도곡,5501,5479
2022-10-17,3호선,대치,11819,11968
2022-10-17,3호선,학여울,1985,1908
2022-10-17,3호선,대청,11180,10480
2022-10-17,3호선,일원,12289,11882
2022-10-17,3호선,수서,18770,19211
2022-10-17,3호선,가락시장,9523,9397
2022-10-17,3호선,경찰병원,8225,8101
2022-10-17,3호선,오금,7766,6263
2022-10-18,3호선,지축,6358,6214
2022-10-18,3호선,구파발,23355,22290
2022-10-18,3호선,연신내,38899,36604
2022-10-18,3호선,불광,17721,18938
2022-10-18,3호선,녹번,17453,15930
2022-10-18,3호선,홍제,19890,18849
2022-10-18,3호선,무악재,4330,4404
2022-10-18,3호선,독립문,7962,8272
2022-10-18,3호선,경복궁,24538,24693
2022-10-18,3호선,안국,27640,28634
2022-10-18,3호선,종로3가,10844,12326
2022-10-18,3호선,을지로3가,11946,11893
2022-10-18,3호선,충무로,1,0
2022-10-18,3호선,동대입구,11318,12873
2022-10-18,3호선,약수,14287,13750
2022-10-18,3호선,금호,9048,8391
2022-10-18,3호선,옥수,9811,10134
2022-10-18,3호선,압구정,35793,38813
2022-10-18,3호선,신사,31077,32451
2022-10-18,3호선,잠원,5634,5399
2022-10-18,3호선,고속터미널,42966,41064
2022-10-18,3호선,교대,16978,11146
2022-10-18,3호선,남부터미널,30905,31450
2022-10-18,3호선,양재,41936,45678
2022-10-18,3호선,매봉,13842,13261
2022-10-18,3호선,도곡,5463,5554
2022-10-18,3호선,대치,12178,12411
2022-10-18,3호선,학여울,2018,2099
2022-10-18,3호선,대청,11443,10672
2022-10-18,3호선,일원,12426,11956
2022-10-18,3호선,수서,18900,19135
2022-10-18,3호선,가락시장,9812,9751
2022-10-18,3호선,경찰병원,8049,8176
2022-10-18,3호선,오금,7065,6319
2022-10-19,3호선,독립문,8259,8442
2022-10-19,3호선,지축,6490,6257
2022-10-19,3호선,구파발,23493,22482
2022-10-19,3호선,연신내,39455,37236
2022-10-19,3호선,불광,18090,19201
2022-10-19,3호선,녹번,17423,15803
2022-10-19,3호선,홍제,20032,19067
2022-10-19,3호선,무악재,4368,4441
2022-10-19,3호선,경복궁,28877,29738
2022-10-19,3호선,안국,29008,29581
2022-10-19,3호선,종로3가,10764,12562
2022-10-19,3호선,을지로3가,12301,12608
2022-10-19,3호선,충무로,3,0
2022-10-19,3호선,동대입구,11204,12867
2022-10-19,3호선,약수,14686,14119
2022-10-19,3호선,금호,9102,8492
2022-10-19,3호선,옥수,9810,10213
2022-10-19,3호선,압구정,34947,38144
2022-10-19,3호선,신사,30349,31454
2022-10-19,3호선,잠원,5544,5420
2022-10-19,3호선,고속터미널,43541,41007
2022-10-19,3호선,교대,17120,11334
2022-10-19,3호선,남부터미널,31108,31782
2022-10-19,3호선,양재,42265,45803
2022-10-19,3호선,매봉,13890,13235
2022-10-19,3호선,도곡,5641,5671
2022-10-19,3호선,대치,12122,12171
2022-10-19,3호선,학여울,2213,2197
2022-10-19,3호선,대청,11381,10570
2022-10-19,3호선,일원,12339,11732
2022-10-19,3호선,수서,18893,19418
2022-10-19,3호선,가락시장,9820,9876
2022-10-19,3호선,경찰병원,8197,8153
2022-10-19,3호선,오금,7161,6349
2022-10-20,3호선,지축,6418,6222
2022-10-20,3호선,구파발,23373,22507
2022-10-20,3호선,연신내,39633,37376
2022-10-20,3호선,불광,18035,19302
2022-10-20,3호선,녹번,17652,15868
2022-10-20,3호선,홍제,19940,19183
2022-10-20,3호선,무악재,4361,4455
2022-10-20,3호선,독립문,8096,8281
2022-10-20,3호선,경복궁,28204,29567
2022-10-20,3호선,안국,28915,30093
2022-10-20,3호선,종로3가,11145,12984
2022-10-20,3호선,을지로3가,12247,12185
2022-10-20,3호선,충무로,2,0
2022-10-20,3호선,동대입구,11293,12700
2022-10-20,3호선,약수,14531,13736
2022-10-20,3호선,금호,9104,8455
2022-10-20,3호선,옥수,10080,10372
2022-10-20,3호선,압구정,35494,38672
2022-10-20,3호선,신사,30482,32082
2022-10-20,3호선,잠원,5622,5392
2022-10-20,3호선,고속터미널,44256,41924
2022-10-20,3호선,교대,17105,11062
2022-10-20,3호선,남부터미널,31417,31845
2022-10-20,3호선,양재,41971,46057
2022-10-20,3호선,매봉,13854,13376
2022-10-20,3호선,도곡,5585,5709
2022-10-20,3호선,대치,12012,12062
2022-10-20,3호선,학여울,2303,2297
2022-10-20,3호선,대청,10925,10229
2022-10-20,3호선,일원,12305,11787
2022-10-20,3호선,수서,19290,19434
2022-10-20,3호선,가락시장,10012,9826
2022-10-20,3호선,경찰병원,8212,8166
2022-10-20,3호선,오금,7158,6355
2022-10-21,3호선,신사,33529,36014
2022-10-21,3호선,오금,7114,6392
2022-10-21,3호선,경찰병원,8285,8288
2022-10-21,3호선,가락시장,10251,10093
2022-10-21,3호선,수서,21201,20848
2022-10-21,3호선,일원,11864,11148
2022-10-21,3호선,대청,11262,10553
2022-10-21,3호선,학여울,3821,4066
2022-10-21,3호선,대치,12576,12782
2022-10-21,3호선,도곡,5660,5758
2022-10-21,3호선,매봉,13663,13151
2022-10-21,3호선,양재,42836,45925
2022-10-21,3호선,남부터미널,34240,34580
2022-10-21,3호선,교대,17296,11123
2022-10-21,3호선,고속터미널,53025,54225
2022-10-21,3호선,잠원,5732,5489
2022-10-21,3호선,압구정,37692,41784
2022-10-21,3호선,옥수,10253,10277
2022-10-21,3호선,금호,9242,8524
2022-10-21,3호선,약수,14932,14284
2022-10-21,3호선,동대입구,10529,11674
2022-10-21,3호선,을지로3가,12657,12855
2022-10-21,3호선,종로3가,11523,13925
2022-10-21,3호선,안국,32256,33800
2022-10-21,3호선,경복궁,31590,34107
2022-10-21,3호선,홍제,20384,18967
2022-10-21,3호선,녹번,17819,15734
2022-10-21,3호선,불광,18093,19231
2022-10-21,3호선,연신내,40640,38297
2022-10-21,3호선,구파발,23976,23016
2022-10-21,3호선,지축,6695,6353
2022-10-21,3호선,독립문,8413,8560
2022-10-21,3호선,무악재,4451,4394
2022-10-22,3호선,오금,4330,4119
2022-10-22,3호선,경찰병원,4610,4345
2022-10-22,3호선,가락시장,6988,6885
2022-10-22,3호선,수서,16304,16163
2022-10-22,3호선,일원,6142,5998
2022-10-22,3호선,대청,6937,6438
2022-10-22,3호선,학여울,2924,3033
2022-10-22,3호선,대치,11740,10440
2022-10-22,3호선,도곡,3781,3994
2022-10-22,3호선,매봉,6687,6479
2022-10-22,3호선,양재,25459,27712
2022-10-22,3호선,남부터미널,24658,24291
2022-10-22,3호선,교대,8545,5233
2022-10-22,3호선,고속터미널,58580,58170
2022-10-22,3호선,잠원,4276,3986
2022-10-22,3호선,신사,26617,28939
2022-10-22,3호선,압구정,28271,30543
2022-10-22,3호선,옥수,8282,8183
2022-10-22,3호선,약수,11004,10348
2022-10-22,3호선,동대입구,12494,14638
2022-10-22,3호선,충무로,4,0
2022-10-22,3호선,을지로3가,8004,7837
2022-10-22,3호선,종로3가,7755,10829
2022-10-22,3호선,안국,30930,34450
2022-10-22,3호선,경복궁,32723,36063
2022-10-22,3호선,독립문,7896,8645
2022-10-22,3호선,무악재,3261,3466
2022-10-22,3호선,홍제,15840,15158
2022-10-22,3호선,녹번,12291,10711
2022-10-22,3호선,불광,14792,16969
2022-10-22,3호선,연신내,33306,31362
2022-10-22,3호선,구파발,19227,19947
2022-10-22,3호선,지축,4980,4468
2022-10-22,3호선,금호,7061,6374
2022-10-23,3호선,지축,3287,3114
2022-10-23,3호선,구파발,13852,14437
2022-10-23,3호선,연신내,23606,22029
2022-10-23,3호선,불광,10739,12600
2022-10-23,3호선,녹번,8342,7458
2022-10-23,3호선,홍제,10547,10165
2022-10-23,3호선,무악재,2151,2335
2022-10-23,3호선,독립문,5211,5943
2022-10-23,3호선,경복궁,22621,24529
2022-10-23,3호선,안국,21706,22648
2022-10-23,3호선,종로3가,4993,6107
2022-10-23,3호선,을지로3가,4685,4199
2022-10-23,3호선,충무로,2,0
2022-10-23,3호선,동대입구,9241,10585
2022-10-23,3호선,약수,7962,7733
2022-10-23,3호선,금호,5170,5046
2022-10-23,3호선,옥수,5776,5925
2022-10-23,3호선,압구정,16725,17603
2022-10-23,3호선,신사,15308,15652
2022-10-23,3호선,잠원,2749,2876
2022-10-23,3호선,고속터미널,49547,45914
2022-10-23,3호선,교대,5411,3269
2022-10-23,3호선,남부터미널,17455,18413
2022-10-23,3호선,양재,16117,18289
2022-10-23,3호선,매봉,4562,4558
2022-10-23,3호선,도곡,2127,2367
2022-10-23,3호선,대치,7833,6574
2022-10-23,3호선,학여울,2321,2528
2022-10-23,3호선,대청,4644,4527
2022-10-23,3호선,일원,4224,4353
2022-10-23,3호선,수서,12006,12137
2022-10-23,3호선,가락시장,4206,4377
2022-10-23,3호선,경찰병원,3004,3161
2022-10-23,3호선,오금,2990,3104
2022-10-24,3호선,오금,6976,6166
2022-10-24,3호선,경찰병원,8205,8160
2022-10-24,3호선,가락시장,9819,9428
2022-10-24,3호선,수서,18214,19036
2022-10-24,3호선,일원,12047,11575
2022-10-24,3호선,대청,11191,10431
2022-10-24,3호선,학여울,1893,1956
2022-10-24,3호선,대치,11820,11993
2022-10-24,3호선,도곡,5608,5653
2022-10-24,3호선,매봉,13548,12951
2022-10-24,3호선,양재,39946,43631
2022-10-24,3호선,남부터미널,30145,31345
2022-10-24,3호선,교대,16191,10957
2022-10-24,3호선,고속터미널,42758,41500
2022-10-24,3호선,잠원,5474,5226
2022-10-24,3호선,신사,29682,30824
2022-10-24,3호선,압구정,31667,34505
2022-10-24,3호선,옥수,9665,9832
2022-10-24,3호선,금호,8724,8179
2022-10-24,3호선,약수,14064,13454
2022-10-24,3호선,동대입구,10708,11941
2022-10-24,3호선,을지로3가,11732,11581
2022-10-24,3호선,종로3가,10436,11888
2022-10-24,3호선,안국,26208,26548
2022-10-24,3호선,경복궁,25729,26887
2022-10-24,3호선,독립문,7620,7757
2022-10-24,3호선,무악재,4258,4290
2022-10-24,3호선,홍제,19195,18601
2022-10-24,3호선,녹번,17253,15519
2022-10-24,3호선,불광,17197,18487
2022-10-24,3호선,연신내,38037,35888
2022-10-24,3호선,구파발,22916,22010
2022-10-24,3호선,지축,6316,6198
2022-10-25,3호선,오금,7146,6358
2022-10-25,3호선,경찰병원,8263,8255
2022-10-25,3호선,가락시장,9965,9851
2022-10-25,3호선,수서,19076,19421
2022-10-25,3호선,일원,12382,11914
2022-10-25,3호선,대청,11398,10667
2022-10-25,3호선,학여울,2172,2193
2022-10-25,3호선,대치,12238,12292
2022-10-25,3호선,도곡,5606,5547
2022-10-25,3호선,매봉,14165,13513
2022-10-25,3호선,양재,42006,45632
2022-10-25,3호선,남부터미널,30877,31490
2022-10-25,3호선,교대,16787,11267
2022-10-25,3호선,고속터미널,42925,40375
2022-10-25,3호선,잠원,5463,5333
2022-10-25,3호선,신사,30856,31918
2022-10-25,3호선,압구정,34983,37984
2022-10-25,3호선,옥수,10076,10242
2022-10-25,3호선,금호,9069,8333
2022-10-25,3호선,약수,14462,13713
2022-10-25,3호선,동대입구,11171,12587
2022-10-25,3호선,충무로,1,0
2022-10-25,3호선,을지로3가,11924,12083
2022-10-25,3호선,종로3가,10827,12310
2022-10-25,3호선,안국,28428,30080
2022-10-25,3호선,경복궁,24269,24330
2022-10-25,3호선,독립문,8326,8694
2022-10-25,3호선,무악재,4441,4517
2022-10-25,3호선,홍제,19937,18991
2022-10-25,3호선,녹번,17454,15795
2022-10-25,3호선,불광,17827,19106
2022-10-25,3호선,연신내,39058,36827
2022-10-25,3호선,구파발,23636,22558
2022-10-25,3호선,지축,6509,6316
2022-10-26,3호선,오금,7201,6536
2022-10-26,3호선,경찰병원,8383,8369
2022-10-26,3호선,가락시장,9977,9975
2022-10-26,3호선,수서,19029,19477
2022-10-26,3호선,일원,12231,11842
2022-10-26,3호선,대청,11694,10815
2022-10-26,3호선,학여울,2228,2247
2022-10-26,3호선,대치,12308,12422
2022-10-26,3호선,도곡,5568,5685
2022-10-26,3호선,매봉,14087,13552
2022-10-26,3호선,양재,41800,45932
2022-10-26,3호선,남부터미널,30961,31370
2022-10-26,3호선,교대,16982,11173
2022-10-26,3호선,고속터미널,43541,40750
2022-10-26,3호선,잠원,5521,5372
2022-10-26,3호선,신사,30332,31836
2022-10-26,3호선,압구정,34742,37546
2022-10-26,3호선,옥수,10077,10265
2022-10-26,3호선,금호,9186,8552
2022-10-26,3호선,약수,14630,14102
2022-10-26,3호선,동대입구,11779,13504
2022-10-26,3호선,충무로,3,0
2022-10-26,3호선,을지로3가,12497,12400
2022-10-26,3호선,종로3가,11072,12778
2022-10-26,3호선,안국,31225,31868
2022-10-26,3호선,경복궁,30128,31377
2022-10-26,3호선,독립문,8314,8601
2022-10-26,3호선,무악재,4480,4523
2022-10-26,3호선,홍제,20423,19484
2022-10-26,3호선,녹번,17617,16011
2022-10-26,3호선,불광,17952,19513
2022-10-26,3호선,연신내,39479,37509
2022-10-26,3호선,구파발,23624,22736
2022-10-26,3호선,지축,6618,6432
2022-10-27,3호선,오금,7207,6542
2022-10-27,3호선,경찰병원,8163,8219
2022-10-27,3호선,가락시장,10183,10037
2022-10-27,3호선,수서,19696,19987
2022-10-27,3호선,일원,12002,11674
2022-10-27,3호선,대청,11649,10836
2022-10-27,3호선,학여울,3909,3967
2022-10-27,3호선,대치,12324,12423
2022-10-27,3호선,도곡,5633,5668
2022-10-27,3호선,매봉,13956,13526
2022-10-27,3호선,양재,41996,46331
2022-10-27,3호선,남부터미널,31816,31887
2022-10-27,3호선,교대,17343,11253
2022-10-27,3호선,고속터미널,45106,42348
2022-10-27,3호선,잠원,5628,5371
2022-10-27,3호선,신사,31320,32823
2022-10-27,3호선,압구정,35232,38380
2022-10-27,3호선,옥수,10166,10241
2022-10-27,3호선,금호,9102,8642
2022-10-27,3호선,약수,14778,14067
2022-10-27,3호선,동대입구,11995,13714
2022-10-27,3호선,충무로,3,0
2022-10-27,3호선,을지로3가,12586,12481
2022-10-27,3호선,종로3가,10912,12919
2022-10-27,3호선,안국,30159,31541
2022-10-27,3호선,경복궁,29513,30885
2022-10-27,3호선,독립문,8325,8542
2022-10-27,3호선,무악재,4468,4546
2022-10-27,3호선,홍제,20545,19524
2022-10-27,3호선,녹번,17838,15914
2022-10-27,3호선,불광,18019,19280
2022-10-27,3호선,연신내,39471,37282
2022-10-27,3호선,구파발,23558,22733
2022-10-27,3호선,지축,6527,6282
2022-10-28,3호선,수서,21388,21144
2022-10-28,3호선,지축,6867,6414
2022-10-28,3호선,구파발,23897,23102
2022-10-28,3호선,연신내,40807,38740
2022-10-28,3호선,불광,18569,19873
2022-10-28,3호선,녹번,17685,15540
2022-10-28,3호선,홍제,20751,19501
2022-10-28,3호선,무악재,4518,4440
2022-10-28,3호선,독립문,8606,8739
2022-10-28,3호선,경복궁,31710,33256
2022-10-28,3호선,안국,31713,33122
2022-10-28,3호선,종로3가,11496,13995
2022-10-28,3호선,을지로3가,12874,13350
2022-10-28,3호선,충무로,4,0
2022-10-28,3호선,동대입구,11081,12711
2022-10-28,3호선,약수,15021,14494
2022-10-28,3호선,금호,9586,8809
2022-10-28,3호선,옥수,10592,10700
2022-10-28,3호선,압구정,38016,41364
2022-10-28,3호선,신사,33702,36340
2022-10-28,3호선,잠원,5748,5573
2022-10-28,3호선,고속터미널,54990,54840
2022-10-28,3호선,교대,17380,11194
2022-10-28,3호선,남부터미널,35249,35690
2022-10-28,3호선,양재,43510,46487
2022-10-28,3호선,매봉,13645,13246
2022-10-28,3호선,도곡,5706,5676
2022-10-28,3호선,대치,12874,12982
2022-10-28,3호선,학여울,3772,3936
2022-10-28,3호선,대청,11728,10864
2022-10-28,3호선,일원,11778,11076
2022-10-28,3호선,가락시장,10516,10232
2022-10-28,3호선,경찰병원,8341,8220
2022-10-28,3호선,오금,7325,6696
2022-10-29,3호선,지축,4990,4498
2022-10-29,3호선,구파발,19307,19795
2022-10-29,3호선,연신내,34264,31737
2022-10-29,3호선,불광,14731,16931
2022-10-29,3호선,녹번,12402,11011
2022-10-29,3호선,홍제,15981,14801
2022-10-29,3호선,무악재,3630,3547
2022-10-29,3호선,독립문,8176,8906
2022-10-29,3호선,경복궁,37723,39786
2022-10-29,3호선,안국,34497,37112
2022-10-29,3호선,종로3가,7763,11354
2022-10-29,3호선,을지로3가,8213,8311
2022-10-29,3호선,충무로,1,0
2022-10-29,3호선,동대입구,11625,13924
2022-10-29,3호선,약수,11534,12174
2022-10-29,3호선,금호,7349,6768
2022-10-29,3호선,옥수,8638,8387
2022-10-29,3호선,압구정,28049,30498
2022-10-29,3호선,신사,26843,29757
2022-10-29,3호선,잠원,4484,4193
2022-10-29,3호선,고속터미널,59658,59574
2022-10-29,3호선,교대,9204,5319
2022-10-29,3호선,남부터미널,25983,25670
2022-10-29,3호선,양재,24859,27316
2022-10-29,3호선,매봉,7161,6773
2022-10-29,3호선,도곡,4054,4443
2022-10-29,3호선,대치,11847,10458
2022-10-29,3호선,학여울,3289,3436
2022-10-29,3호선,대청,7287,6684
2022-10-29,3호선,일원,6629,6211
2022-10-29,3호선,수서,16918,16662
2022-10-29,3호선,가락시장,7438,7079
2022-10-29,3호선,경찰병원,4959,4714
2022-10-29,3호선,오금,4735,4422
2022-10-30,3호선,지축,3385,3047
2022-10-30,3호선,구파발,13808,14550
2022-10-30,3호선,연신내,23210,21742
2022-10-30,3호선,불광,11476,13167
2022-10-30,3호선,녹번,8195,7456
2022-10-30,3호선,홍제,10806,10436
2022-10-30,3호선,무악재,2228,2442
2022-10-30,3호선,독립문,5025,5780
2022-10-30,3호선,경복궁,22864,26549
2022-10-30,3호선,안국,21384,22695
2022-10-30,3호선,종로3가,4856,6235
2022-10-30,3호선,을지로3가,4661,4226
2022-10-30,3호선,동대입구,6886,8128
2022-10-30,3호선,약수,7889,7422
2022-10-30,3호선,금호,5223,5031
2022-10-30,3호선,옥수,5762,5912
2022-10-30,3호선,압구정,16346,16753
2022-10-30,3호선,신사,15728,15492
2022-10-30,3호선,잠원,2710,2613
2022-10-30,3호선,고속터미널,48668,46693
2022-10-30,3호선,교대,5319,3156
2022-10-30,3호선,남부터미널,17271,18813
2022-10-30,3호선,양재,16087,17971
2022-10-30,3호선,매봉,4371,4254
2022-10-30,3호선,도곡,2312,2569
2022-10-30,3호선,대치,7749,6538
2022-10-30,3호선,학여울,2473,2600
2022-10-30,3호선,대청,4504,4574
2022-10-30,3호선,일원,4018,4329
2022-10-30,3호선,수서,11843,12252
2022-10-30,3호선,가락시장,4302,4453
2022-10-30,3호선,경찰병원,3067,3207
2022-10-30,3호선,오금,3007,3073
2022-10-31,3호선,지축,6440,6114
2022-10-31,3호선,구파발,22727,22004
2022-10-31,3호선,연신내,37960,36044
2022-10-31,3호선,불광,17204,18330
2022-10-31,3호선,녹번,17240,15481
2022-10-31,3호선,홍제,19120,18216
2022-10-31,3호선,무악재,4266,4425
2022-10-31,3호선,독립문,7523,7729
2022-10-31,3호선,경복궁,26076,27185
2022-10-31,3호선,안국,26223,26783
2022-10-31,3호선,종로3가,10181,12025
2022-10-31,3호선,을지로3가,11627,11646
2022-10-31,3호선,동대입구,11237,12602
2022-10-31,3호선,약수,13927,13363
2022-10-31,3호선,금호,8579,7921
2022-10-31,3호선,옥수,9625,9786
2022-10-31,3호선,압구정,32627,35266
2022-10-31,3호선,신사,29125,30441
2022-10-31,3호선,잠원,5354,5113
2022-10-31,3호선,고속터미널,42015,40727
2022-10-31,3호선,교대,15339,10441
2022-10-31,3호선,남부터미널,29802,30985
2022-10-31,3호선,양재,39231,42897
2022-10-31,3호선,매봉,13265,12756
2022-10-31,3호선,도곡,5571,5524
2022-10-31,3호선,대치,11760,11989
2022-10-31,3호선,학여울,1939,1964
2022-10-31,3호선,대청,11373,10563
2022-10-31,3호선,일원,12255,12017
2022-10-31,3호선,수서,18428,18976
2022-10-31,3호선,가락시장,9450,9348
2022-10-31,3호선,경찰병원,7992,8157
2022-10-31,3호선,오금,6818,6149
2022-11-01,3호선,지축,6486,6287
2022-11-01,3호선,구파발,23220,22360
2022-11-01,3호선,연신내,38390,36305
2022-11-01,3호선,불광,17498,18759
2022-11-01,3호선,녹번,17722,16022
2022-11-01,3호선,홍제,19556,18773
2022-11-01,3호선,무악재,4349,4474
2022-11-01,3호선,독립문,8110,8390
2022-11-01,3호선,경복궁,24120,24089
2022-11-01,3호선,안국,27518,28984
2022-11-01,3호선,종로3가,10566,12265
2022-11-01,3호선,충무로,1,0
2022-11-01,3호선,동대입구,11288,12874
2022-11-01,3호선,약수,13982,13639
2022-11-01,3호선,금호,8781,8082
2022-11-01,3호선,옥수,9591,9885
2022-11-01,3호선,압구정,33434,36046
2022-11-01,3호선,신사,29914,31131
2022-11-01,3호선,잠원,5384,5176
2022-11-01,3호선,고속터미널,40259,38727
2022-11-01,3호선,을지로3가,11711,11617
2022-11-01,3호선,교대,16210,10587
2022-11-01,3호선,남부터미널,30364,30955
2022-11-01,3호선,양재,40677,44306
2022-11-01,3호선,매봉,13854,13314
2022-11-01,3호선,도곡,5400,5454
2022-11-01,3호선,대치,12092,12250
2022-11-01,3호선,학여울,2200,2183
2022-11-01,3호선,대청,11286,10673
2022-11-01,3호선,일원,12179,11893
2022-11-01,3호선,수서,18463,19096
2022-11-01,3호선,가락시장,9682,9552
2022-11-01,3호선,경찰병원,8092,8046
2022-11-01,3호선,오금,7008,6208
2022-11-02,3호선,지축,6570,6339
2022-11-02,3호선,구파발,23584,22660
2022-11-02,3호선,연신내,39124,37001
2022-11-02,3호선,불광,18186,19586
2022-11-02,3호선,녹번,17502,15835
2022-11-02,3호선,홍제,20101,18792
2022-11-02,3호선,무악재,4399,4624
2022-11-02,3호선,독립문,7971,8173
2022-11-02,3호선,경복궁,29821,31361
2022-11-02,3호선,안국,30135,30699
2022-11-02,3호선,종로3가,10775,12333
2022-11-02,3호선,을지로3가,12302,12089
2022-11-02,3호선,충무로,1,0
2022-11-02,3호선,동대입구,12055,13825
2022-11-02,3호선,약수,14273,13674
2022-11-02,3호선,금호,8709,8197
2022-11-02,3호선,옥수,9818,9995
2022-11-02,3호선,압구정,33647,36465
2022-11-02,3호선,신사,29968,31052
2022-11-02,3호선,잠원,5445,5301
2022-11-02,3호선,고속터미널,41213,39392
2022-11-02,3호선,교대,16281,10475
2022-11-02,3호선,남부터미널,30249,31242
2022-11-02,3호선,양재,41362,45152
2022-11-02,3호선,매봉,14075,13365
2022-11-02,3호선,도곡,5603,5752
2022-11-02,3호선,대치,11773,12161
2022-11-02,3호선,학여울,2203,2203
2022-11-02,3호선,대청,11441,10666
2022-11-02,3호선,일원,12052,11604
2022-11-02,3호선,수서,19156,19537
2022-11-02,3호선,가락시장,9805,9788
2022-11-02,3호선,경찰병원,8150,8044
2022-11-02,3호선,오금,7040,6338
2022-11-03,3호선,지축,6509,6304
2022-11-03,3호선,구파발,22658,21696
2022-11-03,3호선,연신내,38275,36540
2022-11-03,3호선,불광,17726,19092
2022-11-03,3호선,녹번,17514,15957
2022-11-03,3호선,홍제,20153,19276
2022-11-03,3호선,무악재,4429,4548
2022-11-03,3호선,독립문,7964,8291
2022-11-03,3호선,경복궁,28439,29229
2022-11-03,3호선,안국,29024,29982
2022-11-03,3호선,종로3가,10819,12334
2022-11-03,3호선,을지로3가,12016,11897
2022-11-03,3호선,충무로,3,0
2022-11-03,3호선,동대입구,12507,14470
2022-11-03,3호선,약수,14417,13874
2022-11-03,3호선,금호,8867,8103
2022-11-03,3호선,옥수,9747,9847
2022-11-03,3호선,압구정,33416,36199
2022-11-03,3호선,신사,30381,31791
2022-11-03,3호선,잠원,5443,5285
2022-11-03,3호선,고속터미널,43358,41509
2022-11-03,3호선,교대,16385,10869
2022-11-03,3호선,남부터미널,31464,31983
2022-11-03,3호선,양재,41745,45466
2022-11-03,3호선,매봉,13768,13234
2022-11-03,3호선,도곡,5627,5700
2022-11-03,3호선,대치,12112,12472
2022-11-03,3호선,학여울,3102,3212
2022-11-03,3호선,대청,11503,10560
2022-11-03,3호선,일원,11984,11615
2022-11-03,3호선,수서,19180,19689
2022-11-03,3호선,가락시장,9899,9746
2022-11-03,3호선,경찰병원,8259,8298
2022-11-03,3호선,오금,6947,6442
2022-11-04,3호선,지축,6627,6368
2022-11-04,3호선,구파발,23091,22213
2022-11-04,3호선,연신내,39329,37579
2022-11-04,3호선,불광,17425,18818
2022-11-04,3호선,녹번,17566,15671
2022-11-04,3호선,홍제,20096,19079
2022-11-04,3호선,무악재,4509,4510
2022-11-04,3호선,독립문,8345,8186
2022-11-04,3호선,경복궁,30210,30833
2022-11-04,3호선,안국,31659,32333
2022-11-04,3호선,종로3가,11084,13438
2022-11-04,3호선,을지로3가,12743,12837
2022-11-04,3호선,충무로,2,0
2022-11-04,3호선,동대입구,10748,11846
2022-11-04,3호선,약수,14688,14189
2022-11-04,3호선,금호,8926,8326
2022-11-04,3호선,옥수,10018,10198
2022-11-04,3호선,압구정,36343,39808
2022-11-04,3호선,신사,32916,35252
2022-11-04,3호선,잠원,5559,5450
2022-11-04,3호선,고속터미널,53308,55282
2022-11-04,3호선,교대,16554,10858
2022-11-04,3호선,남부터미널,34434,35366
2022-11-04,3호선,양재,42839,45414
2022-11-04,3호선,매봉,13813,13195
2022-11-04,3호선,도곡,5598,5710
2022-11-04,3호선,대치,12428,12668
2022-11-04,3호선,학여울,2906,2942
2022-11-04,3호선,대청,11649,10893
2022-11-04,3호선,일원,11859,11029
2022-11-04,3호선,수서,21031,20791
2022-11-04,3호선,가락시장,10286,10218
2022-11-04,3호선,경찰병원,8242,8301
2022-11-04,3호선,오금,6935,6297
2022-11-05,3호선,지축,4462,4302
2022-11-05,3호선,구파발,17758,18087
2022-11-05,3호선,연신내,31525,29648
2022-11-05,3호선,불광,14487,16230
2022-11-05,3호선,녹번,11598,10017
2022-11-05,3호선,홍제,15300,14038
2022-11-05,3호선,무악재,3085,3123
2022-11-05,3호선,독립문,6697,7530
2022-11-05,3호선,경복궁,29740,33642
2022-11-05,3호선,안국,29678,33701
2022-11-05,3호선,종로3가,7555,10261
2022-11-05,3호선,을지로3가,6532,6765
2022-11-05,3호선,충무로,3,0
2022-11-05,3호선,동대입구,9107,10953
2022-11-05,3호선,약수,10114,9547
2022-11-05,3호선,금호,6429,5734
2022-11-05,3호선,옥수,7945,7904
2022-11-05,3호선,압구정,26639,28832
2022-11-05,3호선,신사,26143,27807
2022-11-05,3호선,잠원,3958,3718
2022-11-05,3호선,고속터미널,56560,58118
2022-11-05,3호선,교대,8473,5034
2022-11-05,3호선,남부터미널,24223,23791
2022-11-05,3호선,양재,23425,25457
2022-11-05,3호선,매봉,6907,6652
2022-11-05,3호선,도곡,3681,3893
2022-11-05,3호선,대치,11033,9823
2022-11-05,3호선,학여울,2124,2296
2022-11-05,3호선,대청,6482,6077
2022-11-05,3호선,일원,5753,5638
2022-11-05,3호선,수서,15483,15249
2022-11-05,3호선,가락시장,6972,6706
2022-11-05,3호선,경찰병원,4832,4548
2022-11-05,3호선,오금,4572,4449
2022-11-06,3호선,교대,5320,3180
2022-11-06,3호선,남부터미널,17487,18265
2022-11-06,3호선,양재,16316,18790
2022-11-06,3호선,매봉,4634,4515
2022-11-06,3호선,도곡,2376,2616
2022-11-06,3호선,대치,7862,6794
2022-11-06,3호선,학여울,1024,1039
2022-11-06,3호선,대청,4715,4682
2022-11-06,3호선,일원,4127,4308
2022-11-06,3호선,수서,12089,12220
2022-11-06,3호선,가락시장,4399,4677
2022-11-06,3호선,경찰병원,3232,3300
2022-11-06,3호선,오금,3167,3079
2022-11-06,3호선,고속터미널,49738,46007
2022-11-06,3호선,잠원,2534,2406
2022-11-06,3호선,신사,14960,15254
2022-11-06,3호선,압구정,15675,16426
2022-11-06,3호선,옥수,5464,5644
2022-11-06,3호선,금호,4885,4519
2022-11-06,3호선,약수,7664,7423
2022-11-06,3호선,동대입구,8365,9652
2022-11-06,3호선,충무로,4,0
2022-11-06,3호선,을지로3가,4706,4362
2022-11-06,3호선,종로3가,4764,6086
2022-11-06,3호선,안국,21644,22884
2022-11-06,3호선,경복궁,23152,26508
2022-11-06,3호선,지축,3181,2939
2022-11-06,3호선,구파발,13090,13535
2022-11-06,3호선,연신내,22767,21149
2022-11-06,3호선,불광,10405,11902
2022-11-06,3호선,녹번,8313,7364
2022-11-06,3호선,홍제,11106,10490
2022-11-06,3호선,무악재,2231,2299
2022-11-06,3호선,독립문,4933,5615
2022-11-07,3호선,오금,7147,6257
2022-11-07,3호선,경찰병원,8138,8172
2022-11-07,3호선,가락시장,9715,9542
2022-11-07,3호선,수서,19385,19947
2022-11-07,3호선,일원,11970,11586
2022-11-07,3호선,대청,11221,10419
2022-11-07,3호선,학여울,2109,2097
2022-11-07,3호선,대치,11658,12136
2022-11-07,3호선,도곡,5566,5425
2022-11-07,3호선,매봉,13440,12885
2022-11-07,3호선,양재,40014,43309
2022-11-07,3호선,남부터미널,30429,31453
2022-11-07,3호선,교대,15747,10736
2022-11-07,3호선,고속터미널,45742,44638
2022-11-07,3호선,잠원,5365,5070
2022-11-07,3호선,신사,28977,29982
2022-11-07,3호선,압구정,32693,35373
2022-11-07,3호선,옥수,9463,9593
2022-11-07,3호선,금호,8473,7917
2022-11-07,3호선,약수,13894,13311
2022-11-07,3호선,동대입구,10886,12325
2022-11-07,3호선,을지로3가,11739,11494
2022-11-07,3호선,종로3가,10013,11148
2022-11-07,3호선,안국,25627,26326
2022-11-07,3호선,경복궁,24912,25728
2022-11-07,3호선,독립문,7385,7568
2022-11-07,3호선,무악재,4250,4249
2022-11-07,3호선,홍제,19002,18315
2022-11-07,3호선,녹번,16993,15313
2022-11-07,3호선,불광,16858,17753
2022-11-07,3호선,연신내,37386,35256
2022-11-07,3호선,구파발,22355,21375
2022-11-07,3호선,지축,6538,6293
2022-11-08,3호선,지축,6645,6481
2022-11-08,3호선,구파발,22934,22288
2022-11-08,3호선,연신내,38434,36564
2022-11-08,3호선,불광,17799,18804
2022-11-08,3호선,녹번,17580,15810
2022-11-08,3호선,홍제,19831,18756
2022-11-08,3호선,무악재,4551,4611
2022-11-08,3호선,독립문,7914,8294
2022-11-08,3호선,경복궁,24859,25389
2022-11-08,3호선,안국,27501,29202
2022-11-08,3호선,종로3가,10711,11974
2022-11-08,3호선,을지로3가,11779,12007
2022-11-08,3호선,충무로,1,0
2022-11-08,3호선,동대입구,11710,13182
2022-11-08,3호선,약수,14028,13777
2022-11-08,3호선,금호,8894,8102
2022-11-08,3호선,옥수,10073,10275
2022-11-08,3호선,압구정,34511,37652
2022-11-08,3호선,신사,30330,31415
2022-11-08,3호선,잠원,5515,5344
2022-11-08,3호선,고속터미널,41926,40071
2022-11-08,3호선,교대,16556,10877
2022-11-08,3호선,남부터미널,30948,31767
2022-11-08,3호선,양재,41946,45463
2022-11-08,3호선,매봉,13950,13313
2022-11-08,3호선,도곡,5694,5594
2022-11-08,3호선,대치,12181,12192
2022-11-08,3호선,학여울,3078,3206
2022-11-08,3호선,대청,11495,10669
2022-11-08,3호선,일원,12538,12081
2022-11-08,3호선,수서,18800,19123
2022-11-08,3호선,가락시장,9965,9810
2022-11-08,3호선,경찰병원,8128,8027
2022-11-08,3호선,오금,8295,6488
2022-11-09,3호선,지축,6684,6513
2022-11-09,3호선,구파발,22830,22206
2022-11-09,3호선,연신내,38926,36639
2022-11-09,3호선,불광,17812,18849
2022-11-09,3호선,녹번,17350,15836
2022-11-09,3호선,홍제,19880,19019
2022-11-09,3호선,무악재,4404,4583
2022-11-09,3호선,독립문,7919,8163
2022-11-09,3호선,경복궁,27942,29494
2022-11-09,3호선,안국,28899,30250
2022-11-09,3호선,종로3가,10813,12498
2022-11-09,3호선,을지로3가,12281,12358
2022-11-09,3호선,동대입구,11503,13181
2022-11-09,3호선,약수,14552,14019
2022-11-09,3호선,금호,8838,8126
2022-11-09,3호선,옥수,9822,9975
2022-11-09,3호선,압구정,33923,36736
2022-11-09,3호선,신사,29720,30910
2022-11-09,3호선,잠원,5652,5327
2022-11-09,3호선,고속터미널,41841,40042
2022-11-09,3호선,교대,16748,10901
2022-11-09,3호선,남부터미널,30956,31506
2022-11-09,3호선,양재,42053,45580
2022-11-09,3호선,매봉,14103,13333
2022-11-09,3호선,도곡,5575,5595
2022-11-09,3호선,대치,11869,12125
2022-11-09,3호선,학여울,3222,3329
2022-11-09,3호선,대청,11461,10803
2022-11-09,3호선,일원,12590,11924
2022-11-09,3호선,수서,19083,19249
2022-11-09,3호선,가락시장,10124,9806
2022-11-09,3호선,경찰병원,8362,8169
2022-11-09,3호선,오금,8567,6363
2022-11-10,3호선,지축,6585,6346
2022-11-10,3호선,구파발,22806,21925
2022-11-10,3호선,연신내,38434,36442
2022-11-10,3호선,불광,17738,18924
2022-11-10,3호선,녹번,17508,15871
2022-11-10,3호선,홍제,19902,19059
2022-11-10,3호선,무악재,4440,4492
2022-11-10,3호선,독립문,7968,8236
2022-11-10,3호선,경복궁,28006,29123
2022-11-10,3호선,안국,28120,29691
2022-11-10,3호선,종로3가,10562,12488
2022-11-10,3호선,을지로3가,12273,12428
2022-11-10,3호선,동대입구,14169,16183
2022-11-10,3호선,약수,14406,13843
2022-11-10,3호선,금호,9032,8113
2022-11-10,3호선,옥수,9851,10026
2022-11-10,3호선,압구정,34839,37754
2022-11-10,3호선,신사,30932,32306
2022-11-10,3호선,잠원,5540,5412
2022-11-10,3호선,고속터미널,44057,42078
2022-11-10,3호선,교대,17049,11188
2022-11-10,3호선,남부터미널,31322,31702
2022-11-10,3호선,양재,42113,45965
2022-11-10,3호선,매봉,14101,13508
2022-11-10,3호선,도곡,5708,5647
2022-11-10,3호선,대치,11959,12266
2022-11-10,3호선,학여울,2924,3093
2022-11-10,3호선,대청,11700,10895
2022-11-10,3호선,일원,12337,11587
2022-11-10,3호선,수서,19163,19444
2022-11-10,3호선,가락시장,10142,9855
2022-11-10,3호선,경찰병원,8087,8144
2022-11-10,3호선,오금,8282,6494
2022-11-11,3호선,지축,6761,6540
2022-11-11,3호선,구파발,23328,22461
2022-11-11,3호선,연신내,39958,37879
2022-11-11,3호선,불광,17786,18914
2022-11-11,3호선,녹번,17838,15737
2022-11-11,3호선,홍제,19872,18661
2022-11-11,3호선,무악재,4538,4480
2022-11-11,3호선,독립문,7961,8084
2022-11-11,3호선,경복궁,28978,29772
2022-11-11,3호선,안국,30418,32552
2022-11-11,3호선,종로3가,11194,13580
2022-11-11,3호선,을지로3가,12583,13188
2022-11-11,3호선,동대입구,12613,14788
2022-11-11,3호선,약수,14863,14182
2022-11-11,3호선,금호,9110,8191
2022-11-11,3호선,옥수,10372,10331
2022-11-11,3호선,압구정,37091,41064
2022-11-11,3호선,신사,33141,35554
2022-11-11,3호선,잠원,6183,5614
2022-11-11,3호선,고속터미널,53189,55364
2022-11-11,3호선,교대,17155,11165
2022-11-11,3호선,남부터미널,34754,35527
2022-11-11,3호선,양재,42491,45169
2022-11-11,3호선,매봉,13952,13490
2022-11-11,3호선,도곡,5904,5572
2022-11-11,3호선,대치,12531,12737
2022-11-11,3호선,학여울,2320,2315
2022-11-11,3호선,대청,11881,11073
2022-11-11,3호선,일원,12179,11168
2022-11-11,3호선,수서,20591,20908
2022-11-11,3호선,가락시장,10411,10159
2022-11-11,3호선,경찰병원,8276,8269
2022-11-11,3호선,오금,7418,6264
2022-11-12,3호선,경찰병원,4566,4550
2022-11-12,3호선,오금,4044,3836
2022-11-12,3호선,불광,13505,14992
2022-11-12,3호선,연신내,29886,28389
2022-11-12,3호선,구파발,16282,16796
2022-11-12,3호선,지축,4192,3902
2022-11-12,3호선,녹번,11554,10271
2022-11-12,3호선,홍제,14560,14293
2022-11-12,3호선,무악재,3463,3440
2022-11-12,3호선,독립문,7048,7210
2022-11-12,3호선,경복궁,26429,25943
2022-11-12,3호선,안국,29217,29485
2022-11-12,3호선,종로3가,7176,9748
2022-11-12,3호선,을지로3가,7551,7572
2022-11-12,3호선,동대입구,9211,10277
2022-11-12,3호선,약수,10064,9583
2022-11-12,3호선,금호,6253,5640
2022-11-12,3호선,옥수,7256,7443
2022-11-12,3호선,압구정,27679,29576
2022-11-12,3호선,신사,24780,26387
2022-11-12,3호선,잠원,3855,3689
2022-11-12,3호선,고속터미널,56868,57846
2022-11-12,3호선,교대,8548,4993
2022-11-12,3호선,남부터미널,24287,24587
2022-11-12,3호선,양재,23814,25569
2022-11-12,3호선,매봉,6779,6568
2022-11-12,3호선,도곡,3733,3638
2022-11-12,3호선,대치,9298,8618
2022-11-12,3호선,학여울,3113,3173
2022-11-12,3호선,대청,6409,5959
2022-11-12,3호선,일원,5835,5732
2022-11-12,3호선,수서,15955,15671
2022-11-12,3호선,가락시장,6913,6669
2022-11-13,3호선,지축,3041,2853
2022-11-13,3호선,구파발,11835,12186
2022-11-13,3호선,연신내,21591,20579
2022-11-13,3호선,불광,9854,10926
2022-11-13,3호선,녹번,7769,6953
2022-11-13,3호선,홍제,9903,9491
2022-11-13,3호선,무악재,2147,2218
2022-11-13,3호선,독립문,4497,4828
2022-11-13,3호선,경복궁,16779,18793
2022-11-13,3호선,안국,18232,19135
2022-11-13,3호선,종로3가,4535,5661
2022-11-13,3호선,을지로3가,4279,4011
2022-11-13,3호선,동대입구,5770,6679
2022-11-13,3호선,약수,7106,6906
2022-11-13,3호선,금호,4527,4293
2022-11-13,3호선,옥수,5156,5355
2022-11-13,3호선,압구정,15876,16667
2022-11-13,3호선,신사,15232,15249
2022-11-13,3호선,잠원,2512,2375
2022-11-13,3호선,고속터미널,48711,44825
2022-11-13,3호선,교대,5042,3073
2022-11-13,3호선,남부터미널,17630,18506
2022-11-13,3호선,양재,15311,17396
2022-11-13,3호선,매봉,4188,4170
2022-11-13,3호선,도곡,2071,2130
2022-11-13,3호선,대치,5953,5368
2022-11-13,3호선,학여울,2251,2353
2022-11-13,3호선,대청,4377,4278
2022-11-13,3호선,일원,3760,3798
2022-11-13,3호선,수서,11419,11584
2022-11-13,3호선,가락시장,4218,4386
2022-11-13,3호선,경찰병원,2934,3055
2022-11-13,3호선,오금,3116,3025
2022-11-14,3호선,지축,6471,6278
2022-11-14,3호선,구파발,22321,21205
2022-11-14,3호선,연신내,36864,35063
2022-11-14,3호선,불광,16853,17576
2022-11-14,3호선,녹번,16753,15351
2022-11-14,3호선,홍제,18939,18209
2022-11-14,3호선,무악재,4303,4356
2022-11-14,3호선,독립문,7254,7471
2022-11-14,3호선,경복궁,24565,25405
2022-11-14,3호선,안국,25421,25791
2022-11-14,3호선,종로3가,10367,11915
2022-11-14,3호선,을지로3가,11852,11660
2022-11-14,3호선,충무로,2,0
2022-11-14,3호선,동대입구,11013,12588
2022-11-14,3호선,약수,13356,13082
2022-11-14,3호선,금호,8333,7802
2022-11-14,3호선,옥수,9223,9407
2022-11-14,3호선,압구정,33354,36294
2022-11-14,3호선,신사,28801,29687
2022-11-14,3호선,잠원,5266,5039
2022-11-14,3호선,고속터미널,37672,36302
2022-11-14,3호선,교대,16006,10768
2022-11-14,3호선,남부터미널,29845,30927
2022-11-14,3호선,양재,39836,43422
2022-11-14,3호선,매봉,13433,12984
2022-11-14,3호선,도곡,5588,5347
2022-11-14,3호선,대치,11817,11846
2022-11-14,3호선,학여울,2012,2021
2022-11-14,3호선,대청,11079,10446
2022-11-14,3호선,일원,11696,11394
2022-11-14,3호선,수서,18474,19031
2022-11-14,3호선,가락시장,9595,9512
2022-11-14,3호선,경찰병원,8094,8070
2022-11-14,3호선,오금,6946,6105
2022-11-15,3호선,지축,6496,6229
2022-11-15,3호선,구파발,23006,22079
2022-11-15,3호선,연신내,37597,35536
2022-11-15,3호선,불광,17403,18561
2022-11-15,3호선,녹번,17268,15704
2022-11-15,3호선,홍제,19636,18661
2022-11-15,3호선,무악재,4401,4400
2022-11-15,3호선,독립문,7757,8019
2022-11-15,3호선,경복궁,23441,23587
2022-11-15,3호선,안국,25879,27456
2022-11-15,3호선,종로3가,10393,12057
2022-11-15,3호선,을지로3가,11829,11712
2022-11-15,3호선,충무로,2,0
2022-11-15,3호선,동대입구,13103,14390
2022-11-15,3호선,약수,13632,13285
2022-11-15,3호선,금호,8714,8064
2022-11-15,3호선,옥수,9488,9731
2022-11-15,3호선,압구정,35066,37653
2022-11-15,3호선,신사,30364,31146
2022-11-15,3호선,잠원,5391,5491
2022-11-15,3호선,고속터미널,42208,40033
2022-11-15,3호선,교대,16725,11071
2022-11-15,3호선,남부터미널,30681,31331
2022-11-15,3호선,양재,41343,44658
2022-11-15,3호선,매봉,13965,13367
2022-11-15,3호선,도곡,5540,5376
2022-11-15,3호선,대치,11815,12186
2022-11-15,3호선,학여울,2162,2290
2022-11-15,3호선,대청,11295,10628
2022-11-15,3호선,일원,11947,11520
2022-11-15,3호선,수서,18769,19209
2022-11-15,3호선,가락시장,9676,9640
2022-11-15,3호선,경찰병원,8067,8048
2022-11-15,3호선,오금,7057,6303
2022-11-16,3호선,오금,7092,6282
2022-11-16,3호선,경찰병원,8051,8177
2022-11-16,3호선,가락시장,9965,9850
2022-11-16,3호선,수서,18876,19127
2022-11-16,3호선,일원,12018,11476
2022-11-16,3호선,대청,12032,11133
2022-11-16,3호선,학여울,2304,2909
2022-11-16,3호선,대치,11533,12330
2022-11-16,3호선,도곡,5822,6065
2022-11-16,3호선,매봉,13902,13584
2022-11-16,3호선,양재,41793,45247
2022-11-16,3호선,남부터미널,30729,31157
2022-11-16,3호선,교대,16954,11111
2022-11-16,3호선,고속터미널,42202,40380
2022-11-16,3호선,잠원,5451,5964
2022-11-16,3호선,신사,29839,30728
2022-11-16,3호선,압구정,34189,36565
2022-11-16,3호선,옥수,9881,10410
2022-11-16,3호선,약수,14172,13852
2022-11-16,3호선,동대입구,11260,12889
2022-11-16,3호선,충무로,3,0
2022-11-16,3호선,을지로3가,12006,11736
2022-11-16,3호선,종로3가,10744,12396
2022-11-16,3호선,안국,28048,28574
2022-11-16,3호선,경복궁,26563,26413
2022-11-16,3호선,독립문,8155,8142
2022-11-16,3호선,무악재,4515,4427
2022-11-16,3호선,홍제,19664,18617
2022-11-16,3호선,녹번,17579,15753
2022-11-16,3호선,불광,17685,18816
2022-11-16,3호선,연신내,38874,36561
2022-11-16,3호선,구파발,23165,22378
2022-11-16,3호선,지축,6788,6448
2022-11-16,3호선,금호,8701,8186
2022-11-17,3호선,지축,6620,6404
2022-11-17,3호선,구파발,22776,21847
2022-11-17,3호선,연신내,38175,36244
2022-11-17,3호선,불광,17564,18668
2022-11-17,3호선,녹번,17242,15563
2022-11-17,3호선,홍제,19513,18516
2022-11-17,3호선,무악재,4514,4511
2022-11-17,3호선,독립문,8233,8268
2022-11-17,3호선,경복궁,26319,26863
2022-11-17,3호선,안국,27545,28609
2022-11-17,3호선,을지로3가,11891,11950
2022-11-17,3호선,충무로,1,0
2022-11-17,3호선,동대입구,11445,13161
2022-11-17,3호선,약수,13688,13337
2022-11-17,3호선,금호,8702,7890
2022-11-17,3호선,옥수,9709,9913
2022-11-17,3호선,압구정,34720,37429
2022-11-17,3호선,신사,30125,31711
2022-11-17,3호선,잠원,5452,5182
2022-11-17,3호선,고속터미널,43876,42693
2022-11-17,3호선,교대,16468,10690
2022-11-17,3호선,남부터미널,31191,31701
2022-11-17,3호선,양재,41342,44924
2022-11-17,3호선,매봉,13598,13146
2022-11-17,3호선,도곡,5843,5846
2022-11-17,3호선,대치,11818,11865
2022-11-17,3호선,학여울,1961,2125
2022-11-17,3호선,대청,11300,10576
2022-11-17,3호선,일원,11879,11323
2022-11-17,3호선,수서,19086,19230
2022-11-17,3호선,가락시장,9740,9735
2022-11-17,3호선,경찰병원,8052,8021
2022-11-17,3호선,오금,6877,6205
2022-11-17,3호선,종로3가,10796,12543
2022-11-18,3호선,오금,6855,6168
2022-11-18,3호선,경찰병원,8088,8131
2022-11-18,3호선,가락시장,10288,10280
2022-11-18,3호선,수서,20870,20499
2022-11-18,3호선,일원,11345,10663
2022-11-18,3호선,대청,10923,10479
2022-11-18,3호선,학여울,2137,2183
2022-11-18,3호선,대치,13495,13422
2022-11-18,3호선,도곡,5434,5266
2022-11-18,3호선,매봉,13652,13232
2022-11-18,3호선,양재,42178,45063
2022-11-18,3호선,남부터미널,35029,35656
2022-11-18,3호선,교대,17010,11110
2022-11-18,3호선,고속터미널,54133,56241
2022-11-18,3호선,잠원,5526,5274
2022-11-18,3호선,신사,33241,35709
2022-11-18,3호선,압구정,36389,40134
2022-11-18,3호선,옥수,10130,10018
2022-11-18,3호선,금호,8878,7932
2022-11-18,3호선,약수,13901,13464
2022-11-18,3호선,동대입구,10929,12052
2022-11-18,3호선,충무로,4,0
2022-11-18,3호선,을지로3가,12280,12628
2022-11-18,3호선,종로3가,11041,13759
2022-11-18,3호선,안국,28869,30077
2022-11-18,3호선,경복궁,26871,27265
2022-11-18,3호선,독립문,7865,7935
2022-11-18,3호선,무악재,4497,4498
2022-11-18,3호선,홍제,19585,18344
2022-11-18,3호선,녹번,17438,15366
2022-11-18,3호선,불광,17617,18743
2022-11-18,3호선,연신내,38748,36908
2022-11-18,3호선,구파발,23103,22114
2022-11-18,3호선,지축,6671,6434
2022-11-19,3호선,지축,4631,4195
2022-11-19,3호선,구파발,16961,17435
2022-11-19,3호선,연신내,31016,29258
2022-11-19,3호선,불광,13850,15569
2022-11-19,3호선,녹번,11949,10359
2022-11-19,3호선,홍제,14917,14123
2022-11-19,3호선,무악재,3414,3421
2022-11-19,3호선,독립문,7163,7620
2022-11-19,3호선,경복궁,25869,27141
2022-11-19,3호선,안국,26976,30279
2022-11-19,3호선,종로3가,6980,10329
2022-11-19,3호선,을지로3가,6757,7242
2022-11-19,3호선,충무로,1,0
2022-11-19,3호선,동대입구,10126,12019
2022-11-19,3호선,약수,10165,9628
2022-11-19,3호선,금호,6403,5653
2022-11-19,3호선,옥수,7830,7705
2022-11-19,3호선,압구정,28811,31005
2022-11-19,3호선,신사,26116,27970
2022-11-19,3호선,잠원,4017,3786
2022-11-19,3호선,고속터미널,58131,58076
2022-11-19,3호선,교대,8492,5170
2022-11-19,3호선,남부터미널,25246,25250
2022-11-19,3호선,양재,23316,25457
2022-11-19,3호선,매봉,6895,6662
2022-11-19,3호선,도곡,3822,3855
2022-11-19,3호선,대치,9852,9482
2022-11-19,3호선,학여울,1411,1398
2022-11-19,3호선,대청,6825,6307
2022-11-19,3호선,일원,5984,5759
2022-11-19,3호선,수서,16280,16203
2022-11-19,3호선,가락시장,7347,7000
2022-11-19,3호선,경찰병원,4735,4557
2022-11-19,3호선,오금,4385,4250
2022-11-20,3호선,지축,3204,2970
2022-11-20,3호선,구파발,12690,13528
2022-11-20,3호선,연신내,22332,21032
2022-11-20,3호선,불광,10425,11903
2022-11-20,3호선,녹번,8400,7575
2022-11-20,3호선,홍제,10572,9957
2022-11-20,3호선,무악재,2384,2478
2022-11-20,3호선,독립문,4931,5554
2022-11-20,3호선,경복궁,17933,20623
2022-11-20,3호선,안국,19240,20286
2022-11-20,3호선,종로3가,4610,5814
2022-11-20,3호선,을지로3가,4639,4192
2022-11-20,3호선,충무로,2,0
2022-11-20,3호선,동대입구,13506,13628
2022-11-20,3호선,약수,7841,7547
2022-11-20,3호선,금호,4838,4502
2022-11-20,3호선,옥수,5642,5869
2022-11-20,3호선,압구정,16925,17683
2022-11-20,3호선,신사,14939,15449
2022-11-20,3호선,잠원,2570,2461
2022-11-20,3호선,고속터미널,50145,46328
2022-11-20,3호선,교대,5030,3072
2022-11-20,3호선,남부터미널,17795,18663
2022-11-20,3호선,양재,15944,18041
2022-11-20,3호선,매봉,4627,4641
2022-11-20,3호선,도곡,2434,2409
2022-11-20,3호선,대치,6164,5874
2022-11-20,3호선,학여울,1084,1109
2022-11-20,3호선,대청,4754,4766
2022-11-20,3호선,일원,4085,4132
2022-11-20,3호선,수서,12356,12968
2022-11-20,3호선,가락시장,4423,4622
2022-11-20,3호선,경찰병원,3131,3262
2022-11-20,3호선,오금,3199,3085
2022-11-21,3호선,오금,6999,6254
2022-11-21,3호선,경찰병원,8083,8095
2022-11-21,3호선,가락시장,9532,9445
2022-11-21,3호선,수서,18582,19206
2022-11-21,3호선,일원,11842,11460
2022-11-21,3호선,대청,11466,10569
2022-11-21,3호선,학여울,2093,2072
2022-11-21,3호선,대치,13141,13412
2022-11-21,3호선,도곡,5586,5350
2022-11-21,3호선,매봉,13586,12909
2022-11-21,3호선,양재,39990,43298
2022-11-21,3호선,남부터미널,30115,31195
2022-11-21,3호선,교대,16066,10892
2022-11-21,3호선,고속터미널,42336,40529
2022-11-21,3호선,잠원,5387,5111
2022-11-21,3호선,신사,29633,30642
2022-11-21,3호선,압구정,31330,34014
2022-11-21,3호선,옥수,9236,9639
2022-11-21,3호선,금호,8355,7773
2022-11-21,3호선,약수,13798,13552
2022-11-21,3호선,동대입구,11190,12608
2022-11-21,3호선,을지로3가,11686,11620
2022-11-21,3호선,종로3가,10322,11802
2022-11-21,3호선,안국,25316,25843
2022-11-21,3호선,경복궁,24672,25457
2022-11-21,3호선,독립문,7539,7749
2022-11-21,3호선,무악재,4332,4451
2022-11-21,3호선,홍제,19046,18250
2022-11-21,3호선,녹번,16939,15497
2022-11-21,3호선,불광,16926,18188
2022-11-21,3호선,연신내,37432,35379
2022-11-21,3호선,구파발,22766,21752
2022-11-21,3호선,지축,6569,6394
2022-11-22,3호선,오금,7127,6369
2022-11-22,3호선,경찰병원,8272,8265
2022-11-22,3호선,가락시장,9778,9608
2022-11-22,3호선,수서,18703,19254
2022-11-22,3호선,일원,12108,11749
2022-11-22,3호선,대청,11400,10528
2022-11-22,3호선,학여울,2314,2375
2022-11-22,3호선,대치,13570,13876
2022-11-22,3호선,도곡,5516,5496
2022-11-22,3호선,매봉,14071,13436
2022-11-22,3호선,양재,41867,45094
2022-11-22,3호선,남부터미널,30833,31680
2022-11-22,3호선,교대,17096,11149
2022-11-22,3호선,고속터미널,41673,39531
2022-11-22,3호선,잠원,5319,5053
2022-11-22,3호선,신사,30824,31778
2022-11-22,3호선,압구정,35253,38109
2022-11-22,3호선,옥수,9429,9792
2022-11-22,3호선,금호,8640,8099
2022-11-22,3호선,동대입구,11549,12808
2022-11-22,3호선,을지로3가,11814,11716
2022-11-22,3호선,종로3가,10491,11903
2022-11-22,3호선,안국,25813,27109
2022-11-22,3호선,경복궁,23717,23865
2022-11-22,3호선,독립문,8209,8338
2022-11-22,3호선,무악재,4465,4481
2022-11-22,3호선,홍제,19569,18702
2022-11-22,3호선,녹번,17496,15999
2022-11-22,3호선,불광,17107,18341
2022-11-22,3호선,연신내,37725,35727
2022-11-22,3호선,구파발,22719,21490
2022-11-22,3호선,지축,6653,6514
2022-11-22,3호선,약수,14127,13783
2022-11-23,3호선,오금,7037,6316
2022-11-23,3호선,경찰병원,8340,8393
2022-11-23,3호선,가락시장,9942,9735
2022-11-23,3호선,수서,18986,19133
2022-11-23,3호선,일원,12180,11693
2022-11-23,3호선,대청,11551,10658
2022-11-23,3호선,학여울,2457,2528
2022-11-23,3호선,대치,13064,13411
2022-11-23,3호선,도곡,5682,5720
2022-11-23,3호선,매봉,13976,13456
2022-11-23,3호선,양재,41883,45534
2022-11-23,3호선,남부터미널,31314,32254
2022-11-23,3호선,교대,17291,11318
2022-11-23,3호선,고속터미널,42316,40258
2022-11-23,3호선,잠원,5709,5392
2022-11-23,3호선,신사,30514,31954
2022-11-23,3호선,압구정,34440,37361
2022-11-23,3호선,옥수,9785,10098
2022-11-23,3호선,금호,8772,8048
2022-11-23,3호선,약수,14360,13961
2022-11-23,3호선,동대입구,13012,14588
2022-11-23,3호선,충무로,2,0
2022-11-23,3호선,을지로3가,12331,12102
2022-11-23,3호선,종로3가,10864,12399
2022-11-23,3호선,안국,28043,28784
2022-11-23,3호선,경복궁,26162,27082
2022-11-23,3호선,독립문,7853,8102
2022-11-23,3호선,무악재,4437,4511
2022-11-23,3호선,홍제,19551,18688
2022-11-23,3호선,녹번,17432,15609
2022-11-23,3호선,불광,17341,18704
2022-11-23,3호선,연신내,38264,36256
2022-11-23,3호선,구파발,22980,21999
2022-11-23,3호선,지축,6819,6605
2022-11-24,3호선,지축,6771,6584
2022-11-24,3호선,구파발,23572,22657
2022-11-24,3호선,연신내,38620,36808
2022-11-24,3호선,불광,17669,19139
2022-11-24,3호선,녹번,17574,16101
2022-11-24,3호선,홍제,19891,19324
2022-11-24,3호선,무악재,4680,4797
2022-11-24,3호선,독립문,8442,8688
2022-11-24,3호선,경복궁,28792,28546
2022-11-24,3호선,안국,28352,29162
2022-11-24,3호선,종로3가,10809,12419
2022-11-24,3호선,을지로3가,12314,12041
2022-11-24,3호선,동대입구,12735,14445
2022-11-24,3호선,약수,14552,14178
2022-11-24,3호선,금호,8898,8241
2022-11-24,3호선,옥수,9907,10154
2022-11-24,3호선,압구정,35262,37912
2022-11-24,3호선,신사,31405,32710
2022-11-24,3호선,잠원,5694,5569
2022-11-24,3호선,고속터미널,45488,43496
2022-11-24,3호선,교대,17340,11296
2022-11-24,3호선,남부터미널,32096,32421
2022-11-24,3호선,양재,42866,46401
2022-11-24,3호선,매봉,14220,13612
2022-11-24,3호선,도곡,5792,5930
2022-11-24,3호선,대치,13377,13482
2022-11-24,3호선,학여울,2439,2475
2022-11-24,3호선,대청,11436,10626
2022-11-24,3호선,일원,12230,11739
2022-11-24,3호선,수서,19485,19919
2022-11-24,3호선,가락시장,10181,10088
2022-11-24,3호선,경찰병원,8417,8517
2022-11-24,3호선,오금,7122,6312
2022-11-25,3호선,지축,6801,6473
2022-11-25,3호선,구파발,23377,22081
2022-11-25,3호선,연신내,39243,37352
2022-11-25,3호선,불광,17977,18766
2022-11-25,3호선,녹번,17753,15725
2022-11-25,3호선,홍제,19706,18772
2022-11-25,3호선,무악재,4569,4490
2022-11-25,3호선,독립문,7945,8003
2022-11-25,3호선,경복궁,27234,27704
2022-11-25,3호선,안국,29296,30573
2022-11-25,3호선,종로3가,11050,13690
2022-11-25,3호선,을지로3가,12685,12817
2022-11-25,3호선,충무로,2,0
2022-11-25,3호선,동대입구,10319,11664
2022-11-25,3호선,약수,15044,14486
2022-11-25,3호선,금호,8963,8248
2022-11-25,3호선,옥수,10141,10267
2022-11-25,3호선,압구정,37163,40604
2022-11-25,3호선,신사,33503,35807
2022-11-25,3호선,잠원,5962,5598
2022-11-25,3호선,고속터미널,54422,56710
2022-11-25,3호선,교대,17697,11643
2022-11-25,3호선,남부터미널,35102,35855
2022-11-25,3호선,양재,43740,46331
2022-11-25,3호선,매봉,14051,13529
2022-11-25,3호선,도곡,5769,5969
2022-11-25,3호선,대치,13519,13686
2022-11-25,3호선,학여울,2146,2121
2022-11-25,3호선,대청,11288,10489
2022-11-25,3호선,일원,11934,11225
2022-11-25,3호선,수서,20749,20717
2022-11-25,3호선,가락시장,10295,10358
2022-11-25,3호선,경찰병원,8033,8053
2022-11-25,3호선,오금,7008,6362
2022-11-26,3호선,지축,4588,4340
2022-11-26,3호선,구파발,16872,17143
2022-11-26,3호선,연신내,30875,29413
2022-11-26,3호선,불광,14043,15445
2022-11-26,3호선,녹번,12070,10340
2022-11-26,3호선,홍제,14743,13976
2022-11-26,3호선,무악재,3327,3384
2022-11-26,3호선,독립문,6977,7490
2022-11-26,3호선,경복궁,25219,25693
2022-11-26,3호선,안국,26532,28372
2022-11-26,3호선,종로3가,7076,10186
2022-11-26,3호선,을지로3가,6896,6913
2022-11-26,3호선,동대입구,10356,11976
2022-11-26,3호선,약수,10359,9991
2022-11-26,3호선,금호,6330,5787
2022-11-26,3호선,옥수,7768,7669
2022-11-26,3호선,압구정,28936,30925
2022-11-26,3호선,신사,26806,28414
2022-11-26,3호선,잠원,3962,3734
2022-11-26,3호선,고속터미널,59108,59698
2022-11-26,3호선,교대,8848,5504
2022-11-26,3호선,남부터미널,23993,24342
2022-11-26,3호선,양재,23151,25717
2022-11-26,3호선,매봉,7092,6917
2022-11-26,3호선,도곡,4121,4408
2022-11-26,3호선,대치,9655,8911
2022-11-26,3호선,학여울,1711,1670
2022-11-26,3호선,대청,6842,6206
2022-11-26,3호선,일원,6079,5956
2022-11-26,3호선,수서,16312,16005
2022-11-26,3호선,가락시장,7172,6965
2022-11-26,3호선,경찰병원,4620,4435
2022-11-26,3호선,오금,4076,3913
2022-11-27,3호선,지축,3131,2883
2022-11-27,3호선,구파발,12045,12468
2022-11-27,3호선,연신내,21812,20419
2022-11-27,3호선,불광,10117,11163
2022-11-27,3호선,녹번,7945,7102
2022-11-27,3호선,홍제,10102,9655
2022-11-27,3호선,무악재,2209,2336
2022-11-27,3호선,독립문,4566,5190
2022-11-27,3호선,경복궁,16153,17762
2022-11-27,3호선,안국,16683,18045
2022-11-27,3호선,종로3가,4631,5877
2022-11-27,3호선,을지로3가,4304,3726
2022-11-27,3호선,충무로,1,0
2022-11-27,3호선,동대입구,6377,7648
2022-11-27,3호선,약수,7283,7037
2022-11-27,3호선,금호,4515,4218
2022-11-27,3호선,옥수,5173,5217
2022-11-27,3호선,압구정,16379,17122
2022-11-27,3호선,신사,14849,14756
2022-11-27,3호선,잠원,2365,2277
2022-11-27,3호선,고속터미널,49712,46632
2022-11-27,3호선,교대,5104,3152
2022-11-27,3호선,남부터미널,17000,18255
2022-11-27,3호선,양재,15210,17091
2022-11-27,3호선,매봉,4409,4267
2022-11-27,3호선,도곡,2218,2460
2022-11-27,3호선,대치,5554,5190
2022-11-27,3호선,학여울,1286,1248
2022-11-27,3호선,대청,4474,4441
2022-11-27,3호선,일원,3928,4109
2022-11-27,3호선,수서,11778,12004
2022-11-27,3호선,가락시장,4361,4461
2022-11-27,3호선,경찰병원,2964,3039
2022-11-27,3호선,오금,2944,2899
2022-11-28,3호선,홍제,18352,18160
2022-11-28,3호선,무악재,4235,4466
2022-11-28,3호선,독립문,7195,7267
2022-11-28,3호선,경복궁,23492,23097
2022-11-28,3호선,안국,24553,24175
2022-11-28,3호선,종로3가,10251,11343
2022-11-28,3호선,을지로3가,11872,11205
2022-11-28,3호선,동대입구,10856,11722
2022-11-28,3호선,약수,13392,13175
2022-11-28,3호선,금호,8300,7854
2022-11-28,3호선,옥수,9078,9565
2022-11-28,3호선,압구정,33436,35710
2022-11-28,3호선,신사,29096,29683
2022-11-28,3호선,잠원,5360,5349
2022-11-28,3호선,고속터미널,42534,40796
2022-11-28,3호선,교대,15873,10609
2022-11-28,3호선,남부터미널,29865,30601
2022-11-28,3호선,양재,39817,42801
2022-11-28,3호선,매봉,13687,12801
2022-11-28,3호선,도곡,5693,5618
2022-11-28,3호선,대치,11731,12116
2022-11-28,3호선,학여울,1963,1976
2022-11-28,3호선,대청,11197,10437
2022-11-28,3호선,일원,11769,11454
2022-11-28,3호선,수서,18375,19136
2022-11-28,3호선,가락시장,9544,9397
2022-11-28,3호선,경찰병원,7982,7947
2022-11-28,3호선,오금,6750,6003
2022-11-28,3호선,녹번,16591,15349
2022-11-28,3호선,불광,16243,17430
2022-11-28,3호선,연신내,35808,34092
2022-11-28,3호선,구파발,21954,21011
2022-11-28,3호선,지축,6301,6211
2022-11-29,3호선,오금,7086,6303
2022-11-29,3호선,경찰병원,8095,8022
2022-11-29,3호선,가락시장,9845,9730
2022-11-29,3호선,수서,18674,18995
2022-11-29,3호선,일원,11909,11610
2022-11-29,3호선,대청,11494,10749
2022-11-29,3호선,학여울,2008,2101
2022-11-29,3호선,대치,12042,12354
2022-11-29,3호선,도곡,5492,5590
2022-11-29,3호선,매봉,13913,13179
2022-11-29,3호선,양재,41752,45132
2022-11-29,3호선,남부터미널,30040,30822
2022-11-29,3호선,교대,16548,10865
2022-11-29,3호선,고속터미널,42063,40297
2022-11-29,3호선,잠원,5415,5193
2022-11-29,3호선,신사,30460,31347
2022-11-29,3호선,압구정,34378,37252
2022-11-29,3호선,옥수,9341,9708
2022-11-29,3호선,금호,8641,8101
2022-11-29,3호선,약수,13921,13484
2022-11-29,3호선,동대입구,12018,12948
2022-11-29,3호선,충무로,1,0
2022-11-29,3호선,을지로3가,11963,11907
2022-11-29,3호선,종로3가,10625,12193
2022-11-29,3호선,안국,26237,27093
2022-11-29,3호선,경복궁,23415,23342
2022-11-29,3호선,독립문,7713,7903
2022-11-29,3호선,무악재,4460,4577
2022-11-29,3호선,홍제,19342,18621
2022-11-29,3호선,녹번,17265,15638
2022-11-29,3호선,불광,17248,18410
2022-11-29,3호선,연신내,37447,35673
2022-11-29,3호선,구파발,22628,21734
2022-11-29,3호선,지축,6504,6392
2022-11-30,3호선,오금,6801,6157
2022-11-30,3호선,경찰병원,7922,7753
2022-11-30,3호선,가락시장,9376,9261
2022-11-30,3호선,수서,18034,18249
2022-11-30,3호선,일원,11415,10795
2022-11-30,3호선,대청,10996,10353
2022-11-30,3호선,학여울,1935,2034
2022-11-30,3호선,대치,11073,11125
2022-11-30,3호선,도곡,5394,5578
2022-11-30,3호선,매봉,13157,12769
2022-11-30,3호선,양재,39304,43312
2022-11-30,3호선,남부터미널,27842,30027
2022-11-30,3호선,교대,16285,11522
2022-11-30,3호선,고속터미널,41396,38893
2022-11-30,3호선,잠원,5002,4730
2022-11-30,3호선,신사,28131,29994
2022-11-30,3호선,압구정,31487,35766
2022-11-30,3호선,옥수,8889,9059
2022-11-30,3호선,금호,8192,7437
2022-11-30,3호선,약수,13662,13468
2022-11-30,3호선,동대입구,10809,12003
2022-11-30,3호선,충무로,2,0
2022-11-30,3호선,을지로3가,11737,13340
2022-11-30,3호선,종로3가,10364,12246
2022-11-30,3호선,안국,25407,27521
2022-11-30,3호선,경복궁,24689,25242
2022-11-30,3호선,독립문,7446,7476
2022-11-30,3호선,무악재,4237,4203
2022-11-30,3호선,홍제,18113,16859
2022-11-30,3호선,녹번,16409,13950
2022-11-30,3호선,불광,16343,17456
2022-11-30,3호선,연신내,35851,32960
2022-11-30,3호선,구파발,21469,21496
2022-11-30,3호선,지축,6269,5558
2022-12-01,3호선,오금,6782,6264
2022-12-01,3호선,경찰병원,7905,7847
2022-12-01,3호선,가락시장,9360,9401
2022-12-01,3호선,수서,18349,18607
2022-12-01,3호선,일원,11305,10702
2022-12-01,3호선,대청,11142,10466
2022-12-01,3호선,학여울,2191,2210
2022-12-01,3호선,대치,11466,11903
2022-12-01,3호선,도곡,5734,5745
2022-12-01,3호선,매봉,13338,12988
2022-12-01,3호선,양재,40943,44430
2022-12-01,3호선,남부터미널,30350,30669
2022-12-01,3호선,교대,16229,10828
2022-12-01,3호선,고속터미널,43141,40767
2022-12-01,3호선,잠원,5110,4926
2022-12-01,3호선,신사,28953,30400
2022-12-01,3호선,압구정,32639,35461
2022-12-01,3호선,옥수,8996,9403
2022-12-01,3호선,금호,8314,7741
2022-12-01,3호선,약수,13565,12979
2022-12-01,3호선,동대입구,10907,12015
2022-12-01,3호선,을지로3가,11861,11662
2022-12-01,3호선,종로3가,10278,11658
2022-12-01,3호선,안국,25296,25969
2022-12-01,3호선,경복궁,23575,23384
2022-12-01,3호선,독립문,7143,7097
2022-12-01,3호선,무악재,4183,4294
2022-12-01,3호선,홍제,18317,17437
2022-12-01,3호선,녹번,16466,14863
2022-12-01,3호선,불광,16436,17508
2022-12-01,3호선,연신내,35766,33956
2022-12-01,3호선,구파발,21562,20612
2022-12-01,3호선,지축,6100,5973
2022-12-02,3호선,경찰병원,8351,8269
2022-12-02,3호선,오금,6950,6285
2022-12-02,3호선,가락시장,10413,10290
2022-12-02,3호선,수서,21019,20551
2022-12-02,3호선,일원,11450,10640
2022-12-02,3호선,대청,11577,10803
2022-12-02,3호선,학여울,4461,4674
2022-12-02,3호선,대치,12177,12384
2022-12-02,3호선,도곡,6040,6069
2022-12-02,3호선,매봉,13616,13065
2022-12-02,3호선,양재,43721,45713
2022-12-02,3호선,남부터미널,33930,34023
2022-12-02,3호선,교대,17469,11274
2022-12-02,3호선,고속터미널,54480,55103
2022-12-02,3호선,잠원,5471,5260
2022-12-02,3호선,신사,32341,33816
2022-12-02,3호선,압구정,36301,39345
2022-12-02,3호선,옥수,9683,9792
2022-12-02,3호선,금호,8602,8002
2022-12-02,3호선,약수,14473,13965
2022-12-02,3호선,동대입구,10205,10954
2022-12-02,3호선,을지로3가,12541,12678
2022-12-02,3호선,종로3가,10761,13273
2022-12-02,3호선,안국,27338,27802
2022-12-02,3호선,경복궁,26240,25751
2022-12-02,3호선,독립문,7828,7669
2022-12-02,3호선,무악재,4431,4322
2022-12-02,3호선,홍제,19018,18095
2022-12-02,3호선,녹번,17167,15172
2022-12-02,3호선,불광,17334,18148
2022-12-02,3호선,연신내,37887,36408
2022-12-02,3호선,구파발,22665,21647
2022-12-02,3호선,지축,6550,6352
2022-12-03,3호선,지축,4360,4100
2022-12-03,3호선,구파발,15574,15756
2022-12-03,3호선,연신내,29309,27701
2022-12-03,3호선,불광,13534,15110
2022-12-03,3호선,녹번,11465,9914
2022-12-03,3호선,홍제,14245,13360
2022-12-03,3호선,무악재,3198,3141
2022-12-03,3호선,독립문,5980,6218
2022-12-03,3호선,경복궁,19148,20008
2022-12-03,3호선,안국,21128,23604
2022-12-03,3호선,종로3가,6449,9767
2022-12-03,3호선,을지로3가,6319,6463
2022-12-03,3호선,충무로,3,0
2022-12-03,3호선,동대입구,9005,10161
2022-12-03,3호선,약수,9793,9233
2022-12-03,3호선,금호,6125,5330
2022-12-03,3호선,옥수,7119,7283
2022-12-03,3호선,압구정,27607,30017
2022-12-03,3호선,신사,24948,26438
2022-12-03,3호선,잠원,3624,3486
2022-12-03,3호선,고속터미널,58489,57572
2022-12-03,3호선,교대,8568,5122
2022-12-03,3호선,남부터미널,23859,23470
2022-12-03,3호선,양재,23252,25551
2022-12-03,3호선,매봉,6511,6293
2022-12-03,3호선,도곡,3685,4015
2022-12-03,3호선,대치,8953,8354
2022-12-03,3호선,학여울,4553,4916
2022-12-03,3호선,대청,6479,6124
2022-12-03,3호선,일원,5664,5526
2022-12-03,3호선,수서,16216,15857
2022-12-03,3호선,가락시장,7238,6982
2022-12-03,3호선,경찰병원,4485,4390
2022-12-03,3호선,오금,3987,3750
2022-12-04,3호선,오금,2971,2963
2022-12-04,3호선,경찰병원,3035,3090
2022-12-04,3호선,가락시장,4117,4316
2022-12-04,3호선,수서,11377,11947
2022-12-04,3호선,일원,4026,4131
2022-12-04,3호선,대청,4460,4498
2022-12-04,3호선,학여울,3221,3413
2022-12-04,3호선,대치,5511,5100
2022-12-04,3호선,도곡,2223,2458
2022-12-04,3호선,매봉,4323,4330
2022-12-04,3호선,양재,15160,17103
2022-12-04,3호선,남부터미널,16047,17349
2022-12-04,3호선,교대,4671,2884
2022-12-04,3호선,고속터미널,48488,46063
2022-12-04,3호선,잠원,2258,2151
2022-12-04,3호선,신사,14191,14239
2022-12-04,3호선,압구정,16524,16907
2022-12-04,3호선,옥수,4838,5030
2022-12-04,3호선,금호,4292,4041
2022-12-04,3호선,약수,7182,6943
2022-12-04,3호선,동대입구,5401,6011
2022-12-04,3호선,충무로,1,0
2022-12-04,3호선,을지로3가,4217,3746
2022-12-04,3호선,종로3가,4298,5711
2022-12-04,3호선,안국,14920,15375
2022-12-04,3호선,경복궁,13389,14071
2022-12-04,3호선,독립문,4145,4409
2022-12-04,3호선,무악재,2081,2101
2022-12-04,3호선,홍제,9680,9274
2022-12-04,3호선,녹번,7671,6891
2022-12-04,3호선,불광,9713,10945
2022-12-04,3호선,연신내,20820,19638
2022-12-04,3호선,구파발,11723,12306
2022-12-04,3호선,지축,2970,2743
2022-12-05,3호선,지축,6332,6192
2022-12-05,3호선,구파발,22371,21383
2022-12-05,3호선,연신내,36376,34277
2022-12-05,3호선,불광,16584,17545
2022-12-05,3호선,녹번,16579,15196
2022-12-05,3호선,홍제,18918,18291
2022-12-05,3호선,무악재,4226,4302
2022-12-05,3호선,독립문,7185,7248
2022-12-05,3호선,경복궁,23590,24192
2022-12-05,3호선,안국,24818,25096
2022-12-05,3호선,종로3가,10130,11664
2022-12-05,3호선,을지로3가,11841,11711
2022-12-05,3호선,충무로,1,0
2022-12-05,3호선,동대입구,10550,11734
2022-12-05,3호선,약수,13445,13071
2022-12-05,3호선,금호,8372,7936
2022-12-05,3호선,옥수,8983,9308
2022-12-05,3호선,압구정,33630,36386
2022-12-05,3호선,신사,29031,29835
2022-12-05,3호선,잠원,5168,4967
2022-12-05,3호선,고속터미널,43652,41361
2022-12-05,3호선,교대,16041,10655
2022-12-05,3호선,남부터미널,29873,30853
2022-12-05,3호선,양재,40325,43759
2022-12-05,3호선,매봉,13271,12658
2022-12-05,3호선,도곡,5732,5615
2022-12-05,3호선,대치,11370,11463
2022-12-05,3호선,학여울,1986,1988
2022-12-05,3호선,대청,11010,10363
2022-12-05,3호선,일원,11679,11137
2022-12-05,3호선,수서,18642,19184
2022-12-05,3호선,가락시장,9561,9449
2022-12-05,3호선,경찰병원,8193,8259
2022-12-05,3호선,오금,6898,6131
2022-12-06,3호선,지축,6535,6462
2022-12-06,3호선,구파발,22519,21595
2022-12-06,3호선,연신내,36821,34924
2022-12-06,3호선,불광,17000,18155
2022-12-06,3호선,녹번,16948,15545
2022-12-06,3호선,홍제,19109,18378
2022-12-06,3호선,무악재,4446,4431
2022-12-06,3호선,독립문,7720,7944
2022-12-06,3호선,경복궁,23932,23041
2022-12-06,3호선,안국,25245,25994
2022-12-06,3호선,종로3가,10617,11865
2022-12-06,3호선,을지로3가,12016,12149
2022-12-06,3호선,충무로,2,0
2022-12-06,3호선,동대입구,12026,13363
2022-12-06,3호선,약수,13854,13409
2022-12-06,3호선,금호,8448,7939
2022-12-06,3호선,옥수,9221,9495
2022-12-06,3호선,압구정,35286,37939
2022-12-06,3호선,신사,29728,30789
2022-12-06,3호선,잠원,5530,5145
2022-12-06,3호선,고속터미널,41932,39911
2022-12-06,3호선,교대,16350,10661
2022-12-06,3호선,남부터미널,29946,30682
2022-12-06,3호선,양재,41597,45049
2022-12-06,3호선,매봉,14025,13355
2022-12-06,3호선,도곡,5663,5668
2022-12-06,3호선,대치,11755,11994
2022-12-06,3호선,학여울,2058,2086
2022-12-06,3호선,대청,11406,10696
2022-12-06,3호선,일원,11894,11504
2022-12-06,3호선,수서,18434,19032
2022-12-06,3호선,가락시장,9953,9786
2022-12-06,3호선,경찰병원,8177,8375
2022-12-06,3호선,오금,7059,6287
2022-12-07,3호선,수서,18897,19120
2022-12-07,3호선,지축,6667,6494
2022-12-07,3호선,구파발,23071,22025
2022-12-07,3호선,연신내,38111,36065
2022-12-07,3호선,불광,17458,18667
2022-12-07,3호선,녹번,17254,15492
2022-12-07,3호선,홍제,19725,18854
2022-12-07,3호선,무악재,4513,4558
2022-12-07,3호선,독립문,7868,8183
2022-12-07,3호선,경복궁,25439,25517
2022-12-07,3호선,안국,27071,28080
2022-12-07,3호선,종로3가,10652,12380
2022-12-07,3호선,을지로3가,12315,12262
2022-12-07,3호선,충무로,2,0
2022-12-07,3호선,동대입구,11402,12642
2022-12-07,3호선,약수,14469,13930
2022-12-07,3호선,금호,8760,8137
2022-12-07,3호선,옥수,9624,9779
2022-12-07,3호선,압구정,34991,37862
2022-12-07,3호선,신사,30021,31150
2022-12-07,3호선,잠원,5345,5063
2022-12-07,3호선,고속터미널,43104,40476
2022-12-07,3호선,교대,16917,11027
2022-12-07,3호선,남부터미널,30643,31299
2022-12-07,3호선,양재,42561,46189
2022-12-07,3호선,매봉,13970,13392
2022-12-07,3호선,도곡,5887,6032
2022-12-07,3호선,대치,11682,11951
2022-12-07,3호선,학여울,2149,2190
2022-12-07,3호선,대청,11714,11119
2022-12-07,3호선,일원,12003,11594
2022-12-07,3호선,가락시장,10079,9982
2022-12-07,3호선,경찰병원,8289,8256
2022-12-07,3호선,오금,6898,6221
2022-12-08,3호선,불광,17456,18708
2022-12-08,3호선,오금,6863,6413
2022-12-08,3호선,경찰병원,8250,8441
2022-12-08,3호선,가락시장,10359,10257
2022-12-08,3호선,수서,19478,19947
2022-12-08,3호선,일원,12068,11631
2022-12-08,3호선,대청,11753,10942
2022-12-08,3호선,학여울,2292,2380
2022-12-08,3호선,대치,11661,11851
2022-12-08,3호선,도곡,5941,6049
2022-12-08,3호선,매봉,14243,13808
2022-12-08,3호선,양재,42853,46867
2022-12-08,3호선,남부터미널,31536,32100
2022-12-08,3호선,교대,17664,11497
2022-12-08,3호선,고속터미널,44825,42602
2022-12-08,3호선,잠원,5779,5386
2022-12-08,3호선,신사,31142,32600
2022-12-08,3호선,압구정,35351,38297
2022-12-08,3호선,옥수,9722,10047
2022-12-08,3호선,금호,8804,8236
2022-12-08,3호선,약수,14232,13941
2022-12-08,3호선,동대입구,12824,14194
2022-12-08,3호선,충무로,2,0
2022-12-08,3호선,을지로3가,12402,12438
2022-12-08,3호선,종로3가,10615,12498
2022-12-08,3호선,안국,26594,27650
2022-12-08,3호선,경복궁,25896,26149
2022-12-08,3호선,독립문,8070,8141
2022-12-08,3호선,무악재,4539,4540
2022-12-08,3호선,홍제,19401,18542
2022-12-08,3호선,녹번,17364,15645
2022-12-08,3호선,연신내,38035,36141
2022-12-08,3호선,구파발,22816,21760
2022-12-08,3호선,지축,6887,6617
2022-12-09,3호선,지축,6784,6458
2022-12-09,3호선,구파발,23007,21827
2022-12-09,3호선,연신내,39478,37438
2022-12-09,3호선,불광,17945,18954
2022-12-09,3호선,녹번,17416,15567
2022-12-09,3호선,홍제,19771,18532
2022-12-09,3호선,무악재,4553,4369
2022-12-09,3호선,독립문,8070,8187
2022-12-09,3호선,경복궁,25596,25616
2022-12-09,3호선,안국,27792,29272
2022-12-09,3호선,종로3가,11180,13639
2022-12-09,3호선,을지로3가,12804,13020
2022-12-09,3호선,동대입구,11236,12331
2022-12-09,3호선,약수,14801,14284
2022-12-09,3호선,금호,8912,8258
2022-12-09,3호선,옥수,10186,10242
2022-12-09,3호선,압구정,37795,41576
2022-12-09,3호선,신사,33206,35986
2022-12-09,3호선,잠원,5457,5145
2022-12-09,3호선,고속터미널,53176,53472
2022-12-09,3호선,교대,18043,11786
2022-12-09,3호선,남부터미널,34201,34475
2022-12-09,3호선,양재,45442,48323
2022-12-09,3호선,매봉,14169,13818
2022-12-09,3호선,도곡,6169,6057
2022-12-09,3호선,대치,12069,12066
2022-12-09,3호선,학여울,3317,3420
2022-12-09,3호선,대청,11784,10967
2022-12-09,3호선,일원,12597,11651
2022-12-09,3호선,수서,21367,21035
2022-12-09,3호선,가락시장,10802,10632
2022-12-09,3호선,경찰병원,8168,8376
2022-12-09,3호선,오금,7220,6375
2022-12-10,3호선,지축,4623,4416
2022-12-10,3호선,구파발,16786,17002
2022-12-10,3호선,연신내,31796,29810
2022-12-10,3호선,불광,14776,16303
2022-12-10,3호선,녹번,12008,10303
2022-12-10,3호선,홍제,15531,14347
2022-12-10,3호선,무악재,3266,3304
2022-12-10,3호선,독립문,6600,6905
2022-12-10,3호선,경복궁,20943,22621
2022-12-10,3호선,안국,22482,24841
2022-12-10,3호선,종로3가,7095,10394
2022-12-10,3호선,을지로3가,7020,7102
2022-12-10,3호선,충무로,2,0
2022-12-10,3호선,동대입구,10581,12165
2022-12-10,3호선,약수,10869,10280
2022-12-10,3호선,금호,6644,5945
2022-12-10,3호선,옥수,7555,7471
2022-12-10,3호선,압구정,28597,30995
2022-12-10,3호선,신사,26477,28283
2022-12-10,3호선,잠원,3466,3286
2022-12-10,3호선,고속터미널,60342,59009
2022-12-10,3호선,교대,9174,5555
2022-12-10,3호선,남부터미널,25733,25330
2022-12-10,3호선,양재,24655,26347
2022-12-10,3호선,매봉,7070,6733
2022-12-10,3호선,도곡,3892,3964
2022-12-10,3호선,대치,8758,8052
2022-12-10,3호선,학여울,2806,2936
2022-12-10,3호선,대청,6782,6112
2022-12-10,3호선,일원,5915,5608
2022-12-10,3호선,수서,16616,16182
2022-12-10,3호선,가락시장,7637,7489
2022-12-10,3호선,경찰병원,4626,4716
2022-12-10,3호선,오금,4313,4042
2022-12-11,3호선,지축,3244,2992
2022-12-11,3호선,구파발,11956,12349
2022-12-11,3호선,연신내,22270,20976
2022-12-11,3호선,불광,10332,11601
2022-12-11,3호선,녹번,8127,7267
2022-12-11,3호선,홍제,10336,9901
2022-12-11,3호선,무악재,2218,2289
2022-12-11,3호선,독립문,4637,5090
2022-12-11,3호선,경복궁,15192,16159
2022-12-11,3호선,안국,16644,17529
2022-12-11,3호선,종로3가,4613,5987
2022-12-11,3호선,을지로3가,4461,4079
2022-12-11,3호선,동대입구,7549,8342
2022-12-11,3호선,약수,7524,7155
2022-12-11,3호선,금호,4585,4486
2022-12-11,3호선,옥수,5254,5451
2022-12-11,3호선,압구정,16556,17020
2022-12-11,3호선,신사,14887,15086
2022-12-11,3호선,잠원,2146,2187
2022-12-11,3호선,고속터미널,48758,45841
2022-12-11,3호선,교대,4968,2952
2022-12-11,3호선,남부터미널,16920,18495
2022-12-11,3호선,양재,15725,17775
2022-12-11,3호선,매봉,4532,4440
2022-12-11,3호선,도곡,2197,2221
2022-12-11,3호선,대치,5221,4963
2022-12-11,3호선,학여울,2097,2235
2022-12-11,3호선,대청,4494,4509
2022-12-11,3호선,일원,4034,4130
2022-12-11,3호선,수서,11979,12268
2022-12-11,3호선,가락시장,4414,4579
2022-12-11,3호선,경찰병원,3051,3228
2022-12-11,3호선,오금,3018,2950
2022-12-12,3호선,오금,6806,6072
2022-12-12,3호선,경찰병원,8366,8363
2022-12-12,3호선,가락시장,9880,9734
2022-12-12,3호선,수서,19050,19753
2022-12-12,3호선,일원,11507,11272
2022-12-12,3호선,대청,11242,10412
2022-12-12,3호선,학여울,1928,1995
2022-12-12,3호선,대치,11508,11660
2022-12-12,3호선,도곡,5718,5664
2022-12-12,3호선,매봉,13631,13054
2022-12-12,3호선,양재,41475,44470
2022-12-12,3호선,남부터미널,29960,30645
2022-12-12,3호선,교대,16324,10587
2022-12-12,3호선,고속터미널,44308,42041
2022-12-12,3호선,잠원,5237,5181
2022-12-12,3호선,신사,30126,30867
2022-12-12,3호선,압구정,34109,36681
2022-12-12,3호선,옥수,9340,9631
2022-12-12,3호선,금호,8277,7808
2022-12-12,3호선,약수,13730,13669
2022-12-12,3호선,동대입구,10461,11341
2022-12-12,3호선,을지로3가,12450,11883
2022-12-12,3호선,종로3가,10639,11855
2022-12-12,3호선,안국,25876,25697
2022-12-12,3호선,경복궁,25178,25247
2022-12-12,3호선,독립문,6981,7363
2022-12-12,3호선,무악재,4351,4449
2022-12-12,3호선,홍제,18772,18230
2022-12-12,3호선,녹번,16789,15289
2022-12-12,3호선,불광,17128,17876
2022-12-12,3호선,연신내,36728,34709
2022-12-12,3호선,구파발,22165,21320
2022-12-12,3호선,지축,6423,6336
2022-12-13,3호선,지축,6690,6546
2022-12-13,3호선,구파발,23352,22401
2022-12-13,3호선,연신내,37988,36436
2022-12-13,3호선,불광,17277,18673
2022-12-13,3호선,녹번,17249,15969
2022-12-13,3호선,홍제,19303,18750
2022-12-13,3호선,무악재,4555,4661
2022-12-13,3호선,독립문,7688,8048
2022-12-13,3호선,경복궁,23760,23169
2022-12-13,3호선,안국,27663,27687
2022-12-13,3호선,종로3가,11095,12538
2022-12-13,3호선,을지로3가,12866,12470
2022-12-13,3호선,충무로,2,0
2022-12-13,3호선,동대입구,11100,11759
2022-12-13,3호선,약수,14526,14291
2022-12-13,3호선,금호,8688,8271
2022-12-13,3호선,옥수,9722,10148
2022-12-13,3호선,압구정,36731,39177
2022-12-13,3호선,신사,32415,32864
2022-12-13,3호선,잠원,5553,5413
2022-12-13,3호선,고속터미널,45112,42351
2022-12-13,3호선,교대,17331,11189
2022-12-13,3호선,남부터미널,31853,32060
2022-12-13,3호선,양재,43501,46291
2022-12-13,3호선,매봉,14756,14035
2022-12-13,3호선,도곡,5937,5855
2022-12-13,3호선,대치,11901,12396
2022-12-13,3호선,학여울,2100,2163
2022-12-13,3호선,대청,11623,10881
2022-12-13,3호선,일원,12172,11797
2022-12-13,3호선,수서,19600,19948
2022-12-13,3호선,가락시장,10330,10345
2022-12-13,3호선,경찰병원,8481,8467
2022-12-13,3호선,오금,7091,6430
2022-12-14,3호선,오금,6800,6092
2022-12-14,3호선,경찰병원,8306,8310
2022-12-14,3호선,가락시장,9772,9494
2022-12-14,3호선,수서,18935,19338
2022-12-14,3호선,일원,11537,11181
2022-12-14,3호선,대청,11006,10330
2022-12-14,3호선,학여울,2016,2090
2022-12-14,3호선,대치,10908,11064
2022-12-14,3호선,도곡,5593,5718
2022-12-14,3호선,매봉,14076,13742
2022-12-14,3호선,양재,41598,44902
2022-12-14,3호선,남부터미널,30607,31247
2022-12-14,3호선,교대,16819,10661
2022-12-14,3호선,고속터미널,43460,41017
2022-12-14,3호선,잠원,5524,5163
2022-12-14,3호선,신사,30000,31237
2022-12-14,3호선,압구정,33702,36657
2022-12-14,3호선,옥수,9074,9300
2022-12-14,3호선,금호,8223,7766
2022-12-14,3호선,약수,13920,13488
2022-12-14,3호선,동대입구,10122,11172
2022-12-14,3호선,충무로,4,0
2022-12-14,3호선,을지로3가,12645,12411
2022-12-14,3호선,종로3가,10713,12116
2022-12-14,3호선,안국,26530,27347
2022-12-14,3호선,경복궁,24240,23917
2022-12-14,3호선,독립문,7356,7562
2022-12-14,3호선,무악재,4339,4312
2022-12-14,3호선,홍제,18178,17657
2022-12-14,3호선,녹번,16757,15104
2022-12-14,3호선,불광,16573,17872
2022-12-14,3호선,연신내,36191,34332
2022-12-14,3호선,구파발,22322,21559
2022-12-14,3호선,지축,6174,6063
2022-12-15,3호선,오금,7131,6509
2022-12-15,3호선,경찰병원,8765,8897
2022-12-15,3호선,가락시장,10485,10503
2022-12-15,3호선,수서,20150,20629
2022-12-15,3호선,일원,12830,12334
2022-12-15,3호선,대청,11593,10898
2022-12-15,3호선,학여울,2168,2278
2022-12-15,3호선,대치,11886,12237
2022-12-15,3호선,도곡,6302,6260
2022-12-15,3호선,매봉,14868,14291
2022-12-15,3호선,양재,44673,47439
2022-12-15,3호선,남부터미널,32845,32868
2022-12-15,3호선,교대,18031,11012
2022-12-15,3호선,고속터미널,46599,43697
2022-12-15,3호선,잠원,5551,5416
2022-12-15,3호선,신사,32840,33745
2022-12-15,3호선,압구정,36483,39153
2022-12-15,3호선,옥수,9797,10250
2022-12-15,3호선,금호,8718,8394
2022-12-15,3호선,약수,14440,14007
2022-12-15,3호선,동대입구,8991,9584
2022-12-15,3호선,을지로3가,13317,12931
2022-12-15,3호선,종로3가,11408,13176
2022-12-15,3호선,안국,27813,28362
2022-12-15,3호선,경복궁,26786,26073
2022-12-15,3호선,독립문,7580,7681
2022-12-15,3호선,무악재,4639,4578
2022-12-15,3호선,홍제,19149,18923
2022-12-15,3호선,녹번,17320,15715
2022-12-15,3호선,불광,17166,18662
2022-12-15,3호선,연신내,37341,35969
2022-12-15,3호선,구파발,23165,22431
2022-12-15,3호선,지축,6485,6415
2022-12-16,3호선,지축,6587,6311
2022-12-16,3호선,구파발,23786,22799
2022-12-16,3호선,연신내,38571,36820
2022-12-16,3호선,불광,17508,18732
2022-12-16,3호선,녹번,17384,15337
2022-12-16,3호선,홍제,19415,18508
2022-12-16,3호선,무악재,4535,4467
2022-12-16,3호선,독립문,7975,7965
2022-12-16,3호선,경복궁,26115,26344
2022-12-16,3호선,안국,28420,29160
2022-12-16,3호선,종로3가,11380,13908
2022-12-16,3호선,을지로3가,13169,13411
2022-12-16,3호선,충무로,3,0
2022-12-16,3호선,동대입구,8958,9872
2022-12-16,3호선,약수,14921,14276
2022-12-16,3호선,금호,8890,8139
2022-12-16,3호선,옥수,9969,10187
2022-12-16,3호선,압구정,37656,41279
2022-12-16,3호선,신사,35126,37630
2022-12-16,3호선,잠원,5525,5266
2022-12-16,3호선,고속터미널,56414,56160
2022-12-16,3호선,교대,18100,11493
2022-12-16,3호선,남부터미널,35356,35334
2022-12-16,3호선,양재,45177,48110
2022-12-16,3호선,매봉,14063,13666
2022-12-16,3호선,도곡,6023,6132
2022-12-16,3호선,대치,12495,12454
2022-12-16,3호선,학여울,3834,3938
2022-12-16,3호선,대청,11663,10843
2022-12-16,3호선,일원,12904,11980
2022-12-16,3호선,수서,21366,21163
2022-12-16,3호선,가락시장,10753,10755
2022-12-16,3호선,경찰병원,8527,8600
2022-12-16,3호선,오금,7024,6346
2022-12-17,3호선,지축,4456,4220
2022-12-17,3호선,구파발,16870,17206
2022-12-17,3호선,연신내,30978,29600
2022-12-17,3호선,불광,13721,15187
2022-12-17,3호선,녹번,11653,10252
2022-12-17,3호선,홍제,14881,14091
2022-12-17,3호선,무악재,3267,3275
2022-12-17,3호선,독립문,6291,6454
2022-12-17,3호선,경복궁,20524,21188
2022-12-17,3호선,안국,23675,24997
2022-12-17,3호선,종로3가,7195,10805
2022-12-17,3호선,을지로3가,7167,7207
2022-12-17,3호선,충무로,2,0
2022-12-17,3호선,동대입구,9746,10662
2022-12-17,3호선,약수,10562,10061
2022-12-17,3호선,금호,6509,5787
2022-12-17,3호선,옥수,7581,7552
2022-12-17,3호선,압구정,29221,31693
2022-12-17,3호선,신사,28055,30495
2022-12-17,3호선,잠원,3646,3485
2022-12-17,3호선,고속터미널,63306,62062
2022-12-17,3호선,교대,8862,5457
2022-12-17,3호선,남부터미널,27171,26295
2022-12-17,3호선,양재,24803,26802
2022-12-17,3호선,매봉,7354,7144
2022-12-17,3호선,도곡,3780,3943
2022-12-17,3호선,대치,9220,8784
2022-12-17,3호선,학여울,3465,3507
2022-12-17,3호선,대청,6677,6089
2022-12-17,3호선,일원,6152,5668
2022-12-17,3호선,수서,16612,16664
2022-12-17,3호선,가락시장,7656,7356
2022-12-17,3호선,경찰병원,4830,4698
2022-12-17,3호선,오금,4285,4009
2022-12-18,3호선,지축,2789,2661
2022-12-18,3호선,구파발,11238,11802
2022-12-18,3호선,연신내,20230,19198
2022-12-18,3호선,불광,9467,10388
2022-12-18,3호선,녹번,7657,6893
2022-12-18,3호선,홍제,9723,9438
2022-12-18,3호선,무악재,2032,2121
2022-12-18,3호선,독립문,3805,3979
2022-12-18,3호선,경복궁,12911,12917
2022-12-18,3호선,안국,14421,14628
2022-12-18,3호선,종로3가,4270,5548
2022-12-18,3호선,을지로3가,4481,3873
2022-12-18,3호선,충무로,1,0
2022-12-18,3호선,동대입구,6472,6790
2022-12-18,3호선,약수,7289,6912
2022-12-18,3호선,금호,4203,4053
2022-12-18,3호선,옥수,4883,5075
2022-12-18,3호선,압구정,15831,16642
2022-12-18,3호선,신사,15393,15247
2022-12-18,3호선,잠원,2026,2097
2022-12-18,3호선,고속터미널,50549,47113
2022-12-18,3호선,교대,5154,3185
2022-12-18,3호선,남부터미널,16807,18125
2022-12-18,3호선,양재,15520,17123
2022-12-18,3호선,매봉,4461,4445
2022-12-18,3호선,도곡,2183,2321
2022-12-18,3호선,대치,4906,4744
2022-12-18,3호선,학여울,1222,1281
2022-12-18,3호선,대청,4284,4330
2022-12-18,3호선,일원,3851,3980
2022-12-18,3호선,수서,11944,11781
2022-12-18,3호선,가락시장,4363,4466
2022-12-18,3호선,경찰병원,2968,3059
2022-12-18,3호선,오금,2856,2806
2022-12-19,3호선,오금,6598,5938
2022-12-19,3호선,경찰병원,8059,8108
2022-12-19,3호선,가락시장,9596,9417
2022-12-19,3호선,수서,18288,19156
2022-12-19,3호선,일원,11686,11270
2022-12-19,3호선,대청,11153,10635
2022-12-19,3호선,학여울,1971,1908
2022-12-19,3호선,대치,11317,11578
2022-12-19,3호선,도곡,5758,5607
2022-12-19,3호선,매봉,13275,12930
2022-12-19,3호선,양재,39651,43195
2022-12-19,3호선,남부터미널,29701,30436
2022-12-19,3호선,교대,16026,10346
2022-12-19,3호선,고속터미널,45149,42907
2022-12-19,3호선,잠원,5041,4905
2022-12-19,3호선,신사,30617,31211
2022-12-19,3호선,압구정,34000,36604
2022-12-19,3호선,옥수,8998,9228
2022-12-19,3호선,금호,8004,7522
2022-12-19,3호선,약수,13446,13029
2022-12-19,3호선,동대입구,8460,8847
2022-12-19,3호선,을지로3가,12122,11833
2022-12-19,3호선,종로3가,10611,11833
2022-12-19,3호선,안국,24828,25428
2022-12-19,3호선,경복궁,23008,23129
2022-12-19,3호선,독립문,6920,6979
2022-12-19,3호선,무악재,4230,4178
2022-12-19,3호선,홍제,18058,17333
2022-12-19,3호선,녹번,16312,14707
2022-12-19,3호선,불광,16010,16852
2022-12-19,3호선,연신내,35380,33541
2022-12-19,3호선,구파발,21797,21108
2022-12-19,3호선,지축,6099,5990
2022-12-20,3호선,지축,6667,6398
2022-12-20,3호선,구파발,23091,22352
2022-12-20,3호선,연신내,37825,36016
2022-12-20,3호선,불광,17230,18517
2022-12-20,3호선,녹번,17133,15334
2022-12-20,3호선,홍제,19753,18883
2022-12-20,3호선,무악재,4656,4604
2022-12-20,3호선,독립문,7628,7851
2022-12-20,3호선,경복궁,24067,23931
2022-12-20,3호선,안국,26610,27987
2022-12-20,3호선,종로3가,10890,12873
2022-12-20,3호선,을지로3가,12850,12659
2022-12-20,3호선,충무로,2,0
2022-12-20,3호선,동대입구,8381,9098
2022-12-20,3호선,약수,14293,13961
2022-12-20,3호선,금호,8671,8216
2022-12-20,3호선,옥수,9722,9948
2022-12-20,3호선,압구정,37153,39846
2022-12-20,3호선,신사,32555,33563
2022-12-20,3호선,잠원,5362,5134
2022-12-20,3호선,고속터미널,47556,45012
2022-12-20,3호선,교대,17219,11052
2022-12-20,3호선,남부터미널,32679,33396
2022-12-20,3호선,양재,42631,46214
2022-12-20,3호선,매봉,14365,13880
2022-12-20,3호선,도곡,5895,5944
2022-12-20,3호선,대치,11977,12145
2022-12-20,3호선,학여울,1969,2055
2022-12-20,3호선,대청,11372,10660
2022-12-20,3호선,일원,12071,11617
2022-12-20,3호선,수서,19019,19756
2022-12-20,3호선,가락시장,10353,10160
2022-12-20,3호선,경찰병원,8410,8569
2022-12-20,3호선,오금,7027,6297
2022-12-21,3호선,오금,7259,6604
2022-12-21,3호선,경찰병원,9076,9240
2022-12-21,3호선,가락시장,10804,10445
2022-12-21,3호선,수서,20584,21030
2022-12-21,3호선,일원,13588,13218
2022-12-21,3호선,대청,12104,11524
2022-12-21,3호선,학여울,2107,2218
2022-12-21,3호선,대치,12809,12775
2022-12-21,3호선,도곡,6581,6598
2022-12-21,3호선,매봉,15221,14771
2022-12-21,3호선,양재,44309,47994
2022-12-21,3호선,남부터미널,34218,35072
2022-12-21,3호선,교대,18319,11375
2022-12-21,3호선,고속터미널,47784,45093
2022-12-21,3호선,잠원,5927,5546
2022-12-21,3호선,신사,33310,34539
2022-12-21,3호선,압구정,37876,41299
2022-12-21,3호선,옥수,10436,10592
2022-12-21,3호선,금호,9311,8517
2022-12-21,3호선,약수,14953,14485
2022-12-21,3호선,동대입구,8802,9571
2022-12-21,3호선,충무로,1,0
2022-12-21,3호선,을지로3가,13169,13475
2022-12-21,3호선,종로3가,11510,13221
2022-12-21,3호선,안국,28241,29486
2022-12-21,3호선,경복궁,26675,27013
2022-12-21,3호선,독립문,8044,8127
2022-12-21,3호선,무악재,4768,5112
2022-12-21,3호선,홍제,19714,18850
2022-12-21,3호선,녹번,17623,15877
2022-12-21,3호선,불광,17234,18651
2022-12-21,3호선,연신내,38158,36242
2022-12-21,3호선,구파발,23444,22937
2022-12-21,3호선,지축,6945,6761
2022-12-22,3호선,오금,6871,6304
2022-12-22,3호선,경찰병원,8473,8484
2022-12-22,3호선,가락시장,10292,10365
2022-12-22,3호선,수서,19953,20310
2022-12-22,3호선,일원,12495,12015
2022-12-22,3호선,대청,11385,10871
2022-12-22,3호선,학여울,1953,2048
2022-12-22,3호선,대치,12318,12440
2022-12-22,3호선,도곡,5863,5991
2022-12-22,3호선,매봉,14408,13848
2022-12-22,3호선,양재,43493,46875
2022-12-22,3호선,남부터미널,33103,33604
2022-12-22,3호선,교대,17158,10931
2022-12-22,3호선,고속터미널,50583,47894
2022-12-22,3호선,잠원,5462,5277
2022-12-22,3호선,신사,33737,34896
2022-12-22,3호선,압구정,36782,39481
2022-12-22,3호선,옥수,9859,10205
2022-12-22,3호선,금호,8614,8045
2022-12-22,3호선,약수,14439,13834
2022-12-22,3호선,동대입구,8515,9490
2022-12-22,3호선,충무로,3,0
2022-12-22,3호선,을지로3가,13449,13214
2022-12-22,3호선,종로3가,11472,13424
2022-12-22,3호선,안국,29637,30231
2022-12-22,3호선,경복궁,24803,24970
2022-12-22,3호선,독립문,7372,7703
2022-12-22,3호선,무악재,4566,4565
2022-12-22,3호선,홍제,19055,18329
2022-12-22,3호선,녹번,17195,15374
2022-12-22,3호선,불광,16933,17920
2022-12-22,3호선,연신내,37463,35708
2022-12-22,3호선,구파발,23471,22663
2022-12-22,3호선,지축,6439,6251
2022-12-23,3호선,오금,6390,6008
2022-12-23,3호선,경찰병원,7512,7674
2022-12-23,3호선,가락시장,9577,9296
2022-12-23,3호선,수서,19327,18932
2022-12-23,3호선,일원,11382,10434
2022-12-23,3호선,대청,12232,11140
2022-12-23,3호선,학여울,1817,1837
2022-12-23,3호선,대치,11612,11910
2022-12-23,3호선,도곡,5564,5327
2022-12-23,3호선,매봉,12928,12356
2022-12-23,3호선,양재,40486,40605
2022-12-23,3호선,남부터미널,34091,33689
2022-12-23,3호선,교대,15575,9823
2022-12-23,3호선,고속터미널,56927,55799
2022-12-23,3호선,잠원,4875,4739
2022-12-23,3호선,신사,32285,33430
2022-12-23,3호선,압구정,36084,38547
2022-12-23,3호선,옥수,9051,9435
2022-12-23,3호선,금호,7459,7798
2022-12-23,3호선,약수,13571,14014
2022-12-23,3호선,동대입구,8896,9028
2022-12-23,3호선,충무로,4,0
2022-12-23,3호선,을지로3가,12056,10218
2022-12-23,3호선,종로3가,11133,14022
2022-12-23,3호선,안국,26455,22217
2022-12-23,3호선,경복궁,22226,19618
2022-12-23,3호선,독립문,6797,6612
2022-12-23,3호선,무악재,3752,3952
2022-12-23,3호선,홍제,15790,17459
2022-12-23,3호선,녹번,13957,14875
2022-12-23,3호선,불광,14967,17324
2022-12-23,3호선,연신내,38503,35162
2022-12-23,3호선,구파발,22004,25414
2022-12-23,3호선,지축,5493,5674
2022-12-24,3호선,오금,3403,3185
2022-12-24,3호선,경찰병원,3910,3766
2022-12-24,3호선,가락시장,6026,5612
2022-12-24,3호선,수서,13738,13767
2022-12-24,3호선,일원,4724,4481
2022-12-24,3호선,대청,5659,5245
2022-12-24,3호선,학여울,1047,1033
2022-12-24,3호선,대치,8494,7730
2022-12-24,3호선,도곡,2885,3017
2022-12-24,3호선,매봉,5796,5686
2022-12-24,3호선,양재,18012,19623
2022-12-24,3호선,남부터미널,21932,21006
2022-12-24,3호선,교대,6425,3937
2022-12-24,3호선,고속터미널,54145,53084
2022-12-24,3호선,잠원,3104,2999
2022-12-24,3호선,신사,23706,25411
2022-12-24,3호선,압구정,25673,27765
2022-12-24,3호선,옥수,6158,6292
2022-12-24,3호선,금호,5475,4933
2022-12-24,3호선,약수,9130,8678
2022-12-24,3호선,동대입구,7236,8151
2022-12-24,3호선,충무로,2,0
2022-12-24,3호선,을지로3가,6378,6246
2022-12-24,3호선,종로3가,6251,9387
2022-12-24,3호선,안국,19290,21017
2022-12-24,3호선,경복궁,17028,17638
2022-12-24,3호선,독립문,5016,5047
2022-12-24,3호선,무악재,2780,2781
2022-12-24,3호선,홍제,13184,12248
2022-12-24,3호선,녹번,10288,8924
2022-12-24,3호선,불광,12348,13593
2022-12-24,3호선,연신내,27655,26588
2022-12-24,3호선,구파발,15223,15330
2022-12-24,3호선,지축,3908,3655
2022-12-25,3호선,지축,2949,2826
2022-12-25,3호선,구파발,11902,12499
2022-12-25,3호선,연신내,21812,21094
2022-12-25,3호선,불광,9903,10969
2022-12-25,3호선,녹번,7859,6892
2022-12-25,3호선,홍제,9660,9035
2022-12-25,3호선,무악재,2062,2217
2022-12-25,3호선,독립문,3865,3980
2022-12-25,3호선,경복궁,14267,15305
2022-12-25,3호선,안국,16316,17291
2022-12-25,3호선,종로3가,4858,7229
2022-12-25,3호선,을지로3가,5397,4953
2022-12-25,3호선,동대입구,6070,7130
2022-12-25,3호선,약수,7080,6795
2022-12-25,3호선,금호,4251,4027
2022-12-25,3호선,옥수,4571,4952
2022-12-25,3호선,압구정,16194,17307
2022-12-25,3호선,신사,14321,14627
2022-12-25,3호선,잠원,2107,2137
2022-12-25,3호선,고속터미널,45197,42730
2022-12-25,3호선,교대,4161,2503
2022-12-25,3호선,남부터미널,15381,16293
2022-12-25,3호선,양재,12053,13910
2022-12-25,3호선,매봉,4188,4107
2022-12-25,3호선,도곡,1702,1730
2022-12-25,3호선,대치,5198,4685
2022-12-25,3호선,학여울,781,756
2022-12-25,3호선,대청,4097,4129
2022-12-25,3호선,일원,3754,3780
2022-12-25,3호선,수서,10672,10861
2022-12-25,3호선,가락시장,3694,3858
2022-12-25,3호선,경찰병원,2818,2799
2022-12-25,3호선,오금,2617,2536
2022-12-26,3호선,지축,6129,6035
2022-12-26,3호선,구파발,21157,20260
2022-12-26,3호선,연신내,35687,34079
2022-12-26,3호선,불광,16131,17291
2022-12-26,3호선,녹번,15614,14338
2022-12-26,3호선,홍제,17941,17161
2022-12-26,3호선,무악재,4162,4128
2022-12-26,3호선,독립문,6928,6978
2022-12-26,3호선,경복궁,22232,22705
2022-12-26,3호선,안국,25147,25945
2022-12-26,3호선,종로3가,11065,12786
2022-12-26,3호선,을지로3가,12117,11822
2022-12-26,3호선,충무로,4,0
2022-12-26,3호선,동대입구,7450,8119
2022-12-26,3호선,약수,13380,12971
2022-12-26,3호선,금호,7982,7506
2022-12-26,3호선,옥수,8683,9054
2022-12-26,3호선,압구정,34198,36779
2022-12-26,3호선,신사,31102,32104
2022-12-26,3호선,잠원,4904,4771
2022-12-26,3호선,고속터미널,47166,44251
2022-12-26,3호선,교대,15066,9806
2022-12-26,3호선,남부터미널,29093,29845
2022-12-26,3호선,양재,37328,40564
2022-12-26,3호선,매봉,12869,12378
2022-12-26,3호선,도곡,5280,5286
2022-12-26,3호선,대치,11309,11250
2022-12-26,3호선,학여울,1771,1768
2022-12-26,3호선,대청,10508,9979
2022-12-26,3호선,일원,11241,10869
2022-12-26,3호선,수서,18117,18365
2022-12-26,3호선,가락시장,9416,9264
2022-12-26,3호선,경찰병원,7575,7749
2022-12-26,3호선,오금,6327,5657
2022-12-27,3호선,녹번,16447,14858
2022-12-27,3호선,불광,16948,18129
2022-12-27,3호선,연신내,37150,35105
2022-12-27,3호선,구파발,22378,21429
2022-12-27,3호선,지축,6463,6332
2022-12-27,3호선,오금,6655,5952
2022-12-27,3호선,경찰병원,7853,8035
2022-12-27,3호선,가락시장,9989,9956
2022-12-27,3호선,수서,17988,18849
2022-12-27,3호선,일원,11475,10928
2022-12-27,3호선,대청,11004,10287
2022-12-27,3호선,학여울,1824,1861
2022-12-27,3호선,대치,11838,11963
2022-12-27,3호선,도곡,5415,5461
2022-12-27,3호선,매봉,13680,13201
2022-12-27,3호선,양재,39597,43031
2022-12-27,3호선,남부터미널,30936,32000
2022-12-27,3호선,교대,15864,10183
2022-12-27,3호선,고속터미널,46683,44169
2022-12-27,3호선,잠원,5078,4943
2022-12-27,3호선,신사,33057,34421
2022-12-27,3호선,압구정,36136,39059
2022-12-27,3호선,옥수,9179,9451
2022-12-27,3호선,금호,8253,7704
2022-12-27,3호선,약수,13730,13370
2022-12-27,3호선,동대입구,7746,8523
2022-12-27,3호선,충무로,1,0
2022-12-27,3호선,을지로3가,12101,12067
2022-12-27,3호선,종로3가,11381,13318
2022-12-27,3호선,안국,27016,28468
2022-12-27,3호선,경복궁,22509,22597
2022-12-27,3호선,독립문,7706,7686
2022-12-27,3호선,무악재,4413,4395
2022-12-27,3호선,홍제,18454,17406
2022-12-28,3호선,오금,6616,5860
2022-12-28,3호선,경찰병원,8024,8093
2022-12-28,3호선,가락시장,10097,9831
2022-12-28,3호선,수서,18506,19104
2022-12-28,3호선,일원,11434,10990
2022-12-28,3호선,대청,11203,10372
2022-12-28,3호선,학여울,1871,1939
2022-12-28,3호선,대치,11480,11493
2022-12-28,3호선,도곡,5417,5455
2022-12-28,3호선,매봉,13422,13060
2022-12-28,3호선,양재,39630,43224
2022-12-28,3호선,남부터미널,30668,31551
2022-12-28,3호선,교대,16109,10470
2022-12-28,3호선,고속터미널,47453,45284
2022-12-28,3호선,잠원,5066,4975
2022-12-28,3호선,신사,32365,33454
2022-12-28,3호선,압구정,35798,38967
2022-12-28,3호선,옥수,9255,9598
2022-12-28,3호선,금호,8276,7779
2022-12-28,3호선,약수,13849,13411
2022-12-28,3호선,동대입구,8040,8633
2022-12-28,3호선,충무로,2,0
2022-12-28,3호선,을지로3가,12706,12543
2022-12-28,3호선,종로3가,11438,13445
2022-12-28,3호선,안국,28601,29793
2022-12-28,3호선,경복궁,25585,25848
2022-12-28,3호선,독립문,7780,7961
2022-12-28,3호선,무악재,4454,4323
2022-12-28,3호선,홍제,18325,17475
2022-12-28,3호선,녹번,16698,14882
2022-12-28,3호선,불광,16686,17974
2022-12-28,3호선,연신내,37334,35321
2022-12-28,3호선,구파발,22034,21232
2022-12-28,3호선,지축,6472,6194
2022-12-29,3호선,지축,6334,6089
2022-12-29,3호선,구파발,21595,20795
2022-12-29,3호선,연신내,36828,35111
2022-12-29,3호선,불광,16702,17650
2022-12-29,3호선,녹번,16301,14651
2022-12-29,3호선,홍제,18156,17075
2022-12-29,3호선,무악재,4321,4222
2022-12-29,3호선,독립문,7365,7544
2022-12-29,3호선,경복궁,24161,24241
2022-12-29,3호선,안국,27079,28326
2022-12-29,3호선,종로3가,11399,13563
2022-12-29,3호선,을지로3가,12368,12354
2022-12-29,3호선,충무로,2,0
2022-12-29,3호선,동대입구,7630,8505
2022-12-29,3호선,약수,13805,13183
2022-12-29,3호선,금호,8276,7544
2022-12-29,3호선,옥수,9177,9387
2022-12-29,3호선,압구정,34993,37893
2022-12-29,3호선,신사,32510,33907
2022-12-29,3호선,잠원,5128,4771
2022-12-29,3호선,고속터미널,48082,48214
2022-12-29,3호선,교대,15485,10098
2022-12-29,3호선,남부터미널,30565,31546
2022-12-29,3호선,오금,6447,5818
2022-12-29,3호선,경찰병원,7806,7804
2022-12-29,3호선,가락시장,9780,9770
2022-12-29,3호선,수서,18364,18484
2022-12-29,3호선,일원,11693,11025
2022-12-29,3호선,대청,10802,9990
2022-12-29,3호선,학여울,1780,1843
2022-12-29,3호선,대치,11563,11649
2022-12-29,3호선,도곡,4910,4877
2022-12-29,3호선,매봉,13014,12743
2022-12-29,3호선,양재,38432,41792
2022-12-30,3호선,오금,6161,5402
2022-12-30,3호선,경찰병원,7165,7089
2022-12-30,3호선,가락시장,9323,9381
2022-12-30,3호선,수서,18147,18574
2022-12-30,3호선,일원,10512,9567
2022-12-30,3호선,대청,10535,9757
2022-12-30,3호선,학여울,1724,1710
2022-12-30,3호선,대치,12012,11939
2022-12-30,3호선,도곡,4710,4691
2022-12-30,3호선,매봉,11967,11598
2022-12-30,3호선,양재,36022,37407
2022-12-30,3호선,교대,13875,8746
2022-12-30,3호선,고속터미널,53139,58303
2022-12-30,3호선,잠원,5002,4786
2022-12-30,3호선,신사,30942,33515
2022-12-30,3호선,압구정,35168,38607
2022-12-30,3호선,옥수,9303,9414
2022-12-30,3호선,금호,8247,7584
2022-12-30,3호선,약수,13712,12915
2022-12-30,3호선,동대입구,9236,10441
2022-12-30,3호선,충무로,3,0
2022-12-30,3호선,을지로3가,11984,12111
2022-12-30,3호선,종로3가,11298,14312
2022-12-30,3호선,안국,24662,25968
2022-12-30,3호선,경복궁,23431,23986
2022-12-30,3호선,독립문,7496,7334
2022-12-30,3호선,무악재,4204,4031
2022-12-30,3호선,홍제,17987,17052
2022-12-30,3호선,녹번,15724,13736
2022-12-30,3호선,불광,16584,17805
2022-12-30,3호선,연신내,37972,35777
2022-12-30,3호선,구파발,21839,20738
2022-12-30,3호선,지축,6219,5928
2022-12-30,3호선,남부터미널,30547,32162
2022-12-31,3호선,대치,9526,8512
2022-12-31,3호선,학여울,898,866
2022-12-31,3호선,대청,5502,5180
2022-12-31,3호선,일원,4498,4344
2022-12-31,3호선,수서,11202,11536
2022-12-31,3호선,가락시장,5615,5245
2022-12-31,3호선,경찰병원,3758,3579
2022-12-31,3호선,오금,3305,3120
2022-12-31,3호선,지축,3667,3470
2022-12-31,3호선,구파발,14213,14124
2022-12-31,3호선,연신내,26830,25745
2022-12-31,3호선,불광,12017,13254
2022-12-31,3호선,녹번,9516,8224
2022-12-31,3호선,홍제,12424,11620
2022-12-31,3호선,무악재,2690,2679
2022-12-31,3호선,독립문,5355,5319
2022-12-31,3호선,경복궁,16604,17535
2022-12-31,3호선,안국,18115,19446
2022-12-31,3호선,종로3가,5711,8289
2022-12-31,3호선,을지로3가,5267,5202
2022-12-31,3호선,동대입구,7409,8377
2022-12-31,3호선,약수,8645,7816
2022-12-31,3호선,금호,5498,4787
2022-12-31,3호선,옥수,5843,5853
2022-12-31,3호선,압구정,23146,24727
2022-12-31,3호선,신사,19890,21447
2022-12-31,3호선,잠원,3085,2969
2022-12-31,3호선,고속터미널,44757,48206
2022-12-31,3호선,교대,5834,3492
2022-12-31,3호선,남부터미널,17956,18329
2022-12-31,3호선,양재,15541,17027
2022-12-31,3호선,매봉,5290,4978
2022-12-31,3호선,도곡,2447,2468
2022-01-01,4호선,쌍문,11661,11083
2022-01-01,4호선,창동,11195,12193
2022-01-01,4호선,노원,9287,10239
2022-01-01,4호선,상계,8017,7693
2022-01-01,4호선,당고개,5762,5674
2022-01-01,4호선,남태령,437,372
2022-01-01,4호선,사당,10613,9321
2022-01-01,4호선,총신대입구,7163,7857
2022-01-01,4호선,동작,766,802
2022-01-01,4호선,이촌,2154,2461
2022-01-01,4호선,신용산,5930,6093
2022-01-01,4호선,삼각지,1657,2037
2022-01-01,4호선,숙대입구,4439,4172
2022-01-01,4호선,서울역,3123,6657
2022-01-01,4호선,회현,6552,7068
2022-01-01,4호선,명동,12174,12386
2022-01-01,4호선,충무로,6117,5834
2022-01-01,4호선,동대문역사문화공원,6641,5631
2022-01-01,4호선,동대문,4370,4250
2022-01-01,4호선,혜화,16405,16577
2022-01-01,4호선,한성대입구,5709,5507
2022-01-01,4호선,성신여대입구,9522,9234
2022-01-01,4호선,길음,7240,7189
2022-01-01,4호선,미아사거리,11557,11381
2022-01-01,4호선,미아,5820,5523
2022-01-01,4호선,수유,15534,15487
2022-01-02,4호선,노원,10630,11595
2022-01-02,4호선,쌍문,13439,12423
2022-01-02,4호선,창동,12796,13175
2022-01-02,4호선,상계,8935,8228
2022-01-02,4호선,당고개,6569,6249
2022-01-02,4호선,남태령,510,430
2022-01-02,4호선,사당,11615,11338
2022-01-02,4호선,총신대입구,8233,9125
2022-01-02,4호선,동작,681,749
2022-01-02,4호선,이촌,4012,4528
2022-01-02,4호선,신용산,7628,6981
2022-01-02,4호선,삼각지,1974,2515
2022-01-02,4호선,숙대입구,5667,5564
2022-01-02,4호선,서울역,3227,7255
2022-01-02,4호선,회현,9036,9104
2022-01-02,4호선,명동,11202,11327
2022-01-02,4호선,충무로,6031,6199
2022-01-02,4호선,동대문역사문화공원,7350,6273
2022-01-02,4호선,동대문,5094,5173
2022-01-02,4호선,혜화,17491,18280
2022-01-02,4호선,한성대입구,6097,6353
2022-01-02,4호선,성신여대입구,10387,10602
2022-01-02,4호선,길음,8502,8494
2022-01-02,4호선,미아사거리,14176,13609
2022-01-02,4호선,미아,6519,6499
2022-01-02,4호선,수유,16850,16612
2022-01-03,4호선,수유,31181,31335
2022-01-03,4호선,미아,13522,13423
2022-01-03,4호선,미아사거리,25411,24781
2022-01-03,4호선,길음,18514,18360
2022-01-03,4호선,성신여대입구,17836,17395
2022-01-03,4호선,한성대입구,11725,11684
2022-01-03,4호선,혜화,26726,26831
2022-01-03,4호선,동대문,15986,17333
2022-01-03,4호선,동대문역사문화공원,12919,11870
2022-01-03,4호선,충무로,23771,24715
2022-01-03,4호선,명동,16690,17130
2022-01-03,4호선,회현,21960,23110
2022-01-03,4호선,서울역,10530,14163
2022-01-03,4호선,숙대입구,11267,11049
2022-01-03,4호선,삼각지,4305,4535
2022-01-03,4호선,신용산,15785,16298
2022-01-03,4호선,이촌,6487,7139
2022-01-03,4호선,동작,1211,1326
2022-01-03,4호선,총신대입구,17147,18611
2022-01-03,4호선,사당,21998,18031
2022-01-03,4호선,남태령,1067,957
2022-01-03,4호선,당고개,11937,10861
2022-01-03,4호선,상계,17534,16370
2022-01-03,4호선,노원,17081,19302
2022-01-03,4호선,창동,23393,24745
2022-01-03,4호선,쌍문,27554,25499
2022-01-04,4호선,수유,32097,32251
2022-01-04,4호선,미아,13880,13550
2022-01-04,4호선,미아사거리,26234,25576
2022-01-04,4호선,길음,19007,18769
2022-01-04,4호선,성신여대입구,18370,17764
2022-01-04,4호선,한성대입구,12067,11996
2022-01-04,4호선,혜화,30100,29979
2022-01-04,4호선,동대문,18485,18876
2022-01-04,4호선,동대문역사문화공원,13742,12629
2022-01-04,4호선,충무로,24984,25705
2022-01-04,4호선,명동,17294,17590
2022-01-04,4호선,회현,23355,24635
2022-01-04,4호선,서울역,10632,14490
2022-01-04,4호선,숙대입구,11765,11618
2022-01-04,4호선,삼각지,4628,5077
2022-01-04,4호선,신용산,15966,16660
2022-01-04,4호선,이촌,6816,7618
2022-01-04,4호선,동작,1298,1517
2022-01-04,4호선,총신대입구,18023,19516
2022-01-04,4호선,사당,23412,19014
2022-01-04,4호선,남태령,1066,973
2022-01-04,4호선,당고개,11977,10931
2022-01-04,4호선,상계,18022,16870
2022-01-04,4호선,노원,17883,19899
2022-01-04,4호선,창동,23838,25271
2022-01-04,4호선,쌍문,28297,26385
2022-01-05,4호선,수유,32049,32473
2022-01-05,4호선,미아,13948,13714
2022-01-05,4호선,미아사거리,25965,25465
2022-01-05,4호선,길음,19539,19120
2022-01-05,4호선,성신여대입구,18464,17978
2022-01-05,4호선,한성대입구,12363,11937
2022-01-05,4호선,혜화,30376,30578
2022-01-05,4호선,동대문,18478,19012
2022-01-05,4호선,동대문역사문화공원,14053,12861
2022-01-05,4호선,충무로,25051,25916
2022-01-05,4호선,명동,17459,18007
2022-01-05,4호선,회현,23156,24626
2022-01-05,4호선,서울역,10765,14349
2022-01-05,4호선,숙대입구,11971,11758
2022-01-05,4호선,삼각지,4749,5174
2022-01-05,4호선,신용산,16286,16916
2022-01-05,4호선,이촌,6927,7595
2022-01-05,4호선,동작,1282,1403
2022-01-05,4호선,총신대입구,18226,19766
2022-01-05,4호선,사당,23635,19229
2022-01-05,4호선,남태령,1086,1000
2022-01-05,4호선,당고개,12192,11086
2022-01-05,4호선,상계,18236,17060
2022-01-05,4호선,노원,17796,20020
2022-01-05,4호선,창동,24279,25556
2022-01-05,4호선,쌍문,28306,26430
2022-01-06,4호선,수유,32339,32611
2022-01-06,4호선,미아,14049,13718
2022-01-06,4호선,미아사거리,26262,25624
2022-01-06,4호선,길음,19734,19234
2022-01-06,4호선,성신여대입구,18785,18085
2022-01-06,4호선,한성대입구,12166,12002
2022-01-06,4호선,혜화,31412,31451
2022-01-06,4호선,동대문,19087,19146
2022-01-06,4호선,동대문역사문화공원,14336,13078
2022-01-06,4호선,충무로,25149,26180
2022-01-06,4호선,명동,17458,18050
2022-01-06,4호선,회현,24075,25419
2022-01-06,4호선,서울역,10702,15245
2022-01-06,4호선,숙대입구,12026,11595
2022-01-06,4호선,삼각지,4927,5320
2022-01-06,4호선,신용산,16282,17089
2022-01-06,4호선,이촌,7012,7708
2022-01-06,4호선,동작,1368,1589
2022-01-06,4호선,총신대입구,18184,19517
2022-01-06,4호선,사당,24095,19898
2022-01-06,4호선,남태령,1102,1020
2022-01-06,4호선,당고개,12127,11244
2022-01-06,4호선,상계,18513,17300
2022-01-06,4호선,노원,18100,20257
2022-01-06,4호선,창동,24528,25927
2022-01-06,4호선,쌍문,28423,26462
2022-01-07,4호선,길음,19750,19316
2022-01-07,4호선,남태령,1205,1022
2022-01-07,4호선,노원,18691,21382
2022-01-07,4호선,당고개,12535,11456
2022-01-07,4호선,동대문,19038,19595
2022-01-07,4호선,동대문역사문화공원,14537,13498
2022-01-07,4호선,동작,1340,1514
2022-01-07,4호선,명동,18013,18848
2022-01-07,4호선,미아,14217,13867
2022-01-07,4호선,미아사거리,27010,26344
2022-01-07,4호선,사당,25145,20410
2022-01-07,4호선,삼각지,5038,5553
2022-01-07,4호선,상계,18641,17387
2022-01-07,4호선,서울역,10652,16669
2022-01-07,4호선,성신여대입구,19469,18995
2022-01-07,4호선,수유,33541,33993
2022-01-07,4호선,숙대입구,12255,12066
2022-01-07,4호선,신용산,16603,17333
2022-01-07,4호선,쌍문,28939,26844
2022-01-07,4호선,이촌,7375,8077
2022-01-07,4호선,창동,25424,26896
2022-01-07,4호선,총신대입구,18947,20435
2022-01-07,4호선,충무로,24993,26020
2022-01-07,4호선,한성대입구,12811,12299
2022-01-07,4호선,혜화,31292,31128
2022-01-07,4호선,회현,23983,25829
2022-01-08,4호선,수유,24665,24525
2022-01-08,4호선,미아,9960,9480
2022-01-08,4호선,미아사거리,20315,19529
2022-01-08,4호선,길음,13414,13037
2022-01-08,4호선,성신여대입구,15681,14791
2022-01-08,4호선,한성대입구,9534,9051
2022-01-08,4호선,혜화,27662,27544
2022-01-08,4호선,동대문,12287,12274
2022-01-08,4호선,동대문역사문화공원,10972,9447
2022-01-08,4호선,충무로,11872,12413
2022-01-08,4호선,명동,14651,16301
2022-01-08,4호선,회현,17477,19316
2022-01-08,4호선,서울역,4983,11276
2022-01-08,4호선,숙대입구,8532,8365
2022-01-08,4호선,삼각지,3234,4172
2022-01-08,4호선,신용산,9298,10134
2022-01-08,4호선,이촌,5899,6583
2022-01-08,4호선,동작,968,1026
2022-01-08,4호선,총신대입구,13426,14539
2022-01-08,4호선,사당,19763,17186
2022-01-08,4호선,남태령,958,614
2022-01-08,4호선,당고개,9332,8757
2022-01-08,4호선,상계,12742,12069
2022-01-08,4호선,노원,15337,16433
2022-01-08,4호선,창동,18686,19507
2022-01-08,4호선,쌍문,19867,18273
2022-01-09,4호선,수유,18136,17543
2022-01-09,4호선,미아,7146,6819
2022-01-09,4호선,미아사거리,14327,13572
2022-01-09,4호선,길음,9061,8966
2022-01-09,4호선,성신여대입구,11473,11120
2022-01-09,4호선,한성대입구,6793,6842
2022-01-09,4호선,혜화,20443,20823
2022-01-09,4호선,동대문,5681,6418
2022-01-09,4호선,동대문역사문화공원,8273,7563
2022-01-09,4호선,충무로,6954,6967
2022-01-09,4호선,명동,10595,10686
2022-01-09,4호선,회현,8905,9133
2022-01-09,4호선,서울역,3631,8516
2022-01-09,4호선,숙대입구,6301,6223
2022-01-09,4호선,삼각지,2321,2953
2022-01-09,4호선,신용산,7207,7314
2022-01-09,4호선,이촌,4280,4732
2022-01-09,4호선,동작,682,725
2022-01-09,4호선,총신대입구,9156,10104
2022-01-09,4호선,사당,13623,12686
2022-01-09,4호선,남태령,556,449
2022-01-09,4호선,당고개,6890,6608
2022-01-09,4호선,상계,9245,8805
2022-01-09,4호선,노원,10943,11844
2022-01-09,4호선,창동,13544,14174
2022-01-09,4호선,쌍문,14095,12759
2022-01-10,4호선,쌍문,28398,26224
2022-01-10,4호선,창동,24164,25627
2022-01-10,4호선,노원,17808,19723
2022-01-10,4호선,상계,18546,17457
2022-01-10,4호선,당고개,12298,11092
2022-01-10,4호선,남태령,1069,972
2022-01-10,4호선,사당,23239,18896
2022-01-10,4호선,총신대입구,17661,19314
2022-01-10,4호선,동작,1246,1385
2022-01-10,4호선,이촌,6609,7322
2022-01-10,4호선,신용산,15883,16722
2022-01-10,4호선,삼각지,4561,4865
2022-01-10,4호선,숙대입구,11764,11630
2022-01-10,4호선,서울역,10949,15215
2022-01-10,4호선,회현,22980,24325
2022-01-10,4호선,명동,17182,17514
2022-01-10,4호선,충무로,25129,25945
2022-01-10,4호선,동대문역사문화공원,13951,12696
2022-01-10,4호선,동대문,18743,19438
2022-01-10,4호선,혜화,28140,28097
2022-01-10,4호선,한성대입구,12170,11867
2022-01-10,4호선,성신여대입구,18591,18222
2022-01-10,4호선,길음,19385,19094
2022-01-10,4호선,미아사거리,26067,25171
2022-01-10,4호선,미아,14023,13805
2022-01-10,4호선,수유,32100,32556
2022-01-11,4호선,쌍문,28288,26179
2022-01-11,4호선,창동,23981,25463
2022-01-11,4호선,노원,18026,19987
2022-01-11,4호선,상계,18548,17364
2022-01-11,4호선,당고개,12186,11114
2022-01-11,4호선,남태령,1081,1007
2022-01-11,4호선,사당,24414,19734
2022-01-11,4호선,총신대입구,18045,19422
2022-01-11,4호선,동작,1088,1281
2022-01-11,4호선,이촌,7260,8050
2022-01-11,4호선,신용산,16676,17377
2022-01-11,4호선,삼각지,4786,5212
2022-01-11,4호선,숙대입구,12221,12127
2022-01-11,4호선,서울역,10936,15468
2022-01-11,4호선,회현,23143,24333
2022-01-11,4호선,명동,17183,17804
2022-01-11,4호선,충무로,25437,26134
2022-01-11,4호선,동대문역사문화공원,14250,12926
2022-01-11,4호선,동대문,18663,19213
2022-01-11,4호선,혜화,30758,30527
2022-01-11,4호선,한성대입구,12437,12222
2022-01-11,4호선,성신여대입구,18941,18192
2022-01-11,4호선,길음,19634,19245
2022-01-11,4호선,미아사거리,26065,25483
2022-01-11,4호선,미아,14128,13910
2022-01-11,4호선,수유,32283,32384
2022-01-12,4호선,수유,32067,32526
2022-01-12,4호선,미아,13828,13839
2022-01-12,4호선,미아사거리,25971,25240
2022-01-12,4호선,길음,19129,18874
2022-01-12,4호선,성신여대입구,18692,18193
2022-01-12,4호선,한성대입구,12352,11993
2022-01-12,4호선,혜화,31023,30708
2022-01-12,4호선,동대문,18101,18776
2022-01-12,4호선,동대문역사문화공원,14445,13133
2022-01-12,4호선,충무로,25529,26150
2022-01-12,4호선,명동,17095,17644
2022-01-12,4호선,회현,22312,23727
2022-01-12,4호선,서울역,10818,15502
2022-01-12,4호선,숙대입구,12046,11835
2022-01-12,4호선,삼각지,4896,5283
2022-01-12,4호선,신용산,16392,17376
2022-01-12,4호선,이촌,7226,7950
2022-01-12,4호선,동작,1109,1292
2022-01-12,4호선,총신대입구,18049,19625
2022-01-12,4호선,사당,23786,19455
2022-01-12,4호선,남태령,1090,987
2022-01-12,4호선,당고개,11963,10816
2022-01-12,4호선,상계,18061,16862
2022-01-12,4호선,노원,17841,19913
2022-01-12,4호선,창동,23845,25281
2022-01-12,4호선,쌍문,28186,26006
2022-01-13,4호선,쌍문,28251,26244
2022-01-13,4호선,창동,23936,25352
2022-01-13,4호선,노원,17751,19837
2022-01-13,4호선,상계,18021,16959
2022-01-13,4호선,당고개,12088,11190
2022-01-13,4호선,남태령,1088,994
2022-01-13,4호선,사당,24403,19705
2022-01-13,4호선,총신대입구,17934,19380
2022-01-13,4호선,동작,1105,1259
2022-01-13,4호선,이촌,7181,7904
2022-01-13,4호선,신용산,16496,17106
2022-01-13,4호선,삼각지,4916,5396
2022-01-13,4호선,숙대입구,11944,11937
2022-01-13,4호선,서울역,11030,15854
2022-01-13,4호선,회현,23003,24099
2022-01-13,4호선,명동,17364,17384
2022-01-13,4호선,충무로,25471,26227
2022-01-13,4호선,동대문역사문화공원,14482,13212
2022-01-13,4호선,동대문,18413,19043
2022-01-13,4호선,혜화,31180,30983
2022-01-13,4호선,한성대입구,12306,12050
2022-01-13,4호선,성신여대입구,18884,18336
2022-01-13,4호선,길음,19270,18937
2022-01-13,4호선,미아사거리,26099,25436
2022-01-13,4호선,미아,13878,13624
2022-01-13,4호선,수유,32117,32431
2022-01-14,4호선,수유,33171,33803
2022-01-14,4호선,미아,14074,13766
2022-01-14,4호선,미아사거리,26700,26307
2022-01-14,4호선,길음,19840,19152
2022-01-14,4호선,성신여대입구,19424,18872
2022-01-14,4호선,한성대입구,12642,12273
2022-01-14,4호선,혜화,31658,31449
2022-01-14,4호선,동대문,18654,19393
2022-01-14,4호선,동대문역사문화공원,14586,13656
2022-01-14,4호선,충무로,25463,26449
2022-01-14,4호선,명동,17594,18708
2022-01-14,4호선,회현,23424,25031
2022-01-14,4호선,서울역,10987,17339
2022-01-14,4호선,숙대입구,12296,12171
2022-01-14,4호선,삼각지,5083,5694
2022-01-14,4호선,신용산,16627,17469
2022-01-14,4호선,이촌,7384,7979
2022-01-14,4호선,동작,1242,1390
2022-01-14,4호선,총신대입구,18606,20378
2022-01-14,4호선,사당,25293,20702
2022-01-14,4호선,남태령,1239,966
2022-01-14,4호선,당고개,12322,11176
2022-01-14,4호선,상계,18309,17103
2022-01-14,4호선,노원,18569,20974
2022-01-14,4호선,창동,25026,26668
2022-01-14,4호선,쌍문,29068,26525
2022-01-15,4호선,쌍문,20063,18140
2022-01-15,4호선,창동,18645,19557
2022-01-15,4호선,노원,14928,16251
2022-01-15,4호선,상계,13092,12383
2022-01-15,4호선,당고개,9069,8644
2022-01-15,4호선,남태령,957,642
2022-01-15,4호선,사당,19531,17100
2022-01-15,4호선,총신대입구,13368,14452
2022-01-15,4호선,동작,1050,1078
2022-01-15,4호선,이촌,6213,6836
2022-01-15,4호선,신용산,9890,10818
2022-01-15,4호선,삼각지,3346,4287
2022-01-15,4호선,숙대입구,8320,8208
2022-01-15,4호선,서울역,5171,11444
2022-01-15,4호선,회현,17413,18886
2022-01-15,4호선,명동,13314,15194
2022-01-15,4호선,충무로,11637,12091
2022-01-15,4호선,동대문역사문화공원,11471,9957
2022-01-15,4호선,동대문,12392,12262
2022-01-15,4호선,혜화,26463,27087
2022-01-15,4호선,한성대입구,9873,9410
2022-01-15,4호선,성신여대입구,15926,15060
2022-01-15,4호선,길음,13520,12848
2022-01-15,4호선,미아사거리,20676,19807
2022-01-15,4호선,미아,9922,9630
2022-01-15,4호선,수유,24848,24540
2022-01-16,4호선,쌍문,14541,13493
2022-01-16,4호선,창동,13932,14663
2022-01-16,4호선,노원,11231,11961
2022-01-16,4호선,상계,9456,8910
2022-01-16,4호선,당고개,7007,6800
2022-01-16,4호선,남태령,623,451
2022-01-16,4호선,사당,14050,12927
2022-01-16,4호선,총신대입구,9595,10448
2022-01-16,4호선,동작,697,785
2022-01-16,4호선,이촌,4633,5068
2022-01-16,4호선,신용산,7831,8036
2022-01-16,4호선,삼각지,2297,2978
2022-01-16,4호선,숙대입구,6825,6357
2022-01-16,4호선,서울역,3974,9609
2022-01-16,4호선,회현,9300,9431
2022-01-16,4호선,명동,10897,10644
2022-01-16,4호선,충무로,7197,7102
2022-01-16,4호선,동대문역사문화공원,8587,8013
2022-01-16,4호선,동대문,5806,6421
2022-01-16,4호선,혜화,21399,21543
2022-01-16,4호선,한성대입구,6985,7004
2022-01-16,4호선,수유,18779,17974
2022-01-16,4호선,미아,7273,6927
2022-01-16,4호선,미아사거리,14927,14297
2022-01-16,4호선,길음,9543,9547
2022-01-16,4호선,성신여대입구,11760,11222
2022-01-17,4호선,동대문,19157,19612
2022-01-17,4호선,동대문역사문화공원,14043,12770
2022-01-17,4호선,충무로,25332,25944
2022-01-17,4호선,명동,16964,17273
2022-01-17,4호선,회현,23167,23914
2022-01-17,4호선,서울역,11231,15610
2022-01-17,4호선,숙대입구,11831,11604
2022-01-17,4호선,삼각지,4654,5075
2022-01-17,4호선,신용산,16253,16931
2022-01-17,4호선,이촌,6829,7619
2022-01-17,4호선,동작,1122,1242
2022-01-17,4호선,총신대입구,17898,19548
2022-01-17,4호선,사당,23307,19203
2022-01-17,4호선,남태령,1055,958
2022-01-17,4호선,당고개,12157,11029
2022-01-17,4호선,상계,18270,17361
2022-01-17,4호선,노원,17812,19759
2022-01-17,4호선,창동,24255,25727
2022-01-17,4호선,쌍문,28241,26262
2022-01-17,4호선,수유,32266,32667
2022-01-17,4호선,미아,14028,13794
2022-01-17,4호선,미아사거리,25785,25398
2022-01-17,4호선,길음,19171,19266
2022-01-17,4호선,성신여대입구,18530,18070
2022-01-17,4호선,한성대입구,12154,12088
2022-01-17,4호선,혜화,29638,29273
2022-01-18,4호선,쌍문,28665,26751
2022-01-18,4호선,창동,24713,25885
2022-01-18,4호선,노원,18190,20371
2022-01-18,4호선,상계,18490,17349
2022-01-18,4호선,당고개,12259,11052
2022-01-18,4호선,남태령,1090,1010
2022-01-18,4호선,사당,24205,19798
2022-01-18,4호선,총신대입구,18203,19894
2022-01-18,4호선,동작,1145,1357
2022-01-18,4호선,이촌,7199,7981
2022-01-18,4호선,신용산,16356,17304
2022-01-18,4호선,삼각지,4983,5405
2022-01-18,4호선,숙대입구,12267,12115
2022-01-18,4호선,서울역,11233,15830
2022-01-18,4호선,회현,23663,24966
2022-01-18,4호선,명동,17462,17960
2022-01-18,4호선,충무로,25827,26654
2022-01-18,4호선,동대문역사문화공원,14127,12935
2022-01-18,4호선,동대문,18825,19319
2022-01-18,4호선,혜화,31140,30984
2022-01-18,4호선,한성대입구,13441,13012
2022-01-18,4호선,성신여대입구,19065,18471
2022-01-18,4호선,길음,19839,19667
2022-01-18,4호선,미아사거리,26280,25734
2022-01-18,4호선,미아,13943,13711
2022-01-18,4호선,수유,32400,32494
2022-01-19,4호선,쌍문,29304,27070
2022-01-19,4호선,창동,24992,26857
2022-01-19,4호선,노원,18489,20463
2022-01-19,4호선,상계,18658,17579
2022-01-19,4호선,당고개,12433,11285
2022-01-19,4호선,남태령,1172,1074
2022-01-19,4호선,사당,24720,20315
2022-01-19,4호선,총신대입구,18600,20402
2022-01-19,4호선,동작,1141,1288
2022-01-19,4호선,이촌,7960,8761
2022-01-19,4호선,신용산,17614,18150
2022-01-19,4호선,삼각지,5089,5496
2022-01-19,4호선,숙대입구,12508,12482
2022-01-19,4호선,서울역,11740,16804
2022-01-19,4호선,회현,23753,24761
2022-01-19,4호선,명동,17754,18308
2022-01-19,4호선,충무로,27026,27112
2022-01-19,4호선,동대문역사문화공원,14751,13501
2022-01-19,4호선,동대문,18682,19062
2022-01-19,4호선,혜화,33786,33719
2022-01-19,4호선,한성대입구,13050,12909
2022-01-19,4호선,성신여대입구,19398,18921
2022-01-19,4호선,길음,20527,20368
2022-01-19,4호선,미아사거리,26478,26184
2022-01-19,4호선,미아,14011,13758
2022-01-19,4호선,수유,32605,33215
2022-01-20,4호선,수유,32757,32997
2022-01-20,4호선,미아,14226,13962
2022-01-20,4호선,미아사거리,26847,26330
2022-01-20,4호선,길음,20242,19745
2022-01-20,4호선,성신여대입구,19481,18901
2022-01-20,4호선,한성대입구,12717,12278
2022-01-20,4호선,혜화,32216,32350
2022-01-20,4호선,동대문,18731,19560
2022-01-20,4호선,동대문역사문화공원,14544,13593
2022-01-20,4호선,충무로,26047,27017
2022-01-20,4호선,명동,17552,17983
2022-01-20,4호선,회현,23745,25225
2022-01-20,4호선,서울역,11238,16579
2022-01-20,4호선,숙대입구,12360,12369
2022-01-20,4호선,삼각지,4967,5415
2022-01-20,4호선,신용산,16711,17822
2022-01-20,4호선,이촌,7571,8291
2022-01-20,4호선,동작,1228,1444
2022-01-20,4호선,총신대입구,18572,20015
2022-01-20,4호선,사당,24783,20501
2022-01-20,4호선,남태령,1200,1028
2022-01-20,4호선,당고개,12599,11341
2022-01-20,4호선,상계,18627,17450
2022-01-20,4호선,노원,18417,20411
2022-01-20,4호선,창동,25254,26714
2022-01-20,4호선,쌍문,29039,26851
2022-01-21,4호선,쌍문,29408,27376
2022-01-21,4호선,창동,27071,28736
2022-01-21,4호선,노원,18736,21582
2022-01-21,4호선,상계,18300,17754
2022-01-21,4호선,당고개,12722,11677
2022-01-21,4호선,남태령,1270,1094
2022-01-21,4호선,사당,26270,22040
2022-01-21,4호선,총신대입구,19515,21302
2022-01-21,4호선,동작,1390,1521
2022-01-21,4호선,이촌,7698,8574
2022-01-21,4호선,신용산,17123,17936
2022-01-21,4호선,삼각지,5023,5891
2022-01-21,4호선,숙대입구,12792,12759
2022-01-21,4호선,서울역,11151,17816
2022-01-21,4호선,회현,24521,25816
2022-01-21,4호선,명동,17877,18700
2022-01-21,4호선,충무로,26038,26625
2022-01-21,4호선,동대문역사문화공원,14538,13702
2022-01-21,4호선,동대문,19228,19615
2022-01-21,4호선,혜화,32786,31435
2022-01-21,4호선,한성대입구,13346,14329
2022-01-21,4호선,성신여대입구,20198,21328
2022-01-21,4호선,길음,20628,20695
2022-01-21,4호선,미아사거리,27554,27645
2022-01-21,4호선,미아,14514,14166
2022-01-21,4호선,수유,33950,34409
2022-01-22,4호선,수유,25347,25103
2022-01-22,4호선,미아,10210,9793
2022-01-22,4호선,미아사거리,20793,20009
2022-01-22,4호선,길음,13929,13483
2022-01-22,4호선,성신여대입구,15915,15159
2022-01-22,4호선,한성대입구,9602,9153
2022-01-22,4호선,혜화,27387,28094
2022-01-22,4호선,동대문,12391,12298
2022-01-22,4호선,동대문역사문화공원,10753,9447
2022-01-22,4호선,충무로,11920,12194
2022-01-22,4호선,명동,13015,14903
2022-01-22,4호선,회현,16490,17774
2022-01-22,4호선,서울역,5410,12120
2022-01-22,4호선,숙대입구,8885,8704
2022-01-22,4호선,삼각지,3378,4245
2022-01-22,4호선,신용산,10051,10798
2022-01-22,4호선,이촌,6503,7184
2022-01-22,4호선,동작,1087,1290
2022-01-22,4호선,총신대입구,13900,14981
2022-01-22,4호선,사당,20069,17199
2022-01-22,4호선,남태령,941,599
2022-01-22,4호선,당고개,9498,8875
2022-01-22,4호선,상계,13262,12601
2022-01-22,4호선,노원,15642,17118
2022-01-22,4호선,창동,19575,20483
2022-01-22,4호선,쌍문,20583,18629
2022-01-23,4호선,수유,18978,18518
2022-01-23,4호선,미아,7530,7082
2022-01-23,4호선,미아사거리,14892,14393
2022-01-23,4호선,길음,9752,9589
2022-01-23,4호선,성신여대입구,11975,11437
2022-01-23,4호선,한성대입구,6921,7115
2022-01-23,4호선,혜화,22071,22722
2022-01-23,4호선,동대문,5889,6554
2022-01-23,4호선,동대문역사문화공원,8303,7531
2022-01-23,4호선,충무로,7429,7301
2022-01-23,4호선,명동,10084,9916
2022-01-23,4호선,회현,8436,8817
2022-01-23,4호선,서울역,4027,8922
2022-01-23,4호선,숙대입구,6936,6746
2022-01-23,4호선,삼각지,2482,3169
2022-01-23,4호선,신용산,7509,7599
2022-01-23,4호선,이촌,5062,5433
2022-01-23,4호선,동작,924,1074
2022-01-23,4호선,총신대입구,9658,10527
2022-01-23,4호선,사당,14144,13180
2022-01-23,4호선,남태령,654,492
2022-01-23,4호선,당고개,7292,7147
2022-01-23,4호선,상계,9584,9031
2022-01-23,4호선,노원,11417,12173
2022-01-23,4호선,창동,14892,15628
2022-01-23,4호선,쌍문,14530,13503
2022-01-24,4호선,수유,32610,32765
2022-01-24,4호선,미아,14356,13976
2022-01-24,4호선,미아사거리,26696,25958
2022-01-24,4호선,길음,19473,19235
2022-01-24,4호선,성신여대입구,18677,18122
2022-01-24,4호선,한성대입구,12282,11968
2022-01-24,4호선,혜화,29518,29506
2022-01-24,4호선,동대문,18765,19329
2022-01-24,4호선,동대문역사문화공원,14049,12913
2022-01-24,4호선,충무로,25413,26315
2022-01-24,4호선,명동,16618,16914
2022-01-24,4호선,회현,23156,24589
2022-01-24,4호선,서울역,10864,15442
2022-01-24,4호선,숙대입구,11710,11631
2022-01-24,4호선,삼각지,4607,5002
2022-01-24,4호선,신용산,16064,16987
2022-01-24,4호선,이촌,7022,7837
2022-01-24,4호선,동작,1423,1549
2022-01-24,4호선,총신대입구,18300,19705
2022-01-24,4호선,사당,23653,19408
2022-01-24,4호선,남태령,1073,920
2022-01-24,4호선,당고개,12413,11295
2022-01-24,4호선,상계,18420,17349
2022-01-24,4호선,노원,17935,19847
2022-01-24,4호선,창동,25062,26335
2022-01-24,4호선,쌍문,28862,26646
2022-01-25,4호선,쌍문,28803,26707
2022-01-25,4호선,창동,24991,26527
2022-01-25,4호선,노원,17914,20186
2022-01-25,4호선,상계,18446,17163
2022-01-25,4호선,당고개,12434,11198
2022-01-25,4호선,남태령,1159,1004
2022-01-25,4호선,사당,24558,20036
2022-01-25,4호선,총신대입구,18574,20086
2022-01-25,4호선,동작,1231,1493
2022-01-25,4호선,이촌,7452,8035
2022-01-25,4호선,신용산,16324,17487
2022-01-25,4호선,삼각지,4842,5398
2022-01-25,4호선,숙대입구,12384,12199
2022-01-25,4호선,서울역,11021,15894
2022-01-25,4호선,회현,22877,24200
2022-01-25,4호선,명동,16920,17537
2022-01-25,4호선,충무로,26245,27324
2022-01-25,4호선,동대문역사문화공원,14029,12923
2022-01-25,4호선,동대문,18394,18926
2022-01-25,4호선,혜화,31447,31146
2022-01-25,4호선,한성대입구,12570,12031
2022-01-25,4호선,성신여대입구,19445,18968
2022-01-25,4호선,길음,19904,19538
2022-01-25,4호선,미아사거리,26691,26124
2022-01-25,4호선,미아,14204,13951
2022-01-25,4호선,수유,32834,33064
2022-01-26,4호선,수유,33139,33553
2022-01-26,4호선,미아,14617,14083
2022-01-26,4호선,미아사거리,27290,26634
2022-01-26,4호선,길음,20425,20328
2022-01-26,4호선,성신여대입구,19558,18780
2022-01-26,4호선,한성대입구,12863,12645
2022-01-26,4호선,혜화,33973,33813
2022-01-26,4호선,동대문,18917,19594
2022-01-26,4호선,동대문역사문화공원,14252,13263
2022-01-26,4호선,충무로,25875,26571
2022-01-26,4호선,명동,17457,17794
2022-01-26,4호선,회현,23364,24782
2022-01-26,4호선,서울역,11174,16894
2022-01-26,4호선,숙대입구,12460,12309
2022-01-26,4호선,삼각지,5029,5546
2022-01-26,4호선,신용산,16785,17905
2022-01-26,4호선,이촌,7798,8595
2022-01-26,4호선,동작,1364,1576
2022-01-26,4호선,총신대입구,19151,20800
2022-01-26,4호선,사당,24444,20090
2022-01-26,4호선,남태령,1131,975
2022-01-26,4호선,당고개,12691,11350
2022-01-26,4호선,상계,18673,17455
2022-01-26,4호선,노원,18695,20840
2022-01-26,4호선,창동,25810,27606
2022-01-26,4호선,쌍문,29182,26992
2022-01-27,4호선,쌍문,28924,26584
2022-01-27,4호선,창동,25304,26971
2022-01-27,4호선,노원,18127,20115
2022-01-27,4호선,상계,18555,17190
2022-01-27,4호선,당고개,12363,11259
2022-01-27,4호선,남태령,1108,942
2022-01-27,4호선,사당,24074,19631
2022-01-27,4호선,총신대입구,18684,20338
2022-01-27,4호선,동작,1414,1645
2022-01-27,4호선,이촌,7212,7992
2022-01-27,4호선,신용산,16113,17691
2022-01-27,4호선,삼각지,4875,5302
2022-01-27,4호선,숙대입구,12079,12092
2022-01-27,4호선,서울역,10729,17696
2022-01-27,4호선,회현,22710,24007
2022-01-27,4호선,명동,16611,16852
2022-01-27,4호선,동대문역사문화공원,13977,12868
2022-01-27,4호선,동대문,18510,19000
2022-01-27,4호선,한성대입구,12552,12193
2022-01-27,4호선,성신여대입구,19315,18279
2022-01-27,4호선,길음,20064,19486
2022-01-27,4호선,미아사거리,26551,26314
2022-01-27,4호선,미아,14353,13996
2022-01-27,4호선,수유,32907,32985
2022-01-27,4호선,충무로,25672,26243
2022-01-27,4호선,혜화,33543,33101
2022-01-28,4호선,수유,33455,34060
2022-01-28,4호선,미아,14399,14351
2022-01-28,4호선,미아사거리,26889,26476
2022-01-28,4호선,길음,19463,19418
2022-01-28,4호선,성신여대입구,19796,19263
2022-01-28,4호선,한성대입구,12713,12317
2022-01-28,4호선,혜화,32104,31056
2022-01-28,4호선,동대문,17050,17620
2022-01-28,4호선,동대문역사문화공원,13835,12706
2022-01-28,4호선,충무로,23789,24833
2022-01-28,4호선,명동,16134,16314
2022-01-28,4호선,회현,22115,22678
2022-01-28,4호선,서울역,9898,15116
2022-01-28,4호선,숙대입구,12079,11639
2022-01-28,4호선,삼각지,4771,5344
2022-01-28,4호선,신용산,15167,16406
2022-01-28,4호선,이촌,7299,7948
2022-01-28,4호선,동작,1355,1610
2022-01-28,4호선,총신대입구,18943,20652
2022-01-28,4호선,사당,24087,19449
2022-01-28,4호선,남태령,1186,955
2022-01-28,4호선,당고개,12114,11065
2022-01-28,4호선,상계,18223,17353
2022-01-28,4호선,노원,18621,21136
2022-01-28,4호선,창동,26258,28091
2022-01-28,4호선,쌍문,28444,26551
2022-01-29,4호선,쌍문,17907,15924
2022-01-29,4호선,창동,17780,18853
2022-01-29,4호선,노원,13481,14518
2022-01-29,4호선,상계,11585,11047
2022-01-29,4호선,당고개,8266,7936
2022-01-29,4호선,남태령,679,502
2022-01-29,4호선,사당,15676,13304
2022-01-29,4호선,총신대입구,12304,12990
2022-01-29,4호선,동작,836,996
2022-01-29,4호선,이촌,5170,5598
2022-01-29,4호선,신용산,7573,8795
2022-01-29,4호선,삼각지,2730,3193
2022-01-29,4호선,숙대입구,6674,6202
2022-01-29,4호선,서울역,4074,9099
2022-01-29,4호선,회현,12914,13981
2022-01-29,4호선,명동,9672,10830
2022-01-29,4호선,충무로,8657,8878
2022-01-29,4호선,동대문역사문화공원,8542,7657
2022-01-29,4호선,동대문,8823,9136
2022-01-29,4호선,혜화,22139,21845
2022-01-29,4호선,한성대입구,8018,7358
2022-01-29,4호선,성신여대입구,13786,12499
2022-01-29,4호선,길음,11789,10968
2022-01-29,4호선,미아사거리,18454,17712
2022-01-29,4호선,미아,9199,8635
2022-01-29,4호선,수유,22488,21667
2022-01-30,4호선,쌍문,13106,11871
2022-01-30,4호선,창동,13914,14751
2022-01-30,4호선,노원,9804,10631
2022-01-30,4호선,상계,8696,8275
2022-01-30,4호선,당고개,6228,6168
2022-01-30,4호선,남태령,555,378
2022-01-30,4호선,사당,11370,9536
2022-01-30,4호선,총신대입구,8983,9631
2022-01-30,4호선,동작,739,786
2022-01-30,4호선,이촌,4005,4249
2022-01-30,4호선,신용산,5543,6394
2022-01-30,4호선,삼각지,1860,2313
2022-01-30,4호선,숙대입구,5142,4694
2022-01-30,4호선,서울역,3166,7232
2022-01-30,4호선,회현,7303,7777
2022-01-30,4호선,명동,9003,9469
2022-01-30,4호선,충무로,5764,5400
2022-01-30,4호선,동대문역사문화공원,7113,6273
2022-01-30,4호선,동대문,4642,4806
2022-01-30,4호선,혜화,17607,17586
2022-01-30,4호선,한성대입구,5989,5416
2022-01-30,4호선,성신여대입구,9473,8499
2022-01-30,4호선,길음,8179,7799
2022-01-30,4호선,미아사거리,13931,13050
2022-01-30,4호선,미아,6926,6423
2022-01-30,4호선,수유,16882,15981
2022-01-31,4호선,쌍문,10109,9425
2022-01-31,4호선,창동,10048,10827
2022-01-31,4호선,노원,7259,7828
2022-01-31,4호선,상계,6743,6665
2022-01-31,4호선,당고개,4678,4775
2022-01-31,4호선,남태령,407,325
2022-01-31,4호선,사당,8037,6982
2022-01-31,4호선,총신대입구,6842,7246
2022-01-31,4호선,동작,644,709
2022-01-31,4호선,이촌,3511,3730
2022-01-31,4호선,신용산,4371,4899
2022-01-31,4호선,삼각지,1281,1582
2022-01-31,4호선,숙대입구,3533,3119
2022-01-31,4호선,서울역,2552,5878
2022-01-31,4호선,회현,6632,7004
2022-01-31,4호선,명동,7239,7055
2022-01-31,4호선,충무로,4621,4312
2022-01-31,4호선,동대문역사문화공원,5222,4573
2022-01-31,4호선,동대문,3474,3495
2022-01-31,4호선,혜화,10652,10119
2022-01-31,4호선,한성대입구,4541,4157
2022-01-31,4호선,성신여대입구,7219,6703
2022-01-31,4호선,길음,6260,6070
2022-01-31,4호선,미아사거리,10328,10020
2022-01-31,4호선,미아,5564,5345
2022-01-31,4호선,수유,13016,12864
2022-02-01,4호선,쌍문,9894,9347
2022-02-01,4호선,창동,9137,9310
2022-02-01,4호선,노원,6767,7299
2022-02-01,4호선,상계,6686,6444
2022-02-01,4호선,당고개,5055,4687
2022-02-01,4호선,남태령,345,308
2022-02-01,4호선,사당,7021,6430
2022-02-01,4호선,총신대입구,4717,5295
2022-02-01,4호선,동작,543,592
2022-02-01,4호선,이촌,1580,1812
2022-02-01,4호선,신용산,3979,3676
2022-02-01,4호선,삼각지,1014,1403
2022-02-01,4호선,숙대입구,2928,2906
2022-02-01,4호선,서울역,2332,4904
2022-02-01,4호선,회현,2040,2063
2022-02-01,4호선,명동,4780,4531
2022-02-01,4호선,충무로,3916,4117
2022-02-01,4호선,동대문역사문화공원,3784,3337
2022-02-01,4호선,동대문,1830,1705
2022-02-01,4호선,혜화,8076,8586
2022-02-01,4호선,한성대입구,4395,4574
2022-02-01,4호선,성신여대입구,6233,6399
2022-02-01,4호선,길음,5870,6068
2022-02-01,4호선,미아사거리,9241,8902
2022-02-01,4호선,미아,5144,4986
2022-02-01,4호선,수유,12578,13008
2022-02-02,4호선,수유,15158,15265
2022-02-02,4호선,미아,5821,5617
2022-02-02,4호선,미아사거리,12026,11529
2022-02-02,4호선,길음,7257,7389
2022-02-02,4호선,성신여대입구,8456,9357
2022-02-02,4호선,한성대입구,5191,5810
2022-02-02,4호선,혜화,13292,14450
2022-02-02,4호선,동대문,3630,3632
2022-02-02,4호선,동대문역사문화공원,5588,5046
2022-02-02,4호선,충무로,5541,6223
2022-02-02,4호선,명동,6800,7436
2022-02-02,4호선,회현,3906,4387
2022-02-02,4호선,서울역,2878,5400
2022-02-02,4호선,숙대입구,4199,4297
2022-02-02,4호선,삼각지,1514,2176
2022-02-02,4호선,신용산,5926,5597
2022-02-02,4호선,이촌,3757,4133
2022-02-02,4호선,동작,953,1126
2022-02-02,4호선,총신대입구,6878,7861
2022-02-02,4호선,사당,10191,9934
2022-02-02,4호선,남태령,421,383
2022-02-02,4호선,당고개,5662,5241
2022-02-02,4호선,상계,7561,7137
2022-02-02,4호선,노원,9105,9883
2022-02-02,4호선,창동,11877,12112
2022-02-02,4호선,쌍문,11818,10774
2022-02-03,4호선,쌍문,26394,24517
2022-02-03,4호선,창동,22451,23686
2022-02-03,4호선,노원,16576,18649
2022-02-03,4호선,상계,16693,15544
2022-02-03,4호선,당고개,11457,10508
2022-02-03,4호선,남태령,992,921
2022-02-03,4호선,사당,20585,17051
2022-02-03,4호선,총신대입구,16221,17803
2022-02-03,4호선,동작,1307,1401
2022-02-03,4호선,이촌,6453,7112
2022-02-03,4호선,신용산,14650,14712
2022-02-03,4호선,삼각지,4132,4509
2022-02-03,4호선,숙대입구,11000,10743
2022-02-03,4호선,서울역,8832,11956
2022-02-03,4호선,회현,18511,19536
2022-02-03,4호선,명동,14980,15469
2022-02-03,4호선,충무로,22729,23895
2022-02-03,4호선,동대문역사문화공원,12380,11757
2022-02-03,4호선,동대문,14719,16089
2022-02-03,4호선,혜화,27037,27280
2022-02-03,4호선,한성대입구,11440,11684
2022-02-03,4호선,성신여대입구,17037,17003
2022-02-03,4호선,길음,17611,17768
2022-02-03,4호선,미아사거리,24307,23849
2022-02-03,4호선,미아,12971,12677
2022-02-03,4호선,수유,30668,30860
2022-02-04,4호선,쌍문,27554,25647
2022-02-04,4호선,창동,23589,25128
2022-02-04,4호선,노원,17625,19917
2022-02-04,4호선,상계,17248,16177
2022-02-04,4호선,당고개,12085,11068
2022-02-04,4호선,남태령,1073,980
2022-02-04,4호선,사당,22607,18592
2022-02-04,4호선,총신대입구,17472,18965
2022-02-04,4호선,동작,1219,1357
2022-02-04,4호선,이촌,6973,7621
2022-02-04,4호선,신용산,15292,15589
2022-02-04,4호선,삼각지,4533,5023
2022-02-04,4호선,숙대입구,11744,11541
2022-02-04,4호선,서울역,9371,13533
2022-02-04,4호선,회현,21611,22641
2022-02-04,4호선,명동,15660,16385
2022-02-04,4호선,충무로,23847,24504
2022-02-04,4호선,동대문역사문화공원,13522,12509
2022-02-04,4호선,동대문,17817,18388
2022-02-04,4호선,혜화,28568,28197
2022-02-04,4호선,한성대입구,12549,12708
2022-02-04,4호선,성신여대입구,18724,18445
2022-02-04,4호선,길음,18434,18594
2022-02-04,4호선,미아사거리,25956,25355
2022-02-04,4호선,미아,13598,13446
2022-02-04,4호선,수유,32001,32654
2022-02-05,4호선,수유,22379,22055
2022-02-05,4호선,미아,9546,9021
2022-02-05,4호선,미아사거리,18528,18089
2022-02-05,4호선,길음,11762,11496
2022-02-05,4호선,성신여대입구,13978,13727
2022-02-05,4호선,한성대입구,8949,8643
2022-02-05,4호선,혜화,21578,22134
2022-02-05,4호선,동대문,10296,10465
2022-02-05,4호선,동대문역사문화공원,8996,7897
2022-02-05,4호선,충무로,9878,10279
2022-02-05,4호선,명동,9688,11007
2022-02-05,4호선,회현,13547,14540
2022-02-05,4호선,서울역,4228,8561
2022-02-05,4호선,숙대입구,7321,7124
2022-02-05,4호선,삼각지,2821,3454
2022-02-05,4호선,신용산,8536,9103
2022-02-05,4호선,이촌,5240,5680
2022-02-05,4호선,동작,922,1052
2022-02-05,4호선,총신대입구,11626,12640
2022-02-05,4호선,사당,16674,14412
2022-02-05,4호선,남태령,658,496
2022-02-05,4호선,당고개,7703,7354
2022-02-05,4호선,상계,11444,10906
2022-02-05,4호선,노원,13763,14737
2022-02-05,4호선,창동,16241,17084
2022-02-05,4호선,쌍문,18021,16628
2022-02-06,4호선,쌍문,13049,11804
2022-02-06,4호선,창동,12249,12974
2022-02-06,4호선,노원,9693,10540
2022-02-06,4호선,상계,8011,7692
2022-02-06,4호선,당고개,6071,5812
2022-02-06,4호선,남태령,497,391
2022-02-06,4호선,사당,11987,11106
2022-02-06,4호선,총신대입구,7998,8778
2022-02-06,4호선,동작,1175,1092
2022-02-06,4호선,이촌,4060,4451
2022-02-06,4호선,신용산,6168,6419
2022-02-06,4호선,삼각지,2018,2511
2022-02-06,4호선,숙대입구,5807,5605
2022-02-06,4호선,서울역,3264,6596
2022-02-06,4호선,회현,6966,7203
2022-02-06,4호선,명동,7898,7615
2022-02-06,4호선,충무로,6177,6203
2022-02-06,4호선,동대문역사문화공원,7057,6884
2022-02-06,4호선,동대문,4701,5274
2022-02-06,4호선,혜화,16832,17343
2022-02-06,4호선,한성대입구,6419,6416
2022-02-06,4호선,성신여대입구,10202,9942
2022-02-06,4호선,길음,8460,8322
2022-02-06,4호선,미아사거리,13238,12605
2022-02-06,4호선,미아,6783,6612
2022-02-06,4호선,수유,16316,15692
2022-02-07,4호선,수유,31162,31375
2022-02-07,4호선,미아,14078,13868
2022-02-07,4호선,미아사거리,25368,24656
2022-02-07,4호선,길음,18428,18354
2022-02-07,4호선,성신여대입구,17623,17168
2022-02-07,4호선,한성대입구,11704,11598
2022-02-07,4호선,혜화,27430,27100
2022-02-07,4호선,동대문,17953,18416
2022-02-07,4호선,동대문역사문화공원,13443,12398
2022-02-07,4호선,충무로,24197,24757
2022-02-07,4호선,명동,15712,15793
2022-02-07,4호선,회현,21317,22355
2022-02-07,4호선,서울역,10287,13919
2022-02-07,4호선,숙대입구,11361,11264
2022-02-07,4호선,삼각지,4372,4786
2022-02-07,4호선,신용산,15017,15624
2022-02-07,4호선,이촌,6539,7378
2022-02-07,4호선,동작,1358,1524
2022-02-07,4호선,총신대입구,17189,18653
2022-02-07,4호선,사당,22020,17908
2022-02-07,4호선,남태령,990,899
2022-02-07,4호선,당고개,11845,10527
2022-02-07,4호선,상계,17394,16490
2022-02-07,4호선,노원,16959,18667
2022-02-07,4호선,창동,23468,24859
2022-02-07,4호선,쌍문,27421,25592
2022-02-08,4호선,쌍문,27632,25695
2022-02-08,4호선,창동,24133,25333
2022-02-08,4호선,노원,17612,19557
2022-02-08,4호선,상계,17677,16665
2022-02-08,4호선,당고개,11884,10841
2022-02-08,4호선,남태령,1052,938
2022-02-08,4호선,사당,23031,18762
2022-02-08,4호선,총신대입구,17459,18947
2022-02-08,4호선,동작,1361,1499
2022-02-08,4호선,이촌,6937,7657
2022-02-08,4호선,신용산,15123,15943
2022-02-08,4호선,삼각지,4449,4804
2022-02-08,4호선,숙대입구,11841,11551
2022-02-08,4호선,서울역,10252,13864
2022-02-08,4호선,회현,22006,23106
2022-02-08,4호선,명동,15948,16352
2022-02-08,4호선,충무로,24551,25358
2022-02-08,4호선,동대문역사문화공원,13282,12207
2022-02-08,4호선,동대문,18334,18820
2022-02-08,4호선,혜화,29573,29424
2022-02-08,4호선,한성대입구,12287,12217
2022-02-08,4호선,성신여대입구,17965,17596
2022-02-08,4호선,길음,18842,18750
2022-02-08,4호선,미아사거리,25744,25070
2022-02-08,4호선,미아,14079,13913
2022-02-08,4호선,수유,31901,32030
2022-02-09,4호선,수유,32036,32275
2022-02-09,4호선,미아,14355,13886
2022-02-09,4호선,미아사거리,25947,25171
2022-02-09,4호선,길음,19008,19043
2022-02-09,4호선,성신여대입구,18426,17827
2022-02-09,4호선,한성대입구,12308,11949
2022-02-09,4호선,혜화,30310,30150
2022-02-09,4호선,동대문,18185,18727
2022-02-09,4호선,동대문역사문화공원,13770,12474
2022-02-09,4호선,충무로,24550,25364
2022-02-09,4호선,명동,16275,16716
2022-02-09,4호선,회현,22049,23352
2022-02-09,4호선,서울역,10314,14148
2022-02-09,4호선,숙대입구,11737,11545
2022-02-09,4호선,삼각지,4612,4979
2022-02-09,4호선,신용산,15353,16126
2022-02-09,4호선,이촌,7023,7819
2022-02-09,4호선,동작,1392,1570
2022-02-09,4호선,총신대입구,17938,19321
2022-02-09,4호선,사당,23071,18893
2022-02-09,4호선,남태령,1069,904
2022-02-09,4호선,당고개,12004,10899
2022-02-09,4호선,상계,17717,16745
2022-02-09,4호선,노원,17535,19609
2022-02-09,4호선,창동,23690,25083
2022-02-09,4호선,쌍문,27741,25764
2022-02-10,4호선,수유,31750,31967
2022-02-10,4호선,미아,14190,13947
2022-02-10,4호선,미아사거리,25908,25399
2022-02-10,4호선,길음,18877,18775
2022-02-10,4호선,성신여대입구,18280,17734
2022-02-10,4호선,한성대입구,12138,11844
2022-02-10,4호선,혜화,30074,30029
2022-02-10,4호선,동대문,18131,18681
2022-02-10,4호선,동대문역사문화공원,13810,12431
2022-02-10,4호선,충무로,24714,25442
2022-02-10,4호선,명동,16216,16665
2022-02-10,4호선,회현,22300,23383
2022-02-10,4호선,서울역,10352,14458
2022-02-10,4호선,숙대입구,11815,11567
2022-02-10,4호선,삼각지,5877,6011
2022-02-10,4호선,신용산,15261,16071
2022-02-10,4호선,이촌,6848,7569
2022-02-10,4호선,동작,1471,1586
2022-02-10,4호선,총신대입구,17693,19227
2022-02-10,4호선,사당,22936,18752
2022-02-10,4호선,남태령,1078,978
2022-02-10,4호선,당고개,12148,11104
2022-02-10,4호선,상계,17710,16783
2022-02-10,4호선,노원,17572,19560
2022-02-10,4호선,창동,23996,25478
2022-02-10,4호선,쌍문,27659,25749
2022-02-11,4호선,수유,32480,33371
2022-02-11,4호선,미아,14401,14357
2022-02-11,4호선,미아사거리,26615,26665
2022-02-11,4호선,길음,18837,19043
2022-02-11,4호선,성신여대입구,18767,18719
2022-02-11,4호선,한성대입구,12534,12281
2022-02-11,4호선,혜화,29706,28985
2022-02-11,4호선,동대문,18209,18657
2022-02-11,4호선,동대문역사문화공원,14100,12855
2022-02-11,4호선,충무로,25103,26115
2022-02-11,4호선,명동,16412,16509
2022-02-11,4호선,회현,21964,22473
2022-02-11,4호선,서울역,10222,15426
2022-02-11,4호선,숙대입구,11779,11402
2022-02-11,4호선,삼각지,4790,5355
2022-02-11,4호선,신용산,15350,15600
2022-02-11,4호선,이촌,7097,7739
2022-02-11,4호선,동작,1520,1848
2022-02-11,4호선,총신대입구,18171,20061
2022-02-11,4호선,사당,24422,20062
2022-02-11,4호선,남태령,1142,1171
2022-02-11,4호선,당고개,12120,11241
2022-02-11,4호선,상계,17852,17394
2022-02-11,4호선,노원,18100,21031
2022-02-11,4호선,창동,25522,27115
2022-02-11,4호선,쌍문,27320,26540
2022-02-12,4호선,수유,24207,23930
2022-02-12,4호선,미아,9864,9525
2022-02-12,4호선,미아사거리,19906,18917
2022-02-12,4호선,길음,12750,12408
2022-02-12,4호선,성신여대입구,14883,14360
2022-02-12,4호선,한성대입구,9362,8943
2022-02-12,4호선,혜화,25265,25599
2022-02-12,4호선,동대문,11479,11406
2022-02-12,4호선,동대문역사문화공원,10038,8945
2022-02-12,4호선,충무로,11195,11580
2022-02-12,4호선,명동,11468,13069
2022-02-12,4호선,회현,15015,16381
2022-02-12,4호선,서울역,4896,10154
2022-02-12,4호선,숙대입구,8120,7869
2022-02-12,4호선,삼각지,3199,4040
2022-02-12,4호선,신용산,8903,9771
2022-02-12,4호선,이촌,5762,6390
2022-02-12,4호선,동작,1249,1295
2022-02-12,4호선,총신대입구,12811,13840
2022-02-12,4호선,사당,18091,16036
2022-02-12,4호선,남태령,805,542
2022-02-12,4호선,당고개,9298,8782
2022-02-12,4호선,상계,12736,11979
2022-02-12,4호선,노원,14459,15708
2022-02-12,4호선,창동,18484,19365
2022-02-12,4호선,쌍문,19705,18059
2022-02-13,4호선,쌍문,13998,12884
2022-02-13,4호선,창동,13964,14368
2022-02-13,4호선,노원,10602,11297
2022-02-13,4호선,상계,9266,8821
2022-02-13,4호선,당고개,6975,6756
2022-02-13,4호선,남태령,555,437
2022-02-13,4호선,사당,13105,12404
2022-02-13,4호선,총신대입구,9247,10127
2022-02-13,4호선,동작,1308,1275
2022-02-13,4호선,이촌,4322,4743
2022-02-13,4호선,신용산,6620,7085
2022-02-13,4호선,삼각지,2135,2826
2022-02-13,4호선,숙대입구,6548,6337
2022-02-13,4호선,서울역,3583,7723
2022-02-13,4호선,회현,7657,7994
2022-02-13,4호선,명동,9217,8999
2022-02-13,4호선,충무로,6735,6755
2022-02-13,4호선,동대문역사문화공원,8050,7591
2022-02-13,4호선,동대문,5211,5886
2022-02-13,4호선,혜화,20079,20581
2022-02-13,4호선,한성대입구,6837,6666
2022-02-13,4호선,성신여대입구,11143,10581
2022-02-13,4호선,길음,9668,9695
2022-02-13,4호선,미아사거리,14154,13499
2022-02-13,4호선,미아,7232,6832
2022-02-13,4호선,수유,17818,17214
2022-02-14,4호선,수유,31244,31313
2022-02-14,4호선,미아,13576,13405
2022-02-14,4호선,미아사거리,25163,24820
2022-02-14,4호선,길음,18149,18367
2022-02-14,4호선,성신여대입구,17768,17428
2022-02-14,4호선,한성대입구,11713,11595
2022-02-14,4호선,혜화,27651,27177
2022-02-14,4호선,동대문,18110,18108
2022-02-14,4호선,동대문역사문화공원,13427,12170
2022-02-14,4호선,충무로,23769,24452
2022-02-14,4호선,명동,15613,15976
2022-02-14,4호선,회현,21724,22136
2022-02-14,4호선,서울역,10281,14493
2022-02-14,4호선,숙대입구,11409,11144
2022-02-14,4호선,삼각지,4362,4710
2022-02-14,4호선,신용산,15029,15761
2022-02-14,4호선,이촌,6405,7264
2022-02-14,4호선,동작,1271,1417
2022-02-14,4호선,총신대입구,17191,18754
2022-02-14,4호선,사당,22395,18018
2022-02-14,4호선,남태령,1029,947
2022-02-14,4호선,당고개,11735,10825
2022-02-14,4호선,상계,17471,16470
2022-02-14,4호선,노원,16809,18815
2022-02-14,4호선,창동,23397,24839
2022-02-14,4호선,쌍문,27047,25266
2022-02-15,4호선,수유,31040,31520
2022-02-15,4호선,미아,13505,13337
2022-02-15,4호선,미아사거리,24990,24655
2022-02-15,4호선,길음,18407,18438
2022-02-15,4호선,성신여대입구,17987,17493
2022-02-15,4호선,한성대입구,11921,11789
2022-02-15,4호선,혜화,29869,29285
2022-02-15,4호선,동대문,17439,18038
2022-02-15,4호선,동대문역사문화공원,13096,11885
2022-02-15,4호선,충무로,24249,24852
2022-02-15,4호선,명동,15719,15709
2022-02-15,4호선,회현,21449,22290
2022-02-15,4호선,서울역,10264,14269
2022-02-15,4호선,숙대입구,11550,11332
2022-02-15,4호선,삼각지,4485,4909
2022-02-15,4호선,신용산,14973,15718
2022-02-15,4호선,이촌,6657,7505
2022-02-15,4호선,동작,1224,1464
2022-02-15,4호선,총신대입구,17333,18786
2022-02-15,4호선,사당,22938,18619
2022-02-15,4호선,남태령,1067,974
2022-02-15,4호선,당고개,11898,10882
2022-02-15,4호선,상계,17443,16480
2022-02-15,4호선,노원,16978,18972
2022-02-15,4호선,창동,23239,24746
2022-02-15,4호선,쌍문,26870,25249
2022-02-16,4호선,동작,1088,1197
2022-02-16,4호선,이촌,6673,7395
2022-02-16,4호선,신용산,14687,15376
2022-02-16,4호선,삼각지,4373,4746
2022-02-16,4호선,숙대입구,11481,11091
2022-02-16,4호선,서울역,10086,14144
2022-02-16,4호선,회현,20709,21639
2022-02-16,4호선,명동,15743,16007
2022-02-16,4호선,충무로,24005,24470
2022-02-16,4호선,동대문역사문화공원,13366,11955
2022-02-16,4호선,동대문,17117,17566
2022-02-16,4호선,혜화,30534,29710
2022-02-16,4호선,한성대입구,11665,11542
2022-02-16,4호선,성신여대입구,17322,16976
2022-02-16,4호선,길음,18175,18125
2022-02-16,4호선,미아사거리,24139,23697
2022-02-16,4호선,미아,13226,13031
2022-02-16,4호선,수유,30289,30744
2022-02-16,4호선,쌍문,26410,24856
2022-02-16,4호선,창동,22752,24001
2022-02-16,4호선,노원,16471,18517
2022-02-16,4호선,상계,17033,16252
2022-02-16,4호선,당고개,11368,10536
2022-02-16,4호선,남태령,1012,912
2022-02-16,4호선,사당,22322,18015
2022-02-16,4호선,총신대입구,16736,18203
2022-02-17,4호선,쌍문,26343,24741
2022-02-17,4호선,창동,22465,24040
2022-02-17,4호선,노원,16559,18447
2022-02-17,4호선,상계,17091,16017
2022-02-17,4호선,당고개,11286,10423
2022-02-17,4호선,남태령,985,867
2022-02-17,4호선,사당,22092,18049
2022-02-17,4호선,총신대입구,16334,17683
2022-02-17,4호선,동작,1123,1359
2022-02-17,4호선,이촌,6296,7002
2022-02-17,4호선,신용산,14531,15295
2022-02-17,4호선,삼각지,4376,4778
2022-02-17,4호선,숙대입구,11224,11048
2022-02-17,4호선,서울역,9891,14218
2022-02-17,4호선,회현,20240,21375
2022-02-17,4호선,명동,15314,15487
2022-02-17,4호선,충무로,24690,25407
2022-02-17,4호선,동대문역사문화공원,13374,12175
2022-02-17,4호선,동대문,17048,17454
2022-02-17,4호선,혜화,28863,28627
2022-02-17,4호선,한성대입구,11459,11306
2022-02-17,4호선,성신여대입구,17583,16938
2022-02-17,4호선,길음,17871,18127
2022-02-17,4호선,미아사거리,24076,23546
2022-02-17,4호선,미아,13058,12973
2022-02-17,4호선,수유,30218,30759
2022-02-18,4호선,쌍문,27267,25415
2022-02-18,4호선,창동,24152,25717
2022-02-18,4호선,노원,17476,19699
2022-02-18,4호선,상계,17394,16423
2022-02-18,4호선,당고개,11894,10955
2022-02-18,4호선,남태령,1153,942
2022-02-18,4호선,사당,23318,19142
2022-02-18,4호선,총신대입구,17511,19097
2022-02-18,4호선,동작,1301,1540
2022-02-18,4호선,이촌,6893,7517
2022-02-18,4호선,신용산,15140,15737
2022-02-18,4호선,삼각지,4580,5117
2022-02-18,4호선,숙대입구,11553,11453
2022-02-18,4호선,서울역,10095,15594
2022-02-18,4호선,회현,21247,22466
2022-02-18,4호선,명동,16034,16708
2022-02-18,4호선,충무로,23830,24833
2022-02-18,4호선,동대문역사문화공원,13823,12567
2022-02-18,4호선,동대문,17836,18382
2022-02-18,4호선,혜화,29498,28946
2022-02-18,4호선,한성대입구,12313,12183
2022-02-18,4호선,성신여대입구,18519,17855
2022-02-18,4호선,길음,18369,18044
2022-02-18,4호선,미아사거리,25268,24883
2022-02-18,4호선,미아,13810,13552
2022-02-18,4호선,수유,31869,32035
2022-02-19,4호선,쌍문,18785,17471
2022-02-19,4호선,창동,18208,19212
2022-02-19,4호선,노원,14027,15091
2022-02-19,4호선,상계,12403,11951
2022-02-19,4호선,당고개,8658,8307
2022-02-19,4호선,남태령,844,550
2022-02-19,4호선,사당,17984,15397
2022-02-19,4호선,총신대입구,12512,13307
2022-02-19,4호선,동작,1162,1304
2022-02-19,4호선,이촌,5705,6041
2022-02-19,4호선,신용산,9217,9699
2022-02-19,4호선,삼각지,2968,3780
2022-02-19,4호선,숙대입구,8611,8032
2022-02-19,4호선,서울역,4755,10265
2022-02-19,4호선,회현,14581,15397
2022-02-19,4호선,명동,11051,12354
2022-02-19,4호선,충무로,10811,11070
2022-02-19,4호선,동대문역사문화공원,9301,7956
2022-02-19,4호선,동대문,11104,11287
2022-02-19,4호선,혜화,24562,24650
2022-02-19,4호선,한성대입구,9070,8860
2022-02-19,4호선,성신여대입구,14725,14175
2022-02-19,4호선,길음,12560,12299
2022-02-19,4호선,미아사거리,19692,18782
2022-02-19,4호선,미아,9690,9443
2022-02-19,4호선,수유,23627,23247
2022-02-20,4호선,한성대입구,6372,6413
2022-02-20,4호선,혜화,18695,18854
2022-02-20,4호선,동대문,4757,5547
2022-02-20,4호선,동대문역사문화공원,6954,6476
2022-02-20,4호선,충무로,6678,6834
2022-02-20,4호선,명동,8738,8651
2022-02-20,4호선,회현,7258,7285
2022-02-20,4호선,서울역,3368,7824
2022-02-20,4호선,숙대입구,6227,5883
2022-02-20,4호선,삼각지,2103,2669
2022-02-20,4호선,신용산,6537,6905
2022-02-20,4호선,이촌,3858,4260
2022-02-20,4호선,동작,1102,1188
2022-02-20,4호선,총신대입구,8403,9256
2022-02-20,4호선,사당,12535,11676
2022-02-20,4호선,남태령,536,418
2022-02-20,4호선,당고개,6317,6091
2022-02-20,4호선,상계,8653,8099
2022-02-20,4호선,노원,9842,10698
2022-02-20,4호선,창동,13559,14105
2022-02-20,4호선,쌍문,13442,11958
2022-02-20,4호선,수유,17204,16659
2022-02-20,4호선,미아,6811,6510
2022-02-20,4호선,미아사거리,13519,13009
2022-02-20,4호선,길음,8622,8506
2022-02-20,4호선,성신여대입구,10615,10301
2022-02-21,4호선,혜화,27623,27145
2022-02-21,4호선,동대문,17502,18080
2022-02-21,4호선,동대문역사문화공원,13032,11751
2022-02-21,4호선,충무로,23342,24081
2022-02-21,4호선,명동,15422,15634
2022-02-21,4호선,회현,20447,21108
2022-02-21,4호선,서울역,9854,14002
2022-02-21,4호선,숙대입구,11026,10844
2022-02-21,4호선,삼각지,4141,4429
2022-02-21,4호선,신용산,14220,14896
2022-02-21,4호선,이촌,6201,6846
2022-02-21,4호선,동작,1156,1387
2022-02-21,4호선,총신대입구,16549,18048
2022-02-21,4호선,사당,21432,17555
2022-02-21,4호선,남태령,971,852
2022-02-21,4호선,당고개,11464,10409
2022-02-21,4호선,상계,17012,15978
2022-02-21,4호선,노원,16359,18226
2022-02-21,4호선,창동,22771,24072
2022-02-21,4호선,쌍문,26305,24555
2022-02-21,4호선,한성대입구,11494,11265
2022-02-21,4호선,성신여대입구,17227,16795
2022-02-21,4호선,길음,17941,17835
2022-02-21,4호선,미아사거리,24261,23943
2022-02-21,4호선,미아,13304,13046
2022-02-21,4호선,수유,30240,30568
2022-02-22,4호선,수유,30617,30780
2022-02-22,4호선,미아,13230,13031
2022-02-22,4호선,미아사거리,24276,23751
2022-02-22,4호선,길음,18019,17919
2022-02-22,4호선,성신여대입구,17452,16959
2022-02-22,4호선,한성대입구,11919,11713
2022-02-22,4호선,혜화,29700,29048
2022-02-22,4호선,동대문,17459,17914
2022-02-22,4호선,동대문역사문화공원,13110,11798
2022-02-22,4호선,충무로,24905,25419
2022-02-22,4호선,명동,15620,15999
2022-02-22,4호선,회현,21156,21893
2022-02-22,4호선,서울역,10022,14205
2022-02-22,4호선,숙대입구,11380,11105
2022-02-22,4호선,삼각지,4288,4697
2022-02-22,4호선,신용산,14376,15080
2022-02-22,4호선,이촌,6597,7252
2022-02-22,4호선,동작,1167,1335
2022-02-22,4호선,총신대입구,16698,18277
2022-02-22,4호선,사당,22514,18066
2022-02-22,4호선,남태령,1044,917
2022-02-22,4호선,당고개,11440,10688
2022-02-22,4호선,상계,17095,16069
2022-02-22,4호선,노원,16410,18457
2022-02-22,4호선,창동,22916,24453
2022-02-22,4호선,쌍문,26437,24670
2022-02-23,4호선,쌍문,26443,24677
2022-02-23,4호선,창동,22651,24142
2022-02-23,4호선,노원,16612,18587
2022-02-23,4호선,상계,16833,15982
2022-02-23,4호선,당고개,11270,10347
2022-02-23,4호선,남태령,1010,877
2022-02-23,4호선,사당,21839,17950
2022-02-23,4호선,총신대입구,16843,18161
2022-02-23,4호선,동작,1162,1294
2022-02-23,4호선,이촌,6936,7726
2022-02-23,4호선,신용산,14496,14933
2022-02-23,4호선,삼각지,4321,4698
2022-02-23,4호선,숙대입구,11498,11201
2022-02-23,4호선,서울역,10152,14360
2022-02-23,4호선,회현,20816,21686
2022-02-23,4호선,명동,15756,16200
2022-02-23,4호선,충무로,24265,24717
2022-02-23,4호선,동대문역사문화공원,13115,11941
2022-02-23,4호선,동대문,17005,17434
2022-02-23,4호선,혜화,31040,30550
2022-02-23,4호선,한성대입구,11793,11573
2022-02-23,4호선,성신여대입구,17460,17036
2022-02-23,4호선,길음,17947,18025
2022-02-23,4호선,미아사거리,24246,23605
2022-02-23,4호선,미아,13151,13039
2022-02-23,4호선,수유,30407,30880
2022-02-24,4호선,수유,30683,30906
2022-02-24,4호선,미아,13288,13197
2022-02-24,4호선,미아사거리,24453,24051
2022-02-24,4호선,길음,17895,17731
2022-02-24,4호선,성신여대입구,17943,17365
2022-02-24,4호선,한성대입구,11686,11312
2022-02-24,4호선,혜화,29376,29097
2022-02-24,4호선,동대문,17234,17821
2022-02-24,4호선,동대문역사문화공원,13362,12072
2022-02-24,4호선,충무로,24227,24905
2022-02-24,4호선,명동,15644,16165
2022-02-24,4호선,회현,20614,21799
2022-02-24,4호선,서울역,9927,14091
2022-02-24,4호선,숙대입구,11534,11501
2022-02-24,4호선,삼각지,4247,4676
2022-02-24,4호선,신용산,14302,15179
2022-02-24,4호선,이촌,6645,7276
2022-02-24,4호선,동작,1222,1366
2022-02-24,4호선,총신대입구,16955,18300
2022-02-24,4호선,사당,21720,17985
2022-02-24,4호선,남태령,989,860
2022-02-24,4호선,당고개,11506,10568
2022-02-24,4호선,상계,17022,15984
2022-02-24,4호선,노원,16569,18529
2022-02-24,4호선,창동,22887,24450
2022-02-24,4호선,쌍문,26760,24591
2022-02-25,4호선,수유,31976,32313
2022-02-25,4호선,미아,13833,13453
2022-02-25,4호선,미아사거리,25587,25070
2022-02-25,4호선,길음,18750,18395
2022-02-25,4호선,성신여대입구,18780,17956
2022-02-25,4호선,한성대입구,12125,11664
2022-02-25,4호선,혜화,30415,30010
2022-02-25,4호선,동대문,17633,18360
2022-02-25,4호선,동대문역사문화공원,13553,12259
2022-02-25,4호선,충무로,23531,24539
2022-02-25,4호선,명동,16561,17357
2022-02-25,4호선,회현,21148,22592
2022-02-25,4호선,서울역,10042,15864
2022-02-25,4호선,숙대입구,12169,12046
2022-02-25,4호선,삼각지,4495,5146
2022-02-25,4호선,신용산,14841,15659
2022-02-25,4호선,이촌,6938,7578
2022-02-25,4호선,동작,1326,1519
2022-02-25,4호선,총신대입구,17918,19403
2022-02-25,4호선,사당,23278,19239
2022-02-25,4호선,남태령,1087,853
2022-02-25,4호선,당고개,11940,11056
2022-02-25,4호선,상계,17408,16265
2022-02-25,4호선,노원,17653,19934
2022-02-25,4호선,창동,24411,26115
2022-02-25,4호선,쌍문,27349,25363
2022-02-26,4호선,수유,23034,22724
2022-02-26,4호선,미아,9148,8900
2022-02-26,4호선,미아사거리,19220,18548
2022-02-26,4호선,길음,12168,11652
2022-02-26,4호선,성신여대입구,13986,13237
2022-02-26,4호선,한성대입구,8673,8582
2022-02-26,4호선,혜화,22269,22459
2022-02-26,4호선,동대문,10640,10741
2022-02-26,4호선,동대문역사문화공원,9203,7843
2022-02-26,4호선,충무로,10209,10788
2022-02-26,4호선,명동,10314,11676
2022-02-26,4호선,회현,14167,14984
2022-02-26,4호선,서울역,4564,10430
2022-02-26,4호선,숙대입구,8070,7672
2022-02-26,4호선,삼각지,2949,3683
2022-02-26,4호선,신용산,8375,9258
2022-02-26,4호선,이촌,5482,5822
2022-02-26,4호선,동작,978,1098
2022-02-26,4호선,총신대입구,12055,13134
2022-02-26,4호선,사당,17491,15025
2022-02-26,4호선,남태령,799,590
2022-02-26,4호선,당고개,8052,7750
2022-02-26,4호선,상계,12011,11257
2022-02-26,4호선,노원,13622,14713
2022-02-26,4호선,창동,17873,18633
2022-02-26,4호선,쌍문,18216,16763
2022-02-27,4호선,수유,18099,17419
2022-02-27,4호선,미아,7008,6786
2022-02-27,4호선,쌍문,13932,12635
2022-02-27,4호선,창동,14029,14560
2022-02-27,4호선,노원,10533,11266
2022-02-27,4호선,상계,9197,8645
2022-02-27,4호선,당고개,6770,6401
2022-02-27,4호선,남태령,776,533
2022-02-27,4호선,사당,12723,11723
2022-02-27,4호선,총신대입구,9058,9887
2022-02-27,4호선,동작,1174,1317
2022-02-27,4호선,이촌,4476,5012
2022-02-27,4호선,신용산,6566,6666
2022-02-27,4호선,삼각지,2105,2849
2022-02-27,4호선,숙대입구,6520,6245
2022-02-27,4호선,서울역,3634,8102
2022-02-27,4호선,회현,7663,8012
2022-02-27,4호선,명동,9638,9771
2022-02-27,4호선,충무로,7343,7309
2022-02-27,4호선,동대문역사문화공원,7699,7396
2022-02-27,4호선,동대문,5814,6514
2022-02-27,4호선,혜화,19694,20393
2022-02-27,4호선,한성대입구,6680,6756
2022-02-27,4호선,성신여대입구,10931,10473
2022-02-27,4호선,길음,9186,9089
2022-02-27,4호선,미아사거리,14040,13349
2022-02-28,4호선,당고개,11481,10449
2022-02-28,4호선,상계,16745,15469
2022-02-28,4호선,노원,16636,18823
2022-02-28,4호선,창동,23184,24504
2022-02-28,4호선,쌍문,26115,23941
2022-02-28,4호선,수유,30897,31078
2022-02-28,4호선,미아,13602,13210
2022-02-28,4호선,미아사거리,24415,24034
2022-02-28,4호선,길음,17895,17372
2022-02-28,4호선,성신여대입구,17910,17288
2022-02-28,4호선,한성대입구,11101,11100
2022-02-28,4호선,혜화,27089,27152
2022-02-28,4호선,동대문,18212,18918
2022-02-28,4호선,동대문역사문화공원,13155,12174
2022-02-28,4호선,충무로,22939,24043
2022-02-28,4호선,명동,15540,16264
2022-02-28,4호선,회현,21280,22449
2022-02-28,4호선,서울역,9153,13347
2022-02-28,4호선,숙대입구,11469,11204
2022-02-28,4호선,삼각지,4069,4643
2022-02-28,4호선,신용산,13592,14416
2022-02-28,4호선,이촌,6548,7116
2022-02-28,4호선,동작,1344,1516
2022-02-28,4호선,총신대입구,16722,18180
2022-02-28,4호선,사당,20580,17270
2022-02-28,4호선,남태령,1002,858
2022-03-01,4호선,남태령,519,450
2022-03-01,4호선,사당,12251,11388
2022-03-01,4호선,총신대입구,9425,10326
2022-03-01,4호선,동작,885,1068
2022-03-01,4호선,이촌,4311,4868
2022-03-01,4호선,신용산,7110,7414
2022-03-01,4호선,삼각지,2163,2786
2022-03-01,4호선,숙대입구,5927,5680
2022-03-01,4호선,서울역,3553,6516
2022-03-01,4호선,회현,14260,15039
2022-03-01,4호선,명동,10337,11167
2022-03-01,4호선,충무로,8403,8451
2022-03-01,4호선,동대문역사문화공원,8617,7878
2022-03-01,4호선,동대문,13621,14216
2022-03-01,4호선,혜화,17618,17900
2022-03-01,4호선,한성대입구,7170,7055
2022-03-01,4호선,성신여대입구,11967,11534
2022-03-01,4호선,길음,9563,9563
2022-03-01,4호선,미아사거리,15284,14890
2022-03-01,4호선,미아,7721,7379
2022-03-01,4호선,수유,18824,18561
2022-03-01,4호선,쌍문,14984,13883
2022-03-01,4호선,창동,14162,14880
2022-03-01,4호선,노원,10844,11744
2022-03-01,4호선,상계,9358,8985
2022-03-01,4호선,당고개,6728,6539
2022-03-02,4호선,당고개,12194,11105
2022-03-02,4호선,상계,17976,16581
2022-03-02,4호선,노원,17223,19412
2022-03-02,4호선,창동,23820,25244
2022-03-02,4호선,쌍문,27567,25636
2022-03-02,4호선,수유,32207,32417
2022-03-02,4호선,미아,14651,14272
2022-03-02,4호선,미아사거리,25873,25254
2022-03-02,4호선,길음,19215,19519
2022-03-02,4호선,성신여대입구,19850,19053
2022-03-02,4호선,한성대입구,12295,11962
2022-03-02,4호선,혜화,28233,28226
2022-03-02,4호선,동대문,17550,17978
2022-03-02,4호선,동대문역사문화공원,12895,11996
2022-03-02,4호선,충무로,26475,26979
2022-03-02,4호선,명동,17963,18323
2022-03-02,4호선,회현,21668,22789
2022-03-02,4호선,서울역,10016,13181
2022-03-02,4호선,숙대입구,12991,12564
2022-03-02,4호선,삼각지,4298,4614
2022-03-02,4호선,신용산,14297,15150
2022-03-02,4호선,이촌,6685,7315
2022-03-02,4호선,동작,1338,1620
2022-03-02,4호선,총신대입구,17497,18968
2022-03-02,4호선,사당,21466,18076
2022-03-02,4호선,남태령,1074,953
2022-03-03,4호선,남태령,1104,989
2022-03-03,4호선,사당,22036,18280
2022-03-03,4호선,총신대입구,17339,18967
2022-03-03,4호선,동작,1304,1510
2022-03-03,4호선,이촌,6673,7327
2022-03-03,4호선,신용산,14451,15165
2022-03-03,4호선,삼각지,4270,4769
2022-03-03,4호선,숙대입구,13046,12603
2022-03-03,4호선,서울역,9782,13022
2022-03-03,4호선,회현,21640,22988
2022-03-03,4호선,명동,17133,17573
2022-03-03,4호선,충무로,26904,27377
2022-03-03,4호선,동대문역사문화공원,12988,11940
2022-03-03,4호선,동대문,17665,18311
2022-03-03,4호선,혜화,27956,27886
2022-03-03,4호선,한성대입구,12291,12057
2022-03-03,4호선,성신여대입구,19225,18610
2022-03-03,4호선,길음,19206,19279
2022-03-03,4호선,미아사거리,25498,25172
2022-03-03,4호선,미아,14654,14257
2022-03-03,4호선,수유,31868,31948
2022-03-03,4호선,쌍문,27336,25390
2022-03-03,4호선,창동,23864,25487
2022-03-03,4호선,노원,16842,18953
2022-03-03,4호선,상계,17886,16797
2022-03-03,4호선,당고개,12363,11451
2022-03-04,4호선,남태령,1129,936
2022-03-04,4호선,사당,22912,18808
2022-03-04,4호선,총신대입구,17522,18888
2022-03-04,4호선,동작,1335,1468
2022-03-04,4호선,이촌,6731,7467
2022-03-04,4호선,신용산,14676,15240
2022-03-04,4호선,삼각지,4443,4960
2022-03-04,4호선,숙대입구,12769,12359
2022-03-04,4호선,서울역,9723,14644
2022-03-04,4호선,회현,21240,22520
2022-03-04,4호선,명동,17028,17727
2022-03-04,4호선,충무로,25866,26295
2022-03-04,4호선,동대문역사문화공원,13166,12178
2022-03-04,4호선,동대문,17561,17854
2022-03-04,4호선,혜화,28278,27819
2022-03-04,4호선,한성대입구,12293,12042
2022-03-04,4호선,성신여대입구,19571,18758
2022-03-04,4호선,길음,19042,18749
2022-03-04,4호선,미아사거리,25359,25095
2022-03-04,4호선,미아,14672,14100
2022-03-04,4호선,수유,31857,32210
2022-03-04,4호선,쌍문,27299,25512
2022-03-04,4호선,창동,23704,25428
2022-03-04,4호선,노원,17356,19845
2022-03-04,4호선,상계,17584,16454
2022-03-04,4호선,당고개,12000,11193
2022-03-05,4호선,당고개,8515,8119
2022-03-05,4호선,상계,11987,11262
2022-03-05,4호선,노원,14181,15802
2022-03-05,4호선,창동,18046,18828
2022-03-05,4호선,쌍문,18663,16892
2022-03-05,4호선,수유,24074,23554
2022-03-05,4호선,미아,9704,9177
2022-03-05,4호선,미아사거리,19249,18624
2022-03-05,4호선,길음,12325,12000
2022-03-05,4호선,성신여대입구,14596,13834
2022-03-05,4호선,한성대입구,8990,8989
2022-03-05,4호선,혜화,22100,22529
2022-03-05,4호선,동대문,10613,10696
2022-03-05,4호선,동대문역사문화공원,9634,8479
2022-03-05,4호선,충무로,11154,11458
2022-03-05,4호선,명동,10895,12542
2022-03-05,4호선,회현,14173,15234
2022-03-05,4호선,서울역,4586,8949
2022-03-05,4호선,숙대입구,8281,7932
2022-03-05,4호선,삼각지,2782,3726
2022-03-05,4호선,신용산,8753,9212
2022-03-05,4호선,이촌,5539,6135
2022-03-05,4호선,동작,1064,1326
2022-03-05,4호선,총신대입구,12192,13154
2022-03-05,4호선,사당,17153,14734
2022-03-05,4호선,남태령,920,727
2022-03-06,4호선,남태령,536,346
2022-03-06,4호선,사당,12107,11503
2022-03-06,4호선,총신대입구,8665,9562
2022-03-06,4호선,동작,1129,1283
2022-03-06,4호선,이촌,4142,4540
2022-03-06,4호선,신용산,6478,6669
2022-03-06,4호선,삼각지,2029,2619
2022-03-06,4호선,숙대입구,6246,5994
2022-03-06,4호선,서울역,3413,7020
2022-03-06,4호선,회현,7175,7527
2022-03-06,4호선,명동,8774,8909
2022-03-06,4호선,충무로,6813,7089
2022-03-06,4호선,동대문역사문화공원,7565,7343
2022-03-06,4호선,동대문,5436,6191
2022-03-06,4호선,혜화,17403,17734
2022-03-06,4호선,한성대입구,7184,7677
2022-03-06,4호선,성신여대입구,10805,10272
2022-03-06,4호선,길음,8704,8537
2022-03-06,4호선,미아사거리,13788,13120
2022-03-06,4호선,미아,6857,6572
2022-03-06,4호선,수유,17349,16734
2022-03-06,4호선,쌍문,13202,11937
2022-03-06,4호선,창동,13994,14365
2022-03-06,4호선,노원,9622,10495
2022-03-06,4호선,상계,8924,8390
2022-03-06,4호선,당고개,6493,6254
2022-03-07,4호선,남태령,1061,953
2022-03-07,4호선,사당,21236,17897
2022-03-07,4호선,총신대입구,17212,18462
2022-03-07,4호선,동작,1336,1653
2022-03-07,4호선,이촌,6014,6601
2022-03-07,4호선,신용산,13891,14782
2022-03-07,4호선,삼각지,4157,4480
2022-03-07,4호선,숙대입구,12767,12394
2022-03-07,4호선,서울역,9615,12948
2022-03-07,4호선,회현,21128,22162
2022-03-07,4호선,명동,16957,17275
2022-03-07,4호선,동대문역사문화공원,12900,11967
2022-03-07,4호선,동대문,18024,18480
2022-03-07,4호선,혜화,27538,27373
2022-03-07,4호선,한성대입구,11778,11442
2022-03-07,4호선,성신여대입구,19124,18257
2022-03-07,4호선,길음,18856,19179
2022-03-07,4호선,미아사거리,24509,23573
2022-03-07,4호선,미아,13886,14031
2022-03-07,4호선,수유,31050,31150
2022-03-07,4호선,쌍문,26842,24919
2022-03-07,4호선,창동,23055,24387
2022-03-07,4호선,노원,16174,18285
2022-03-07,4호선,상계,17415,16249
2022-03-07,4호선,당고개,12037,10951
2022-03-07,4호선,충무로,26264,26975
2022-03-08,4호선,당고개,12466,11273
2022-03-08,4호선,상계,17868,16384
2022-03-08,4호선,노원,17349,19750
2022-03-08,4호선,창동,23920,25410
2022-03-08,4호선,쌍문,27332,25023
2022-03-08,4호선,수유,31661,31950
2022-03-08,4호선,미아,14430,13934
2022-03-08,4호선,미아사거리,25481,24716
2022-03-08,4호선,길음,19341,19205
2022-03-08,4호선,성신여대입구,19615,18821
2022-03-08,4호선,한성대입구,12270,12009
2022-03-08,4호선,혜화,30615,29618
2022-03-08,4호선,동대문,18021,18714
2022-03-08,4호선,동대문역사문화공원,12876,12126
2022-03-08,4호선,충무로,26368,26985
2022-03-08,4호선,명동,17238,17870
2022-03-08,4호선,회현,21633,23237
2022-03-08,4호선,서울역,9953,13872
2022-03-08,4호선,숙대입구,13259,12841
2022-03-08,4호선,삼각지,4503,5005
2022-03-08,4호선,신용산,14264,15118
2022-03-08,4호선,이촌,6252,7002
2022-03-08,4호선,동작,1523,1675
2022-03-08,4호선,총신대입구,17693,19346
2022-03-08,4호선,사당,22857,19284
2022-03-08,4호선,남태령,1110,926
2022-03-09,4호선,남태령,526,482
2022-03-09,4호선,사당,13180,12044
2022-03-09,4호선,총신대입구,9976,10773
2022-03-09,4호선,동작,1253,1285
2022-03-09,4호선,이촌,4236,4704
2022-03-09,4호선,신용산,7184,7492
2022-03-09,4호선,삼각지,2454,3113
2022-03-09,4호선,숙대입구,6674,6331
2022-03-09,4호선,서울역,3553,6006
2022-03-09,4호선,회현,13844,15049
2022-03-09,4호선,명동,8714,9429
2022-03-09,4호선,충무로,9979,10033
2022-03-09,4호선,동대문역사문화공원,9239,8646
2022-03-09,4호선,동대문,13644,14394
2022-03-09,4호선,혜화,19067,19370
2022-03-09,4호선,한성대입구,7532,7495
2022-03-09,4호선,성신여대입구,12643,11954
2022-03-09,4호선,길음,10170,9923
2022-03-09,4호선,미아사거리,15904,15060
2022-03-09,4호선,미아,8355,7981
2022-03-09,4호선,수유,20365,19837
2022-03-09,4호선,쌍문,15729,14560
2022-03-09,4호선,창동,15082,15385
2022-03-09,4호선,노원,11545,12459
2022-03-09,4호선,상계,10459,10065
2022-03-09,4호선,당고개,7418,6965
2022-03-10,4호선,남태령,1044,917
2022-03-10,4호선,사당,21748,18059
2022-03-10,4호선,총신대입구,16893,18258
2022-03-10,4호선,동작,1336,1559
2022-03-10,4호선,이촌,6011,6809
2022-03-10,4호선,신용산,13917,14639
2022-03-10,4호선,삼각지,4167,4677
2022-03-10,4호선,숙대입구,13118,12942
2022-03-10,4호선,서울역,9755,13229
2022-03-10,4호선,회현,20596,21892
2022-03-10,4호선,명동,16503,16826
2022-03-10,4호선,충무로,26236,26837
2022-03-10,4호선,동대문역사문화공원,12695,11817
2022-03-10,4호선,동대문,17107,17698
2022-03-10,4호선,혜화,28879,28598
2022-03-10,4호선,한성대입구,12655,12405
2022-03-10,4호선,성신여대입구,18818,17835
2022-03-10,4호선,길음,18975,18855
2022-03-10,4호선,미아사거리,24469,23589
2022-03-10,4호선,미아,13992,13790
2022-03-10,4호선,수유,30691,30790
2022-03-10,4호선,쌍문,26784,24702
2022-03-10,4호선,창동,23054,24336
2022-03-10,4호선,노원,16378,18644
2022-03-10,4호선,상계,17403,16270
2022-03-10,4호선,당고개,12127,10960
2022-03-11,4호선,남태령,1120,910
2022-03-11,4호선,사당,22959,19560
2022-03-11,4호선,총신대입구,17575,19041
2022-03-11,4호선,동작,1495,1690
2022-03-11,4호선,이촌,6371,7137
2022-03-11,4호선,신용산,14532,15213
2022-03-11,4호선,삼각지,4703,5223
2022-03-11,4호선,숙대입구,12657,12219
2022-03-11,4호선,서울역,9695,14807
2022-03-11,4호선,회현,21341,22967
2022-03-11,4호선,명동,16845,17411
2022-03-11,4호선,충무로,25649,26495
2022-03-11,4호선,동대문역사문화공원,13473,12521
2022-03-11,4호선,동대문,17784,18468
2022-03-11,4호선,혜화,29751,29336
2022-03-11,4호선,한성대입구,12858,12593
2022-03-11,4호선,성신여대입구,19671,18670
2022-03-11,4호선,길음,19246,18558
2022-03-11,4호선,미아사거리,25680,24973
2022-03-11,4호선,미아,14514,14129
2022-03-11,4호선,수유,32323,32161
2022-03-11,4호선,쌍문,27278,25100
2022-03-11,4호선,창동,24397,25930
2022-03-11,4호선,노원,17476,20197
2022-03-11,4호선,상계,17740,16550
2022-03-11,4호선,당고개,12291,11216
2022-03-12,4호선,남태령,846,535
2022-03-12,4호선,사당,18042,15414
2022-03-12,4호선,총신대입구,12475,13478
2022-03-12,4호선,동작,1437,1662
2022-03-12,4호선,이촌,5379,6084
2022-03-12,4호선,신용산,8612,9265
2022-03-12,4호선,삼각지,3056,3981
2022-03-12,4호선,숙대입구,8027,7638
2022-03-12,4호선,서울역,4544,9569
2022-03-12,4호선,회현,14530,16091
2022-03-12,4호선,명동,11022,12652
2022-03-12,4호선,충무로,11256,11690
2022-03-12,4호선,동대문역사문화공원,9873,8866
2022-03-12,4호선,동대문,11890,12153
2022-03-12,4호선,혜화,22770,23527
2022-03-12,4호선,한성대입구,9123,8986
2022-03-12,4호선,성신여대입구,14294,13624
2022-03-12,4호선,길음,12302,11938
2022-03-12,4호선,미아사거리,19265,18400
2022-03-12,4호선,미아,9542,9120
2022-03-12,4호선,수유,23678,23103
2022-03-12,4호선,쌍문,18452,16574
2022-03-12,4호선,창동,18910,19575
2022-03-12,4호선,노원,13663,15176
2022-03-12,4호선,상계,12408,11576
2022-03-12,4호선,당고개,8830,8484
2022-03-13,4호선,남태령,672,543
2022-03-13,4호선,사당,11102,10312
2022-03-13,4호선,총신대입구,7836,8511
2022-03-13,4호선,동작,998,1124
2022-03-13,4호선,이촌,3271,3631
2022-03-13,4호선,신용산,6084,6153
2022-03-13,4호선,삼각지,2043,2525
2022-03-13,4호선,숙대입구,5617,5572
2022-03-13,4호선,서울역,3159,7026
2022-03-13,4호선,회현,6364,6804
2022-03-13,4호선,명동,7827,7526
2022-03-13,4호선,충무로,6490,6804
2022-03-13,4호선,동대문역사문화공원,6860,6416
2022-03-13,4호선,동대문,4699,5208
2022-03-13,4호선,혜화,16226,16964
2022-03-13,4호선,한성대입구,5689,5829
2022-03-13,4호선,성신여대입구,10020,9548
2022-03-13,4호선,길음,8113,7961
2022-03-13,4호선,미아사거리,12222,11513
2022-03-13,4호선,미아,6123,5852
2022-03-13,4호선,수유,15766,15360
2022-03-13,4호선,쌍문,12342,11214
2022-03-13,4호선,창동,12992,13227
2022-03-13,4호선,노원,8942,9869
2022-03-13,4호선,상계,7736,7296
2022-03-13,4호선,당고개,5558,5318
2022-03-14,4호선,당고개,11529,10506
2022-03-14,4호선,상계,16827,15672
2022-03-14,4호선,노원,15783,17617
2022-03-14,4호선,창동,22031,23486
2022-03-14,4호선,쌍문,25946,24118
2022-03-14,4호선,수유,29436,29687
2022-03-14,4호선,미아,13787,13375
2022-03-14,4호선,미아사거리,23733,23230
2022-03-14,4호선,길음,18255,18417
2022-03-14,4호선,성신여대입구,18023,17534
2022-03-14,4호선,한성대입구,12051,11847
2022-03-14,4호선,혜화,26207,26178
2022-03-14,4호선,동대문,16855,17159
2022-03-14,4호선,동대문역사문화공원,12439,11425
2022-03-14,4호선,충무로,25129,25621
2022-03-14,4호선,명동,15867,15997
2022-03-14,4호선,회현,19770,20413
2022-03-14,4호선,서울역,9224,12607
2022-03-14,4호선,숙대입구,12373,11999
2022-03-14,4호선,삼각지,4016,4287
2022-03-14,4호선,신용산,13356,14035
2022-03-14,4호선,이촌,5731,6353
2022-03-14,4호선,동작,1017,1175
2022-03-14,4호선,총신대입구,16015,17141
2022-03-14,4호선,사당,20728,17163
2022-03-14,4호선,남태령,1008,867
2022-03-15,4호선,당고개,11966,11097
2022-03-15,4호선,상계,17474,16262
2022-03-15,4호선,노원,16475,18394
2022-03-15,4호선,창동,23226,24380
2022-03-15,4호선,쌍문,26547,24635
2022-03-15,4호선,수유,30824,31070
2022-03-15,4호선,미아,14339,13995
2022-03-15,4호선,미아사거리,24668,24113
2022-03-15,4호선,길음,19141,19384
2022-03-15,4호선,성신여대입구,18892,18188
2022-03-15,4호선,한성대입구,12509,12237
2022-03-15,4호선,혜화,28758,28599
2022-03-15,4호선,동대문,17967,18412
2022-03-15,4호선,동대문역사문화공원,12897,11788
2022-03-15,4호선,충무로,25684,26119
2022-03-15,4호선,명동,16263,16751
2022-03-15,4호선,회현,21726,23086
2022-03-15,4호선,서울역,9433,12555
2022-03-15,4호선,숙대입구,12920,12577
2022-03-15,4호선,삼각지,4204,4604
2022-03-15,4호선,신용산,13598,14403
2022-03-15,4호선,이촌,6146,6807
2022-03-15,4호선,동작,1356,1642
2022-03-15,4호선,총신대입구,17048,18412
2022-03-15,4호선,사당,21649,17945
2022-03-15,4호선,남태령,1008,896
2022-03-16,4호선,사당,21550,18042
2022-03-16,4호선,당고개,12167,11152
2022-03-16,4호선,상계,17384,16229
2022-03-16,4호선,노원,16512,18683
2022-03-16,4호선,창동,22768,24245
2022-03-16,4호선,쌍문,26892,24713
2022-03-16,4호선,수유,30821,30787
2022-03-16,4호선,미아,14349,13881
2022-03-16,4호선,미아사거리,24588,24062
2022-03-16,4호선,길음,19136,19033
2022-03-16,4호선,성신여대입구,19189,18197
2022-03-16,4호선,한성대입구,12653,12446
2022-03-16,4호선,혜화,29245,29285
2022-03-16,4호선,동대문,17754,18341
2022-03-16,4호선,동대문역사문화공원,12987,11984
2022-03-16,4호선,충무로,25645,26069
2022-03-16,4호선,명동,16755,17224
2022-03-16,4호선,회현,21446,22869
2022-03-16,4호선,서울역,9569,13036
2022-03-16,4호선,숙대입구,13133,12668
2022-03-16,4호선,삼각지,4277,4752
2022-03-16,4호선,신용산,13640,14424
2022-03-16,4호선,이촌,6123,6877
2022-03-16,4호선,동작,1466,1616
2022-03-16,4호선,총신대입구,16838,18178
2022-03-16,4호선,남태령,1055,911
2022-03-17,4호선,당고개,11668,10884
2022-03-17,4호선,상계,17049,15982
2022-03-17,4호선,노원,16220,18249
2022-03-17,4호선,창동,22386,23844
2022-03-17,4호선,쌍문,26113,24332
2022-03-17,4호선,수유,30261,30125
2022-03-17,4호선,미아,14051,13787
2022-03-17,4호선,미아사거리,24181,23686
2022-03-17,4호선,길음,18870,18835
2022-03-17,4호선,성신여대입구,18763,17705
2022-03-17,4호선,한성대입구,12637,12364
2022-03-17,4호선,혜화,28448,28417
2022-03-17,4호선,동대문,17124,17804
2022-03-17,4호선,동대문역사문화공원,12549,11727
2022-03-17,4호선,충무로,25629,26166
2022-03-17,4호선,명동,16076,16478
2022-03-17,4호선,회현,20844,21960
2022-03-17,4호선,서울역,9295,12764
2022-03-17,4호선,숙대입구,13161,12404
2022-03-17,4호선,삼각지,4266,4720
2022-03-17,4호선,신용산,13657,14216
2022-03-17,4호선,이촌,5971,6531
2022-03-17,4호선,동작,1278,1433
2022-03-17,4호선,총신대입구,16715,17873
2022-03-17,4호선,사당,21643,17933
2022-03-17,4호선,남태령,1031,923
2022-03-18,4호선,남태령,1104,909
2022-03-18,4호선,사당,22894,19027
2022-03-18,4호선,총신대입구,16804,18401
2022-03-18,4호선,동작,1259,1386
2022-03-18,4호선,이촌,6085,6769
2022-03-18,4호선,신용산,14204,14879
2022-03-18,4호선,삼각지,4520,5083
2022-03-18,4호선,숙대입구,12358,12101
2022-03-18,4호선,서울역,9464,14573
2022-03-18,4호선,회현,20534,21599
2022-03-18,4호선,명동,16266,16962
2022-03-18,4호선,충무로,24498,25603
2022-03-18,4호선,동대문역사문화공원,13259,12321
2022-03-18,4호선,동대문,17106,17953
2022-03-18,4호선,혜화,28872,28288
2022-03-18,4호선,한성대입구,13076,12619
2022-03-18,4호선,성신여대입구,19150,18406
2022-03-18,4호선,길음,18614,18287
2022-03-18,4호선,미아사거리,24792,24567
2022-03-18,4호선,미아,14060,13725
2022-03-18,4호선,수유,31386,31398
2022-03-18,4호선,쌍문,26534,24360
2022-03-18,4호선,창동,23040,24833
2022-03-18,4호선,노원,16924,19510
2022-03-18,4호선,상계,17200,16083
2022-03-18,4호선,당고개,11777,10888
2022-03-19,4호선,남태령,638,447
2022-03-19,4호선,사당,16094,13901
2022-03-19,4호선,총신대입구,10856,11967
2022-03-19,4호선,동작,741,837
2022-03-19,4호선,이촌,4706,5017
2022-03-19,4호선,신용산,7945,8565
2022-03-19,4호선,삼각지,2686,3692
2022-03-19,4호선,숙대입구,7560,7404
2022-03-19,4호선,서울역,4443,9288
2022-03-19,4호선,회현,12831,13534
2022-03-19,4호선,명동,10179,11628
2022-03-19,4호선,충무로,10459,10924
2022-03-19,4호선,동대문역사문화공원,9666,8650
2022-03-19,4호선,동대문,10041,10391
2022-03-19,4호선,혜화,21476,21882
2022-03-19,4호선,한성대입구,8355,8043
2022-03-19,4호선,성신여대입구,13745,13003
2022-03-19,4호선,길음,11462,11042
2022-03-19,4호선,미아사거리,17502,16725
2022-03-19,4호선,미아,8528,8122
2022-03-19,4호선,수유,21909,21486
2022-03-19,4호선,쌍문,17137,15504
2022-03-19,4호선,창동,16256,17059
2022-03-19,4호선,노원,14078,15454
2022-03-19,4호선,상계,11429,10782
2022-03-19,4호선,당고개,6631,6378
2022-03-20,4호선,남태령,591,417
2022-03-20,4호선,사당,13233,12233
2022-03-20,4호선,총신대입구,8484,9317
2022-03-20,4호선,동작,1150,1220
2022-03-20,4호선,이촌,4036,4392
2022-03-20,4호선,신용산,6678,6995
2022-03-20,4호선,삼각지,2271,2962
2022-03-20,4호선,숙대입구,6389,6171
2022-03-20,4호선,서울역,3539,7726
2022-03-20,4호선,회현,7424,7813
2022-03-20,4호선,명동,9464,9450
2022-03-20,4호선,충무로,7322,7419
2022-03-20,4호선,동대문역사문화공원,8354,7964
2022-03-20,4호선,동대문,6131,6927
2022-03-20,4호선,혜화,19021,19513
2022-03-20,4호선,한성대입구,6379,6528
2022-03-20,4호선,성신여대입구,11032,10635
2022-03-20,4호선,길음,8975,8900
2022-03-20,4호선,미아사거리,14135,13351
2022-03-20,4호선,미아,6878,6620
2022-03-20,4호선,수유,17854,17115
2022-03-20,4호선,쌍문,13627,12298
2022-03-20,4호선,창동,13687,14128
2022-03-20,4호선,노원,11343,12037
2022-03-20,4호선,상계,9357,8602
2022-03-20,4호선,당고개,5794,5760
2022-03-21,4호선,당고개,8688,7982
2022-03-21,4호선,상계,17588,16439
2022-03-21,4호선,노원,16837,18687
2022-03-21,4호선,창동,22648,24005
2022-03-21,4호선,쌍문,26507,24680
2022-03-21,4호선,수유,30465,30744
2022-03-21,4호선,미아,14231,14000
2022-03-21,4호선,미아사거리,24438,23711
2022-03-21,4호선,길음,18873,18844
2022-03-21,4호선,성신여대입구,18829,18254
2022-03-21,4호선,한성대입구,12543,12321
2022-03-21,4호선,혜화,26801,26776
2022-03-21,4호선,동대문,17711,18294
2022-03-21,4호선,동대문역사문화공원,12845,11696
2022-03-21,4호선,충무로,25768,26476
2022-03-21,4호선,명동,16486,16720
2022-03-21,4호선,회현,21015,22137
2022-03-21,4호선,서울역,9379,12997
2022-03-21,4호선,숙대입구,12701,12255
2022-03-21,4호선,삼각지,4151,4513
2022-03-21,4호선,신용산,13611,14302
2022-03-21,4호선,이촌,5991,6612
2022-03-21,4호선,동작,1258,1400
2022-03-21,4호선,총신대입구,16956,18235
2022-03-21,4호선,사당,21346,17926
2022-03-21,4호선,남태령,1008,871
2022-03-22,4호선,당고개,8626,7791
2022-03-22,4호선,상계,18038,16675
2022-03-22,4호선,노원,17163,19137
2022-03-22,4호선,창동,23086,24675
2022-03-22,4호선,쌍문,27009,24915
2022-03-22,4호선,수유,31078,31035
2022-03-22,4호선,미아,14302,14023
2022-03-22,4호선,미아사거리,24746,24127
2022-03-22,4호선,길음,19135,19076
2022-03-22,4호선,성신여대입구,19036,18129
2022-03-22,4호선,한성대입구,12761,12477
2022-03-22,4호선,혜화,29316,29067
2022-03-22,4호선,동대문,17946,18598
2022-03-22,4호선,동대문역사문화공원,13086,12135
2022-03-22,4호선,충무로,26302,26841
2022-03-22,4호선,명동,16607,16856
2022-03-22,4호선,회현,21711,23081
2022-03-22,4호선,서울역,9661,12866
2022-03-22,4호선,숙대입구,13185,12808
2022-03-22,4호선,삼각지,4386,4778
2022-03-22,4호선,신용산,13877,14686
2022-03-22,4호선,이촌,6125,6819
2022-03-22,4호선,동작,1308,1506
2022-03-22,4호선,총신대입구,16917,18377
2022-03-22,4호선,사당,22048,18477
2022-03-22,4호선,남태령,1032,898
2022-03-23,4호선,당고개,8447,7758
2022-03-23,4호선,상계,17617,16413
2022-03-23,4호선,노원,17099,18982
2022-03-23,4호선,창동,23079,24324
2022-03-23,4호선,쌍문,26808,24920
2022-03-23,4호선,수유,31054,31076
2022-03-23,4호선,미아,14190,13898
2022-03-23,4호선,미아사거리,24729,24099
2022-03-23,4호선,길음,19243,19222
2022-03-23,4호선,성신여대입구,19265,18437
2022-03-23,4호선,한성대입구,12863,12477
2022-03-23,4호선,혜화,30379,30228
2022-03-23,4호선,동대문,17430,17868
2022-03-23,4호선,동대문역사문화공원,13365,12309
2022-03-23,4호선,충무로,26281,26617
2022-03-23,4호선,명동,16953,17247
2022-03-23,4호선,회현,21221,22332
2022-03-23,4호선,서울역,9709,12998
2022-03-23,4호선,숙대입구,13125,12798
2022-03-23,4호선,삼각지,4304,4741
2022-03-23,4호선,신용산,13972,14766
2022-03-23,4호선,이촌,6097,6837
2022-03-23,4호선,동작,1265,1517
2022-03-23,4호선,총신대입구,16969,18300
2022-03-23,4호선,사당,22132,18673
2022-03-23,4호선,남태령,1054,886
2022-03-24,4호선,당고개,8442,7786
2022-03-24,4호선,상계,17750,16506
2022-03-24,4호선,노원,16999,18931
2022-03-24,4호선,창동,23130,24647
2022-03-24,4호선,쌍문,26898,24720
2022-03-24,4호선,수유,30976,30844
2022-03-24,4호선,미아,14389,14166
2022-03-24,4호선,미아사거리,24741,24032
2022-03-24,4호선,길음,19256,19145
2022-03-24,4호선,성신여대입구,19317,18567
2022-03-24,4호선,한성대입구,12980,12844
2022-03-24,4호선,혜화,29943,29744
2022-03-24,4호선,동대문,17316,17878
2022-03-24,4호선,동대문역사문화공원,13214,12480
2022-03-24,4호선,충무로,27097,27837
2022-03-24,4호선,명동,16319,16594
2022-03-24,4호선,회현,20806,21892
2022-03-24,4호선,서울역,9913,13711
2022-03-24,4호선,숙대입구,13296,12750
2022-03-24,4호선,삼각지,4510,5209
2022-03-24,4호선,신용산,14080,14685
2022-03-24,4호선,이촌,6199,6673
2022-03-24,4호선,동작,1331,1511
2022-03-24,4호선,총신대입구,17280,18321
2022-03-24,4호선,사당,22696,19517
2022-03-24,4호선,남태령,1101,873
2022-03-25,4호선,남태령,1135,1125
2022-03-25,4호선,사당,24658,20379
2022-03-25,4호선,총신대입구,17713,19237
2022-03-25,4호선,동작,1428,1584
2022-03-25,4호선,이촌,6225,7060
2022-03-25,4호선,신용산,14842,15108
2022-03-25,4호선,삼각지,4866,5825
2022-03-25,4호선,숙대입구,12879,12156
2022-03-25,4호선,서울역,9879,15816
2022-03-25,4호선,회현,21342,21884
2022-03-25,4호선,명동,17216,18039
2022-03-25,4호선,충무로,25851,26512
2022-03-25,4호선,동대문역사문화공원,13672,12799
2022-03-25,4호선,동대문,17914,17998
2022-03-25,4호선,혜화,30877,28933
2022-03-25,4호선,당고개,8564,7971
2022-03-25,4호선,상계,17809,16879
2022-03-25,4호선,노원,18412,20854
2022-03-25,4호선,창동,24396,26266
2022-03-25,4호선,쌍문,27328,26287
2022-03-25,4호선,수유,32097,32701
2022-03-25,4호선,미아,14359,14598
2022-03-25,4호선,미아사거리,25672,26033
2022-03-25,4호선,길음,19126,19283
2022-03-25,4호선,성신여대입구,19860,19576
2022-03-25,4호선,한성대입구,13327,13356
2022-03-26,4호선,길음,12127,11343
2022-03-26,4호선,남태령,758,511
2022-03-26,4호선,사당,17347,14832
2022-03-26,4호선,총신대입구,11702,12897
2022-03-26,4호선,동작,1014,1059
2022-03-26,4호선,이촌,4864,5524
2022-03-26,4호선,신용산,8422,8929
2022-03-26,4호선,삼각지,3182,4141
2022-03-26,4호선,숙대입구,8066,7872
2022-03-26,4호선,서울역,4628,10370
2022-03-26,4호선,회현,13529,14786
2022-03-26,4호선,명동,11586,13159
2022-03-26,4호선,충무로,11396,11802
2022-03-26,4호선,동대문역사문화공원,9907,8793
2022-03-26,4호선,미아사거리,18693,17886
2022-03-26,4호선,미아,9195,8753
2022-03-26,4호선,수유,23100,22425
2022-03-26,4호선,쌍문,18413,16383
2022-03-26,4호선,창동,17333,18172
2022-03-26,4호선,노원,14302,15621
2022-03-26,4호선,상계,12104,11167
2022-03-26,4호선,당고개,6163,5988
2022-03-26,4호선,동대문,11002,11187
2022-03-26,4호선,혜화,24316,25095
2022-03-26,4호선,한성대입구,8806,8432
2022-03-26,4호선,성신여대입구,14364,13907
2022-03-27,4호선,남태령,648,453
2022-03-27,4호선,사당,13958,12961
2022-03-27,4호선,총신대입구,9353,10274
2022-03-27,4호선,동작,1299,1364
2022-03-27,4호선,이촌,4477,4905
2022-03-27,4호선,신용산,6961,7140
2022-03-27,4호선,삼각지,2417,3216
2022-03-27,4호선,숙대입구,6765,6513
2022-03-27,4호선,서울역,3919,8544
2022-03-27,4호선,회현,7921,8470
2022-03-27,4호선,명동,10503,9917
2022-03-27,4호선,충무로,8234,8200
2022-03-27,4호선,동대문역사문화공원,8677,8087
2022-03-27,4호선,동대문,6844,7180
2022-03-27,4호선,혜화,20998,21124
2022-03-27,4호선,한성대입구,7119,7291
2022-03-27,4호선,성신여대입구,11693,11182
2022-03-27,4호선,길음,9438,9443
2022-03-27,4호선,미아사거리,14584,13821
2022-03-27,4호선,미아,7291,7102
2022-03-27,4호선,수유,18539,17885
2022-03-27,4호선,쌍문,14261,13143
2022-03-27,4호선,창동,14151,14638
2022-03-27,4호선,노원,11340,12076
2022-03-27,4호선,상계,9658,9323
2022-03-27,4호선,당고개,5749,5556
2022-03-28,4호선,당고개,8536,7748
2022-03-28,4호선,상계,18057,16753
2022-03-28,4호선,노원,16764,18784
2022-03-28,4호선,창동,23305,24637
2022-03-28,4호선,쌍문,26907,25214
2022-03-28,4호선,수유,31172,31542
2022-03-28,4호선,미아,14396,14108
2022-03-28,4호선,미아사거리,24789,24484
2022-03-28,4호선,길음,19129,19297
2022-03-28,4호선,성신여대입구,19104,18547
2022-03-28,4호선,한성대입구,12856,12414
2022-03-28,4호선,혜화,27614,27398
2022-03-28,4호선,동대문,18126,18718
2022-03-28,4호선,동대문역사문화공원,12815,12021
2022-03-28,4호선,충무로,26693,27107
2022-03-28,4호선,명동,17218,17266
2022-03-28,4호선,회현,19782,21023
2022-03-28,4호선,서울역,9729,13367
2022-03-28,4호선,숙대입구,12724,12364
2022-03-28,4호선,삼각지,4323,4752
2022-03-28,4호선,신용산,13971,14583
2022-03-28,4호선,이촌,6085,6806
2022-03-28,4호선,동작,1406,1647
2022-03-28,4호선,총신대입구,17148,18632
2022-03-28,4호선,사당,21952,18435
2022-03-28,4호선,남태령,1047,923
2022-03-29,4호선,당고개,8808,7967
2022-03-29,4호선,상계,18538,17179
2022-03-29,4호선,노원,17227,19528
2022-03-29,4호선,창동,23772,25307
2022-03-29,4호선,쌍문,27407,25645
2022-03-29,4호선,수유,31593,31678
2022-03-29,4호선,미아,14521,14338
2022-03-29,4호선,미아사거리,25397,24824
2022-03-29,4호선,길음,19577,19530
2022-03-29,4호선,성신여대입구,19466,18521
2022-03-29,4호선,한성대입구,13408,13036
2022-03-29,4호선,혜화,29704,29530
2022-03-29,4호선,동대문,18718,18987
2022-03-29,4호선,동대문역사문화공원,13384,12378
2022-03-29,4호선,충무로,26932,27567
2022-03-29,4호선,명동,17618,17961
2022-03-29,4호선,회현,23059,24194
2022-03-29,4호선,서울역,10004,13486
2022-03-29,4호선,숙대입구,13518,13220
2022-03-29,4호선,삼각지,4383,4905
2022-03-29,4호선,신용산,14317,14859
2022-03-29,4호선,이촌,6431,7210
2022-03-29,4호선,동작,1550,1703
2022-03-29,4호선,총신대입구,17601,18854
2022-03-29,4호선,사당,22941,19012
2022-03-29,4호선,남태령,1111,965
2022-03-30,4호선,당고개,8454,7645
2022-03-30,4호선,상계,18217,16893
2022-03-30,4호선,노원,17132,19221
2022-03-30,4호선,창동,23400,24861
2022-03-30,4호선,쌍문,27338,25277
2022-03-30,4호선,수유,31279,31651
2022-03-30,4호선,미아,14207,13891
2022-03-30,4호선,미아사거리,24972,24398
2022-03-30,4호선,길음,19849,19672
2022-03-30,4호선,성신여대입구,19564,18873
2022-03-30,4호선,한성대입구,13255,13015
2022-03-30,4호선,혜화,30587,30493
2022-03-30,4호선,동대문,17759,18354
2022-03-30,4호선,동대문역사문화공원,13463,12344
2022-03-30,4호선,충무로,26920,27291
2022-03-30,4호선,명동,18044,18221
2022-03-30,4호선,회현,21678,22814
2022-03-30,4호선,서울역,9955,13439
2022-03-30,4호선,숙대입구,13308,12907
2022-03-30,4호선,삼각지,4387,4847
2022-03-30,4호선,신용산,14429,15072
2022-03-30,4호선,이촌,6370,7164
2022-03-30,4호선,동작,1234,1416
2022-03-30,4호선,총신대입구,17321,18644
2022-03-30,4호선,사당,22688,18966
2022-03-30,4호선,남태령,1031,927
2022-03-31,4호선,당고개,8583,7873
2022-03-31,4호선,상계,18288,17041
2022-03-31,4호선,노원,17661,19646
2022-03-31,4호선,창동,24060,25740
2022-03-31,4호선,쌍문,27570,25247
2022-03-31,4호선,수유,31893,31953
2022-03-31,4호선,미아,14678,14446
2022-03-31,4호선,미아사거리,25991,25171
2022-03-31,4호선,길음,20160,20025
2022-03-31,4호선,성신여대입구,19760,18694
2022-03-31,4호선,한성대입구,13665,13087
2022-03-31,4호선,혜화,30654,30540
2022-03-31,4호선,동대문,18544,19099
2022-03-31,4호선,동대문역사문화공원,13650,12708
2022-03-31,4호선,충무로,27487,27992
2022-03-31,4호선,명동,17521,18148
2022-03-31,4호선,회현,22397,23806
2022-03-31,4호선,서울역,10108,14262
2022-03-31,4호선,숙대입구,13461,12967
2022-03-31,4호선,삼각지,4698,5135
2022-03-31,4호선,신용산,14837,15477
2022-03-31,4호선,이촌,6520,7301
2022-03-31,4호선,동작,1470,1689
2022-03-31,4호선,총신대입구,17880,19350
2022-03-31,4호선,사당,22930,19156
2022-03-31,4호선,남태령,1082,958
2022-04-01,4호선,당고개,9010,8265
2022-04-01,4호선,상계,18867,17499
2022-04-01,4호선,노원,19016,21631
2022-04-01,4호선,창동,25142,26993
2022-04-01,4호선,쌍문,28548,26150
2022-04-01,4호선,수유,33798,33789
2022-04-01,4호선,미아,15070,14566
2022-04-01,4호선,미아사거리,26890,26236
2022-04-01,4호선,길음,20403,20026
2022-04-01,4호선,성신여대입구,21283,20155
2022-04-01,4호선,한성대입구,14163,13696
2022-04-01,4호선,혜화,32391,31757
2022-04-01,4호선,동대문,18885,19148
2022-04-01,4호선,동대문역사문화공원,14504,13304
2022-04-01,4호선,충무로,26912,27790
2022-04-01,4호선,명동,18753,19848
2022-04-01,4호선,회현,23134,24640
2022-04-01,4호선,서울역,10455,17206
2022-04-01,4호선,숙대입구,13318,12850
2022-04-01,4호선,삼각지,4984,5614
2022-04-01,4호선,신용산,15447,16528
2022-04-01,4호선,이촌,7054,7844
2022-04-01,4호선,동작,1574,1805
2022-04-01,4호선,총신대입구,18572,19970
2022-04-01,4호선,사당,25061,21399
2022-04-01,4호선,남태령,1268,976
2022-04-02,4호선,남태령,1021,580
2022-04-02,4호선,사당,20155,17237
2022-04-02,4호선,총신대입구,13545,14563
2022-04-02,4호선,동작,1613,1812
2022-04-02,4호선,이촌,6288,7067
2022-04-02,4호선,신용산,9647,10427
2022-04-02,4호선,삼각지,3550,4514
2022-04-02,4호선,숙대입구,9283,8968
2022-04-02,4호선,서울역,5275,12014
2022-04-02,4호선,회현,17142,18775
2022-04-02,4호선,명동,13743,16198
2022-04-02,4호선,충무로,13194,13475
2022-04-02,4호선,동대문역사문화공원,11250,10022
2022-04-02,4호선,동대문,12968,13344
2022-04-02,4호선,혜화,26200,26496
2022-04-02,4호선,한성대입구,10388,10155
2022-04-02,4호선,성신여대입구,15776,14884
2022-04-02,4호선,길음,13714,12968
2022-04-02,4호선,미아사거리,21120,20114
2022-04-02,4호선,미아,10349,9673
2022-04-02,4호선,수유,25622,25009
2022-04-02,4호선,쌍문,20510,18232
2022-04-02,4호선,창동,19079,19904
2022-04-02,4호선,노원,15383,17041
2022-04-02,4호선,상계,13709,12797
2022-04-02,4호선,당고개,7111,6808
2022-04-03,4호선,남태령,734,481
2022-04-03,4호선,사당,14465,12985
2022-04-03,4호선,총신대입구,9579,10362
2022-04-03,4호선,동작,1597,1620
2022-04-03,4호선,이촌,4562,5158
2022-04-03,4호선,신용산,7455,7430
2022-04-03,4호선,삼각지,2474,3239
2022-04-03,4호선,숙대입구,6792,6502
2022-04-03,4호선,서울역,4043,9384
2022-04-03,4호선,회현,8334,8778
2022-04-03,4호선,명동,11257,11153
2022-04-03,4호선,충무로,8669,8513
2022-04-03,4호선,동대문역사문화공원,8879,8282
2022-04-03,4호선,동대문,7329,7830
2022-04-03,4호선,혜화,21224,21656
2022-04-03,4호선,한성대입구,7239,7372
2022-04-03,4호선,성신여대입구,12090,11675
2022-04-03,4호선,길음,9525,9472
2022-04-03,4호선,미아사거리,15181,14677
2022-04-03,4호선,미아,7551,7245
2022-04-03,4호선,수유,19138,18599
2022-04-03,4호선,쌍문,14939,13506
2022-04-03,4호선,창동,14406,15097
2022-04-03,4호선,노원,11223,12256
2022-04-03,4호선,상계,10173,9666
2022-04-03,4호선,당고개,5832,5567
2022-04-04,4호선,당고개,8640,7797
2022-04-04,4호선,상계,18478,16934
2022-04-04,4호선,노원,17510,19688
2022-04-04,4호선,창동,23710,25225
2022-04-04,4호선,쌍문,28113,25838
2022-04-04,4호선,수유,32132,32330
2022-04-04,4호선,미아,14979,14502
2022-04-04,4호선,미아사거리,25576,25092
2022-04-04,4호선,길음,20048,20054
2022-04-04,4호선,성신여대입구,19662,18979
2022-04-04,4호선,한성대입구,13447,13114
2022-04-04,4호선,혜화,27930,27986
2022-04-04,4호선,동대문,19311,19671
2022-04-04,4호선,동대문역사문화공원,13245,12339
2022-04-04,4호선,충무로,27314,28090
2022-04-04,4호선,명동,18236,18564
2022-04-04,4호선,회현,22858,24358
2022-04-04,4호선,서울역,10093,14145
2022-04-04,4호선,숙대입구,13231,12842
2022-04-04,4호선,삼각지,4423,4875
2022-04-04,4호선,신용산,14337,14917
2022-04-04,4호선,이촌,6254,7138
2022-04-04,4호선,동작,1577,1812
2022-04-04,4호선,총신대입구,17997,19471
2022-04-04,4호선,사당,22913,18951
2022-04-04,4호선,남태령,1066,920
2022-04-05,4호선,당고개,8996,8055
2022-04-05,4호선,상계,18970,17616
2022-04-05,4호선,노원,17832,19924
2022-04-05,4호선,창동,24406,25774
2022-04-05,4호선,쌍문,28380,26403
2022-04-05,4호선,수유,32784,32669
2022-04-05,4호선,미아,15078,14834
2022-04-05,4호선,미아사거리,26452,25641
2022-04-05,4호선,길음,20605,20327
2022-04-05,4호선,성신여대입구,20312,19279
2022-04-05,4호선,한성대입구,13869,13407
2022-04-05,4호선,혜화,31213,31353
2022-04-05,4호선,동대문,19037,19589
2022-04-05,4호선,동대문역사문화공원,13417,12439
2022-04-05,4호선,충무로,27711,28145
2022-04-05,4호선,명동,18427,19101
2022-04-05,4호선,회현,23607,25172
2022-04-05,4호선,서울역,10470,14314
2022-04-05,4호선,숙대입구,13840,13393
2022-04-05,4호선,삼각지,4525,5106
2022-04-05,4호선,신용산,14716,15392
2022-04-05,4호선,이촌,6844,7518
2022-04-05,4호선,동작,1645,1879
2022-04-05,4호선,총신대입구,18220,19675
2022-04-05,4호선,사당,23835,19968
2022-04-05,4호선,남태령,1151,998
2022-04-06,4호선,남태령,1202,1008
2022-04-06,4호선,사당,24108,20061
2022-04-06,4호선,총신대입구,18707,20012
2022-04-06,4호선,동작,1716,1953
2022-04-06,4호선,이촌,6886,7671
2022-04-06,4호선,신용산,14814,15561
2022-04-06,4호선,삼각지,4707,5133
2022-04-06,4호선,숙대입구,14143,13505
2022-04-06,4호선,서울역,10511,14687
2022-04-06,4호선,회현,23433,24868
2022-04-06,4호선,명동,19315,19734
2022-04-06,4호선,충무로,28169,28788
2022-04-06,4호선,동대문역사문화공원,13845,12858
2022-04-06,4호선,동대문,19310,19596
2022-04-06,4호선,혜화,31369,31332
2022-04-06,4호선,한성대입구,13914,13821
2022-04-06,4호선,성신여대입구,20879,19657
2022-04-06,4호선,길음,20762,20723
2022-04-06,4호선,미아사거리,26547,25750
2022-04-06,4호선,미아,15100,14668
2022-04-06,4호선,수유,32778,32813
2022-04-06,4호선,쌍문,28734,26410
2022-04-06,4호선,창동,24488,26043
2022-04-06,4호선,노원,18172,20304
2022-04-06,4호선,상계,19179,17790
2022-04-06,4호선,당고개,8956,7992
2022-04-07,4호선,남태령,1177,989
2022-04-07,4호선,사당,24602,20573
2022-04-07,4호선,총신대입구,18258,19564
2022-04-07,4호선,동작,1832,2110
2022-04-07,4호선,이촌,6855,7622
2022-04-07,4호선,신용산,15046,15697
2022-04-07,4호선,삼각지,4691,5295
2022-04-07,4호선,숙대입구,13965,13548
2022-04-07,4호선,서울역,10508,15645
2022-04-07,4호선,회현,23854,25375
2022-04-07,4호선,명동,18834,19432
2022-04-07,4호선,충무로,28517,29328
2022-04-07,4호선,동대문역사문화공원,13872,12857
2022-04-07,4호선,동대문,19214,19821
2022-04-07,4호선,혜화,31670,31911
2022-04-07,4호선,한성대입구,14107,13844
2022-04-07,4호선,성신여대입구,20744,19731
2022-04-07,4호선,길음,21259,20895
2022-04-07,4호선,미아사거리,26575,25899
2022-04-07,4호선,미아,15451,14947
2022-04-07,4호선,수유,32959,33170
2022-04-07,4호선,쌍문,28936,26763
2022-04-07,4호선,창동,24870,25805
2022-04-07,4호선,노원,18209,20508
2022-04-07,4호선,상계,19173,17666
2022-04-07,4호선,당고개,8949,8189
2022-04-08,4호선,당고개,9381,8452
2022-04-08,4호선,상계,19497,17767
2022-04-08,4호선,노원,19180,22231
2022-04-08,4호선,창동,25939,26681
2022-04-08,4호선,쌍문,29721,27175
2022-04-08,4호선,수유,34808,34853
2022-04-08,4호선,미아,15549,14662
2022-04-08,4호선,미아사거리,27770,26663
2022-04-08,4호선,길음,21236,20329
2022-04-08,4호선,성신여대입구,21440,20453
2022-04-08,4호선,한성대입구,14490,14326
2022-04-08,4호선,혜화,32605,32735
2022-04-08,4호선,동대문,19775,19522
2022-04-08,4호선,동대문역사문화공원,13988,13091
2022-04-08,4호선,충무로,28312,29398
2022-04-08,4호선,명동,19419,20801
2022-04-08,4호선,회현,24080,25654
2022-04-08,4호선,서울역,10413,17572
2022-04-08,4호선,숙대입구,13676,13385
2022-04-08,4호선,삼각지,4983,5912
2022-04-08,4호선,신용산,15457,16573
2022-04-08,4호선,이촌,7401,8347
2022-04-08,4호선,동작,2390,2794
2022-04-08,4호선,총신대입구,19495,21126
2022-04-08,4호선,사당,26582,22104
2022-04-08,4호선,남태령,1330,1009
2022-04-09,4호선,남태령,1262,672
2022-04-09,4호선,사당,22445,19041
2022-04-09,4호선,총신대입구,14389,15498
2022-04-09,4호선,동작,2948,3676
2022-04-09,4호선,이촌,7214,8010
2022-04-09,4호선,신용산,9633,10741
2022-04-09,4호선,삼각지,3404,4712
2022-04-09,4호선,숙대입구,9104,8576
2022-04-09,4호선,서울역,5808,13626
2022-04-09,4호선,회현,18588,20434
2022-04-09,4호선,명동,16039,18808
2022-04-09,4호선,충무로,15548,15886
2022-04-09,4호선,동대문역사문화공원,11289,10220
2022-04-09,4호선,동대문,13311,13557
2022-04-09,4호선,혜화,26538,27882
2022-04-09,4호선,한성대입구,10673,10715
2022-04-09,4호선,성신여대입구,16696,15416
2022-04-09,4호선,길음,14743,13697
2022-04-09,4호선,미아사거리,22001,20906
2022-04-09,4호선,미아,10669,9873
2022-04-09,4호선,수유,27098,26194
2022-04-09,4호선,쌍문,22038,19266
2022-04-09,4호선,창동,19832,19988
2022-04-09,4호선,노원,15907,17285
2022-04-09,4호선,상계,14430,13413
2022-04-09,4호선,당고개,7660,7128
2022-04-10,4호선,사당,16920,15420
2022-04-10,4호선,당고개,6068,5878
2022-04-10,4호선,상계,10968,10226
2022-04-10,4호선,노원,11716,12656
2022-04-10,4호선,창동,15148,15423
2022-04-10,4호선,쌍문,16502,14990
2022-04-10,4호선,수유,20763,20032
2022-04-10,4호선,미아,8133,7595
2022-04-10,4호선,미아사거리,16413,15397
2022-04-10,4호선,길음,11002,10835
2022-04-10,4호선,성신여대입구,12814,11978
2022-04-10,4호선,한성대입구,8288,8558
2022-04-10,4호선,혜화,21826,23145
2022-04-10,4호선,동대문,7397,7793
2022-04-10,4호선,동대문역사문화공원,9243,8724
2022-04-10,4호선,충무로,10606,10716
2022-04-10,4호선,명동,12850,12920
2022-04-10,4호선,회현,9549,10009
2022-04-10,4호선,서울역,4531,10871
2022-04-10,4호선,숙대입구,7404,7124
2022-04-10,4호선,삼각지,2669,3668
2022-04-10,4호선,신용산,7861,7878
2022-04-10,4호선,이촌,5434,6082
2022-04-10,4호선,동작,2609,3360
2022-04-10,4호선,총신대입구,10880,11706
2022-04-10,4호선,남태령,1012,704
2022-04-11,4호선,길음,20899,20883
2022-04-11,4호선,미아사거리,27043,26374
2022-04-11,4호선,미아,15414,14932
2022-04-11,4호선,수유,33592,33688
2022-04-11,4호선,쌍문,29158,26838
2022-04-11,4호선,창동,24648,25448
2022-04-11,4호선,노원,17973,20164
2022-04-11,4호선,상계,19292,17854
2022-04-11,4호선,당고개,9109,8047
2022-04-11,4호선,성신여대입구,20289,19201
2022-04-11,4호선,한성대입구,13868,13725
2022-04-11,4호선,혜화,28812,29235
2022-04-11,4호선,동대문,19524,19983
2022-04-11,4호선,동대문역사문화공원,13613,12639
2022-04-11,4호선,충무로,28516,29232
2022-04-11,4호선,명동,19496,19878
2022-04-11,4호선,회현,23968,25327
2022-04-11,4호선,서울역,10676,15197
2022-04-11,4호선,숙대입구,13623,12936
2022-04-11,4호선,삼각지,4557,4998
2022-04-11,4호선,신용산,15012,15857
2022-04-11,4호선,이촌,6799,7727
2022-04-11,4호선,동작,2188,2571
2022-04-11,4호선,총신대입구,18559,19840
2022-04-11,4호선,사당,24166,20003
2022-04-11,4호선,남태령,1234,1042
2022-04-12,4호선,노원,18518,20644
2022-04-12,4호선,창동,24963,25865
2022-04-12,4호선,쌍문,29392,27251
2022-04-12,4호선,수유,33714,33389
2022-04-12,4호선,미아,15560,15280
2022-04-12,4호선,미아사거리,27010,26249
2022-04-12,4호선,길음,21276,21308
2022-04-12,4호선,성신여대입구,20719,19788
2022-04-12,4호선,한성대입구,14464,14060
2022-04-12,4호선,혜화,31095,31249
2022-04-12,4호선,동대문,19580,19771
2022-04-12,4호선,동대문역사문화공원,13717,12679
2022-04-12,4호선,충무로,28699,29432
2022-04-12,4호선,명동,19599,19986
2022-04-12,4호선,회현,25075,26311
2022-04-12,4호선,서울역,10928,14977
2022-04-12,4호선,숙대입구,14317,13630
2022-04-12,4호선,삼각지,4809,5266
2022-04-12,4호선,신용산,15389,16193
2022-04-12,4호선,이촌,7169,8087
2022-04-12,4호선,동작,1857,2225
2022-04-12,4호선,총신대입구,18762,20233
2022-04-12,4호선,남태령,1258,1093
2022-04-12,4호선,사당,25024,20847
2022-04-12,4호선,상계,19600,18058
2022-04-12,4호선,당고개,8948,8096
2022-04-13,4호선,남태령,1200,1074
2022-04-13,4호선,사당,24560,20349
2022-04-13,4호선,총신대입구,18236,19813
2022-04-13,4호선,동작,1238,1487
2022-04-13,4호선,이촌,7019,7757
2022-04-13,4호선,신용산,15761,16519
2022-04-13,4호선,삼각지,4738,5380
2022-04-13,4호선,숙대입구,14231,13708
2022-04-13,4호선,서울역,11017,15219
2022-04-13,4호선,회현,23329,24649
2022-04-13,4호선,명동,19371,19914
2022-04-13,4호선,충무로,28210,28473
2022-04-13,4호선,동대문역사문화공원,13778,12638
2022-04-13,4호선,동대문,18652,19172
2022-04-13,4호선,혜화,31977,32146
2022-04-13,4호선,한성대입구,14317,13840
2022-04-13,4호선,성신여대입구,20370,19587
2022-04-13,4호선,길음,20981,20803
2022-04-13,4호선,미아사거리,26464,25726
2022-04-13,4호선,미아,15185,14869
2022-04-13,4호선,수유,32880,33212
2022-04-13,4호선,쌍문,28721,26438
2022-04-13,4호선,창동,24475,25453
2022-04-13,4호선,노원,18262,20405
2022-04-13,4호선,상계,19189,17772
2022-04-13,4호선,당고개,8554,7779
2022-04-14,4호선,남태령,1158,1075
2022-04-14,4호선,사당,25389,21127
2022-04-14,4호선,총신대입구,18714,20270
2022-04-14,4호선,동작,1489,1732
2022-04-14,4호선,이촌,7100,7954
2022-04-14,4호선,신용산,15808,16742
2022-04-14,4호선,삼각지,5012,5520
2022-04-14,4호선,숙대입구,14226,13643
2022-04-14,4호선,서울역,11008,16079
2022-04-14,4호선,회현,23865,25647
2022-04-14,4호선,명동,19574,20237
2022-04-14,4호선,충무로,28922,29639
2022-04-14,4호선,동대문역사문화공원,13783,12595
2022-04-14,4호선,동대문,19283,19934
2022-04-14,4호선,혜화,31475,31658
2022-04-14,4호선,한성대입구,14203,13805
2022-04-14,4호선,성신여대입구,20537,19412
2022-04-14,4호선,길음,21311,21160
2022-04-14,4호선,미아사거리,26930,26165
2022-04-14,4호선,미아,15593,15253
2022-04-14,4호선,수유,33358,33206
2022-04-14,4호선,쌍문,29260,26845
2022-04-14,4호선,창동,25073,26003
2022-04-14,4호선,노원,18403,20935
2022-04-14,4호선,상계,19283,17700
2022-04-14,4호선,당고개,8883,7951
2022-04-15,4호선,당고개,9183,8263
2022-04-15,4호선,상계,20089,18629
2022-04-15,4호선,노원,19599,22522
2022-04-15,4호선,창동,26417,27590
2022-04-15,4호선,쌍문,30190,27250
2022-04-15,4호선,수유,35412,34926
2022-04-15,4호선,미아,16281,15717
2022-04-15,4호선,미아사거리,28411,27365
2022-04-15,4호선,길음,21434,20641
2022-04-15,4호선,성신여대입구,21490,20488
2022-04-15,4호선,한성대입구,15041,14497
2022-04-15,4호선,혜화,32727,32324
2022-04-15,4호선,동대문,19990,20336
2022-04-15,4호선,동대문역사문화공원,14580,12875
2022-04-15,4호선,충무로,28233,29380
2022-04-15,4호선,명동,20446,21554
2022-04-15,4호선,회현,24838,26647
2022-04-15,4호선,서울역,11008,18531
2022-04-15,4호선,숙대입구,14069,13737
2022-04-15,4호선,삼각지,5249,6224
2022-04-15,4호선,신용산,16457,17739
2022-04-15,4호선,이촌,7822,8533
2022-04-15,4호선,동작,1876,2064
2022-04-15,4호선,총신대입구,19941,21692
2022-04-15,4호선,사당,27286,23039
2022-04-15,4호선,남태령,1367,1056
2022-04-16,4호선,남태령,1076,655
2022-04-16,4호선,사당,22796,18998
2022-04-16,4호선,총신대입구,14683,15983
2022-04-16,4호선,동작,1809,2021
2022-04-16,4호선,이촌,6792,7626
2022-04-16,4호선,신용산,10536,11438
2022-04-16,4호선,삼각지,3756,5096
2022-04-16,4호선,숙대입구,9608,9383
2022-04-16,4호선,서울역,5917,13888
2022-04-16,4호선,회현,19015,21026
2022-04-16,4호선,명동,15237,17491
2022-04-16,4호선,충무로,14194,15320
2022-04-16,4호선,동대문역사문화공원,11104,9924
2022-04-16,4호선,동대문,13671,13998
2022-04-16,4호선,혜화,27077,27855
2022-04-16,4호선,한성대입구,11002,10560
2022-04-16,4호선,성신여대입구,16494,15516
2022-04-16,4호선,길음,14750,13746
2022-04-16,4호선,미아사거리,22187,20995
2022-04-16,4호선,미아,10715,10158
2022-04-16,4호선,수유,27136,26346
2022-04-16,4호선,쌍문,22170,19543
2022-04-16,4호선,창동,20134,20262
2022-04-16,4호선,노원,16153,17898
2022-04-16,4호선,상계,14794,13659
2022-04-16,4호선,당고개,7480,7036
2022-04-17,4호선,당고개,5789,5592
2022-04-17,4호선,상계,10943,10316
2022-04-17,4호선,노원,11717,12849
2022-04-17,4호선,창동,15236,15487
2022-04-17,4호선,쌍문,16177,14406
2022-04-17,4호선,수유,20279,19410
2022-04-17,4호선,미아,8350,7751
2022-04-17,4호선,미아사거리,16679,15865
2022-04-17,4호선,길음,10988,10771
2022-04-17,4호선,성신여대입구,12265,11805
2022-04-17,4호선,한성대입구,7689,7899
2022-04-17,4호선,남태령,847,624
2022-04-17,4호선,사당,15990,14669
2022-04-17,4호선,총신대입구,10282,11357
2022-04-17,4호선,동작,1471,1627
2022-04-17,4호선,이촌,5051,5769
2022-04-17,4호선,신용산,8220,8363
2022-04-17,4호선,삼각지,2854,3756
2022-04-17,4호선,숙대입구,7679,7286
2022-04-17,4호선,서울역,4529,10764
2022-04-17,4호선,회현,9213,9679
2022-04-17,4호선,명동,13159,13110
2022-04-17,4호선,충무로,9523,9679
2022-04-17,4호선,동대문역사문화공원,8822,8068
2022-04-17,4호선,동대문,7931,8300
2022-04-17,4호선,혜화,21500,22552
2022-04-18,4호선,성신여대입구,20170,19361
2022-04-18,4호선,길음,21166,21153
2022-04-18,4호선,미아사거리,26200,25497
2022-04-18,4호선,미아,15894,15049
2022-04-18,4호선,수유,33926,34373
2022-04-18,4호선,쌍문,29235,26787
2022-04-18,4호선,창동,24795,25828
2022-04-18,4호선,노원,17791,20043
2022-04-18,4호선,상계,19669,18075
2022-04-18,4호선,당고개,9204,8213
2022-04-18,4호선,남태령,1202,1052
2022-04-18,4호선,사당,24675,20849
2022-04-18,4호선,총신대입구,18822,20281
2022-04-18,4호선,동작,1650,1802
2022-04-18,4호선,이촌,6906,7821
2022-04-18,4호선,신용산,15874,16805
2022-04-18,4호선,삼각지,4709,5198
2022-04-18,4호선,숙대입구,13676,13157
2022-04-18,4호선,서울역,11026,15477
2022-04-18,4호선,회현,24626,26041
2022-04-18,4호선,명동,19256,19549
2022-04-18,4호선,충무로,27773,28952
2022-04-18,4호선,동대문역사문화공원,13794,12838
2022-04-18,4호선,동대문,20007,20711
2022-04-18,4호선,혜화,29137,29783
2022-04-18,4호선,한성대입구,13799,13497
2022-04-19,4호선,남태령,1293,1098
2022-04-19,4호선,사당,25400,21537
2022-04-19,4호선,총신대입구,19245,20723
2022-04-19,4호선,동작,1617,1847
2022-04-19,4호선,이촌,7526,8183
2022-04-19,4호선,신용산,15987,17215
2022-04-19,4호선,삼각지,4876,5453
2022-04-19,4호선,숙대입구,14069,13617
2022-04-19,4호선,서울역,11287,15627
2022-04-19,4호선,회현,25618,27263
2022-04-19,4호선,명동,19645,20136
2022-04-19,4호선,충무로,28266,29346
2022-04-19,4호선,동대문역사문화공원,14035,13016
2022-04-19,4호선,동대문,20402,20810
2022-04-19,4호선,혜화,32464,32811
2022-04-19,4호선,한성대입구,15067,14583
2022-04-19,4호선,성신여대입구,20656,19678
2022-04-19,4호선,길음,21783,21483
2022-04-19,4호선,미아사거리,27839,27087
2022-04-19,4호선,미아,15859,15181
2022-04-19,4호선,수유,33693,34031
2022-04-19,4호선,쌍문,29903,27437
2022-04-19,4호선,창동,25629,26602
2022-04-19,4호선,노원,18727,21034
2022-04-19,4호선,상계,20173,18554
2022-04-19,4호선,당고개,9262,8298
2022-04-20,4호선,당고개,9229,8220
2022-04-20,4호선,상계,20264,18536
2022-04-20,4호선,노원,18631,20894
2022-04-20,4호선,창동,25922,26832
2022-04-20,4호선,쌍문,30139,27460
2022-04-20,4호선,수유,34506,34603
2022-04-20,4호선,미아,15856,15232
2022-04-20,4호선,미아사거리,27989,27057
2022-04-20,4호선,길음,22070,21732
2022-04-20,4호선,성신여대입구,20665,19856
2022-04-20,4호선,한성대입구,14277,13814
2022-04-20,4호선,혜화,33258,33875
2022-04-20,4호선,동대문,20158,20692
2022-04-20,4호선,동대문역사문화공원,14487,13365
2022-04-20,4호선,충무로,28532,29245
2022-04-20,4호선,명동,19645,20047
2022-04-20,4호선,회현,25348,27173
2022-04-20,4호선,서울역,11526,16413
2022-04-20,4호선,숙대입구,14491,14081
2022-04-20,4호선,삼각지,4964,5595
2022-04-20,4호선,신용산,16297,17167
2022-04-20,4호선,이촌,7457,8243
2022-04-20,4호선,동작,1623,1846
2022-04-20,4호선,총신대입구,19583,21011
2022-04-20,4호선,사당,25747,21601
2022-04-20,4호선,남태령,1298,1079
2022-04-21,4호선,남태령,1357,902
2022-04-21,4호선,사당,30559,24873
2022-04-21,4호선,총신대입구,19455,20835
2022-04-21,4호선,동작,1751,1886
2022-04-21,4호선,이촌,7425,8095
2022-04-21,4호선,신용산,15899,15420
2022-04-21,4호선,삼각지,5095,5875
2022-04-21,4호선,숙대입구,14149,12935
2022-04-21,4호선,서울역,11734,15708
2022-04-21,4호선,회현,24944,25106
2022-04-21,4호선,명동,18677,18181
2022-04-21,4호선,충무로,28917,29490
2022-04-21,4호선,동대문역사문화공원,14720,13425
2022-04-21,4호선,동대문,20063,20296
2022-04-21,4호선,혜화,32201,31568
2022-04-21,4호선,한성대입구,13966,14103
2022-04-21,4호선,성신여대입구,20480,20051
2022-04-21,4호선,길음,21322,21829
2022-04-21,4호선,미아사거리,27410,27249
2022-04-21,4호선,미아,15421,15262
2022-04-21,4호선,수유,33857,34447
2022-04-21,4호선,쌍문,29534,28006
2022-04-21,4호선,창동,26095,27291
2022-04-21,4호선,노원,18693,21197
2022-04-21,4호선,상계,20172,18753
2022-04-21,4호선,당고개,9372,8520
2022-04-22,4호선,남태령,1351,1009
2022-04-22,4호선,사당,27603,23585
2022-04-22,4호선,총신대입구,19702,21518
2022-04-22,4호선,동작,1514,1647
2022-04-22,4호선,이촌,7486,8093
2022-04-22,4호선,신용산,16746,17757
2022-04-22,4호선,삼각지,5394,6188
2022-04-22,4호선,숙대입구,14057,13615
2022-04-22,4호선,서울역,11663,19074
2022-04-22,4호선,회현,24390,25637
2022-04-22,4호선,명동,19321,20527
2022-04-22,4호선,충무로,27685,28588
2022-04-22,4호선,동대문역사문화공원,14809,13210
2022-04-22,4호선,동대문,19753,19713
2022-04-22,4호선,혜화,33745,33266
2022-04-22,4호선,한성대입구,14449,14041
2022-04-22,4호선,성신여대입구,20586,19808
2022-04-22,4호선,길음,21074,20379
2022-04-22,4호선,미아사거리,27614,26865
2022-04-22,4호선,미아,15360,14620
2022-04-22,4호선,수유,34280,34784
2022-04-22,4호선,쌍문,29828,27076
2022-04-22,4호선,창동,26254,27518
2022-04-22,4호선,노원,19010,22187
2022-04-22,4호선,상계,19705,18310
2022-04-22,4호선,당고개,8987,8122
2022-04-23,4호선,남태령,1154,726
2022-04-23,4호선,사당,22589,20082
2022-04-23,4호선,총신대입구,14707,15708
2022-04-23,4호선,동작,1744,1836
2022-04-23,4호선,이촌,7174,8019
2022-04-23,4호선,신용산,10487,11720
2022-04-23,4호선,삼각지,3793,5176
2022-04-23,4호선,숙대입구,9439,8971
2022-04-23,4호선,서울역,6046,14150
2022-04-23,4호선,회현,18879,20602
2022-04-23,4호선,명동,14827,17275
2022-04-23,4호선,충무로,14330,15240
2022-04-23,4호선,동대문역사문화공원,11023,9605
2022-04-23,4호선,동대문,13899,14121
2022-04-23,4호선,혜화,28251,29881
2022-04-23,4호선,한성대입구,10881,10422
2022-04-23,4호선,성신여대입구,16586,15684
2022-04-23,4호선,길음,15229,13933
2022-04-23,4호선,미아사거리,22647,21359
2022-04-23,4호선,미아,11010,10206
2022-04-23,4호선,수유,27324,26581
2022-04-23,4호선,쌍문,22077,19206
2022-04-23,4호선,창동,20404,20732
2022-04-23,4호선,노원,16058,17896
2022-04-23,4호선,상계,15348,14332
2022-04-23,4호선,당고개,7532,7150
2022-04-24,4호선,당고개,5932,5628
2022-04-24,4호선,상계,11674,11074
2022-04-24,4호선,노원,11929,12791
2022-04-24,4호선,창동,15076,15342
2022-04-24,4호선,쌍문,16299,14677
2022-04-24,4호선,수유,20144,19518
2022-04-24,4호선,미아,8401,7871
2022-04-24,4호선,미아사거리,16495,15787
2022-04-24,4호선,길음,10927,10763
2022-04-24,4호선,성신여대입구,12157,11743
2022-04-24,4호선,한성대입구,7661,7868
2022-04-24,4호선,혜화,21419,22588
2022-04-24,4호선,동대문,7325,7979
2022-04-24,4호선,동대문역사문화공원,8766,7804
2022-04-24,4호선,충무로,8680,8915
2022-04-24,4호선,명동,11844,12150
2022-04-24,4호선,회현,8858,9227
2022-04-24,4호선,서울역,4439,10698
2022-04-24,4호선,숙대입구,7203,7210
2022-04-24,4호선,삼각지,2893,3847
2022-04-24,4호선,신용산,8217,8327
2022-04-24,4호선,이촌,5278,5946
2022-04-24,4호선,동작,1453,1482
2022-04-24,4호선,총신대입구,10536,11548
2022-04-24,4호선,사당,16138,14924
2022-04-24,4호선,남태령,778,571
2022-04-25,4호선,당고개,9077,8032
2022-04-25,4호선,상계,19993,18434
2022-04-25,4호선,노원,18675,20577
2022-04-25,4호선,창동,25198,26954
2022-04-25,4호선,쌍문,29445,27079
2022-04-25,4호선,수유,33844,33714
2022-04-25,4호선,미아,15540,15118
2022-04-25,4호선,미아사거리,27363,26636
2022-04-25,4호선,길음,21998,21613
2022-04-25,4호선,성신여대입구,19997,19549
2022-04-25,4호선,한성대입구,13422,13214
2022-04-25,4호선,혜화,29912,30308
2022-04-25,4호선,동대문,20107,20636
2022-04-25,4호선,동대문역사문화공원,13639,12519
2022-04-25,4호선,충무로,28237,29448
2022-04-25,4호선,명동,18981,19492
2022-04-25,4호선,회현,22674,24337
2022-04-25,4호선,서울역,11174,15926
2022-04-25,4호선,숙대입구,14056,13563
2022-04-25,4호선,삼각지,4868,5319
2022-04-25,4호선,신용산,15846,16736
2022-04-25,4호선,이촌,7122,7941
2022-04-25,4호선,동작,1517,1666
2022-04-25,4호선,총신대입구,19022,20610
2022-04-25,4호선,사당,25162,21058
2022-04-25,4호선,남태령,1231,1071
2022-04-26,4호선,남태령,1293,1173
2022-04-26,4호선,사당,26472,22262
2022-04-26,4호선,총신대입구,19495,20891
2022-04-26,4호선,동작,1646,1802
2022-04-26,4호선,이촌,7998,8963
2022-04-26,4호선,신용산,16260,17580
2022-04-26,4호선,삼각지,5093,5656
2022-04-26,4호선,숙대입구,15062,14392
2022-04-26,4호선,서울역,11556,16230
2022-04-26,4호선,회현,25928,27596
2022-04-26,4호선,명동,18959,19782
2022-04-26,4호선,충무로,29198,30062
2022-04-26,4호선,동대문역사문화공원,13966,12878
2022-04-26,4호선,동대문,20564,20918
2022-04-26,4호선,혜화,33587,33830
2022-04-26,4호선,한성대입구,14467,14028
2022-04-26,4호선,성신여대입구,21346,20593
2022-04-26,4호선,길음,22549,22105
2022-04-26,4호선,미아사거리,28154,27282
2022-04-26,4호선,미아,15810,15290
2022-04-26,4호선,수유,34558,34717
2022-04-26,4호선,쌍문,30182,27775
2022-04-26,4호선,창동,26216,27825
2022-04-26,4호선,노원,19486,21641
2022-04-26,4호선,상계,20871,19067
2022-04-26,4호선,당고개,9357,8457
2022-04-27,4호선,당고개,9489,8441
2022-04-27,4호선,상계,21021,19363
2022-04-27,4호선,노원,19697,22267
2022-04-27,4호선,창동,26627,28112
2022-04-27,4호선,쌍문,30775,28048
2022-04-27,4호선,수유,35349,35560
2022-04-27,4호선,미아,16016,15412
2022-04-27,4호선,미아사거리,28569,27645
2022-04-27,4호선,길음,22995,22658
2022-04-27,4호선,성신여대입구,22253,21003
2022-04-27,4호선,한성대입구,15773,15403
2022-04-27,4호선,혜화,35838,36470
2022-04-27,4호선,동대문,20746,21156
2022-04-27,4호선,동대문역사문화공원,14837,13664
2022-04-27,4호선,충무로,30401,30879
2022-04-27,4호선,명동,20994,21978
2022-04-27,4호선,회현,26482,28231
2022-04-27,4호선,서울역,11852,17312
2022-04-27,4호선,숙대입구,15225,14576
2022-04-27,4호선,삼각지,5304,5841
2022-04-27,4호선,신용산,16819,17888
2022-04-27,4호선,이촌,7708,8654
2022-04-27,4호선,동작,1700,1863
2022-04-27,4호선,총신대입구,20126,21776
2022-04-27,4호선,사당,27920,22932
2022-04-27,4호선,남태령,1362,1185
2022-04-28,4호선,당고개,9731,8627
2022-04-28,4호선,상계,21289,19643
2022-04-28,4호선,노원,20223,22738
2022-04-28,4호선,창동,26804,28206
2022-04-28,4호선,쌍문,30715,28180
2022-04-28,4호선,수유,35386,35197
2022-04-28,4호선,미아,15957,15330
2022-04-28,4호선,미아사거리,28463,27619
2022-04-28,4호선,길음,23129,22738
2022-04-28,4호선,성신여대입구,21338,20114
2022-04-28,4호선,한성대입구,15390,15317
2022-04-28,4호선,혜화,35538,35899
2022-04-28,4호선,동대문,20691,21292
2022-04-28,4호선,동대문역사문화공원,14497,13553
2022-04-28,4호선,충무로,30709,31548
2022-04-28,4호선,명동,20415,21356
2022-04-28,4호선,회현,26743,28541
2022-04-28,4호선,서울역,12038,17891
2022-04-28,4호선,숙대입구,15344,14875
2022-04-28,4호선,삼각지,5367,5985
2022-04-28,4호선,신용산,17328,18152
2022-04-28,4호선,이촌,8936,9879
2022-04-28,4호선,동작,1623,1835
2022-04-28,4호선,총신대입구,20117,21639
2022-04-28,4호선,사당,27575,23168
2022-04-28,4호선,남태령,1370,1138
2022-04-29,4호선,당고개,9579,8459
2022-04-29,4호선,상계,21352,19459
2022-04-29,4호선,노원,21387,24811
2022-04-29,4호선,창동,27790,29510
2022-04-29,4호선,쌍문,31770,28721
2022-04-29,4호선,수유,36532,37055
2022-04-29,4호선,미아,16148,15313
2022-04-29,4호선,미아사거리,29961,28978
2022-04-29,4호선,길음,23385,22227
2022-04-29,4호선,성신여대입구,23274,22458
2022-04-29,4호선,한성대입구,16101,15585
2022-04-29,4호선,혜화,38766,38478
2022-04-29,4호선,동대문,21071,21200
2022-04-29,4호선,동대문역사문화공원,15449,13538
2022-04-29,4호선,충무로,29601,30728
2022-04-29,4호선,명동,21403,22713
2022-04-29,4호선,회현,26051,28144
2022-04-29,4호선,서울역,12223,20558
2022-04-29,4호선,숙대입구,15118,14925
2022-04-29,4호선,삼각지,5781,6646
2022-04-29,4호선,신용산,17929,19074
2022-04-29,4호선,이촌,9283,10278
2022-04-29,4호선,동작,1630,1782
2022-04-29,4호선,총신대입구,20907,22560
2022-04-29,4호선,사당,29595,24844
2022-04-29,4호선,남태령,1474,1157
2022-04-30,4호선,당고개,7940,7152
2022-04-30,4호선,상계,17162,16103
2022-04-30,4호선,노원,17158,19462
2022-04-30,4호선,창동,21416,22148
2022-04-30,4호선,쌍문,23277,20616
2022-04-30,4호선,수유,28576,28267
2022-04-30,4호선,미아,11360,10867
2022-04-30,4호선,미아사거리,23965,23408
2022-04-30,4호선,길음,16480,15672
2022-04-30,4호선,성신여대입구,18702,18146
2022-04-30,4호선,한성대입구,12601,12472
2022-04-30,4호선,혜화,33267,34817
2022-04-30,4호선,동대문,19124,18416
2022-04-30,4호선,동대문역사문화공원,14483,12169
2022-04-30,4호선,충무로,16350,17847
2022-04-30,4호선,명동,17558,19658
2022-04-30,4호선,회현,21142,22823
2022-04-30,4호선,서울역,6969,16286
2022-04-30,4호선,숙대입구,10951,10393
2022-04-30,4호선,삼각지,4231,5724
2022-04-30,4호선,신용산,11849,12871
2022-04-30,4호선,이촌,8649,9622
2022-04-30,4호선,동작,1669,1764
2022-04-30,4호선,총신대입구,15670,16678
2022-04-30,4호선,사당,24972,21031
2022-04-30,4호선,남태령,1195,678
2022-05-01,4호선,당고개,6778,6498
2022-05-01,4호선,상계,13599,13167
2022-05-01,4호선,노원,13184,14315
2022-05-01,4호선,창동,16357,17204
2022-05-01,4호선,쌍문,17301,15690
2022-05-01,4호선,수유,21663,21251
2022-05-01,4호선,미아,8631,8354
2022-05-01,4호선,미아사거리,17990,17381
2022-05-01,4호선,길음,11648,11932
2022-05-01,4호선,성신여대입구,14037,13643
2022-05-01,4호선,한성대입구,8890,8988
2022-05-01,4호선,혜화,25500,25925
2022-05-01,4호선,동대문,8493,8856
2022-05-01,4호선,동대문역사문화공원,10264,9268
2022-05-01,4호선,충무로,10308,10313
2022-05-01,4호선,명동,14068,13984
2022-05-01,4호선,회현,10438,10632
2022-05-01,4호선,서울역,5352,12778
2022-05-01,4호선,숙대입구,8517,8285
2022-05-01,4호선,삼각지,3213,4060
2022-05-01,4호선,신용산,9475,9450
2022-05-01,4호선,이촌,6502,7206
2022-05-01,4호선,동작,1382,1501
2022-05-01,4호선,총신대입구,11295,12224
2022-05-01,4호선,사당,17727,16043
2022-05-01,4호선,남태령,878,597
2022-05-02,4호선,남태령,1219,1075
2022-05-02,4호선,사당,26638,21942
2022-05-02,4호선,총신대입구,19713,21077
2022-05-02,4호선,동작,1620,1851
2022-05-02,4호선,이촌,8310,9188
2022-05-02,4호선,신용산,17117,17948
2022-05-02,4호선,삼각지,5142,5700
2022-05-02,4호선,숙대입구,14835,14324
2022-05-02,4호선,서울역,11835,17148
2022-05-02,4호선,회현,26868,28401
2022-05-02,4호선,명동,20840,21700
2022-05-02,4호선,충무로,29495,30765
2022-05-02,4호선,동대문역사문화공원,14778,13586
2022-05-02,4호선,동대문,20785,21390
2022-05-02,4호선,혜화,31587,31740
2022-05-02,4호선,한성대입구,15101,14682
2022-05-02,4호선,성신여대입구,21784,20961
2022-05-02,4호선,길음,22684,22756
2022-05-02,4호선,미아사거리,28484,27609
2022-05-02,4호선,미아,16057,15640
2022-05-02,4호선,수유,34860,35000
2022-05-02,4호선,쌍문,30522,28113
2022-05-02,4호선,창동,26330,27646
2022-05-02,4호선,노원,19321,21732
2022-05-02,4호선,상계,21196,19351
2022-05-02,4호선,당고개,9522,8360
2022-05-03,4호선,당고개,9801,8840
2022-05-03,4호선,상계,21628,19741
2022-05-03,4호선,노원,20754,23168
2022-05-03,4호선,창동,27426,29136
2022-05-03,4호선,쌍문,31163,28424
2022-05-03,4호선,수유,35920,35676
2022-05-03,4호선,미아,16280,15766
2022-05-03,4호선,미아사거리,29099,27893
2022-05-03,4호선,길음,23348,22888
2022-05-03,4호선,성신여대입구,22377,21437
2022-05-03,4호선,한성대입구,16203,15685
2022-05-03,4호선,혜화,34999,35367
2022-05-03,4호선,동대문,21132,22097
2022-05-03,4호선,동대문역사문화공원,15034,14181
2022-05-03,4호선,충무로,30237,31323
2022-05-03,4호선,명동,21095,22011
2022-05-03,4호선,회현,27857,29853
2022-05-03,4호선,서울역,11900,17304
2022-05-03,4호선,숙대입구,15371,14991
2022-05-03,4호선,삼각지,5396,6075
2022-05-03,4호선,신용산,17572,18713
2022-05-03,4호선,이촌,9266,10214
2022-05-03,4호선,동작,1783,1984
2022-05-03,4호선,총신대입구,20487,22012
2022-05-03,4호선,사당,27975,23626
2022-05-03,4호선,남태령,1340,1150
2022-05-04,4호선,당고개,10130,8727
2022-05-04,4호선,상계,22142,19932
2022-05-04,4호선,노원,21865,24884
2022-05-04,4호선,창동,28558,29732
2022-05-04,4호선,쌍문,32489,28990
2022-05-04,4호선,수유,37902,38319
2022-05-04,4호선,미아,17074,15991
2022-05-04,4호선,미아사거리,30801,29722
2022-05-04,4호선,길음,24360,23518
2022-05-04,4호선,성신여대입구,24749,23580
2022-05-04,4호선,한성대입구,16950,16374
2022-05-04,4호선,혜화,39400,38423
2022-05-04,4호선,동대문,21595,22177
2022-05-04,4호선,동대문역사문화공원,16437,15528
2022-05-04,4호선,충무로,30936,32642
2022-05-04,4호선,명동,22285,23655
2022-05-04,4호선,회현,27774,29819
2022-05-04,4호선,서울역,12991,21562
2022-05-04,4호선,숙대입구,15994,15678
2022-05-04,4호선,삼각지,5748,6469
2022-05-04,4호선,신용산,19609,21505
2022-05-04,4호선,이촌,10211,11268
2022-05-04,4호선,동작,2054,2327
2022-05-04,4호선,총신대입구,21514,23102
2022-05-04,4호선,사당,30185,26472
2022-05-04,4호선,남태령,1508,1195
2022-05-05,4호선,남태령,1030,672
2022-05-05,4호선,사당,19545,16729
2022-05-05,4호선,총신대입구,12597,13706
2022-05-05,4호선,동작,1750,1951
2022-05-05,4호선,이촌,8965,10030
2022-05-05,4호선,신용산,11328,12361
2022-05-05,4호선,삼각지,3395,4600
2022-05-05,4호선,숙대입구,8395,7797
2022-05-05,4호선,서울역,5295,13504
2022-05-05,4호선,회현,20049,21437
2022-05-05,4호선,명동,15520,18277
2022-05-05,4호선,충무로,12674,14481
2022-05-05,4호선,동대문역사문화공원,13939,12675
2022-05-05,4호선,동대문,18917,19500
2022-05-05,4호선,혜화,30383,31896
2022-05-05,4호선,한성대입구,10398,10213
2022-05-05,4호선,성신여대입구,16644,15643
2022-05-05,4호선,길음,13751,12670
2022-05-05,4호선,미아사거리,20444,19230
2022-05-05,4호선,미아,9967,9194
2022-05-05,4호선,수유,25036,24195
2022-05-05,4호선,쌍문,19809,17718
2022-05-05,4호선,창동,18186,18936
2022-05-05,4호선,노원,15639,17176
2022-05-05,4호선,상계,13943,12895
2022-05-05,4호선,당고개,6954,6553
2022-05-06,4호선,당고개,9494,8357
2022-05-06,4호선,상계,19274,17577
2022-05-06,4호선,노원,20927,24387
2022-05-06,4호선,창동,26773,28274
2022-05-06,4호선,쌍문,30169,26897
2022-05-06,4호선,수유,35452,35656
2022-05-06,4호선,미아,15212,14462
2022-05-06,4호선,미아사거리,28430,27281
2022-05-06,4호선,길음,21635,20342
2022-05-06,4호선,성신여대입구,22434,21187
2022-05-06,4호선,한성대입구,14975,14444
2022-05-06,4호선,혜화,37616,37524
2022-05-06,4호선,동대문,23274,22997
2022-05-06,4호선,동대문역사문화공원,16672,14312
2022-05-06,4호선,충무로,27099,29136
2022-05-06,4호선,명동,23050,24389
2022-05-06,4호선,회현,27159,28307
2022-05-06,4호선,서울역,10566,20249
2022-05-06,4호선,숙대입구,13546,13157
2022-05-06,4호선,삼각지,5108,6004
2022-05-06,4호선,신용산,16150,17906
2022-05-06,4호선,이촌,10490,11447
2022-05-06,4호선,동작,1751,1884
2022-05-06,4호선,총신대입구,19022,20744
2022-05-06,4호선,사당,27143,22819
2022-05-06,4호선,남태령,1457,1052
2022-05-07,4호선,당고개,7586,7077
2022-05-07,4호선,상계,15151,13948
2022-05-07,4호선,노원,16472,18853
2022-05-07,4호선,창동,20263,21510
2022-05-07,4호선,쌍문,22151,19860
2022-05-07,4호선,수유,27160,26903
2022-05-07,4호선,미아,11153,10337
2022-05-07,4호선,미아사거리,22771,21707
2022-05-07,4호선,길음,14903,13859
2022-05-07,4호선,성신여대입구,17030,15850
2022-05-07,4호선,한성대입구,11487,11128
2022-05-07,4호선,혜화,29111,29893
2022-05-07,4호선,동대문,13781,13881
2022-05-07,4호선,동대문역사문화공원,11901,10301
2022-05-07,4호선,충무로,13022,14025
2022-05-07,4호선,명동,15399,17104
2022-05-07,4호선,회현,19144,19896
2022-05-07,4호선,서울역,5887,15318
2022-05-07,4호선,숙대입구,9709,9560
2022-05-07,4호선,삼각지,3536,4706
2022-05-07,4호선,신용산,11887,12935
2022-05-07,4호선,이촌,9366,10257
2022-05-07,4호선,동작,1633,1832
2022-05-07,4호선,총신대입구,14216,15701
2022-05-07,4호선,사당,21579,18722
2022-05-07,4호선,남태령,1391,839
2022-05-08,4호선,남태령,994,686
2022-05-08,4호선,사당,15379,14210
2022-05-08,4호선,총신대입구,10205,11074
2022-05-08,4호선,동작,1071,1153
2022-05-08,4호선,이촌,5579,6235
2022-05-08,4호선,신용산,9140,8844
2022-05-08,4호선,삼각지,2684,3491
2022-05-08,4호선,숙대입구,7522,7355
2022-05-08,4호선,서울역,4455,11432
2022-05-08,4호선,회현,8740,8707
2022-05-08,4호선,명동,11116,10928
2022-05-08,4호선,충무로,7925,8903
2022-05-08,4호선,동대문역사문화공원,8820,7820
2022-05-08,4호선,동대문,6652,7457
2022-05-08,4호선,혜화,21430,22375
2022-05-08,4호선,한성대입구,10092,10497
2022-05-08,4호선,성신여대입구,13212,13233
2022-05-08,4호선,길음,11182,11463
2022-05-08,4호선,미아사거리,16874,16160
2022-05-08,4호선,미아,8513,7997
2022-05-08,4호선,수유,21524,21266
2022-05-08,4호선,쌍문,16806,15408
2022-05-08,4호선,창동,15548,15964
2022-05-08,4호선,노원,12784,13525
2022-05-08,4호선,상계,11521,10870
2022-05-08,4호선,당고개,7868,7764
2022-05-09,4호선,당고개,9559,8371
2022-05-09,4호선,상계,21022,18997
2022-05-09,4호선,노원,19873,22450
2022-05-09,4호선,창동,26387,27653
2022-05-09,4호선,쌍문,30794,28401
2022-05-09,4호선,수유,35242,35450
2022-05-09,4호선,미아,16284,15802
2022-05-09,4호선,미아사거리,28606,27877
2022-05-09,4호선,길음,22777,22923
2022-05-09,4호선,성신여대입구,21376,20797
2022-05-09,4호선,한성대입구,14996,14349
2022-05-09,4호선,혜화,32004,32617
2022-05-09,4호선,동대문,20836,21750
2022-05-09,4호선,동대문역사문화공원,14535,13693
2022-05-09,4호선,충무로,29356,30872
2022-05-09,4호선,명동,21216,21863
2022-05-09,4호선,회현,23671,25374
2022-05-09,4호선,서울역,11927,17205
2022-05-09,4호선,숙대입구,14568,14346
2022-05-09,4호선,삼각지,5080,5634
2022-05-09,4호선,신용산,17930,18796
2022-05-09,4호선,이촌,8439,9378
2022-05-09,4호선,동작,1666,1864
2022-05-09,4호선,총신대입구,19701,21302
2022-05-09,4호선,사당,26695,22575
2022-05-09,4호선,남태령,1332,1141
2022-05-10,4호선,남태령,1354,1214
2022-05-10,4호선,사당,28265,23747
2022-05-10,4호선,총신대입구,20315,22178
2022-05-10,4호선,동작,1785,1988
2022-05-10,4호선,이촌,9438,10593
2022-05-10,4호선,신용산,18302,19631
2022-05-10,4호선,삼각지,5856,6442
2022-05-10,4호선,숙대입구,15798,15217
2022-05-10,4호선,서울역,12657,18416
2022-05-10,4호선,회현,27439,28817
2022-05-10,4호선,명동,21648,22506
2022-05-10,4호선,충무로,30164,31662
2022-05-10,4호선,동대문역사문화공원,15258,13928
2022-05-10,4호선,동대문,20918,21778
2022-05-10,4호선,혜화,35737,36083
2022-05-10,4호선,한성대입구,16385,15904
2022-05-10,4호선,성신여대입구,22261,21452
2022-05-10,4호선,길음,24122,23757
2022-05-10,4호선,미아사거리,29134,28005
2022-05-10,4호선,미아,16377,15826
2022-05-10,4호선,수유,35983,35777
2022-05-10,4호선,쌍문,31282,28873
2022-05-10,4호선,창동,27095,28618
2022-05-10,4호선,노원,20105,22689
2022-05-10,4호선,상계,20997,19352
2022-05-10,4호선,당고개,9674,8586
2022-05-11,4호선,남태령,1402,1195
2022-05-11,4호선,사당,28543,24164
2022-05-11,4호선,총신대입구,20970,22546
2022-05-11,4호선,동작,1798,2000
2022-05-11,4호선,이촌,9562,10591
2022-05-11,4호선,신용산,18185,19338
2022-05-11,4호선,삼각지,5694,6362
2022-05-11,4호선,숙대입구,15698,15136
2022-05-11,4호선,서울역,12539,18231
2022-05-11,4호선,회현,27451,29228
2022-05-11,4호선,명동,22261,22849
2022-05-11,4호선,충무로,30534,31967
2022-05-11,4호선,동대문역사문화공원,15550,14370
2022-05-11,4호선,동대문,21245,21914
2022-05-11,4호선,혜화,39316,40142
2022-05-11,4호선,한성대입구,16512,15925
2022-05-11,4호선,성신여대입구,22679,21519
2022-05-11,4호선,길음,24247,24249
2022-05-11,4호선,미아사거리,29594,28457
2022-05-11,4호선,미아,16490,15925
2022-05-11,4호선,수유,36378,36489
2022-05-11,4호선,쌍문,31551,28697
2022-05-11,4호선,창동,27544,29142
2022-05-11,4호선,노원,20273,23023
2022-05-11,4호선,상계,21215,19395
2022-05-11,4호선,당고개,9694,8585
2022-05-12,4호선,당고개,9686,8633
2022-05-12,4호선,상계,21165,19460
2022-05-12,4호선,노원,20279,22989
2022-05-12,4호선,창동,27402,29100
2022-05-12,4호선,쌍문,31348,28733
2022-05-12,4호선,수유,36249,36241
2022-05-12,4호선,미아,16337,15815
2022-05-12,4호선,미아사거리,29241,28435
2022-05-12,4호선,길음,24340,23990
2022-05-12,4호선,성신여대입구,23165,21746
2022-05-12,4호선,한성대입구,16096,15709
2022-05-12,4호선,남태령,1464,1218
2022-05-12,4호선,사당,29445,24442
2022-05-12,4호선,총신대입구,20713,22458
2022-05-12,4호선,동작,1849,2088
2022-05-12,4호선,이촌,9616,10437
2022-05-12,4호선,신용산,18553,19709
2022-05-12,4호선,삼각지,5635,6277
2022-05-12,4호선,숙대입구,15860,15245
2022-05-12,4호선,서울역,12783,19266
2022-05-12,4호선,회현,27675,29526
2022-05-12,4호선,명동,21931,22864
2022-05-12,4호선,충무로,31365,32526
2022-05-12,4호선,동대문역사문화공원,15376,14217
2022-05-12,4호선,동대문,21656,22131
2022-05-12,4호선,혜화,40359,41807
2022-05-13,4호선,남태령,1456,1140
2022-05-13,4호선,사당,31678,27837
2022-05-13,4호선,총신대입구,22176,24096
2022-05-13,4호선,동작,2136,2285
2022-05-13,4호선,이촌,10067,10973
2022-05-13,4호선,신용산,19227,20792
2022-05-13,4호선,삼각지,6104,7163
2022-05-13,4호선,숙대입구,15907,15706
2022-05-13,4호선,서울역,12854,22527
2022-05-13,4호선,회현,28100,29809
2022-05-13,4호선,명동,22736,24487
2022-05-13,4호선,충무로,29987,32094
2022-05-13,4호선,동대문역사문화공원,16424,14681
2022-05-13,4호선,동대문,21771,21779
2022-05-13,4호선,혜화,47438,50126
2022-05-13,4호선,한성대입구,16752,16329
2022-05-13,4호선,성신여대입구,23689,22653
2022-05-13,4호선,길음,24406,23343
2022-05-13,4호선,미아사거리,30503,29499
2022-05-13,4호선,미아,16936,16035
2022-05-13,4호선,수유,37936,38133
2022-05-13,4호선,쌍문,32817,29696
2022-05-13,4호선,창동,29064,30916
2022-05-13,4호선,노원,22065,25389
2022-05-13,4호선,상계,21629,19574
2022-05-13,4호선,당고개,10139,9045
2022-05-14,4호선,당고개,8503,7861
2022-05-14,4호선,상계,16258,14925
2022-05-14,4호선,노원,18310,20352
2022-05-14,4호선,창동,22233,23081
2022-05-14,4호선,쌍문,24397,21388
2022-05-14,4호선,수유,29994,29200
2022-05-14,4호선,미아,12051,10995
2022-05-14,4호선,미아사거리,24703,23405
2022-05-14,4호선,길음,17368,16184
2022-05-14,4호선,성신여대입구,18969,17780
2022-05-14,4호선,한성대입구,12558,12295
2022-05-14,4호선,혜화,34900,35762
2022-05-14,4호선,동대문,15920,16108
2022-05-14,4호선,동대문역사문화공원,13575,11640
2022-05-14,4호선,충무로,15775,17501
2022-05-14,4호선,명동,18227,20860
2022-05-14,4호선,회현,21490,23036
2022-05-14,4호선,서울역,6979,17651
2022-05-14,4호선,숙대입구,11546,11074
2022-05-14,4호선,삼각지,4558,6166
2022-05-14,4호선,신용산,13598,14676
2022-05-14,4호선,이촌,10188,11283
2022-05-14,4호선,동작,2028,2388
2022-05-14,4호선,총신대입구,16508,17562
2022-05-14,4호선,사당,26381,23328
2022-05-14,4호선,남태령,1386,825
2022-05-15,4호선,남태령,1039,711
2022-05-15,4호선,사당,19232,17552
2022-05-15,4호선,총신대입구,11724,12686
2022-05-15,4호선,동작,1738,1888
2022-05-15,4호선,이촌,7405,8237
2022-05-15,4호선,신용산,10533,10715
2022-05-15,4호선,삼각지,3583,4808
2022-05-15,4호선,숙대입구,9017,8928
2022-05-15,4호선,서울역,5227,14358
2022-05-15,4호선,회현,10194,10367
2022-05-15,4호선,명동,14425,14722
2022-05-15,4호선,충무로,10348,11284
2022-05-15,4호선,동대문역사문화공원,10856,9480
2022-05-15,4호선,동대문,8690,9185
2022-05-15,4호선,혜화,26725,28057
2022-05-15,4호선,한성대입구,8818,9070
2022-05-15,4호선,성신여대입구,14483,13885
2022-05-15,4호선,길음,12015,11955
2022-05-15,4호선,미아사거리,18663,17611
2022-05-15,4호선,미아,9046,8511
2022-05-15,4호선,수유,22725,22096
2022-05-15,4호선,쌍문,18048,16228
2022-05-15,4호선,창동,17209,17942
2022-05-15,4호선,노원,13479,14504
2022-05-15,4호선,상계,12098,11234
2022-05-15,4호선,당고개,6501,6416
2022-05-16,4호선,당고개,9734,8489
2022-05-16,4호선,상계,20614,18962
2022-05-16,4호선,노원,19678,22208
2022-05-16,4호선,창동,26627,28040
2022-05-16,4호선,쌍문,30904,28368
2022-05-16,4호선,수유,35434,35394
2022-05-16,4호선,미아,16480,15970
2022-05-16,4호선,미아사거리,28836,27795
2022-05-16,4호선,길음,23538,23461
2022-05-16,4호선,성신여대입구,21999,20868
2022-05-16,4호선,한성대입구,15036,14619
2022-05-16,4호선,혜화,33750,33665
2022-05-16,4호선,동대문,21454,21952
2022-05-16,4호선,동대문역사문화공원,15462,14079
2022-05-16,4호선,충무로,30169,31675
2022-05-16,4호선,명동,22039,22383
2022-05-16,4호선,회현,27360,28722
2022-05-16,4호선,서울역,12254,18202
2022-05-16,4호선,숙대입구,15098,14599
2022-05-16,4호선,삼각지,5401,6227
2022-05-16,4호선,신용산,17943,18898
2022-05-16,4호선,이촌,8623,9722
2022-05-16,4호선,동작,1896,2154
2022-05-16,4호선,총신대입구,20470,22205
2022-05-16,4호선,사당,27265,23146
2022-05-16,4호선,남태령,1347,1251
2022-05-17,4호선,당고개,9788,8661
2022-05-17,4호선,상계,20914,19121
2022-05-17,4호선,노원,20101,22759
2022-05-17,4호선,창동,27425,28960
2022-05-17,4호선,쌍문,31428,28746
2022-05-17,4호선,수유,35861,35827
2022-05-17,4호선,미아,16610,15856
2022-05-17,4호선,미아사거리,29048,28170
2022-05-17,4호선,길음,24087,24009
2022-05-17,4호선,성신여대입구,22276,21055
2022-05-17,4호선,한성대입구,16000,15444
2022-05-17,4호선,혜화,35717,35847
2022-05-17,4호선,동대문,21410,21984
2022-05-17,4호선,동대문역사문화공원,15453,13966
2022-05-17,4호선,충무로,30321,31873
2022-05-17,4호선,명동,21895,22694
2022-05-17,4호선,회현,27847,29638
2022-05-17,4호선,서울역,12671,18282
2022-05-17,4호선,숙대입구,15503,15234
2022-05-17,4호선,삼각지,5631,6294
2022-05-17,4호선,신용산,18118,19460
2022-05-17,4호선,이촌,9256,10176
2022-05-17,4호선,동작,1931,2147
2022-05-17,4호선,총신대입구,20582,22028
2022-05-17,4호선,사당,28085,24152
2022-05-17,4호선,남태령,1395,1228
2022-05-18,4호선,남태령,1413,1212
2022-05-18,4호선,사당,28030,23899
2022-05-18,4호선,총신대입구,20570,22443
2022-05-18,4호선,동작,2334,2358
2022-05-18,4호선,이촌,9398,10347
2022-05-18,4호선,신용산,17994,19173
2022-05-18,4호선,삼각지,5767,6465
2022-05-18,4호선,숙대입구,15638,15122
2022-05-18,4호선,서울역,12727,18384
2022-05-18,4호선,회현,26550,28025
2022-05-18,4호선,명동,21914,22674
2022-05-18,4호선,충무로,29945,30994
2022-05-18,4호선,동대문역사문화공원,15204,14072
2022-05-18,4호선,동대문,20585,21256
2022-05-18,4호선,혜화,36353,36891
2022-05-18,4호선,한성대입구,15878,15459
2022-05-18,4호선,성신여대입구,22581,21435
2022-05-18,4호선,길음,24050,23563
2022-05-18,4호선,미아사거리,29088,28039
2022-05-18,4호선,미아,16158,15570
2022-05-18,4호선,수유,35763,35984
2022-05-18,4호선,쌍문,31197,28488
2022-05-18,4호선,창동,27283,28787
2022-05-18,4호선,노원,19998,22749
2022-05-18,4호선,상계,20915,19225
2022-05-18,4호선,당고개,9594,8600
2022-05-19,4호선,당고개,9825,8599
2022-05-19,4호선,상계,21121,19366
2022-05-19,4호선,노원,20302,23097
2022-05-19,4호선,창동,28146,29709
2022-05-19,4호선,쌍문,31428,28923
2022-05-19,4호선,수유,36591,36361
2022-05-19,4호선,미아,17318,16788
2022-05-19,4호선,미아사거리,29397,28464
2022-05-19,4호선,길음,24681,24340
2022-05-19,4호선,성신여대입구,22804,21879
2022-05-19,4호선,한성대입구,15964,15346
2022-05-19,4호선,혜화,36750,37159
2022-05-19,4호선,동대문,21325,22026
2022-05-19,4호선,동대문역사문화공원,15774,14471
2022-05-19,4호선,충무로,31127,32229
2022-05-19,4호선,명동,21768,23027
2022-05-19,4호선,회현,27362,29332
2022-05-19,4호선,서울역,12855,19041
2022-05-19,4호선,숙대입구,15645,15035
2022-05-19,4호선,삼각지,5902,6684
2022-05-19,4호선,신용산,18658,19632
2022-05-19,4호선,이촌,9538,10348
2022-05-19,4호선,동작,1814,2075
2022-05-19,4호선,총신대입구,20857,22563
2022-05-19,4호선,사당,28442,24894
2022-05-19,4호선,남태령,1449,1223
2022-05-20,4호선,당고개,10100,8775
2022-05-20,4호선,상계,21359,19525
2022-05-20,4호선,노원,21404,24823
2022-05-20,4호선,창동,28533,30261
2022-05-20,4호선,쌍문,32203,28904
2022-05-20,4호선,수유,38347,38006
2022-05-20,4호선,미아,17392,16350
2022-05-20,4호선,미아사거리,30372,29470
2022-05-20,4호선,길음,24573,23428
2022-05-20,4호선,성신여대입구,24143,23133
2022-05-20,4호선,한성대입구,16437,15643
2022-05-20,4호선,혜화,39007,38732
2022-05-20,4호선,동대문,21958,21983
2022-05-20,4호선,동대문역사문화공원,16457,14568
2022-05-20,4호선,충무로,30108,32408
2022-05-20,4호선,명동,23195,24162
2022-05-20,4호선,회현,27883,29238
2022-05-20,4호선,서울역,12847,22516
2022-05-20,4호선,숙대입구,15586,15342
2022-05-20,4호선,삼각지,6244,7356
2022-05-20,4호선,신용산,19040,20591
2022-05-20,4호선,이촌,9710,10774
2022-05-20,4호선,동작,2027,2166
2022-05-20,4호선,총신대입구,21584,23664
2022-05-20,4호선,사당,30589,26588
2022-05-20,4호선,남태령,1482,1194
2022-05-21,4호선,당고개,8141,7524
2022-05-21,4호선,상계,16397,14752
2022-05-21,4호선,노원,17821,20075
2022-05-21,4호선,창동,22450,23381
2022-05-21,4호선,쌍문,24104,20929
2022-05-21,4호선,수유,29717,29209
2022-05-21,4호선,미아,11929,11021
2022-05-21,4호선,미아사거리,24733,23472
2022-05-21,4호선,길음,17578,16202
2022-05-21,4호선,성신여대입구,18934,17816
2022-05-21,4호선,한성대입구,12133,11877
2022-05-21,4호선,혜화,33447,35242
2022-05-21,4호선,동대문,15850,16353
2022-05-21,4호선,동대문역사문화공원,13122,11490
2022-05-21,4호선,충무로,15758,17648
2022-05-21,4호선,명동,18086,20886
2022-05-21,4호선,회현,21204,22066
2022-05-21,4호선,서울역,6922,17057
2022-05-21,4호선,숙대입구,11157,10863
2022-05-21,4호선,삼각지,4812,6551
2022-05-21,4호선,신용산,13733,14640
2022-05-21,4호선,이촌,8318,9300
2022-05-21,4호선,동작,2479,2670
2022-05-21,4호선,총신대입구,16798,17962
2022-05-21,4호선,사당,26063,23123
2022-05-21,4호선,남태령,1456,775
2022-05-22,4호선,당고개,6232,5996
2022-05-22,4호선,상계,11692,10919
2022-05-22,4호선,노원,13269,14303
2022-05-22,4호선,창동,16450,17276
2022-05-22,4호선,쌍문,17547,15814
2022-05-22,4호선,수유,22102,21551
2022-05-22,4호선,미아,8889,8276
2022-05-22,4호선,미아사거리,17555,16383
2022-05-22,4호선,길음,12316,11768
2022-05-22,4호선,성신여대입구,13977,13470
2022-05-22,4호선,한성대입구,8773,8764
2022-05-22,4호선,혜화,25459,26898
2022-05-22,4호선,동대문,8391,8776
2022-05-22,4호선,동대문역사문화공원,10413,9502
2022-05-22,4호선,충무로,10069,11017
2022-05-22,4호선,명동,14316,14463
2022-05-22,4호선,회현,10159,10103
2022-05-22,4호선,서울역,5235,14126
2022-05-22,4호선,숙대입구,8680,8439
2022-05-22,4호선,삼각지,3648,4874
2022-05-22,4호선,신용산,9744,10196
2022-05-22,4호선,이촌,7235,8093
2022-05-22,4호선,동작,1573,1770
2022-05-22,4호선,총신대입구,11688,12617
2022-05-22,4호선,사당,18169,16821
2022-05-22,4호선,남태령,959,660
2022-05-23,4호선,남태령,1294,1114
2022-05-23,4호선,사당,26537,22516
2022-05-23,4호선,총신대입구,19862,21515
2022-05-23,4호선,동작,1820,1974
2022-05-23,4호선,이촌,8675,9646
2022-05-23,4호선,신용산,17297,18464
2022-05-23,4호선,삼각지,5378,5913
2022-05-23,4호선,숙대입구,14693,14385
2022-05-23,4호선,서울역,12144,18085
2022-05-23,4호선,회현,26916,28128
2022-05-23,4호선,명동,21501,22036
2022-05-23,4호선,충무로,29096,30364
2022-05-23,4호선,동대문역사문화공원,14964,13639
2022-05-23,4호선,동대문,20888,21426
2022-05-23,4호선,혜화,31380,31939
2022-05-23,4호선,한성대입구,14887,14405
2022-05-23,4호선,성신여대입구,21215,20420
2022-05-23,4호선,길음,22964,23035
2022-05-23,4호선,미아사거리,27619,26574
2022-05-23,4호선,미아,16134,15598
2022-05-23,4호선,수유,34912,34909
2022-05-23,4호선,쌍문,30581,28059
2022-05-23,4호선,창동,27041,28153
2022-05-23,4호선,노원,19332,21648
2022-05-23,4호선,상계,20589,18824
2022-05-23,4호선,당고개,9440,8364
2022-05-24,4호선,남태령,1466,1604
2022-05-24,4호선,사당,27850,23695
2022-05-24,4호선,총신대입구,20600,22192
2022-05-24,4호선,동작,1861,2113
2022-05-24,4호선,이촌,8999,9932
2022-05-24,4호선,신용산,17854,19021
2022-05-24,4호선,삼각지,5764,6440
2022-05-24,4호선,숙대입구,15439,14925
2022-05-24,4호선,서울역,12490,18228
2022-05-24,4호선,회현,27576,29336
2022-05-24,4호선,명동,22045,22835
2022-05-24,4호선,충무로,30427,31659
2022-05-24,4호선,동대문역사문화공원,15185,13845
2022-05-24,4호선,동대문,21134,21505
2022-05-24,4호선,혜화,34649,34973
2022-05-24,4호선,한성대입구,16109,15570
2022-05-24,4호선,성신여대입구,22264,21208
2022-05-24,4호선,길음,24288,23960
2022-05-24,4호선,미아사거리,29153,28093
2022-05-24,4호선,미아,16368,15839
2022-05-24,4호선,수유,35988,35628
2022-05-24,4호선,쌍문,30881,28392
2022-05-24,4호선,창동,27461,28881
2022-05-24,4호선,노원,19977,22448
2022-05-24,4호선,상계,20902,19024
2022-05-24,4호선,당고개,9667,8593
2022-05-25,4호선,남태령,1407,1231
2022-05-25,4호선,사당,28437,23767
2022-05-25,4호선,총신대입구,21028,22679
2022-05-25,4호선,동작,1678,1843
2022-05-25,4호선,이촌,10004,10766
2022-05-25,4호선,신용산,18633,19359
2022-05-25,4호선,삼각지,5986,6768
2022-05-25,4호선,숙대입구,16075,15456
2022-05-25,4호선,서울역,12808,18745
2022-05-25,4호선,회현,27403,28876
2022-05-25,4호선,명동,22700,23341
2022-05-25,4호선,충무로,30745,31461
2022-05-25,4호선,동대문역사문화공원,15663,14250
2022-05-25,4호선,동대문,21286,21792
2022-05-25,4호선,혜화,37229,37338
2022-05-25,4호선,한성대입구,16481,16246
2022-05-25,4호선,성신여대입구,23088,21722
2022-05-25,4호선,길음,24363,24688
2022-05-25,4호선,미아사거리,29551,28662
2022-05-25,4호선,미아,16594,16058
2022-05-25,4호선,수유,36525,36297
2022-05-25,4호선,쌍문,31657,29112
2022-05-25,4호선,창동,27915,29291
2022-05-25,4호선,노원,20099,22794
2022-05-25,4호선,상계,20877,19435
2022-05-25,4호선,당고개,9776,8686
2022-05-26,4호선,당고개,10029,8855
2022-05-26,4호선,상계,21498,19652
2022-05-26,4호선,노원,20457,23237
2022-05-26,4호선,창동,27996,29524
2022-05-26,4호선,쌍문,31662,29025
2022-05-26,4호선,수유,36445,36038
2022-05-26,4호선,미아,16425,15711
2022-05-26,4호선,미아사거리,29471,28268
2022-05-26,4호선,길음,24502,24088
2022-05-26,4호선,성신여대입구,22634,21423
2022-05-26,4호선,한성대입구,16221,15686
2022-05-26,4호선,혜화,36713,37291
2022-05-26,4호선,동대문,21496,22210
2022-05-26,4호선,동대문역사문화공원,15446,14305
2022-05-26,4호선,충무로,31404,32584
2022-05-26,4호선,명동,22243,23283
2022-05-26,4호선,회현,27707,29518
2022-05-26,4호선,서울역,12811,19295
2022-05-26,4호선,숙대입구,15559,15160
2022-05-26,4호선,삼각지,6034,7021
2022-05-26,4호선,신용산,18493,19576
2022-05-26,4호선,이촌,9434,10496
2022-05-26,4호선,동작,1853,2073
2022-05-26,4호선,총신대입구,20895,22752
2022-05-26,4호선,사당,28597,24311
2022-05-26,4호선,남태령,1509,1272
2022-05-27,4호선,남태령,1615,1272
2022-05-27,4호선,사당,30705,27025
2022-05-27,4호선,총신대입구,21659,23487
2022-05-27,4호선,동작,2063,2327
2022-05-27,4호선,이촌,10310,11266
2022-05-27,4호선,신용산,19488,20423
2022-05-27,4호선,삼각지,6538,7769
2022-05-27,4호선,숙대입구,15571,15354
2022-05-27,4호선,서울역,13111,22601
2022-05-27,4호선,회현,27835,29766
2022-05-27,4호선,명동,23361,24654
2022-05-27,4호선,충무로,29856,31948
2022-05-27,4호선,동대문역사문화공원,16212,14205
2022-05-27,4호선,동대문,21749,21783
2022-05-27,4호선,혜화,37455,37973
2022-05-27,4호선,한성대입구,16416,15744
2022-05-27,4호선,성신여대입구,23677,22415
2022-05-27,4호선,길음,24765,23403
2022-05-27,4호선,미아사거리,30545,29537
2022-05-27,4호선,미아,16589,15656
2022-05-27,4호선,수유,37898,37541
2022-05-27,4호선,쌍문,32326,28922
2022-05-27,4호선,창동,29016,30376
2022-05-27,4호선,노원,21227,24527
2022-05-27,4호선,상계,21425,19569
2022-05-27,4호선,당고개,9937,8750
2022-05-28,4호선,당고개,8227,7369
2022-05-28,4호선,상계,15815,14395
2022-05-28,4호선,노원,17949,20289
2022-05-28,4호선,창동,22297,23138
2022-05-28,4호선,쌍문,23842,20824
2022-05-28,4호선,수유,29926,29255
2022-05-28,4호선,미아,12245,10997
2022-05-28,4호선,미아사거리,24213,22825
2022-05-28,4호선,길음,17252,16106
2022-05-28,4호선,성신여대입구,19163,17786
2022-05-28,4호선,한성대입구,12457,12246
2022-05-28,4호선,혜화,32954,35059
2022-05-28,4호선,동대문,15540,15927
2022-05-28,4호선,동대문역사문화공원,13171,11595
2022-05-28,4호선,충무로,15428,16829
2022-05-28,4호선,명동,17872,20599
2022-05-28,4호선,회현,22387,23312
2022-05-28,4호선,서울역,7146,18150
2022-05-28,4호선,숙대입구,11348,10509
2022-05-28,4호선,삼각지,4855,6404
2022-05-28,4호선,신용산,13364,14536
2022-05-28,4호선,이촌,10337,11747
2022-05-28,4호선,동작,1869,2052
2022-05-28,4호선,총신대입구,16160,17348
2022-05-28,4호선,사당,25576,22838
2022-05-28,4호선,남태령,1421,803
2022-05-29,4호선,남태령,944,690
2022-05-29,4호선,사당,17475,15854
2022-05-29,4호선,총신대입구,11261,12205
2022-05-29,4호선,동작,1448,1571
2022-05-29,4호선,이촌,7693,8235
2022-05-29,4호선,신용산,9640,10145
2022-05-29,4호선,삼각지,3332,4520
2022-05-29,4호선,숙대입구,8290,8095
2022-05-29,4호선,서울역,4884,13431
2022-05-29,4호선,회현,10396,10186
2022-05-29,4호선,명동,13710,13833
2022-05-29,4호선,충무로,9729,10293
2022-05-29,4호선,동대문역사문화공원,9620,8584
2022-05-29,4호선,동대문,7891,8183
2022-05-29,4호선,혜화,23592,25439
2022-05-29,4호선,한성대입구,8690,8683
2022-05-29,4호선,성신여대입구,13766,13056
2022-05-29,4호선,길음,12203,11915
2022-05-29,4호선,미아사거리,17407,16530
2022-05-29,4호선,미아,8813,8294
2022-05-29,4호선,수유,21659,20895
2022-05-29,4호선,쌍문,17506,15832
2022-05-29,4호선,창동,16456,17179
2022-05-29,4호선,노원,12820,14006
2022-05-29,4호선,상계,11483,10614
2022-05-29,4호선,당고개,6134,5892
2022-05-30,4호선,남태령,1315,1196
2022-05-30,4호선,사당,26449,22342
2022-05-30,4호선,총신대입구,19506,21215
2022-05-30,4호선,동작,1590,1751
2022-05-30,4호선,이촌,8725,9695
2022-05-30,4호선,신용산,17226,18564
2022-05-30,4호선,삼각지,5406,5931
2022-05-30,4호선,숙대입구,14708,14422
2022-05-30,4호선,서울역,12235,18053
2022-05-30,4호선,회현,26252,28125
2022-05-30,4호선,명동,21417,22018
2022-05-30,4호선,충무로,29663,30743
2022-05-30,4호선,동대문역사문화공원,14763,13273
2022-05-30,4호선,동대문,20721,21031
2022-05-30,4호선,혜화,31424,31765
2022-05-30,4호선,한성대입구,14712,14432
2022-05-30,4호선,성신여대입구,21448,20583
2022-05-30,4호선,길음,23045,23170
2022-05-30,4호선,미아사거리,28082,27267
2022-05-30,4호선,미아,15927,15505
2022-05-30,4호선,수유,35147,34854
2022-05-30,4호선,쌍문,30548,27996
2022-05-30,4호선,창동,26547,27860
2022-05-30,4호선,노원,19166,21566
2022-05-30,4호선,상계,20332,18537
2022-05-30,4호선,당고개,9774,8539
2022-05-31,4호선,남태령,1489,1268
2022-05-31,4호선,사당,29204,25557
2022-05-31,4호선,총신대입구,20990,23122
2022-05-31,4호선,동작,1808,1995
2022-05-31,4호선,이촌,10447,11684
2022-05-31,4호선,신용산,18783,20189
2022-05-31,4호선,삼각지,6159,6977
2022-05-31,4호선,숙대입구,15862,15361
2022-05-31,4호선,서울역,12837,19617
2022-05-31,4호선,회현,28487,30445
2022-05-31,4호선,명동,22798,24093
2022-05-31,4호선,충무로,30677,32692
2022-05-31,4호선,동대문역사문화공원,15698,14733
2022-05-31,4호선,동대문,22377,23138
2022-05-31,4호선,혜화,36392,36456
2022-05-31,4호선,한성대입구,16444,15763
2022-05-31,4호선,성신여대입구,22994,21921
2022-05-31,4호선,길음,24637,23886
2022-05-31,4호선,미아사거리,29841,28561
2022-05-31,4호선,미아,16578,15806
2022-05-31,4호선,수유,37243,37120
2022-05-31,4호선,쌍문,31674,28630
2022-05-31,4호선,창동,28162,29652
2022-05-31,4호선,노원,20408,23669
2022-05-31,4호선,상계,21599,19504
2022-05-31,4호선,당고개,9954,8716
2022-06-01,4호선,남태령,851,668
2022-06-01,4호선,사당,17718,15944
2022-06-01,4호선,총신대입구,12830,13692
2022-06-01,4호선,동작,1698,1907
2022-06-01,4호선,이촌,8069,8642
2022-06-01,4호선,신용산,10086,10752
2022-06-01,4호선,삼각지,3532,4690
2022-06-01,4호선,숙대입구,8234,7749
2022-06-01,4호선,서울역,4832,10015
2022-06-01,4호선,회현,20199,21023
2022-06-01,4호선,명동,13618,14628
2022-06-01,4호선,충무로,12044,13208
2022-06-01,4호선,동대문역사문화공원,11827,10836
2022-06-01,4호선,동대문,18734,19393
2022-06-01,4호선,혜화,24938,26028
2022-06-01,4호선,한성대입구,10015,9644
2022-06-01,4호선,성신여대입구,16094,15165
2022-06-01,4호선,길음,13514,12946
2022-06-01,4호선,미아사거리,20091,18961
2022-06-01,4호선,미아,10169,9442
2022-06-01,4호선,수유,24262,23721
2022-06-01,4호선,쌍문,19439,17688
2022-06-01,4호선,창동,17479,18361
2022-06-01,4호선,노원,14851,16386
2022-06-01,4호선,상계,13217,12426
2022-06-01,4호선,당고개,6846,6347
2022-06-02,4호선,남태령,1367,1151
2022-06-02,4호선,사당,27523,23588
2022-06-02,4호선,총신대입구,20225,21732
2022-06-02,4호선,동작,1935,2142
2022-06-02,4호선,이촌,9166,10164
2022-06-02,4호선,신용산,17693,19095
2022-06-02,4호선,삼각지,5729,6445
2022-06-02,4호선,숙대입구,15262,14680
2022-06-02,4호선,서울역,12505,18754
2022-06-02,4호선,회현,27299,28803
2022-06-02,4호선,명동,22115,23070
2022-06-02,4호선,충무로,30177,31527
2022-06-02,4호선,동대문역사문화공원,15957,14600
2022-06-02,4호선,동대문,21500,22079
2022-06-02,4호선,혜화,34236,34502
2022-06-02,4호선,한성대입구,15518,14991
2022-06-02,4호선,성신여대입구,21839,20600
2022-06-02,4호선,길음,23701,23591
2022-06-02,4호선,미아사거리,28600,27533
2022-06-02,4호선,미아,16224,15596
2022-06-02,4호선,수유,35394,35091
2022-06-02,4호선,쌍문,30754,28051
2022-06-02,4호선,창동,26602,28035
2022-06-02,4호선,노원,19489,22187
2022-06-02,4호선,상계,20709,19171
2022-06-02,4호선,당고개,9503,8432
2022-06-03,4호선,남태령,1441,1169
2022-06-03,4호선,사당,29104,25437
2022-06-03,4호선,총신대입구,21170,22727
2022-06-03,4호선,동작,2107,2344
2022-06-03,4호선,이촌,9639,10492
2022-06-03,4호선,신용산,18334,19866
2022-06-03,4호선,삼각지,5857,7097
2022-06-03,4호선,숙대입구,14633,14268
2022-06-03,4호선,서울역,12514,22404
2022-06-03,4호선,회현,27194,28875
2022-06-03,4호선,명동,22806,24396
2022-06-03,4호선,충무로,29609,31369
2022-06-03,4호선,동대문역사문화공원,16361,14336
2022-06-03,4호선,동대문,21770,21827
2022-06-03,4호선,혜화,36607,36803
2022-06-03,4호선,한성대입구,16244,15432
2022-06-03,4호선,성신여대입구,22853,21374
2022-06-03,4호선,길음,23796,22977
2022-06-03,4호선,미아사거리,29690,28591
2022-06-03,4호선,미아,16517,15557
2022-06-03,4호선,수유,37058,36711
2022-06-03,4호선,쌍문,31389,28322
2022-06-03,4호선,창동,28517,29846
2022-06-03,4호선,노원,20873,24269
2022-06-03,4호선,상계,21220,19535
2022-06-03,4호선,당고개,9851,8686
2022-06-04,4호선,노원,16497,18396
2022-06-04,4호선,상계,14800,13528
2022-06-04,4호선,당고개,7532,6824
2022-06-04,4호선,남태령,1207,697
2022-06-04,4호선,사당,23276,20547
2022-06-04,4호선,총신대입구,15023,15893
2022-06-04,4호선,동작,2126,2182
2022-06-04,4호선,이촌,9991,10896
2022-06-04,4호선,신용산,11832,12891
2022-06-04,4호선,삼각지,4498,5976
2022-06-04,4호선,숙대입구,9975,9577
2022-06-04,4호선,서울역,6668,17313
2022-06-04,4호선,회현,20668,21954
2022-06-04,4호선,명동,17563,20461
2022-06-04,4호선,충무로,14020,16236
2022-06-04,4호선,동대문역사문화공원,12859,11410
2022-06-04,4호선,동대문,15045,15490
2022-06-04,4호선,혜화,30486,31947
2022-06-04,4호선,한성대입구,11671,11209
2022-06-04,4호선,성신여대입구,17182,15833
2022-06-04,4호선,길음,15561,14182
2022-06-04,4호선,미아사거리,22895,21575
2022-06-04,4호선,미아,11653,10464
2022-06-04,4호선,수유,27715,26759
2022-06-04,4호선,쌍문,22701,19524
2022-06-04,4호선,창동,20768,21699
2022-06-05,4호선,남태령,905,633
2022-06-05,4호선,사당,16779,15239
2022-06-05,4호선,총신대입구,10926,11698
2022-06-05,4호선,동작,2000,2076
2022-06-05,4호선,이촌,7680,8535
2022-06-05,4호선,신용산,9124,9666
2022-06-05,4호선,삼각지,3421,4721
2022-06-05,4호선,숙대입구,7975,7685
2022-06-05,4호선,서울역,4905,12511
2022-06-05,4호선,회현,10220,10282
2022-06-05,4호선,명동,15756,17213
2022-06-05,4호선,충무로,9324,10657
2022-06-05,4호선,동대문역사문화공원,10705,10166
2022-06-05,4호선,동대문,8748,9043
2022-06-05,4호선,혜화,26038,27209
2022-06-05,4호선,한성대입구,8613,8412
2022-06-05,4호선,성신여대입구,13004,12198
2022-06-05,4호선,길음,11364,10670
2022-06-05,4호선,미아사거리,16672,15837
2022-06-05,4호선,미아,8759,8074
2022-06-05,4호선,수유,21171,20388
2022-06-05,4호선,쌍문,17070,14896
2022-06-05,4호선,창동,16005,16616
2022-06-05,4호선,노원,12564,14117
2022-06-05,4호선,상계,11029,10136
2022-06-05,4호선,당고개,6135,5697
2022-06-06,4호선,남태령,628,541
2022-06-06,4호선,사당,14796,13970
2022-06-06,4호선,총신대입구,10818,11864
2022-06-06,4호선,동작,5630,4519
2022-06-06,4호선,이촌,6698,7370
2022-06-06,4호선,신용산,8796,9079
2022-06-06,4호선,삼각지,2876,3849
2022-06-06,4호선,숙대입구,6777,6431
2022-06-06,4호선,서울역,4610,11913
2022-06-06,4호선,회현,17950,18495
2022-06-06,4호선,명동,12241,11985
2022-06-06,4호선,충무로,10133,11206
2022-06-06,4호선,동대문역사문화공원,10495,8859
2022-06-06,4호선,동대문,15749,16336
2022-06-06,4호선,혜화,20994,21754
2022-06-06,4호선,한성대입구,7674,7818
2022-06-06,4호선,성신여대입구,13170,12861
2022-06-06,4호선,길음,10916,10836
2022-06-06,4호선,미아사거리,16639,16151
2022-06-06,4호선,미아,8457,8234
2022-06-06,4호선,수유,20605,20368
2022-06-06,4호선,쌍문,16250,15177
2022-06-06,4호선,창동,14746,15669
2022-06-06,4호선,노원,12040,13364
2022-06-06,4호선,상계,10852,9975
2022-06-06,4호선,당고개,5585,5196
2022-06-07,4호선,당고개,9742,8634
2022-06-07,4호선,상계,20753,19278
2022-06-07,4호선,노원,19655,22024
2022-06-07,4호선,창동,26771,28214
2022-06-07,4호선,쌍문,31073,28551
2022-06-07,4호선,수유,35529,35758
2022-06-07,4호선,미아,16306,15879
2022-06-07,4호선,미아사거리,29094,28055
2022-06-07,4호선,길음,23803,23838
2022-06-07,4호선,성신여대입구,21773,20578
2022-06-07,4호선,한성대입구,15218,14852
2022-06-07,4호선,혜화,31122,31604
2022-06-07,4호선,동대문,21352,21667
2022-06-07,4호선,동대문역사문화공원,15048,13726
2022-06-07,4호선,충무로,29913,31446
2022-06-07,4호선,명동,21802,22253
2022-06-07,4호선,회현,27333,29184
2022-06-07,4호선,서울역,12340,17810
2022-06-07,4호선,숙대입구,14981,14576
2022-06-07,4호선,삼각지,5587,6087
2022-06-07,4호선,신용산,18406,19515
2022-06-07,4호선,이촌,8993,9870
2022-06-07,4호선,동작,1778,2081
2022-06-07,4호선,총신대입구,20299,21867
2022-06-07,4호선,사당,27144,22927
2022-06-07,4호선,남태령,1427,1236
2022-06-08,4호선,당고개,9786,8557
2022-06-08,4호선,상계,20862,19201
2022-06-08,4호선,노원,19873,22491
2022-06-08,4호선,창동,27312,28518
2022-06-08,4호선,쌍문,31255,28510
2022-06-08,4호선,수유,35988,35924
2022-06-08,4호선,미아,16461,15819
2022-06-08,4호선,미아사거리,28937,28004
2022-06-08,4호선,길음,23927,23701
2022-06-08,4호선,성신여대입구,21842,20896
2022-06-08,4호선,한성대입구,15884,15507
2022-06-08,4호선,혜화,34078,34203
2022-06-08,4호선,동대문,21369,21788
2022-06-08,4호선,동대문역사문화공원,15518,13971
2022-06-08,4호선,충무로,30050,31062
2022-06-08,4호선,명동,22729,23198
2022-06-08,4호선,회현,27297,29126
2022-06-08,4호선,서울역,12716,18401
2022-06-08,4호선,숙대입구,15520,14881
2022-06-08,4호선,삼각지,5759,6453
2022-06-08,4호선,신용산,18102,19279
2022-06-08,4호선,이촌,9130,10138
2022-06-08,4호선,동작,1838,1942
2022-06-08,4호선,총신대입구,20644,22282
2022-06-08,4호선,사당,27395,23307
2022-06-08,4호선,남태령,1403,1205
2022-06-09,4호선,남태령,1596,1436
2022-06-09,4호선,사당,28231,23748
2022-06-09,4호선,총신대입구,20006,21743
2022-06-09,4호선,동작,1634,1771
2022-06-09,4호선,이촌,8778,9541
2022-06-09,4호선,신용산,18351,19294
2022-06-09,4호선,삼각지,5602,6343
2022-06-09,4호선,숙대입구,15342,14658
2022-06-09,4호선,서울역,12680,18574
2022-06-09,4호선,회현,26798,28430
2022-06-09,4호선,명동,21913,22571
2022-06-09,4호선,충무로,30173,31678
2022-06-09,4호선,동대문역사문화공원,15412,13916
2022-06-09,4호선,동대문,20769,21620
2022-06-09,4호선,혜화,33810,34427
2022-06-09,4호선,한성대입구,15585,15102
2022-06-09,4호선,성신여대입구,21366,20285
2022-06-09,4호선,길음,23923,23303
2022-06-09,4호선,미아사거리,28532,27583
2022-06-09,4호선,미아,16138,15759
2022-06-09,4호선,수유,35455,35298
2022-06-09,4호선,쌍문,30783,28190
2022-06-09,4호선,창동,26880,28397
2022-06-09,4호선,노원,19764,22323
2022-06-09,4호선,상계,20767,19071
2022-06-09,4호선,당고개,9543,8432
2022-06-10,4호선,당고개,9907,8745
2022-06-10,4호선,상계,20946,19327
2022-06-10,4호선,노원,20621,24037
2022-06-10,4호선,창동,28213,29964
2022-06-10,4호선,쌍문,31669,28736
2022-06-10,4호선,수유,37132,37291
2022-06-10,4호선,미아,16566,15681
2022-06-10,4호선,미아사거리,29822,28907
2022-06-10,4호선,길음,23974,23208
2022-06-10,4호선,성신여대입구,22105,21152
2022-06-10,4호선,한성대입구,16237,15764
2022-06-10,4호선,혜화,35796,36069
2022-06-10,4호선,동대문,21506,21267
2022-06-10,4호선,동대문역사문화공원,16069,13779
2022-06-10,4호선,충무로,29889,31606
2022-06-10,4호선,명동,22791,23963
2022-06-10,4호선,회현,27403,28826
2022-06-10,4호선,서울역,13152,21685
2022-06-10,4호선,숙대입구,15331,14864
2022-06-10,4호선,삼각지,6344,7380
2022-06-10,4호선,신용산,19727,21136
2022-06-10,4호선,이촌,10226,10914
2022-06-10,4호선,동작,1992,2165
2022-06-10,4호선,총신대입구,21359,23542
2022-06-10,4호선,사당,30021,26356
2022-06-10,4호선,남태령,1633,1282
2022-06-11,4호선,당고개,8095,7368
2022-06-11,4호선,상계,15725,14313
2022-06-11,4호선,노원,17117,19099
2022-06-11,4호선,창동,21673,22552
2022-06-11,4호선,쌍문,23542,20498
2022-06-11,4호선,수유,28578,27871
2022-06-11,4호선,미아,11936,10927
2022-06-11,4호선,미아사거리,23686,22090
2022-06-11,4호선,길음,16694,15147
2022-06-11,4호선,성신여대입구,17685,16760
2022-06-11,4호선,한성대입구,11766,11480
2022-06-11,4호선,혜화,30227,31922
2022-06-11,4호선,동대문,15189,15314
2022-06-11,4호선,동대문역사문화공원,12338,10766
2022-06-11,4호선,충무로,15719,17862
2022-06-11,4호선,명동,17338,19919
2022-06-11,4호선,회현,19856,21338
2022-06-11,4호선,서울역,6384,16042
2022-06-11,4호선,숙대입구,10459,9998
2022-06-11,4호선,삼각지,4808,6301
2022-06-11,4호선,신용산,12627,14197
2022-06-11,4호선,이촌,9595,10096
2022-06-11,4호선,동작,1705,1856
2022-06-11,4호선,총신대입구,16084,17327
2022-06-11,4호선,사당,24773,22516
2022-06-11,4호선,남태령,1413,867
2022-06-12,4호선,남태령,928,657
2022-06-12,4호선,사당,17215,15927
2022-06-12,4호선,총신대입구,10912,12009
2022-06-12,4호선,동작,1314,1419
2022-06-12,4호선,이촌,6877,7331
2022-06-12,4호선,신용산,9727,10040
2022-06-12,4호선,삼각지,3477,4626
2022-06-12,4호선,숙대입구,8421,8445
2022-06-12,4호선,서울역,4803,11816
2022-06-12,4호선,회현,9779,9721
2022-06-12,4호선,명동,13371,14001
2022-06-12,4호선,충무로,9021,9878
2022-06-12,4호선,동대문역사문화공원,9741,8667
2022-06-12,4호선,동대문,7605,8040
2022-06-12,4호선,혜화,24145,25586
2022-06-12,4호선,한성대입구,8394,8365
2022-06-12,4호선,성신여대입구,12720,12457
2022-06-12,4호선,길음,11554,11171
2022-06-12,4호선,미아사거리,16742,15881
2022-06-12,4호선,미아,8629,8184
2022-06-12,4호선,수유,21458,20533
2022-06-12,4호선,쌍문,17058,15386
2022-06-12,4호선,창동,16022,16621
2022-06-12,4호선,노원,12746,13929
2022-06-12,4호선,상계,11320,10575
2022-06-12,4호선,당고개,6451,6135
2022-06-13,4호선,당고개,9397,8414
2022-06-13,4호선,상계,20070,18489
2022-06-13,4호선,노원,18569,20764
2022-06-13,4호선,창동,26269,28076
2022-06-13,4호선,쌍문,29910,28911
2022-06-13,4호선,수유,34947,36150
2022-06-13,4호선,미아,16026,16395
2022-06-13,4호선,미아사거리,27235,27560
2022-06-13,4호선,길음,22688,23187
2022-06-13,4호선,성신여대입구,20635,20758
2022-06-13,4호선,한성대입구,14686,15004
2022-06-13,4호선,혜화,30752,30021
2022-06-13,4호선,동대문,20776,21440
2022-06-13,4호선,동대문역사문화공원,15233,14099
2022-06-13,4호선,충무로,30166,30680
2022-06-13,4호선,명동,21885,21233
2022-06-13,4호선,회현,26179,26744
2022-06-13,4호선,서울역,12274,18401
2022-06-13,4호선,숙대입구,14847,13980
2022-06-13,4호선,삼각지,5352,6837
2022-06-13,4호선,신용산,18871,18960
2022-06-13,4호선,이촌,8669,9559
2022-06-13,4호선,동작,1652,1943
2022-06-13,4호선,총신대입구,19971,21927
2022-06-13,4호선,사당,27324,23566
2022-06-13,4호선,남태령,1383,1962
2022-06-14,4호선,당고개,9737,8627
2022-06-14,4호선,상계,20698,19086
2022-06-14,4호선,노원,19734,22270
2022-06-14,4호선,창동,27105,28839
2022-06-14,4호선,쌍문,30812,28398
2022-06-14,4호선,수유,35781,35877
2022-06-14,4호선,미아,15933,15545
2022-06-14,4호선,미아사거리,29210,28299
2022-06-14,4호선,길음,23846,23741
2022-06-14,4호선,성신여대입구,21467,20415
2022-06-14,4호선,한성대입구,16025,15392
2022-06-14,4호선,혜화,32558,32575
2022-06-14,4호선,동대문,21432,21851
2022-06-14,4호선,동대문역사문화공원,15364,13775
2022-06-14,4호선,충무로,30350,31234
2022-06-14,4호선,명동,21517,21966
2022-06-14,4호선,회현,27871,29313
2022-06-14,4호선,서울역,12698,18309
2022-06-14,4호선,숙대입구,15431,14508
2022-06-14,4호선,삼각지,5940,6753
2022-06-14,4호선,신용산,19060,20023
2022-06-14,4호선,이촌,9312,9962
2022-06-14,4호선,동작,1655,1774
2022-06-14,4호선,총신대입구,20216,21980
2022-06-14,4호선,사당,27886,23474
2022-06-14,4호선,남태령,1445,1283
2022-06-15,4호선,성신여대입구,21449,20512
2022-06-15,4호선,미아사거리,28518,27455
2022-06-15,4호선,미아,15812,15334
2022-06-15,4호선,수유,34718,34699
2022-06-15,4호선,쌍문,30471,28003
2022-06-15,4호선,창동,26708,28101
2022-06-15,4호선,노원,19052,21751
2022-06-15,4호선,상계,20240,18923
2022-06-15,4호선,당고개,9438,8406
2022-06-15,4호선,삼각지,5857,6437
2022-06-15,4호선,숙대입구,14459,13966
2022-06-15,4호선,서울역,12874,18621
2022-06-15,4호선,회현,25402,27093
2022-06-15,4호선,명동,21987,22385
2022-06-15,4호선,충무로,29481,30875
2022-06-15,4호선,동대문역사문화공원,15672,13817
2022-06-15,4호선,신용산,18639,19945
2022-06-15,4호선,이촌,9282,9716
2022-06-15,4호선,동작,1376,1500
2022-06-15,4호선,총신대입구,19986,21510
2022-06-15,4호선,사당,27549,23408
2022-06-15,4호선,남태령,1356,1156
2022-06-15,4호선,동대문,20247,20917
2022-06-15,4호선,혜화,33977,34026
2022-06-15,4호선,한성대입구,14418,13796
2022-06-15,4호선,길음,23054,22620
2022-06-16,4호선,남태령,1416,1292
2022-06-16,4호선,사당,28380,23890
2022-06-16,4호선,총신대입구,20282,22109
2022-06-16,4호선,동작,1862,1987
2022-06-16,4호선,이촌,9437,10006
2022-06-16,4호선,신용산,19027,20404
2022-06-16,4호선,삼각지,6203,6924
2022-06-16,4호선,숙대입구,14887,14191
2022-06-16,4호선,서울역,12864,19792
2022-06-16,4호선,회현,27074,28962
2022-06-16,4호선,명동,21915,22878
2022-06-16,4호선,충무로,29432,30807
2022-06-16,4호선,동대문역사문화공원,16353,14643
2022-06-16,4호선,동대문,21321,21902
2022-06-16,4호선,혜화,34310,34859
2022-06-16,4호선,한성대입구,14459,14034
2022-06-16,4호선,성신여대입구,22220,21070
2022-06-16,4호선,길음,23302,22895
2022-06-16,4호선,미아사거리,29013,28096
2022-06-16,4호선,미아,16286,15634
2022-06-16,4호선,수유,36283,36038
2022-06-16,4호선,쌍문,31260,28765
2022-06-16,4호선,창동,27378,29094
2022-06-16,4호선,노원,19745,22370
2022-06-16,4호선,상계,20713,19115
2022-06-16,4호선,당고개,9738,8668
2022-06-17,4호선,당고개,9841,8518
2022-06-17,4호선,상계,21253,19369
2022-06-17,4호선,노원,20682,24356
2022-06-17,4호선,창동,28337,29921
2022-06-17,4호선,쌍문,31786,28450
2022-06-17,4호선,수유,37328,37197
2022-06-17,4호선,미아,16096,15321
2022-06-17,4호선,미아사거리,30131,29206
2022-06-17,4호선,길음,23348,22221
2022-06-17,4호선,성신여대입구,22657,21268
2022-06-17,4호선,한성대입구,14753,14211
2022-06-17,4호선,혜화,35033,35523
2022-06-17,4호선,동대문,21716,21883
2022-06-17,4호선,동대문역사문화공원,17011,14914
2022-06-17,4호선,충무로,29808,31846
2022-06-17,4호선,명동,22545,23457
2022-06-17,4호선,회현,26856,28318
2022-06-17,4호선,서울역,12832,22086
2022-06-17,4호선,숙대입구,14978,14752
2022-06-17,4호선,삼각지,6550,7587
2022-06-17,4호선,신용산,19843,21471
2022-06-17,4호선,이촌,9773,10562
2022-06-17,4호선,동작,1880,2029
2022-06-17,4호선,총신대입구,21312,23063
2022-06-17,4호선,사당,29896,26082
2022-06-17,4호선,남태령,1525,1211
2022-06-18,4호선,남태령,1262,758
2022-06-18,4호선,사당,25362,22783
2022-06-18,4호선,총신대입구,15573,16895
2022-06-18,4호선,동작,1547,1710
2022-06-18,4호선,이촌,9557,9915
2022-06-18,4호선,당고개,7772,7097
2022-06-18,4호선,상계,15268,13970
2022-06-18,4호선,노원,17007,19256
2022-06-18,4호선,창동,21915,22609
2022-06-18,4호선,쌍문,23326,20752
2022-06-18,4호선,수유,28615,27915
2022-06-18,4호선,미아,12134,11108
2022-06-18,4호선,미아사거리,23862,22634
2022-06-18,4호선,길음,16867,15417
2022-06-18,4호선,성신여대입구,17805,16606
2022-06-18,4호선,한성대입구,11469,11095
2022-06-18,4호선,혜화,31148,32819
2022-06-18,4호선,동대문,14793,15348
2022-06-18,4호선,동대문역사문화공원,13087,11713
2022-06-18,4호선,충무로,15017,17022
2022-06-18,4호선,명동,16926,19606
2022-06-18,4호선,회현,19510,20897
2022-06-18,4호선,서울역,6717,17141
2022-06-18,4호선,숙대입구,11461,10502
2022-06-18,4호선,삼각지,4819,6433
2022-06-18,4호선,신용산,12970,14536
2022-06-19,4호선,남태령,843,643
2022-06-19,4호선,사당,17456,16242
2022-06-19,4호선,총신대입구,11095,11997
2022-06-19,4호선,동작,1185,1206
2022-06-19,4호선,이촌,6637,7018
2022-06-19,4호선,신용산,9818,9975
2022-06-19,4호선,삼각지,3534,4687
2022-06-19,4호선,숙대입구,8398,8226
2022-06-19,4호선,서울역,5036,13150
2022-06-19,4호선,회현,9291,9331
2022-06-19,4호선,명동,13261,13650
2022-06-19,4호선,당고개,5870,5722
2022-06-19,4호선,상계,10706,10014
2022-06-19,4호선,노원,12342,13176
2022-06-19,4호선,창동,15981,16586
2022-06-19,4호선,쌍문,16813,15290
2022-06-19,4호선,수유,21005,20155
2022-06-19,4호선,미아,8668,8154
2022-06-19,4호선,미아사거리,16946,15941
2022-06-19,4호선,길음,11540,11266
2022-06-19,4호선,성신여대입구,12983,12278
2022-06-19,4호선,한성대입구,7981,8075
2022-06-19,4호선,혜화,23046,24245
2022-06-19,4호선,동대문,7799,8122
2022-06-19,4호선,동대문역사문화공원,10741,9598
2022-06-19,4호선,충무로,9084,9786
2022-06-20,4호선,당고개,9343,8398
2022-06-20,4호선,상계,19899,18885
2022-06-20,4호선,노원,19102,21693
2022-06-20,4호선,창동,26675,28154
2022-06-20,4호선,쌍문,29450,28275
2022-06-20,4호선,수유,34247,35253
2022-06-20,4호선,미아,15598,15703
2022-06-20,4호선,미아사거리,27639,28420
2022-06-20,4호선,길음,21244,22520
2022-06-20,4호선,성신여대입구,20429,20802
2022-06-20,4호선,한성대입구,13374,13585
2022-06-20,4호선,혜화,30796,30433
2022-06-20,4호선,동대문,21109,21272
2022-06-20,4호선,동대문역사문화공원,15561,14230
2022-06-20,4호선,충무로,27850,29092
2022-06-20,4호선,명동,21679,21313
2022-06-20,4호선,회현,26496,26444
2022-06-20,4호선,서울역,12331,18394
2022-06-20,4호선,숙대입구,13931,13295
2022-06-20,4호선,삼각지,5482,6608
2022-06-20,4호선,신용산,17874,17800
2022-06-20,4호선,이촌,8851,9664
2022-06-20,4호선,동작,1674,1939
2022-06-20,4호선,총신대입구,19847,21774
2022-06-20,4호선,사당,26834,22961
2022-06-20,4호선,남태령,1297,1246
2022-06-21,4호선,당고개,9513,8502
2022-06-21,4호선,상계,20646,19070
2022-06-21,4호선,노원,19294,22009
2022-06-21,4호선,창동,27025,28503
2022-06-21,4호선,쌍문,30146,28029
2022-06-21,4호선,수유,35608,35495
2022-06-21,4호선,미아,15728,15260
2022-06-21,4호선,미아사거리,28493,27717
2022-06-21,4호선,길음,22004,21657
2022-06-21,4호선,성신여대입구,21221,20455
2022-06-21,4호선,한성대입구,13994,13718
2022-06-21,4호선,혜화,33789,34269
2022-06-21,4호선,동대문,21189,21718
2022-06-21,4호선,동대문역사문화공원,15813,14050
2022-06-21,4호선,충무로,28423,29986
2022-06-21,4호선,명동,21824,22338
2022-06-21,4호선,회현,27395,28703
2022-06-21,4호선,서울역,12547,18415
2022-06-21,4호선,숙대입구,14528,14075
2022-06-21,4호선,삼각지,5785,6584
2022-06-21,4호선,신용산,19162,19889
2022-06-21,4호선,이촌,9213,10126
2022-06-21,4호선,동작,1539,1792
2022-06-21,4호선,총신대입구,20068,21763
2022-06-21,4호선,사당,27692,23302
2022-06-21,4호선,남태령,1339,1176
2022-06-22,4호선,남태령,1398,1209
2022-06-22,4호선,사당,27676,23563
2022-06-22,4호선,총신대입구,20567,22263
2022-06-22,4호선,동작,1968,2202
2022-06-22,4호선,이촌,9762,10868
2022-06-22,4호선,신용산,19333,20760
2022-06-22,4호선,삼각지,5833,6575
2022-06-22,4호선,숙대입구,14888,14246
2022-06-22,4호선,서울역,12891,19491
2022-06-22,4호선,회현,26931,28303
2022-06-22,4호선,명동,21685,22637
2022-06-22,4호선,충무로,29077,30706
2022-06-22,4호선,동대문역사문화공원,16584,14834
2022-06-22,4호선,동대문,21467,21958
2022-06-22,4호선,혜화,35028,35568
2022-06-22,4호선,한성대입구,14191,13925
2022-06-22,4호선,성신여대입구,22067,20994
2022-06-22,4호선,길음,22575,22044
2022-06-22,4호선,미아사거리,29054,28191
2022-06-22,4호선,미아,16145,15561
2022-06-22,4호선,수유,35984,35897
2022-06-22,4호선,쌍문,31034,28496
2022-06-22,4호선,창동,27701,28807
2022-06-22,4호선,노원,19579,22430
2022-06-22,4호선,상계,20657,19352
2022-06-22,4호선,당고개,9519,8400
2022-06-23,4호선,미아,15104,14648
2022-06-23,4호선,미아사거리,26863,26507
2022-06-23,4호선,길음,21346,21280
2022-06-23,4호선,성신여대입구,20259,19699
2022-06-23,4호선,한성대입구,13463,13020
2022-06-23,4호선,혜화,32931,33162
2022-06-23,4호선,동대문,19915,20095
2022-06-23,4호선,동대문역사문화공원,15409,13944
2022-06-23,4호선,충무로,28098,28959
2022-06-23,4호선,명동,19779,21289
2022-06-23,4호선,회현,25261,25113
2022-06-23,4호선,서울역,12636,19186
2022-06-23,4호선,숙대입구,14009,13746
2022-06-23,4호선,삼각지,5469,6489
2022-06-23,4호선,신용산,19498,20051
2022-06-23,4호선,이촌,9125,9828
2022-06-23,4호선,동작,1293,1342
2022-06-23,4호선,총신대입구,18783,20273
2022-06-23,4호선,사당,26895,22327
2022-06-23,4호선,남태령,1320,1189
2022-06-23,4호선,당고개,8742,7869
2022-06-23,4호선,상계,19222,18202
2022-06-23,4호선,노원,18275,20208
2022-06-23,4호선,창동,25266,26909
2022-06-23,4호선,쌍문,29210,27462
2022-06-23,4호선,수유,33186,33078
2022-06-24,4호선,당고개,9603,8334
2022-06-24,4호선,상계,20591,19005
2022-06-24,4호선,노원,20230,23662
2022-06-24,4호선,창동,28492,30112
2022-06-24,4호선,쌍문,31333,28183
2022-06-24,4호선,수유,36597,36732
2022-06-24,4호선,미아,16169,15158
2022-06-24,4호선,미아사거리,29663,28807
2022-06-24,4호선,길음,22587,21177
2022-06-24,4호선,성신여대입구,22269,21035
2022-06-24,4호선,한성대입구,14331,13950
2022-06-24,4호선,혜화,34962,35417
2022-06-24,4호선,동대문,20956,21025
2022-06-24,4호선,동대문역사문화공원,16795,14963
2022-06-24,4호선,충무로,28386,30307
2022-06-24,4호선,명동,22268,23519
2022-06-24,4호선,회현,26356,27997
2022-06-24,4호선,서울역,12842,22245
2022-06-24,4호선,숙대입구,14331,14078
2022-06-24,4호선,삼각지,6546,7410
2022-06-24,4호선,신용산,20243,21656
2022-06-24,4호선,이촌,9414,10106
2022-06-24,4호선,동작,1733,1813
2022-06-24,4호선,총신대입구,20966,22912
2022-06-24,4호선,사당,29609,25633
2022-06-24,4호선,남태령,1535,1154
2022-06-25,4호선,당고개,7908,7284
2022-06-25,4호선,상계,15420,14031
2022-06-25,4호선,노원,17062,19469
2022-06-25,4호선,창동,21271,22241
2022-06-25,4호선,쌍문,23302,20456
2022-06-25,4호선,수유,29111,28290
2022-06-25,4호선,미아,11896,10824
2022-06-25,4호선,미아사거리,23767,22320
2022-06-25,4호선,길음,16181,14797
2022-06-25,4호선,성신여대입구,18246,16990
2022-06-25,4호선,한성대입구,11679,11023
2022-06-25,4호선,혜화,31674,33159
2022-06-25,4호선,동대문,14968,15252
2022-06-25,4호선,동대문역사문화공원,12673,10995
2022-06-25,4호선,충무로,15040,16969
2022-06-25,4호선,명동,18116,20571
2022-06-25,4호선,회현,20613,21546
2022-06-25,4호선,서울역,7009,17301
2022-06-25,4호선,숙대입구,11103,10952
2022-06-25,4호선,삼각지,4937,6672
2022-06-25,4호선,신용산,13769,15083
2022-06-25,4호선,이촌,9710,9958
2022-06-25,4호선,동작,1507,1743
2022-06-25,4호선,총신대입구,16368,17564
2022-06-25,4호선,사당,25051,22604
2022-06-25,4호선,남태령,1471,913
2022-06-26,4호선,당고개,5692,5358
2022-06-26,4호선,상계,10213,9612
2022-06-26,4호선,노원,12146,13175
2022-06-26,4호선,창동,15405,15881
2022-06-26,4호선,쌍문,16082,14548
2022-06-26,4호선,수유,20533,19700
2022-06-26,4호선,미아,8297,7835
2022-06-26,4호선,미아사거리,16304,15432
2022-06-26,4호선,길음,11024,10701
2022-06-26,4호선,성신여대입구,12500,11941
2022-06-26,4호선,한성대입구,7999,7742
2022-06-26,4호선,혜화,22823,23888
2022-06-26,4호선,동대문,6815,7386
2022-06-26,4호선,동대문역사문화공원,9427,8589
2022-06-26,4호선,충무로,8714,9239
2022-06-26,4호선,명동,13118,13398
2022-06-26,4호선,회현,8831,8755
2022-06-26,4호선,서울역,4727,12661
2022-06-26,4호선,숙대입구,8207,7846
2022-06-26,4호선,삼각지,3441,4376
2022-06-26,4호선,신용산,9919,10408
2022-06-26,4호선,이촌,6545,6986
2022-06-26,4호선,동작,980,1035
2022-06-26,4호선,총신대입구,10738,11758
2022-06-26,4호선,사당,17115,15775
2022-06-26,4호선,남태령,769,657
2022-06-27,4호선,남태령,1293,1086
2022-06-27,4호선,사당,25333,21330
2022-06-27,4호선,총신대입구,18741,20265
2022-06-27,4호선,동작,1265,1451
2022-06-27,4호선,이촌,8434,9254
2022-06-27,4호선,신용산,18118,18777
2022-06-27,4호선,삼각지,5084,5765
2022-06-27,4호선,숙대입구,13258,12747
2022-06-27,4호선,서울역,12169,18318
2022-06-27,4호선,회현,22612,23258
2022-06-27,4호선,명동,20109,20157
2022-06-27,4호선,충무로,26889,27928
2022-06-27,4호선,동대문역사문화공원,14875,13265
2022-06-27,4호선,동대문,20343,20566
2022-06-27,4호선,혜화,31081,31003
2022-06-27,4호선,한성대입구,12833,12745
2022-06-27,4호선,성신여대입구,19078,18709
2022-06-27,4호선,미아사거리,26912,26710
2022-06-27,4호선,미아,14811,14560
2022-06-27,4호선,수유,32603,33471
2022-06-27,4호선,쌍문,28187,26894
2022-06-27,4호선,창동,25164,26564
2022-06-27,4호선,노원,17874,20656
2022-06-27,4호선,상계,19264,18014
2022-06-27,4호선,당고개,8968,8003
2022-06-27,4호선,길음,20255,20643
2022-06-28,4호선,당고개,8984,7990
2022-06-28,4호선,상계,19726,18417
2022-06-28,4호선,노원,18442,20875
2022-06-28,4호선,창동,25914,27416
2022-06-28,4호선,쌍문,29133,26891
2022-06-28,4호선,수유,33699,33684
2022-06-28,4호선,미아,15177,14619
2022-06-28,4호선,미아사거리,27394,26716
2022-06-28,4호선,길음,21404,21088
2022-06-28,4호선,성신여대입구,19872,19329
2022-06-28,4호선,한성대입구,13260,12908
2022-06-28,4호선,혜화,33383,33383
2022-06-28,4호선,동대문,20106,20573
2022-06-28,4호선,동대문역사문화공원,15264,13860
2022-06-28,4호선,충무로,28144,29273
2022-06-28,4호선,명동,20310,20912
2022-06-28,4호선,회현,25440,26739
2022-06-28,4호선,서울역,12812,19035
2022-06-28,4호선,숙대입구,13977,13425
2022-06-28,4호선,삼각지,5676,6155
2022-06-28,4호선,신용산,18820,19683
2022-06-28,4호선,이촌,8875,9852
2022-06-28,4호선,동작,1335,1422
2022-06-28,4호선,총신대입구,19245,20771
2022-06-28,4호선,사당,26268,21937
2022-06-28,4호선,남태령,1360,1166
2022-06-29,4호선,당고개,9052,8018
2022-06-29,4호선,상계,19757,18447
2022-06-29,4호선,노원,18833,21306
2022-06-29,4호선,창동,25774,27257
2022-06-29,4호선,쌍문,29430,27473
2022-06-29,4호선,수유,33997,34205
2022-06-29,4호선,미아,15531,14902
2022-06-29,4호선,미아사거리,27744,27176
2022-06-29,4호선,길음,21558,21460
2022-06-29,4호선,성신여대입구,20258,19673
2022-06-29,4호선,한성대입구,13820,13655
2022-06-29,4호선,혜화,35948,35805
2022-06-29,4호선,동대문,19721,20047
2022-06-29,4호선,동대문역사문화공원,15745,14302
2022-06-29,4호선,충무로,27886,28917
2022-06-29,4호선,명동,20223,20930
2022-06-29,4호선,회현,24677,25712
2022-06-29,4호선,서울역,12527,18589
2022-06-29,4호선,숙대입구,14201,13686
2022-06-29,4호선,삼각지,5585,6129
2022-06-29,4호선,신용산,18844,19745
2022-06-29,4호선,이촌,9706,10686
2022-06-29,4호선,동작,1155,1288
2022-06-29,4호선,총신대입구,19492,20878
2022-06-29,4호선,사당,26096,22150
2022-06-29,4호선,남태령,1344,1210
2022-06-30,4호선,남태령,1368,1456
2022-06-30,4호선,사당,25316,21638
2022-06-30,4호선,총신대입구,18178,20052
2022-06-30,4호선,동작,976,1107
2022-06-30,4호선,이촌,9174,9826
2022-06-30,4호선,신용산,18245,20036
2022-06-30,4호선,삼각지,5594,6391
2022-06-30,4호선,숙대입구,13541,13048
2022-06-30,4호선,서울역,12225,19179
2022-06-30,4호선,회현,22734,25043
2022-06-30,4호선,명동,17965,20187
2022-06-30,4호선,충무로,28112,29730
2022-06-30,4호선,동대문역사문화공원,16143,16143
2022-06-30,4호선,동대문,19503,20177
2022-06-30,4호선,혜화,34634,35754
2022-06-30,4호선,한성대입구,13503,13378
2022-06-30,4호선,성신여대입구,19691,19525
2022-06-30,4호선,길음,21168,19598
2022-06-30,4호선,미아사거리,26570,24440
2022-06-30,4호선,미아,14595,13290
2022-06-30,4호선,수유,32555,32179
2022-06-30,4호선,쌍문,28435,24657
2022-06-30,4호선,창동,24842,28190
2022-06-30,4호선,노원,17718,19382
2022-06-30,4호선,상계,19276,17183
2022-06-30,4호선,당고개,8567,7531
2022-07-01,4호선,당고개,9556,9262
2022-07-01,4호선,상계,20186,18704
2022-07-01,4호선,노원,20361,23384
2022-07-01,4호선,창동,29299,30853
2022-07-01,4호선,쌍문,26730,28210
2022-07-01,4호선,수유,35382,37427
2022-07-01,4호선,미아,15519,15576
2022-07-01,4호선,미아사거리,29373,29939
2022-07-01,4호선,길음,21997,21472
2022-07-01,4호선,성신여대입구,21777,21108
2022-07-01,4호선,한성대입구,14466,14371
2022-07-01,4호선,혜화,34611,32752
2022-07-01,4호선,동대문,21105,21156
2022-07-01,4호선,동대문역사문화공원,16399,15485
2022-07-01,4호선,충무로,28195,28952
2022-07-01,4호선,명동,21450,21589
2022-07-01,4호선,회현,25815,24670
2022-07-01,4호선,서울역,12690,19753
2022-07-01,4호선,숙대입구,14230,13483
2022-07-01,4호선,삼각지,5940,7602
2022-07-01,4호선,신용산,18432,18676
2022-07-01,4호선,이촌,10098,11452
2022-07-01,4호선,동작,1824,2096
2022-07-01,4호선,총신대입구,20898,23438
2022-07-01,4호선,사당,30368,25400
2022-07-01,4호선,남태령,1480,2395
2022-07-02,4호선,당고개,7735,7133
2022-07-02,4호선,상계,14281,13191
2022-07-02,4호선,노원,16605,18486
2022-07-02,4호선,창동,20896,21754
2022-07-02,4호선,쌍문,22405,19895
2022-07-02,4호선,수유,27853,27881
2022-07-02,4호선,미아,11502,10528
2022-07-02,4호선,미아사거리,23168,22447
2022-07-02,4호선,길음,15918,14862
2022-07-02,4호선,성신여대입구,17640,16884
2022-07-02,4호선,한성대입구,11763,11160
2022-07-02,4호선,혜화,31754,33991
2022-07-02,4호선,동대문,15106,15565
2022-07-02,4호선,동대문역사문화공원,13107,10997
2022-07-02,4호선,충무로,13969,15500
2022-07-02,4호선,명동,19884,21307
2022-07-02,4호선,회현,25279,23630
2022-07-02,4호선,서울역,8315,16847
2022-07-02,4호선,숙대입구,12437,11032
2022-07-02,4호선,삼각지,4582,5717
2022-07-02,4호선,신용산,13762,14692
2022-07-02,4호선,이촌,9065,10090
2022-07-02,4호선,동작,1305,1449
2022-07-02,4호선,총신대입구,15237,16582
2022-07-02,4호선,사당,24187,21161
2022-07-02,4호선,남태령,1230,709
2022-07-03,4호선,당고개,6032,5766
2022-07-03,4호선,상계,10470,9627
2022-07-03,4호선,노원,12148,12922
2022-07-03,4호선,창동,15336,16092
2022-07-03,4호선,쌍문,16181,14709
2022-07-03,4호선,수유,20753,19955
2022-07-03,4호선,미아,8341,7849
2022-07-03,4호선,미아사거리,16871,16105
2022-07-03,4호선,길음,11050,10711
2022-07-03,4호선,성신여대입구,12987,12465
2022-07-03,4호선,한성대입구,7951,7852
2022-07-03,4호선,혜화,24481,25559
2022-07-03,4호선,동대문,7220,7909
2022-07-03,4호선,동대문역사문화공원,9742,8702
2022-07-03,4호선,충무로,8105,8681
2022-07-03,4호선,명동,13379,13488
2022-07-03,4호선,회현,9295,9185
2022-07-03,4호선,서울역,4727,12129
2022-07-03,4호선,숙대입구,8195,7996
2022-07-03,4호선,삼각지,3114,4029
2022-07-03,4호선,신용산,9870,10106
2022-07-03,4호선,이촌,6318,6718
2022-07-03,4호선,동작,927,1022
2022-07-03,4호선,총신대입구,10373,11464
2022-07-03,4호선,사당,16588,15489
2022-07-03,4호선,남태령,840,613
2022-07-04,4호선,당고개,9256,8147
2022-07-04,4호선,상계,19370,18502
2022-07-04,4호선,노원,18343,20892
2022-07-04,4호선,창동,25801,27279
2022-07-04,4호선,쌍문,28377,27597
2022-07-04,4호선,수유,32697,33760
2022-07-04,4호선,미아,14915,14773
2022-07-04,4호선,미아사거리,27029,27149
2022-07-04,4호선,길음,20644,21006
2022-07-04,4호선,성신여대입구,19573,18919
2022-07-04,4호선,한성대입구,12917,12675
2022-07-04,4호선,혜화,31121,30017
2022-07-04,4호선,동대문,21096,21400
2022-07-04,4호선,동대문역사문화공원,15642,13783
2022-07-04,4호선,충무로,27180,28288
2022-07-04,4호선,명동,20480,19943
2022-07-04,4호선,회현,26031,26132
2022-07-04,4호선,서울역,12096,17045
2022-07-04,4호선,숙대입구,13449,12749
2022-07-04,4호선,삼각지,4954,5576
2022-07-04,4호선,신용산,17959,17926
2022-07-04,4호선,이촌,9221,10286
2022-07-04,4호선,동작,1342,1438
2022-07-04,4호선,총신대입구,19150,20839
2022-07-04,4호선,사당,26039,20998
2022-07-04,4호선,남태령,1231,1138
2022-07-05,4호선,당고개,9638,8589
2022-07-05,4호선,상계,20281,18838
2022-07-05,4호선,노원,19835,22412
2022-07-05,4호선,창동,26858,28291
2022-07-05,4호선,쌍문,30120,28271
2022-07-05,4호선,수유,34861,35155
2022-07-05,4호선,미아,15406,14950
2022-07-05,4호선,미아사거리,28412,27977
2022-07-05,4호선,길음,21525,21446
2022-07-05,4호선,성신여대입구,20406,19754
2022-07-05,4호선,한성대입구,13698,13186
2022-07-05,4호선,혜화,34353,34318
2022-07-05,4호선,동대문,21316,21619
2022-07-05,4호선,동대문역사문화공원,15833,14009
2022-07-05,4호선,충무로,27612,28808
2022-07-05,4호선,명동,20638,21135
2022-07-05,4호선,회현,26427,27379
2022-07-05,4호선,서울역,12381,17686
2022-07-05,4호선,숙대입구,13875,13232
2022-07-05,4호선,삼각지,5544,6235
2022-07-05,4호선,신용산,18836,19824
2022-07-05,4호선,이촌,9350,10153
2022-07-05,4호선,동작,1307,1492
2022-07-05,4호선,총신대입구,20084,21634
2022-07-05,4호선,사당,26508,22097
2022-07-05,4호선,남태령,1331,1183
2022-07-06,4호선,남태령,1339,1370
2022-07-06,4호선,사당,27238,22408
2022-07-06,4호선,총신대입구,20260,21863
2022-07-06,4호선,동작,1279,1499
2022-07-06,4호선,이촌,9743,10590
2022-07-06,4호선,신용산,19337,20112
2022-07-06,4호선,삼각지,5553,6250
2022-07-06,4호선,숙대입구,14333,14103
2022-07-06,4호선,서울역,12765,18566
2022-07-06,4호선,회현,26403,27868
2022-07-06,4호선,명동,21255,21985
2022-07-06,4호선,충무로,28106,29587
2022-07-06,4호선,동대문역사문화공원,15977,15580
2022-07-06,4호선,동대문,21393,22102
2022-07-06,4호선,혜화,36770,37190
2022-07-06,4호선,한성대입구,13636,14304
2022-07-06,4호선,성신여대입구,20493,19542
2022-07-06,4호선,길음,22023,21338
2022-07-06,4호선,미아사거리,28720,28079
2022-07-06,4호선,미아,15450,15252
2022-07-06,4호선,수유,34919,34151
2022-07-06,4호선,쌍문,30272,26618
2022-07-06,4호선,창동,26736,28380
2022-07-06,4호선,노원,19472,21240
2022-07-06,4호선,상계,20323,18433
2022-07-06,4호선,당고개,9574,8622
2022-07-07,4호선,남태령,1295,1175
2022-07-07,4호선,사당,26600,22159
2022-07-07,4호선,총신대입구,19487,21015
2022-07-07,4호선,동작,1170,1293
2022-07-07,4호선,이촌,8827,9529
2022-07-07,4호선,신용산,18765,19479
2022-07-07,4호선,삼각지,5305,6020
2022-07-07,4호선,숙대입구,13611,13054
2022-07-07,4호선,서울역,12341,18455
2022-07-07,4호선,회현,25483,26566
2022-07-07,4호선,명동,19709,20488
2022-07-07,4호선,충무로,27636,29068
2022-07-07,4호선,동대문역사문화공원,15701,13945
2022-07-07,4호선,동대문,20559,21298
2022-07-07,4호선,혜화,33925,34004
2022-07-07,4호선,한성대입구,13423,13247
2022-07-07,4호선,성신여대입구,20147,19306
2022-07-07,4호선,길음,21308,20755
2022-07-07,4호선,미아사거리,27811,27187
2022-07-07,4호선,미아,15212,14517
2022-07-07,4호선,수유,33636,33866
2022-07-07,4호선,쌍문,29142,27229
2022-07-07,4호선,창동,26057,27668
2022-07-07,4호선,노원,18810,21201
2022-07-07,4호선,상계,19652,18409
2022-07-07,4호선,당고개,8989,7982
2022-07-08,4호선,남태령,1525,1259
2022-07-08,4호선,사당,28753,24709
2022-07-08,4호선,총신대입구,20712,22493
2022-07-08,4호선,동작,1595,1714
2022-07-08,4호선,이촌,9350,10360
2022-07-08,4호선,신용산,19408,20599
2022-07-08,4호선,삼각지,5829,6602
2022-07-08,4호선,숙대입구,14447,13893
2022-07-08,4호선,서울역,12607,21288
2022-07-08,4호선,회현,25557,27035
2022-07-08,4호선,명동,21584,22586
2022-07-08,4호선,충무로,27465,28997
2022-07-08,4호선,동대문역사문화공원,15969,13823
2022-07-08,4호선,동대문,20983,21050
2022-07-08,4호선,혜화,36020,36204
2022-07-08,4호선,한성대입구,14090,13541
2022-07-08,4호선,성신여대입구,21166,20546
2022-07-08,4호선,길음,21851,20558
2022-07-08,4호선,미아사거리,29107,28243
2022-07-08,4호선,미아,15814,14914
2022-07-08,4호선,수유,35475,35922
2022-07-08,4호선,쌍문,30094,27786
2022-07-08,4호선,창동,27668,29107
2022-07-08,4호선,노원,19944,23327
2022-07-08,4호선,상계,20508,18738
2022-07-08,4호선,당고개,9434,8404
2022-07-09,4호선,남태령,1265,785
2022-07-09,4호선,사당,24411,21790
2022-07-09,4호선,총신대입구,15580,16723
2022-07-09,4호선,동작,1358,1366
2022-07-09,4호선,이촌,8614,9422
2022-07-09,4호선,신용산,12864,14074
2022-07-09,4호선,삼각지,3906,5110
2022-07-09,4호선,숙대입구,10141,9669
2022-07-09,4호선,서울역,6506,15647
2022-07-09,4호선,회현,19193,20249
2022-07-09,4호선,명동,16468,18960
2022-07-09,4호선,충무로,13034,14664
2022-07-09,4호선,동대문역사문화공원,12334,10665
2022-07-09,4호선,동대문,14953,15555
2022-07-09,4호선,혜화,30220,32190
2022-07-09,4호선,한성대입구,10702,10203
2022-07-09,4호선,성신여대입구,17449,16633
2022-07-09,4호선,길음,15926,14679
2022-07-09,4호선,미아사거리,23570,22114
2022-07-09,4호선,미아,11217,10317
2022-07-09,4호선,수유,27863,27467
2022-07-09,4호선,쌍문,22514,19614
2022-07-09,4호선,창동,20659,21660
2022-07-09,4호선,노원,16929,19058
2022-07-09,4호선,상계,14611,13341
2022-07-09,4호선,당고개,8157,7364
2022-07-10,4호선,남태령,901,564
2022-07-10,4호선,사당,17337,15960
2022-07-10,4호선,총신대입구,10753,11582
2022-07-10,4호선,동작,893,952
2022-07-10,4호선,이촌,6408,6972
2022-07-10,4호선,신용산,9859,10220
2022-07-10,4호선,삼각지,3061,4099
2022-07-10,4호선,숙대입구,8069,7970
2022-07-10,4호선,서울역,4904,12015
2022-07-10,4호선,회현,8982,8844
2022-07-10,4호선,명동,13604,13440
2022-07-10,4호선,충무로,8158,8807
2022-07-10,4호선,동대문역사문화공원,10000,8773
2022-07-10,4호선,동대문,6789,7681
2022-07-10,4호선,혜화,23747,24909
2022-07-10,4호선,한성대입구,7771,7735
2022-07-10,4호선,성신여대입구,12971,12703
2022-07-10,4호선,길음,11167,10826
2022-07-10,4호선,미아사거리,17009,16138
2022-07-10,4호선,미아,8448,7994
2022-07-10,4호선,수유,20795,20124
2022-07-10,4호선,쌍문,16325,14904
2022-07-10,4호선,창동,15216,15918
2022-07-10,4호선,노원,12428,13373
2022-07-10,4호선,상계,10557,9831
2022-07-10,4호선,당고개,6395,6154
2022-07-11,4호선,남태령,1241,1116
2022-07-11,4호선,사당,21909,18374
2022-07-11,4호선,총신대입구,19192,20872
2022-07-11,4호선,동작,1292,1410
2022-07-11,4호선,이촌,8266,9103
2022-07-11,4호선,신용산,18157,18567
2022-07-11,4호선,삼각지,5113,5655
2022-07-11,4호선,숙대입구,13258,12828
2022-07-11,4호선,서울역,12067,17631
2022-07-11,4호선,회현,25908,26353
2022-07-11,4호선,명동,20197,20453
2022-07-11,4호선,충무로,27021,28222
2022-07-11,4호선,동대문역사문화공원,15694,13782
2022-07-11,4호선,동대문,21453,21655
2022-07-11,4호선,혜화,31243,31206
2022-07-11,4호선,한성대입구,13094,12788
2022-07-11,4호선,성신여대입구,19307,18603
2022-07-11,4호선,길음,20737,20558
2022-07-11,4호선,미아사거리,26545,25824
2022-07-11,4호선,미아,15170,14668
2022-07-11,4호선,수유,33594,33679
2022-07-11,4호선,쌍문,28952,27030
2022-07-11,4호선,창동,25453,27109
2022-07-11,4호선,노원,18091,20416
2022-07-11,4호선,상계,19467,18000
2022-07-11,4호선,당고개,9101,7961
2022-07-12,4호선,남태령,1298,1827
2022-07-12,4호선,사당,26302,21747
2022-07-12,4호선,총신대입구,19950,21413
2022-07-12,4호선,동작,1371,1486
2022-07-12,4호선,이촌,9464,10188
2022-07-12,4호선,신용산,18995,19825
2022-07-12,4호선,삼각지,5616,6252
2022-07-12,4호선,숙대입구,13912,13346
2022-07-12,4호선,서울역,12475,17713
2022-07-12,4호선,회현,27121,28558
2022-07-12,4호선,명동,21415,21830
2022-07-12,4호선,충무로,27396,28930
2022-07-12,4호선,동대문역사문화공원,15916,14111
2022-07-12,4호선,동대문,21546,22109
2022-07-12,4호선,혜화,34266,34360
2022-07-12,4호선,한성대입구,13479,13089
2022-07-12,4호선,성신여대입구,20426,19681
2022-07-12,4호선,길음,21950,21458
2022-07-12,4호선,미아사거리,28603,27882
2022-07-12,4호선,미아,15622,14949
2022-07-12,4호선,수유,34830,34970
2022-07-12,4호선,쌍문,29824,27850
2022-07-12,4호선,창동,26444,27881
2022-07-12,4호선,노원,19092,21826
2022-07-12,4호선,상계,20330,18774
2022-07-12,4호선,당고개,9575,8574
2022-07-13,4호선,당고개,8553,7736
2022-07-13,4호선,상계,18947,18208
2022-07-13,4호선,노원,17394,19865
2022-07-13,4호선,창동,24038,25634
2022-07-13,4호선,쌍문,28145,26579
2022-07-13,4호선,수유,31901,32447
2022-07-13,4호선,미아,14313,13685
2022-07-13,4호선,미아사거리,26107,25829
2022-07-13,4호선,길음,20171,20259
2022-07-13,4호선,성신여대입구,18671,18383
2022-07-13,4호선,한성대입구,12991,12713
2022-07-13,4호선,혜화,34319,34321
2022-07-13,4호선,동대문,18922,18944
2022-07-13,4호선,동대문역사문화공원,15257,13461
2022-07-13,4호선,충무로,26523,27334
2022-07-13,4호선,명동,19390,20674
2022-07-13,4호선,회현,23652,23594
2022-07-13,4호선,서울역,12706,18969
2022-07-13,4호선,숙대입구,12896,12611
2022-07-13,4호선,삼각지,5249,5838
2022-07-13,4호선,신용산,18374,18640
2022-07-13,4호선,이촌,9460,10107
2022-07-13,4호선,동작,917,1055
2022-07-13,4호선,총신대입구,17877,19450
2022-07-13,4호선,사당,24735,20765
2022-07-13,4호선,남태령,1172,1060
2022-07-14,4호선,당고개,9303,8227
2022-07-14,4호선,상계,20102,18571
2022-07-14,4호선,노원,19051,21803
2022-07-14,4호선,창동,26747,28294
2022-07-14,4호선,쌍문,29941,27778
2022-07-14,4호선,수유,34502,34509
2022-07-14,4호선,미아,15514,14739
2022-07-14,4호선,미아사거리,28860,28103
2022-07-14,4호선,길음,21845,21283
2022-07-14,4호선,성신여대입구,20464,19571
2022-07-14,4호선,한성대입구,13710,13300
2022-07-14,4호선,혜화,36619,36990
2022-07-14,4호선,동대문,21388,21833
2022-07-14,4호선,동대문역사문화공원,16497,14650
2022-07-14,4호선,충무로,27748,29153
2022-07-14,4호선,명동,21482,22105
2022-07-14,4호선,회현,26090,27325
2022-07-14,4호선,서울역,12634,19117
2022-07-14,4호선,숙대입구,13553,13230
2022-07-14,4호선,삼각지,5639,6233
2022-07-14,4호선,신용산,18529,19563
2022-07-14,4호선,이촌,9083,9993
2022-07-14,4호선,동작,1510,1596
2022-07-14,4호선,총신대입구,19773,21325
2022-07-14,4호선,사당,26616,22348
2022-07-14,4호선,남태령,1414,1259
2022-07-15,4호선,당고개,9681,8617
2022-07-15,4호선,상계,20627,18864
2022-07-15,4호선,노원,20101,23595
2022-07-15,4호선,창동,27811,29297
2022-07-15,4호선,쌍문,30577,28229
2022-07-15,4호선,수유,35976,36372
2022-07-15,4호선,미아,16064,15074
2022-07-15,4호선,미아사거리,29812,29104
2022-07-15,4호선,길음,22222,21148
2022-07-15,4호선,성신여대입구,21478,20750
2022-07-15,4호선,한성대입구,14366,13728
2022-07-15,4호선,혜화,37424,37898
2022-07-15,4호선,동대문,21188,21244
2022-07-15,4호선,동대문역사문화공원,16587,14458
2022-07-15,4호선,충무로,27365,29291
2022-07-15,4호선,명동,22437,23836
2022-07-15,4호선,회현,26139,27400
2022-07-15,4호선,서울역,12754,21288
2022-07-15,4호선,숙대입구,14263,13949
2022-07-15,4호선,삼각지,5944,6759
2022-07-15,4호선,신용산,19946,20921
2022-07-15,4호선,이촌,9649,10625
2022-07-15,4호선,동작,1606,1729
2022-07-15,4호선,총신대입구,20867,22637
2022-07-15,4호선,사당,28496,24453
2022-07-15,4호선,남태령,1477,1161
2022-07-16,4호선,신용산,12450,13527
2022-07-16,4호선,남태령,1268,858
2022-07-16,4호선,사당,23267,20448
2022-07-16,4호선,총신대입구,14838,16007
2022-07-16,4호선,동작,1184,1218
2022-07-16,4호선,이촌,8689,9493
2022-07-16,4호선,삼각지,4274,5396
2022-07-16,4호선,숙대입구,11187,10365
2022-07-16,4호선,서울역,7254,16133
2022-07-16,4호선,회현,20629,19879
2022-07-16,4호선,명동,17331,18647
2022-07-16,4호선,충무로,12850,13934
2022-07-16,4호선,동대문역사문화공원,12676,10990
2022-07-16,4호선,동대문,14251,14630
2022-07-16,4호선,혜화,31215,32659
2022-07-16,4호선,한성대입구,10581,10193
2022-07-16,4호선,성신여대입구,16719,15834
2022-07-16,4호선,길음,15416,14534
2022-07-16,4호선,미아사거리,22308,21391
2022-07-16,4호선,미아,11019,10039
2022-07-16,4호선,수유,26797,26354
2022-07-16,4호선,쌍문,21923,19529
2022-07-16,4호선,창동,19910,20892
2022-07-16,4호선,노원,15741,18027
2022-07-16,4호선,상계,14031,12805
2022-07-16,4호선,당고개,7460,7035
2022-07-17,4호선,당고개,5930,5695
2022-07-17,4호선,상계,10436,9600
2022-07-17,4호선,노원,12237,13359
2022-07-17,4호선,창동,15413,15965
2022-07-17,4호선,쌍문,16427,14917
2022-07-17,4호선,수유,20573,19773
2022-07-17,4호선,미아,8419,7893
2022-07-17,4호선,미아사거리,17196,16053
2022-07-17,4호선,길음,10818,10454
2022-07-17,4호선,성신여대입구,12810,12319
2022-07-17,4호선,한성대입구,7698,7654
2022-07-17,4호선,혜화,24128,25351
2022-07-17,4호선,동대문,7214,7845
2022-07-17,4호선,동대문역사문화공원,9837,9014
2022-07-17,4호선,충무로,8408,8985
2022-07-17,4호선,명동,13899,14046
2022-07-17,4호선,회현,9335,9043
2022-07-17,4호선,서울역,4849,12500
2022-07-17,4호선,숙대입구,8001,7792
2022-07-17,4호선,삼각지,2992,3937
2022-07-17,4호선,신용산,9505,9989
2022-07-17,4호선,이촌,6336,6874
2022-07-17,4호선,동작,921,940
2022-07-17,4호선,총신대입구,10680,11447
2022-07-17,4호선,사당,16373,14950
2022-07-17,4호선,남태령,828,570
2022-07-18,4호선,남태령,1260,1106
2022-07-18,4호선,사당,24772,20815
2022-07-18,4호선,총신대입구,18864,20437
2022-07-18,4호선,동작,1407,1516
2022-07-18,4호선,이촌,8604,9681
2022-07-18,4호선,신용산,17635,18628
2022-07-18,4호선,삼각지,5064,5541
2022-07-18,4호선,숙대입구,12868,12475
2022-07-18,4호선,서울역,12089,17913
2022-07-18,4호선,회현,25541,26580
2022-07-18,4호선,명동,20423,20816
2022-07-18,4호선,충무로,26489,27745
2022-07-18,4호선,동대문역사문화공원,15695,14173
2022-07-18,4호선,동대문,20730,21297
2022-07-18,4호선,혜화,30976,31082
2022-07-18,4호선,한성대입구,12740,12344
2022-07-18,4호선,성신여대입구,19601,19121
2022-07-18,4호선,길음,20778,20507
2022-07-18,4호선,미아사거리,27080,26529
2022-07-18,4호선,미아,14906,14372
2022-07-18,4호선,수유,33350,33586
2022-07-18,4호선,쌍문,29028,27003
2022-07-18,4호선,창동,25653,27066
2022-07-18,4호선,노원,18318,21058
2022-07-18,4호선,상계,19667,18318
2022-07-18,4호선,당고개,9250,8252
2022-07-19,4호선,남태령,1341,1170
2022-07-19,4호선,사당,26170,21968
2022-07-19,4호선,총신대입구,19409,20896
2022-07-19,4호선,동작,1494,1613
2022-07-19,4호선,이촌,9214,10183
2022-07-19,4호선,신용산,18475,19759
2022-07-19,4호선,삼각지,5402,6186
2022-07-19,4호선,숙대입구,13377,12884
2022-07-19,4호선,서울역,12333,17928
2022-07-19,4호선,회현,26094,27295
2022-07-19,4호선,명동,20753,21353
2022-07-19,4호선,충무로,27295,28605
2022-07-19,4호선,동대문역사문화공원,15963,14167
2022-07-19,4호선,동대문,21014,21514
2022-07-19,4호선,혜화,34300,34147
2022-07-19,4호선,한성대입구,13390,12887
2022-07-19,4호선,성신여대입구,20340,19670
2022-07-19,4호선,길음,21321,21000
2022-07-19,4호선,미아사거리,27791,26970
2022-07-19,4호선,미아,15044,14422
2022-07-19,4호선,수유,34326,34658
2022-07-19,4호선,쌍문,29606,27761
2022-07-19,4호선,창동,26018,27614
2022-07-19,4호선,노원,19265,21716
2022-07-19,4호선,상계,19707,18426
2022-07-19,4호선,당고개,9365,8381
2022-07-20,4호선,당고개,9260,8307
2022-07-20,4호선,상계,20340,18876
2022-07-20,4호선,노원,19649,22282
2022-07-20,4호선,창동,26285,27819
2022-07-20,4호선,쌍문,30114,27816
2022-07-20,4호선,수유,34818,34942
2022-07-20,4호선,미아,15225,14753
2022-07-20,4호선,미아사거리,28049,27412
2022-07-20,4호선,길음,21594,21174
2022-07-20,4호선,성신여대입구,20474,19767
2022-07-20,4호선,한성대입구,13590,13205
2022-07-20,4호선,혜화,35708,35620
2022-07-20,4호선,동대문,21033,21314
2022-07-20,4호선,동대문역사문화공원,16436,14826
2022-07-20,4호선,충무로,27454,28583
2022-07-20,4호선,명동,21231,21926
2022-07-20,4호선,회현,26389,27553
2022-07-20,4호선,서울역,12955,19155
2022-07-20,4호선,숙대입구,13818,13202
2022-07-20,4호선,삼각지,5741,6264
2022-07-20,4호선,신용산,19213,19897
2022-07-20,4호선,이촌,9556,10571
2022-07-20,4호선,동작,1413,1498
2022-07-20,4호선,총신대입구,19823,21588
2022-07-20,4호선,사당,26734,22425
2022-07-20,4호선,남태령,1283,1176
2022-07-21,4호선,당고개,9396,8278
2022-07-21,4호선,상계,19561,18077
2022-07-21,4호선,노원,18598,21470
2022-07-21,4호선,창동,25797,27252
2022-07-21,4호선,쌍문,29320,26913
2022-07-21,4호선,수유,34074,33919
2022-07-21,4호선,미아,14882,14308
2022-07-21,4호선,미아사거리,27518,26239
2022-07-21,4호선,길음,21383,20549
2022-07-21,4호선,성신여대입구,19752,18876
2022-07-21,4호선,한성대입구,13318,12788
2022-07-21,4호선,혜화,34090,34917
2022-07-21,4호선,동대문,20708,21539
2022-07-21,4호선,동대문역사문화공원,16242,14603
2022-07-21,4호선,충무로,26968,28735
2022-07-21,4호선,명동,20429,21150
2022-07-21,4호선,회현,25270,26622
2022-07-21,4호선,서울역,12516,19199
2022-07-21,4호선,숙대입구,13235,12799
2022-07-21,4호선,삼각지,5525,6238
2022-07-21,4호선,신용산,18389,19299
2022-07-21,4호선,이촌,8758,9610
2022-07-21,4호선,동작,1294,1475
2022-07-21,4호선,총신대입구,19041,20763
2022-07-21,4호선,사당,26332,22119
2022-07-21,4호선,남태령,1261,1106
2022-07-22,4호선,한성대입구,13528,13210
2022-07-22,4호선,당고개,9591,8475
2022-07-22,4호선,상계,20042,18353
2022-07-22,4호선,노원,19789,23161
2022-07-22,4호선,창동,27255,28730
2022-07-22,4호선,쌍문,30037,27615
2022-07-22,4호선,수유,35321,35329
2022-07-22,4호선,미아,15373,14416
2022-07-22,4호선,미아사거리,28452,27519
2022-07-22,4호선,길음,21563,20375
2022-07-22,4호선,성신여대입구,20610,19895
2022-07-22,4호선,혜화,34418,34975
2022-07-22,4호선,동대문,21099,21107
2022-07-22,4호선,동대문역사문화공원,16659,14510
2022-07-22,4호선,충무로,27044,28928
2022-07-22,4호선,명동,21439,22589
2022-07-22,4호선,회현,25811,26898
2022-07-22,4호선,서울역,12354,21417
2022-07-22,4호선,숙대입구,13550,13098
2022-07-22,4호선,삼각지,5762,6583
2022-07-22,4호선,신용산,18734,19915
2022-07-22,4호선,이촌,9056,9802
2022-07-22,4호선,동작,1541,1603
2022-07-22,4호선,총신대입구,20290,21756
2022-07-22,4호선,사당,28013,23862
2022-07-22,4호선,남태령,1398,1129
2022-07-23,4호선,숙대입구,9830,9480
2022-07-23,4호선,삼각지,3901,4988
2022-07-23,4호선,신용산,11692,13043
2022-07-23,4호선,이촌,8849,9348
2022-07-23,4호선,동작,1131,1236
2022-07-23,4호선,총신대입구,14815,15786
2022-07-23,4호선,사당,21856,19465
2022-07-23,4호선,남태령,1134,737
2022-07-23,4호선,성신여대입구,16417,15360
2022-07-23,4호선,한성대입구,9922,9633
2022-07-23,4호선,혜화,30360,31081
2022-07-23,4호선,동대문,13779,14140
2022-07-23,4호선,동대문역사문화공원,12062,10565
2022-07-23,4호선,충무로,12766,13950
2022-07-23,4호선,명동,15446,17319
2022-07-23,4호선,회현,18974,19508
2022-07-23,4호선,서울역,6205,15369
2022-07-23,4호선,길음,14648,13945
2022-07-23,4호선,미아사거리,21373,20407
2022-07-23,4호선,미아,10789,9996
2022-07-23,4호선,수유,26270,25770
2022-07-23,4호선,쌍문,21250,18818
2022-07-23,4호선,창동,19836,20973
2022-07-23,4호선,노원,15679,17534
2022-07-23,4호선,상계,13917,12805
2022-07-23,4호선,당고개,7568,7007
2022-07-24,4호선,남태령,797,602
2022-07-24,4호선,사당,15087,14131
2022-07-24,4호선,총신대입구,10199,11159
2022-07-24,4호선,동작,889,968
2022-07-24,4호선,이촌,6844,7158
2022-07-24,4호선,신용산,8817,9056
2022-07-24,4호선,삼각지,2919,3795
2022-07-24,4호선,숙대입구,7955,7710
2022-07-24,4호선,서울역,4344,11049
2022-07-24,4호선,회현,8455,8638
2022-07-24,4호선,명동,12493,13104
2022-07-24,4호선,충무로,7177,7797
2022-07-24,4호선,동대문역사문화공원,9251,8432
2022-07-24,4호선,동대문,6661,6987
2022-07-24,4호선,혜화,23945,25139
2022-07-24,4호선,한성대입구,7470,7282
2022-07-24,4호선,성신여대입구,11986,11683
2022-07-24,4호선,길음,10604,10248
2022-07-24,4호선,미아사거리,15867,14668
2022-07-24,4호선,미아,7835,7416
2022-07-24,4호선,수유,19378,18915
2022-07-24,4호선,쌍문,15317,13899
2022-07-24,4호선,창동,14878,15597
2022-07-24,4호선,노원,11946,13019
2022-07-24,4호선,상계,10044,9401
2022-07-24,4호선,당고개,5651,5389
2022-07-25,4호선,남태령,1257,1031
2022-07-25,4호선,사당,24669,20754
2022-07-25,4호선,총신대입구,18815,20546
2022-07-25,4호선,동작,1364,1520
2022-07-25,4호선,이촌,8703,9441
2022-07-25,4호선,신용산,17675,18611
2022-07-25,4호선,삼각지,4992,5448
2022-07-25,4호선,숙대입구,12407,12118
2022-07-25,4호선,서울역,11787,18094
2022-07-25,4호선,회현,23093,24290
2022-07-25,4호선,명동,20530,20839
2022-07-25,4호선,충무로,25704,27065
2022-07-25,4호선,동대문역사문화공원,15969,14147
2022-07-25,4호선,동대문,21619,21898
2022-07-25,4호선,혜화,30888,30948
2022-07-25,4호선,한성대입구,12430,12150
2022-07-25,4호선,성신여대입구,19150,18586
2022-07-25,4호선,길음,20344,19791
2022-07-25,4호선,미아사거리,26632,26083
2022-07-25,4호선,미아,14570,14142
2022-07-25,4호선,수유,33399,33328
2022-07-25,4호선,쌍문,28730,26713
2022-07-25,4호선,창동,25114,26586
2022-07-25,4호선,노원,18208,20951
2022-07-25,4호선,상계,18569,17258
2022-07-25,4호선,당고개,9197,8095
2022-07-26,4호선,당고개,9197,8185
2022-07-26,4호선,상계,18885,17577
2022-07-26,4호선,노원,18345,20848
2022-07-26,4호선,창동,25215,26933
2022-07-26,4호선,쌍문,28897,26802
2022-07-26,4호선,수유,33478,33594
2022-07-26,4호선,미아,14750,14253
2022-07-26,4호선,미아사거리,26822,26458
2022-07-26,4호선,길음,20651,20082
2022-07-26,4호선,성신여대입구,19330,18810
2022-07-26,4호선,한성대입구,12705,12430
2022-07-26,4호선,혜화,32836,32956
2022-07-26,4호선,동대문,20848,21579
2022-07-26,4호선,동대문역사문화공원,16076,14113
2022-07-26,4호선,충무로,26112,27581
2022-07-26,4호선,명동,20131,20579
2022-07-26,4호선,회현,25231,26352
2022-07-26,4호선,서울역,12010,18191
2022-07-26,4호선,숙대입구,12924,12620
2022-07-26,4호선,삼각지,5326,5893
2022-07-26,4호선,신용산,18295,19139
2022-07-26,4호선,이촌,9361,10182
2022-07-26,4호선,동작,1270,1383
2022-07-26,4호선,총신대입구,19034,20440
2022-07-26,4호선,사당,25920,21408
2022-07-26,4호선,남태령,1319,1191
2022-07-27,4호선,남태령,1231,1068
2022-07-27,4호선,사당,25725,21370
2022-07-27,4호선,총신대입구,18816,20203
2022-07-27,4호선,동작,1355,1476
2022-07-27,4호선,이촌,10302,11118
2022-07-27,4호선,신용산,18405,19444
2022-07-27,4호선,삼각지,5355,6018
2022-07-27,4호선,숙대입구,12874,12412
2022-07-27,4호선,서울역,12168,19049
2022-07-27,4호선,회현,25596,26472
2022-07-27,4호선,명동,20980,21825
2022-07-27,4호선,충무로,26250,27799
2022-07-27,4호선,동대문역사문화공원,16303,14755
2022-07-27,4호선,동대문,21131,21567
2022-07-27,4호선,혜화,36102,36146
2022-07-27,4호선,한성대입구,12878,12395
2022-07-27,4호선,성신여대입구,19646,18944
2022-07-27,4호선,길음,20652,20066
2022-07-27,4호선,미아사거리,26742,26189
2022-07-27,4호선,미아,14637,13812
2022-07-27,4호선,수유,33302,33436
2022-07-27,4호선,쌍문,28857,26754
2022-07-27,4호선,창동,25276,26605
2022-07-27,4호선,노원,18358,20864
2022-07-27,4호선,상계,19000,17654
2022-07-27,4호선,당고개,8878,7828
2022-07-28,4호선,혜화,35366,35393
2022-07-28,4호선,동대문,21355,22010
2022-07-28,4호선,동대문역사문화공원,16639,14829
2022-07-28,4호선,충무로,26375,28092
2022-07-28,4호선,명동,20673,21544
2022-07-28,4호선,회현,25221,26529
2022-07-28,4호선,서울역,12162,19896
2022-07-28,4호선,숙대입구,12923,12562
2022-07-28,4호선,삼각지,5358,6138
2022-07-28,4호선,신용산,18379,19474
2022-07-28,4호선,이촌,9820,10628
2022-07-28,4호선,동작,1395,1559
2022-07-28,4호선,총신대입구,18622,20193
2022-07-28,4호선,사당,26148,21687
2022-07-28,4호선,남태령,1220,1051
2022-07-28,4호선,당고개,9047,8190
2022-07-28,4호선,상계,18676,17296
2022-07-28,4호선,노원,18292,20688
2022-07-28,4호선,창동,25080,26752
2022-07-28,4호선,쌍문,28609,26367
2022-07-28,4호선,수유,33159,33022
2022-07-28,4호선,미아,14622,13985
2022-07-28,4호선,미아사거리,26617,25834
2022-07-28,4호선,길음,20665,19842
2022-07-28,4호선,성신여대입구,19390,18585
2022-07-28,4호선,한성대입구,12931,12652
2022-07-29,4호선,당고개,9418,8389
2022-07-29,4호선,상계,18718,17259
2022-07-29,4호선,노원,18674,21562
2022-07-29,4호선,창동,25728,27374
2022-07-29,4호선,쌍문,28494,25839
2022-07-29,4호선,수유,33878,33983
2022-07-29,4호선,미아,14500,13460
2022-07-29,4호선,미아사거리,26984,26344
2022-07-29,4호선,길음,20726,19453
2022-07-29,4호선,성신여대입구,20123,19578
2022-07-29,4호선,한성대입구,13169,12723
2022-07-29,4호선,혜화,35334,35609
2022-07-29,4호선,동대문,21029,21057
2022-07-29,4호선,동대문역사문화공원,16493,14144
2022-07-29,4호선,충무로,25884,27475
2022-07-29,4호선,명동,21259,22454
2022-07-29,4호선,회현,25160,26005
2022-07-29,4호선,서울역,11956,21928
2022-07-29,4호선,숙대입구,13136,12985
2022-07-29,4호선,삼각지,5696,6560
2022-07-29,4호선,신용산,19052,20368
2022-07-29,4호선,이촌,10468,10945
2022-07-29,4호선,동작,1414,1532
2022-07-29,4호선,총신대입구,19179,20823
2022-07-29,4호선,사당,27195,22703
2022-07-29,4호선,남태령,1387,1080
2022-07-30,4호선,남태령,1055,630
2022-07-30,4호선,사당,20159,17228
2022-07-30,4호선,총신대입구,13132,14022
2022-07-30,4호선,동작,1070,1053
2022-07-30,4호선,이촌,9080,9567
2022-07-30,4호선,신용산,11731,12841
2022-07-30,4호선,삼각지,3529,4738
2022-07-30,4호선,숙대입구,9019,8808
2022-07-30,4호선,서울역,5889,15282
2022-07-30,4호선,회현,16907,17397
2022-07-30,4호선,명동,15074,16943
2022-07-30,4호선,충무로,11394,12961
2022-07-30,4호선,동대문역사문화공원,11904,10215
2022-07-30,4호선,동대문,12244,13015
2022-07-30,4호선,혜화,30118,30923
2022-07-30,4호선,한성대입구,9214,8726
2022-07-30,4호선,성신여대입구,15305,14611
2022-07-30,4호선,길음,13447,12407
2022-07-30,4호선,미아사거리,20386,19328
2022-07-30,4호선,미아,9648,8894
2022-07-30,4호선,수유,24653,24098
2022-07-30,4호선,쌍문,19518,17187
2022-07-30,4호선,창동,17981,19031
2022-07-30,4호선,노원,14406,16165
2022-07-30,4호선,상계,12693,11712
2022-07-30,4호선,당고개,6993,6473
2022-07-31,4호선,남태령,697,484
2022-07-31,4호선,사당,14160,12695
2022-07-31,4호선,총신대입구,8905,9686
2022-07-31,4호선,동작,589,655
2022-07-31,4호선,이촌,6916,7080
2022-07-31,4호선,신용산,9069,9194
2022-07-31,4호선,삼각지,2524,3463
2022-07-31,4호선,숙대입구,7562,7313
2022-07-31,4호선,서울역,4326,12258
2022-07-31,4호선,회현,8179,8105
2022-07-31,4호선,명동,12412,13077
2022-07-31,4호선,충무로,6725,7318
2022-07-31,4호선,동대문역사문화공원,9431,8710
2022-07-31,4호선,동대문,5664,6459
2022-07-31,4호선,혜화,23972,24467
2022-07-31,4호선,한성대입구,6789,6743
2022-07-31,4호선,성신여대입구,11411,10999
2022-07-31,4호선,길음,9530,9364
2022-07-31,4호선,미아사거리,14411,13643
2022-07-31,4호선,미아,7321,6947
2022-07-31,4호선,수유,18051,17547
2022-07-31,4호선,쌍문,14189,12814
2022-07-31,4호선,창동,13412,14019
2022-07-31,4호선,노원,10654,11452
2022-07-31,4호선,상계,8726,8251
2022-07-31,4호선,당고개,5124,4879
2022-08-01,4호선,당고개,7867,7046
2022-08-01,4호선,상계,16753,15605
2022-08-01,4호선,노원,16918,19179
2022-08-01,4호선,창동,22007,23522
2022-08-01,4호선,쌍문,25585,23603
2022-08-01,4호선,수유,30240,30298
2022-08-01,4호선,미아,12808,12454
2022-08-01,4호선,미아사거리,24107,23646
2022-08-01,4호선,길음,18170,17598
2022-08-01,4호선,성신여대입구,17678,17363
2022-08-01,4호선,한성대입구,11530,11058
2022-08-01,4호선,혜화,26440,26475
2022-08-01,4호선,동대문,11526,11986
2022-08-01,4호선,동대문역사문화공원,15044,13347
2022-08-01,4호선,충무로,21263,22503
2022-08-01,4호선,명동,20915,21649
2022-08-01,4호선,회현,23379,24158
2022-08-01,4호선,서울역,10882,18017
2022-08-01,4호선,숙대입구,11682,11381
2022-08-01,4호선,삼각지,4660,5225
2022-08-01,4호선,신용산,17203,18049
2022-08-01,4호선,이촌,9508,10324
2022-08-01,4호선,동작,1197,1274
2022-08-01,4호선,총신대입구,16929,18192
2022-08-01,4호선,사당,23135,18753
2022-08-01,4호선,남태령,1129,931
2022-08-02,4호선,남태령,1104,952
2022-08-02,4호선,사당,23948,19800
2022-08-02,4호선,총신대입구,17040,18547
2022-08-02,4호선,동작,1045,1161
2022-08-02,4호선,이촌,10301,10867
2022-08-02,4호선,신용산,17743,18510
2022-08-02,4호선,삼각지,5006,5585
2022-08-02,4호선,숙대입구,12038,11669
2022-08-02,4호선,서울역,11300,17341
2022-08-02,4호선,회현,24693,24758
2022-08-02,4호선,명동,20206,21078
2022-08-02,4호선,충무로,21609,22468
2022-08-02,4호선,동대문역사문화공원,14993,13231
2022-08-02,4호선,동대문,11247,11673
2022-08-02,4호선,혜화,31950,31850
2022-08-02,4호선,한성대입구,11659,11222
2022-08-02,4호선,성신여대입구,17965,17716
2022-08-02,4호선,길음,18484,18215
2022-08-02,4호선,미아사거리,24271,24022
2022-08-02,4호선,미아,12951,12675
2022-08-02,4호선,수유,30225,30785
2022-08-02,4호선,쌍문,25776,24182
2022-08-02,4호선,창동,22078,23718
2022-08-02,4호선,노원,16884,18996
2022-08-02,4호선,상계,17034,16030
2022-08-02,4호선,당고개,7992,7219
2022-08-03,4호선,남태령,1176,1029
2022-08-03,4호선,사당,23956,19854
2022-08-03,4호선,총신대입구,17550,18740
2022-08-03,4호선,동작,1191,1312
2022-08-03,4호선,이촌,10217,11122
2022-08-03,4호선,신용산,17493,18403
2022-08-03,4호선,삼각지,5046,5640
2022-08-03,4호선,숙대입구,12093,11633
2022-08-03,4호선,서울역,11041,17909
2022-08-03,4호선,회현,23327,24165
2022-08-03,4호선,명동,20497,20918
2022-08-03,4호선,충무로,22280,23317
2022-08-03,4호선,동대문역사문화공원,15430,13630
2022-08-03,4호선,동대문,11256,11606
2022-08-03,4호선,혜화,33817,34241
2022-08-03,4호선,한성대입구,11715,11133
2022-08-03,4호선,성신여대입구,17953,17386
2022-08-03,4호선,길음,18700,18155
2022-08-03,4호선,미아사거리,24656,24096
2022-08-03,4호선,미아,13245,12796
2022-08-03,4호선,수유,30612,31056
2022-08-03,4호선,쌍문,26461,24534
2022-08-03,4호선,창동,22672,24104
2022-08-03,4호선,노원,17001,19392
2022-08-03,4호선,상계,17223,15993
2022-08-03,4호선,당고개,8019,7095
2022-08-04,4호선,당고개,8836,7921
2022-08-04,4호선,상계,18302,16998
2022-08-04,4호선,노원,17894,20376
2022-08-04,4호선,창동,24011,25479
2022-08-04,4호선,쌍문,27657,25676
2022-08-04,4호선,수유,32466,32739
2022-08-04,4호선,미아,14050,13520
2022-08-04,4호선,미아사거리,25748,25454
2022-08-04,4호선,길음,19907,19450
2022-08-04,4호선,성신여대입구,19096,18577
2022-08-04,4호선,한성대입구,12533,11877
2022-08-04,4호선,혜화,34732,34981
2022-08-04,4호선,동대문,21782,22347
2022-08-04,4호선,동대문역사문화공원,16618,14527
2022-08-04,4호선,충무로,25458,26853
2022-08-04,4호선,명동,20972,21872
2022-08-04,4호선,회현,24534,25733
2022-08-04,4호선,서울역,11540,18146
2022-08-04,4호선,숙대입구,12533,12168
2022-08-04,4호선,삼각지,5385,5961
2022-08-04,4호선,신용산,17228,18468
2022-08-04,4호선,이촌,9760,10747
2022-08-04,4호선,동작,1267,1290
2022-08-04,4호선,총신대입구,18038,19665
2022-08-04,4호선,사당,25224,20894
2022-08-04,4호선,남태령,1196,1019
2022-08-05,4호선,남태령,1339,1014
2022-08-05,4호선,사당,26049,21656
2022-08-05,4호선,총신대입구,18962,20591
2022-08-05,4호선,동작,1350,1417
2022-08-05,4호선,이촌,9861,10731
2022-08-05,4호선,신용산,17299,18425
2022-08-05,4호선,삼각지,5536,6427
2022-08-05,4호선,숙대입구,12774,12486
2022-08-05,4호선,서울역,11542,19921
2022-08-05,4호선,회현,24736,25855
2022-08-05,4호선,명동,20949,21847
2022-08-05,4호선,충무로,25106,26715
2022-08-05,4호선,동대문역사문화공원,16053,13731
2022-08-05,4호선,동대문,20362,20735
2022-08-05,4호선,혜화,34681,34953
2022-08-05,4호선,한성대입구,12602,11860
2022-08-05,4호선,성신여대입구,19784,18963
2022-08-05,4호선,길음,19913,18929
2022-08-05,4호선,미아사거리,26358,25656
2022-08-05,4호선,미아,14075,13401
2022-08-05,4호선,수유,32968,33428
2022-08-05,4호선,쌍문,27954,25811
2022-08-05,4호선,창동,25141,26688
2022-08-05,4호선,노원,18523,21506
2022-08-05,4호선,상계,18069,16850
2022-08-05,4호선,당고개,8783,7824
2022-08-06,4호선,당고개,6893,6430
2022-08-06,4호선,상계,12997,11820
2022-08-06,4호선,노원,14706,16741
2022-08-06,4호선,창동,18373,19287
2022-08-06,4호선,쌍문,19746,17411
2022-08-06,4호선,수유,25006,24482
2022-08-06,4호선,미아,10293,9373
2022-08-06,4호선,미아사거리,20389,19023
2022-08-06,4호선,길음,13911,12817
2022-08-06,4호선,성신여대입구,15372,14574
2022-08-06,4호선,한성대입구,9390,8950
2022-08-06,4호선,혜화,27484,29156
2022-08-06,4호선,동대문,12800,13282
2022-08-06,4호선,동대문역사문화공원,11416,9852
2022-08-06,4호선,충무로,11268,12605
2022-08-06,4호선,명동,14508,16158
2022-08-06,4호선,회현,16531,17222
2022-08-06,4호선,서울역,5649,13721
2022-08-06,4호선,숙대입구,9383,9126
2022-08-06,4호선,삼각지,3598,4687
2022-08-06,4호선,신용산,11053,12032
2022-08-06,4호선,이촌,8989,9339
2022-08-06,4호선,동작,969,988
2022-08-06,4호선,총신대입구,13098,14251
2022-08-06,4호선,사당,19940,17303
2022-08-06,4호선,남태령,1105,731
2022-08-07,4호선,당고개,5571,5393
2022-08-07,4호선,상계,9417,8810
2022-08-07,4호선,노원,11194,12035
2022-08-07,4호선,창동,14355,14889
2022-08-07,4호선,쌍문,14848,13497
2022-08-07,4호선,수유,18657,18151
2022-08-07,4호선,미아,7660,7252
2022-08-07,4호선,미아사거리,14943,14281
2022-08-07,4호선,길음,9921,9604
2022-08-07,4호선,성신여대입구,11589,11181
2022-08-07,4호선,한성대입구,7218,7247
2022-08-07,4호선,혜화,22600,23355
2022-08-07,4호선,동대문,6289,5992
2022-08-07,4호선,동대문역사문화공원,8974,7508
2022-08-07,4호선,충무로,6984,7550
2022-08-07,4호선,명동,12088,12490
2022-08-07,4호선,회현,8323,8303
2022-08-07,4호선,서울역,4231,10775
2022-08-07,4호선,숙대입구,7282,7202
2022-08-07,4호선,삼각지,2797,3542
2022-08-07,4호선,신용산,9014,9183
2022-08-07,4호선,이촌,6761,7193
2022-08-07,4호선,동작,811,814
2022-08-07,4호선,총신대입구,9599,10369
2022-08-07,4호선,사당,14442,13276
2022-08-07,4호선,남태령,707,518
2022-08-08,4호선,당고개,7870,7055
2022-08-08,4호선,상계,16586,15842
2022-08-08,4호선,노원,16191,18262
2022-08-08,4호선,창동,21957,23842
2022-08-08,4호선,쌍문,25836,24513
2022-08-08,4호선,수유,29404,30274
2022-08-08,4호선,미아,12741,12498
2022-08-08,4호선,미아사거리,23108,22956
2022-08-08,4호선,길음,17914,18418
2022-08-08,4호선,성신여대입구,17043,17071
2022-08-08,4호선,한성대입구,11339,11181
2022-08-08,4호선,혜화,29068,28676
2022-08-08,4호선,동대문,15622,15756
2022-08-08,4호선,동대문역사문화공원,13159,11195
2022-08-08,4호선,충무로,24358,25186
2022-08-08,4호선,명동,18485,18996
2022-08-08,4호선,회현,15764,16226
2022-08-08,4호선,서울역,11438,17705
2022-08-08,4호선,숙대입구,11886,11496
2022-08-08,4호선,삼각지,4800,5059
2022-08-08,4호선,신용산,17812,17533
2022-08-08,4호선,이촌,8391,9035
2022-08-08,4호선,동작,1188,1630
2022-08-08,4호선,총신대입구,16973,18401
2022-08-08,4호선,사당,23660,18547
2022-08-08,4호선,남태령,1438,977
2022-08-09,4호선,당고개,7565,6912
2022-08-09,4호선,상계,16454,15871
2022-08-09,4호선,노원,16006,18018
2022-08-09,4호선,창동,21682,23386
2022-08-09,4호선,쌍문,24732,23849
2022-08-09,4호선,수유,28447,29251
2022-08-09,4호선,미아,12538,12408
2022-08-09,4호선,미아사거리,23024,23357
2022-08-09,4호선,길음,17687,18233
2022-08-09,4호선,성신여대입구,16506,16343
2022-08-09,4호선,한성대입구,10973,10745
2022-08-09,4호선,혜화,28478,28315
2022-08-09,4호선,동대문,13644,13923
2022-08-09,4호선,동대문역사문화공원,12737,10883
2022-08-09,4호선,충무로,23516,23898
2022-08-09,4호선,명동,17068,17761
2022-08-09,4호선,회현,17085,16702
2022-08-09,4호선,서울역,10953,16119
2022-08-09,4호선,숙대입구,11001,10677
2022-08-09,4호선,삼각지,4357,4771
2022-08-09,4호선,신용산,16368,16386
2022-08-09,4호선,이촌,7904,8194
2022-08-09,4호선,동작,2060,2667
2022-08-09,4호선,총신대입구,14636,15149
2022-08-09,4호선,사당,18898,15230
2022-08-09,4호선,남태령,999,874
2022-08-10,4호선,당고개,8521,7584
2022-08-10,4호선,상계,18222,17131
2022-08-10,4호선,노원,18123,20507
2022-08-10,4호선,창동,24971,26511
2022-08-10,4호선,쌍문,27757,25950
2022-08-10,4호선,수유,32062,32434
2022-08-10,4호선,미아,13997,13613
2022-08-10,4호선,미아사거리,25947,25718
2022-08-10,4호선,길음,20119,19597
2022-08-10,4호선,성신여대입구,18914,18616
2022-08-10,4호선,한성대입구,12518,12102
2022-08-10,4호선,혜화,34339,34477
2022-08-10,4호선,동대문,16223,16754
2022-08-10,4호선,동대문역사문화공원,14295,12276
2022-08-10,4호선,충무로,25862,26956
2022-08-10,4호선,명동,20239,20974
2022-08-10,4호선,회현,19828,20580
2022-08-10,4호선,서울역,11612,17843
2022-08-10,4호선,숙대입구,12776,12741
2022-08-10,4호선,삼각지,5745,6441
2022-08-10,4호선,신용산,18741,19506
2022-08-10,4호선,남태령,1129,1015
2022-08-10,4호선,사당,22964,19150
2022-08-10,4호선,총신대입구,18178,19838
2022-08-10,4호선,동작,1468,1400
2022-08-10,4호선,이촌,11408,11185
2022-08-11,4호선,당고개,8296,7534
2022-08-11,4호선,동대문역사문화공원,14321,12495
2022-08-11,4호선,충무로,25288,26608
2022-08-11,4호선,명동,19508,20367
2022-08-11,4호선,회현,18669,19576
2022-08-11,4호선,서울역,11593,18174
2022-08-11,4호선,숙대입구,12611,12420
2022-08-11,4호선,삼각지,5306,6053
2022-08-11,4호선,신용산,18421,19897
2022-08-11,4호선,이촌,9391,9879
2022-08-11,4호선,동작,1206,1262
2022-08-11,4호선,총신대입구,17876,19176
2022-08-11,4호선,사당,24224,19840
2022-08-11,4호선,남태령,1263,1119
2022-08-11,4호선,상계,17959,16757
2022-08-11,4호선,노원,17950,20452
2022-08-11,4호선,창동,24278,25713
2022-08-11,4호선,쌍문,27251,25502
2022-08-11,4호선,수유,31693,32096
2022-08-11,4호선,미아,13686,13166
2022-08-11,4호선,미아사거리,25746,25039
2022-08-11,4호선,길음,19806,19135
2022-08-11,4호선,성신여대입구,18665,18102
2022-08-11,4호선,한성대입구,12205,11833
2022-08-11,4호선,혜화,33797,34268
2022-08-11,4호선,동대문,15737,16364
2022-08-12,4호선,당고개,9449,8448
2022-08-12,4호선,상계,18761,17478
2022-08-12,4호선,노원,19258,22241
2022-08-12,4호선,창동,26404,27843
2022-08-12,4호선,쌍문,28818,26269
2022-08-12,4호선,수유,34200,34647
2022-08-12,4호선,미아,14353,13564
2022-08-12,4호선,미아사거리,27261,26714
2022-08-12,4호선,길음,20758,19528
2022-08-12,4호선,성신여대입구,20441,19653
2022-08-12,4호선,한성대입구,13504,12938
2022-08-12,4호선,혜화,35695,36041
2022-08-12,4호선,동대문,17523,17977
2022-08-12,4호선,동대문역사문화공원,15294,13534
2022-08-12,4호선,충무로,25771,27452
2022-08-12,4호선,명동,21343,22583
2022-08-12,4호선,회현,20137,21186
2022-08-12,4호선,서울역,11955,21782
2022-08-12,4호선,숙대입구,13415,13101
2022-08-12,4호선,삼각지,5856,6711
2022-08-12,4호선,신용산,19698,21098
2022-08-12,4호선,이촌,10030,10894
2022-08-12,4호선,동작,1393,1543
2022-08-12,4호선,총신대입구,19728,21205
2022-08-12,4호선,사당,27025,22680
2022-08-12,4호선,남태령,1514,1245
2022-08-13,4호선,남태령,1088,767
2022-08-13,4호선,사당,18823,16436
2022-08-13,4호선,총신대입구,12632,13143
2022-08-13,4호선,동작,878,921
2022-08-13,4호선,이촌,9200,9681
2022-08-13,4호선,신용산,11098,12643
2022-08-13,4호선,삼각지,3742,4669
2022-08-13,4호선,숙대입구,9342,8605
2022-08-13,4호선,서울역,6026,15933
2022-08-13,4호선,회현,13066,13652
2022-08-13,4호선,명동,14333,16488
2022-08-13,4호선,충무로,11015,12079
2022-08-13,4호선,동대문역사문화공원,10866,9505
2022-08-13,4호선,동대문,11104,11573
2022-08-13,4호선,혜화,26533,27926
2022-08-13,4호선,한성대입구,9041,8604
2022-08-13,4호선,성신여대입구,15162,14181
2022-08-13,4호선,길음,13154,12243
2022-08-13,4호선,미아사거리,19604,18358
2022-08-13,4호선,미아,9847,9000
2022-08-13,4호선,수유,23685,23210
2022-08-13,4호선,쌍문,19056,16619
2022-08-13,4호선,창동,17779,18815
2022-08-13,4호선,노원,14005,15738
2022-08-13,4호선,상계,12346,11123
2022-08-13,4호선,당고개,6511,6047
2022-08-14,4호선,당고개,5443,5244
2022-08-14,4호선,상계,9557,9073
2022-08-14,4호선,노원,11788,13117
2022-08-14,4호선,창동,14701,15384
2022-08-14,4호선,쌍문,15203,13795
2022-08-14,4호선,수유,19556,18815
2022-08-14,4호선,미아,7814,7237
2022-08-14,4호선,미아사거리,15335,14295
2022-08-14,4호선,길음,10290,9958
2022-08-14,4호선,성신여대입구,12284,11849
2022-08-14,4호선,한성대입구,7152,7086
2022-08-14,4호선,혜화,24532,25454
2022-08-14,4호선,동대문,7076,6681
2022-08-14,4호선,동대문역사문화공원,9976,9045
2022-08-14,4호선,충무로,7414,8205
2022-08-14,4호선,명동,13744,14879
2022-08-14,4호선,회현,8492,8459
2022-08-14,4호선,서울역,4547,11263
2022-08-14,4호선,숙대입구,7802,7477
2022-08-14,4호선,삼각지,3058,4090
2022-08-14,4호선,신용산,9447,10107
2022-08-14,4호선,이촌,8052,7983
2022-08-14,4호선,동작,710,767
2022-08-14,4호선,총신대입구,9924,10641
2022-08-14,4호선,사당,14757,13322
2022-08-14,4호선,남태령,802,506
2022-08-15,4호선,남태령,600,493
2022-08-15,4호선,사당,13082,12189
2022-08-15,4호선,총신대입구,9382,10295
2022-08-15,4호선,동작,800,881
2022-08-15,4호선,이촌,6749,7021
2022-08-15,4호선,신용산,8903,9038
2022-08-15,4호선,삼각지,2670,3667
2022-08-15,4호선,숙대입구,5920,5795
2022-08-15,4호선,서울역,4071,10142
2022-08-15,4호선,회현,14757,14646
2022-08-15,4호선,명동,12067,12259
2022-08-15,4호선,충무로,7915,8778
2022-08-15,4호선,동대문역사문화공원,9856,8589
2022-08-15,4호선,동대문,12705,13600
2022-08-15,4호선,혜화,20419,21390
2022-08-15,4호선,한성대입구,6932,6845
2022-08-15,4호선,성신여대입구,11671,11515
2022-08-15,4호선,길음,10029,9868
2022-08-15,4호선,미아사거리,15016,14574
2022-08-15,4호선,미아,7840,7487
2022-08-15,4호선,수유,18895,18611
2022-08-15,4호선,쌍문,14676,13507
2022-08-15,4호선,창동,13656,14341
2022-08-15,4호선,노원,11061,12207
2022-08-15,4호선,상계,9622,9056
2022-08-15,4호선,당고개,5237,4864
2022-08-16,4호선,당고개,8801,7826
2022-08-16,4호선,상계,18247,17171
2022-08-16,4호선,노원,18212,20750
2022-08-16,4호선,창동,24412,25964
2022-08-16,4호선,쌍문,28225,26539
2022-08-16,4호선,수유,32716,33140
2022-08-16,4호선,미아,14541,14169
2022-08-16,4호선,미아사거리,26237,25888
2022-08-16,4호선,길음,19896,19835
2022-08-16,4호선,성신여대입구,19040,18750
2022-08-16,4호선,한성대입구,12603,12217
2022-08-16,4호선,혜화,30718,31023
2022-08-16,4호선,동대문,20391,20788
2022-08-16,4호선,동대문역사문화공원,15268,13532
2022-08-16,4호선,충무로,25755,27327
2022-08-16,4호선,명동,20039,21107
2022-08-16,4호선,회현,25189,26484
2022-08-16,4호선,서울역,11483,17342
2022-08-16,4호선,숙대입구,12912,12570
2022-08-16,4호선,삼각지,5130,5823
2022-08-16,4호선,신용산,18452,19026
2022-08-16,4호선,이촌,9153,10013
2022-08-16,4호선,동작,1279,1383
2022-08-16,4호선,총신대입구,18094,19994
2022-08-16,4호선,사당,22776,20096
2022-08-16,4호선,남태령,1199,993
2022-08-17,4호선,충무로,26384,27615
2022-08-17,4호선,동대문역사문화공원,15686,14551
2022-08-17,4호선,동대문,20099,20316
2022-08-17,4호선,혜화,35085,33467
2022-08-17,4호선,한성대입구,12995,12998
2022-08-17,4호선,성신여대입구,19377,18860
2022-08-17,4호선,길음,20533,20837
2022-08-17,4호선,미아사거리,26306,26337
2022-08-17,4호선,미아,14737,14955
2022-08-17,4호선,수유,32772,33497
2022-08-17,4호선,쌍문,26079,27131
2022-08-17,4호선,창동,25463,26926
2022-08-17,4호선,노원,18146,20485
2022-08-17,4호선,상계,18619,17654
2022-08-17,4호선,당고개,8983,8181
2022-08-17,4호선,명동,20308,20312
2022-08-17,4호선,회현,24905,24253
2022-08-17,4호선,서울역,11926,17459
2022-08-17,4호선,숙대입구,13177,12596
2022-08-17,4호선,삼각지,5534,7073
2022-08-17,4호선,신용산,18548,18632
2022-08-17,4호선,이촌,9836,10948
2022-08-17,4호선,동작,1256,1472
2022-08-17,4호선,총신대입구,18901,20800
2022-08-17,4호선,사당,26619,21392
2022-08-17,4호선,남태령,1275,1778
2022-08-18,4호선,남태령,1246,1097
2022-08-18,4호선,사당,25253,21446
2022-08-18,4호선,총신대입구,18999,20664
2022-08-18,4호선,동작,1365,1508
2022-08-18,4호선,이촌,9278,10353
2022-08-18,4호선,신용산,18376,19364
2022-08-18,4호선,삼각지,5563,6350
2022-08-18,4호선,숙대입구,13325,12731
2022-08-18,4호선,서울역,12043,18654
2022-08-18,4호선,회현,25516,26182
2022-08-18,4호선,명동,20633,21254
2022-08-18,4호선,충무로,26262,27803
2022-08-18,4호선,동대문역사문화공원,15529,14052
2022-08-18,4호선,동대문,20181,20498
2022-08-18,4호선,혜화,35088,35104
2022-08-18,4호선,한성대입구,13010,12593
2022-08-18,4호선,성신여대입구,19428,18939
2022-08-18,4호선,길음,20474,20196
2022-08-18,4호선,미아사거리,26808,26342
2022-08-18,4호선,미아,14815,14346
2022-08-18,4호선,수유,33266,33680
2022-08-18,4호선,쌍문,28472,26990
2022-08-18,4호선,창동,25505,26835
2022-08-18,4호선,노원,18649,20981
2022-08-18,4호선,상계,18792,17796
2022-08-18,4호선,당고개,9056,8043
2022-08-19,4호선,남태령,1403,1112
2022-08-19,4호선,사당,26848,22392
2022-08-19,4호선,총신대입구,19367,21206
2022-08-19,4호선,동작,1232,1367
2022-08-19,4호선,이촌,9248,10028
2022-08-19,4호선,신용산,19046,19544
2022-08-19,4호선,삼각지,5842,6625
2022-08-19,4호선,숙대입구,13436,13086
2022-08-19,4호선,서울역,12419,20863
2022-08-19,4호선,회현,25790,25641
2022-08-19,4호선,명동,20103,21235
2022-08-19,4호선,충무로,26189,27117
2022-08-19,4호선,동대문역사문화공원,15633,13278
2022-08-19,4호선,동대문,20356,19347
2022-08-19,4호선,혜화,35001,34566
2022-08-19,4호선,한성대입구,13657,13298
2022-08-19,4호선,성신여대입구,19431,19269
2022-08-19,4호선,길음,20253,20317
2022-08-19,4호선,미아사거리,26643,26445
2022-08-19,4호선,미아,14771,14245
2022-08-19,4호선,수유,33170,34525
2022-08-19,4호선,쌍문,28518,26718
2022-08-19,4호선,창동,25727,27398
2022-08-19,4호선,노원,18308,21392
2022-08-19,4호선,상계,18727,17739
2022-08-19,4호선,당고개,8938,8079
2022-08-20,4호선,남태령,1162,782
2022-08-20,4호선,사당,22036,20241
2022-08-20,4호선,총신대입구,14244,15231
2022-08-20,4호선,동작,1338,1341
2022-08-20,4호선,이촌,9780,10454
2022-08-20,4호선,신용산,11731,12981
2022-08-20,4호선,삼각지,4062,5571
2022-08-20,4호선,숙대입구,9654,9451
2022-08-20,4호선,서울역,6243,15529
2022-08-20,4호선,회현,17970,19053
2022-08-20,4호선,명동,16145,18060
2022-08-20,4호선,충무로,12623,14127
2022-08-20,4호선,동대문역사문화공원,12458,10386
2022-08-20,4호선,동대문,13187,10832
2022-08-20,4호선,혜화,30924,33013
2022-08-20,4호선,한성대입구,10238,9632
2022-08-20,4호선,성신여대입구,16530,15725
2022-08-20,4호선,길음,14791,13601
2022-08-20,4호선,미아사거리,21593,20338
2022-08-20,4호선,미아,11546,10590
2022-08-20,4호선,수유,26750,25958
2022-08-20,4호선,쌍문,21585,18952
2022-08-20,4호선,창동,19767,20744
2022-08-20,4호선,노원,15498,17499
2022-08-20,4호선,상계,14025,12702
2022-08-20,4호선,당고개,7310,6574
2022-08-21,4호선,당고개,5938,5632
2022-08-21,4호선,상계,10169,9585
2022-08-21,4호선,노원,11609,12582
2022-08-21,4호선,창동,15039,15606
2022-08-21,4호선,쌍문,16031,14219
2022-08-21,4호선,수유,20055,19343
2022-08-21,4호선,미아,8193,7563
2022-08-21,4호선,미아사거리,15938,15287
2022-08-21,4호선,길음,10776,10351
2022-08-21,4호선,성신여대입구,12616,12206
2022-08-21,4호선,한성대입구,7584,7636
2022-08-21,4호선,혜화,24542,25949
2022-08-21,4호선,동대문,6695,7165
2022-08-21,4호선,동대문역사문화공원,9800,8832
2022-08-21,4호선,명동,13146,13923
2022-08-21,4호선,회현,8541,8598
2022-08-21,4호선,서울역,4618,11784
2022-08-21,4호선,숙대입구,8321,7833
2022-08-21,4호선,삼각지,3124,4247
2022-08-21,4호선,신용산,9493,10038
2022-08-21,4호선,이촌,7357,7827
2022-08-21,4호선,동작,945,1040
2022-08-21,4호선,총신대입구,10260,11199
2022-08-21,4호선,사당,16086,14660
2022-08-21,4호선,남태령,886,616
2022-08-21,4호선,충무로,7759,8627
2022-08-22,4호선,남태령,1295,1171
2022-08-22,4호선,사당,24011,19802
2022-08-22,4호선,총신대입구,18696,20219
2022-08-22,4호선,동작,1245,1424
2022-08-22,4호선,이촌,8498,9441
2022-08-22,4호선,신용산,16169,16905
2022-08-22,4호선,삼각지,5166,5695
2022-08-22,4호선,숙대입구,12893,12446
2022-08-22,4호선,서울역,11560,17280
2022-08-22,4호선,회현,24858,25777
2022-08-22,4호선,명동,20200,20865
2022-08-22,4호선,충무로,25181,26565
2022-08-22,4호선,동대문역사문화공원,15254,13481
2022-08-22,4호선,동대문,20344,20859
2022-08-22,4호선,혜화,30678,30776
2022-08-22,4호선,한성대입구,12753,12101
2022-08-22,4호선,성신여대입구,18992,18425
2022-08-22,4호선,길음,19694,19630
2022-08-22,4호선,미아사거리,26051,25382
2022-08-22,4호선,미아,14728,14184
2022-08-22,4호선,수유,32652,32889
2022-08-22,4호선,쌍문,28361,26736
2022-08-22,4호선,창동,24780,26050
2022-08-22,4호선,노원,17910,19759
2022-08-22,4호선,상계,18866,17577
2022-08-22,4호선,당고개,9162,8273
2022-08-23,4호선,당고개,9200,8115
2022-08-23,4호선,상계,19271,17994
2022-08-23,4호선,노원,18465,21161
2022-08-23,4호선,창동,25294,26765
2022-08-23,4호선,쌍문,28848,27046
2022-08-23,4호선,수유,33231,33660
2022-08-23,4호선,미아,15136,14589
2022-08-23,4호선,미아사거리,27008,26495
2022-08-23,4호선,길음,20607,20374
2022-08-23,4호선,성신여대입구,19603,19110
2022-08-23,4호선,한성대입구,13377,12743
2022-08-23,4호선,혜화,32755,32818
2022-08-23,4호선,동대문,20462,21021
2022-08-23,4호선,동대문역사문화공원,15894,13970
2022-08-23,4호선,충무로,26796,28025
2022-08-23,4호선,명동,21214,21752
2022-08-23,4호선,회현,25408,26639
2022-08-23,4호선,서울역,11841,17625
2022-08-23,4호선,숙대입구,13332,12992
2022-08-23,4호선,삼각지,5347,6049
2022-08-23,4호선,신용산,18307,19230
2022-08-23,4호선,이촌,9446,10363
2022-08-23,4호선,동작,1459,1614
2022-08-23,4호선,총신대입구,18991,20540
2022-08-23,4호선,사당,25246,21030
2022-08-23,4호선,남태령,1525,1321
2022-08-24,4호선,남태령,1458,1299
2022-08-24,4호선,사당,25646,21258
2022-08-24,4호선,총신대입구,19378,20983
2022-08-24,4호선,동작,1531,1627
2022-08-24,4호선,이촌,10183,11220
2022-08-24,4호선,신용산,18328,19073
2022-08-24,4호선,삼각지,5638,6354
2022-08-24,4호선,숙대입구,13882,13222
2022-08-24,4호선,서울역,12244,18448
2022-08-24,4호선,회현,25341,26628
2022-08-24,4호선,명동,21457,22155
2022-08-24,4호선,충무로,26975,28213
2022-08-24,4호선,동대문역사문화공원,16645,14862
2022-08-24,4호선,동대문,20644,20912
2022-08-24,4호선,혜화,34980,35471
2022-08-24,4호선,한성대입구,13518,12917
2022-08-24,4호선,성신여대입구,19828,19259
2022-08-24,4호선,길음,21221,20849
2022-08-24,4호선,미아사거리,27732,27069
2022-08-24,4호선,미아,15246,14610
2022-08-24,4호선,수유,33982,34547
2022-08-24,4호선,쌍문,29363,27515
2022-08-24,4호선,창동,26015,27503
2022-08-24,4호선,노원,18638,21209
2022-08-24,4호선,상계,19657,18501
2022-08-24,4호선,당고개,9081,8055
2022-08-25,4호선,남태령,1538,1227
2022-08-25,4호선,사당,26110,21905
2022-08-25,4호선,총신대입구,19282,21018
2022-08-25,4호선,동작,1330,1395
2022-08-25,4호선,이촌,9386,10360
2022-08-25,4호선,신용산,18366,19459
2022-08-25,4호선,삼각지,5829,6466
2022-08-25,4호선,숙대입구,13850,13451
2022-08-25,4호선,서울역,12313,19001
2022-08-25,4호선,회현,25017,26194
2022-08-25,4호선,명동,21145,22047
2022-08-25,4호선,충무로,28523,29650
2022-08-25,4호선,동대문역사문화공원,16498,14789
2022-08-25,4호선,동대문,20039,20431
2022-08-25,4호선,혜화,34673,35084
2022-08-25,4호선,한성대입구,13512,12819
2022-08-25,4호선,성신여대입구,19918,19371
2022-08-25,4호선,길음,20878,20431
2022-08-25,4호선,미아사거리,27285,26808
2022-08-25,4호선,미아,15263,14719
2022-08-25,4호선,수유,33660,33866
2022-08-25,4호선,쌍문,29021,27291
2022-08-25,4호선,창동,25416,26851
2022-08-25,4호선,노원,18403,21011
2022-08-25,4호선,상계,19500,18390
2022-08-25,4호선,당고개,9238,8113
2022-08-26,4호선,당고개,9570,8403
2022-08-26,4호선,상계,20170,18928
2022-08-26,4호선,노원,19887,23274
2022-08-26,4호선,창동,27755,29441
2022-08-26,4호선,쌍문,30275,28077
2022-08-26,4호선,수유,35600,36244
2022-08-26,4호선,미아,15867,15081
2022-08-26,4호선,미아사거리,29160,28434
2022-08-26,4호선,길음,21710,20944
2022-08-26,4호선,성신여대입구,21397,20798
2022-08-26,4호선,한성대입구,13864,13071
2022-08-26,4호선,혜화,36361,36380
2022-08-26,4호선,동대문,20792,20746
2022-08-26,4호선,동대문역사문화공원,16291,13894
2022-08-26,4호선,충무로,27766,29851
2022-08-26,4호선,명동,22427,23828
2022-08-26,4호선,회현,25844,26926
2022-08-26,4호선,서울역,12535,21396
2022-08-26,4호선,숙대입구,14670,14261
2022-08-26,4호선,삼각지,6102,7052
2022-08-26,4호선,신용산,19207,20475
2022-08-26,4호선,이촌,10065,11196
2022-08-26,4호선,동작,1832,1996
2022-08-26,4호선,총신대입구,20834,22657
2022-08-26,4호선,사당,28168,23721
2022-08-26,4호선,남태령,1540,1157
2022-08-27,4호선,남태령,1564,865
2022-08-27,4호선,사당,23489,20887
2022-08-27,4호선,총신대입구,15384,16770
2022-08-27,4호선,동작,2282,2269
2022-08-27,4호선,이촌,11518,12725
2022-08-27,4호선,신용산,12812,14032
2022-08-27,4호선,삼각지,4441,5964
2022-08-27,4호선,숙대입구,10428,10144
2022-08-27,4호선,서울역,6670,16355
2022-08-27,4호선,회현,19310,20142
2022-08-27,4호선,명동,18150,20821
2022-08-27,4호선,충무로,14067,16395
2022-08-27,4호선,동대문역사문화공원,12884,11378
2022-08-27,4호선,동대문,14750,14962
2022-08-27,4호선,혜화,32921,35051
2022-08-27,4호선,한성대입구,11096,10742
2022-08-27,4호선,성신여대입구,17366,16391
2022-08-27,4호선,길음,16296,15054
2022-08-27,4호선,미아사거리,23765,22378
2022-08-27,4호선,미아,11451,10450
2022-08-27,4호선,수유,28035,27446
2022-08-27,4호선,쌍문,22746,19754
2022-08-27,4호선,창동,21316,22393
2022-08-27,4호선,노원,16663,18687
2022-08-27,4호선,상계,14967,13650
2022-08-27,4호선,당고개,7884,7088
2022-08-28,4호선,당고개,5933,5615
2022-08-28,4호선,상계,11006,9923
2022-08-28,4호선,노원,12262,13369
2022-08-28,4호선,창동,15873,16524
2022-08-28,4호선,쌍문,16910,15262
2022-08-28,4호선,수유,20794,20197
2022-08-28,4호선,미아,8480,7843
2022-08-28,4호선,미아사거리,16729,15848
2022-08-28,4호선,길음,11230,10895
2022-08-28,4호선,성신여대입구,12886,12452
2022-08-28,4호선,한성대입구,8124,8184
2022-08-28,4호선,혜화,25687,27553
2022-08-28,4호선,동대문,7724,8433
2022-08-28,4호선,동대문역사문화공원,10550,9673
2022-08-28,4호선,충무로,8968,10314
2022-08-28,4호선,명동,15062,16279
2022-08-28,4호선,회현,9726,9584
2022-08-28,4호선,서울역,5077,13353
2022-08-28,4호선,숙대입구,8326,8282
2022-08-28,4호선,삼각지,3459,4671
2022-08-28,4호선,신용산,9540,10025
2022-08-28,4호선,이촌,8359,9102
2022-08-28,4호선,동작,1424,1549
2022-08-28,4호선,총신대입구,11047,12097
2022-08-28,4호선,사당,16750,15615
2022-08-28,4호선,남태령,946,674
2022-08-29,4호선,남태령,1313,1096
2022-08-29,4호선,사당,25165,20778
2022-08-29,4호선,총신대입구,19043,20858
2022-08-29,4호선,동작,1337,1493
2022-08-29,4호선,이촌,7374,8130
2022-08-29,4호선,신용산,17792,18603
2022-08-29,4호선,삼각지,5208,5721
2022-08-29,4호선,숙대입구,13245,12798
2022-08-29,4호선,서울역,12168,18238
2022-08-29,4호선,회현,25289,26541
2022-08-29,4호선,명동,22933,23977
2022-08-29,4호선,충무로,26361,27991
2022-08-29,4호선,동대문역사문화공원,15474,13790
2022-08-29,4호선,동대문,20086,20863
2022-08-29,4호선,혜화,31154,31660
2022-08-29,4호선,한성대입구,14732,14084
2022-08-29,4호선,성신여대입구,19556,18963
2022-08-29,4호선,길음,20488,20205
2022-08-29,4호선,미아사거리,27460,26701
2022-08-29,4호선,미아,15114,14691
2022-08-29,4호선,수유,33238,33681
2022-08-29,4호선,쌍문,29169,27224
2022-08-29,4호선,창동,25475,26978
2022-08-29,4호선,노원,18375,20717
2022-08-29,4호선,상계,19493,18257
2022-08-29,4호선,당고개,9314,8088
2022-08-30,4호선,당고개,8796,7788
2022-08-30,4호선,상계,19160,17960
2022-08-30,4호선,노원,17752,20265
2022-08-30,4호선,창동,24846,26657
2022-08-30,4호선,쌍문,28658,27018
2022-08-30,4호선,수유,32644,32908
2022-08-30,4호선,미아,14702,14135
2022-08-30,4호선,미아사거리,26755,25942
2022-08-30,4호선,길음,20524,20571
2022-08-30,4호선,성신여대입구,19285,18742
2022-08-30,4호선,한성대입구,14977,14400
2022-08-30,4호선,혜화,32987,32512
2022-08-30,4호선,동대문,19187,19491
2022-08-30,4호선,동대문역사문화공원,15417,14441
2022-08-30,4호선,충무로,26914,27706
2022-08-30,4호선,명동,22888,23386
2022-08-30,4호선,회현,24514,24838
2022-08-30,4호선,서울역,12178,17952
2022-08-30,4호선,숙대입구,13141,12787
2022-08-30,4호선,삼각지,5656,6419
2022-08-30,4호선,신용산,18269,18944
2022-08-30,4호선,이촌,7735,8597
2022-08-30,4호선,동작,992,1191
2022-08-30,4호선,총신대입구,18553,20618
2022-08-30,4호선,사당,25650,21164
2022-08-30,4호선,남태령,1307,1890
2022-08-31,4호선,당고개,9299,8191
2022-08-31,4호선,상계,19955,18664
2022-08-31,4호선,노원,19242,21917
2022-08-31,4호선,창동,26992,28466
2022-08-31,4호선,쌍문,30193,28054
2022-08-31,4호선,수유,34911,35396
2022-08-31,4호선,미아,15710,14988
2022-08-31,4호선,미아사거리,28465,27838
2022-08-31,4호선,길음,22002,21718
2022-08-31,4호선,성신여대입구,20576,20188
2022-08-31,4호선,한성대입구,15984,15118
2022-08-31,4호선,혜화,36622,36666
2022-08-31,4호선,동대문,20813,21298
2022-08-31,4호선,동대문역사문화공원,16572,14892
2022-08-31,4호선,충무로,27642,29113
2022-08-31,4호선,명동,24941,25739
2022-08-31,4호선,회현,26455,27790
2022-08-31,4호선,서울역,12608,18423
2022-08-31,4호선,숙대입구,14297,13690
2022-08-31,4호선,삼각지,5716,6384
2022-08-31,4호선,신용산,19019,19916
2022-08-31,4호선,이촌,8049,8828
2022-08-31,4호선,동작,1545,1711
2022-08-31,4호선,총신대입구,20188,21900
2022-08-31,4호선,사당,26395,22060
2022-08-31,4호선,남태령,1390,1243
2022-09-01,4호선,남태령,1481,1206
2022-09-01,4호선,사당,27289,23293
2022-09-01,4호선,총신대입구,20585,22367
2022-09-01,4호선,동작,1579,1680
2022-09-01,4호선,이촌,7853,8980
2022-09-01,4호선,신용산,19008,19815
2022-09-01,4호선,삼각지,5765,6518
2022-09-01,4호선,숙대입구,16340,15617
2022-09-01,4호선,서울역,12502,18209
2022-09-01,4호선,회현,27034,28278
2022-09-01,4호선,명동,24186,25384
2022-09-01,4호선,충무로,31903,32690
2022-09-01,4호선,동대문역사문화공원,16768,14928
2022-09-01,4호선,동대문,20763,21193
2022-09-01,4호선,혜화,36467,36475
2022-09-01,4호선,한성대입구,15916,15172
2022-09-01,4호선,성신여대입구,23267,22188
2022-09-01,4호선,길음,24432,24871
2022-09-01,4호선,미아사거리,29055,28310
2022-09-01,4호선,미아,16539,16056
2022-09-01,4호선,수유,35927,36654
2022-09-01,4호선,쌍문,30735,28714
2022-09-01,4호선,창동,27440,29038
2022-09-01,4호선,노원,19780,22642
2022-09-01,4호선,상계,20628,19144
2022-09-01,4호선,당고개,9674,8607
2022-09-02,4호선,남태령,1549,1235
2022-09-02,4호선,사당,29887,25280
2022-09-02,4호선,총신대입구,21454,23437
2022-09-02,4호선,동작,1878,1990
2022-09-02,4호선,이촌,8329,9385
2022-09-02,4호선,신용산,19838,20908
2022-09-02,4호선,삼각지,6131,7200
2022-09-02,4호선,숙대입구,16002,15535
2022-09-02,4호선,서울역,12903,20611
2022-09-02,4호선,회현,26544,28064
2022-09-02,4호선,명동,25165,26852
2022-09-02,4호선,충무로,31327,32673
2022-09-02,4호선,동대문역사문화공원,17057,14588
2022-09-02,4호선,동대문,21037,20967
2022-09-02,4호선,혜화,38162,38453
2022-09-02,4호선,한성대입구,15878,15134
2022-09-02,4호선,성신여대입구,23817,23121
2022-09-02,4호선,길음,23896,23487
2022-09-02,4호선,미아사거리,29683,28960
2022-09-02,4호선,미아,16727,16002
2022-09-02,4호선,수유,37282,37659
2022-09-02,4호선,쌍문,31196,28962
2022-09-02,4호선,창동,28648,30688
2022-09-02,4호선,노원,20577,24024
2022-09-02,4호선,상계,20800,19288
2022-09-02,4호선,당고개,9936,8873
2022-09-03,4호선,당고개,8065,7333
2022-09-03,4호선,상계,15272,13987
2022-09-03,4호선,노원,16865,18814
2022-09-03,4호선,창동,21816,23147
2022-09-03,4호선,쌍문,23446,20678
2022-09-03,4호선,수유,28653,27934
2022-09-03,4호선,미아,12271,11423
2022-09-03,4호선,미아사거리,23337,22099
2022-09-03,4호선,길음,16359,15351
2022-09-03,4호선,성신여대입구,17894,16986
2022-09-03,4호선,한성대입구,11821,11387
2022-09-03,4호선,혜화,32859,35132
2022-09-03,4호선,동대문,14706,15171
2022-09-03,4호선,동대문역사문화공원,14032,12278
2022-09-03,4호선,충무로,15555,17163
2022-09-03,4호선,명동,19040,21650
2022-09-03,4호선,회현,19489,20538
2022-09-03,4호선,서울역,6979,16004
2022-09-03,4호선,숙대입구,11164,10627
2022-09-03,4호선,삼각지,4485,5946
2022-09-03,4호선,신용산,13053,14243
2022-09-03,4호선,이촌,8221,9134
2022-09-03,4호선,동작,1999,1993
2022-09-03,4호선,총신대입구,16107,17514
2022-09-03,4호선,사당,23997,21054
2022-09-03,4호선,남태령,1667,876
2022-09-04,4호선,당고개,5065,4780
2022-09-04,4호선,상계,9686,9018
2022-09-04,4호선,노원,11215,11787
2022-09-04,4호선,창동,14972,15745
2022-09-04,4호선,쌍문,15014,13774
2022-09-04,4호선,수유,18869,18204
2022-09-04,4호선,미아,7739,7442
2022-09-04,4호선,미아사거리,15307,14532
2022-09-04,4호선,길음,10290,10352
2022-09-04,4호선,성신여대입구,12200,11753
2022-09-04,4호선,한성대입구,7682,7793
2022-09-04,4호선,혜화,22542,23373
2022-09-04,4호선,동대문,5882,6447
2022-09-04,4호선,동대문역사문화공원,9370,8278
2022-09-04,4호선,충무로,8302,8998
2022-09-04,4호선,명동,12919,13004
2022-09-04,4호선,회현,8165,8180
2022-09-04,4호선,서울역,4612,12051
2022-09-04,4호선,숙대입구,8212,7791
2022-09-04,4호선,삼각지,3129,4238
2022-09-04,4호선,신용산,9086,9436
2022-09-04,4호선,이촌,5137,5728
2022-09-04,4호선,동작,736,771
2022-09-04,4호선,총신대입구,10311,11089
2022-09-04,4호선,사당,15268,14335
2022-09-04,4호선,남태령,835,582
2022-09-05,4호선,남태령,1133,1023
2022-09-05,4호선,사당,23210,19395
2022-09-05,4호선,총신대입구,17419,18987
2022-09-05,4호선,동작,743,862
2022-09-05,4호선,이촌,6969,7780
2022-09-05,4호선,신용산,15384,15676
2022-09-05,4호선,삼각지,4825,5296
2022-09-05,4호선,숙대입구,14315,13906
2022-09-05,4호선,서울역,11451,16325
2022-09-05,4호선,회현,23831,23439
2022-09-05,4호선,명동,20677,21600
2022-09-05,4호선,충무로,29236,29391
2022-09-05,4호선,동대문역사문화공원,14387,12472
2022-09-05,4호선,동대문,18160,18136
2022-09-05,4호선,혜화,30688,29939
2022-09-05,4호선,한성대입구,14276,13763
2022-09-05,4호선,성신여대입구,20324,19745
2022-09-05,4호선,길음,21363,22879
2022-09-05,4호선,미아사거리,25572,25581
2022-09-05,4호선,미아,14934,14458
2022-09-05,4호선,수유,32056,32690
2022-09-05,4호선,쌍문,27956,26626
2022-09-05,4호선,창동,23960,25849
2022-09-05,4호선,노원,17066,19099
2022-09-05,4호선,상계,18706,17856
2022-09-05,4호선,당고개,8311,7402
2022-09-06,4호선,남태령,1171,1001
2022-09-06,4호선,사당,23186,19793
2022-09-06,4호선,총신대입구,19868,21191
2022-09-06,4호선,동작,1648,1525
2022-09-06,4호선,이촌,8784,8938
2022-09-06,4호선,신용산,15863,17196
2022-09-06,4호선,삼각지,5316,5911
2022-09-06,4호선,숙대입구,15258,14729
2022-09-06,4호선,서울역,10530,14192
2022-09-06,4호선,회현,24124,25430
2022-09-06,4호선,명동,22615,23289
2022-09-06,4호선,충무로,30202,30957
2022-09-06,4호선,동대문역사문화공원,15173,13519
2022-09-06,4호선,동대문,19164,19646
2022-09-06,4호선,혜화,32020,32536
2022-09-06,4호선,한성대입구,12678,12203
2022-09-06,4호선,성신여대입구,21675,20478
2022-09-06,4호선,길음,22553,22705
2022-09-06,4호선,미아사거리,26971,26409
2022-09-06,4호선,미아,15799,15244
2022-09-06,4호선,수유,34064,33951
2022-09-06,4호선,쌍문,28994,26920
2022-09-06,4호선,창동,26443,28305
2022-09-06,4호선,노원,18479,21142
2022-09-06,4호선,상계,19338,17974
2022-09-06,4호선,당고개,8971,7875
2022-09-07,4호선,남태령,1560,1222
2022-09-07,4호선,사당,28657,23471
2022-09-07,4호선,총신대입구,21831,23779
2022-09-07,4호선,동작,1603,1682
2022-09-07,4호선,이촌,8145,9163
2022-09-07,4호선,신용산,19390,21276
2022-09-07,4호선,삼각지,5949,6630
2022-09-07,4호선,숙대입구,17367,16623
2022-09-07,4호선,서울역,13120,21266
2022-09-07,4호선,회현,26612,28242
2022-09-07,4호선,명동,25850,26446
2022-09-07,4호선,충무로,33100,33288
2022-09-07,4호선,동대문역사문화공원,17109,14959
2022-09-07,4호선,길음,25593,25721
2022-09-07,4호선,동대문,20845,21156
2022-09-07,4호선,당고개,10085,8812
2022-09-07,4호선,상계,21215,19782
2022-09-07,4호선,노원,20632,23267
2022-09-07,4호선,창동,28863,31036
2022-09-07,4호선,쌍문,32052,29662
2022-09-07,4호선,수유,37221,37704
2022-09-07,4호선,미아,17397,16913
2022-09-07,4호선,미아사거리,29845,29339
2022-09-07,4호선,성신여대입구,25491,23723
2022-09-07,4호선,한성대입구,16914,15875
2022-09-07,4호선,혜화,40078,38833
2022-09-08,4호선,당고개,9413,8502
2022-09-08,4호선,상계,20469,19099
2022-09-08,4호선,노원,20358,24396
2022-09-08,4호선,창동,27969,30698
2022-09-08,4호선,쌍문,30976,28202
2022-09-08,4호선,수유,37530,37186
2022-09-08,4호선,미아,17168,16427
2022-09-08,4호선,미아사거리,30296,29914
2022-09-08,4호선,길음,25587,25101
2022-09-08,4호선,성신여대입구,24918,22551
2022-09-08,4호선,한성대입구,16797,15251
2022-09-08,4호선,혜화,39630,37719
2022-09-08,4호선,동대문,18457,18521
2022-09-08,4호선,동대문역사문화공원,16558,14238
2022-09-08,4호선,충무로,30561,30446
2022-09-08,4호선,명동,24588,26168
2022-09-08,4호선,회현,25223,26039
2022-09-08,4호선,서울역,12037,22181
2022-09-08,4호선,숙대입구,16544,15337
2022-09-08,4호선,삼각지,5603,6378
2022-09-08,4호선,신용산,17117,19407
2022-09-08,4호선,이촌,8140,8969
2022-09-08,4호선,동작,1597,1671
2022-09-08,4호선,총신대입구,21142,22932
2022-09-08,4호선,사당,28285,23292
2022-09-08,4호선,남태령,1531,1212
2022-09-09,4호선,남태령,721,534
2022-09-09,4호선,사당,13289,10820
2022-09-09,4호선,총신대입구,9972,10319
2022-09-09,4호선,동작,1118,1313
2022-09-09,4호선,이촌,5026,5360
2022-09-09,4호선,신용산,7115,9536
2022-09-09,4호선,삼각지,2470,2945
2022-09-09,4호선,숙대입구,5919,4945
2022-09-09,4호선,서울역,4245,13522
2022-09-09,4호선,회현,9897,10289
2022-09-09,4호선,명동,14151,16038
2022-09-09,4호선,충무로,7784,8351
2022-09-09,4호선,동대문역사문화공원,8939,7720
2022-09-09,4호선,동대문,6086,6150
2022-09-09,4호선,혜화,19073,18507
2022-09-09,4호선,한성대입구,7237,6086
2022-09-09,4호선,성신여대입구,11627,9672
2022-09-09,4호선,길음,9871,8592
2022-09-09,4호선,미아사거리,14669,13309
2022-09-09,4호선,미아,7856,6872
2022-09-09,4호선,수유,18995,17342
2022-09-09,4호선,쌍문,14448,12773
2022-09-09,4호선,창동,13313,14056
2022-09-09,4호선,노원,9954,11456
2022-09-09,4호선,상계,9576,8866
2022-09-09,4호선,당고개,5122,4967
2022-09-10,4호선,남태령,655,438
2022-09-10,4호선,사당,9534,8081
2022-09-10,4호선,총신대입구,6426,7034
2022-09-10,4호선,동작,1448,1718
2022-09-10,4호선,이촌,2776,3101
2022-09-10,4호선,신용산,6430,6457
2022-09-10,4호선,삼각지,1560,2291
2022-09-10,4호선,숙대입구,4122,3804
2022-09-10,4호선,서울역,4017,10269
2022-09-10,4호선,회현,4132,3571
2022-09-10,4호선,명동,13173,14589
2022-09-10,4호선,충무로,7587,9905
2022-09-10,4호선,동대문역사문화공원,7613,6362
2022-09-10,4호선,동대문,4496,4277
2022-09-10,4호선,혜화,14261,14869
2022-09-10,4호선,한성대입구,5636,5439
2022-09-10,4호선,성신여대입구,8326,8082
2022-09-10,4호선,길음,8217,7788
2022-09-10,4호선,미아사거리,11599,10958
2022-09-10,4호선,미아,6350,5740
2022-09-10,4호선,수유,15921,15720
2022-09-10,4호선,쌍문,12408,11088
2022-09-10,4호선,창동,10245,10739
2022-09-10,4호선,노원,8101,9630
2022-09-10,4호선,상계,8238,7702
2022-09-10,4호선,당고개,4905,4339
2022-09-11,4호선,성신여대입구,10210,11023
2022-09-11,4호선,길음,9939,9766
2022-09-11,4호선,미아사거리,14404,13849
2022-09-11,4호선,미아,7216,6867
2022-09-11,4호선,수유,18401,18861
2022-09-11,4호선,쌍문,14715,13399
2022-09-11,4호선,창동,13121,13605
2022-09-11,4호선,노원,11237,13289
2022-09-11,4호선,상계,9631,8971
2022-09-11,4호선,당고개,5610,4864
2022-09-11,4호선,남태령,598,459
2022-09-11,4호선,사당,13151,11998
2022-09-11,4호선,총신대입구,8536,9738
2022-09-11,4호선,동작,1331,1423
2022-09-11,4호선,이촌,5832,6268
2022-09-11,4호선,신용산,9190,7757
2022-09-11,4호선,삼각지,2372,3455
2022-09-11,4호선,숙대입구,5937,6079
2022-09-11,4호선,서울역,4478,9170
2022-09-11,4호선,회현,5736,5672
2022-09-11,4호선,명동,15736,17811
2022-09-11,4호선,충무로,8012,10327
2022-09-11,4호선,동대문역사문화공원,10454,9149
2022-09-11,4호선,동대문,7162,7030
2022-09-11,4호선,혜화,22634,24621
2022-09-11,4호선,한성대입구,6782,6827
2022-09-12,4호선,동작,1364,1446
2022-09-12,4호선,이촌,5436,5784
2022-09-12,4호선,신용산,10097,9419
2022-09-12,4호선,삼각지,2408,3282
2022-09-12,4호선,숙대입구,5893,5984
2022-09-12,4호선,서울역,4271,9829
2022-09-12,4호선,회현,10249,10400
2022-09-12,4호선,명동,13116,14535
2022-09-12,4호선,충무로,8326,10745
2022-09-12,4호선,동대문역사문화공원,10165,8808
2022-09-12,4호선,동대문,7119,7252
2022-09-12,4호선,혜화,21245,23214
2022-09-12,4호선,한성대입구,7319,7924
2022-09-12,4호선,성신여대입구,11895,13003
2022-09-12,4호선,길음,10539,10887
2022-09-12,4호선,미아사거리,16357,15431
2022-09-12,4호선,미아,7642,7444
2022-09-12,4호선,수유,19742,20276
2022-09-12,4호선,쌍문,15537,13864
2022-09-12,4호선,창동,14217,14599
2022-09-12,4호선,노원,12396,13508
2022-09-12,4호선,상계,10606,9638
2022-09-12,4호선,당고개,5723,5072
2022-09-12,4호선,남태령,682,551
2022-09-12,4호선,사당,14168,13551
2022-09-12,4호선,총신대입구,9443,10632
2022-09-13,4호선,당고개,9115,8215
2022-09-13,4호선,상계,19089,17834
2022-09-13,4호선,노원,18931,21615
2022-09-13,4호선,창동,25517,26946
2022-09-13,4호선,쌍문,29306,28793
2022-09-13,4호선,수유,34277,35220
2022-09-13,4호선,미아,15697,15880
2022-09-13,4호선,미아사거리,26654,26911
2022-09-13,4호선,길음,22654,23839
2022-09-13,4호선,성신여대입구,22066,21594
2022-09-13,4호선,한성대입구,15311,14998
2022-09-13,4호선,혜화,32058,31339
2022-09-13,4호선,동대문,19797,20280
2022-09-13,4호선,동대문역사문화공원,14768,13385
2022-09-13,4호선,충무로,29884,30701
2022-09-13,4호선,명동,22608,22007
2022-09-13,4호선,회현,22937,23106
2022-09-13,4호선,서울역,11319,15326
2022-09-13,4호선,숙대입구,15373,14529
2022-09-13,4호선,삼각지,5110,5997
2022-09-13,4호선,신용산,17033,16638
2022-09-13,4호선,이촌,7674,8635
2022-09-13,4호선,동작,1399,1607
2022-09-13,4호선,총신대입구,18958,20790
2022-09-13,4호선,사당,26149,21846
2022-09-13,4호선,남태령,1282,1428
2022-09-14,4호선,충무로,31148,31771
2022-09-14,4호선,동대문역사문화공원,15547,13900
2022-09-14,4호선,동대문,20882,21173
2022-09-14,4호선,혜화,36638,36463
2022-09-14,4호선,한성대입구,16413,15712
2022-09-14,4호선,성신여대입구,23261,22389
2022-09-14,4호선,길음,24008,24564
2022-09-14,4호선,미아사거리,28358,27794
2022-09-14,4호선,미아,16764,16278
2022-09-14,4호선,수유,36130,36361
2022-09-14,4호선,쌍문,30872,29158
2022-09-14,4호선,창동,26656,28263
2022-09-14,4호선,노원,19588,22635
2022-09-14,4호선,상계,20683,19307
2022-09-14,4호선,당고개,9605,8447
2022-09-14,4호선,명동,24193,24850
2022-09-14,4호선,회현,27191,28343
2022-09-14,4호선,서울역,12560,17882
2022-09-14,4호선,숙대입구,16534,15619
2022-09-14,4호선,삼각지,5520,6235
2022-09-14,4호선,신용산,18039,18680
2022-09-14,4호선,이촌,7890,8848
2022-09-14,4호선,동작,1505,1682
2022-09-14,4호선,총신대입구,20085,21851
2022-09-14,4호선,사당,26887,22880
2022-09-14,4호선,남태령,1398,1164
2022-09-15,4호선,당고개,9771,8717
2022-09-15,4호선,상계,20834,19525
2022-09-15,4호선,노원,19858,22814
2022-09-15,4호선,창동,27062,28802
2022-09-15,4호선,쌍문,31101,29277
2022-09-15,4호선,수유,36865,36889
2022-09-15,4호선,미아,16405,15981
2022-09-15,4호선,미아사거리,28399,28271
2022-09-15,4호선,길음,24459,24615
2022-09-15,4호선,성신여대입구,23030,21982
2022-09-15,4호선,한성대입구,16365,15765
2022-09-15,4호선,혜화,37579,37526
2022-09-15,4호선,동대문,21232,21559
2022-09-15,4호선,동대문역사문화공원,16568,14546
2022-09-15,4호선,충무로,32569,32995
2022-09-15,4호선,명동,24146,25203
2022-09-15,4호선,회현,27287,28640
2022-09-15,4호선,서울역,13104,19021
2022-09-15,4호선,숙대입구,16652,15625
2022-09-15,4호선,삼각지,5934,6781
2022-09-15,4호선,신용산,18619,19287
2022-09-15,4호선,이촌,7941,8869
2022-09-15,4호선,동작,1509,1714
2022-09-15,4호선,총신대입구,20206,22035
2022-09-15,4호선,사당,28025,23818
2022-09-15,4호선,남태령,1351,1176
2022-09-16,4호선,남태령,1554,1206
2022-09-16,4호선,사당,30097,25947
2022-09-16,4호선,총신대입구,21386,23419
2022-09-16,4호선,동작,1512,1656
2022-09-16,4호선,이촌,8686,9683
2022-09-16,4호선,신용산,20543,20704
2022-09-16,4호선,삼각지,6917,7955
2022-09-16,4호선,숙대입구,19353,16456
2022-09-16,4호선,서울역,14642,21892
2022-09-16,4호선,회현,28153,29229
2022-09-16,4호선,명동,26090,27552
2022-09-16,4호선,충무로,31965,33007
2022-09-16,4호선,동대문역사문화공원,16969,14591
2022-09-16,4호선,동대문,21400,21368
2022-09-16,4호선,혜화,39870,39259
2022-09-16,4호선,한성대입구,16535,15706
2022-09-16,4호선,성신여대입구,24140,23281
2022-09-16,4호선,길음,24039,24006
2022-09-16,4호선,미아사거리,29512,29139
2022-09-16,4호선,미아,16616,15925
2022-09-16,4호선,수유,37073,37785
2022-09-16,4호선,쌍문,31252,29259
2022-09-16,4호선,창동,27739,29554
2022-09-16,4호선,노원,20518,24053
2022-09-16,4호선,상계,20610,19337
2022-09-16,4호선,당고개,9751,8705
2022-09-17,4호선,당고개,7702,7075
2022-09-17,4호선,상계,15055,13831
2022-09-17,4호선,노원,16879,18868
2022-09-17,4호선,창동,21227,22119
2022-09-17,4호선,쌍문,23302,20509
2022-09-17,4호선,수유,29320,28330
2022-09-17,4호선,미아,12498,11533
2022-09-17,4호선,미아사거리,23510,22352
2022-09-17,4호선,길음,16964,15825
2022-09-17,4호선,성신여대입구,18946,17569
2022-09-17,4호선,한성대입구,14602,14788
2022-09-17,4호선,혜화,33582,35902
2022-09-17,4호선,동대문,14903,15547
2022-09-17,4호선,동대문역사문화공원,13073,11214
2022-09-17,4호선,충무로,15953,17711
2022-09-17,4호선,명동,20135,23469
2022-09-17,4호선,회현,20254,21505
2022-09-17,4호선,서울역,7130,16867
2022-09-17,4호선,숙대입구,11290,10788
2022-09-17,4호선,삼각지,4483,6430
2022-09-17,4호선,신용산,12419,13287
2022-09-17,4호선,이촌,8507,9306
2022-09-17,4호선,동작,1641,1817
2022-09-17,4호선,총신대입구,15698,16830
2022-09-17,4호선,사당,25261,22234
2022-09-17,4호선,남태령,1365,787
2022-09-18,4호선,당고개,6359,5903
2022-09-18,4호선,상계,11217,10624
2022-09-18,4호선,노원,12358,13373
2022-09-18,4호선,창동,16185,16762
2022-09-18,4호선,쌍문,17162,15544
2022-09-18,4호선,수유,21836,21168
2022-09-18,4호선,미아,8981,8317
2022-09-18,4호선,미아사거리,17346,16564
2022-09-18,4호선,길음,12253,11895
2022-09-18,4호선,성신여대입구,14108,13085
2022-09-18,4호선,한성대입구,9043,9056
2022-09-18,4호선,혜화,25399,26489
2022-09-18,4호선,동대문,7563,8331
2022-09-18,4호선,동대문역사문화공원,10714,9697
2022-09-18,4호선,충무로,10219,11230
2022-09-18,4호선,명동,16319,17060
2022-09-18,4호선,회현,9863,10098
2022-09-18,4호선,서울역,5311,13794
2022-09-18,4호선,숙대입구,8986,8526
2022-09-18,4호선,삼각지,3308,4637
2022-09-18,4호선,신용산,9152,9797
2022-09-18,4호선,이촌,6034,6549
2022-09-18,4호선,동작,1337,1443
2022-09-18,4호선,총신대입구,11275,12107
2022-09-18,4호선,사당,18220,16618
2022-09-18,4호선,남태령,858,617
2022-09-19,4호선,당고개,9502,8406
2022-09-19,4호선,상계,20304,18786
2022-09-19,4호선,노원,19575,22151
2022-09-19,4호선,창동,26365,27893
2022-09-19,4호선,쌍문,30462,28523
2022-09-19,4호선,수유,35838,36133
2022-09-19,4호선,미아,16567,16088
2022-09-19,4호선,미아사거리,27907,27317
2022-09-19,4호선,길음,23303,24114
2022-09-19,4호선,성신여대입구,22694,21726
2022-09-19,4호선,한성대입구,15778,15171
2022-09-19,4호선,혜화,33574,33695
2022-09-19,4호선,동대문,20936,21500
2022-09-19,4호선,동대문역사문화공원,15974,14049
2022-09-19,4호선,충무로,30949,31967
2022-09-19,4호선,명동,24406,24840
2022-09-19,4호선,회현,26066,27721
2022-09-19,4호선,서울역,12525,18559
2022-09-19,4호선,숙대입구,16014,15422
2022-09-19,4호선,삼각지,5435,6009
2022-09-19,4호선,신용산,17806,18822
2022-09-19,4호선,이촌,7995,8857
2022-09-19,4호선,동작,1538,1622
2022-09-19,4호선,총신대입구,19912,21566
2022-09-19,4호선,사당,26938,24522
2022-09-19,4호선,남태령,1348,1122
2022-09-20,4호선,당고개,10114,8994
2022-09-20,4호선,상계,20926,19677
2022-09-20,4호선,노원,19887,22740
2022-09-20,4호선,창동,27419,29226
2022-09-20,4호선,쌍문,31319,29351
2022-09-20,4호선,수유,36541,36632
2022-09-20,4호선,미아,17024,16549
2022-09-20,4호선,미아사거리,28749,28492
2022-09-20,4호선,길음,24662,25056
2022-09-20,4호선,성신여대입구,23538,22201
2022-09-20,4호선,한성대입구,16630,15988
2022-09-20,4호선,혜화,36773,36478
2022-09-20,4호선,동대문,21059,21788
2022-09-20,4호선,동대문역사문화공원,16601,14573
2022-09-20,4호선,충무로,32353,32898
2022-09-20,4호선,명동,25182,25795
2022-09-20,4호선,회현,27861,29136
2022-09-20,4호선,서울역,13046,18860
2022-09-20,4호선,숙대입구,16779,15725
2022-09-20,4호선,삼각지,5699,6518
2022-09-20,4호선,신용산,18509,19296
2022-09-20,4호선,이촌,8284,9130
2022-09-20,4호선,동작,1595,1766
2022-09-20,4호선,총신대입구,20737,22562
2022-09-20,4호선,사당,28038,23920
2022-09-20,4호선,남태령,1374,1238
2022-09-21,4호선,남태령,1397,1183
2022-09-21,4호선,사당,28569,24273
2022-09-21,4호선,총신대입구,21070,22795
2022-09-21,4호선,동작,1863,1918
2022-09-21,4호선,이촌,8518,9543
2022-09-21,4호선,신용산,18738,19762
2022-09-21,4호선,삼각지,5806,6777
2022-09-21,4호선,숙대입구,16885,15933
2022-09-21,4호선,서울역,13301,19189
2022-09-21,4호선,회현,27290,28827
2022-09-21,4호선,명동,25194,26036
2022-09-21,4호선,충무로,32388,32819
2022-09-21,4호선,동대문역사문화공원,16909,14998
2022-09-21,4호선,동대문,21248,21660
2022-09-21,4호선,혜화,38511,38634
2022-09-21,4호선,한성대입구,16944,16252
2022-09-21,4호선,성신여대입구,24071,23020
2022-09-21,4호선,미아사거리,28945,28438
2022-09-21,4호선,미아,17200,16612
2022-09-21,4호선,수유,36721,36861
2022-09-21,4호선,쌍문,31834,29797
2022-09-21,4호선,창동,27599,29195
2022-09-21,4호선,노원,20253,23200
2022-09-21,4호선,상계,21024,19692
2022-09-21,4호선,당고개,10282,8985
2022-09-21,4호선,길음,24699,25120
2022-09-22,4호선,당고개,9947,8807
2022-09-22,4호선,상계,20846,19653
2022-09-22,4호선,노원,20190,23117
2022-09-22,4호선,창동,27517,29286
2022-09-22,4호선,쌍문,31449,29361
2022-09-22,4호선,수유,37131,37284
2022-09-22,4호선,미아,16554,16201
2022-09-22,4호선,미아사거리,28924,28420
2022-09-22,4호선,길음,24917,25104
2022-09-22,4호선,성신여대입구,23395,22273
2022-09-22,4호선,한성대입구,16682,15814
2022-09-22,4호선,혜화,38270,38487
2022-09-22,4호선,동대문,21487,21943
2022-09-22,4호선,동대문역사문화공원,17051,15001
2022-09-22,4호선,충무로,33821,34716
2022-09-22,4호선,명동,25087,25932
2022-09-22,4호선,회현,27600,28980
2022-09-22,4호선,서울역,13171,19897
2022-09-22,4호선,숙대입구,16869,15914
2022-09-22,4호선,삼각지,5880,6637
2022-09-22,4호선,신용산,18805,19760
2022-09-22,4호선,이촌,8206,9085
2022-09-22,4호선,동작,1598,1763
2022-09-22,4호선,총신대입구,20667,22427
2022-09-22,4호선,사당,28702,24813
2022-09-22,4호선,남태령,1414,1250
2022-09-23,4호선,당고개,10158,9084
2022-09-23,4호선,상계,20897,19454
2022-09-23,4호선,노원,21132,24910
2022-09-23,4호선,창동,28267,30312
2022-09-23,4호선,쌍문,32006,29436
2022-09-23,4호선,수유,38119,38258
2022-09-23,4호선,미아,17128,16261
2022-09-23,4호선,미아사거리,29758,29184
2022-09-23,4호선,길음,24052,23927
2022-09-23,4호선,성신여대입구,24643,23619
2022-09-23,4호선,한성대입구,16457,15682
2022-09-23,4호선,혜화,40452,39806
2022-09-23,4호선,동대문,21913,21698
2022-09-23,4호선,동대문역사문화공원,17300,14449
2022-09-23,4호선,충무로,33109,34585
2022-09-23,4호선,명동,26643,28291
2022-09-23,4호선,회현,27212,28649
2022-09-23,4호선,서울역,13437,22765
2022-09-23,4호선,숙대입구,16176,15746
2022-09-23,4호선,삼각지,6230,7418
2022-09-23,4호선,신용산,20299,20894
2022-09-23,4호선,이촌,8720,9719
2022-09-23,4호선,동작,1687,1815
2022-09-23,4호선,총신대입구,21359,23574
2022-09-23,4호선,사당,30731,26803
2022-09-23,4호선,남태령,1631,1167
2022-09-24,4호선,당고개,8336,7707
2022-09-24,4호선,상계,16161,14636
2022-09-24,4호선,노원,17295,19676
2022-09-24,4호선,창동,22182,23102
2022-09-24,4호선,쌍문,24504,21571
2022-09-24,4호선,수유,30105,30040
2022-09-24,4호선,미아,12456,11684
2022-09-24,4호선,미아사거리,24603,23949
2022-09-24,4호선,길음,17525,16689
2022-09-24,4호선,성신여대입구,19239,18758
2022-09-24,4호선,한성대입구,13979,13581
2022-09-24,4호선,혜화,41371,41137
2022-09-24,4호선,동대문,16618,16552
2022-09-24,4호선,동대문역사문화공원,14319,11629
2022-09-24,4호선,충무로,19491,22603
2022-09-24,4호선,명동,22895,25460
2022-09-24,4호선,회현,24071,24298
2022-09-24,4호선,서울역,8321,19092
2022-09-24,4호선,숙대입구,12375,11862
2022-09-24,4호선,삼각지,5404,8462
2022-09-24,4호선,신용산,14268,14773
2022-09-24,4호선,이촌,9111,10254
2022-09-24,4호선,동작,2082,2167
2022-09-24,4호선,총신대입구,16328,17968
2022-09-24,4호선,사당,26503,24017
2022-09-24,4호선,남태령,1407,787
2022-09-25,4호선,창동,16636,17236
2022-09-25,4호선,당고개,6512,6108
2022-09-25,4호선,상계,11706,11029
2022-09-25,4호선,노원,12936,14066
2022-09-25,4호선,쌍문,17731,16303
2022-09-25,4호선,수유,22601,21554
2022-09-25,4호선,미아,9323,8951
2022-09-25,4호선,미아사거리,18077,16861
2022-09-25,4호선,길음,12687,12528
2022-09-25,4호선,성신여대입구,14332,13415
2022-09-25,4호선,한성대입구,11746,12211
2022-09-25,4호선,혜화,26368,27845
2022-09-25,4호선,동대문,8784,9358
2022-09-25,4호선,동대문역사문화공원,11167,11095
2022-09-25,4호선,충무로,13408,15343
2022-09-25,4호선,명동,17480,18379
2022-09-25,4호선,회현,10355,10722
2022-09-25,4호선,서울역,5744,14569
2022-09-25,4호선,숙대입구,9699,9290
2022-09-25,4호선,삼각지,3685,4857
2022-09-25,4호선,신용산,9601,10053
2022-09-25,4호선,이촌,6962,7616
2022-09-25,4호선,동작,1615,1666
2022-09-25,4호선,총신대입구,11537,12785
2022-09-25,4호선,사당,19015,17536
2022-09-25,4호선,남태령,952,625
2022-09-26,4호선,당고개,9911,8806
2022-09-26,4호선,상계,20550,19214
2022-09-26,4호선,노원,19606,21992
2022-09-26,4호선,창동,26932,28376
2022-09-26,4호선,쌍문,30855,28906
2022-09-26,4호선,수유,36029,36454
2022-09-26,4호선,미아,16480,16160
2022-09-26,4호선,미아사거리,28511,27902
2022-09-26,4호선,길음,23546,23984
2022-09-26,4호선,성신여대입구,22877,21789
2022-09-26,4호선,한성대입구,15867,15107
2022-09-26,4호선,혜화,33427,33625
2022-09-26,4호선,동대문,21351,21880
2022-09-26,4호선,동대문역사문화공원,15946,13988
2022-09-26,4호선,충무로,30936,32036
2022-09-26,4호선,명동,24482,25010
2022-09-26,4호선,회현,26761,28030
2022-09-26,4호선,서울역,12779,19089
2022-09-26,4호선,숙대입구,16752,15793
2022-09-26,4호선,삼각지,5677,6433
2022-09-26,4호선,신용산,18059,19030
2022-09-26,4호선,이촌,7685,8654
2022-09-26,4호선,동작,1543,1646
2022-09-26,4호선,총신대입구,20263,21715
2022-09-26,4호선,사당,26866,22678
2022-09-26,4호선,남태령,1310,1154
2022-09-27,4호선,남태령,1503,1336
2022-09-27,4호선,사당,28700,24320
2022-09-27,4호선,총신대입구,21005,22928
2022-09-27,4호선,동작,1702,1814
2022-09-27,4호선,이촌,8227,9107
2022-09-27,4호선,신용산,18760,19650
2022-09-27,4호선,삼각지,5856,6669
2022-09-27,4호선,숙대입구,17089,16257
2022-09-27,4호선,서울역,13320,19250
2022-09-27,4호선,회현,28101,29143
2022-09-27,4호선,명동,25120,26042
2022-09-27,4호선,충무로,32455,33340
2022-09-27,4호선,동대문역사문화공원,16222,14455
2022-09-27,4호선,동대문,21552,21845
2022-09-27,4호선,혜화,36851,36525
2022-09-27,4호선,한성대입구,16577,15842
2022-09-27,4호선,성신여대입구,23427,22276
2022-09-27,4호선,길음,24740,25258
2022-09-27,4호선,미아사거리,29138,28489
2022-09-27,4호선,미아,16895,16347
2022-09-27,4호선,수유,36538,36867
2022-09-27,4호선,쌍문,31242,29284
2022-09-27,4호선,창동,27608,29185
2022-09-27,4호선,노원,19899,22715
2022-09-27,4호선,상계,21192,19725
2022-09-27,4호선,당고개,9750,8701
2022-09-28,4호선,당고개,9901,8756
2022-09-28,4호선,상계,21169,19647
2022-09-28,4호선,노원,20098,23037
2022-09-28,4호선,창동,27735,29226
2022-09-28,4호선,쌍문,31412,29296
2022-09-28,4호선,수유,36873,37161
2022-09-28,4호선,미아,17180,16474
2022-09-28,4호선,미아사거리,29087,28266
2022-09-28,4호선,길음,24815,25375
2022-09-28,4호선,성신여대입구,24015,22697
2022-09-28,4호선,한성대입구,16783,16138
2022-09-28,4호선,혜화,37154,37291
2022-09-28,4호선,동대문,21066,21447
2022-09-28,4호선,동대문역사문화공원,16973,14974
2022-09-28,4호선,충무로,32626,33403
2022-09-28,4호선,명동,25162,26068
2022-09-28,4호선,회현,27680,28848
2022-09-28,4호선,서울역,13162,19228
2022-09-28,4호선,숙대입구,16899,16205
2022-09-28,4호선,삼각지,5798,6600
2022-09-28,4호선,신용산,19041,19998
2022-09-28,4호선,이촌,8803,9542
2022-09-28,4호선,동작,1679,1734
2022-09-28,4호선,총신대입구,21173,22720
2022-09-28,4호선,사당,28223,24273
2022-09-28,4호선,남태령,1546,1255
2022-09-29,4호선,남태령,1364,1213
2022-09-29,4호선,사당,28742,24776
2022-09-29,4호선,총신대입구,20473,22086
2022-09-29,4호선,동작,2099,2169
2022-09-29,4호선,이촌,8232,9228
2022-09-29,4호선,신용산,19288,20271
2022-09-29,4호선,삼각지,5923,6983
2022-09-29,4호선,숙대입구,16780,15856
2022-09-29,4호선,서울역,13267,19798
2022-09-29,4호선,회현,27665,29160
2022-09-29,4호선,명동,24930,25908
2022-09-29,4호선,충무로,34609,36204
2022-09-29,4호선,동대문역사문화공원,16805,15093
2022-09-29,4호선,동대문,21162,21681
2022-09-29,4호선,혜화,38309,38854
2022-09-29,4호선,한성대입구,16914,16205
2022-09-29,4호선,성신여대입구,24659,23487
2022-09-29,4호선,길음,24863,25179
2022-09-29,4호선,미아사거리,29484,28649
2022-09-29,4호선,미아,16641,16046
2022-09-29,4호선,수유,36967,37054
2022-09-29,4호선,쌍문,31630,29206
2022-09-29,4호선,창동,27427,29193
2022-09-29,4호선,노원,19986,23041
2022-09-29,4호선,상계,21164,19765
2022-09-29,4호선,당고개,9725,8631
2022-09-30,4호선,당고개,10060,8907
2022-09-30,4호선,상계,21319,19726
2022-09-30,4호선,노원,21343,25044
2022-09-30,4호선,창동,28752,30480
2022-09-30,4호선,쌍문,32533,29739
2022-09-30,4호선,수유,38019,38316
2022-09-30,4호선,미아,16942,16366
2022-09-30,4호선,미아사거리,30590,29720
2022-09-30,4호선,길음,24515,23961
2022-09-30,4호선,성신여대입구,26073,24726
2022-09-30,4호선,한성대입구,17535,16759
2022-09-30,4호선,혜화,47348,48658
2022-09-30,4호선,동대문,21646,21623
2022-09-30,4호선,동대문역사문화공원,17852,15395
2022-09-30,4호선,충무로,33995,36625
2022-09-30,4호선,명동,25235,27025
2022-09-30,4호선,회현,27606,29120
2022-09-30,4호선,서울역,13660,23210
2022-09-30,4호선,숙대입구,16401,15640
2022-09-30,4호선,삼각지,6310,7517
2022-09-30,4호선,신용산,20095,21334
2022-09-30,4호선,이촌,8934,9892
2022-09-30,4호선,동작,1827,1879
2022-09-30,4호선,총신대입구,22113,24044
2022-09-30,4호선,사당,30651,26890
2022-09-30,4호선,남태령,1591,1220
2022-10-01,4호선,숙대입구,10551,10189
2022-10-01,4호선,삼각지,4730,6532
2022-10-01,4호선,신용산,12651,14179
2022-10-01,4호선,이촌,8885,9639
2022-10-01,4호선,동작,1554,1677
2022-10-01,4호선,총신대입구,15577,16562
2022-10-01,4호선,사당,24030,21645
2022-10-01,4호선,남태령,1296,732
2022-10-01,4호선,당고개,7823,7231
2022-10-01,4호선,노원,16724,18717
2022-10-01,4호선,창동,21237,21728
2022-10-01,4호선,쌍문,23930,20652
2022-10-01,4호선,수유,28694,27487
2022-10-01,4호선,미아,11854,10679
2022-10-01,4호선,미아사거리,24206,22871
2022-10-01,4호선,길음,16916,15508
2022-10-01,4호선,성신여대입구,18970,17190
2022-10-01,4호선,한성대입구,12542,11984
2022-10-01,4호선,혜화,33851,34663
2022-10-01,4호선,동대문,15654,16327
2022-10-01,4호선,동대문역사문화공원,14737,12749
2022-10-01,4호선,충무로,16060,16857
2022-10-01,4호선,명동,21543,25534
2022-10-01,4호선,회현,20852,22196
2022-10-01,4호선,상계,15412,13956
2022-10-01,4호선,서울역,7210,18520
2022-10-02,4호선,이촌,6915,7204
2022-10-02,4호선,신용산,9780,10290
2022-10-02,4호선,삼각지,3604,5007
2022-10-02,4호선,숙대입구,9102,8933
2022-10-02,4호선,서울역,5180,13858
2022-10-02,4호선,회현,10868,10631
2022-10-02,4호선,명동,18266,20274
2022-10-02,4호선,충무로,10015,11315
2022-10-02,4호선,동대문역사문화공원,12339,11180
2022-10-02,4호선,동대문,8646,9670
2022-10-02,4호선,혜화,28976,29502
2022-10-02,4호선,한성대입구,8542,8569
2022-10-02,4호선,성신여대입구,15599,14977
2022-10-02,4호선,길음,12215,11843
2022-10-02,4호선,미아사거리,17434,16779
2022-10-02,4호선,미아,8869,8054
2022-10-02,4호선,수유,21990,21504
2022-10-02,4호선,쌍문,17507,15404
2022-10-02,4호선,창동,16469,17313
2022-10-02,4호선,노원,12915,14291
2022-10-02,4호선,상계,11123,10345
2022-10-02,4호선,당고개,5858,5510
2022-10-02,4호선,남태령,952,599
2022-10-02,4호선,사당,17730,16105
2022-10-02,4호선,총신대입구,11083,11983
2022-10-02,4호선,동작,990,995
2022-10-03,4호선,당고개,5041,4597
2022-10-03,4호선,상계,9614,9153
2022-10-03,4호선,노원,10682,11536
2022-10-03,4호선,창동,12860,13741
2022-10-03,4호선,쌍문,15068,14121
2022-10-03,4호선,수유,18661,18721
2022-10-03,4호선,미아,7849,7679
2022-10-03,4호선,미아사거리,14840,14572
2022-10-03,4호선,길음,10230,10566
2022-10-03,4호선,성신여대입구,12414,12192
2022-10-03,4호선,한성대입구,7045,7209
2022-10-03,4호선,혜화,20562,21241
2022-10-03,4호선,동대문,14194,14451
2022-10-03,4호선,동대문역사문화공원,10324,8675
2022-10-03,4호선,충무로,9451,10166
2022-10-03,4호선,명동,13085,12869
2022-10-03,4호선,회현,15359,15322
2022-10-03,4호선,서울역,4872,12644
2022-10-03,4호선,숙대입구,6654,6332
2022-10-03,4호선,삼각지,2781,3645
2022-10-03,4호선,신용산,8357,8606
2022-10-03,4호선,이촌,5636,5918
2022-10-03,4호선,동작,618,669
2022-10-03,4호선,총신대입구,9526,10377
2022-10-03,4호선,사당,14153,12998
2022-10-03,4호선,남태령,556,489
2022-10-04,4호선,남태령,1444,1283
2022-10-04,4호선,사당,27205,23100
2022-10-04,4호선,총신대입구,20479,22091
2022-10-04,4호선,동작,1447,1575
2022-10-04,4호선,이촌,8291,9144
2022-10-04,4호선,신용산,18715,19316
2022-10-04,4호선,삼각지,5511,6203
2022-10-04,4호선,숙대입구,16358,15658
2022-10-04,4호선,서울역,12481,17980
2022-10-04,4호선,회현,26608,27771
2022-10-04,4호선,명동,24641,25166
2022-10-04,4호선,충무로,31603,32383
2022-10-04,4호선,동대문역사문화공원,16247,14367
2022-10-04,4호선,동대문,20763,21265
2022-10-04,4호선,혜화,33690,33870
2022-10-04,4호선,한성대입구,15952,15395
2022-10-04,4호선,성신여대입구,22906,21835
2022-10-04,4호선,길음,24482,25255
2022-10-04,4호선,미아사거리,28743,27984
2022-10-04,4호선,미아,16604,16200
2022-10-04,4호선,수유,35989,36413
2022-10-04,4호선,쌍문,30740,28834
2022-10-04,4호선,창동,26813,28614
2022-10-04,4호선,노원,19515,22220
2022-10-04,4호선,상계,20484,19278
2022-10-04,4호선,당고개,9748,8534
2022-10-05,4호선,당고개,10136,9004
2022-10-05,4호선,상계,21025,19817
2022-10-05,4호선,노원,20352,23233
2022-10-05,4호선,창동,27955,29457
2022-10-05,4호선,쌍문,31819,29976
2022-10-05,4호선,수유,36866,37084
2022-10-05,4호선,미아,17160,16775
2022-10-05,4호선,미아사거리,29410,28771
2022-10-05,4호선,길음,25155,25531
2022-10-05,4호선,성신여대입구,23983,22771
2022-10-05,4호선,한성대입구,14906,14465
2022-10-05,4호선,혜화,38972,38858
2022-10-05,4호선,동대문,21839,22081
2022-10-05,4호선,동대문역사문화공원,17108,15176
2022-10-05,4호선,충무로,32094,32749
2022-10-05,4호선,명동,26400,27348
2022-10-05,4호선,회현,28054,29373
2022-10-05,4호선,서울역,13252,19188
2022-10-05,4호선,숙대입구,16742,16189
2022-10-05,4호선,삼각지,6012,6671
2022-10-05,4호선,신용산,18984,19933
2022-10-05,4호선,이촌,8944,9850
2022-10-05,4호선,동작,1620,1750
2022-10-05,4호선,총신대입구,21126,22831
2022-10-05,4호선,사당,28265,23940
2022-10-05,4호선,남태령,1443,1283
2022-10-06,4호선,당고개,9760,8806
2022-10-06,4호선,상계,21101,19629
2022-10-06,4호선,노원,20302,23181
2022-10-06,4호선,창동,27487,29307
2022-10-06,4호선,쌍문,31665,29725
2022-10-06,4호선,수유,37261,37205
2022-10-06,4호선,미아,16906,16356
2022-10-06,4호선,미아사거리,29784,29088
2022-10-06,4호선,길음,25016,25155
2022-10-06,4호선,성신여대입구,23410,22332
2022-10-06,4호선,한성대입구,16685,15850
2022-10-06,4호선,혜화,37062,37016
2022-10-06,4호선,동대문,21917,22358
2022-10-06,4호선,동대문역사문화공원,17244,15288
2022-10-06,4호선,충무로,32747,33338
2022-10-06,4호선,명동,25732,26953
2022-10-06,4호선,회현,28341,29739
2022-10-06,4호선,서울역,13508,20153
2022-10-06,4호선,숙대입구,16937,16226
2022-10-06,4호선,삼각지,6081,6916
2022-10-06,4호선,신용산,19506,20309
2022-10-06,4호선,이촌,8712,9617
2022-10-06,4호선,동작,1579,1715
2022-10-06,4호선,총신대입구,21043,22841
2022-10-06,4호선,사당,28709,24512
2022-10-06,4호선,남태령,1369,1282
2022-10-07,4호선,남태령,1543,1235
2022-10-07,4호선,사당,31191,26447
2022-10-07,4호선,총신대입구,22238,24507
2022-10-07,4호선,동작,2286,2487
2022-10-07,4호선,이촌,9365,10270
2022-10-07,4호선,신용산,19908,20997
2022-10-07,4호선,삼각지,6387,7467
2022-10-07,4호선,숙대입구,16283,15715
2022-10-07,4호선,서울역,13726,24213
2022-10-07,4호선,회현,28451,29906
2022-10-07,4호선,명동,28237,30119
2022-10-07,4호선,충무로,31811,33245
2022-10-07,4호선,동대문역사문화공원,18550,15984
2022-10-07,4호선,동대문,22491,22486
2022-10-07,4호선,혜화,41907,41169
2022-10-07,4호선,한성대입구,16855,15903
2022-10-07,4호선,성신여대입구,23705,22614
2022-10-07,4호선,길음,24892,24126
2022-10-07,4호선,미아사거리,31014,30312
2022-10-07,4호선,미아,16937,16098
2022-10-07,4호선,수유,38644,38950
2022-10-07,4호선,쌍문,32430,29760
2022-10-07,4호선,창동,28900,30960
2022-10-07,4호선,노원,21681,25376
2022-10-07,4호선,상계,21753,20178
2022-10-07,4호선,당고개,10279,9208
2022-10-08,4호선,남태령,1882,1041
2022-10-08,4호선,사당,27892,24340
2022-10-08,4호선,총신대입구,17727,19189
2022-10-08,4호선,동작,7858,6792
2022-10-08,4호선,이촌,15547,25862
2022-10-08,4호선,신용산,22304,22595
2022-10-08,4호선,삼각지,5806,7780
2022-10-08,4호선,숙대입구,11836,11044
2022-10-08,4호선,서울역,7748,20536
2022-10-08,4호선,회현,23310,24076
2022-10-08,4호선,명동,25401,29338
2022-10-08,4호선,충무로,16953,19631
2022-10-08,4호선,동대문역사문화공원,16574,14162
2022-10-08,4호선,동대문,16727,17452
2022-10-08,4호선,혜화,35049,36436
2022-10-08,4호선,한성대입구,12945,12794
2022-10-08,4호선,성신여대입구,20202,18226
2022-10-08,4호선,길음,18278,17014
2022-10-08,4호선,미아사거리,26037,24384
2022-10-08,4호선,미아,12472,11240
2022-10-08,4호선,수유,30961,29509
2022-10-08,4호선,쌍문,25216,21905
2022-10-08,4호선,창동,22623,23288
2022-10-08,4호선,노원,19953,22419
2022-10-08,4호선,상계,16784,15232
2022-10-08,4호선,당고개,8637,7960
2022-10-09,4호선,당고개,5843,5576
2022-10-09,4호선,상계,10436,9743
2022-10-09,4호선,노원,13121,14486
2022-10-09,4호선,창동,15076,15847
2022-10-09,4호선,쌍문,16420,15033
2022-10-09,4호선,수유,20742,20289
2022-10-09,4호선,미아,8187,7644
2022-10-09,4호선,미아사거리,16708,15956
2022-10-09,4호선,길음,11220,10844
2022-10-09,4호선,성신여대입구,13932,13169
2022-10-09,4호선,한성대입구,8988,8873
2022-10-09,4호선,혜화,28263,29309
2022-10-09,4호선,동대문,8091,8749
2022-10-09,4호선,동대문역사문화공원,12264,10863
2022-10-09,4호선,충무로,10010,11042
2022-10-09,4호선,명동,18769,20828
2022-10-09,4호선,회현,10398,10249
2022-10-09,4호선,서울역,5415,14830
2022-10-09,4호선,숙대입구,8824,8441
2022-10-09,4호선,삼각지,3783,5040
2022-10-09,4호선,신용산,10382,10424
2022-10-09,4호선,이촌,8619,8601
2022-10-09,4호선,동작,601,676
2022-10-09,4호선,총신대입구,10341,11218
2022-10-09,4호선,사당,17170,15488
2022-10-09,4호선,남태령,858,583
2022-10-10,4호선,당고개,5959,5649
2022-10-10,4호선,상계,11440,10758
2022-10-10,4호선,노원,12853,13969
2022-10-10,4호선,창동,15549,16467
2022-10-10,4호선,쌍문,17745,16087
2022-10-10,4호선,수유,22237,21803
2022-10-10,4호선,미아,9423,9358
2022-10-10,4호선,미아사거리,18115,17407
2022-10-10,4호선,길음,11707,12085
2022-10-10,4호선,성신여대입구,14903,14347
2022-10-10,4호선,한성대입구,8522,8713
2022-10-10,4호선,혜화,23562,24150
2022-10-10,4호선,동대문,17625,17813
2022-10-10,4호선,동대문역사문화공원,12581,10548
2022-10-10,4호선,충무로,11076,12081
2022-10-10,4호선,명동,17064,17550
2022-10-10,4호선,회현,19946,20034
2022-10-10,4호선,서울역,5402,14006
2022-10-10,4호선,숙대입구,7613,7223
2022-10-10,4호선,삼각지,3246,4431
2022-10-10,4호선,신용산,10251,10361
2022-10-10,4호선,이촌,6803,7135
2022-10-10,4호선,동작,896,921
2022-10-10,4호선,총신대입구,11197,12225
2022-10-10,4호선,사당,15971,14634
2022-10-10,4호선,남태령,684,536
2022-10-11,4호선,당고개,9802,8580
2022-10-11,4호선,상계,20761,19463
2022-10-11,4호선,노원,20086,22771
2022-10-11,4호선,창동,27179,28840
2022-10-11,4호선,쌍문,31386,29706
2022-10-11,4호선,수유,36670,37014
2022-10-11,4호선,미아,17155,16590
2022-10-11,4호선,미아사거리,28896,28484
2022-10-11,4호선,길음,24569,25250
2022-10-11,4호선,성신여대입구,23314,22279
2022-10-11,4호선,한성대입구,16081,15570
2022-10-11,4호선,혜화,34966,34842
2022-10-11,4호선,동대문,22138,22337
2022-10-11,4호선,동대문역사문화공원,18081,15879
2022-10-11,4호선,충무로,31943,32938
2022-10-11,4호선,명동,26847,27571
2022-10-11,4호선,회현,28162,29234
2022-10-11,4호선,서울역,13009,19574
2022-10-11,4호선,숙대입구,16616,16010
2022-10-11,4호선,삼각지,5710,6305
2022-10-11,4호선,신용산,19423,20082
2022-10-11,4호선,이촌,8748,9800
2022-10-11,4호선,동작,1663,1903
2022-10-11,4호선,총신대입구,20589,22347
2022-10-11,4호선,사당,27988,23753
2022-10-11,4호선,남태령,1495,1244
2022-10-12,4호선,당고개,9807,8822
2022-10-12,4호선,상계,21258,19798
2022-10-12,4호선,노원,20262,23212
2022-10-12,4호선,창동,27836,29445
2022-10-12,4호선,쌍문,31930,29798
2022-10-12,4호선,수유,37267,37090
2022-10-12,4호선,미아,17231,16766
2022-10-12,4호선,길음,24819,25273
2022-10-12,4호선,성신여대입구,24148,22986
2022-10-12,4호선,한성대입구,16730,16030
2022-10-12,4호선,혜화,40045,39514
2022-10-12,4호선,동대문,22177,22484
2022-10-12,4호선,동대문역사문화공원,18538,16674
2022-10-12,4호선,충무로,32399,33018
2022-10-12,4호선,명동,27821,29136
2022-10-12,4호선,회현,28483,29829
2022-10-12,4호선,서울역,13708,20398
2022-10-12,4호선,숙대입구,16992,16496
2022-10-12,4호선,삼각지,5722,6601
2022-10-12,4호선,신용산,19602,20553
2022-10-12,4호선,이촌,9158,9979
2022-10-12,4호선,동작,1613,1691
2022-10-12,4호선,총신대입구,21213,22984
2022-10-12,4호선,사당,28210,24310
2022-10-12,4호선,남태령,1401,1231
2022-10-12,4호선,미아사거리,29232,28817
2022-10-13,4호선,쌍문,31558,29435
2022-10-13,4호선,당고개,9997,8793
2022-10-13,4호선,상계,21056,19693
2022-10-13,4호선,노원,20162,23386
2022-10-13,4호선,창동,27605,29458
2022-10-13,4호선,수유,37037,37055
2022-10-13,4호선,미아,16881,16331
2022-10-13,4호선,미아사거리,29396,28599
2022-10-13,4호선,길음,24965,25120
2022-10-13,4호선,성신여대입구,22909,21846
2022-10-13,4호선,한성대입구,16414,15745
2022-10-13,4호선,혜화,39283,38866
2022-10-13,4호선,동대문,22348,22659
2022-10-13,4호선,동대문역사문화공원,18855,16663
2022-10-13,4호선,충무로,32931,33651
2022-10-13,4호선,명동,28336,29575
2022-10-13,4호선,회현,28497,30124
2022-10-13,4호선,서울역,13969,21132
2022-10-13,4호선,숙대입구,17249,16368
2022-10-13,4호선,삼각지,6053,6968
2022-10-13,4호선,신용산,20129,21271
2022-10-13,4호선,이촌,8766,9302
2022-10-13,4호선,동작,1761,1797
2022-10-13,4호선,총신대입구,21119,22895
2022-10-13,4호선,사당,29738,25404
2022-10-13,4호선,남태령,1484,1277
2022-10-14,4호선,성신여대입구,24148,23342
2022-10-14,4호선,길음,24584,24120
2022-10-14,4호선,미아사거리,30181,29444
2022-10-14,4호선,미아,17233,16558
2022-10-14,4호선,수유,38178,38609
2022-10-14,4호선,쌍문,32415,29896
2022-10-14,4호선,창동,28591,30571
2022-10-14,4호선,노원,21234,24974
2022-10-14,4호선,상계,21401,20029
2022-10-14,4호선,당고개,10246,9071
2022-10-14,4호선,남태령,1528,1237
2022-10-14,4호선,사당,30288,26521
2022-10-14,4호선,총신대입구,21777,23845
2022-10-14,4호선,동작,1828,1916
2022-10-14,4호선,이촌,8770,9770
2022-10-14,4호선,신용산,20817,21878
2022-10-14,4호선,삼각지,6318,7420
2022-10-14,4호선,숙대입구,16061,15642
2022-10-14,4호선,서울역,13639,23405
2022-10-14,4호선,회현,28823,30137
2022-10-14,4호선,명동,29149,30809
2022-10-14,4호선,충무로,31183,32654
2022-10-14,4호선,동대문역사문화공원,19626,16783
2022-10-14,4호선,동대문,22261,22042
2022-10-14,4호선,혜화,41981,41604
2022-10-14,4호선,한성대입구,16562,15784
2022-10-15,4호선,당고개,8040,7387
2022-10-15,4호선,상계,16087,14614
2022-10-15,4호선,노원,17050,19304
2022-10-15,4호선,창동,22513,23178
2022-10-15,4호선,쌍문,24290,21234
2022-10-15,4호선,수유,29806,29088
2022-10-15,4호선,미아,12682,11510
2022-10-15,4호선,미아사거리,24055,22846
2022-10-15,4호선,길음,17078,16354
2022-10-15,4호선,성신여대입구,18769,17570
2022-10-15,4호선,한성대입구,12943,12650
2022-10-15,4호선,혜화,32450,34332
2022-10-15,4호선,동대문,15742,16050
2022-10-15,4호선,동대문역사문화공원,16364,14025
2022-10-15,4호선,충무로,15739,17726
2022-10-15,4호선,명동,23743,26751
2022-10-15,4호선,회현,21589,22352
2022-10-15,4호선,서울역,7654,19954
2022-10-15,4호선,숙대입구,12022,11725
2022-10-15,4호선,삼각지,5904,8013
2022-10-15,4호선,신용산,13584,14898
2022-10-15,4호선,이촌,9394,10307
2022-10-15,4호선,동작,1852,1864
2022-10-15,4호선,총신대입구,16354,17965
2022-10-15,4호선,사당,25578,23467
2022-10-15,4호선,남태령,1379,803
2022-10-16,4호선,남태령,837,600
2022-10-16,4호선,사당,18464,17218
2022-10-16,4호선,총신대입구,11367,12338
2022-10-16,4호선,동작,1326,1343
2022-10-16,4호선,이촌,6419,6908
2022-10-16,4호선,신용산,10824,11416
2022-10-16,4호선,삼각지,3897,5388
2022-10-16,4호선,숙대입구,9161,8957
2022-10-16,4호선,서울역,5763,14606
2022-10-16,4호선,회현,10226,10686
2022-10-16,4호선,명동,18787,21236
2022-10-16,4호선,충무로,9973,11524
2022-10-16,4호선,동대문역사문화공원,11622,10554
2022-10-16,4호선,동대문,8801,9373
2022-10-16,4호선,혜화,24763,26142
2022-10-16,4호선,한성대입구,9850,9727
2022-10-16,4호선,성신여대입구,13496,5910
2022-10-16,4호선,길음,12048,11943
2022-10-16,4호선,미아사거리,17741,16779
2022-10-16,4호선,미아,9267,8775
2022-10-16,4호선,수유,22114,21264
2022-10-16,4호선,쌍문,17609,15860
2022-10-16,4호선,창동,16749,17425
2022-10-16,4호선,노원,12508,13393
2022-10-16,4호선,상계,11340,10537
2022-10-16,4호선,당고개,6192,6088
2022-10-17,4호선,당고개,9745,8538
2022-10-17,4호선,상계,20464,18967
2022-10-17,4호선,노원,19111,21535
2022-10-17,4호선,창동,26455,28093
2022-10-17,4호선,쌍문,30565,28557
2022-10-17,4호선,수유,35853,36286
2022-10-17,4호선,미아,16656,16291
2022-10-17,4호선,미아사거리,27938,26799
2022-10-17,4호선,길음,23487,24144
2022-10-17,4호선,성신여대입구,22569,8659
2022-10-17,4호선,한성대입구,15357,14701
2022-10-17,4호선,혜화,33532,33381
2022-10-17,4호선,동대문,21866,22151
2022-10-17,4호선,동대문역사문화공원,17254,14966
2022-10-17,4호선,충무로,31138,32178
2022-10-17,4호선,명동,27776,28254
2022-10-17,4호선,회현,28479,29342
2022-10-17,4호선,서울역,13366,20085
2022-10-17,4호선,숙대입구,15929,15304
2022-10-17,4호선,삼각지,5544,6176
2022-10-17,4호선,신용산,18657,19417
2022-10-17,4호선,이촌,7807,8845
2022-10-17,4호선,동작,1462,1627
2022-10-17,4호선,총신대입구,20093,22075
2022-10-17,4호선,사당,26728,22829
2022-10-17,4호선,남태령,1360,1184
2022-10-18,4호선,당고개,9904,8900
2022-10-18,4호선,상계,20795,19311
2022-10-18,4호선,노원,19903,23034
2022-10-18,4호선,창동,27178,28760
2022-10-18,4호선,쌍문,31475,29427
2022-10-18,4호선,수유,36797,36807
2022-10-18,4호선,미아,17019,16607
2022-10-18,4호선,미아사거리,29109,28560
2022-10-18,4호선,길음,23910,24329
2022-10-18,4호선,성신여대입구,22933,21923
2022-10-18,4호선,한성대입구,16081,15329
2022-10-18,4호선,혜화,36788,36715
2022-10-18,4호선,동대문,21666,22175
2022-10-18,4호선,동대문역사문화공원,17285,15215
2022-10-18,4호선,충무로,32783,33425
2022-10-18,4호선,명동,27857,28759
2022-10-18,4호선,회현,28526,29858
2022-10-18,4호선,서울역,13523,19938
2022-10-18,4호선,숙대입구,16399,15879
2022-10-18,4호선,삼각지,5791,6642
2022-10-18,4호선,신용산,19443,20501
2022-10-18,4호선,이촌,8436,9366
2022-10-18,4호선,동작,1551,1690
2022-10-18,4호선,총신대입구,20495,22306
2022-10-18,4호선,사당,28050,24154
2022-10-18,4호선,남태령,1419,1219
2022-10-19,4호선,당고개,9773,8739
2022-10-19,4호선,상계,21474,20061
2022-10-19,4호선,노원,20544,22966
2022-10-19,4호선,창동,27712,29125
2022-10-19,4호선,쌍문,31656,29659
2022-10-19,4호선,수유,36594,37229
2022-10-19,4호선,미아,16944,16607
2022-10-19,4호선,미아사거리,29486,28659
2022-10-19,4호선,길음,24460,24880
2022-10-19,4호선,성신여대입구,23443,22219
2022-10-19,4호선,한성대입구,16259,15609
2022-10-19,4호선,혜화,39097,39173
2022-10-19,4호선,동대문,21476,22040
2022-10-19,4호선,동대문역사문화공원,17781,15857
2022-10-19,4호선,충무로,32295,33094
2022-10-19,4호선,명동,27787,29387
2022-10-19,4호선,회현,28292,29972
2022-10-19,4호선,서울역,13702,20923
2022-10-19,4호선,숙대입구,16640,16050
2022-10-19,4호선,삼각지,5845,6624
2022-10-19,4호선,신용산,19509,20397
2022-10-19,4호선,이촌,9325,10237
2022-10-19,4호선,동작,1910,2021
2022-10-19,4호선,총신대입구,20931,22671
2022-10-19,4호선,사당,28451,24497
2022-10-19,4호선,남태령,1527,1292
2022-10-20,4호선,당고개,10109,9019
2022-10-20,4호선,상계,20789,19412
2022-10-20,4호선,노원,20492,23468
2022-10-20,4호선,창동,27470,29001
2022-10-20,4호선,쌍문,31868,29648
2022-10-20,4호선,수유,37128,37351
2022-10-20,4호선,미아,16857,16285
2022-10-20,4호선,미아사거리,29177,28412
2022-10-20,4호선,길음,24477,24609
2022-10-20,4호선,성신여대입구,22743,21556
2022-10-20,4호선,한성대입구,16089,15333
2022-10-20,4호선,혜화,38834,38344
2022-10-20,4호선,동대문,21830,22622
2022-10-20,4호선,동대문역사문화공원,18143,16061
2022-10-20,4호선,충무로,32583,33678
2022-10-20,4호선,명동,28034,29481
2022-10-20,4호선,회현,28660,30026
2022-10-20,4호선,서울역,13767,20971
2022-10-20,4호선,숙대입구,16309,15457
2022-10-20,4호선,삼각지,6021,6926
2022-10-20,4호선,신용산,19372,20143
2022-10-20,4호선,이촌,8835,9856
2022-10-20,4호선,동작,1566,1714
2022-10-20,4호선,총신대입구,21016,23202
2022-10-20,4호선,사당,29112,25047
2022-10-20,4호선,남태령,1402,1321
2022-10-21,4호선,남태령,1500,1245
2022-10-21,4호선,사당,30896,26776
2022-10-21,4호선,총신대입구,22064,24251
2022-10-21,4호선,동작,1774,2073
2022-10-21,4호선,이촌,9392,10381
2022-10-21,4호선,신용산,20380,21368
2022-10-21,4호선,삼각지,6430,7636
2022-10-21,4호선,숙대입구,15905,15580
2022-10-21,4호선,서울역,13766,23543
2022-10-21,4호선,회현,28519,30286
2022-10-21,4호선,명동,29714,31857
2022-10-21,4호선,충무로,31452,32652
2022-10-21,4호선,동대문역사문화공원,19011,16106
2022-10-21,4호선,동대문,22216,22306
2022-10-21,4호선,혜화,44095,43416
2022-10-21,4호선,한성대입구,16599,15571
2022-10-21,4호선,성신여대입구,23824,23293
2022-10-21,4호선,길음,23808,23066
2022-10-21,4호선,미아사거리,29891,29238
2022-10-21,4호선,미아,17258,16418
2022-10-21,4호선,수유,37992,38400
2022-10-21,4호선,쌍문,31938,29288
2022-10-21,4호선,창동,28608,30330
2022-10-21,4호선,노원,21248,25004
2022-10-21,4호선,상계,21103,19749
2022-10-21,4호선,당고개,10299,9105
2022-10-22,4호선,남태령,1496,906
2022-10-22,4호선,사당,26680,23828
2022-10-22,4호선,총신대입구,16176,17948
2022-10-22,4호선,동작,1703,1736
2022-10-22,4호선,이촌,8622,9388
2022-10-22,4호선,신용산,13956,15128
2022-10-22,4호선,삼각지,5895,8126
2022-10-22,4호선,숙대입구,19908,11509
2022-10-22,4호선,서울역,11260,21503
2022-10-22,4호선,회현,27279,25797
2022-10-22,4호선,명동,28115,30639
2022-10-22,4호선,충무로,17643,20038
2022-10-22,4호선,동대문역사문화공원,16493,14075
2022-10-22,4호선,동대문,16350,16675
2022-10-22,4호선,혜화,36084,37975
2022-10-22,4호선,한성대입구,13117,13050
2022-10-22,4호선,성신여대입구,19085,18099
2022-10-22,4호선,길음,17795,16835
2022-10-22,4호선,미아사거리,24949,24031
2022-10-22,4호선,미아,12703,11752
2022-10-22,4호선,수유,29996,29254
2022-10-22,4호선,쌍문,24330,21543
2022-10-22,4호선,창동,22216,23041
2022-10-22,4호선,노원,17801,20026
2022-10-22,4호선,상계,16452,15059
2022-10-22,4호선,당고개,8204,7634
2022-10-23,4호선,당고개,6311,5822
2022-10-23,4호선,상계,11610,10931
2022-10-23,4호선,노원,12818,13874
2022-10-23,4호선,창동,16555,17104
2022-10-23,4호선,쌍문,17591,15826
2022-10-23,4호선,수유,21822,21182
2022-10-23,4호선,미아,8938,8414
2022-10-23,4호선,미아사거리,17770,16810
2022-10-23,4호선,길음,12268,12375
2022-10-23,4호선,성신여대입구,13595,12858
2022-10-23,4호선,한성대입구,9145,9126
2022-10-23,4호선,혜화,26548,27841
2022-10-23,4호선,동대문,9176,9798
2022-10-23,4호선,동대문역사문화공원,13129,11809
2022-10-23,4호선,충무로,10386,11886
2022-10-23,4호선,명동,20285,22062
2022-10-23,4호선,회현,11383,11714
2022-10-23,4호선,서울역,6014,15654
2022-10-23,4호선,숙대입구,9108,8833
2022-10-23,4호선,삼각지,3659,4977
2022-10-23,4호선,신용산,9943,10185
2022-10-23,4호선,이촌,6155,6651
2022-10-23,4호선,동작,1303,1347
2022-10-23,4호선,총신대입구,11352,12377
2022-10-23,4호선,사당,19239,17711
2022-10-23,4호선,남태령,920,616
2022-10-24,4호선,남태령,1339,1150
2022-10-24,4호선,사당,26674,22605
2022-10-24,4호선,총신대입구,19930,21787
2022-10-24,4호선,동작,1496,1688
2022-10-24,4호선,이촌,7821,8624
2022-10-24,4호선,신용산,18179,18893
2022-10-24,4호선,삼각지,5401,6020
2022-10-24,4호선,숙대입구,15604,14985
2022-10-24,4호선,서울역,13232,20028
2022-10-24,4호선,회현,25579,26883
2022-10-24,4호선,명동,27639,28022
2022-10-24,4호선,충무로,30855,32020
2022-10-24,4호선,동대문역사문화공원,17278,15060
2022-10-24,4호선,동대문,21347,21918
2022-10-24,4호선,혜화,33385,33462
2022-10-24,4호선,한성대입구,15327,14984
2022-10-24,4호선,성신여대입구,21858,20986
2022-10-24,4호선,길음,23668,24213
2022-10-24,4호선,미아사거리,28360,27850
2022-10-24,4호선,미아,16387,16037
2022-10-24,4호선,수유,35722,35788
2022-10-24,4호선,쌍문,30289,28467
2022-10-24,4호선,창동,26294,27941
2022-10-24,4호선,노원,19320,21732
2022-10-24,4호선,상계,20148,18827
2022-10-24,4호선,당고개,9575,8459
2022-10-25,4호선,남태령,1550,1835
2022-10-25,4호선,사당,30212,24848
2022-10-25,4호선,총신대입구,20513,22710
2022-10-25,4호선,동작,1659,1832
2022-10-25,4호선,이촌,9495,10658
2022-10-25,4호선,신용산,19018,19609
2022-10-25,4호선,삼각지,5993,7017
2022-10-25,4호선,숙대입구,16342,15278
2022-10-25,4호선,서울역,13415,19510
2022-10-25,4호선,회현,28964,28968
2022-10-25,4호선,명동,27826,27341
2022-10-25,4호선,충무로,32262,32650
2022-10-25,4호선,동대문역사문화공원,17529,16178
2022-10-25,4호선,동대문,21441,21770
2022-10-25,4호선,혜화,37525,35178
2022-10-25,4호선,한성대입구,16587,16502
2022-10-25,4호선,성신여대입구,23050,22648
2022-10-25,4호선,길음,24108,24624
2022-10-25,4호선,미아사거리,28885,29204
2022-10-25,4호선,미아,16550,16593
2022-10-25,4호선,수유,36750,37510
2022-10-25,4호선,쌍문,30973,29648
2022-10-25,4호선,창동,27160,29073
2022-10-25,4호선,노원,19894,22422
2022-10-25,4호선,상계,20814,19532
2022-10-25,4호선,당고개,10085,9335
2022-10-26,4호선,남태령,1429,1249
2022-10-26,4호선,사당,29150,24524
2022-10-26,4호선,총신대입구,20973,23003
2022-10-26,4호선,동작,1812,1996
2022-10-26,4호선,이촌,11145,12036
2022-10-26,4호선,신용산,19440,20062
2022-10-26,4호선,삼각지,6142,7091
2022-10-26,4호선,숙대입구,16842,15950
2022-10-26,4호선,서울역,13818,20759
2022-10-26,4호선,회현,28952,30335
2022-10-26,4호선,명동,28685,29795
2022-10-26,4호선,충무로,32758,33390
2022-10-26,4호선,동대문역사문화공원,18280,16106
2022-10-26,4호선,동대문,21666,22332
2022-10-26,4호선,혜화,42323,41175
2022-10-26,4호선,한성대입구,16547,15926
2022-10-26,4호선,성신여대입구,23766,22638
2022-10-26,4호선,길음,24823,24982
2022-10-26,4호선,미아사거리,29105,28606
2022-10-26,4호선,미아,17101,16679
2022-10-26,4호선,수유,36935,37283
2022-10-26,4호선,쌍문,31487,29586
2022-10-26,4호선,창동,27749,29288
2022-10-26,4호선,노원,20203,23133
2022-10-26,4호선,상계,21129,19790
2022-10-26,4호선,당고개,10037,8975
2022-10-27,4호선,남태령,1277,1115
2022-10-27,4호선,사당,29716,24807
2022-10-27,4호선,총신대입구,20939,22929
2022-10-27,4호선,동작,1757,2018
2022-10-27,4호선,이촌,9773,10850
2022-10-27,4호선,신용산,19148,20025
2022-10-27,4호선,삼각지,6318,7404
2022-10-27,4호선,숙대입구,16884,15990
2022-10-27,4호선,서울역,13936,21583
2022-10-27,4호선,회현,28875,30076
2022-10-27,4호선,명동,29046,30329
2022-10-27,4호선,충무로,33050,33765
2022-10-27,4호선,동대문역사문화공원,18334,16152
2022-10-27,4호선,동대문,21883,22513
2022-10-27,4호선,혜화,40021,40443
2022-10-27,4호선,한성대입구,16314,15797
2022-10-27,4호선,성신여대입구,23319,22234
2022-10-27,4호선,길음,24660,25287
2022-10-27,4호선,미아사거리,29732,29229
2022-10-27,4호선,미아,16850,16406
2022-10-27,4호선,수유,37036,36924
2022-10-27,4호선,쌍문,31632,29554
2022-10-27,4호선,창동,27718,29323
2022-10-27,4호선,노원,19956,22932
2022-10-27,4호선,상계,20936,19597
2022-10-27,4호선,당고개,10024,8998
2022-10-28,4호선,당고개,10075,9016
2022-10-28,4호선,상계,21179,19770
2022-10-28,4호선,노원,21267,25113
2022-10-28,4호선,창동,28938,30948
2022-10-28,4호선,쌍문,32489,29638
2022-10-28,4호선,수유,38499,39153
2022-10-28,4호선,미아,17122,16550
2022-10-28,4호선,미아사거리,30187,29611
2022-10-28,4호선,길음,24501,23834
2022-10-28,4호선,성신여대입구,24673,23582
2022-10-28,4호선,한성대입구,16603,15680
2022-10-28,4호선,혜화,43563,42587
2022-10-28,4호선,동대문,22434,22226
2022-10-28,4호선,동대문역사문화공원,19176,16267
2022-10-28,4호선,충무로,32293,34069
2022-10-28,4호선,명동,30098,31997
2022-10-28,4호선,회현,28820,30142
2022-10-28,4호선,서울역,14092,24588
2022-10-28,4호선,숙대입구,16289,15749
2022-10-28,4호선,삼각지,6886,8203
2022-10-28,4호선,신용산,20378,21348
2022-10-28,4호선,이촌,10600,11494
2022-10-28,4호선,동작,1768,1918
2022-10-28,4호선,총신대입구,21927,24237
2022-10-28,4호선,사당,31632,26912
2022-10-28,4호선,남태령,1528,1278
2022-10-29,4호선,당고개,8195,7404
2022-10-29,4호선,상계,16453,15082
2022-10-29,4호선,노원,17878,20351
2022-10-29,4호선,창동,22982,23782
2022-10-29,4호선,쌍문,24925,21822
2022-10-29,4호선,수유,30563,29740
2022-10-29,4호선,미아,12532,11363
2022-10-29,4호선,미아사거리,25366,24078
2022-10-29,4호선,길음,17936,16956
2022-10-29,4호선,성신여대입구,19969,18979
2022-10-29,4호선,한성대입구,13880,13494
2022-10-29,4호선,혜화,39569,41401
2022-10-29,4호선,동대문,15877,16121
2022-10-29,4호선,동대문역사문화공원,15928,13547
2022-10-29,4호선,충무로,19628,22176
2022-10-29,4호선,명동,29456,32301
2022-10-29,4호선,회현,27038,26525
2022-10-29,4호선,서울역,10227,22706
2022-10-29,4호선,숙대입구,16040,12731
2022-10-29,4호선,삼각지,7274,10173
2022-10-29,4호선,신용산,16355,16796
2022-10-29,4호선,이촌,21012,22223
2022-10-29,4호선,동작,1724,1803
2022-10-29,4호선,총신대입구,16915,18697
2022-10-29,4호선,사당,28340,25123
2022-10-29,4호선,남태령,1674,861
2022-10-30,4호선,당고개,6146,5849
2022-10-30,4호선,상계,11609,10848
2022-10-30,4호선,노원,12844,13811
2022-10-30,4호선,창동,16739,17416
2022-10-30,4호선,쌍문,17697,15961
2022-10-30,4호선,수유,22426,21818
2022-10-30,4호선,미아,9340,8906
2022-10-30,4호선,미아사거리,17260,16487
2022-10-30,4호선,길음,12485,12571
2022-10-30,4호선,성신여대입구,13808,13102
2022-10-30,4호선,한성대입구,9062,9184
2022-10-30,4호선,혜화,27950,29549
2022-10-30,4호선,동대문,8818,9202
2022-10-30,4호선,동대문역사문화공원,11757,10336
2022-10-30,4호선,충무로,11465,13068
2022-10-30,4호선,명동,20737,22672
2022-10-30,4호선,회현,11361,11559
2022-10-30,4호선,서울역,5887,16513
2022-10-30,4호선,숙대입구,9193,9073
2022-10-30,4호선,삼각지,3882,5155
2022-10-30,4호선,신용산,10158,10618
2022-10-30,4호선,이촌,7203,7867
2022-10-30,4호선,동작,1212,1300
2022-10-30,4호선,총신대입구,11350,12288
2022-10-30,4호선,사당,18637,17045
2022-10-30,4호선,남태령,976,599
2022-10-31,4호선,당고개,9850,8641
2022-10-31,4호선,상계,20408,18921
2022-10-31,4호선,노원,19511,21955
2022-10-31,4호선,창동,26403,27889
2022-10-31,4호선,쌍문,30579,28595
2022-10-31,4호선,수유,35648,35912
2022-10-31,4호선,미아,16399,16012
2022-10-31,4호선,미아사거리,28013,27366
2022-10-31,4호선,길음,23385,24114
2022-10-31,4호선,성신여대입구,22260,21388
2022-10-31,4호선,한성대입구,15582,14955
2022-10-31,4호선,혜화,34457,34893
2022-10-31,4호선,동대문,21087,21572
2022-10-31,4호선,동대문역사문화공원,16915,14930
2022-10-31,4호선,충무로,31298,32840
2022-10-31,4호선,명동,25555,26499
2022-10-31,4호선,회현,27682,28841
2022-10-31,4호선,서울역,13221,19920
2022-10-31,4호선,숙대입구,15975,15279
2022-10-31,4호선,삼각지,5673,6303
2022-10-31,4호선,신용산,18217,19255
2022-10-31,4호선,이촌,8545,9398
2022-10-31,4호선,동작,1506,1672
2022-10-31,4호선,총신대입구,20141,22133
2022-10-31,4호선,사당,26783,22649
2022-10-31,4호선,남태령,1308,1228
2022-11-01,4호선,당고개,9844,8821
2022-11-01,4호선,상계,20783,19425
2022-11-01,4호선,노원,19710,22540
2022-11-01,4호선,창동,26786,28507
2022-11-01,4호선,쌍문,31292,29106
2022-11-01,4호선,수유,36336,36727
2022-11-01,4호선,미아,16555,16175
2022-11-01,4호선,미아사거리,28713,27875
2022-11-01,4호선,길음,24516,24855
2022-11-01,4호선,성신여대입구,23093,21661
2022-11-01,4호선,한성대입구,16180,15656
2022-11-01,4호선,혜화,36908,36719
2022-11-01,4호선,동대문,20924,21502
2022-11-01,4호선,동대문역사문화공원,17106,15189
2022-11-01,4호선,충무로,32446,33470
2022-11-01,4호선,명동,27880,28963
2022-11-01,4호선,회현,28186,29363
2022-11-01,4호선,서울역,13298,19385
2022-11-01,4호선,숙대입구,16323,15616
2022-11-01,4호선,삼각지,6062,6690
2022-11-01,4호선,신용산,18784,19556
2022-11-01,4호선,이촌,9035,9950
2022-11-01,4호선,동작,1598,1718
2022-11-01,4호선,총신대입구,20823,22845
2022-11-01,4호선,사당,27619,23385
2022-11-01,4호선,남태령,1410,1236
2022-11-02,4호선,당고개,9757,8598
2022-11-02,4호선,상계,21046,19730
2022-11-02,4호선,노원,19871,22608
2022-11-02,4호선,창동,27454,29007
2022-11-02,4호선,쌍문,31554,29478
2022-11-02,4호선,수유,36936,37067
2022-11-02,4호선,미아,16859,16477
2022-11-02,4호선,미아사거리,28759,28250
2022-11-02,4호선,길음,24518,24926
2022-11-02,4호선,성신여대입구,23825,22445
2022-11-02,4호선,한성대입구,16461,15904
2022-11-02,4호선,혜화,40555,40442
2022-11-02,4호선,동대문,20971,21504
2022-11-02,4호선,동대문역사문화공원,17679,15569
2022-11-02,4호선,충무로,32371,33348
2022-11-02,4호선,명동,28004,28931
2022-11-02,4호선,회현,27865,29219
2022-11-02,4호선,서울역,13582,20190
2022-11-02,4호선,숙대입구,16797,16093
2022-11-02,4호선,삼각지,5925,6691
2022-11-02,4호선,신용산,19284,20087
2022-11-02,4호선,이촌,10062,10903
2022-11-02,4호선,동작,1771,1809
2022-11-02,4호선,총신대입구,21143,23057
2022-11-02,4호선,사당,28232,23795
2022-11-02,4호선,남태령,1324,1208
2022-11-03,4호선,당고개,9647,8567
2022-11-03,4호선,상계,20748,19412
2022-11-03,4호선,노원,20131,22817
2022-11-03,4호선,창동,26818,28542
2022-11-03,4호선,쌍문,31147,29117
2022-11-03,4호선,수유,37261,37125
2022-11-03,4호선,미아,16622,16350
2022-11-03,4호선,미아사거리,28682,28280
2022-11-03,4호선,길음,24330,24813
2022-11-03,4호선,성신여대입구,23422,22121
2022-11-03,4호선,한성대입구,16284,15569
2022-11-03,4호선,혜화,38952,38686
2022-11-03,4호선,동대문,20861,21607
2022-11-03,4호선,동대문역사문화공원,17786,15756
2022-11-03,4호선,충무로,33074,33494
2022-11-03,4호선,명동,27387,29043
2022-11-03,4호선,회현,28035,29147
2022-11-03,4호선,서울역,13567,20491
2022-11-03,4호선,숙대입구,16513,15734
2022-11-03,4호선,삼각지,6114,6881
2022-11-03,4호선,신용산,18993,19920
2022-11-03,4호선,이촌,9298,10219
2022-11-03,4호선,동작,1607,1622
2022-11-03,4호선,총신대입구,20533,22380
2022-11-03,4호선,사당,28618,24325
2022-11-03,4호선,남태령,1356,1201
2022-11-04,4호선,당고개,9969,8810
2022-11-04,4호선,상계,20562,19327
2022-11-04,4호선,노원,20937,24458
2022-11-04,4호선,창동,28004,29922
2022-11-04,4호선,쌍문,31790,29401
2022-11-04,4호선,수유,37781,38256
2022-11-04,4호선,미아,17156,16476
2022-11-04,4호선,미아사거리,29404,28998
2022-11-04,4호선,길음,24075,23706
2022-11-04,4호선,성신여대입구,24471,23627
2022-11-04,4호선,한성대입구,16287,15538
2022-11-04,4호선,혜화,41140,40457
2022-11-04,4호선,동대문,21766,21251
2022-11-04,4호선,동대문역사문화공원,17898,15346
2022-11-04,4호선,충무로,31872,33019
2022-11-04,4호선,명동,28839,30523
2022-11-04,4호선,회현,28043,29066
2022-11-04,4호선,서울역,13176,23395
2022-11-04,4호선,숙대입구,16193,15748
2022-11-04,4호선,삼각지,6458,7452
2022-11-04,4호선,신용산,20008,21078
2022-11-04,4호선,이촌,9990,10843
2022-11-04,4호선,동작,1570,1664
2022-11-04,4호선,총신대입구,21167,23442
2022-11-04,4호선,사당,30371,26145
2022-11-04,4호선,남태령,1454,1188
2022-11-05,4호선,당고개,7922,7305
2022-11-05,4호선,상계,15541,14363
2022-11-05,4호선,노원,17203,19089
2022-11-05,4호선,창동,21380,22406
2022-11-05,4호선,쌍문,23710,20952
2022-11-05,4호선,수유,29374,28712
2022-11-05,4호선,미아,11902,10914
2022-11-05,4호선,미아사거리,24012,22785
2022-11-05,4호선,길음,17042,16029
2022-11-05,4호선,성신여대입구,18931,17871
2022-11-05,4호선,한성대입구,12530,12241
2022-11-05,4호선,혜화,37801,39595
2022-11-05,4호선,동대문,15083,15323
2022-11-05,4호선,동대문역사문화공원,14771,12488
2022-11-05,4호선,충무로,17077,18973
2022-11-05,4호선,명동,24937,28662
2022-11-05,4호선,회현,22478,23252
2022-11-05,4호선,서울역,7607,19535
2022-11-05,4호선,숙대입구,11030,10522
2022-11-05,4호선,삼각지,4821,6449
2022-11-05,4호선,신용산,12889,13880
2022-11-05,4호선,이촌,10487,11092
2022-11-05,4호선,동작,1344,1387
2022-11-05,4호선,총신대입구,15705,17288
2022-11-05,4호선,사당,25861,22873
2022-11-05,4호선,남태령,1317,738
2022-11-06,4호선,당고개,6128,5824
2022-11-06,4호선,상계,11470,10549
2022-11-06,4호선,노원,12632,14002
2022-11-06,4호선,창동,16531,16966
2022-11-06,4호선,쌍문,17584,15813
2022-11-06,4호선,수유,22068,21148
2022-11-06,4호선,미아,9023,8434
2022-11-06,4호선,미아사거리,17526,16729
2022-11-06,4호선,길음,12354,12303
2022-11-06,4호선,성신여대입구,13897,13245
2022-11-06,4호선,한성대입구,9043,9390
2022-11-06,4호선,혜화,28653,30405
2022-11-06,4호선,동대문,9250,9729
2022-11-06,4호선,동대문역사문화공원,12049,10640
2022-11-06,4호선,충무로,11089,12443
2022-11-06,4호선,명동,20383,21340
2022-11-06,4호선,회현,11080,11724
2022-11-06,4호선,서울역,5854,15529
2022-11-06,4호선,숙대입구,9295,8916
2022-11-06,4호선,삼각지,3537,4711
2022-11-06,4호선,신용산,10015,10367
2022-11-06,4호선,이촌,7515,8041
2022-11-06,4호선,동작,1148,1175
2022-11-06,4호선,총신대입구,11097,12208
2022-11-06,4호선,사당,18949,16834
2022-11-06,4호선,남태령,916,609
2022-11-07,4호선,남태령,1354,1345
2022-11-07,4호선,사당,28055,23583
2022-11-07,4호선,총신대입구,19904,21573
2022-11-07,4호선,동작,1470,1625
2022-11-07,4호선,이촌,7876,9135
2022-11-07,4호선,신용산,18517,19377
2022-11-07,4호선,삼각지,5603,6436
2022-11-07,4호선,숙대입구,16075,15561
2022-11-07,4호선,서울역,13586,19948
2022-11-07,4호선,회현,27460,27606
2022-11-07,4호선,명동,25694,25526
2022-11-07,4호선,충무로,31269,31828
2022-11-07,4호선,동대문역사문화공원,16426,14591
2022-11-07,4호선,동대문,20450,20969
2022-11-07,4호선,혜화,33386,32551
2022-11-07,4호선,한성대입구,15110,14730
2022-11-07,4호선,성신여대입구,21742,20764
2022-11-07,4호선,길음,22653,23418
2022-11-07,4호선,미아사거리,27053,26506
2022-11-07,4호선,미아,15951,15647
2022-11-07,4호선,수유,35295,35940
2022-11-07,4호선,쌍문,30740,28886
2022-11-07,4호선,창동,26366,28442
2022-11-07,4호선,노원,19090,21330
2022-11-07,4호선,상계,19841,18477
2022-11-07,4호선,당고개,9547,8443
2022-11-08,4호선,당고개,9999,8765
2022-11-08,4호선,상계,20792,19439
2022-11-08,4호선,노원,19810,22522
2022-11-08,4호선,창동,27029,28542
2022-11-08,4호선,쌍문,31073,29229
2022-11-08,4호선,수유,36654,37098
2022-11-08,4호선,미아,16181,16100
2022-11-08,4호선,미아사거리,28788,28344
2022-11-08,4호선,길음,24057,24432
2022-11-08,4호선,성신여대입구,22856,21759
2022-11-08,4호선,한성대입구,16286,15514
2022-11-08,4호선,혜화,37601,37402
2022-11-08,4호선,동대문,21137,21369
2022-11-08,4호선,동대문역사문화공원,16954,14668
2022-11-08,4호선,충무로,32999,33376
2022-11-08,4호선,명동,26644,26971
2022-11-08,4호선,회현,27999,29206
2022-11-08,4호선,서울역,13315,19161
2022-11-08,4호선,숙대입구,16333,15827
2022-11-08,4호선,삼각지,5934,6718
2022-11-08,4호선,신용산,19174,19913
2022-11-08,4호선,이촌,9081,10190
2022-11-08,4호선,동작,1577,1777
2022-11-08,4호선,총신대입구,20815,22451
2022-11-08,4호선,사당,28549,23796
2022-11-08,4호선,남태령,1344,1242
2022-11-09,4호선,당고개,9857,8815
2022-11-09,4호선,상계,20879,19640
2022-11-09,4호선,노원,19943,22957
2022-11-09,4호선,창동,27440,29075
2022-11-09,4호선,쌍문,31359,29486
2022-11-09,4호선,수유,36506,36634
2022-11-09,4호선,미아,16491,16283
2022-11-09,4호선,미아사거리,28897,28485
2022-11-09,4호선,길음,24188,24694
2022-11-09,4호선,성신여대입구,23340,22244
2022-11-09,4호선,한성대입구,16402,15634
2022-11-09,4호선,혜화,40029,39656
2022-11-09,4호선,동대문,20789,21260
2022-11-09,4호선,동대문역사문화공원,17466,15299
2022-11-09,4호선,충무로,32532,32940
2022-11-09,4호선,명동,27133,27571
2022-11-09,4호선,회현,27819,28739
2022-11-09,4호선,서울역,13283,19575
2022-11-09,4호선,숙대입구,16682,15970
2022-11-09,4호선,삼각지,6119,6753
2022-11-09,4호선,신용산,19381,19900
2022-11-09,4호선,이촌,10209,11282
2022-11-09,4호선,동작,1621,1779
2022-11-09,4호선,총신대입구,20758,22631
2022-11-09,4호선,사당,28688,24082
2022-11-09,4호선,남태령,1438,1239
2022-11-10,4호선,당고개,10039,8856
2022-11-10,4호선,상계,20950,19653
2022-11-10,4호선,노원,20100,23295
2022-11-10,4호선,창동,27502,28907
2022-11-10,4호선,쌍문,31379,29342
2022-11-10,4호선,수유,36934,37146
2022-11-10,4호선,미아,16329,16049
2022-11-10,4호선,미아사거리,28646,28229
2022-11-10,4호선,길음,24321,24795
2022-11-10,4호선,성신여대입구,22916,22045
2022-11-10,4호선,한성대입구,16181,15488
2022-11-10,4호선,혜화,38232,38336
2022-11-10,4호선,동대문,20902,21448
2022-11-10,4호선,동대문역사문화공원,17675,15136
2022-11-10,4호선,충무로,33396,33575
2022-11-10,4호선,명동,26514,27665
2022-11-10,4호선,회현,27866,29368
2022-11-10,4호선,서울역,13428,20469
2022-11-10,4호선,숙대입구,16679,15867
2022-11-10,4호선,삼각지,6220,7114
2022-11-10,4호선,신용산,19422,20436
2022-11-10,4호선,이촌,9312,10097
2022-11-10,4호선,동작,1556,1739
2022-11-10,4호선,총신대입구,20790,22568
2022-11-10,4호선,사당,28889,24603
2022-11-10,4호선,남태령,1567,1417
2022-11-11,4호선,당고개,10111,8926
2022-11-11,4호선,상계,20710,19286
2022-11-11,4호선,노원,21129,25047
2022-11-11,4호선,창동,28310,30136
2022-11-11,4호선,쌍문,31662,29137
2022-11-11,4호선,수유,37680,38466
2022-11-11,4호선,미아,16428,15875
2022-11-11,4호선,미아사거리,29124,28742
2022-11-11,4호선,길음,24333,24535
2022-11-11,4호선,성신여대입구,24317,23274
2022-11-11,4호선,한성대입구,16272,15489
2022-11-11,4호선,혜화,41115,40350
2022-11-11,4호선,동대문,21775,21244
2022-11-11,4호선,동대문역사문화공원,17952,15023
2022-11-11,4호선,충무로,31529,33080
2022-11-11,4호선,명동,28474,29896
2022-11-11,4호선,회현,28285,29032
2022-11-11,4호선,서울역,13450,23267
2022-11-11,4호선,숙대입구,16104,15510
2022-11-11,4호선,삼각지,6489,7671
2022-11-11,4호선,신용산,20008,20767
2022-11-11,4호선,이촌,9991,11071
2022-11-11,4호선,동작,1722,1812
2022-11-11,4호선,총신대입구,21445,23914
2022-11-11,4호선,사당,31103,26834
2022-11-11,4호선,남태령,1559,1263
2022-11-12,4호선,당고개,7887,7449
2022-11-12,4호선,상계,14732,13669
2022-11-12,4호선,노원,16466,18266
2022-11-12,4호선,창동,20595,21418
2022-11-12,4호선,쌍문,22795,20366
2022-11-12,4호선,수유,28187,28074
2022-11-12,4호선,미아,11757,11038
2022-11-12,4호선,미아사거리,23201,22462
2022-11-12,4호선,길음,16584,16068
2022-11-12,4호선,성신여대입구,18414,17635
2022-11-12,4호선,한성대입구,12437,12221
2022-11-12,4호선,혜화,36369,37243
2022-11-12,4호선,남태령,1317,729
2022-11-12,4호선,사당,25386,22505
2022-11-12,4호선,총신대입구,15328,17085
2022-11-12,4호선,동작,1132,1277
2022-11-12,4호선,이촌,10803,11093
2022-11-12,4호선,신용산,14478,15041
2022-11-12,4호선,삼각지,8893,10582
2022-11-12,4호선,숙대입구,12031,11309
2022-11-12,4호선,서울역,8657,20761
2022-11-12,4호선,회현,25239,23145
2022-11-12,4호선,명동,25662,26796
2022-11-12,4호선,충무로,17907,18096
2022-11-12,4호선,동대문역사문화공원,14562,12451
2022-11-12,4호선,동대문,14482,14654
2022-11-13,4호선,당고개,5848,5583
2022-11-13,4호선,상계,10772,10048
2022-11-13,4호선,노원,12220,13390
2022-11-13,4호선,창동,15402,15894
2022-11-13,4호선,쌍문,16917,15252
2022-11-13,4호선,수유,21013,20548
2022-11-13,4호선,미아,8520,8070
2022-11-13,4호선,미아사거리,16462,15608
2022-11-13,4호선,길음,11513,11448
2022-11-13,4호선,성신여대입구,13462,13014
2022-11-13,4호선,한성대입구,8655,8832
2022-11-13,4호선,혜화,27793,29329
2022-11-13,4호선,동대문,7930,8663
2022-11-13,4호선,동대문역사문화공원,11737,10375
2022-11-13,4호선,충무로,9816,10879
2022-11-13,4호선,명동,18739,19593
2022-11-13,4호선,회현,10336,10576
2022-11-13,4호선,서울역,5965,14909
2022-11-13,4호선,숙대입구,8678,8451
2022-11-13,4호선,삼각지,3550,4902
2022-11-13,4호선,신용산,10016,10362
2022-11-13,4호선,이촌,7191,7792
2022-11-13,4호선,동작,1072,1042
2022-11-13,4호선,총신대입구,10808,11858
2022-11-13,4호선,사당,18443,16687
2022-11-13,4호선,남태령,850,635
2022-11-14,4호선,당고개,9608,8410
2022-11-14,4호선,상계,19827,18504
2022-11-14,4호선,노원,18966,21578
2022-11-14,4호선,창동,26152,27504
2022-11-14,4호선,쌍문,30025,28354
2022-11-14,4호선,수유,35006,35407
2022-11-14,4호선,미아,15727,15556
2022-11-14,4호선,미아사거리,27304,26859
2022-11-14,4호선,길음,22498,23189
2022-11-14,4호선,성신여대입구,22061,21380
2022-11-14,4호선,한성대입구,14929,14350
2022-11-14,4호선,혜화,33346,33102
2022-11-14,4호선,동대문,20801,21175
2022-11-14,4호선,동대문역사문화공원,16687,14457
2022-11-14,4호선,충무로,31143,31820
2022-11-14,4호선,명동,26559,26761
2022-11-14,4호선,회현,26924,27393
2022-11-14,4호선,서울역,12902,19154
2022-11-14,4호선,숙대입구,15233,14719
2022-11-14,4호선,삼각지,5627,6227
2022-11-14,4호선,신용산,18033,18464
2022-11-14,4호선,이촌,8806,9763
2022-11-14,4호선,동작,1477,1652
2022-11-14,4호선,총신대입구,19591,21599
2022-11-14,4호선,사당,27246,22517
2022-11-14,4호선,남태령,1306,1142
2022-11-15,4호선,당고개,9813,8752
2022-11-15,4호선,상계,20368,19121
2022-11-15,4호선,노원,19599,22265
2022-11-15,4호선,창동,26536,28311
2022-11-15,4호선,쌍문,30706,29000
2022-11-15,4호선,수유,35713,36209
2022-11-15,4호선,미아,16326,16014
2022-11-15,4호선,미아사거리,28135,27916
2022-11-15,4호선,길음,23830,24494
2022-11-15,4호선,성신여대입구,22760,21753
2022-11-15,4호선,한성대입구,15602,15223
2022-11-15,4호선,혜화,36068,35650
2022-11-15,4호선,동대문,20847,21274
2022-11-15,4호선,동대문역사문화공원,16763,14795
2022-11-15,4호선,충무로,32422,32692
2022-11-15,4호선,명동,26754,27303
2022-11-15,4호선,회현,27802,28688
2022-11-15,4호선,서울역,13001,19087
2022-11-15,4호선,숙대입구,15926,15405
2022-11-15,4호선,삼각지,6077,6832
2022-11-15,4호선,신용산,19024,19717
2022-11-15,4호선,이촌,9012,9981
2022-11-15,4호선,동작,1500,1613
2022-11-15,4호선,총신대입구,20578,21987
2022-11-15,4호선,사당,28112,24540
2022-11-15,4호선,남태령,1421,1216
2022-11-16,4호선,남태령,1326,1387
2022-11-16,4호선,사당,28955,24952
2022-11-16,4호선,총신대입구,21084,23787
2022-11-16,4호선,동작,1585,1838
2022-11-16,4호선,이촌,9465,10397
2022-11-16,4호선,신용산,19142,19642
2022-11-16,4호선,삼각지,6206,7161
2022-11-16,4호선,숙대입구,16683,16028
2022-11-16,4호선,서울역,13150,20357
2022-11-16,4호선,회현,27420,28475
2022-11-16,4호선,명동,26782,27657
2022-11-16,4호선,충무로,32398,33255
2022-11-16,4호선,동대문역사문화공원,17401,15892
2022-11-16,4호선,동대문,20570,21750
2022-11-16,4호선,혜화,38441,37339
2022-11-16,4호선,한성대입구,16207,15451
2022-11-16,4호선,성신여대입구,24016,22368
2022-11-16,4호선,길음,24288,24248
2022-11-16,4호선,미아사거리,28965,28425
2022-11-16,4호선,미아,16916,16599
2022-11-16,4호선,수유,36636,36617
2022-11-16,4호선,쌍문,31447,29283
2022-11-16,4호선,창동,27527,29345
2022-11-16,4호선,노원,20098,22941
2022-11-16,4호선,상계,20678,19327
2022-11-16,4호선,당고개,9745,8734
2022-11-17,4호선,당고개,9684,8527
2022-11-17,4호선,상계,20124,18879
2022-11-17,4호선,노원,20409,23475
2022-11-17,4호선,창동,26921,28535
2022-11-17,4호선,쌍문,31185,28855
2022-11-17,4호선,수유,36576,36582
2022-11-17,4호선,미아,16088,15805
2022-11-17,4호선,미아사거리,28413,27918
2022-11-17,4호선,길음,24094,24262
2022-11-17,4호선,성신여대입구,23208,22152
2022-11-17,4호선,한성대입구,15833,15033
2022-11-17,4호선,혜화,38324,38279
2022-11-17,4호선,동대문,21235,21952
2022-11-17,4호선,동대문역사문화공원,17326,15306
2022-11-17,4호선,충무로,32528,33224
2022-11-17,4호선,명동,26631,28280
2022-11-17,4호선,회현,27543,28744
2022-11-17,4호선,서울역,13140,21472
2022-11-17,4호선,숙대입구,16374,15784
2022-11-17,4호선,삼각지,6205,7145
2022-11-17,4호선,신용산,19283,20236
2022-11-17,4호선,이촌,9547,10496
2022-11-17,4호선,동작,1563,1670
2022-11-17,4호선,총신대입구,20360,22186
2022-11-17,4호선,사당,28750,24435
2022-11-17,4호선,남태령,1452,1242
2022-11-18,4호선,남태령,1616,1277
2022-11-18,4호선,사당,30936,26932
2022-11-18,4호선,총신대입구,21289,23416
2022-11-18,4호선,동작,1649,1886
2022-11-18,4호선,이촌,9982,10834
2022-11-18,4호선,신용산,20709,21922
2022-11-18,4호선,삼각지,6682,7837
2022-11-18,4호선,숙대입구,15097,14807
2022-11-18,4호선,서울역,13749,24601
2022-11-18,4호선,회현,27691,28715
2022-11-18,4호선,명동,28439,30169
2022-11-18,4호선,충무로,31343,32745
2022-11-18,4호선,동대문역사문화공원,18431,15973
2022-11-18,4호선,동대문,21443,21235
2022-11-18,4호선,혜화,40625,40655
2022-11-18,4호선,한성대입구,15884,14918
2022-11-18,4호선,성신여대입구,24153,23401
2022-11-18,4호선,길음,23554,22839
2022-11-18,4호선,미아사거리,29122,28944
2022-11-18,4호선,미아,16319,15730
2022-11-18,4호선,수유,37688,37957
2022-11-18,4호선,쌍문,31579,28842
2022-11-18,4호선,창동,28165,30041
2022-11-18,4호선,노원,21244,24912
2022-11-18,4호선,상계,20431,19106
2022-11-18,4호선,당고개,9689,8627
2022-11-19,4호선,당고개,7986,7229
2022-11-19,4호선,상계,15697,14320
2022-11-19,4호선,노원,17729,20038
2022-11-19,4호선,창동,21837,22625
2022-11-19,4호선,쌍문,23828,21120
2022-11-19,4호선,수유,28846,29015
2022-11-19,4호선,미아,12488,11425
2022-11-19,4호선,미아사거리,24507,23430
2022-11-19,4호선,길음,17198,16376
2022-11-19,4호선,성신여대입구,19048,18236
2022-11-19,4호선,한성대입구,12323,12078
2022-11-19,4호선,혜화,41068,42019
2022-11-19,4호선,동대문,15100,15414
2022-11-19,4호선,동대문역사문화공원,14554,12709
2022-11-19,4호선,충무로,16435,18091
2022-11-19,4호선,명동,26188,29673
2022-11-19,4호선,회현,24122,24345
2022-11-19,4호선,서울역,9438,21604
2022-11-19,4호선,숙대입구,15382,13661
2022-11-19,4호선,삼각지,7262,7348
2022-11-19,4호선,신용산,16950,15736
2022-11-19,4호선,이촌,10976,11462
2022-11-19,4호선,동작,1556,1466
2022-11-19,4호선,총신대입구,15839,17446
2022-11-19,4호선,사당,26222,23452
2022-11-19,4호선,남태령,1442,771
2022-11-20,4호선,당고개,5993,5740
2022-11-20,4호선,상계,11700,10789
2022-11-20,4호선,노원,12591,13995
2022-11-20,4호선,창동,16779,17443
2022-11-20,4호선,쌍문,17565,15824
2022-11-20,4호선,수유,21859,21204
2022-11-20,4호선,미아,9053,8265
2022-11-20,4호선,미아사거리,17967,17409
2022-11-20,4호선,길음,12626,12251
2022-11-20,4호선,성신여대입구,14204,13746
2022-11-20,4호선,한성대입구,9052,9010
2022-11-20,4호선,혜화,35620,35007
2022-11-20,4호선,동대문,8867,9449
2022-11-20,4호선,동대문역사문화공원,12549,10429
2022-11-20,4호선,충무로,12398,13628
2022-11-20,4호선,명동,21144,22667
2022-11-20,4호선,회현,11803,12301
2022-11-20,4호선,서울역,6113,17611
2022-11-20,4호선,숙대입구,10760,9964
2022-11-20,4호선,삼각지,3774,4877
2022-11-20,4호선,신용산,11147,11509
2022-11-20,4호선,이촌,7313,8018
2022-11-20,4호선,동작,1237,1272
2022-11-20,4호선,총신대입구,11358,12546
2022-11-20,4호선,사당,18842,17195
2022-11-20,4호선,남태령,989,648
2022-11-21,4호선,남태령,1341,1172
2022-11-21,4호선,사당,27046,22823
2022-11-21,4호선,총신대입구,19574,21601
2022-11-21,4호선,동작,1507,1683
2022-11-21,4호선,이촌,9032,9832
2022-11-21,4호선,신용산,18310,18784
2022-11-21,4호선,삼각지,5924,6634
2022-11-21,4호선,숙대입구,15479,14909
2022-11-21,4호선,서울역,12715,19564
2022-11-21,4호선,회현,26628,27828
2022-11-21,4호선,명동,26777,27044
2022-11-21,4호선,충무로,30939,32164
2022-11-21,4호선,동대문역사문화공원,16886,14866
2022-11-21,4호선,동대문,20557,21059
2022-11-21,4호선,혜화,33762,33489
2022-11-21,4호선,한성대입구,15176,14522
2022-11-21,4호선,성신여대입구,22138,21302
2022-11-21,4호선,길음,22909,23372
2022-11-21,4호선,미아사거리,27691,27208
2022-11-21,4호선,미아,16046,15828
2022-11-21,4호선,수유,35455,35703
2022-11-21,4호선,쌍문,30414,28324
2022-11-21,4호선,창동,26144,27447
2022-11-21,4호선,노원,19494,22348
2022-11-21,4호선,상계,20367,18964
2022-11-21,4호선,당고개,9462,8321
2022-11-22,4호선,남태령,1440,1340
2022-11-22,4호선,사당,28198,23817
2022-11-22,4호선,총신대입구,20197,22128
2022-11-22,4호선,동작,1515,1621
2022-11-22,4호선,이촌,9896,10793
2022-11-22,4호선,신용산,18997,19806
2022-11-22,4호선,삼각지,6124,6915
2022-11-22,4호선,숙대입구,16390,15654
2022-11-22,4호선,서울역,13276,19128
2022-11-22,4호선,회현,27630,28738
2022-11-22,4호선,명동,27211,28020
2022-11-22,4호선,충무로,32101,32599
2022-11-22,4호선,동대문역사문화공원,16848,14817
2022-11-22,4호선,동대문,20351,21112
2022-11-22,4호선,혜화,37098,37139
2022-11-22,4호선,한성대입구,15802,15050
2022-11-22,4호선,성신여대입구,22821,21843
2022-11-22,4호선,길음,24214,24676
2022-11-22,4호선,미아사거리,28395,28080
2022-11-22,4호선,미아,16521,16475
2022-11-22,4호선,수유,36197,36255
2022-11-22,4호선,쌍문,30936,29114
2022-11-22,4호선,창동,26789,28506
2022-11-22,4호선,노원,19661,22583
2022-11-22,4호선,상계,20470,19445
2022-11-22,4호선,당고개,9722,8488
2022-11-23,4호선,남태령,1393,1234
2022-11-23,4호선,사당,28920,24453
2022-11-23,4호선,총신대입구,20597,22290
2022-11-23,4호선,동작,1527,1754
2022-11-23,4호선,이촌,10413,11305
2022-11-23,4호선,신용산,19170,19691
2022-11-23,4호선,삼각지,5988,7081
2022-11-23,4호선,숙대입구,16456,15684
2022-11-23,4호선,서울역,13443,20205
2022-11-23,4호선,회현,27738,28937
2022-11-23,4호선,명동,27888,29068
2022-11-23,4호선,충무로,32409,33008
2022-11-23,4호선,동대문역사문화공원,17245,15339
2022-11-23,4호선,동대문,21025,21608
2022-11-23,4호선,혜화,39052,38932
2022-11-23,4호선,한성대입구,16130,15345
2022-11-23,4호선,성신여대입구,23364,22442
2022-11-23,4호선,길음,24337,24633
2022-11-23,4호선,미아사거리,28205,27894
2022-11-23,4호선,미아,16786,16341
2022-11-23,4호선,수유,36420,36593
2022-11-23,4호선,쌍문,31437,29385
2022-11-23,4호선,창동,27478,29086
2022-11-23,4호선,노원,19991,23054
2022-11-23,4호선,상계,20634,19256
2022-11-23,4호선,당고개,9572,8554
2022-11-24,4호선,당고개,10030,8917
2022-11-24,4호선,상계,20672,19552
2022-11-24,4호선,노원,19956,23032
2022-11-24,4호선,창동,27206,28642
2022-11-24,4호선,쌍문,31410,29184
2022-11-24,4호선,수유,36781,36762
2022-11-24,4호선,미아,16563,16051
2022-11-24,4호선,미아사거리,28755,28667
2022-11-24,4호선,길음,24519,25052
2022-11-24,4호선,성신여대입구,23118,21927
2022-11-24,4호선,한성대입구,16148,15508
2022-11-24,4호선,혜화,38255,37767
2022-11-24,4호선,동대문,20938,21565
2022-11-24,4호선,동대문역사문화공원,17911,15826
2022-11-24,4호선,충무로,33179,33509
2022-11-24,4호선,명동,28712,29763
2022-11-24,4호선,회현,28163,29075
2022-11-24,4호선,서울역,13584,21423
2022-11-24,4호선,숙대입구,16492,15906
2022-11-24,4호선,삼각지,6383,7298
2022-11-24,4호선,신용산,19909,20276
2022-11-24,4호선,이촌,10259,11355
2022-11-24,4호선,동작,1525,1705
2022-11-24,4호선,총신대입구,20407,22346
2022-11-24,4호선,사당,29032,24604
2022-11-24,4호선,남태령,1439,1227
2022-11-25,4호선,당고개,9837,8948
2022-11-25,4호선,상계,21157,19840
2022-11-25,4호선,노원,21233,24703
2022-11-25,4호선,창동,28057,30069
2022-11-25,4호선,쌍문,31898,29398
2022-11-25,4호선,수유,37418,38028
2022-11-25,4호선,미아,16947,16474
2022-11-25,4호선,미아사거리,29579,29201
2022-11-25,4호선,길음,23993,23414
2022-11-25,4호선,성신여대입구,24043,22982
2022-11-25,4호선,한성대입구,16342,15467
2022-11-25,4호선,혜화,41441,40919
2022-11-25,4호선,동대문,21031,20892
2022-11-25,4호선,동대문역사문화공원,17949,15180
2022-11-25,4호선,충무로,31898,33178
2022-11-25,4호선,명동,30114,31881
2022-11-25,4호선,회현,28241,29542
2022-11-25,4호선,서울역,14021,24730
2022-11-25,4호선,숙대입구,15748,15185
2022-11-25,4호선,삼각지,6758,7833
2022-11-25,4호선,신용산,19880,20330
2022-11-25,4호선,이촌,10076,11070
2022-11-25,4호선,동작,1605,1713
2022-11-25,4호선,총신대입구,21458,23504
2022-11-25,4호선,사당,31891,28052
2022-11-25,4호선,남태령,1576,1271
2022-11-26,4호선,동대문역사문화공원,14748,12313
2022-11-26,4호선,충무로,16833,18452
2022-11-26,4호선,명동,28714,32692
2022-11-26,4호선,회현,25332,25495
2022-11-26,4호선,서울역,8239,21291
2022-11-26,4호선,숙대입구,11664,11098
2022-11-26,4호선,삼각지,5180,6902
2022-11-26,4호선,신용산,14048,14883
2022-11-26,4호선,이촌,11098,11603
2022-11-26,4호선,동작,1339,1386
2022-11-26,4호선,총신대입구,15809,17237
2022-11-26,4호선,당고개,8067,7410
2022-11-26,4호선,상계,15423,14101
2022-11-26,4호선,노원,16921,19285
2022-11-26,4호선,창동,21277,22282
2022-11-26,4호선,쌍문,23477,20820
2022-11-26,4호선,수유,29014,28827
2022-11-26,4호선,미아,12357,11403
2022-11-26,4호선,미아사거리,23771,22673
2022-11-26,4호선,길음,16998,16313
2022-11-26,4호선,성신여대입구,18527,17784
2022-11-26,4호선,한성대입구,12213,11886
2022-11-26,4호선,혜화,36992,38371
2022-11-26,4호선,동대문,15041,15721
2022-11-26,4호선,사당,25591,24092
2022-11-26,4호선,남태령,1590,975
2022-11-27,4호선,이촌,7090,7796
2022-11-27,4호선,당고개,5994,5718
2022-11-27,4호선,상계,11161,10325
2022-11-27,4호선,노원,12485,13718
2022-11-27,4호선,창동,15816,16358
2022-11-27,4호선,쌍문,17576,15927
2022-11-27,4호선,수유,21160,20700
2022-11-27,4호선,미아,8742,8242
2022-11-27,4호선,미아사거리,16813,16070
2022-11-27,4호선,길음,12058,11724
2022-11-27,4호선,성신여대입구,13338,12930
2022-11-27,4호선,한성대입구,8514,8383
2022-11-27,4호선,혜화,27271,28399
2022-11-27,4호선,동대문,8483,9108
2022-11-27,4호선,동대문역사문화공원,11885,10160
2022-11-27,4호선,충무로,9827,10652
2022-11-27,4호선,명동,21043,22701
2022-11-27,4호선,회현,11675,12040
2022-11-27,4호선,서울역,5669,15971
2022-11-27,4호선,숙대입구,9297,9021
2022-11-27,4호선,삼각지,3535,4570
2022-11-27,4호선,신용산,10195,10220
2022-11-27,4호선,남태령,925,601
2022-11-27,4호선,사당,18647,17193
2022-11-27,4호선,총신대입구,10974,12010
2022-11-27,4호선,동작,1039,1122
2022-11-28,4호선,당고개,9254,8232
2022-11-28,4호선,상계,19812,18591
2022-11-28,4호선,노원,18746,21219
2022-11-28,4호선,창동,25561,26914
2022-11-28,4호선,쌍문,30082,28265
2022-11-28,4호선,수유,34403,34995
2022-11-28,4호선,미아,15828,15445
2022-11-28,4호선,미아사거리,26955,26643
2022-11-28,4호선,길음,22426,23328
2022-11-28,4호선,성신여대입구,21561,21017
2022-11-28,4호선,한성대입구,14731,14422
2022-11-28,4호선,혜화,31883,31331
2022-11-28,4호선,동대문,19878,20175
2022-11-28,4호선,동대문역사문화공원,15587,13602
2022-11-28,4호선,충무로,30465,31048
2022-11-28,4호선,명동,25748,26222
2022-11-28,4호선,회현,24425,24841
2022-11-28,4호선,서울역,12698,19415
2022-11-28,4호선,숙대입구,15340,14539
2022-11-28,4호선,삼각지,5499,6117
2022-11-28,4호선,신용산,18038,18437
2022-11-28,4호선,이촌,9184,10209
2022-11-28,4호선,동작,1257,1386
2022-11-28,4호선,총신대입구,19212,21169
2022-11-28,4호선,사당,26433,22425
2022-11-28,4호선,남태령,1357,1164
2022-11-29,4호선,사당,28353,24198
2022-11-29,4호선,총신대입구,19964,21905
2022-11-29,4호선,동작,1250,1433
2022-11-29,4호선,이촌,9198,10195
2022-11-29,4호선,신용산,19006,19216
2022-11-29,4호선,삼각지,6180,7097
2022-11-29,4호선,숙대입구,16173,15467
2022-11-29,4호선,서울역,13207,19468
2022-11-29,4호선,회현,28079,29182
2022-11-29,4호선,명동,26987,27797
2022-11-29,4호선,충무로,32234,32415
2022-11-29,4호선,동대문역사문화공원,16823,14585
2022-11-29,4호선,동대문,20561,21054
2022-11-29,4호선,혜화,37607,37026
2022-11-29,4호선,한성대입구,15495,14868
2022-11-29,4호선,성신여대입구,22680,21717
2022-11-29,4호선,길음,23725,24259
2022-11-29,4호선,미아사거리,28227,28017
2022-11-29,4호선,미아,16113,16020
2022-11-29,4호선,수유,35561,35962
2022-11-29,4호선,쌍문,30813,29209
2022-11-29,4호선,창동,26287,27996
2022-11-29,4호선,노원,19591,22185
2022-11-29,4호선,상계,20497,19216
2022-11-29,4호선,당고개,9645,8775
2022-11-29,4호선,남태령,1396,1257
2022-11-30,4호선,남태령,1388,1203
2022-11-30,4호선,사당,27977,23698
2022-11-30,4호선,총신대입구,18743,20792
2022-11-30,4호선,동작,1170,1317
2022-11-30,4호선,이촌,9727,10548
2022-11-30,4호선,신용산,18289,18584
2022-11-30,4호선,삼각지,5760,6678
2022-11-30,4호선,숙대입구,15530,14762
2022-11-30,4호선,서울역,13158,19023
2022-11-30,4호선,회현,25868,27099
2022-11-30,4호선,명동,26213,27119
2022-11-30,4호선,충무로,31034,32731
2022-11-30,4호선,동대문역사문화공원,16533,15922
2022-11-30,4호선,동대문,19337,19949
2022-11-30,4호선,혜화,36388,35253
2022-11-30,4호선,한성대입구,14770,13840
2022-11-30,4호선,성신여대입구,21805,20469
2022-11-30,4호선,길음,22470,22304
2022-11-30,4호선,미아사거리,26928,25917
2022-11-30,4호선,미아,15695,14809
2022-11-30,4호선,수유,34136,33782
2022-11-30,4호선,쌍문,29969,27041
2022-11-30,4호선,창동,25210,26496
2022-11-30,4호선,노원,18674,21027
2022-11-30,4호선,상계,19672,18257
2022-11-30,4호선,당고개,9357,9130
2022-12-01,4호선,남태령,1305,1145
2022-12-01,4호선,사당,28276,23770
2022-12-01,4호선,총신대입구,19106,20907
2022-12-01,4호선,동작,1110,1226
2022-12-01,4호선,이촌,8986,9859
2022-12-01,4호선,신용산,18563,19296
2022-12-01,4호선,삼각지,7252,7607
2022-12-01,4호선,숙대입구,15602,15166
2022-12-01,4호선,서울역,12983,19630
2022-12-01,4호선,회현,25753,26864
2022-12-01,4호선,명동,26069,27843
2022-12-01,4호선,충무로,31541,32234
2022-12-01,4호선,동대문역사문화공원,16399,15341
2022-12-01,4호선,동대문,19396,20175
2022-12-01,4호선,혜화,34876,33825
2022-12-01,4호선,한성대입구,14702,13895
2022-12-01,4호선,성신여대입구,21118,19908
2022-12-01,4호선,길음,22643,22571
2022-12-01,4호선,미아사거리,27010,26272
2022-12-01,4호선,미아,15408,14769
2022-12-01,4호선,수유,34491,34359
2022-12-01,4호선,쌍문,29547,27297
2022-12-01,4호선,창동,25460,27386
2022-12-01,4호선,노원,18683,21277
2022-12-01,4호선,상계,19512,18110
2022-12-01,4호선,당고개,9385,8430
2022-12-02,4호선,남태령,1516,1854
2022-12-02,4호선,사당,32676,27810
2022-12-02,4호선,총신대입구,20635,23419
2022-12-02,4호선,동작,1457,1686
2022-12-02,4호선,이촌,9415,10528
2022-12-02,4호선,신용산,19500,18422
2022-12-02,4호선,삼각지,6643,8690
2022-12-02,4호선,숙대입구,14901,13907
2022-12-02,4호선,서울역,13479,20935
2022-12-02,4호선,회현,27165,25070
2022-12-02,4호선,명동,28668,29315
2022-12-02,4호선,충무로,30926,32187
2022-12-02,4호선,동대문역사문화공원,18076,15767
2022-12-02,4호선,동대문,20789,21275
2022-12-02,4호선,혜화,37313,34757
2022-12-02,4호선,한성대입구,15711,16106
2022-12-02,4호선,성신여대입구,23204,23203
2022-12-02,4호선,길음,23016,24313
2022-12-02,4호선,미아사거리,28303,29889
2022-12-02,4호선,미아,16184,17005
2022-12-02,4호선,수유,36213,38423
2022-12-02,4호선,쌍문,30949,31441
2022-12-02,4호선,창동,27793,29990
2022-12-02,4호선,노원,19925,23947
2022-12-02,4호선,상계,19895,19116
2022-12-02,4호선,당고개,9529,9088
2022-12-03,4호선,당고개,7446,7036
2022-12-03,4호선,상계,14641,13467
2022-12-03,4호선,노원,16410,18597
2022-12-03,4호선,창동,20436,21507
2022-12-03,4호선,쌍문,22980,20515
2022-12-03,4호선,수유,28221,27919
2022-12-03,4호선,미아,12026,11109
2022-12-03,4호선,미아사거리,23297,22389
2022-12-03,4호선,길음,16465,15442
2022-12-03,4호선,성신여대입구,17378,16545
2022-12-03,4호선,한성대입구,11455,11156
2022-12-03,4호선,혜화,32932,33657
2022-12-03,4호선,동대문,14098,14863
2022-12-03,4호선,동대문역사문화공원,14525,12332
2022-12-03,4호선,충무로,16352,17308
2022-12-03,4호선,명동,28509,32899
2022-12-03,4호선,회현,23677,24674
2022-12-03,4호선,서울역,7668,18644
2022-12-03,4호선,숙대입구,11667,11086
2022-12-03,4호선,삼각지,5011,6471
2022-12-03,4호선,신용산,13833,14690
2022-12-03,4호선,이촌,9344,9717
2022-12-03,4호선,동작,1039,1186
2022-12-03,4호선,총신대입구,15103,16698
2022-12-03,4호선,사당,26159,23896
2022-12-03,4호선,남태령,1325,806
2022-12-04,4호선,남태령,782,537
2022-12-04,4호선,사당,17646,16336
2022-12-04,4호선,총신대입구,10234,11154
2022-12-04,4호선,동작,648,757
2022-12-04,4호선,이촌,6305,6628
2022-12-04,4호선,신용산,10682,10863
2022-12-04,4호선,삼각지,3362,4640
2022-12-04,4호선,숙대입구,8480,8044
2022-12-04,4호선,서울역,5221,14230
2022-12-04,4호선,회현,12328,11904
2022-12-04,4호선,명동,21332,23153
2022-12-04,4호선,충무로,9484,10289
2022-12-04,4호선,동대문역사문화공원,11402,10209
2022-12-04,4호선,동대문,7986,8834
2022-12-04,4호선,혜화,25087,25612
2022-12-04,4호선,한성대입구,7868,7911
2022-12-04,4호선,성신여대입구,12455,12364
2022-12-04,4호선,길음,10960,11065
2022-12-04,4호선,미아사거리,16488,15775
2022-12-04,4호선,미아,8559,8007
2022-12-04,4호선,수유,20903,20305
2022-12-04,4호선,쌍문,16664,14921
2022-12-04,4호선,창동,15375,15919
2022-12-04,4호선,노원,11916,12865
2022-12-04,4호선,상계,10511,9752
2022-12-04,4호선,당고개,5763,5465
2022-12-05,4호선,당고개,9305,8263
2022-12-05,4호선,상계,19607,18433
2022-12-05,4호선,노원,18309,21062
2022-12-05,4호선,창동,25559,27084
2022-12-05,4호선,쌍문,29534,28199
2022-12-05,4호선,수유,34083,34960
2022-12-05,4호선,미아,15487,15164
2022-12-05,4호선,미아사거리,26671,26947
2022-12-05,4호선,길음,22221,22981
2022-12-05,4호선,성신여대입구,21163,20476
2022-12-05,4호선,한성대입구,14374,13924
2022-12-05,4호선,혜화,32961,32074
2022-12-05,4호선,동대문,20503,20908
2022-12-05,4호선,동대문역사문화공원,16317,14279
2022-12-05,4호선,충무로,30838,31555
2022-12-05,4호선,명동,26879,27374
2022-12-05,4호선,회현,27094,27459
2022-12-05,4호선,서울역,12629,18799
2022-12-05,4호선,숙대입구,15215,14503
2022-12-05,4호선,삼각지,5623,6194
2022-12-05,4호선,신용산,18166,18453
2022-12-05,4호선,이촌,7919,8839
2022-12-05,4호선,동작,1208,1323
2022-12-05,4호선,총신대입구,19002,20556
2022-12-05,4호선,사당,27009,22414
2022-12-05,4호선,남태령,1289,1148
2022-12-06,4호선,당고개,9546,8662
2022-12-06,4호선,상계,19960,18961
2022-12-06,4호선,노원,19227,21962
2022-12-06,4호선,창동,26476,28311
2022-12-06,4호선,쌍문,29851,28476
2022-12-06,4호선,수유,35292,35546
2022-12-06,4호선,미아,15728,15664
2022-12-06,4호선,미아사거리,27613,27420
2022-12-06,4호선,길음,23236,23637
2022-12-06,4호선,성신여대입구,21741,21012
2022-12-06,4호선,한성대입구,15144,14455
2022-12-06,4호선,혜화,35884,35258
2022-12-06,4호선,동대문,20594,20879
2022-12-06,4호선,동대문역사문화공원,16652,14376
2022-12-06,4호선,충무로,31655,31767
2022-12-06,4호선,명동,27102,27900
2022-12-06,4호선,회현,27280,28237
2022-12-06,4호선,서울역,12878,18617
2022-12-06,4호선,숙대입구,15778,15070
2022-12-06,4호선,삼각지,6079,6829
2022-12-06,4호선,신용산,18378,18819
2022-12-06,4호선,이촌,9651,10529
2022-12-06,4호선,동작,1272,1432
2022-12-06,4호선,총신대입구,19621,21465
2022-12-06,4호선,사당,27905,23713
2022-12-06,4호선,남태령,1371,1199
2022-12-07,4호선,길음,23770,23913
2022-12-07,4호선,당고개,9779,8856
2022-12-07,4호선,상계,20639,19384
2022-12-07,4호선,노원,19853,22769
2022-12-07,4호선,창동,27729,29216
2022-12-07,4호선,쌍문,31094,29317
2022-12-07,4호선,수유,35831,36345
2022-12-07,4호선,미아,16396,16126
2022-12-07,4호선,미아사거리,28557,28251
2022-12-07,4호선,성신여대입구,22578,21709
2022-12-07,4호선,한성대입구,15525,14714
2022-12-07,4호선,혜화,38292,37669
2022-12-07,4호선,동대문,20996,21595
2022-12-07,4호선,동대문역사문화공원,17286,15296
2022-12-07,4호선,충무로,31645,32341
2022-12-07,4호선,명동,28362,29677
2022-12-07,4호선,회현,28588,29804
2022-12-07,4호선,서울역,13068,19066
2022-12-07,4호선,숙대입구,15884,15119
2022-12-07,4호선,삼각지,6254,7380
2022-12-07,4호선,신용산,19262,19842
2022-12-07,4호선,이촌,10023,10930
2022-12-07,4호선,동작,1473,1556
2022-12-07,4호선,총신대입구,20572,22171
2022-12-07,4호선,사당,28968,24669
2022-12-07,4호선,남태령,1396,1243
2022-12-08,4호선,남태령,1390,1238
2022-12-08,4호선,사당,29935,25698
2022-12-08,4호선,총신대입구,20570,22224
2022-12-08,4호선,동작,1439,1529
2022-12-08,4호선,이촌,9973,10844
2022-12-08,4호선,신용산,19524,20059
2022-12-08,4호선,삼각지,6590,7429
2022-12-08,4호선,숙대입구,16300,15352
2022-12-08,4호선,서울역,13453,20639
2022-12-08,4호선,회현,28810,30368
2022-12-08,4호선,명동,28740,30063
2022-12-08,4호선,충무로,32830,33980
2022-12-08,4호선,동대문역사문화공원,18077,16259
2022-12-08,4호선,동대문,21596,22217
2022-12-08,4호선,혜화,39031,38168
2022-12-08,4호선,한성대입구,15784,14916
2022-12-08,4호선,성신여대입구,22598,21546
2022-12-08,4호선,길음,23675,23738
2022-12-08,4호선,미아사거리,28783,28500
2022-12-08,4호선,미아,16457,15953
2022-12-08,4호선,수유,35946,36399
2022-12-08,4호선,쌍문,31489,29381
2022-12-08,4호선,창동,27149,29028
2022-12-08,4호선,노원,19999,22836
2022-12-08,4호선,상계,20403,19235
2022-12-08,4호선,당고개,9784,8782
2022-12-09,4호선,당고개,10183,9018
2022-12-09,4호선,상계,20679,19420
2022-12-09,4호선,노원,21159,24485
2022-12-09,4호선,창동,28212,30085
2022-12-09,4호선,쌍문,31857,29474
2022-12-09,4호선,수유,37674,38517
2022-12-09,4호선,미아,16826,16304
2022-12-09,4호선,미아사거리,29828,29531
2022-12-09,4호선,길음,23602,22823
2022-12-09,4호선,성신여대입구,23521,22595
2022-12-09,4호선,한성대입구,15894,15025
2022-12-09,4호선,혜화,39399,39195
2022-12-09,4호선,동대문,21507,21356
2022-12-09,4호선,동대문역사문화공원,18162,15399
2022-12-09,4호선,충무로,32516,33953
2022-12-09,4호선,명동,30919,33089
2022-12-09,4호선,회현,29640,31511
2022-12-09,4호선,서울역,14016,23804
2022-12-09,4호선,숙대입구,15926,15450
2022-12-09,4호선,삼각지,6965,8140
2022-12-09,4호선,신용산,20354,21364
2022-12-09,4호선,이촌,10155,11039
2022-12-09,4호선,동작,1563,1640
2022-12-09,4호선,총신대입구,21497,23798
2022-12-09,4호선,사당,32205,28503
2022-12-09,4호선,남태령,1628,1259
2022-12-10,4호선,혜화,35335,36952
2022-12-10,4호선,당고개,8258,7660
2022-12-10,4호선,상계,15438,14184
2022-12-10,4호선,노원,17103,19160
2022-12-10,4호선,창동,22102,22950
2022-12-10,4호선,쌍문,24117,21225
2022-12-10,4호선,수유,29313,29201
2022-12-10,4호선,미아,12343,11371
2022-12-10,4호선,미아사거리,24099,23352
2022-12-10,4호선,길음,17380,16145
2022-12-10,4호선,성신여대입구,18568,17573
2022-12-10,4호선,한성대입구,14399,14384
2022-12-10,4호선,동대문,15696,16543
2022-12-10,4호선,동대문역사문화공원,15181,12924
2022-12-10,4호선,충무로,17926,19656
2022-12-10,4호선,명동,32395,37209
2022-12-10,4호선,회현,27178,28464
2022-12-10,4호선,서울역,7931,19894
2022-12-10,4호선,숙대입구,11183,10915
2022-12-10,4호선,삼각지,5703,7716
2022-12-10,4호선,신용산,13795,14598
2022-12-10,4호선,이촌,9806,10466
2022-12-10,4호선,동작,1166,1185
2022-12-10,4호선,총신대입구,16477,18110
2022-12-10,4호선,사당,28672,26618
2022-12-10,4호선,남태령,1303,754
2022-12-11,4호선,당고개,6404,6163
2022-12-11,4호선,상계,11209,10601
2022-12-11,4호선,노원,12906,13834
2022-12-11,4호선,창동,16164,16807
2022-12-11,4호선,쌍문,17479,15710
2022-12-11,4호선,수유,22273,21463
2022-12-11,4호선,미아,8922,8480
2022-12-11,4호선,미아사거리,17445,16696
2022-12-11,4호선,길음,11755,11565
2022-12-11,4호선,성신여대입구,13346,12920
2022-12-11,4호선,한성대입구,10756,11153
2022-12-11,4호선,혜화,26601,27262
2022-12-11,4호선,동대문,9244,9801
2022-12-11,4호선,동대문역사문화공원,12719,10995
2022-12-11,4호선,충무로,10078,10920
2022-12-11,4호선,명동,24295,26371
2022-12-11,4호선,회현,13408,13617
2022-12-11,4호선,서울역,5658,14977
2022-12-11,4호선,숙대입구,9060,8701
2022-12-11,4호선,삼각지,3846,4863
2022-12-11,4호선,신용산,10081,10266
2022-12-11,4호선,이촌,6671,7294
2022-12-11,4호선,동작,844,982
2022-12-11,4호선,총신대입구,11104,12123
2022-12-11,4호선,사당,18975,18067
2022-12-11,4호선,남태령,878,616
2022-12-12,4호선,길음,22482,22874
2022-12-12,4호선,미아사거리,28085,27985
2022-12-12,4호선,미아,15910,15654
2022-12-12,4호선,수유,35298,35682
2022-12-12,4호선,쌍문,30675,29092
2022-12-12,4호선,창동,26025,27424
2022-12-12,4호선,노원,19049,21461
2022-12-12,4호선,상계,19904,18825
2022-12-12,4호선,당고개,9785,8828
2022-12-12,4호선,성신여대입구,21629,20990
2022-12-12,4호선,한성대입구,13885,14482
2022-12-12,4호선,혜화,34847,34142
2022-12-12,4호선,동대문,21327,21514
2022-12-12,4호선,동대문역사문화공원,17262,14996
2022-12-12,4호선,충무로,31541,31864
2022-12-12,4호선,명동,26785,27782
2022-12-12,4호선,회현,28755,28492
2022-12-12,4호선,서울역,13041,19494
2022-12-12,4호선,숙대입구,14974,13882
2022-12-12,4호선,삼각지,5858,6612
2022-12-12,4호선,신용산,18353,18458
2022-12-12,4호선,이촌,10226,11050
2022-12-12,4호선,동작,1269,1331
2022-12-12,4호선,총신대입구,19733,21336
2022-12-12,4호선,사당,28015,23172
2022-12-12,4호선,남태령,1384,1635
2022-12-13,4호선,노원,20232,23192
2022-12-13,4호선,당고개,9809,8776
2022-12-13,4호선,상계,20603,19493
2022-12-13,4호선,창동,27246,29077
2022-12-13,4호선,쌍문,31264,30012
2022-12-13,4호선,수유,36026,36574
2022-12-13,4호선,미아,16111,15918
2022-12-13,4호선,미아사거리,28850,29096
2022-12-13,4호선,길음,23357,23807
2022-12-13,4호선,성신여대입구,22025,21786
2022-12-13,4호선,한성대입구,14457,14102
2022-12-13,4호선,혜화,40047,38981
2022-12-13,4호선,동대문,21473,21882
2022-12-13,4호선,동대문역사문화공원,18180,15736
2022-12-13,4호선,충무로,33092,33030
2022-12-13,4호선,명동,28420,29728
2022-12-13,4호선,회현,29922,29826
2022-12-13,4호선,서울역,13686,20075
2022-12-13,4호선,숙대입구,16043,15173
2022-12-13,4호선,삼각지,6356,7455
2022-12-13,4호선,신용산,20105,19987
2022-12-13,4호선,이촌,10465,11495
2022-12-13,4호선,동작,1263,1398
2022-12-13,4호선,총신대입구,20782,22974
2022-12-13,4호선,사당,29613,25348
2022-12-13,4호선,남태령,1451,1361
2022-12-14,4호선,남태령,1454,1612
2022-12-14,4호선,사당,28857,24422
2022-12-14,4호선,총신대입구,19826,21727
2022-12-14,4호선,동작,1043,1134
2022-12-14,4호선,이촌,10240,10998
2022-12-14,4호선,신용산,19412,19895
2022-12-14,4호선,삼각지,6348,7136
2022-12-14,4호선,숙대입구,15806,14676
2022-12-14,4호선,서울역,13090,20113
2022-12-14,4호선,회현,26597,27450
2022-12-14,4호선,명동,27401,28301
2022-12-14,4호선,충무로,32060,31814
2022-12-14,4호선,동대문역사문화공원,18306,16198
2022-12-14,4호선,동대문,19642,20248
2022-12-14,4호선,혜화,40334,39324
2022-12-14,4호선,한성대입구,13856,13389
2022-12-14,4호선,성신여대입구,22400,21373
2022-12-14,4호선,길음,22260,22671
2022-12-14,4호선,미아사거리,27443,27841
2022-12-14,4호선,미아,15762,15491
2022-12-14,4호선,수유,34751,35466
2022-12-14,4호선,쌍문,29985,28645
2022-12-14,4호선,창동,25458,27118
2022-12-14,4호선,노원,19526,22264
2022-12-14,4호선,상계,19674,18508
2022-12-14,4호선,당고개,9287,8329
2022-12-15,4호선,남태령,1411,1346
2022-12-15,4호선,사당,29911,26088
2022-12-15,4호선,총신대입구,19991,22344
2022-12-15,4호선,동작,1134,1273
2022-12-15,4호선,이촌,10556,11573
2022-12-15,4호선,신용산,21230,21454
2022-12-15,4호선,삼각지,6723,7520
2022-12-15,4호선,숙대입구,15155,14536
2022-12-15,4호선,서울역,13782,21639
2022-12-15,4호선,회현,27777,28338
2022-12-15,4호선,명동,28698,30103
2022-12-15,4호선,충무로,32262,32297
2022-12-15,4호선,동대문역사문화공원,18852,16625
2022-12-15,4호선,동대문,20613,21003
2022-12-15,4호선,혜화,40467,39649
2022-12-15,4호선,한성대입구,14595,14332
2022-12-15,4호선,성신여대입구,21826,21052
2022-12-15,4호선,길음,23694,23970
2022-12-15,4호선,미아사거리,28250,28661
2022-12-15,4호선,미아,15778,15220
2022-12-15,4호선,수유,35789,36436
2022-12-15,4호선,쌍문,30663,28987
2022-12-15,4호선,창동,26358,28242
2022-12-15,4호선,노원,20051,22886
2022-12-15,4호선,상계,20596,19339
2022-12-15,4호선,당고개,9733,8741
2022-12-16,4호선,당고개,9731,8765
2022-12-16,4호선,상계,20805,19392
2022-12-16,4호선,노원,21491,25047
2022-12-16,4호선,창동,28196,29770
2022-12-16,4호선,쌍문,31692,29359
2022-12-16,4호선,수유,37488,38283
2022-12-16,4호선,미아,16133,15567
2022-12-16,4호선,미아사거리,29765,29638
2022-12-16,4호선,길음,23659,22963
2022-12-16,4호선,성신여대입구,24006,23152
2022-12-16,4호선,한성대입구,15405,14529
2022-12-16,4호선,혜화,43050,42689
2022-12-16,4호선,동대문,21070,21284
2022-12-16,4호선,동대문역사문화공원,19525,16739
2022-12-16,4호선,충무로,31534,33224
2022-12-16,4호선,명동,30982,33600
2022-12-16,4호선,회현,28541,29827
2022-12-16,4호선,서울역,13548,24453
2022-12-16,4호선,숙대입구,15969,15587
2022-12-16,4호선,삼각지,7302,8405
2022-12-16,4호선,신용산,22234,23276
2022-12-16,4호선,이촌,10403,11237
2022-12-16,4호선,동작,1242,1314
2022-12-16,4호선,총신대입구,21449,23954
2022-12-16,4호선,사당,32540,28551
2022-12-16,4호선,남태령,1529,1237
2022-12-17,4호선,당고개,7766,7260
2022-12-17,4호선,상계,15325,13992
2022-12-17,4호선,노원,17728,20539
2022-12-17,4호선,창동,21305,22414
2022-12-17,4호선,쌍문,24241,21541
2022-12-17,4호선,수유,29925,29645
2022-12-17,4호선,미아,12167,11347
2022-12-17,4호선,미아사거리,25290,24547
2022-12-17,4호선,길음,16955,16026
2022-12-17,4호선,성신여대입구,19370,18582
2022-12-17,4호선,한성대입구,12261,12011
2022-12-17,4호선,혜화,36740,38161
2022-12-17,4호선,동대문,14533,15412
2022-12-17,4호선,동대문역사문화공원,16601,14170
2022-12-17,4호선,충무로,18579,20359
2022-12-17,4호선,명동,32705,37912
2022-12-17,4호선,회현,27181,27299
2022-12-17,4호선,서울역,8800,21145
2022-12-17,4호선,숙대입구,13794,13155
2022-12-17,4호선,삼각지,6066,8293
2022-12-17,4호선,신용산,16355,16932
2022-12-17,4호선,이촌,10091,10587
2022-12-17,4호선,동작,860,955
2022-12-17,4호선,총신대입구,16591,18174
2022-12-17,4호선,사당,27743,26925
2022-12-17,4호선,남태령,1452,860
2022-12-18,4호선,당고개,5460,5318
2022-12-18,4호선,상계,10165,9407
2022-12-18,4호선,노원,12565,13419
2022-12-18,4호선,창동,14520,15060
2022-12-18,4호선,쌍문,16582,15037
2022-12-18,4호선,수유,21065,20120
2022-12-18,4호선,미아,8398,7962
2022-12-18,4호선,미아사거리,16678,16011
2022-12-18,4호선,길음,12546,11889
2022-12-18,4호선,성신여대입구,13445,13001
2022-12-18,4호선,한성대입구,7916,8099
2022-12-18,4호선,혜화,26723,26995
2022-12-18,4호선,동대문,7854,8645
2022-12-18,4호선,동대문역사문화공원,13260,11407
2022-12-18,4호선,충무로,10000,10693
2022-12-18,4호선,명동,23283,25152
2022-12-18,4호선,회현,12330,12247
2022-12-18,4호선,서울역,5524,15864
2022-12-18,4호선,숙대입구,9017,8498
2022-12-18,4호선,삼각지,3744,4670
2022-12-18,4호선,신용산,11028,11339
2022-12-18,4호선,이촌,6189,6516
2022-12-18,4호선,동작,512,622
2022-12-18,4호선,총신대입구,10221,11153
2022-12-18,4호선,사당,18155,17374
2022-12-18,4호선,남태령,765,535
2022-12-19,4호선,남태령,1355,1164
2022-12-19,4호선,사당,26452,23041
2022-12-19,4호선,총신대입구,18547,20554
2022-12-19,4호선,동작,1094,1198
2022-12-19,4호선,이촌,9839,10699
2022-12-19,4호선,신용산,19037,19991
2022-12-19,4호선,삼각지,5888,6373
2022-12-19,4호선,숙대입구,14336,13846
2022-12-19,4호선,서울역,12751,20349
2022-12-19,4호선,회현,26293,27292
2022-12-19,4호선,명동,27205,28297
2022-12-19,4호선,충무로,28800,29625
2022-12-19,4호선,동대문역사문화공원,17328,15026
2022-12-19,4호선,동대문,20119,20779
2022-12-19,4호선,혜화,33808,33596
2022-12-19,4호선,한성대입구,13000,12547
2022-12-19,4호선,성신여대입구,21826,21159
2022-12-19,4호선,길음,21665,21931
2022-12-19,4호선,미아사거리,27087,26829
2022-12-19,4호선,미아,15492,15196
2022-12-19,4호선,수유,34310,34457
2022-12-19,4호선,쌍문,30156,27844
2022-12-19,4호선,창동,25162,26504
2022-12-19,4호선,노원,18852,21065
2022-12-19,4호선,상계,19127,18001
2022-12-19,4호선,당고개,9077,8011
2022-12-20,4호선,충무로,30481,31306
2022-12-20,4호선,당고개,9673,8668
2022-12-20,4호선,상계,20727,19395
2022-12-20,4호선,노원,20098,22854
2022-12-20,4호선,창동,26856,28452
2022-12-20,4호선,쌍문,31300,29468
2022-12-20,4호선,수유,36578,37036
2022-12-20,4호선,미아,15810,15466
2022-12-20,4호선,미아사거리,28907,28731
2022-12-20,4호선,길음,22933,22850
2022-12-20,4호선,성신여대입구,21906,21257
2022-12-20,4호선,한성대입구,13990,13399
2022-12-20,4호선,혜화,39228,38572
2022-12-20,4호선,동대문,21457,22306
2022-12-20,4호선,동대문역사문화공원,18580,16234
2022-12-20,4호선,명동,29191,30909
2022-12-20,4호선,회현,29166,31065
2022-12-20,4호선,서울역,13287,20792
2022-12-20,4호선,숙대입구,14812,14400
2022-12-20,4호선,삼각지,6518,7387
2022-12-20,4호선,신용산,20455,21147
2022-12-20,4호선,이촌,10126,10893
2022-12-20,4호선,동작,1246,1366
2022-12-20,4호선,총신대입구,20600,22494
2022-12-20,4호선,사당,29091,24871
2022-12-20,4호선,남태령,1483,1366
2022-12-21,4호선,신용산,21788,22587
2022-12-21,4호선,삼각지,6888,7658
2022-12-21,4호선,숙대입구,15549,15097
2022-12-21,4호선,서울역,14298,22923
2022-12-21,4호선,회현,28127,29873
2022-12-21,4호선,명동,30342,32555
2022-12-21,4호선,충무로,31475,32446
2022-12-21,4호선,동대문역사문화공원,18443,16579
2022-12-21,4호선,동대문,20183,21160
2022-12-21,4호선,혜화,42536,43410
2022-12-21,4호선,한성대입구,15157,14103
2022-12-21,4호선,성신여대입구,23759,22811
2022-12-21,4호선,길음,24399,24245
2022-12-21,4호선,미아사거리,29943,28902
2022-12-21,4호선,미아,16320,15913
2022-12-21,4호선,수유,38146,38219
2022-12-21,4호선,쌍문,32548,30241
2022-12-21,4호선,창동,27804,29410
2022-12-21,4호선,노원,20699,23568
2022-12-21,4호선,상계,21663,20020
2022-12-21,4호선,당고개,10070,8841
2022-12-21,4호선,남태령,1429,1344
2022-12-21,4호선,사당,29115,25439
2022-12-21,4호선,총신대입구,20860,22946
2022-12-21,4호선,동작,1237,1531
2022-12-21,4호선,이촌,11500,12172
2022-12-22,4호선,남태령,1571,1440
2022-12-22,4호선,사당,26587,25030
2022-12-22,4호선,총신대입구,20365,22612
2022-12-22,4호선,동작,1110,1152
2022-12-22,4호선,이촌,10104,10818
2022-12-22,4호선,신용산,20876,21350
2022-12-22,4호선,삼각지,6772,7698
2022-12-22,4호선,숙대입구,15627,15127
2022-12-22,4호선,서울역,13855,23351
2022-12-22,4호선,회현,28729,29681
2022-12-22,4호선,명동,30219,32679
2022-12-22,4호선,충무로,30439,31818
2022-12-22,4호선,동대문역사문화공원,18869,16647
2022-12-22,4호선,동대문,20769,21436
2022-12-22,4호선,혜화,42213,41833
2022-12-22,4호선,한성대입구,15085,14633
2022-12-22,4호선,성신여대입구,23096,22469
2022-12-22,4호선,길음,22766,22573
2022-12-22,4호선,미아사거리,29035,28700
2022-12-22,4호선,미아,15698,15196
2022-12-22,4호선,수유,36731,36633
2022-12-22,4호선,쌍문,31376,29569
2022-12-22,4호선,창동,26279,27945
2022-12-22,4호선,노원,20380,24096
2022-12-22,4호선,상계,20534,19480
2022-12-22,4호선,당고개,10165,9271
2022-12-23,4호선,남태령,1418,1160
2022-12-23,4호선,사당,30126,25305
2022-12-23,4호선,총신대입구,19537,21495
2022-12-23,4호선,동작,1053,1087
2022-12-23,4호선,이촌,9908,10613
2022-12-23,4호선,신용산,20041,20810
2022-12-23,4호선,삼각지,6714,7680
2022-12-23,4호선,숙대입구,15360,14547
2022-12-23,4호선,서울역,13182,23631
2022-12-23,4호선,회현,27815,28592
2022-12-23,4호선,명동,32048,34813
2022-12-23,4호선,충무로,28808,31368
2022-12-23,4호선,동대문역사문화공원,18252,15565
2022-12-23,4호선,동대문,19634,19518
2022-12-23,4호선,혜화,42618,42157
2022-12-23,4호선,한성대입구,14040,13515
2022-12-23,4호선,성신여대입구,23120,22835
2022-12-23,4호선,길음,21835,21079
2022-12-23,4호선,미아사거리,28230,28338
2022-12-23,4호선,미아,15705,15106
2022-12-23,4호선,수유,36827,37383
2022-12-23,4호선,쌍문,30559,28142
2022-12-23,4호선,창동,25867,27882
2022-12-23,4호선,노원,20368,24028
2022-12-23,4호선,상계,19366,18049
2022-12-23,4호선,당고개,9219,8183
2022-12-24,4호선,남태령,1007,595
2022-12-24,4호선,사당,21355,18567
2022-12-24,4호선,총신대입구,13439,14662
2022-12-24,4호선,동작,709,775
2022-12-24,4호선,이촌,7454,7831
2022-12-24,4호선,신용산,12729,13930
2022-12-24,4호선,삼각지,4346,5562
2022-12-24,4호선,숙대입구,10167,9472
2022-12-24,4호선,서울역,6935,17750
2022-12-24,4호선,회현,29526,29518
2022-12-24,4호선,명동,41104,51021
2022-12-24,4호선,충무로,14232,15635
2022-12-24,4호선,동대문역사문화공원,15819,13480
2022-12-24,4호선,동대문,13158,13777
2022-12-24,4호선,혜화,36908,39000
2022-12-24,4호선,한성대입구,10581,10241
2022-12-24,4호선,성신여대입구,18249,17747
2022-12-24,4호선,길음,14239,13121
2022-12-24,4호선,미아사거리,22792,21955
2022-12-24,4호선,미아,11519,10509
2022-12-24,4호선,수유,27552,27815
2022-12-24,4호선,쌍문,21902,19525
2022-12-24,4호선,창동,19077,19732
2022-12-24,4호선,노원,16579,18784
2022-12-24,4호선,상계,13574,12449
2022-12-24,4호선,당고개,7033,6479
2022-12-25,4호선,당고개,5658,5365
2022-12-25,4호선,상계,10625,9756
2022-12-25,4호선,노원,14858,16105
2022-12-25,4호선,창동,15513,15960
2022-12-25,4호선,쌍문,17540,15514
2022-12-25,4호선,수유,22853,22410
2022-12-25,4호선,미아,9024,8501
2022-12-25,4호선,미아사거리,17801,16622
2022-12-25,4호선,길음,11312,10839
2022-12-25,4호선,성신여대입구,15444,15289
2022-12-25,4호선,한성대입구,7977,7760
2022-12-25,4호선,혜화,33181,34565
2022-12-25,4호선,동대문,8909,9711
2022-12-25,4호선,동대문역사문화공원,14347,12372
2022-12-25,4호선,충무로,9441,10779
2022-12-25,4호선,명동,41625,51291
2022-12-25,4호선,회현,20605,19676
2022-12-25,4호선,서울역,5790,15770
2022-12-25,4호선,숙대입구,9207,8852
2022-12-25,4호선,삼각지,3462,4313
2022-12-25,4호선,신용산,10741,11122
2022-12-25,4호선,이촌,5714,6017
2022-12-25,4호선,동작,614,661
2022-12-25,4호선,총신대입구,10677,11723
2022-12-25,4호선,사당,17113,15438
2022-12-25,4호선,남태령,826,522
2022-12-26,4호선,당고개,9095,8085
2022-12-26,4호선,상계,18911,17873
2022-12-26,4호선,노원,19238,21557
2022-12-26,4호선,창동,24968,26192
2022-12-26,4호선,쌍문,29765,27838
2022-12-26,4호선,수유,34536,34593
2022-12-26,4호선,미아,15204,14870
2022-12-26,4호선,미아사거리,27589,27397
2022-12-26,4호선,길음,20470,20092
2022-12-26,4호선,성신여대입구,20608,19914
2022-12-26,4호선,한성대입구,12906,12517
2022-12-26,4호선,혜화,33402,33062
2022-12-26,4호선,동대문,20724,21476
2022-12-26,4호선,동대문역사문화공원,18249,15459
2022-12-26,4호선,충무로,27732,28863
2022-12-26,4호선,명동,30556,32285
2022-12-26,4호선,회현,27240,28604
2022-12-26,4호선,서울역,11918,20286
2022-12-26,4호선,숙대입구,13741,13280
2022-12-26,4호선,삼각지,6049,6751
2022-12-26,4호선,신용산,18729,19450
2022-12-26,4호선,이촌,9229,9931
2022-12-26,4호선,동작,1109,1294
2022-12-26,4호선,총신대입구,18954,20678
2022-12-26,4호선,사당,26078,22261
2022-12-26,4호선,남태령,1222,1129
2022-12-27,4호선,남태령,1274,1154
2022-12-27,4호선,사당,28002,24165
2022-12-27,4호선,총신대입구,19690,21606
2022-12-27,4호선,동작,1114,1316
2022-12-27,4호선,이촌,10431,11021
2022-12-27,4호선,신용산,19526,20249
2022-12-27,4호선,삼각지,6337,7312
2022-12-27,4호선,숙대입구,14672,14195
2022-12-27,4호선,서울역,12761,21128
2022-12-27,4호선,회현,28539,30046
2022-12-27,4호선,명동,30019,32282
2022-12-27,4호선,충무로,29185,30347
2022-12-27,4호선,동대문역사문화공원,18847,16250
2022-12-27,4호선,동대문,21130,22184
2022-12-27,4호선,혜화,37825,37732
2022-12-27,4호선,한성대입구,13730,13053
2022-12-27,4호선,성신여대입구,20985,20400
2022-12-27,4호선,길음,21891,21270
2022-12-27,4호선,미아사거리,28686,28242
2022-12-27,4호선,미아,15843,15187
2022-12-27,4호선,수유,36097,36384
2022-12-27,4호선,쌍문,31110,28894
2022-12-27,4호선,창동,26122,27668
2022-12-27,4호선,노원,19886,22353
2022-12-27,4호선,상계,20024,18549
2022-12-27,4호선,당고개,9366,8491
2022-12-28,4호선,남태령,1343,1224
2022-12-28,4호선,사당,28580,24546
2022-12-28,4호선,총신대입구,19971,22069
2022-12-28,4호선,동작,1173,1308
2022-12-28,4호선,이촌,12326,13074
2022-12-28,4호선,신용산,19807,20580
2022-12-28,4호선,삼각지,6660,7578
2022-12-28,4호선,숙대입구,14724,14311
2022-12-28,4호선,서울역,12721,21373
2022-12-28,4호선,회현,28004,29624
2022-12-28,4호선,명동,31080,33838
2022-12-28,4호선,충무로,29839,31095
2022-12-28,4호선,동대문역사문화공원,19160,16767
2022-12-28,4호선,동대문,21095,22137
2022-12-28,4호선,혜화,40321,40146
2022-12-28,4호선,한성대입구,13917,13315
2022-12-28,4호선,성신여대입구,21495,20672
2022-12-28,4호선,길음,21819,21103
2022-12-28,4호선,미아사거리,28940,28480
2022-12-28,4호선,미아,15839,15303
2022-12-28,4호선,수유,36142,36573
2022-12-28,4호선,쌍문,30793,28679
2022-12-28,4호선,창동,26205,27543
2022-12-28,4호선,노원,20147,23204
2022-12-28,4호선,상계,20187,18708
2022-12-28,4호선,당고개,9298,8271
2022-12-29,4호선,남태령,1330,1197
2022-12-29,4호선,사당,27825,24395
2022-12-29,4호선,총신대입구,19539,21312
2022-12-29,4호선,동작,1150,1281
2022-12-29,4호선,이촌,10522,11281
2022-12-29,4호선,신용산,19444,20540
2022-12-29,4호선,삼각지,6597,7487
2022-12-29,4호선,숙대입구,14278,13940
2022-12-29,4호선,서울역,12108,21626
2022-12-29,4호선,회현,28231,29784
2022-12-29,4호선,명동,30706,33906
2022-12-29,4호선,충무로,29174,30353
2022-12-29,4호선,동대문역사문화공원,19080,16403
2022-12-29,4호선,동대문,21625,22441
2022-12-29,4호선,혜화,37058,37097
2022-12-29,4호선,한성대입구,13344,12763
2022-12-29,4호선,성신여대입구,21258,20412
2022-12-29,4호선,길음,21308,20628
2022-12-29,4호선,미아사거리,28467,27732
2022-12-29,4호선,미아,15558,15162
2022-12-29,4호선,수유,35921,36141
2022-12-29,4호선,쌍문,30587,28280
2022-12-29,4호선,창동,26123,27446
2022-12-29,4호선,노원,20143,22884
2022-12-29,4호선,상계,19897,18489
2022-12-29,4호선,당고개,9201,8330
2022-12-30,4호선,남태령,1332,1061
2022-12-30,4호선,사당,27149,24077
2022-12-30,4호선,총신대입구,19482,21663
2022-12-30,4호선,동작,1176,1313
2022-12-30,4호선,이촌,10583,11175
2022-12-30,4호선,신용산,18981,20603
2022-12-30,4호선,삼각지,6653,7527
2022-12-30,4호선,숙대입구,13690,13404
2022-12-30,4호선,서울역,11108,21448
2022-12-30,4호선,회현,27961,29128
2022-12-30,4호선,명동,32364,35690
2022-12-30,4호선,충무로,27221,28792
2022-12-30,4호선,동대문역사문화공원,19629,16718
2022-12-30,4호선,동대문,20517,21085
2022-12-30,4호선,혜화,39803,39790
2022-12-30,4호선,한성대입구,13735,12832
2022-12-30,4호선,성신여대입구,22018,21161
2022-12-30,4호선,길음,21187,20291
2022-12-30,4호선,미아사거리,29550,29255
2022-12-30,4호선,미아,15620,14778
2022-12-30,4호선,수유,37041,37557
2022-12-30,4호선,쌍문,30726,28076
2022-12-30,4호선,창동,26142,27914
2022-12-30,4호선,노원,21315,24704
2022-12-30,4호선,상계,19475,18195
2022-12-30,4호선,당고개,9404,8458
2022-12-31,4호선,당고개,6998,6403
2022-12-31,4호선,상계,12745,11715
2022-12-31,4호선,노원,15193,17949
2022-12-31,4호선,창동,18215,18734
2022-12-31,4호선,이촌,7904,8410
2022-12-31,4호선,동작,856,886
2022-12-31,4호선,총신대입구,12894,13812
2022-12-31,4호선,사당,18319,16580
2022-12-31,4호선,남태령,880,637
2022-12-31,4호선,쌍문,20662,18113
2022-12-31,4호선,수유,26237,25766
2022-12-31,4호선,미아,10822,9937
2022-12-31,4호선,미아사거리,21200,20302
2022-12-31,4호선,길음,13453,12367
2022-12-31,4호선,성신여대입구,16270,15499
2022-12-31,4호선,한성대입구,9362,8452
2022-12-31,4호선,혜화,29468,30586
2022-12-31,4호선,동대문,12451,13236
2022-12-31,4호선,동대문역사문화공원,15992,13827
2022-12-31,4호선,충무로,11388,13052
2022-12-31,4호선,명동,28074,32889
2022-12-31,4호선,회현,19483,19870
2022-12-31,4호선,서울역,6142,15594
2022-12-31,4호선,숙대입구,8684,8256
2022-12-31,4호선,삼각지,3911,4864
2022-12-31,4호선,신용산,11025,12099
2022-01-01,5호선,하남검단산,3509,3422
2022-01-01,5호선,하남시청,3074,2964
2022-01-01,5호선,하남풍산,1684,1772
2022-01-01,5호선,미사,6848,6830
2022-01-01,5호선,강일,1527,1558
2022-01-01,5호선,마천,2732,2942
2022-01-01,5호선,거여,3095,3109
2022-01-01,5호선,개롱,2085,2304
2022-01-01,5호선,오금,1080,1041
2022-01-01,5호선,방이,2789,2757
2022-01-01,5호선,올림픽공원,2184,2150
2022-01-01,5호선,둔촌동,3208,3233
2022-01-01,5호선,상일동,4982,4848
2022-01-01,5호선,고덕,3515,3454
2022-01-01,5호선,명일,3191,3429
2022-01-01,5호선,굽은다리,4329,4090
2022-01-01,5호선,길동,3397,3534
2022-01-01,5호선,강동,6644,6329
2022-01-01,5호선,천호,9009,8308
2022-01-01,5호선,광나루,5727,5762
2022-01-01,5호선,아차산,9533,9281
2022-01-01,5호선,군자,4671,5286
2022-01-01,5호선,장한평,5610,5604
2022-01-01,5호선,답십리,5872,5566
2022-01-01,5호선,마장,2302,2166
2022-01-01,5호선,왕십리,2005,2381
2022-01-01,5호선,행당,2816,2563
2022-01-01,5호선,신금호,2302,2414
2022-01-01,5호선,청구,1437,1325
2022-01-01,5호선,동대문역사문화공원,672,778
2022-01-01,5호선,을지로4가,1163,1289
2022-01-01,5호선,종로3가,7197,6625
2022-01-01,5호선,광화문,8245,7887
2022-01-01,5호선,서대문,3995,3793
2022-01-01,5호선,충정로,1029,980
2022-01-01,5호선,애오개,1995,1911
2022-01-01,5호선,공덕,3249,3303
2022-01-01,5호선,마포,3732,3718
2022-01-01,5호선,여의나루,3296,3376
2022-01-01,5호선,여의도,4712,5120
2022-01-01,5호선,신길,1375,1483
2022-01-01,5호선,영등포시장,3730,3872
2022-01-01,5호선,영등포구청,986,907
2022-01-01,5호선,양평,1828,1869
2022-01-01,5호선,오목교,7333,7737
2022-01-01,5호선,목동,5641,5864
2022-01-01,5호선,신정,4971,4549
2022-01-01,5호선,까치산,12401,12296
2022-01-01,5호선,화곡,11204,10584
2022-01-01,5호선,우장산,4987,5287
2022-01-01,5호선,발산,7230,7644
2022-01-01,5호선,마곡,2606,2607
2022-01-01,5호선,송정,3160,2982
2022-01-01,5호선,김포공항,5736,5212
2022-01-01,5호선,개화산,2253,2366
2022-01-01,5호선,방화,2873,2870
2022-01-02,5호선,하남검단산,3779,3697
2022-01-02,5호선,하남시청,3379,3183
2022-01-02,5호선,하남풍산,1777,1910
2022-01-02,5호선,미사,7374,7698
2022-01-02,5호선,강일,1711,1693
2022-01-02,5호선,마천,2957,3137
2022-01-02,5호선,거여,3498,3420
2022-01-02,5호선,개롱,2464,2753
2022-01-02,5호선,오금,1233,1225
2022-01-02,5호선,방이,3319,3278
2022-01-02,5호선,올림픽공원,2184,1984
2022-01-02,5호선,둔촌동,3975,4068
2022-01-02,5호선,상일동,5747,5574
2022-01-02,5호선,고덕,3760,3853
2022-01-02,5호선,명일,4168,4373
2022-01-02,5호선,굽은다리,4832,4654
2022-01-02,5호선,길동,3642,3824
2022-01-02,5호선,강동,7051,7495
2022-01-02,5호선,천호,11082,10250
2022-01-02,5호선,광나루,6287,6123
2022-01-02,5호선,아차산,8733,8893
2022-01-02,5호선,군자,5014,5587
2022-01-02,5호선,장한평,6526,7026
2022-01-02,5호선,답십리,6445,6300
2022-01-02,5호선,마장,2334,2271
2022-01-02,5호선,왕십리,2279,2650
2022-01-02,5호선,행당,3243,3039
2022-01-02,5호선,신금호,2577,2888
2022-01-02,5호선,청구,1558,1378
2022-01-02,5호선,동대문역사문화공원,667,781
2022-01-02,5호선,을지로4가,1127,1201
2022-01-02,5호선,종로3가,6867,6228
2022-01-02,5호선,광화문,8709,8581
2022-01-02,5호선,서대문,4268,4308
2022-01-02,5호선,충정로,1170,1231
2022-01-02,5호선,애오개,2221,2318
2022-01-02,5호선,공덕,3612,3701
2022-01-02,5호선,마포,3830,4046
2022-01-02,5호선,여의나루,4297,5071
2022-01-02,5호선,여의도,6590,6657
2022-01-02,5호선,신길,1439,1871
2022-01-02,5호선,영등포시장,3770,4313
2022-01-02,5호선,영등포구청,1142,1214
2022-01-02,5호선,양평,2168,2434
2022-01-02,5호선,오목교,10065,10408
2022-01-02,5호선,목동,6407,6795
2022-01-02,5호선,신정,5395,5120
2022-01-02,5호선,까치산,13229,13561
2022-01-02,5호선,화곡,12405,11732
2022-01-02,5호선,우장산,5974,6091
2022-01-02,5호선,발산,7448,8020
2022-01-02,5호선,마곡,3030,3254
2022-01-02,5호선,송정,3175,3281
2022-01-02,5호선,김포공항,7284,6233
2022-01-02,5호선,개화산,2333,2414
2022-01-02,5호선,방화,3244,3285
2022-01-03,5호선,방화,6379,6258
2022-01-03,5호선,개화산,5217,5031
2022-01-03,5호선,김포공항,6962,6577
2022-01-03,5호선,송정,6174,5658
2022-01-03,5호선,마곡,10364,10128
2022-01-03,5호선,발산,19127,19282
2022-01-03,5호선,우장산,13489,13531
2022-01-03,5호선,화곡,27093,25584
2022-01-03,5호선,까치산,27403,26773
2022-01-03,5호선,신정,13282,10756
2022-01-03,5호선,목동,15859,17531
2022-01-03,5호선,오목교,20868,22246
2022-01-03,5호선,양평,7366,7543
2022-01-03,5호선,영등포구청,3832,3876
2022-01-03,5호선,영등포시장,9562,9704
2022-01-03,5호선,신길,3944,4379
2022-01-03,5호선,여의도,28372,29242
2022-01-03,5호선,여의나루,8578,9330
2022-01-03,5호선,마포,13769,13990
2022-01-03,5호선,공덕,13200,13896
2022-01-03,5호선,애오개,6186,6327
2022-01-03,5호선,충정로,4669,4686
2022-01-03,5호선,서대문,17922,18284
2022-01-03,5호선,광화문,27817,28810
2022-01-03,5호선,종로3가,11052,10692
2022-01-03,5호선,을지로4가,5850,5801
2022-01-03,5호선,동대문역사문화공원,2984,3372
2022-01-03,5호선,청구,3653,3442
2022-01-03,5호선,신금호,5775,6177
2022-01-03,5호선,행당,7620,6887
2022-01-03,5호선,왕십리,4267,4690
2022-01-03,5호선,마장,5047,4739
2022-01-03,5호선,답십리,15420,14271
2022-01-03,5호선,장한평,17761,17696
2022-01-03,5호선,군자,10335,11261
2022-01-03,5호선,아차산,12633,12628
2022-01-03,5호선,광나루,12124,11088
2022-01-03,5호선,천호,16530,16330
2022-01-03,5호선,강동,17436,16738
2022-01-03,5호선,길동,7493,7894
2022-01-03,5호선,굽은다리,8949,8622
2022-01-03,5호선,명일,7961,8267
2022-01-03,5호선,고덕,8866,8960
2022-01-03,5호선,상일동,14933,13919
2022-01-03,5호선,둔촌동,7965,8138
2022-01-03,5호선,올림픽공원,4030,3504
2022-01-03,5호선,방이,6640,6894
2022-01-03,5호선,오금,3597,3567
2022-01-03,5호선,개롱,6012,6276
2022-01-03,5호선,거여,8754,8395
2022-01-03,5호선,마천,6439,6346
2022-01-03,5호선,강일,3602,3650
2022-01-03,5호선,미사,15182,15314
2022-01-03,5호선,하남풍산,4062,3992
2022-01-03,5호선,하남시청,5835,5691
2022-01-03,5호선,하남검단산,4998,4860
2022-01-04,5호선,방화,6394,6223
2022-01-04,5호선,개화산,5349,5150
2022-01-04,5호선,김포공항,7106,6443
2022-01-04,5호선,송정,6315,5953
2022-01-04,5호선,마곡,10636,10444
2022-01-04,5호선,발산,19726,19975
2022-01-04,5호선,우장산,13945,13875
2022-01-04,5호선,화곡,27313,25873
2022-01-04,5호선,까치산,28007,27451
2022-01-04,5호선,신정,13529,11188
2022-01-04,5호선,목동,16336,17801
2022-01-04,5호선,오목교,21404,22891
2022-01-04,5호선,양평,7474,7576
2022-01-04,5호선,영등포구청,3916,3986
2022-01-04,5호선,영등포시장,9786,10143
2022-01-04,5호선,신길,4087,4417
2022-01-04,5호선,여의도,29148,29902
2022-01-04,5호선,여의나루,8409,9087
2022-01-04,5호선,마포,14216,14440
2022-01-04,5호선,공덕,13830,14436
2022-01-04,5호선,애오개,6528,6628
2022-01-04,5호선,충정로,4732,4881
2022-01-04,5호선,서대문,18666,18878
2022-01-04,5호선,광화문,29070,29907
2022-01-04,5호선,종로3가,11425,11225
2022-01-04,5호선,을지로4가,6266,6287
2022-01-04,5호선,동대문역사문화공원,3023,3502
2022-01-04,5호선,청구,3862,3535
2022-01-04,5호선,신금호,5951,6268
2022-01-04,5호선,행당,7886,7227
2022-01-04,5호선,왕십리,4396,4836
2022-01-04,5호선,마장,5505,5033
2022-01-04,5호선,답십리,15841,14488
2022-01-04,5호선,장한평,18082,18114
2022-01-04,5호선,군자,10850,11893
2022-01-04,5호선,아차산,13759,13362
2022-01-04,5호선,광나루,13479,12315
2022-01-04,5호선,천호,17073,17001
2022-01-04,5호선,강동,17978,17095
2022-01-04,5호선,길동,7787,8252
2022-01-04,5호선,굽은다리,9164,8807
2022-01-04,5호선,명일,8294,8741
2022-01-04,5호선,고덕,9186,9296
2022-01-04,5호선,상일동,15180,13940
2022-01-04,5호선,둔촌동,8404,8355
2022-01-04,5호선,올림픽공원,4077,3614
2022-01-04,5호선,방이,7154,7360
2022-01-04,5호선,오금,3681,3718
2022-01-04,5호선,개롱,6070,6447
2022-01-04,5호선,거여,8985,8665
2022-01-04,5호선,마천,6693,6609
2022-01-04,5호선,강일,3754,3736
2022-01-04,5호선,미사,15457,15669
2022-01-04,5호선,하남풍산,4234,4201
2022-01-04,5호선,하남시청,6166,6086
2022-01-04,5호선,하남검단산,5117,5028
2022-01-05,5호선,방화,6453,6226
2022-01-05,5호선,개화산,5338,5141
2022-01-05,5호선,김포공항,6893,6477
2022-01-05,5호선,송정,6228,5724
2022-01-05,5호선,마곡,10694,10498
2022-01-05,5호선,발산,19597,19988
2022-01-05,5호선,우장산,13994,13897
2022-01-05,5호선,화곡,27565,25995
2022-01-05,5호선,까치산,28105,27206
2022-01-05,5호선,신정,13614,11231
2022-01-05,5호선,목동,16200,17767
2022-01-05,5호선,오목교,21358,22689
2022-01-05,5호선,양평,7686,7730
2022-01-05,5호선,영등포구청,3941,4015
2022-01-05,5호선,영등포시장,9797,10143
2022-01-05,5호선,신길,4120,4453
2022-01-05,5호선,여의도,29132,30093
2022-01-05,5호선,여의나루,8272,9105
2022-01-05,5호선,마포,14371,14615
2022-01-05,5호선,공덕,13702,14436
2022-01-05,5호선,애오개,6640,6657
2022-01-05,5호선,충정로,4713,4837
2022-01-05,5호선,서대문,18546,19008
2022-01-05,5호선,광화문,29122,30035
2022-01-05,5호선,종로3가,11772,11534
2022-01-05,5호선,을지로4가,6033,6049
2022-01-05,5호선,동대문역사문화공원,2978,3460
2022-01-05,5호선,청구,3932,3653
2022-01-05,5호선,신금호,6012,6272
2022-01-05,5호선,행당,7928,7155
2022-01-05,5호선,왕십리,4325,4890
2022-01-05,5호선,마장,5330,4975
2022-01-05,5호선,답십리,16097,14792
2022-01-05,5호선,장한평,18573,18566
2022-01-05,5호선,군자,10922,11795
2022-01-05,5호선,아차산,13688,13442
2022-01-05,5호선,광나루,12769,11584
2022-01-05,5호선,천호,17553,17317
2022-01-05,5호선,강동,18107,17516
2022-01-05,5호선,길동,7767,8250
2022-01-05,5호선,굽은다리,9300,8874
2022-01-05,5호선,명일,8436,8896
2022-01-05,5호선,고덕,9131,9194
2022-01-05,5호선,상일동,15325,14178
2022-01-05,5호선,둔촌동,8514,8459
2022-01-05,5호선,올림픽공원,4055,3640
2022-01-05,5호선,방이,7174,7351
2022-01-05,5호선,오금,3638,3710
2022-01-05,5호선,개롱,6265,6486
2022-01-05,5호선,거여,9076,8580
2022-01-05,5호선,마천,6534,6474
2022-01-05,5호선,강일,3833,3664
2022-01-05,5호선,미사,15741,15599
2022-01-05,5호선,하남풍산,4163,4118
2022-01-05,5호선,하남시청,6150,5915
2022-01-05,5호선,하남검단산,5247,5064
2022-01-06,5호선,방화,6533,6391
2022-01-06,5호선,개화산,5373,5102
2022-01-06,5호선,김포공항,7025,6712
2022-01-06,5호선,송정,6275,5991
2022-01-06,5호선,마곡,10984,10769
2022-01-06,5호선,발산,20270,20234
2022-01-06,5호선,우장산,13725,13778
2022-01-06,5호선,화곡,27667,26233
2022-01-06,5호선,까치산,28150,27491
2022-01-06,5호선,신정,13794,11031
2022-01-06,5호선,목동,16370,17947
2022-01-06,5호선,오목교,21449,22793
2022-01-06,5호선,양평,7635,7627
2022-01-06,5호선,영등포구청,3852,3989
2022-01-06,5호선,영등포시장,10032,10455
2022-01-06,5호선,신길,4054,4522
2022-01-06,5호선,여의도,29337,30379
2022-01-06,5호선,여의나루,8658,9421
2022-01-06,5호선,마포,14253,14587
2022-01-06,5호선,공덕,13849,14488
2022-01-06,5호선,애오개,6690,6759
2022-01-06,5호선,충정로,4738,4894
2022-01-06,5호선,서대문,18585,18996
2022-01-06,5호선,광화문,30129,31309
2022-01-06,5호선,종로3가,12010,11781
2022-01-06,5호선,을지로4가,6216,6144
2022-01-06,5호선,동대문역사문화공원,3002,3439
2022-01-06,5호선,청구,3896,3513
2022-01-06,5호선,신금호,5998,6399
2022-01-06,5호선,행당,7823,7080
2022-01-06,5호선,왕십리,4659,5127
2022-01-06,5호선,마장,5427,5081
2022-01-06,5호선,답십리,15704,14475
2022-01-06,5호선,장한평,18610,18572
2022-01-06,5호선,군자,10974,11992
2022-01-06,5호선,아차산,13842,13554
2022-01-06,5호선,광나루,12926,11825
2022-01-06,5호선,천호,17762,17467
2022-01-06,5호선,강동,18195,17537
2022-01-06,5호선,길동,7827,8139
2022-01-06,5호선,굽은다리,9330,8927
2022-01-06,5호선,명일,8103,8542
2022-01-06,5호선,고덕,9155,9302
2022-01-06,5호선,상일동,15209,13937
2022-01-06,5호선,둔촌동,8643,8651
2022-01-06,5호선,올림픽공원,4177,3552
2022-01-06,5호선,방이,7280,7447
2022-01-06,5호선,오금,3604,3643
2022-01-06,5호선,개롱,6195,6440
2022-01-06,5호선,거여,9053,8517
2022-01-06,5호선,마천,6638,6621
2022-01-06,5호선,강일,3798,3702
2022-01-06,5호선,미사,15657,15730
2022-01-06,5호선,하남풍산,4163,4285
2022-01-06,5호선,하남시청,6264,5961
2022-01-06,5호선,하남검단산,5381,5163
2022-01-07,5호선,강동,18580,17648
2022-01-07,5호선,강일,3874,3794
2022-01-07,5호선,개롱,6238,6597
2022-01-07,5호선,개화산,5460,5205
2022-01-07,5호선,거여,9110,8594
2022-01-07,5호선,고덕,9379,9420
2022-01-07,5호선,공덕,13754,14626
2022-01-07,5호선,광나루,13079,11671
2022-01-07,5호선,광화문,29356,30589
2022-01-07,5호선,군자,11352,12631
2022-01-07,5호선,굽은다리,9497,9138
2022-01-07,5호선,길동,8189,8777
2022-01-07,5호선,김포공항,7886,7411
2022-01-07,5호선,까치산,28544,27687
2022-01-07,5호선,답십리,16230,14955
2022-01-07,5호선,동대문역사문화공원,2875,3484
2022-01-07,5호선,둔촌동,8932,8932
2022-01-07,5호선,마곡,10760,10574
2022-01-07,5호선,마장,5618,5233
2022-01-07,5호선,마천,6736,6546
2022-01-07,5호선,마포,14339,14789
2022-01-07,5호선,명일,8614,8841
2022-01-07,5호선,목동,16769,18063
2022-01-07,5호선,미사,16096,16153
2022-01-07,5호선,발산,19556,20249
2022-01-07,5호선,방이,7374,7567
2022-01-07,5호선,방화,6539,6365
2022-01-07,5호선,상일동,15570,14123
2022-01-07,5호선,서대문,18147,18423
2022-01-07,5호선,송정,6428,6139
2022-01-07,5호선,신금호,6182,6271
2022-01-07,5호선,신길,4102,4309
2022-01-07,5호선,신정,13800,11287
2022-01-07,5호선,아차산,14321,14166
2022-01-07,5호선,애오개,6725,6679
2022-01-07,5호선,양평,7626,7585
2022-01-07,5호선,여의나루,8750,9500
2022-01-07,5호선,여의도,28567,29802
2022-01-07,5호선,영등포구청,3795,4018
2022-01-07,5호선,영등포시장,10284,10655
2022-01-07,5호선,오금,3689,3623
2022-01-07,5호선,오목교,22282,24107
2022-01-07,5호선,올림픽공원,4197,3718
2022-01-07,5호선,왕십리,4731,5316
2022-01-07,5호선,우장산,14253,14086
2022-01-07,5호선,을지로4가,6147,6349
2022-01-07,5호선,장한평,18676,18561
2022-01-07,5호선,종로3가,12607,12744
2022-01-07,5호선,천호,18862,18721
2022-01-07,5호선,청구,3832,3671
2022-01-07,5호선,충정로,4635,4688
2022-01-07,5호선,하남검단산,5567,5375
2022-01-07,5호선,하남시청,6284,6225
2022-01-07,5호선,하남풍산,4327,4334
2022-01-07,5호선,행당,7999,7161
2022-01-07,5호선,화곡,28093,26405
2022-01-08,5호선,미사,11180,11293
2022-01-08,5호선,방이,4813,4744
2022-01-08,5호선,방화,4485,4231
2022-01-08,5호선,개화산,3386,3254
2022-01-08,5호선,김포공항,6857,6946
2022-01-08,5호선,송정,4711,4519
2022-01-08,5호선,마곡,5318,5199
2022-01-08,5호선,발산,12596,13223
2022-01-08,5호선,우장산,8919,9259
2022-01-08,5호선,화곡,18979,17720
2022-01-08,5호선,까치산,19791,19477
2022-01-08,5호선,신정,8253,7301
2022-01-08,5호선,목동,10684,10793
2022-01-08,5호선,오목교,15270,15663
2022-01-08,5호선,양평,3627,3489
2022-01-08,5호선,영등포구청,1891,1844
2022-01-08,5호선,영등포시장,7514,7956
2022-01-08,5호선,신길,2409,2519
2022-01-08,5호선,여의도,10058,10444
2022-01-08,5호선,여의나루,5302,6306
2022-01-08,5호선,마포,6959,6949
2022-01-08,5호선,공덕,6318,6680
2022-01-08,5호선,애오개,3392,3386
2022-01-08,5호선,충정로,1752,1739
2022-01-08,5호선,서대문,6236,6164
2022-01-08,5호선,광화문,13721,14252
2022-01-08,5호선,종로3가,11199,11421
2022-01-08,5호선,을지로4가,3165,3638
2022-01-08,5호선,동대문역사문화공원,1001,1297
2022-01-08,5호선,청구,2454,2203
2022-01-08,5호선,신금호,3844,3990
2022-01-08,5호선,행당,5030,4499
2022-01-08,5호선,왕십리,3318,3991
2022-01-08,5호선,마장,3802,3592
2022-01-08,5호선,답십리,9637,8925
2022-01-08,5호선,장한평,10450,10525
2022-01-08,5호선,군자,8114,9154
2022-01-08,5호선,아차산,12221,11468
2022-01-08,5호선,광나루,9346,9205
2022-01-08,5호선,천호,16234,15305
2022-01-08,5호선,강동,12086,11628
2022-01-08,5호선,길동,5611,6019
2022-01-08,5호선,굽은다리,6859,6411
2022-01-08,5호선,명일,5767,5785
2022-01-08,5호선,고덕,6308,6126
2022-01-08,5호선,상일동,8829,8282
2022-01-08,5호선,둔촌동,5873,5888
2022-01-08,5호선,올림픽공원,2671,2438
2022-01-08,5호선,오금,2051,1979
2022-01-08,5호선,개롱,3875,4160
2022-01-08,5호선,거여,5526,5265
2022-01-08,5호선,마천,4365,4621
2022-01-08,5호선,강일,2499,2412
2022-01-08,5호선,하남풍산,2526,2567
2022-01-08,5호선,하남시청,4822,4740
2022-01-08,5호선,하남검단산,5047,4971
2022-01-09,5호선,방화,3108,3211
2022-01-09,5호선,개화산,2420,2572
2022-01-09,5호선,김포공항,6585,6259
2022-01-09,5호선,송정,3458,3417
2022-01-09,5호선,마곡,3361,3504
2022-01-09,5호선,발산,8318,8707
2022-01-09,5호선,우장산,6265,6465
2022-01-09,5호선,화곡,13086,12397
2022-01-09,5호선,까치산,14325,14099
2022-01-09,5호선,신정,5826,5340
2022-01-09,5호선,목동,6953,7258
2022-01-09,5호선,오목교,10515,10808
2022-01-09,5호선,양평,2399,2520
2022-01-09,5호선,영등포구청,1160,1189
2022-01-09,5호선,영등포시장,4962,5281
2022-01-09,5호선,신길,1714,1914
2022-01-09,5호선,여의도,7206,7274
2022-01-09,5호선,여의나루,5011,5759
2022-01-09,5호선,마포,4233,4395
2022-01-09,5호선,공덕,4051,4090
2022-01-09,5호선,애오개,2320,2381
2022-01-09,5호선,충정로,1315,1261
2022-01-09,5호선,서대문,4525,4486
2022-01-09,5호선,광화문,9917,9657
2022-01-09,5호선,종로3가,8050,7081
2022-01-09,5호선,을지로4가,1322,1446
2022-01-09,5호선,동대문역사문화공원,690,792
2022-01-09,5호선,청구,1572,1480
2022-01-09,5호선,신금호,2653,2925
2022-01-09,5호선,행당,3513,3212
2022-01-09,5호선,왕십리,2144,2604
2022-01-09,5호선,마장,2596,2579
2022-01-09,5호선,답십리,6671,6410
2022-01-09,5호선,장한평,7045,7074
2022-01-09,5호선,군자,5618,6221
2022-01-09,5호선,아차산,9015,8923
2022-01-09,5호선,광나루,6602,6466
2022-01-09,5호선,천호,11517,10757
2022-01-09,5호선,강동,7830,7808
2022-01-09,5호선,길동,3746,3958
2022-01-09,5호선,굽은다리,4813,4516
2022-01-09,5호선,명일,4296,4343
2022-01-09,5호선,고덕,3729,3711
2022-01-09,5호선,상일동,6064,6119
2022-01-09,5호선,둔촌동,4277,4357
2022-01-09,5호선,올림픽공원,1873,1701
2022-01-09,5호선,방이,3491,3455
2022-01-09,5호선,오금,1324,1298
2022-01-09,5호선,개롱,2657,2910
2022-01-09,5호선,거여,3913,3734
2022-01-09,5호선,마천,3234,3439
2022-01-09,5호선,강일,1894,1785
2022-01-09,5호선,미사,8087,8043
2022-01-09,5호선,하남풍산,1959,2025
2022-01-09,5호선,하남시청,3622,3488
2022-01-09,5호선,하남검단산,4117,4053
2022-01-10,5호선,하남검단산,5193,5078
2022-01-10,5호선,하남시청,6226,5961
2022-01-10,5호선,하남풍산,4161,4118
2022-01-10,5호선,미사,15698,15670
2022-01-10,5호선,강일,3810,3759
2022-01-10,5호선,마천,6663,6504
2022-01-10,5호선,거여,9051,8672
2022-01-10,5호선,개롱,6197,6562
2022-01-10,5호선,오금,3723,3582
2022-01-10,5호선,방이,6988,7292
2022-01-10,5호선,올림픽공원,3932,3451
2022-01-10,5호선,둔촌동,8483,8586
2022-01-10,5호선,상일동,15389,14244
2022-01-10,5호선,고덕,9081,9281
2022-01-10,5호선,명일,8292,8569
2022-01-10,5호선,굽은다리,9324,8898
2022-01-10,5호선,길동,7953,8369
2022-01-10,5호선,강동,18284,17645
2022-01-10,5호선,천호,17159,17038
2022-01-10,5호선,광나루,12518,11391
2022-01-10,5호선,아차산,13346,13012
2022-01-10,5호선,군자,10709,11651
2022-01-10,5호선,장한평,18452,18379
2022-01-10,5호선,답십리,15683,14554
2022-01-10,5호선,마장,5517,5227
2022-01-10,5호선,왕십리,4475,4913
2022-01-10,5호선,행당,7876,7197
2022-01-10,5호선,신금호,6116,6402
2022-01-10,5호선,청구,3884,3497
2022-01-10,5호선,동대문역사문화공원,2996,3442
2022-01-10,5호선,을지로4가,6241,6342
2022-01-10,5호선,종로3가,11706,11332
2022-01-10,5호선,광화문,28874,29750
2022-01-10,5호선,서대문,19254,19591
2022-01-10,5호선,충정로,4669,4729
2022-01-10,5호선,애오개,6652,6728
2022-01-10,5호선,공덕,13620,14384
2022-01-10,5호선,마포,14326,14681
2022-01-10,5호선,여의나루,8742,9654
2022-01-10,5호선,여의도,29510,30333
2022-01-10,5호선,신길,3979,4439
2022-01-10,5호선,영등포시장,9963,10233
2022-01-10,5호선,영등포구청,3929,4035
2022-01-10,5호선,양평,7714,7692
2022-01-10,5호선,오목교,21328,22581
2022-01-10,5호선,목동,16466,18105
2022-01-10,5호선,신정,13684,11106
2022-01-10,5호선,까치산,28254,27659
2022-01-10,5호선,화곡,27580,26268
2022-01-10,5호선,우장산,13886,13842
2022-01-10,5호선,발산,19862,20052
2022-01-10,5호선,마곡,11007,10684
2022-01-10,5호선,송정,6420,6007
2022-01-10,5호선,김포공항,6944,7039
2022-01-10,5호선,개화산,5394,5223
2022-01-10,5호선,방화,6381,6175
2022-01-11,5호선,하남검단산,5094,4888
2022-01-11,5호선,하남시청,6076,6031
2022-01-11,5호선,하남풍산,4128,4282
2022-01-11,5호선,미사,15776,15465
2022-01-11,5호선,강일,3772,3732
2022-01-11,5호선,마천,6663,6587
2022-01-11,5호선,거여,9204,8598
2022-01-11,5호선,개롱,6201,6533
2022-01-11,5호선,오금,3668,3602
2022-01-11,5호선,방이,7136,7445
2022-01-11,5호선,올림픽공원,4205,3561
2022-01-11,5호선,둔촌동,8656,8609
2022-01-11,5호선,상일동,15524,14288
2022-01-11,5호선,고덕,9075,9214
2022-01-11,5호선,명일,8458,8861
2022-01-11,5호선,굽은다리,9351,8949
2022-01-11,5호선,길동,8023,8377
2022-01-11,5호선,강동,18582,17761
2022-01-11,5호선,천호,17398,17169
2022-01-11,5호선,광나루,12697,11559
2022-01-11,5호선,아차산,13475,13218
2022-01-11,5호선,군자,11017,11998
2022-01-11,5호선,장한평,18378,18531
2022-01-11,5호선,답십리,15978,14709
2022-01-11,5호선,마장,5604,5235
2022-01-11,5호선,왕십리,4487,5047
2022-01-11,5호선,행당,8038,7420
2022-01-11,5호선,신금호,6237,6468
2022-01-11,5호선,청구,3953,3558
2022-01-11,5호선,동대문역사문화공원,3176,3635
2022-01-11,5호선,을지로4가,6108,6173
2022-01-11,5호선,종로3가,11916,11648
2022-01-11,5호선,광화문,30101,31022
2022-01-11,5호선,서대문,19547,20030
2022-01-11,5호선,충정로,4908,5017
2022-01-11,5호선,애오개,6932,7055
2022-01-11,5호선,공덕,14211,14926
2022-01-11,5호선,마포,14811,15040
2022-01-11,5호선,여의나루,8413,9415
2022-01-11,5호선,여의도,30591,31049
2022-01-11,5호선,신길,4156,4551
2022-01-11,5호선,영등포시장,9864,10236
2022-01-11,5호선,영등포구청,3859,3960
2022-01-11,5호선,양평,7823,7938
2022-01-11,5호선,오목교,22035,23371
2022-01-11,5호선,목동,16677,18452
2022-01-11,5호선,신정,13839,11388
2022-01-11,5호선,까치산,28151,27371
2022-01-11,5호선,화곡,27717,26260
2022-01-11,5호선,우장산,13934,14081
2022-01-11,5호선,발산,20445,20413
2022-01-11,5호선,마곡,11357,10851
2022-01-11,5호선,송정,6223,5768
2022-01-11,5호선,김포공항,6824,6707
2022-01-11,5호선,개화산,5325,5115
2022-01-11,5호선,방화,6397,6250
2022-01-12,5호선,방화,6226,6021
2022-01-12,5호선,개화산,5317,5137
2022-01-12,5호선,김포공항,6749,6436
2022-01-12,5호선,송정,6033,5779
2022-01-12,5호선,마곡,10878,10744
2022-01-12,5호선,발산,20042,20161
2022-01-12,5호선,우장산,13691,13710
2022-01-12,5호선,화곡,27489,25934
2022-01-12,5호선,까치산,27834,27152
2022-01-12,5호선,신정,13569,11108
2022-01-12,5호선,목동,16380,17815
2022-01-12,5호선,오목교,21527,22780
2022-01-12,5호선,양평,7563,7636
2022-01-12,5호선,영등포구청,3784,3904
2022-01-12,5호선,영등포시장,9772,10142
2022-01-12,5호선,신길,4154,4483
2022-01-12,5호선,여의도,29940,30499
2022-01-12,5호선,여의나루,8371,9319
2022-01-12,5호선,마포,14579,14855
2022-01-12,5호선,공덕,13818,14660
2022-01-12,5호선,애오개,6612,6925
2022-01-12,5호선,충정로,4720,4788
2022-01-12,5호선,서대문,19315,19594
2022-01-12,5호선,광화문,29587,30613
2022-01-12,5호선,종로3가,12065,11651
2022-01-12,5호선,을지로4가,5937,5960
2022-01-12,5호선,동대문역사문화공원,3111,3599
2022-01-12,5호선,청구,3832,3584
2022-01-12,5호선,신금호,6069,6255
2022-01-12,5호선,행당,7882,7267
2022-01-12,5호선,왕십리,4522,4927
2022-01-12,5호선,마장,5495,5056
2022-01-12,5호선,답십리,15882,14660
2022-01-12,5호선,장한평,18457,18390
2022-01-12,5호선,군자,11077,12039
2022-01-12,5호선,아차산,13306,13074
2022-01-12,5호선,광나루,12507,11175
2022-01-12,5호선,천호,17125,17074
2022-01-12,5호선,강동,18342,17488
2022-01-12,5호선,길동,7751,8176
2022-01-12,5호선,굽은다리,9199,8901
2022-01-12,5호선,명일,8262,8739
2022-01-12,5호선,고덕,8970,9088
2022-01-12,5호선,상일동,15072,14030
2022-01-12,5호선,둔촌동,8506,8380
2022-01-12,5호선,올림픽공원,4007,3392
2022-01-12,5호선,방이,7177,7371
2022-01-12,5호선,오금,3521,3553
2022-01-12,5호선,개롱,6175,6519
2022-01-12,5호선,거여,9013,8543
2022-01-12,5호선,마천,6517,6466
2022-01-12,5호선,강일,3688,3655
2022-01-12,5호선,미사,15537,15494
2022-01-12,5호선,하남풍산,4037,4072
2022-01-12,5호선,하남시청,6032,5831
2022-01-12,5호선,하남검단산,5005,4901
2022-01-13,5호선,하남검단산,5052,4854
2022-01-13,5호선,하남시청,5955,5860
2022-01-13,5호선,하남풍산,4154,4190
2022-01-13,5호선,미사,15423,15299
2022-01-13,5호선,강일,3665,3666
2022-01-13,5호선,마천,6581,6517
2022-01-13,5호선,거여,9052,8589
2022-01-13,5호선,개롱,6259,6603
2022-01-13,5호선,오금,3590,3580
2022-01-13,5호선,방이,7276,7392
2022-01-13,5호선,올림픽공원,3874,3378
2022-01-13,5호선,둔촌동,8464,8451
2022-01-13,5호선,상일동,15118,13975
2022-01-13,5호선,고덕,8703,8799
2022-01-13,5호선,명일,8197,8558
2022-01-13,5호선,굽은다리,9286,8977
2022-01-13,5호선,길동,7790,8160
2022-01-13,5호선,강동,18345,17643
2022-01-13,5호선,천호,17300,17119
2022-01-13,5호선,광나루,12781,11558
2022-01-13,5호선,아차산,13908,13676
2022-01-13,5호선,군자,11052,12224
2022-01-13,5호선,장한평,18550,18551
2022-01-13,5호선,답십리,15887,14525
2022-01-13,5호선,마장,5481,5152
2022-01-13,5호선,왕십리,4528,4998
2022-01-13,5호선,행당,7976,7300
2022-01-13,5호선,신금호,6119,6366
2022-01-13,5호선,청구,3899,3669
2022-01-13,5호선,동대문역사문화공원,3237,3626
2022-01-13,5호선,을지로4가,5929,6009
2022-01-13,5호선,종로3가,12294,11870
2022-01-13,5호선,광화문,29861,30797
2022-01-13,5호선,서대문,19590,19997
2022-01-13,5호선,충정로,4781,4937
2022-01-13,5호선,애오개,6879,6986
2022-01-13,5호선,공덕,13918,14837
2022-01-13,5호선,마포,14699,15234
2022-01-13,5호선,여의나루,8146,9405
2022-01-13,5호선,여의도,30033,30822
2022-01-13,5호선,신길,4062,4449
2022-01-13,5호선,영등포시장,9854,10277
2022-01-13,5호선,영등포구청,3806,3898
2022-01-13,5호선,양평,7746,7723
2022-01-13,5호선,오목교,21605,23100
2022-01-13,5호선,목동,16603,18042
2022-01-13,5호선,신정,13567,11127
2022-01-13,5호선,까치산,27974,27048
2022-01-13,5호선,화곡,27343,25858
2022-01-13,5호선,우장산,13767,13705
2022-01-13,5호선,발산,20321,20423
2022-01-13,5호선,마곡,11161,10815
2022-01-13,5호선,송정,6227,5870
2022-01-13,5호선,김포공항,7182,6936
2022-01-13,5호선,개화산,5326,5074
2022-01-13,5호선,방화,6270,6164
2022-01-14,5호선,방화,6440,6092
2022-01-14,5호선,개화산,5459,5159
2022-01-14,5호선,김포공항,7877,7412
2022-01-14,5호선,송정,6422,6015
2022-01-14,5호선,마곡,10743,10533
2022-01-14,5호선,발산,19317,19877
2022-01-14,5호선,우장산,13820,13784
2022-01-14,5호선,화곡,27696,26232
2022-01-14,5호선,까치산,28174,27454
2022-01-14,5호선,신정,13641,11007
2022-01-14,5호선,목동,16869,18152
2022-01-14,5호선,오목교,22246,23793
2022-01-14,5호선,양평,7487,7440
2022-01-14,5호선,영등포구청,3851,3865
2022-01-14,5호선,영등포시장,10353,10604
2022-01-14,5호선,신길,4052,4423
2022-01-14,5호선,여의도,28940,30012
2022-01-14,5호선,여의나루,8240,9142
2022-01-14,5호선,마포,14420,14942
2022-01-14,5호선,공덕,13820,14834
2022-01-14,5호선,애오개,6815,6825
2022-01-14,5호선,충정로,4583,4586
2022-01-14,5호선,서대문,18785,18948
2022-01-14,5호선,광화문,28560,29859
2022-01-14,5호선,종로3가,12734,12705
2022-01-14,5호선,을지로4가,6111,6198
2022-01-14,5호선,동대문역사문화공원,3005,3556
2022-01-14,5호선,청구,3987,3756
2022-01-14,5호선,신금호,6346,6467
2022-01-14,5호선,행당,7906,7041
2022-01-14,5호선,왕십리,4684,5251
2022-01-14,5호선,마장,5680,5267
2022-01-14,5호선,답십리,16007,14749
2022-01-14,5호선,장한평,18561,18615
2022-01-14,5호선,군자,11305,12490
2022-01-14,5호선,아차산,13893,13430
2022-01-14,5호선,광나루,12812,11464
2022-01-14,5호선,천호,18756,18540
2022-01-14,5호선,강동,18513,17673
2022-01-14,5호선,길동,8185,8665
2022-01-14,5호선,굽은다리,9394,9035
2022-01-14,5호선,명일,8528,8754
2022-01-14,5호선,고덕,9037,9130
2022-01-14,5호선,상일동,15411,14227
2022-01-14,5호선,둔촌동,8795,8815
2022-01-14,5호선,올림픽공원,4055,3486
2022-01-14,5호선,방이,7484,7725
2022-01-14,5호선,오금,3567,3662
2022-01-14,5호선,개롱,6387,6608
2022-01-14,5호선,거여,8935,8480
2022-01-14,5호선,마천,6748,6555
2022-01-14,5호선,강일,3783,3674
2022-01-14,5호선,미사,15774,15768
2022-01-14,5호선,하남풍산,4229,4270
2022-01-14,5호선,하남시청,6511,6305
2022-01-14,5호선,하남검단산,5354,5211
2022-01-15,5호선,길동,5650,5864
2022-01-15,5호선,강동,12005,11405
2022-01-15,5호선,천호,16042,15062
2022-01-15,5호선,광나루,8798,8477
2022-01-15,5호선,아차산,11650,11268
2022-01-15,5호선,군자,8228,8855
2022-01-15,5호선,장한평,10506,10428
2022-01-15,5호선,답십리,9754,9096
2022-01-15,5호선,마장,3905,3925
2022-01-15,5호선,왕십리,3392,4170
2022-01-15,5호선,행당,5010,4357
2022-01-15,5호선,신금호,3839,4025
2022-01-15,5호선,청구,2453,2300
2022-01-15,5호선,동대문역사문화공원,1043,1339
2022-01-15,5호선,을지로4가,3298,3592
2022-01-15,5호선,종로3가,11742,11558
2022-01-15,5호선,광화문,14464,14676
2022-01-15,5호선,서대문,6933,6534
2022-01-15,5호선,충정로,1954,1749
2022-01-15,5호선,애오개,3600,3432
2022-01-15,5호선,공덕,6821,6909
2022-01-15,5호선,마포,7177,7244
2022-01-15,5호선,여의나루,5593,6952
2022-01-15,5호선,여의도,12796,14159
2022-01-15,5호선,신길,2486,2595
2022-01-15,5호선,영등포시장,7519,7848
2022-01-15,5호선,영등포구청,2149,1858
2022-01-15,5호선,양평,3587,3437
2022-01-15,5호선,오목교,15162,15700
2022-01-15,5호선,목동,10786,11013
2022-01-15,5호선,신정,8407,7382
2022-01-15,5호선,까치산,20055,19480
2022-01-15,5호선,화곡,19079,17754
2022-01-15,5호선,우장산,9270,9180
2022-01-15,5호선,발산,12598,13276
2022-01-15,5호선,마곡,5248,5196
2022-01-15,5호선,송정,4655,4492
2022-01-15,5호선,김포공항,6974,7080
2022-01-15,5호선,개화산,3525,3413
2022-01-15,5호선,방화,4416,4271
2022-01-15,5호선,하남검단산,4788,4636
2022-01-15,5호선,하남시청,4773,4762
2022-01-15,5호선,하남풍산,2514,2610
2022-01-15,5호선,미사,11240,11101
2022-01-15,5호선,강일,2578,2422
2022-01-15,5호선,마천,4453,4713
2022-01-15,5호선,거여,5534,5451
2022-01-15,5호선,개롱,3982,4154
2022-01-15,5호선,오금,1888,1820
2022-01-15,5호선,방이,5087,4948
2022-01-15,5호선,올림픽공원,2528,2123
2022-01-15,5호선,둔촌동,5862,5811
2022-01-15,5호선,상일동,9090,8503
2022-01-15,5호선,고덕,5899,5914
2022-01-15,5호선,명일,5713,5757
2022-01-15,5호선,굽은다리,6631,6238
2022-01-16,5호선,김포공항,6538,6761
2022-01-16,5호선,개화산,2455,2511
2022-01-16,5호선,방화,3180,3289
2022-01-16,5호선,까치산,14345,14238
2022-01-16,5호선,화곡,13290,12720
2022-01-16,5호선,상일동,6249,6205
2022-01-16,5호선,개롱,2585,2938
2022-01-16,5호선,오금,1408,1447
2022-01-16,5호선,방이,3651,3572
2022-01-16,5호선,올림픽공원,1873,1568
2022-01-16,5호선,둔촌동,4245,4355
2022-01-16,5호선,고덕,4051,4053
2022-01-16,5호선,명일,4485,4630
2022-01-16,5호선,굽은다리,4976,4812
2022-01-16,5호선,길동,3865,4047
2022-01-16,5호선,강동,8482,8309
2022-01-16,5호선,천호,12196,11463
2022-01-16,5호선,광나루,6613,6384
2022-01-16,5호선,아차산,9672,9560
2022-01-16,5호선,군자,5862,6634
2022-01-16,5호선,장한평,7171,7227
2022-01-16,5호선,답십리,6849,6517
2022-01-16,5호선,마장,2777,2708
2022-01-16,5호선,왕십리,2382,2815
2022-01-16,5호선,행당,3494,3271
2022-01-16,5호선,신금호,2731,2978
2022-01-16,5호선,청구,1724,1624
2022-01-16,5호선,동대문역사문화공원,727,803
2022-01-16,5호선,을지로4가,1406,1600
2022-01-16,5호선,종로3가,8717,7461
2022-01-16,5호선,광화문,10988,10702
2022-01-16,5호선,서대문,4724,4582
2022-01-16,5호선,충정로,1316,1373
2022-01-16,5호선,애오개,2438,2600
2022-01-16,5호선,공덕,4331,4261
2022-01-16,5호선,마포,4463,4565
2022-01-16,5호선,여의나루,4673,5888
2022-01-16,5호선,여의도,7886,7585
2022-01-16,5호선,신길,1651,1983
2022-01-16,5호선,영등포시장,4984,5240
2022-01-16,5호선,영등포구청,1288,1277
2022-01-16,5호선,양평,2520,2670
2022-01-16,5호선,오목교,10616,10803
2022-01-16,5호선,목동,7011,7299
2022-01-16,5호선,신정,5773,5380
2022-01-16,5호선,하남검단산,4084,4033
2022-01-16,5호선,하남시청,3636,3504
2022-01-16,5호선,하남풍산,1971,2059
2022-01-16,5호선,미사,8053,8084
2022-01-16,5호선,강일,1897,1812
2022-01-16,5호선,마천,3309,3570
2022-01-16,5호선,거여,3957,3838
2022-01-16,5호선,우장산,6361,6611
2022-01-16,5호선,발산,8308,8423
2022-01-16,5호선,마곡,3355,3534
2022-01-16,5호선,송정,3333,3208
2022-01-17,5호선,방화,6420,6317
2022-01-17,5호선,개화산,5410,5296
2022-01-17,5호선,김포공항,7278,7056
2022-01-17,5호선,송정,6414,6077
2022-01-17,5호선,마곡,11428,11056
2022-01-17,5호선,발산,20713,20346
2022-01-17,5호선,우장산,14012,14149
2022-01-17,5호선,화곡,27923,26449
2022-01-17,5호선,까치산,28044,27648
2022-01-17,5호선,신정,13615,11419
2022-01-17,5호선,목동,16579,18416
2022-01-17,5호선,오목교,21959,22991
2022-01-17,5호선,양평,7765,7816
2022-01-17,5호선,영등포구청,3952,4078
2022-01-17,5호선,영등포시장,10107,10394
2022-01-17,5호선,신길,4129,4745
2022-01-17,5호선,여의도,30840,30560
2022-01-17,5호선,여의나루,8754,9543
2022-01-17,5호선,마포,14962,15169
2022-01-17,5호선,공덕,13840,14773
2022-01-17,5호선,애오개,6941,7046
2022-01-17,5호선,충정로,4922,4910
2022-01-17,5호선,서대문,19781,19835
2022-01-17,5호선,광화문,29581,29675
2022-01-17,5호선,종로3가,11920,11549
2022-01-17,5호선,을지로4가,6228,6161
2022-01-17,5호선,동대문역사문화공원,3135,3499
2022-01-17,5호선,청구,3961,3700
2022-01-17,5호선,신금호,6159,6626
2022-01-17,5호선,행당,7863,7434
2022-01-17,5호선,왕십리,4599,4928
2022-01-17,5호선,마장,5541,5364
2022-01-17,5호선,답십리,15790,14835
2022-01-17,5호선,장한평,18257,18269
2022-01-17,5호선,군자,10785,11811
2022-01-17,5호선,아차산,13090,12968
2022-01-17,5호선,광나루,12454,11472
2022-01-17,5호선,천호,17056,16758
2022-01-17,5호선,강동,18244,17732
2022-01-17,5호선,길동,8019,8397
2022-01-17,5호선,굽은다리,9256,9070
2022-01-17,5호선,명일,8292,8853
2022-01-17,5호선,고덕,9022,9189
2022-01-17,5호선,상일동,15158,14285
2022-01-17,5호선,둔촌동,8570,8554
2022-01-17,5호선,올림픽공원,4035,3423
2022-01-17,5호선,방이,7070,7477
2022-01-17,5호선,오금,3637,3662
2022-01-17,5호선,개롱,6179,6680
2022-01-17,5호선,거여,9033,8772
2022-01-17,5호선,마천,6681,6596
2022-01-17,5호선,강일,3768,3759
2022-01-17,5호선,미사,15530,15569
2022-01-17,5호선,하남풍산,4126,4158
2022-01-17,5호선,하남시청,6103,6034
2022-01-17,5호선,하남검단산,5158,5004
2022-01-18,5호선,하남검단산,5294,5086
2022-01-18,5호선,하남시청,6099,6044
2022-01-18,5호선,하남풍산,4206,4236
2022-01-18,5호선,미사,15862,15659
2022-01-18,5호선,강일,3828,3746
2022-01-18,5호선,마천,6727,6671
2022-01-18,5호선,거여,9271,8832
2022-01-18,5호선,개롱,6315,6793
2022-01-18,5호선,오금,3719,3796
2022-01-18,5호선,방이,7294,7467
2022-01-18,5호선,올림픽공원,4068,3458
2022-01-18,5호선,둔촌동,8699,8705
2022-01-18,5호선,상일동,15441,14160
2022-01-18,5호선,고덕,9165,9392
2022-01-18,5호선,명일,8375,8798
2022-01-18,5호선,굽은다리,9521,9025
2022-01-18,5호선,길동,8083,8586
2022-01-18,5호선,강동,18793,17811
2022-01-18,5호선,천호,17343,17257
2022-01-18,5호선,광나루,12844,11551
2022-01-18,5호선,아차산,13844,13292
2022-01-18,5호선,군자,11102,12230
2022-01-18,5호선,장한평,18680,18624
2022-01-18,5호선,답십리,16083,14802
2022-01-18,5호선,마장,5681,5387
2022-01-18,5호선,왕십리,4528,4996
2022-01-18,5호선,행당,8004,7351
2022-01-18,5호선,신금호,6203,6503
2022-01-18,5호선,청구,4051,3648
2022-01-18,5호선,동대문역사문화공원,3188,3620
2022-01-18,5호선,을지로4가,6295,6328
2022-01-18,5호선,종로3가,12153,11981
2022-01-18,5호선,광화문,29862,30891
2022-01-18,5호선,서대문,19692,20050
2022-01-18,5호선,충정로,4912,4997
2022-01-18,5호선,애오개,6846,6865
2022-01-18,5호선,공덕,14269,15155
2022-01-18,5호선,마포,14955,15365
2022-01-18,5호선,여의나루,8494,9553
2022-01-18,5호선,여의도,30621,31658
2022-01-18,5호선,신길,4162,4509
2022-01-18,5호선,영등포시장,10139,10585
2022-01-18,5호선,영등포구청,3983,4110
2022-01-18,5호선,양평,7758,7875
2022-01-18,5호선,오목교,21981,23373
2022-01-18,5호선,목동,17031,18436
2022-01-18,5호선,신정,13855,11245
2022-01-18,5호선,까치산,28503,27503
2022-01-18,5호선,화곡,27768,26337
2022-01-18,5호선,우장산,14004,13884
2022-01-18,5호선,발산,20843,20997
2022-01-18,5호선,마곡,11390,11219
2022-01-18,5호선,송정,6499,6064
2022-01-18,5호선,김포공항,7175,6969
2022-01-18,5호선,개화산,5467,5316
2022-01-18,5호선,방화,6457,6172
2022-01-19,5호선,하남검단산,5456,5409
2022-01-19,5호선,하남시청,6573,6529
2022-01-19,5호선,하남풍산,4480,4413
2022-01-19,5호선,미사,16950,16774
2022-01-19,5호선,강일,4006,3953
2022-01-19,5호선,마천,6891,6862
2022-01-19,5호선,거여,9549,9190
2022-01-19,5호선,개롱,6641,7065
2022-01-19,5호선,오금,3801,3838
2022-01-19,5호선,방이,7805,8038
2022-01-19,5호선,올림픽공원,4398,3771
2022-01-19,5호선,둔촌동,9021,9109
2022-01-19,5호선,상일동,16377,15398
2022-01-19,5호선,고덕,9692,9864
2022-01-19,5호선,명일,9035,9577
2022-01-19,5호선,굽은다리,9919,9606
2022-01-19,5호선,길동,8394,8705
2022-01-19,5호선,강동,19355,18834
2022-01-19,5호선,천호,18192,17745
2022-01-19,5호선,광나루,13296,12094
2022-01-19,5호선,아차산,14005,13790
2022-01-19,5호선,군자,11603,12759
2022-01-19,5호선,장한평,19561,19618
2022-01-19,5호선,답십리,16546,15438
2022-01-19,5호선,마장,5850,5553
2022-01-19,5호선,왕십리,4897,5237
2022-01-19,5호선,행당,8567,7942
2022-01-19,5호선,신금호,6485,6778
2022-01-19,5호선,청구,4141,3749
2022-01-19,5호선,동대문역사문화공원,3300,3686
2022-01-19,5호선,을지로4가,6224,6229
2022-01-19,5호선,종로3가,12520,12145
2022-01-19,5호선,광화문,31977,32291
2022-01-19,5호선,서대문,20257,20381
2022-01-19,5호선,충정로,5054,5190
2022-01-19,5호선,애오개,7119,7290
2022-01-19,5호선,공덕,14679,15612
2022-01-19,5호선,마포,15821,16022
2022-01-19,5호선,여의나루,8749,9583
2022-01-19,5호선,여의도,32088,32081
2022-01-19,5호선,신길,4125,4706
2022-01-19,5호선,영등포시장,10362,10835
2022-01-19,5호선,영등포구청,3979,4104
2022-01-19,5호선,양평,8034,8116
2022-01-19,5호선,오목교,22781,24408
2022-01-19,5호선,목동,17247,18904
2022-01-19,5호선,신정,14001,11522
2022-01-19,5호선,까치산,28625,28069
2022-01-19,5호선,화곡,28360,26989
2022-01-19,5호선,우장산,14309,14414
2022-01-19,5호선,발산,21393,21303
2022-01-19,5호선,마곡,11592,11488
2022-01-19,5호선,송정,6496,6087
2022-01-19,5호선,김포공항,7333,7016
2022-01-19,5호선,개화산,5474,5397
2022-01-19,5호선,방화,6655,6459
2022-01-20,5호선,방화,6521,6320
2022-01-20,5호선,개화산,5497,5286
2022-01-20,5호선,김포공항,7309,7019
2022-01-20,5호선,송정,6561,6128
2022-01-20,5호선,마곡,11206,11024
2022-01-20,5호선,발산,20585,20951
2022-01-20,5호선,우장산,14218,14045
2022-01-20,5호선,화곡,27869,26384
2022-01-20,5호선,까치산,28601,27676
2022-01-20,5호선,신정,13873,11280
2022-01-20,5호선,목동,17203,18502
2022-01-20,5호선,오목교,22118,23539
2022-01-20,5호선,양평,7670,7779
2022-01-20,5호선,영등포구청,4038,4153
2022-01-20,5호선,영등포시장,10307,10505
2022-01-20,5호선,신길,4232,4543
2022-01-20,5호선,여의도,30025,31192
2022-01-20,5호선,여의나루,8637,9616
2022-01-20,5호선,마포,15048,15399
2022-01-20,5호선,공덕,14299,15334
2022-01-20,5호선,애오개,7032,7150
2022-01-20,5호선,충정로,4801,4973
2022-01-20,5호선,서대문,19622,20029
2022-01-20,5호선,광화문,30280,31544
2022-01-20,5호선,종로3가,12390,11971
2022-01-20,5호선,을지로4가,6382,6439
2022-01-20,5호선,동대문역사문화공원,3104,3597
2022-01-20,5호선,청구,4061,3721
2022-01-20,5호선,신금호,6375,6587
2022-01-20,5호선,행당,8198,7358
2022-01-20,5호선,왕십리,4661,5257
2022-01-20,5호선,마장,5904,5593
2022-01-20,5호선,답십리,16307,14999
2022-01-20,5호선,장한평,19224,19065
2022-01-20,5호선,군자,11348,12369
2022-01-20,5호선,아차산,14054,13775
2022-01-20,5호선,광나루,13229,12011
2022-01-20,5호선,천호,18035,17932
2022-01-20,5호선,강동,18982,18307
2022-01-20,5호선,길동,8112,8531
2022-01-20,5호선,굽은다리,9473,9045
2022-01-20,5호선,명일,8448,8724
2022-01-20,5호선,고덕,9121,9239
2022-01-20,5호선,상일동,15667,14499
2022-01-20,5호선,둔촌동,8876,8954
2022-01-20,5호선,올림픽공원,4124,3623
2022-01-20,5호선,방이,7493,7592
2022-01-20,5호선,오금,3723,3818
2022-01-20,5호선,개롱,6357,6768
2022-01-20,5호선,거여,9318,8783
2022-01-20,5호선,마천,6873,6852
2022-01-20,5호선,강일,3834,3793
2022-01-20,5호선,미사,16349,15975
2022-01-20,5호선,하남풍산,4270,4350
2022-01-20,5호선,하남시청,6209,6099
2022-01-20,5호선,하남검단산,5266,5088
2022-01-21,5호선,하남검단산,5470,5206
2022-01-21,5호선,하남시청,6555,6407
2022-01-21,5호선,하남풍산,4219,4289
2022-01-21,5호선,미사,16110,16128
2022-01-21,5호선,강일,3923,3734
2022-01-21,5호선,마천,6881,6702
2022-01-21,5호선,거여,9340,8906
2022-01-21,5호선,개롱,6369,6716
2022-01-21,5호선,오금,3708,3864
2022-01-21,5호선,방이,7478,7827
2022-01-21,5호선,올림픽공원,4326,3792
2022-01-21,5호선,둔촌동,8973,9114
2022-01-21,5호선,상일동,15866,14558
2022-01-21,5호선,고덕,9637,9552
2022-01-21,5호선,명일,8721,9088
2022-01-21,5호선,굽은다리,9790,9300
2022-01-21,5호선,길동,8453,8916
2022-01-21,5호선,강동,18976,18173
2022-01-21,5호선,천호,19164,18838
2022-01-21,5호선,광나루,13518,12064
2022-01-21,5호선,아차산,14056,13749
2022-01-21,5호선,군자,11610,12819
2022-01-21,5호선,장한평,18874,18786
2022-01-21,5호선,답십리,16378,15001
2022-01-21,5호선,마장,5958,5806
2022-01-21,5호선,왕십리,4854,5480
2022-01-21,5호선,행당,8153,7251
2022-01-21,5호선,신금호,6415,6602
2022-01-21,5호선,청구,4118,3697
2022-01-21,5호선,동대문역사문화공원,3110,3592
2022-01-21,5호선,을지로4가,6446,6533
2022-01-21,5호선,종로3가,13107,13051
2022-01-21,5호선,광화문,29609,30560
2022-01-21,5호선,서대문,18997,19357
2022-01-21,5호선,충정로,4738,4740
2022-01-21,5호선,애오개,6883,6977
2022-01-21,5호선,공덕,14454,15417
2022-01-21,5호선,마포,14695,15331
2022-01-21,5호선,여의나루,9330,10083
2022-01-21,5호선,여의도,29367,30652
2022-01-21,5호선,신길,4193,4502
2022-01-21,5호선,영등포시장,10416,10663
2022-01-21,5호선,영등포구청,4002,4145
2022-01-21,5호선,양평,7702,7612
2022-01-21,5호선,오목교,22832,24678
2022-01-21,5호선,목동,17177,18579
2022-01-21,5호선,신정,14053,11214
2022-01-21,5호선,까치산,29189,28116
2022-01-21,5호선,화곡,28755,26885
2022-01-21,5호선,우장산,14381,14178
2022-01-21,5호선,발산,20228,20678
2022-01-21,5호선,마곡,11087,11018
2022-01-21,5호선,송정,6660,6332
2022-01-21,5호선,김포공항,8002,7435
2022-01-21,5호선,개화산,5580,5274
2022-01-21,5호선,방화,6576,6422
2022-01-22,5호선,방화,4371,4279
2022-01-22,5호선,개화산,3462,3339
2022-01-22,5호선,김포공항,7052,7146
2022-01-22,5호선,송정,4825,4642
2022-01-22,5호선,마곡,5425,5380
2022-01-22,5호선,발산,12951,13443
2022-01-22,5호선,우장산,9554,9553
2022-01-22,5호선,화곡,19480,18178
2022-01-22,5호선,까치산,20608,19914
2022-01-22,5호선,신정,8868,7613
2022-01-22,5호선,목동,10996,11214
2022-01-22,5호선,오목교,15684,16097
2022-01-22,5호선,양평,3667,3621
2022-01-22,5호선,영등포구청,2025,1938
2022-01-22,5호선,영등포시장,7715,8162
2022-01-22,5호선,신길,2452,2716
2022-01-22,5호선,여의도,11224,11544
2022-01-22,5호선,여의나루,6439,7618
2022-01-22,5호선,마포,7365,7361
2022-01-22,5호선,공덕,6925,7075
2022-01-22,5호선,애오개,3532,3460
2022-01-22,5호선,충정로,1848,1779
2022-01-22,5호선,서대문,6958,6806
2022-01-22,5호선,광화문,13909,13941
2022-01-22,5호선,종로3가,11955,12108
2022-01-22,5호선,을지로4가,3426,3815
2022-01-22,5호선,동대문역사문화공원,1065,1392
2022-01-22,5호선,청구,2530,2286
2022-01-22,5호선,신금호,4011,4134
2022-01-22,5호선,행당,5300,4661
2022-01-22,5호선,왕십리,3405,4074
2022-01-22,5호선,마장,4202,4165
2022-01-22,5호선,답십리,9944,9143
2022-01-22,5호선,장한평,10934,10754
2022-01-22,5호선,군자,8329,9157
2022-01-22,5호선,아차산,12580,12014
2022-01-22,5호선,광나루,9018,8599
2022-01-22,5호선,천호,16292,15534
2022-01-22,5호선,강동,12429,11759
2022-01-22,5호선,길동,5801,6106
2022-01-22,5호선,굽은다리,6924,6562
2022-01-22,5호선,명일,6000,6051
2022-01-22,5호선,고덕,6052,6027
2022-01-22,5호선,상일동,9082,8401
2022-01-22,5호선,둔촌동,6108,6094
2022-01-22,5호선,올림픽공원,2764,2473
2022-01-22,5호선,방이,5053,5024
2022-01-22,5호선,오금,2166,2049
2022-01-22,5호선,개롱,3986,4293
2022-01-22,5호선,거여,5779,5517
2022-01-22,5호선,마천,4500,4667
2022-01-22,5호선,강일,2646,2548
2022-01-22,5호선,미사,11400,11377
2022-01-22,5호선,하남풍산,2578,2678
2022-01-22,5호선,하남시청,4971,4898
2022-01-22,5호선,하남검단산,4728,4687
2022-01-23,5호선,방화,3209,3353
2022-01-23,5호선,개화산,2521,2564
2022-01-23,5호선,김포공항,6367,6348
2022-01-23,5호선,송정,3521,3433
2022-01-23,5호선,마곡,3708,3763
2022-01-23,5호선,발산,8763,8943
2022-01-23,5호선,우장산,6331,6579
2022-01-23,5호선,화곡,13380,12625
2022-01-23,5호선,까치산,14801,14439
2022-01-23,5호선,신정,6028,5514
2022-01-23,5호선,목동,7069,7371
2022-01-23,5호선,오목교,10643,10967
2022-01-23,5호선,양평,2534,2628
2022-01-23,5호선,영등포구청,1333,1201
2022-01-23,5호선,영등포시장,5059,5167
2022-01-23,5호선,신길,1733,2002
2022-01-23,5호선,여의도,7591,7692
2022-01-23,5호선,여의나루,5762,6613
2022-01-23,5호선,마포,4567,4782
2022-01-23,5호선,공덕,4217,4343
2022-01-23,5호선,애오개,2468,2563
2022-01-23,5호선,충정로,1336,1372
2022-01-23,5호선,서대문,4801,4760
2022-01-23,5호선,광화문,9853,9814
2022-01-23,5호선,종로3가,8736,7680
2022-01-23,5호선,을지로4가,1519,1609
2022-01-23,5호선,동대문역사문화공원,695,828
2022-01-23,5호선,청구,1757,1519
2022-01-23,5호선,신금호,2863,3035
2022-01-23,5호선,행당,3576,3429
2022-01-23,5호선,왕십리,2311,2696
2022-01-23,5호선,마장,2933,2960
2022-01-23,5호선,답십리,7058,6596
2022-01-23,5호선,장한평,7302,7342
2022-01-23,5호선,군자,5907,6412
2022-01-23,5호선,아차산,10111,10018
2022-01-23,5호선,광나루,7271,7097
2022-01-23,5호선,천호,11805,11064
2022-01-23,5호선,강동,8398,8293
2022-01-23,5호선,길동,4034,4201
2022-01-23,5호선,굽은다리,5015,4606
2022-01-23,5호선,명일,4446,4593
2022-01-23,5호선,고덕,3993,3874
2022-01-23,5호선,상일동,6409,6286
2022-01-23,5호선,둔촌동,4317,4412
2022-01-23,5호선,올림픽공원,1987,1815
2022-01-23,5호선,방이,3787,3722
2022-01-23,5호선,오금,1437,1427
2022-01-23,5호선,개롱,2667,3058
2022-01-23,5호선,거여,4015,3929
2022-01-23,5호선,마천,3406,3641
2022-01-23,5호선,강일,1952,1871
2022-01-23,5호선,미사,8362,8277
2022-01-23,5호선,하남풍산,1970,2111
2022-01-23,5호선,하남시청,3623,3475
2022-01-23,5호선,하남검단산,4182,4193
2022-01-24,5호선,신정,13861,11199
2022-01-24,5호선,목동,16531,18257
2022-01-24,5호선,오목교,22030,23449
2022-01-24,5호선,양평,7723,7786
2022-01-24,5호선,영등포구청,4071,4266
2022-01-24,5호선,영등포시장,10073,10312
2022-01-24,5호선,신길,4115,4566
2022-01-24,5호선,여의도,29890,30836
2022-01-24,5호선,여의나루,9572,10712
2022-01-24,5호선,마포,14707,14985
2022-01-24,5호선,공덕,14091,14916
2022-01-24,5호선,애오개,6758,6832
2022-01-24,5호선,충정로,4878,4901
2022-01-24,5호선,서대문,19021,19398
2022-01-24,5호선,광화문,29031,29914
2022-01-24,5호선,종로3가,12075,11798
2022-01-24,5호선,을지로4가,6353,6488
2022-01-24,5호선,동대문역사문화공원,3146,3566
2022-01-24,5호선,청구,4061,3652
2022-01-24,5호선,신금호,6215,6540
2022-01-24,5호선,방화,6427,6176
2022-01-24,5호선,개화산,5552,5288
2022-01-24,5호선,김포공항,7115,6921
2022-01-24,5호선,송정,6544,6086
2022-01-24,5호선,마곡,11083,10908
2022-01-24,5호선,발산,20517,20751
2022-01-24,5호선,우장산,13919,13826
2022-01-24,5호선,화곡,28259,26524
2022-01-24,5호선,행당,7994,7229
2022-01-24,5호선,왕십리,4625,5012
2022-01-24,5호선,마장,5886,5500
2022-01-24,5호선,답십리,16044,14694
2022-01-24,5호선,장한평,18694,18503
2022-01-24,5호선,군자,10845,11882
2022-01-24,5호선,아차산,13347,12961
2022-01-24,5호선,광나루,12908,11788
2022-01-24,5호선,천호,17334,17470
2022-01-24,5호선,강동,18451,17814
2022-01-24,5호선,길동,8134,8447
2022-01-24,5호선,굽은다리,9399,9074
2022-01-24,5호선,명일,8524,8844
2022-01-24,5호선,고덕,9248,9492
2022-01-24,5호선,상일동,15501,14292
2022-01-24,5호선,둔촌동,8690,8563
2022-01-24,5호선,올림픽공원,4031,3595
2022-01-24,5호선,방이,7070,7256
2022-01-24,5호선,오금,3752,3698
2022-01-24,5호선,개롱,6292,6575
2022-01-24,5호선,거여,9293,8873
2022-01-24,5호선,마천,6857,6747
2022-01-24,5호선,강일,3918,3860
2022-01-24,5호선,미사,15806,15634
2022-01-24,5호선,하남풍산,4179,4124
2022-01-24,5호선,하남시청,6656,6438
2022-01-24,5호선,하남검단산,5291,5191
2022-01-24,5호선,까치산,28659,27512
2022-01-25,5호선,신금호,6280,6549
2022-01-25,5호선,청구,4044,3747
2022-01-25,5호선,동대문역사문화공원,3102,3633
2022-01-25,5호선,을지로4가,6258,6438
2022-01-25,5호선,종로3가,12117,11957
2022-01-25,5호선,광화문,29863,31260
2022-01-25,5호선,서대문,19339,19876
2022-01-25,5호선,충정로,4943,5018
2022-01-25,5호선,애오개,6998,7113
2022-01-25,5호선,공덕,14558,15271
2022-01-25,5호선,마포,15100,15385
2022-01-25,5호선,여의나루,8967,10037
2022-01-25,5호선,여의도,29956,31300
2022-01-25,5호선,신길,4234,4574
2022-01-25,5호선,영등포시장,10119,10385
2022-01-25,5호선,영등포구청,4048,4239
2022-01-25,5호선,양평,7831,7965
2022-01-25,5호선,오목교,22240,23709
2022-01-25,5호선,목동,17036,18376
2022-01-25,5호선,신정,13908,11228
2022-01-25,5호선,화곡,28389,26603
2022-01-25,5호선,우장산,14163,14199
2022-01-25,5호선,발산,20910,21088
2022-01-25,5호선,마곡,11093,11007
2022-01-25,5호선,송정,6540,6083
2022-01-25,5호선,김포공항,6947,6721
2022-01-25,5호선,개화산,5558,5283
2022-01-25,5호선,방화,6430,6273
2022-01-25,5호선,행당,8289,7374
2022-01-25,5호선,까치산,28773,27727
2022-01-25,5호선,하남검단산,5187,4973
2022-01-25,5호선,하남시청,6035,5984
2022-01-25,5호선,하남풍산,4152,4218
2022-01-25,5호선,미사,15704,15383
2022-01-25,5호선,강일,3783,3683
2022-01-25,5호선,마천,6858,6810
2022-01-25,5호선,거여,9440,8863
2022-01-25,5호선,개롱,6332,6619
2022-01-25,5호선,오금,3848,3837
2022-01-25,5호선,방이,7314,7523
2022-01-25,5호선,올림픽공원,4060,3436
2022-01-25,5호선,둔촌동,8590,8653
2022-01-25,5호선,상일동,15482,14184
2022-01-25,5호선,고덕,9194,9382
2022-01-25,5호선,명일,8616,8803
2022-01-25,5호선,굽은다리,9353,8825
2022-01-25,5호선,길동,8151,8420
2022-01-25,5호선,강동,18681,17960
2022-01-25,5호선,천호,17354,17381
2022-01-25,5호선,광나루,12715,11498
2022-01-25,5호선,아차산,13731,13544
2022-01-25,5호선,군자,10898,11927
2022-01-25,5호선,장한평,18625,18700
2022-01-25,5호선,답십리,16062,14725
2022-01-25,5호선,마장,5885,5522
2022-01-25,5호선,왕십리,4631,5099
2022-01-26,5호선,방화,6481,6279
2022-01-26,5호선,거여,9576,9026
2022-01-26,5호선,종로3가,12805,12335
2022-01-26,5호선,광화문,30422,31409
2022-01-26,5호선,서대문,19630,19908
2022-01-26,5호선,충정로,4800,4991
2022-01-26,5호선,애오개,7025,7033
2022-01-26,5호선,공덕,14385,15453
2022-01-26,5호선,마포,15281,15643
2022-01-26,5호선,여의나루,9350,10227
2022-01-26,5호선,여의도,30144,31140
2022-01-26,5호선,신길,4198,4519
2022-01-26,5호선,영등포시장,10175,10485
2022-01-26,5호선,영등포구청,4058,4193
2022-01-26,5호선,양평,7926,7851
2022-01-26,5호선,오목교,22743,24111
2022-01-26,5호선,목동,17249,18740
2022-01-26,5호선,신정,13904,11469
2022-01-26,5호선,까치산,29170,28177
2022-01-26,5호선,화곡,28442,26868
2022-01-26,5호선,우장산,14451,14358
2022-01-26,5호선,발산,21108,21592
2022-01-26,5호선,마곡,11527,11194
2022-01-26,5호선,송정,6688,6198
2022-01-26,5호선,김포공항,7107,6976
2022-01-26,5호선,마천,6947,6880
2022-01-26,5호선,개화산,5613,5511
2022-01-26,5호선,강일,3973,3852
2022-01-26,5호선,미사,16452,16168
2022-01-26,5호선,하남풍산,4129,4192
2022-01-26,5호선,하남시청,6451,6274
2022-01-26,5호선,하남검단산,5335,5130
2022-01-26,5호선,을지로4가,6474,6520
2022-01-26,5호선,동대문역사문화공원,3105,3570
2022-01-26,5호선,청구,4123,3768
2022-01-26,5호선,신금호,6299,6568
2022-01-26,5호선,행당,8434,7553
2022-01-26,5호선,왕십리,4858,5335
2022-01-26,5호선,마장,6134,5894
2022-01-26,5호선,답십리,16622,15236
2022-01-26,5호선,장한평,19089,19195
2022-01-26,5호선,군자,11430,12546
2022-01-26,5호선,아차산,14320,13910
2022-01-26,5호선,광나루,13238,11905
2022-01-26,5호선,천호,17954,17951
2022-01-26,5호선,강동,18645,18134
2022-01-26,5호선,길동,8328,8529
2022-01-26,5호선,굽은다리,9574,9202
2022-01-26,5호선,명일,8618,9109
2022-01-26,5호선,고덕,9508,9704
2022-01-26,5호선,상일동,15687,14479
2022-01-26,5호선,둔촌동,8747,8758
2022-01-26,5호선,올림픽공원,4215,3552
2022-01-26,5호선,방이,7359,7604
2022-01-26,5호선,오금,3788,3768
2022-01-26,5호선,개롱,6557,6784
2022-01-27,5호선,하남검단산,5313,5065
2022-01-27,5호선,하남시청,6140,6003
2022-01-27,5호선,하남풍산,4339,4345
2022-01-27,5호선,미사,16047,15731
2022-01-27,5호선,강일,3803,3660
2022-01-27,5호선,마천,6923,6818
2022-01-27,5호선,거여,9304,8877
2022-01-27,5호선,개롱,6438,6689
2022-01-27,5호선,오금,3633,3760
2022-01-27,5호선,방이,7226,7415
2022-01-27,5호선,올림픽공원,4049,3440
2022-01-27,5호선,둔촌동,8291,8361
2022-01-27,5호선,상일동,15180,13983
2022-01-27,5호선,고덕,9177,9538
2022-01-27,5호선,명일,8490,8704
2022-01-27,5호선,굽은다리,9447,9001
2022-01-27,5호선,길동,8175,8522
2022-01-27,5호선,강동,18528,17709
2022-01-27,5호선,천호,18005,17584
2022-01-27,5호선,광나루,13005,11828
2022-01-27,5호선,아차산,14340,14028
2022-01-27,5호선,군자,11282,12142
2022-01-27,5호선,장한평,18791,18564
2022-01-27,5호선,답십리,16216,14644
2022-01-27,5호선,마장,6033,5766
2022-01-27,5호선,왕십리,4640,5237
2022-01-27,5호선,행당,8205,7289
2022-01-27,5호선,신금호,6303,6608
2022-01-27,5호선,청구,4070,3679
2022-01-27,5호선,동대문역사문화공원,2947,3431
2022-01-27,5호선,을지로4가,6293,6407
2022-01-27,5호선,종로3가,12159,11888
2022-01-27,5호선,광화문,29342,30503
2022-01-27,5호선,서대문,19012,19603
2022-01-27,5호선,충정로,4776,4865
2022-01-27,5호선,애오개,6823,6888
2022-01-27,5호선,공덕,13955,14902
2022-01-27,5호선,마포,14958,15388
2022-01-27,5호선,여의나루,8840,9687
2022-01-27,5호선,여의도,29366,30343
2022-01-27,5호선,신길,4121,4474
2022-01-27,5호선,영등포시장,10092,10398
2022-01-27,5호선,영등포구청,3956,4073
2022-01-27,5호선,양평,7840,7840
2022-01-27,5호선,오목교,21851,23409
2022-01-27,5호선,목동,16770,18138
2022-01-27,5호선,신정,13774,11252
2022-01-27,5호선,까치산,28531,27354
2022-01-27,5호선,화곡,27855,25993
2022-01-27,5호선,우장산,14016,13942
2022-01-27,5호선,발산,20594,20495
2022-01-27,5호선,마곡,11230,10937
2022-01-27,5호선,송정,6541,6134
2022-01-27,5호선,김포공항,7183,7269
2022-01-27,5호선,개화산,5548,5386
2022-01-27,5호선,방화,6498,6187
2022-01-28,5호선,방화,6253,5928
2022-01-28,5호선,개화산,5540,5231
2022-01-28,5호선,김포공항,7902,8373
2022-01-28,5호선,송정,6474,6066
2022-01-28,5호선,마곡,10523,10346
2022-01-28,5호선,발산,19375,19974
2022-01-28,5호선,우장산,13988,13880
2022-01-28,5호선,화곡,28004,25777
2022-01-28,5호선,까치산,28575,26946
2022-01-28,5호선,신정,13583,10933
2022-01-28,5호선,목동,16508,17487
2022-01-28,5호선,오목교,22373,24081
2022-01-28,5호선,양평,7629,7305
2022-01-28,5호선,영등포구청,3849,3845
2022-01-28,5호선,영등포시장,10302,10466
2022-01-28,5호선,신길,4120,4230
2022-01-28,5호선,여의도,27839,28850
2022-01-28,5호선,여의나루,8500,9086
2022-01-28,5호선,마포,13985,14222
2022-01-28,5호선,공덕,13395,14131
2022-01-28,5호선,애오개,6661,6500
2022-01-28,5호선,충정로,4549,4599
2022-01-28,5호선,서대문,18199,18228
2022-01-28,5호선,광화문,27367,28052
2022-01-28,5호선,종로3가,12437,12203
2022-01-28,5호선,을지로4가,5894,6072
2022-01-28,5호선,동대문역사문화공원,2681,3155
2022-01-28,5호선,청구,3978,3527
2022-01-28,5호선,신금호,6243,6416
2022-01-28,5호선,행당,7980,6999
2022-01-28,5호선,왕십리,4672,5383
2022-01-28,5호선,마장,6019,5770
2022-01-28,5호선,답십리,15605,14237
2022-01-28,5호선,장한평,18160,17912
2022-01-28,5호선,군자,11132,11848
2022-01-28,5호선,아차산,13637,13166
2022-01-28,5호선,광나루,12503,11198
2022-01-28,5호선,천호,18597,18302
2022-01-28,5호선,강동,18233,16969
2022-01-28,5호선,길동,8131,8569
2022-01-28,5호선,굽은다리,9508,9046
2022-01-28,5호선,명일,8297,8771
2022-01-28,5호선,고덕,9188,9305
2022-01-28,5호선,상일동,14891,13553
2022-01-28,5호선,둔촌동,8260,8203
2022-01-28,5호선,올림픽공원,4099,3638
2022-01-28,5호선,방이,7121,7402
2022-01-28,5호선,오금,3524,3530
2022-01-28,5호선,개롱,6234,6498
2022-01-28,5호선,거여,9109,8344
2022-01-28,5호선,마천,6684,6606
2022-01-28,5호선,강일,3760,3529
2022-01-28,5호선,미사,15477,15337
2022-01-28,5호선,하남풍산,4045,4192
2022-01-28,5호선,하남시청,6326,6202
2022-01-28,5호선,하남검단산,5307,5176
2022-01-29,5호선,하남검단산,4483,4502
2022-01-29,5호선,하남시청,4946,4884
2022-01-29,5호선,하남풍산,2306,2469
2022-01-29,5호선,미사,9811,9351
2022-01-29,5호선,강일,2286,2193
2022-01-29,5호선,마천,4065,4303
2022-01-29,5호선,거여,4862,4636
2022-01-29,5호선,개롱,3430,3661
2022-01-29,5호선,오금,1631,1623
2022-01-29,5호선,방이,4149,4188
2022-01-29,5호선,올림픽공원,2315,2115
2022-01-29,5호선,둔촌동,4982,4909
2022-01-29,5호선,상일동,7650,7117
2022-01-29,5호선,고덕,5180,5015
2022-01-29,5호선,명일,5115,5152
2022-01-29,5호선,굽은다리,5910,5507
2022-01-29,5호선,길동,5225,5392
2022-01-29,5호선,강동,9719,8979
2022-01-29,5호선,천호,13966,12949
2022-01-29,5호선,광나루,7683,7377
2022-01-29,5호선,아차산,9845,9164
2022-01-29,5호선,군자,6698,6961
2022-01-29,5호선,장한평,9010,8624
2022-01-29,5호선,답십리,8276,7451
2022-01-29,5호선,마장,4039,3898
2022-01-29,5호선,왕십리,2838,3258
2022-01-29,5호선,행당,4381,3808
2022-01-29,5호선,신금호,3447,3472
2022-01-29,5호선,청구,2100,1960
2022-01-29,5호선,동대문역사문화공원,780,1023
2022-01-29,5호선,을지로4가,2374,2672
2022-01-29,5호선,종로3가,9268,9004
2022-01-29,5호선,광화문,10700,10856
2022-01-29,5호선,서대문,5326,4891
2022-01-29,5호선,충정로,1419,1275
2022-01-29,5호선,애오개,2943,2705
2022-01-29,5호선,공덕,5290,5367
2022-01-29,5호선,마포,5656,5676
2022-01-29,5호선,여의나루,4129,5227
2022-01-29,5호선,여의도,8238,8467
2022-01-29,5호선,신길,1968,1861
2022-01-29,5호선,영등포시장,5998,5870
2022-01-29,5호선,영등포구청,1624,1518
2022-01-29,5호선,양평,3001,2607
2022-01-29,5호선,오목교,12902,13288
2022-01-29,5호선,목동,9018,9063
2022-01-29,5호선,신정,7348,6282
2022-01-29,5호선,까치산,17926,16561
2022-01-29,5호선,화곡,16770,15023
2022-01-29,5호선,우장산,8409,8325
2022-01-29,5호선,발산,9932,10233
2022-01-29,5호선,마곡,4469,4455
2022-01-29,5호선,송정,4232,4056
2022-01-29,5호선,김포공항,6407,7577
2022-01-29,5호선,개화산,3123,3043
2022-01-29,5호선,방화,3821,3668
2022-01-30,5호선,하남검단산,3668,3812
2022-01-30,5호선,하남시청,3389,3248
2022-01-30,5호선,하남풍산,1726,1850
2022-01-30,5호선,미사,7080,6865
2022-01-30,5호선,강일,1638,1621
2022-01-30,5호선,마천,3007,3213
2022-01-30,5호선,거여,3522,3229
2022-01-30,5호선,개롱,2440,2597
2022-01-30,5호선,오금,1182,1137
2022-01-30,5호선,방이,3003,2919
2022-01-30,5호선,올림픽공원,1631,1521
2022-01-30,5호선,둔촌동,3830,3685
2022-01-30,5호선,상일동,5469,5089
2022-01-30,5호선,고덕,3464,3358
2022-01-30,5호선,명일,3739,3808
2022-01-30,5호선,굽은다리,4319,3940
2022-01-30,5호선,길동,3637,3752
2022-01-30,5호선,강동,6686,6326
2022-01-30,5호선,천호,10244,9690
2022-01-30,5호선,광나루,5486,5367
2022-01-30,5호선,아차산,7584,7346
2022-01-30,5호선,군자,4653,4625
2022-01-30,5호선,장한평,6128,5870
2022-01-30,5호선,답십리,5978,5368
2022-01-30,5호선,마장,2801,2787
2022-01-30,5호선,왕십리,1933,2324
2022-01-30,5호선,행당,3262,2780
2022-01-30,5호선,신금호,2440,2498
2022-01-30,5호선,청구,1490,1347
2022-01-30,5호선,동대문역사문화공원,607,740
2022-01-30,5호선,을지로4가,1292,1404
2022-01-30,5호선,종로3가,6473,6262
2022-01-30,5호선,광화문,8764,8495
2022-01-30,5호선,서대문,3880,3790
2022-01-30,5호선,충정로,1055,1000
2022-01-30,5호선,애오개,2063,2035
2022-01-30,5호선,공덕,3612,3478
2022-01-30,5호선,마포,3878,3774
2022-01-30,5호선,여의나루,4128,5013
2022-01-30,5호선,여의도,6077,5945
2022-01-30,5호선,신길,1291,1228
2022-01-30,5호선,영등포시장,3968,3860
2022-01-30,5호선,영등포구청,1053,971
2022-01-30,5호선,양평,2045,1879
2022-01-30,5호선,오목교,9126,9369
2022-01-30,5호선,목동,6097,6118
2022-01-30,5호선,신정,5293,4595
2022-01-30,5호선,까치산,13174,12176
2022-01-30,5호선,화곡,11712,10492
2022-01-30,5호선,우장산,5963,5990
2022-01-30,5호선,발산,6786,6837
2022-01-30,5호선,마곡,2952,2859
2022-01-30,5호선,송정,3110,2998
2022-01-30,5호선,김포공항,5773,6612
2022-01-30,5호선,개화산,2315,2337
2022-01-30,5호선,방화,3043,2868
2022-01-31,5호선,하남검단산,2886,3006
2022-01-31,5호선,하남시청,2757,2747
2022-01-31,5호선,하남풍산,1411,1478
2022-01-31,5호선,미사,5537,5132
2022-01-31,5호선,강일,1327,1353
2022-01-31,5호선,마천,2291,2414
2022-01-31,5호선,거여,2416,2384
2022-01-31,5호선,개롱,1717,1928
2022-01-31,5호선,오금,876,874
2022-01-31,5호선,방이,1951,1894
2022-01-31,5호선,올림픽공원,1276,1086
2022-01-31,5호선,둔촌동,2685,2677
2022-01-31,5호선,상일동,4096,3977
2022-01-31,5호선,고덕,2637,2749
2022-01-31,5호선,명일,2611,2647
2022-01-31,5호선,굽은다리,3311,3101
2022-01-31,5호선,길동,2899,3053
2022-01-31,5호선,강동,5237,5053
2022-01-31,5호선,천호,6779,6302
2022-01-31,5호선,광나루,4164,4135
2022-01-31,5호선,아차산,5705,5458
2022-01-31,5호선,군자,3429,3648
2022-01-31,5호선,장한평,4479,4246
2022-01-31,5호선,답십리,4445,4218
2022-01-31,5호선,마장,1906,1889
2022-01-31,5호선,왕십리,1499,1792
2022-01-31,5호선,행당,2322,2028
2022-01-31,5호선,신금호,1914,2092
2022-01-31,5호선,청구,1136,1017
2022-01-31,5호선,동대문역사문화공원,508,583
2022-01-31,5호선,을지로4가,941,1072
2022-01-31,5호선,종로3가,5353,4837
2022-01-31,5호선,광화문,6564,6356
2022-01-31,5호선,서대문,2794,2677
2022-01-31,5호선,충정로,777,699
2022-01-31,5호선,애오개,1559,1537
2022-01-31,5호선,공덕,2706,2639
2022-01-31,5호선,마포,2979,2893
2022-01-31,5호선,여의나루,2238,2349
2022-01-31,5호선,여의도,3482,3660
2022-01-31,5호선,신길,1010,1005
2022-01-31,5호선,영등포시장,2684,2519
2022-01-31,5호선,영등포구청,802,745
2022-01-31,5호선,양평,1610,1473
2022-01-31,5호선,오목교,5876,6013
2022-01-31,5호선,목동,4734,4904
2022-01-31,5호선,신정,4022,3662
2022-01-31,5호선,까치산,10409,10039
2022-01-31,5호선,화곡,9082,8512
2022-01-31,5호선,우장산,4442,4678
2022-01-31,5호선,발산,5528,5446
2022-01-31,5호선,마곡,2217,2169
2022-01-31,5호선,송정,2537,2541
2022-01-31,5호선,김포공항,5070,5278
2022-01-31,5호선,개화산,1914,2030
2022-01-31,5호선,방화,2371,2357
2022-02-01,5호선,화곡,8399,8782
2022-02-01,5호선,하남검단산,2724,2538
2022-02-01,5호선,하남시청,2455,2400
2022-02-01,5호선,하남풍산,1113,1074
2022-02-01,5호선,미사,4681,5122
2022-02-01,5호선,강일,1166,1235
2022-02-01,5호선,마천,2114,2303
2022-02-01,5호선,거여,2410,2379
2022-02-01,5호선,개롱,1514,1682
2022-02-01,5호선,오금,807,790
2022-02-01,5호선,방이,1634,1657
2022-02-01,5호선,올림픽공원,1043,940
2022-02-01,5호선,둔촌동,2011,2127
2022-02-01,5호선,상일동,3804,3470
2022-02-01,5호선,고덕,2097,2146
2022-02-01,5호선,명일,2253,2212
2022-02-01,5호선,굽은다리,3068,3055
2022-02-01,5호선,길동,2197,2419
2022-02-01,5호선,강동,4941,5373
2022-02-01,5호선,천호,5469,5461
2022-02-01,5호선,광나루,3779,3373
2022-02-01,5호선,아차산,5092,5134
2022-02-01,5호선,군자,3249,3901
2022-02-01,5호선,장한평,3985,4332
2022-02-01,5호선,답십리,4426,4588
2022-02-01,5호선,마장,1650,1627
2022-02-01,5호선,왕십리,1441,1611
2022-02-01,5호선,행당,2461,2231
2022-02-01,5호선,신금호,1993,2082
2022-02-01,5호선,청구,1167,1110
2022-02-01,5호선,동대문역사문화공원,356,486
2022-02-01,5호선,을지로4가,515,546
2022-02-01,5호선,종로3가,4344,4035
2022-02-01,5호선,광화문,5385,5269
2022-02-01,5호선,서대문,2653,2592
2022-02-01,5호선,충정로,766,776
2022-02-01,5호선,애오개,1479,1547
2022-02-01,5호선,공덕,2180,2417
2022-02-01,5호선,마포,2474,2567
2022-02-01,5호선,여의나루,1648,1642
2022-02-01,5호선,여의도,2719,2862
2022-02-01,5호선,신길,936,1238
2022-02-01,5호선,영등포시장,2202,2577
2022-02-01,5호선,영등포구청,683,784
2022-02-01,5호선,양평,1373,1659
2022-02-01,5호선,오목교,4431,4684
2022-02-01,5호선,목동,4353,4742
2022-02-01,5호선,신정,3872,3937
2022-02-01,5호선,까치산,9383,10525
2022-02-01,5호선,우장산,3528,3899
2022-02-01,5호선,발산,4058,4182
2022-02-01,5호선,마곡,1770,1939
2022-02-01,5호선,송정,2405,2443
2022-02-01,5호선,김포공항,6351,5457
2022-02-01,5호선,개화산,1906,1944
2022-02-01,5호선,방화,2417,2316
2022-02-02,5호선,방화,2624,2772
2022-02-02,5호선,개화산,2252,2323
2022-02-02,5호선,김포공항,8198,6204
2022-02-02,5호선,송정,2905,3058
2022-02-02,5호선,마곡,2603,2772
2022-02-02,5호선,발산,6794,7196
2022-02-02,5호선,우장산,4931,5253
2022-02-02,5호선,화곡,10462,10622
2022-02-02,5호선,까치산,11426,12393
2022-02-02,5호선,신정,4749,4595
2022-02-02,5호선,목동,5511,5875
2022-02-02,5호선,오목교,8885,9109
2022-02-02,5호선,양평,1711,2125
2022-02-02,5호선,영등포구청,972,1051
2022-02-02,5호선,영등포시장,3418,3916
2022-02-02,5호선,신길,1184,1734
2022-02-02,5호선,여의도,6654,6513
2022-02-02,5호선,여의나루,3538,4519
2022-02-02,5호선,마포,3511,3837
2022-02-02,5호선,공덕,3247,3464
2022-02-02,5호선,애오개,1785,2026
2022-02-02,5호선,충정로,902,1034
2022-02-02,5호선,서대문,3352,3512
2022-02-02,5호선,광화문,9018,8784
2022-02-02,5호선,종로3가,6780,6246
2022-02-02,5호선,을지로4가,940,1005
2022-02-02,5호선,동대문역사문화공원,541,646
2022-02-02,5호선,청구,1336,1316
2022-02-02,5호선,신금호,2187,2482
2022-02-02,5호선,행당,2890,2610
2022-02-02,5호선,왕십리,1818,2200
2022-02-02,5호선,마장,1824,1857
2022-02-02,5호선,답십리,5233,5436
2022-02-02,5호선,장한평,5570,6189
2022-02-02,5호선,군자,4335,5197
2022-02-02,5호선,아차산,6872,6839
2022-02-02,5호선,광나루,5168,4969
2022-02-02,5호선,천호,9386,9039
2022-02-02,5호선,강동,6265,6816
2022-02-02,5호선,길동,2950,3322
2022-02-02,5호선,굽은다리,3986,3896
2022-02-02,5호선,명일,3137,3205
2022-02-02,5호선,고덕,3205,3222
2022-02-02,5호선,상일동,4831,4629
2022-02-02,5호선,둔촌동,2914,3072
2022-02-02,5호선,올림픽공원,1488,1302
2022-02-02,5호선,하남검단산,3519,3407
2022-02-02,5호선,하남시청,3081,2922
2022-02-02,5호선,하남풍산,1695,1681
2022-02-02,5호선,미사,6507,7061
2022-02-02,5호선,방이,2364,2292
2022-02-02,5호선,오금,1029,1045
2022-02-02,5호선,개롱,2109,2273
2022-02-02,5호선,거여,2909,2940
2022-02-02,5호선,마천,2638,2777
2022-02-02,5호선,강일,1564,1536
2022-02-03,5호선,서대문,16538,16562
2022-02-03,5호선,광화문,25501,26198
2022-02-03,5호선,종로3가,10324,10135
2022-02-03,5호선,을지로4가,5231,5306
2022-02-03,5호선,동대문역사문화공원,2532,2901
2022-02-03,5호선,청구,3514,3362
2022-02-03,5호선,신금호,5864,6211
2022-02-03,5호선,행당,6960,6471
2022-02-03,5호선,왕십리,4117,4550
2022-02-03,5호선,마장,4760,4439
2022-02-03,5호선,답십리,14265,13429
2022-02-03,5호선,장한평,16874,17094
2022-02-03,5호선,군자,9750,10777
2022-02-03,5호선,아차산,12650,12472
2022-02-03,5호선,광나루,11469,10491
2022-02-03,5호선,천호,15763,15754
2022-02-03,5호선,강동,16379,15953
2022-02-03,5호선,길동,7265,7679
2022-02-03,5호선,굽은다리,8492,8127
2022-02-03,5호선,명일,7655,7922
2022-02-03,5호선,고덕,8399,8506
2022-02-03,5호선,상일동,13619,12918
2022-02-03,5호선,둔촌동,7453,7526
2022-02-03,5호선,올림픽공원,3590,3102
2022-02-03,5호선,방이,6365,6693
2022-02-03,5호선,오금,3223,3232
2022-02-03,5호선,하남검단산,4903,4820
2022-02-03,5호선,하남시청,5792,5622
2022-02-03,5호선,하남풍산,3792,3774
2022-02-03,5호선,미사,14245,14563
2022-02-03,5호선,강일,3393,3387
2022-02-03,5호선,마천,6198,6200
2022-02-03,5호선,거여,8409,8034
2022-02-03,5호선,개롱,5756,6096
2022-02-03,5호선,충정로,4185,4272
2022-02-03,5호선,애오개,5859,6022
2022-02-03,5호선,공덕,11630,12187
2022-02-03,5호선,마포,12514,12782
2022-02-03,5호선,여의나루,5915,7118
2022-02-03,5호선,여의도,26015,26363
2022-02-03,5호선,신길,3541,3979
2022-02-03,5호선,영등포시장,9093,9464
2022-02-03,5호선,영등포구청,3554,3559
2022-02-03,5호선,양평,6694,6855
2022-02-03,5호선,오목교,19435,20724
2022-02-03,5호선,신정,12266,10210
2022-02-03,5호선,까치산,25653,25313
2022-02-03,5호선,화곡,25338,24208
2022-02-03,5호선,우장산,12912,12766
2022-02-03,5호선,발산,17524,18000
2022-02-03,5호선,마곡,9389,9308
2022-02-03,5호선,송정,5715,5608
2022-02-03,5호선,김포공항,7209,6567
2022-02-03,5호선,개화산,5054,4842
2022-02-03,5호선,방화,5875,5713
2022-02-03,5호선,목동,14980,16466
2022-02-04,5호선,하남검단산,5070,4930
2022-02-04,5호선,하남시청,6104,5984
2022-02-04,5호선,하남풍산,3914,3946
2022-02-04,5호선,미사,14631,14854
2022-02-04,5호선,강일,3708,3536
2022-02-04,5호선,마천,6414,6328
2022-02-04,5호선,거여,8740,8338
2022-02-04,5호선,개롱,6009,6221
2022-02-04,5호선,오금,3376,3340
2022-02-04,5호선,방이,6724,7024
2022-02-04,5호선,올림픽공원,3861,3299
2022-02-04,5호선,둔촌동,7821,7998
2022-02-04,5호선,상일동,14305,13379
2022-02-04,5호선,고덕,8949,8894
2022-02-04,5호선,명일,8245,8564
2022-02-04,5호선,굽은다리,9025,8553
2022-02-04,5호선,길동,7717,8329
2022-02-04,5호선,강동,17512,16786
2022-02-04,5호선,천호,17122,16896
2022-02-04,5호선,광나루,12088,10909
2022-02-04,5호선,아차산,13568,13244
2022-02-04,5호선,군자,10621,11744
2022-02-04,5호선,장한평,18017,18158
2022-02-04,5호선,답십리,15239,14002
2022-02-04,5호선,마장,5123,4799
2022-02-04,5호선,왕십리,4370,4904
2022-02-04,5호선,행당,7670,6861
2022-02-04,5호선,신금호,6077,6342
2022-02-04,5호선,청구,3840,3459
2022-02-04,5호선,동대문역사문화공원,2687,3071
2022-02-04,5호선,을지로4가,5429,5561
2022-02-04,5호선,종로3가,11420,11316
2022-02-04,5호선,광화문,26588,27418
2022-02-04,5호선,서대문,18034,18055
2022-02-04,5호선,충정로,4306,4379
2022-02-04,5호선,애오개,6332,6526
2022-02-04,5호선,공덕,12447,13411
2022-02-04,5호선,마포,13266,13783
2022-02-04,5호선,여의나루,6781,7992
2022-02-04,5호선,여의도,26911,27701
2022-02-04,5호선,신길,3774,4258
2022-02-04,5호선,영등포시장,9633,9886
2022-02-04,5호선,영등포구청,3684,3705
2022-02-04,5호선,양평,7160,7091
2022-02-04,5호선,오목교,20782,22298
2022-02-04,5호선,목동,15683,16997
2022-02-04,5호선,신정,12814,10543
2022-02-04,5호선,까치산,27013,26324
2022-02-04,5호선,화곡,26675,25222
2022-02-04,5호선,우장산,13179,13126
2022-02-04,5호선,발산,18262,18788
2022-02-04,5호선,마곡,9987,9742
2022-02-04,5호선,송정,6076,5846
2022-02-04,5호선,김포공항,7462,6617
2022-02-04,5호선,개화산,5172,5015
2022-02-04,5호선,방화,6130,5947
2022-02-05,5호선,방화,3757,3665
2022-02-05,5호선,개화산,3268,3206
2022-02-05,5호선,김포공항,6424,6068
2022-02-05,5호선,송정,4197,4168
2022-02-05,5호선,마곡,4770,4855
2022-02-05,5호선,발산,10790,11103
2022-02-05,5호선,우장산,8179,8214
2022-02-05,5호선,화곡,16893,15811
2022-02-05,5호선,까치산,17786,17616
2022-02-05,5호선,신정,7517,6534
2022-02-05,5호선,목동,9422,9610
2022-02-05,5호선,오목교,13197,13347
2022-02-05,5호선,양평,3095,3080
2022-02-05,5호선,영등포구청,1627,1552
2022-02-05,5호선,영등포시장,6220,6550
2022-02-05,5호선,신길,2195,2378
2022-02-05,5호선,여의도,9882,10017
2022-02-05,5호선,여의나루,4086,5471
2022-02-05,5호선,마포,6174,6221
2022-02-05,5호선,공덕,5743,6116
2022-02-05,5호선,애오개,3045,3102
2022-02-05,5호선,충정로,1544,1531
2022-02-05,5호선,서대문,5795,5399
2022-02-05,5호선,광화문,11626,11752
2022-02-05,5호선,종로3가,9830,9524
2022-02-05,5호선,을지로4가,2649,2843
2022-02-05,5호선,동대문역사문화공원,855,1136
2022-02-05,5호선,청구,2176,1980
2022-02-05,5호선,신금호,3465,3660
2022-02-05,5호선,행당,4418,3836
2022-02-05,5호선,왕십리,3133,3641
2022-02-05,5호선,마장,3146,3047
2022-02-05,5호선,답십리,8616,8181
2022-02-05,5호선,장한평,9604,9928
2022-02-05,5호선,군자,7143,7870
2022-02-05,5호선,아차산,9850,9502
2022-02-05,5호선,광나루,8347,7786
2022-02-05,5호선,천호,14128,13356
2022-02-05,5호선,강동,10814,10409
2022-02-05,5호선,길동,5119,5315
2022-02-05,5호선,굽은다리,5799,5579
2022-02-05,5호선,명일,5497,5487
2022-02-05,5호선,고덕,5237,5174
2022-02-05,5호선,상일동,7701,7445
2022-02-05,5호선,둔촌동,4984,5073
2022-02-05,5호선,올림픽공원,2284,2003
2022-02-05,5호선,방이,4548,4331
2022-02-05,5호선,오금,1768,1701
2022-02-05,5호선,개롱,3462,3716
2022-02-05,5호선,거여,4910,4788
2022-02-05,5호선,마천,3947,4010
2022-02-05,5호선,강일,2295,2166
2022-02-05,5호선,미사,9922,9819
2022-02-05,5호선,하남풍산,2322,2368
2022-02-05,5호선,하남시청,4302,4225
2022-02-05,5호선,하남검단산,4040,4154
2022-02-06,5호선,하남검단산,3546,3593
2022-02-06,5호선,하남시청,3190,3192
2022-02-06,5호선,하남풍산,1741,1840
2022-02-06,5호선,미사,7152,7089
2022-02-06,5호선,강일,1685,1562
2022-02-06,5호선,마천,2944,3228
2022-02-06,5호선,거여,3592,3488
2022-02-06,5호선,개롱,2456,2685
2022-02-06,5호선,오금,1228,1224
2022-02-06,5호선,방이,3276,3221
2022-02-06,5호선,올림픽공원,1737,1565
2022-02-06,5호선,둔촌동,3816,3919
2022-02-06,5호선,상일동,5245,5273
2022-02-06,5호선,고덕,3465,3528
2022-02-06,5호선,명일,3938,4052
2022-02-06,5호선,굽은다리,4382,4143
2022-02-06,5호선,길동,3574,3663
2022-02-06,5호선,강동,7474,7414
2022-02-06,5호선,천호,10425,9697
2022-02-06,5호선,광나루,6489,6311
2022-02-06,5호선,아차산,8004,7806
2022-02-06,5호선,군자,5028,5683
2022-02-06,5호선,장한평,6709,6765
2022-02-06,5호선,답십리,6128,5907
2022-02-06,5호선,마장,2368,2286
2022-02-06,5호선,왕십리,2062,2363
2022-02-06,5호선,행당,3297,3107
2022-02-06,5호선,신금호,2462,2757
2022-02-06,5호선,청구,1467,1394
2022-02-06,5호선,동대문역사문화공원,631,690
2022-02-06,5호선,을지로4가,1250,1280
2022-02-06,5호선,종로3가,6399,5845
2022-02-06,5호선,광화문,8435,8065
2022-02-06,5호선,서대문,4169,4031
2022-02-06,5호선,충정로,1202,1235
2022-02-06,5호선,애오개,2134,2247
2022-02-06,5호선,공덕,3652,3695
2022-02-06,5호선,마포,3920,4101
2022-02-06,5호선,여의나루,4124,5005
2022-02-06,5호선,여의도,6681,6605
2022-02-06,5호선,신길,1590,1749
2022-02-06,5호선,영등포시장,4029,4307
2022-02-06,5호선,영등포구청,1159,1129
2022-02-06,5호선,양평,2190,2358
2022-02-06,5호선,오목교,9388,9663
2022-02-06,5호선,목동,6356,6645
2022-02-06,5호선,신정,5326,4824
2022-02-06,5호선,까치산,12933,12676
2022-02-06,5호선,화곡,11766,11366
2022-02-06,5호선,우장산,5687,5913
2022-02-06,5호선,발산,7515,7517
2022-02-06,5호선,마곡,3165,3314
2022-02-06,5호선,송정,2993,3010
2022-02-06,5호선,김포공항,6228,5752
2022-02-06,5호선,개화산,2240,2250
2022-02-06,5호선,방화,3008,3120
2022-02-07,5호선,방화,6237,5942
2022-02-07,5호선,개화산,5487,5296
2022-02-07,5호선,김포공항,6660,6379
2022-02-07,5호선,송정,6219,5840
2022-02-07,5호선,마곡,10952,10576
2022-02-07,5호선,발산,19524,19689
2022-02-07,5호선,우장산,13536,13552
2022-02-07,5호선,화곡,27092,25515
2022-02-07,5호선,까치산,27457,26765
2022-02-07,5호선,신정,13250,10881
2022-02-07,5호선,목동,16068,17489
2022-02-07,5호선,오목교,20476,21789
2022-02-07,5호선,양평,7407,7500
2022-02-07,5호선,영등포구청,3871,3885
2022-02-07,5호선,영등포시장,9601,9883
2022-02-07,5호선,신길,3936,4406
2022-02-07,5호선,여의도,27893,28840
2022-02-07,5호선,여의나루,8055,8939
2022-02-07,5호선,마포,14037,14279
2022-02-07,5호선,공덕,13428,13982
2022-02-07,5호선,애오개,6662,6693
2022-02-07,5호선,충정로,4696,4720
2022-02-07,5호선,서대문,18596,19024
2022-02-07,5호선,광화문,27551,28413
2022-02-07,5호선,종로3가,10775,10673
2022-02-07,5호선,을지로4가,5878,5951
2022-02-07,5호선,동대문역사문화공원,2960,3386
2022-02-07,5호선,청구,3879,3430
2022-02-07,5호선,신금호,6215,6510
2022-02-07,5호선,행당,7652,7130
2022-02-07,5호선,왕십리,4241,4589
2022-02-07,5호선,마장,5264,4920
2022-02-07,5호선,답십리,15489,14292
2022-02-07,5호선,장한평,17852,17756
2022-02-07,5호선,군자,10536,11459
2022-02-07,5호선,아차산,13271,13072
2022-02-07,5호선,광나루,12184,11053
2022-02-07,5호선,천호,16293,16313
2022-02-07,5호선,강동,17775,17205
2022-02-07,5호선,길동,7622,8022
2022-02-07,5호선,굽은다리,9042,8531
2022-02-07,5호선,명일,8012,8470
2022-02-07,5호선,고덕,9185,9375
2022-02-07,5호선,상일동,14644,13499
2022-02-07,5호선,둔촌동,8013,8146
2022-02-07,5호선,올림픽공원,3832,3301
2022-02-07,5호선,방이,6772,7172
2022-02-07,5호선,오금,3518,3433
2022-02-07,5호선,개롱,6051,6394
2022-02-07,5호선,거여,8957,8535
2022-02-07,5호선,마천,6560,6504
2022-02-07,5호선,강일,3717,3746
2022-02-07,5호선,미사,14856,14652
2022-02-07,5호선,하남풍산,3999,4008
2022-02-07,5호선,하남시청,5924,5808
2022-02-07,5호선,하남검단산,4982,4847
2022-02-08,5호선,장한평,17948,17988
2022-02-08,5호선,답십리,15557,14344
2022-02-08,5호선,마장,5335,4957
2022-02-08,5호선,왕십리,4241,4706
2022-02-08,5호선,행당,7796,7152
2022-02-08,5호선,신금호,6119,6449
2022-02-08,5호선,청구,4018,3519
2022-02-08,5호선,동대문역사문화공원,2870,3259
2022-02-08,5호선,을지로4가,6105,6009
2022-02-08,5호선,종로3가,10986,10945
2022-02-08,5호선,광화문,27773,28875
2022-02-08,5호선,서대문,18834,18898
2022-02-08,5호선,충정로,4725,4851
2022-02-08,5호선,애오개,6761,6758
2022-02-08,5호선,공덕,13672,14219
2022-02-08,5호선,마포,14166,14426
2022-02-08,5호선,여의나루,8275,8909
2022-02-08,5호선,여의도,28222,29139
2022-02-08,5호선,신길,4022,4388
2022-02-08,5호선,영등포시장,9791,10049
2022-02-08,5호선,영등포구청,3941,4072
2022-02-08,5호선,양평,7409,7413
2022-02-08,5호선,오목교,20453,21844
2022-02-08,5호선,목동,16275,17718
2022-02-08,5호선,신정,13527,11066
2022-02-08,5호선,까치산,27614,26936
2022-02-08,5호선,화곡,27348,25838
2022-02-08,5호선,우장산,13849,13778
2022-02-08,5호선,발산,19702,19706
2022-02-08,5호선,마곡,10880,10707
2022-02-08,5호선,송정,6201,5906
2022-02-08,5호선,김포공항,6661,6392
2022-02-08,5호선,개화산,5392,5246
2022-02-08,5호선,방화,6214,6045
2022-02-08,5호선,하남검단산,5170,4906
2022-02-08,5호선,하남시청,6066,5970
2022-02-08,5호선,하남풍산,4137,4085
2022-02-08,5호선,미사,14954,15028
2022-02-08,5호선,강일,3754,3670
2022-02-08,5호선,마천,6633,6501
2022-02-08,5호선,거여,8914,8562
2022-02-08,5호선,개롱,6021,6264
2022-02-08,5호선,오금,3683,3570
2022-02-08,5호선,방이,6873,7096
2022-02-08,5호선,올림픽공원,3893,3375
2022-02-08,5호선,둔촌동,8295,8412
2022-02-08,5호선,상일동,14635,13612
2022-02-08,5호선,고덕,9007,9167
2022-02-08,5호선,명일,8101,8437
2022-02-08,5호선,굽은다리,8863,8450
2022-02-08,5호선,길동,7796,8140
2022-02-08,5호선,강동,17967,17348
2022-02-08,5호선,천호,16874,16687
2022-02-08,5호선,광나루,12443,11446
2022-02-08,5호선,아차산,13645,13390
2022-02-08,5호선,군자,10592,11475
2022-02-09,5호선,방화,6202,5904
2022-02-09,5호선,개화산,5556,5263
2022-02-09,5호선,김포공항,6767,6367
2022-02-09,5호선,송정,6325,5958
2022-02-09,5호선,마곡,10855,10722
2022-02-09,5호선,발산,19586,19613
2022-02-09,5호선,우장산,13569,13688
2022-02-09,5호선,화곡,27272,25597
2022-02-09,5호선,까치산,27809,27100
2022-02-09,5호선,신정,13616,11229
2022-02-09,5호선,목동,16206,17624
2022-02-09,5호선,오목교,20573,22000
2022-02-09,5호선,양평,7542,7501
2022-02-09,5호선,영등포구청,3904,3951
2022-02-09,5호선,영등포시장,9745,9915
2022-02-09,5호선,신길,4006,4369
2022-02-09,5호선,여의도,28006,28668
2022-02-09,5호선,여의나루,8367,8996
2022-02-09,5호선,마포,14238,14506
2022-02-09,5호선,공덕,13443,14366
2022-02-09,5호선,애오개,6672,6885
2022-02-09,5호선,충정로,4765,4885
2022-02-09,5호선,서대문,18655,18176
2022-02-09,5호선,광화문,27844,27525
2022-02-09,5호선,종로3가,11307,11069
2022-02-09,5호선,을지로4가,6067,5633
2022-02-09,5호선,동대문역사문화공원,2783,3152
2022-02-09,5호선,청구,4018,3673
2022-02-09,5호선,신금호,6164,6447
2022-02-09,5호선,행당,7704,7136
2022-02-09,5호선,왕십리,4381,4891
2022-02-09,5호선,마장,5288,4993
2022-02-09,5호선,답십리,15560,14408
2022-02-09,5호선,장한평,18240,18319
2022-02-09,5호선,군자,10801,11828
2022-02-09,5호선,아차산,13872,13685
2022-02-09,5호선,광나루,12327,11610
2022-02-09,5호선,천호,17083,16904
2022-02-09,5호선,강동,17660,17220
2022-02-09,5호선,길동,7670,8075
2022-02-09,5호선,굽은다리,9020,8854
2022-02-09,5호선,명일,8139,8756
2022-02-09,5호선,고덕,9162,9863
2022-02-09,5호선,상일동,14679,14103
2022-02-09,5호선,둔촌동,8346,8369
2022-02-09,5호선,올림픽공원,3934,3584
2022-02-09,5호선,방이,6980,7103
2022-02-09,5호선,오금,3547,3513
2022-02-09,5호선,개롱,6268,6677
2022-02-09,5호선,거여,8962,8747
2022-02-09,5호선,마천,6684,6640
2022-02-09,5호선,강일,3837,3796
2022-02-09,5호선,미사,15300,15290
2022-02-09,5호선,하남풍산,4062,4082
2022-02-09,5호선,하남시청,6394,6287
2022-02-09,5호선,하남검단산,5192,5046
2022-02-10,5호선,방화,6266,6033
2022-02-10,5호선,개화산,5311,5148
2022-02-10,5호선,김포공항,6868,6602
2022-02-10,5호선,송정,6266,5892
2022-02-10,5호선,마곡,10894,10698
2022-02-10,5호선,발산,19956,19893
2022-02-10,5호선,우장산,13877,13782
2022-02-10,5호선,화곡,27223,25591
2022-02-10,5호선,까치산,27868,27037
2022-02-10,5호선,신정,13613,11189
2022-02-10,5호선,목동,15965,17435
2022-02-10,5호선,오목교,20568,22048
2022-02-10,5호선,양평,7342,7311
2022-02-10,5호선,영등포구청,3894,3982
2022-02-10,5호선,영등포시장,9846,10070
2022-02-10,5호선,신길,4018,4329
2022-02-10,5호선,여의도,27767,28631
2022-02-10,5호선,여의나루,8455,9178
2022-02-10,5호선,마포,14041,14452
2022-02-10,5호선,공덕,13327,14022
2022-02-10,5호선,애오개,6739,6780
2022-02-10,5호선,충정로,4622,4706
2022-02-10,5호선,서대문,18455,18556
2022-02-10,5호선,광화문,27256,27784
2022-02-10,5호선,종로3가,11476,11288
2022-02-10,5호선,을지로4가,6094,5950
2022-02-10,5호선,동대문역사문화공원,2766,3278
2022-02-10,5호선,청구,4017,3511
2022-02-10,5호선,신금호,6305,6693
2022-02-10,5호선,행당,7618,6912
2022-02-10,5호선,왕십리,4315,4737
2022-02-10,5호선,마장,5310,4808
2022-02-10,5호선,답십리,15410,14256
2022-02-10,5호선,장한평,18104,18062
2022-02-10,5호선,군자,10701,11646
2022-02-10,5호선,아차산,13709,13329
2022-02-10,5호선,광나루,12490,11635
2022-02-10,5호선,천호,16918,16749
2022-02-10,5호선,강동,17925,17258
2022-02-10,5호선,길동,7687,8098
2022-02-10,5호선,굽은다리,9121,8707
2022-02-10,5호선,명일,8002,8336
2022-02-10,5호선,고덕,9131,9167
2022-02-10,5호선,상일동,14354,13397
2022-02-10,5호선,둔촌동,8427,8523
2022-02-10,5호선,올림픽공원,3983,3504
2022-02-10,5호선,방이,7036,7282
2022-02-10,5호선,오금,3622,3572
2022-02-10,5호선,개롱,6108,6457
2022-02-10,5호선,거여,8984,8590
2022-02-10,5호선,마천,6589,6509
2022-02-10,5호선,강일,3726,3681
2022-02-10,5호선,미사,15181,15039
2022-02-10,5호선,하남풍산,4007,4046
2022-02-10,5호선,하남시청,5878,5861
2022-02-10,5호선,하남검단산,5137,5004
2022-02-11,5호선,방화,6332,6070
2022-02-11,5호선,개화산,5396,5091
2022-02-11,5호선,김포공항,7761,7287
2022-02-11,5호선,송정,6472,6063
2022-02-11,5호선,마곡,10435,10448
2022-02-11,5호선,발산,19045,19414
2022-02-11,5호선,우장산,13741,13669
2022-02-11,5호선,화곡,27422,25903
2022-02-11,5호선,까치산,28041,27193
2022-02-11,5호선,신정,13512,10863
2022-02-11,5호선,목동,16299,17596
2022-02-11,5호선,오목교,21232,22748
2022-02-11,5호선,양평,7341,7256
2022-02-11,5호선,영등포구청,3788,3881
2022-02-11,5호선,영등포시장,10025,10347
2022-02-11,5호선,신길,4029,4310
2022-02-11,5호선,여의도,27168,28326
2022-02-11,5호선,여의나루,8643,9491
2022-02-11,5호선,마포,13917,14395
2022-02-11,5호선,공덕,13427,14335
2022-02-11,5호선,애오개,6673,6801
2022-02-11,5호선,충정로,4532,4546
2022-02-11,5호선,서대문,17757,18171
2022-02-11,5호선,광화문,27204,28124
2022-02-11,5호선,종로3가,11905,11939
2022-02-11,5호선,을지로4가,6004,6139
2022-02-11,5호선,동대문역사문화공원,2764,3179
2022-02-11,5호선,청구,3930,3506
2022-02-11,5호선,신금호,6047,6303
2022-02-11,5호선,행당,7711,6794
2022-02-11,5호선,왕십리,4463,5151
2022-02-11,5호선,마장,5343,4966
2022-02-11,5호선,답십리,15569,14276
2022-02-11,5호선,장한평,18251,18080
2022-02-11,5호선,군자,10649,11980
2022-02-11,5호선,아차산,13869,13441
2022-02-11,5호선,광나루,12849,11414
2022-02-11,5호선,천호,18066,17958
2022-02-11,5호선,강동,18011,17197
2022-02-11,5호선,길동,7903,8256
2022-02-11,5호선,굽은다리,9126,8755
2022-02-11,5호선,명일,8250,8650
2022-02-11,5호선,고덕,9062,9180
2022-02-11,5호선,상일동,14601,13341
2022-02-11,5호선,둔촌동,8527,8518
2022-02-11,5호선,올림픽공원,3974,3422
2022-02-11,5호선,방이,7037,7237
2022-02-11,5호선,오금,3542,3581
2022-02-11,5호선,개롱,6259,6566
2022-02-11,5호선,거여,9071,8572
2022-02-11,5호선,마천,6662,6590
2022-02-11,5호선,강일,3760,3580
2022-02-11,5호선,미사,15215,15491
2022-02-11,5호선,하남풍산,4053,4055
2022-02-11,5호선,하남시청,6286,6210
2022-02-11,5호선,하남검단산,5320,5148
2022-02-12,5호선,방화,4434,4203
2022-02-12,5호선,개화산,3461,3417
2022-02-12,5호선,김포공항,6778,6765
2022-02-12,5호선,송정,4451,4474
2022-02-12,5호선,마곡,5141,5128
2022-02-12,5호선,발산,12309,13024
2022-02-12,5호선,우장산,8903,8852
2022-02-12,5호선,화곡,18454,17208
2022-02-12,5호선,까치산,19458,18861
2022-02-12,5호선,신정,8166,7140
2022-02-12,5호선,목동,10713,10936
2022-02-12,5호선,오목교,15039,15423
2022-02-12,5호선,양평,3433,3361
2022-02-12,5호선,영등포구청,1856,1818
2022-02-12,5호선,영등포시장,7503,7752
2022-02-12,5호선,신길,2351,2439
2022-02-12,5호선,여의도,10132,10700
2022-02-12,5호선,여의나루,6533,7726
2022-02-12,5호선,마포,6755,6909
2022-02-12,5호선,공덕,6351,6432
2022-02-12,5호선,애오개,3305,3240
2022-02-12,5호선,충정로,1705,1626
2022-02-12,5호선,서대문,6618,6424
2022-02-12,5호선,광화문,12032,12203
2022-02-12,5호선,종로3가,10364,10321
2022-02-12,5호선,을지로4가,3004,3480
2022-02-12,5호선,동대문역사문화공원,920,1181
2022-02-12,5호선,청구,2393,2234
2022-02-12,5호선,신금호,3923,4031
2022-02-12,5호선,행당,4829,4188
2022-02-12,5호선,왕십리,3293,3819
2022-02-12,5호선,마장,3547,3319
2022-02-12,5호선,답십리,9366,8645
2022-02-12,5호선,장한평,10321,10387
2022-02-12,5호선,군자,7772,8380
2022-02-12,5호선,아차산,10960,10716
2022-02-12,5호선,광나루,9322,8894
2022-02-12,5호선,천호,15428,14490
2022-02-12,5호선,강동,11929,11304
2022-02-12,5호선,길동,5601,5753
2022-02-12,5호선,굽은다리,6421,6041
2022-02-12,5호선,명일,5469,5579
2022-02-12,5호선,고덕,5613,5593
2022-02-12,5호선,상일동,8352,7820
2022-02-12,5호선,둔촌동,5591,5649
2022-02-12,5호선,올림픽공원,2677,2367
2022-02-12,5호선,방이,4845,4839
2022-02-12,5호선,오금,1959,1853
2022-02-12,5호선,개롱,3935,3995
2022-02-12,5호선,거여,5515,5274
2022-02-12,5호선,마천,4440,4595
2022-02-12,5호선,강일,2644,2467
2022-02-12,5호선,미사,10637,10607
2022-02-12,5호선,하남풍산,2392,2469
2022-02-12,5호선,하남시청,4716,4557
2022-02-12,5호선,하남검단산,4778,4679
2022-02-13,5호선,하남검단산,3990,4113
2022-02-13,5호선,하남시청,3311,3225
2022-02-13,5호선,하남풍산,1939,1891
2022-02-13,5호선,미사,7675,7737
2022-02-13,5호선,강일,1823,1799
2022-02-13,5호선,마천,3304,3544
2022-02-13,5호선,거여,3796,3748
2022-02-13,5호선,개롱,2558,2855
2022-02-13,5호선,오금,1409,1357
2022-02-13,5호선,방이,3445,3415
2022-02-13,5호선,올림픽공원,1885,1743
2022-02-13,5호선,둔촌동,4004,4115
2022-02-13,5호선,상일동,5702,5638
2022-02-13,5호선,고덕,3898,3772
2022-02-13,5호선,명일,4249,4244
2022-02-13,5호선,굽은다리,4628,4412
2022-02-13,5호선,길동,3720,3989
2022-02-13,5호선,강동,7796,7816
2022-02-13,5호선,천호,11133,10418
2022-02-13,5호선,광나루,6579,6550
2022-02-13,5호선,아차산,8887,8833
2022-02-13,5호선,군자,5611,6023
2022-02-13,5호선,장한평,6820,7005
2022-02-13,5호선,답십리,6721,6271
2022-02-13,5호선,마장,2439,2441
2022-02-13,5호선,왕십리,2227,2696
2022-02-13,5호선,행당,3452,3228
2022-02-13,5호선,신금호,2481,2821
2022-02-13,5호선,청구,1641,1460
2022-02-13,5호선,동대문역사문화공원,687,761
2022-02-13,5호선,을지로4가,1374,1315
2022-02-13,5호선,종로3가,7625,6937
2022-02-13,5호선,광화문,9060,8911
2022-02-13,5호선,서대문,4569,4553
2022-02-13,5호선,충정로,1244,1243
2022-02-13,5호선,애오개,2316,2348
2022-02-13,5호선,공덕,4046,3973
2022-02-13,5호선,마포,4215,4283
2022-02-13,5호선,여의나루,6381,6972
2022-02-13,5호선,여의도,7258,7525
2022-02-13,5호선,신길,1611,1880
2022-02-13,5호선,영등포시장,4760,5004
2022-02-13,5호선,영등포구청,1280,1186
2022-02-13,5호선,양평,2354,2417
2022-02-13,5호선,오목교,10143,10473
2022-02-13,5호선,목동,6756,6868
2022-02-13,5호선,신정,5646,5109
2022-02-13,5호선,까치산,13926,13743
2022-02-13,5호선,화곡,12522,11934
2022-02-13,5호선,우장산,6207,6233
2022-02-13,5호선,발산,7873,8206
2022-02-13,5호선,마곡,3258,3348
2022-02-13,5호선,송정,3180,3201
2022-02-13,5호선,김포공항,5973,5883
2022-02-13,5호선,개화산,2330,2446
2022-02-13,5호선,방화,3149,3130
2022-02-14,5호선,오금,3507,3657
2022-02-14,5호선,방화,6124,5911
2022-02-14,5호선,개화산,5296,5062
2022-02-14,5호선,김포공항,6834,6700
2022-02-14,5호선,송정,6174,5904
2022-02-14,5호선,마곡,10563,10174
2022-02-14,5호선,발산,19338,19125
2022-02-14,5호선,우장산,13301,13405
2022-02-14,5호선,화곡,26899,25319
2022-02-14,5호선,까치산,27289,26818
2022-02-14,5호선,신정,13417,11081
2022-02-14,5호선,목동,15770,17200
2022-02-14,5호선,오목교,20361,21754
2022-02-14,5호선,양평,7330,7293
2022-02-14,5호선,영등포구청,3890,3841
2022-02-14,5호선,영등포시장,9333,9623
2022-02-14,5호선,신길,3867,4356
2022-02-14,5호선,여의도,28391,28078
2022-02-14,5호선,여의나루,8101,9237
2022-02-14,5호선,마포,13802,13955
2022-02-14,5호선,공덕,12907,13486
2022-02-14,5호선,애오개,6380,6605
2022-02-14,5호선,충정로,4620,4715
2022-02-14,5호선,서대문,17890,17330
2022-02-14,5호선,광화문,27313,26726
2022-02-14,5호선,종로3가,11112,10721
2022-02-14,5호선,을지로4가,5778,5424
2022-02-14,5호선,동대문역사문화공원,2934,3185
2022-02-14,5호선,청구,3881,3608
2022-02-14,5호선,신금호,5874,6342
2022-02-14,5호선,행당,7522,7131
2022-02-14,5호선,왕십리,4329,4684
2022-02-14,5호선,마장,5098,4827
2022-02-14,5호선,답십리,15129,14208
2022-02-14,5호선,장한평,17628,17603
2022-02-14,5호선,군자,10276,11471
2022-02-14,5호선,아차산,13090,12942
2022-02-14,5호선,광나루,12116,11265
2022-02-14,5호선,천호,16404,16094
2022-02-14,5호선,강동,17606,17239
2022-02-14,5호선,길동,7729,8187
2022-02-14,5호선,굽은다리,8840,8811
2022-02-14,5호선,명일,7906,8783
2022-02-14,5호선,고덕,8813,9311
2022-02-14,5호선,상일동,14365,13969
2022-02-14,5호선,둔촌동,8246,8361
2022-02-14,5호선,올림픽공원,3851,3343
2022-02-14,5호선,방이,6729,7077
2022-02-14,5호선,개롱,6169,6676
2022-02-14,5호선,거여,8801,8545
2022-02-14,5호선,마천,6550,6526
2022-02-14,5호선,강일,3617,3689
2022-02-14,5호선,미사,14827,14788
2022-02-14,5호선,하남풍산,3956,3958
2022-02-14,5호선,하남시청,6106,6059
2022-02-14,5호선,하남검단산,4932,4747
2022-02-15,5호선,방화,6195,6026
2022-02-15,5호선,개화산,5307,5051
2022-02-15,5호선,김포공항,6697,6727
2022-02-15,5호선,송정,6083,5826
2022-02-15,5호선,마곡,10605,10237
2022-02-15,5호선,발산,19328,19337
2022-02-15,5호선,우장산,13152,13352
2022-02-15,5호선,화곡,26596,25391
2022-02-15,5호선,까치산,27133,26724
2022-02-15,5호선,신정,13169,11176
2022-02-15,5호선,목동,15839,17262
2022-02-15,5호선,오목교,20281,21446
2022-02-15,5호선,양평,7250,7280
2022-02-15,5호선,영등포구청,3766,3714
2022-02-15,5호선,영등포시장,9449,9614
2022-02-15,5호선,신길,3910,4334
2022-02-15,5호선,여의도,28147,28093
2022-02-15,5호선,여의나루,8065,8801
2022-02-15,5호선,마포,13918,14015
2022-02-15,5호선,공덕,13040,13869
2022-02-15,5호선,애오개,6310,6744
2022-02-15,5호선,충정로,4598,4728
2022-02-15,5호선,서대문,17928,17441
2022-02-15,5호선,광화문,28364,27855
2022-02-15,5호선,종로3가,10856,10422
2022-02-15,5호선,을지로4가,5715,5367
2022-02-15,5호선,동대문역사문화공원,2644,2912
2022-02-15,5호선,청구,3864,3584
2022-02-15,5호선,신금호,5858,6288
2022-02-15,5호선,행당,7455,7077
2022-02-15,5호선,왕십리,4286,4598
2022-02-15,5호선,마장,5042,4762
2022-02-15,5호선,답십리,14942,13908
2022-02-15,5호선,장한평,17456,17574
2022-02-15,5호선,군자,10261,11557
2022-02-15,5호선,아차산,13333,13145
2022-02-15,5호선,광나루,12160,10929
2022-02-15,5호선,천호,16427,16118
2022-02-15,5호선,강동,17505,16958
2022-02-15,5호선,길동,7491,7886
2022-02-15,5호선,굽은다리,8747,8588
2022-02-15,5호선,명일,7695,8381
2022-02-15,5호선,고덕,8459,8730
2022-02-15,5호선,상일동,13830,13556
2022-02-15,5호선,둔촌동,8290,8329
2022-02-15,5호선,올림픽공원,3669,3203
2022-02-15,5호선,방이,6852,7130
2022-02-15,5호선,오금,3435,3418
2022-02-15,5호선,개롱,5991,6397
2022-02-15,5호선,거여,8841,8620
2022-02-15,5호선,마천,6387,6427
2022-02-15,5호선,강일,3496,3594
2022-02-15,5호선,미사,14428,14687
2022-02-15,5호선,하남풍산,3902,3956
2022-02-15,5호선,하남시청,5823,5756
2022-02-15,5호선,하남검단산,4858,4775
2022-02-16,5호선,마장,5020,4787
2022-02-16,5호선,답십리,14725,13758
2022-02-16,5호선,장한평,17511,17580
2022-02-16,5호선,군자,10304,11222
2022-02-16,5호선,아차산,12627,12422
2022-02-16,5호선,광나루,11636,10577
2022-02-16,5호선,천호,16012,15704
2022-02-16,5호선,강동,17228,16437
2022-02-16,5호선,길동,7261,7699
2022-02-16,5호선,굽은다리,8477,8441
2022-02-16,5호선,명일,7672,8450
2022-02-16,5호선,고덕,8244,8480
2022-02-16,5호선,상일동,13465,13228
2022-02-16,5호선,둔촌동,7853,7927
2022-02-16,5호선,올림픽공원,3599,3131
2022-02-16,5호선,방이,6753,7009
2022-02-16,5호선,오금,3343,3243
2022-02-16,5호선,개롱,5952,6399
2022-02-16,5호선,거여,8570,8528
2022-02-16,5호선,마천,6243,6265
2022-02-16,5호선,강일,3542,3525
2022-02-16,5호선,미사,14444,14571
2022-02-16,5호선,하남풍산,3795,3892
2022-02-16,5호선,하남시청,5674,5576
2022-02-16,5호선,하남검단산,4660,4568
2022-02-16,5호선,광화문,27718,27444
2022-02-16,5호선,서대문,17987,17929
2022-02-16,5호선,충정로,4537,4644
2022-02-16,5호선,애오개,6317,6412
2022-02-16,5호선,공덕,12791,13312
2022-02-16,5호선,마포,13727,13895
2022-02-16,5호선,여의나루,7546,8544
2022-02-16,5호선,여의도,27744,27556
2022-02-16,5호선,신길,3760,4306
2022-02-16,5호선,영등포시장,9108,9473
2022-02-16,5호선,영등포구청,3600,3631
2022-02-16,5호선,양평,7280,7276
2022-02-16,5호선,오목교,20121,21265
2022-02-16,5호선,목동,15528,16992
2022-02-16,5호선,신정,13026,10907
2022-02-16,5호선,까치산,26536,25976
2022-02-16,5호선,화곡,26106,24955
2022-02-16,5호선,우장산,12882,13097
2022-02-16,5호선,발산,19371,19255
2022-02-16,5호선,마곡,10452,10069
2022-02-16,5호선,송정,5947,5709
2022-02-16,5호선,김포공항,6697,6553
2022-02-16,5호선,개화산,5096,4969
2022-02-16,5호선,방화,6001,5836
2022-02-16,5호선,왕십리,4243,4615
2022-02-16,5호선,행당,7470,6984
2022-02-16,5호선,신금호,5682,6118
2022-02-16,5호선,청구,3842,3408
2022-02-16,5호선,동대문역사문화공원,2538,2822
2022-02-16,5호선,을지로4가,5695,5313
2022-02-16,5호선,종로3가,10884,10376
2022-02-17,5호선,하남검단산,4720,4568
2022-02-17,5호선,하남시청,5569,5579
2022-02-17,5호선,하남풍산,3860,3843
2022-02-17,5호선,미사,14314,14346
2022-02-17,5호선,강일,3505,3512
2022-02-17,5호선,마천,6280,6183
2022-02-17,5호선,거여,8593,8238
2022-02-17,5호선,개롱,5954,6244
2022-02-17,5호선,오금,3322,3355
2022-02-17,5호선,방이,6658,6970
2022-02-17,5호선,올림픽공원,3522,3111
2022-02-17,5호선,둔촌동,7847,7997
2022-02-17,5호선,상일동,13502,12812
2022-02-17,5호선,고덕,7994,8317
2022-02-17,5호선,명일,7613,8132
2022-02-17,5호선,굽은다리,8559,8310
2022-02-17,5호선,길동,7200,7591
2022-02-17,5호선,강동,16981,16220
2022-02-17,5호선,천호,15886,15521
2022-02-17,5호선,광나루,11531,10463
2022-02-17,5호선,아차산,13057,12718
2022-02-17,5호선,군자,10141,11101
2022-02-17,5호선,장한평,17503,17394
2022-02-17,5호선,답십리,14580,13450
2022-02-17,5호선,마장,4994,4706
2022-02-17,5호선,왕십리,4373,4785
2022-02-17,5호선,행당,7315,6588
2022-02-17,5호선,신금호,5702,6005
2022-02-17,5호선,청구,3819,3473
2022-02-17,5호선,동대문역사문화공원,2819,3198
2022-02-17,5호선,을지로4가,5630,5534
2022-02-17,5호선,종로3가,10521,10243
2022-02-17,5호선,광화문,27007,27745
2022-02-17,5호선,서대문,17507,17433
2022-02-17,5호선,충정로,4358,4485
2022-02-17,5호선,애오개,6279,6420
2022-02-17,5호선,공덕,12640,13387
2022-02-17,5호선,마포,13676,13857
2022-02-17,5호선,여의나루,7372,8362
2022-02-17,5호선,여의도,26920,27385
2022-02-17,5호선,신길,3781,4204
2022-02-17,5호선,영등포시장,9262,9481
2022-02-17,5호선,영등포구청,3646,3711
2022-02-17,5호선,양평,7031,7122
2022-02-17,5호선,오목교,19896,21227
2022-02-17,5호선,목동,15516,16619
2022-02-17,5호선,신정,12900,10762
2022-02-17,5호선,까치산,26349,25547
2022-02-17,5호선,화곡,25764,24590
2022-02-17,5호선,우장산,12647,12740
2022-02-17,5호선,발산,18747,18877
2022-02-17,5호선,마곡,10253,10065
2022-02-17,5호선,송정,5721,5508
2022-02-17,5호선,김포공항,7010,6412
2022-02-17,5호선,개화산,5106,4931
2022-02-17,5호선,방화,5874,5673
2022-02-18,5호선,하남검단산,5100,4949
2022-02-18,5호선,하남시청,6086,5920
2022-02-18,5호선,하남풍산,3934,4078
2022-02-18,5호선,미사,14669,14828
2022-02-18,5호선,강일,3648,3575
2022-02-18,5호선,마천,6423,6387
2022-02-18,5호선,거여,8866,8433
2022-02-18,5호선,개롱,6102,6370
2022-02-18,5호선,오금,3502,3429
2022-02-18,5호선,방이,6678,7025
2022-02-18,5호선,올림픽공원,3867,3281
2022-02-18,5호선,둔촌동,8106,8272
2022-02-18,5호선,상일동,13974,12976
2022-02-18,5호선,고덕,8524,8640
2022-02-18,5호선,명일,7854,8302
2022-02-18,5호선,굽은다리,9017,8713
2022-02-18,5호선,길동,7770,8139
2022-02-18,5호선,강동,17443,16467
2022-02-18,5호선,천호,17341,17221
2022-02-18,5호선,광나루,12173,10989
2022-02-18,5호선,아차산,13398,13154
2022-02-18,5호선,군자,10650,11647
2022-02-18,5호선,장한평,17548,17582
2022-02-18,5호선,답십리,15201,14031
2022-02-18,5호선,마장,5199,4771
2022-02-18,5호선,왕십리,4436,4983
2022-02-18,5호선,행당,7488,6632
2022-02-18,5호선,신금호,5825,6022
2022-02-18,5호선,청구,3848,3450
2022-02-18,5호선,동대문역사문화공원,2638,3078
2022-02-18,5호선,을지로4가,5652,5759
2022-02-18,5호선,종로3가,11298,11491
2022-02-18,5호선,광화문,26221,27076
2022-02-18,5호선,서대문,16712,16805
2022-02-18,5호선,충정로,4339,4345
2022-02-18,5호선,애오개,6383,6387
2022-02-18,5호선,공덕,12572,13406
2022-02-18,5호선,마포,13422,13733
2022-02-18,5호선,여의나루,7840,8705
2022-02-18,5호선,여의도,26059,26781
2022-02-18,5호선,신길,3905,4198
2022-02-18,5호선,영등포시장,9711,9978
2022-02-18,5호선,영등포구청,3748,3852
2022-02-18,5호선,양평,7083,6915
2022-02-18,5호선,오목교,20457,22071
2022-02-18,5호선,목동,15776,17048
2022-02-18,5호선,신정,13167,10721
2022-02-18,5호선,까치산,27228,26195
2022-02-18,5호선,화곡,26450,24800
2022-02-18,5호선,우장산,13033,13034
2022-02-18,5호선,발산,18428,19012
2022-02-18,5호선,마곡,10031,9938
2022-02-18,5호선,김포공항,7463,6980
2022-02-18,5호선,개화산,5186,4946
2022-02-18,5호선,방화,6160,5886
2022-02-18,5호선,송정,6202,5803
2022-02-19,5호선,장한평,9957,9993
2022-02-19,5호선,답십리,9074,8489
2022-02-19,5호선,마장,3484,3397
2022-02-19,5호선,왕십리,3162,3753
2022-02-19,5호선,행당,4785,4263
2022-02-19,5호선,신금호,3812,3972
2022-02-19,5호선,청구,2323,2116
2022-02-19,5호선,동대문역사문화공원,948,1227
2022-02-19,5호선,을지로4가,2871,3398
2022-02-19,5호선,종로3가,10223,10410
2022-02-19,5호선,광화문,14230,14556
2022-02-19,5호선,서대문,6480,6196
2022-02-19,5호선,충정로,1682,1630
2022-02-19,5호선,애오개,3213,3297
2022-02-19,5호선,공덕,6143,6396
2022-02-19,5호선,마포,6666,6710
2022-02-19,5호선,여의나루,5302,6672
2022-02-19,5호선,여의도,10177,9877
2022-02-19,5호선,신길,2280,2539
2022-02-19,5호선,영등포시장,7366,7690
2022-02-19,5호선,영등포구청,1757,1640
2022-02-19,5호선,양평,3270,3220
2022-02-19,5호선,오목교,15317,15316
2022-02-19,5호선,목동,10044,10232
2022-02-19,5호선,신정,8073,7144
2022-02-19,5호선,까치산,19196,18696
2022-02-19,5호선,화곡,18050,16938
2022-02-19,5호선,우장산,8692,8706
2022-02-19,5호선,발산,12567,12952
2022-02-19,5호선,마곡,5363,5363
2022-02-19,5호선,송정,4537,4513
2022-02-19,5호선,김포공항,6922,6835
2022-02-19,5호선,개화산,3334,3336
2022-02-19,5호선,방화,4228,4078
2022-02-19,5호선,오금,1951,1868
2022-02-19,5호선,군자,7634,8345
2022-02-19,5호선,아차산,11366,10984
2022-02-19,5호선,광나루,8696,8261
2022-02-19,5호선,천호,14976,14000
2022-02-19,5호선,강동,11917,11403
2022-02-19,5호선,길동,5461,5696
2022-02-19,5호선,굽은다리,6346,5965
2022-02-19,5호선,명일,5472,5540
2022-02-19,5호선,고덕,5492,5408
2022-02-19,5호선,상일동,8224,7889
2022-02-19,5호선,둔촌동,5706,5727
2022-02-19,5호선,올림픽공원,2698,2438
2022-02-19,5호선,방이,4987,4978
2022-02-19,5호선,개롱,3697,3921
2022-02-19,5호선,거여,5453,5306
2022-02-19,5호선,마천,4303,4552
2022-02-19,5호선,강일,2447,2310
2022-02-19,5호선,미사,10516,10438
2022-02-19,5호선,하남풍산,2316,2390
2022-02-19,5호선,하남시청,4948,4833
2022-02-19,5호선,하남검단산,4633,4797
2022-02-20,5호선,방화,2894,3076
2022-02-20,5호선,개화산,2289,2330
2022-02-20,5호선,김포공항,6376,6098
2022-02-20,5호선,송정,3029,3083
2022-02-20,5호선,마곡,3165,3287
2022-02-20,5호선,발산,7755,7935
2022-02-20,5호선,우장산,5643,5785
2022-02-20,5호선,화곡,11856,11389
2022-02-20,5호선,까치산,13212,13134
2022-02-20,5호선,신정,5431,4907
2022-02-20,5호선,목동,6457,6748
2022-02-20,5호선,오목교,10195,10281
2022-02-20,5호선,양평,2222,2285
2022-02-20,5호선,영등포구청,1110,1078
2022-02-20,5호선,영등포시장,4783,5020
2022-02-20,5호선,신길,1565,1827
2022-02-20,5호선,여의도,6854,6966
2022-02-20,5호선,여의나루,4174,5410
2022-02-20,5호선,마포,4170,4284
2022-02-20,5호선,공덕,3806,3906
2022-02-20,5호선,애오개,2238,2368
2022-02-20,5호선,충정로,1202,1256
2022-02-20,5호선,서대문,4339,4245
2022-02-20,5호선,광화문,8791,8762
2022-02-20,5호선,종로3가,6672,6027
2022-02-20,5호선,을지로4가,1220,1309
2022-02-20,5호선,동대문역사문화공원,671,734
2022-02-20,5호선,청구,1598,1386
2022-02-20,5호선,신금호,2584,2814
2022-02-20,5호선,행당,3350,3013
2022-02-20,5호선,왕십리,2229,2555
2022-02-20,5호선,마장,2413,2257
2022-02-20,5호선,답십리,6254,5827
2022-02-20,5호선,장한평,6570,6672
2022-02-20,5호선,군자,5142,5697
2022-02-20,5호선,아차산,8876,8559
2022-02-20,5호선,광나루,6269,6311
2022-02-20,5호선,천호,10831,9978
2022-02-20,5호선,강동,8173,8004
2022-02-20,5호선,길동,3546,3696
2022-02-20,5호선,굽은다리,4674,4380
2022-02-20,5호선,명일,3865,3931
2022-02-20,5호선,고덕,3700,3730
2022-02-20,5호선,상일동,5441,5464
2022-02-20,5호선,둔촌동,3745,3969
2022-02-20,5호선,올림픽공원,1851,1719
2022-02-20,5호선,방이,3226,3228
2022-02-20,5호선,오금,1259,1263
2022-02-20,5호선,개롱,2410,2678
2022-02-20,5호선,거여,3825,3644
2022-02-20,5호선,마천,3036,3345
2022-02-20,5호선,강일,1725,1618
2022-02-20,5호선,미사,7253,7159
2022-02-20,5호선,하남풍산,1729,1801
2022-02-20,5호선,하남시청,3232,3197
2022-02-20,5호선,하남검단산,3613,3566
2022-02-21,5호선,방화,5849,5631
2022-02-21,5호선,개화산,5127,4929
2022-02-21,5호선,김포공항,6808,6587
2022-02-21,5호선,송정,5867,5627
2022-02-21,5호선,마곡,10155,10003
2022-02-21,5호선,발산,18901,18907
2022-02-21,5호선,우장산,12719,12810
2022-02-21,5호선,화곡,25935,24569
2022-02-21,5호선,까치산,26590,25851
2022-02-21,5호선,신정,12823,10509
2022-02-21,5호선,목동,15140,16553
2022-02-21,5호선,오목교,19604,20836
2022-02-21,5호선,양평,7025,7075
2022-02-21,5호선,영등포구청,3642,3709
2022-02-21,5호선,영등포시장,8924,9223
2022-02-21,5호선,신길,3814,4204
2022-02-21,5호선,여의도,26332,27000
2022-02-21,5호선,여의나루,7533,8634
2022-02-21,5호선,마포,13407,13740
2022-02-21,5호선,공덕,12427,12954
2022-02-21,5호선,애오개,6085,6257
2022-02-21,5호선,충정로,4458,4512
2022-02-21,5호선,서대문,17576,17642
2022-02-21,5호선,광화문,25657,26086
2022-02-21,5호선,종로3가,10513,10344
2022-02-21,5호선,을지로4가,5645,5640
2022-02-21,5호선,동대문역사문화공원,2842,3256
2022-02-21,5호선,청구,3654,3380
2022-02-21,5호선,신금호,5659,6128
2022-02-21,5호선,행당,7363,6682
2022-02-21,5호선,왕십리,4115,4506
2022-02-21,5호선,마장,4931,4639
2022-02-21,5호선,답십리,14579,13544
2022-02-21,5호선,장한평,16856,16897
2022-02-21,5호선,군자,9930,10737
2022-02-21,5호선,아차산,12686,12262
2022-02-21,5호선,광나루,11487,10374
2022-02-21,5호선,천호,15645,15586
2022-02-21,5호선,강동,17162,16358
2022-02-21,5호선,길동,7372,7781
2022-02-21,5호선,굽은다리,8564,8306
2022-02-21,5호선,명일,7747,8193
2022-02-21,5호선,고덕,8388,8470
2022-02-21,5호선,상일동,13369,12809
2022-02-21,5호선,둔촌동,7818,7850
2022-02-21,5호선,올림픽공원,3623,3109
2022-02-21,5호선,방이,6419,6755
2022-02-21,5호선,오금,3346,3270
2022-02-21,5호선,개롱,5773,6171
2022-02-21,5호선,거여,8710,8366
2022-02-21,5호선,마천,6347,6306
2022-02-21,5호선,강일,3534,3523
2022-02-21,5호선,미사,14230,14149
2022-02-21,5호선,하남풍산,3796,3865
2022-02-21,5호선,하남시청,5781,5644
2022-02-21,5호선,하남검단산,4775,4698
2022-02-22,5호선,하남검단산,4817,4575
2022-02-22,5호선,하남시청,5846,5805
2022-02-22,5호선,하남풍산,4088,3952
2022-02-22,5호선,미사,14290,14176
2022-02-22,5호선,강일,3421,3449
2022-02-22,5호선,마천,6417,6255
2022-02-22,5호선,거여,8741,8245
2022-02-22,5호선,개롱,5784,6063
2022-02-22,5호선,오금,3361,3517
2022-02-22,5호선,방이,6541,6793
2022-02-22,5호선,올림픽공원,3732,3282
2022-02-22,5호선,둔촌동,7995,8053
2022-02-22,5호선,상일동,13545,12658
2022-02-22,5호선,고덕,8279,8319
2022-02-22,5호선,명일,7739,7879
2022-02-22,5호선,굽은다리,8576,7945
2022-02-22,5호선,길동,7244,7463
2022-02-22,5호선,강동,17194,17141
2022-02-22,5호선,천호,15936,15768
2022-02-22,5호선,광나루,11735,10715
2022-02-22,5호선,아차산,13109,12813
2022-02-22,5호선,군자,10328,11231
2022-02-22,5호선,장한평,17150,17215
2022-02-22,5호선,답십리,14629,13706
2022-02-22,5호선,마장,5000,4744
2022-02-22,5호선,왕십리,4106,4670
2022-02-22,5호선,행당,7423,6639
2022-02-22,5호선,신금호,5545,5944
2022-02-22,5호선,청구,3827,3460
2022-02-22,5호선,동대문역사문화공원,2745,3235
2022-02-22,5호선,을지로4가,5713,5720
2022-02-22,5호선,종로3가,10695,10372
2022-02-22,5호선,광화문,26200,26972
2022-02-22,5호선,서대문,17080,17519
2022-02-22,5호선,충정로,4392,4492
2022-02-22,5호선,애오개,6205,6337
2022-02-22,5호선,공덕,12342,13093
2022-02-22,5호선,마포,13542,14028
2022-02-22,5호선,여의나루,7636,8477
2022-02-22,5호선,여의도,26579,27352
2022-02-22,5호선,신길,3817,4130
2022-02-22,5호선,영등포시장,9205,9509
2022-02-22,5호선,방화,5887,5814
2022-02-22,5호선,개화산,5208,5070
2022-02-22,5호선,김포공항,6656,6441
2022-02-22,5호선,송정,6102,5820
2022-02-22,5호선,마곡,10182,10061
2022-02-22,5호선,발산,19107,19259
2022-02-22,5호선,우장산,12831,12794
2022-02-22,5호선,화곡,26196,24487
2022-02-22,5호선,까치산,26548,25804
2022-02-22,5호선,신정,12892,10694
2022-02-22,5호선,목동,15291,16706
2022-02-22,5호선,오목교,19821,20974
2022-02-22,5호선,양평,6982,7040
2022-02-22,5호선,영등포구청,3659,3764
2022-02-23,5호선,하남검단산,4536,4467
2022-02-23,5호선,하남시청,5703,5589
2022-02-23,5호선,하남풍산,3694,3729
2022-02-23,5호선,미사,14263,14358
2022-02-23,5호선,강일,3449,3445
2022-02-23,5호선,마천,6282,6275
2022-02-23,5호선,거여,8876,8399
2022-02-23,5호선,개롱,5842,6207
2022-02-23,5호선,오금,3373,3262
2022-02-23,5호선,방이,6500,6761
2022-02-23,5호선,올림픽공원,3768,3221
2022-02-23,5호선,둔촌동,7849,7858
2022-02-23,5호선,상일동,13476,12749
2022-02-23,5호선,고덕,8297,8399
2022-02-23,5호선,명일,7729,8216
2022-02-23,5호선,굽은다리,8723,8289
2022-02-23,5호선,길동,7290,7752
2022-02-23,5호선,강동,17026,16296
2022-02-23,5호선,천호,15930,15850
2022-02-23,5호선,광나루,11705,10557
2022-02-23,5호선,아차산,12925,12755
2022-02-23,5호선,군자,10176,11106
2022-02-23,5호선,장한평,17389,17436
2022-02-23,5호선,답십리,14606,13618
2022-02-23,5호선,마장,4970,4639
2022-02-23,5호선,왕십리,4226,4565
2022-02-23,5호선,행당,7316,6656
2022-02-23,5호선,신금호,5575,5983
2022-02-23,5호선,청구,3761,3417
2022-02-23,5호선,동대문역사문화공원,2784,3126
2022-02-23,5호선,을지로4가,5652,5678
2022-02-23,5호선,종로3가,10722,10553
2022-02-23,5호선,광화문,26493,27200
2022-02-23,5호선,서대문,17315,17456
2022-02-23,5호선,충정로,4396,4467
2022-02-23,5호선,애오개,6148,6315
2022-02-23,5호선,공덕,12763,13417
2022-02-23,5호선,마포,13610,13826
2022-02-23,5호선,여의나루,7621,8620
2022-02-23,5호선,여의도,26492,27120
2022-02-23,5호선,신길,3763,4202
2022-02-23,5호선,영등포시장,9147,9550
2022-02-23,5호선,영등포구청,3572,3630
2022-02-23,5호선,양평,6950,6974
2022-02-23,5호선,오목교,19815,20992
2022-02-23,5호선,목동,15210,16573
2022-02-23,5호선,신정,12827,10563
2022-02-23,5호선,까치산,26403,25767
2022-02-23,5호선,화곡,26127,24638
2022-02-23,5호선,우장산,12555,12666
2022-02-23,5호선,발산,19120,19185
2022-02-23,5호선,마곡,10129,9926
2022-02-23,5호선,송정,5972,5741
2022-02-23,5호선,김포공항,6621,6299
2022-02-23,5호선,개화산,5022,4921
2022-02-23,5호선,방화,5896,5663
2022-02-24,5호선,방화,5898,5635
2022-02-24,5호선,개화산,5158,4991
2022-02-24,5호선,김포공항,6810,6260
2022-02-24,5호선,송정,5961,5647
2022-02-24,5호선,마곡,10076,10094
2022-02-24,5호선,발산,19188,19350
2022-02-24,5호선,우장산,12860,12848
2022-02-24,5호선,화곡,26003,24521
2022-02-24,5호선,까치산,26531,25634
2022-02-24,5호선,신정,12801,10642
2022-02-24,5호선,목동,15148,16315
2022-02-24,5호선,오목교,19876,20969
2022-02-24,5호선,양평,6958,6992
2022-02-24,5호선,영등포구청,3666,3749
2022-02-24,5호선,영등포시장,9251,9540
2022-02-24,5호선,신길,3770,4164
2022-02-24,5호선,여의도,26046,26958
2022-02-24,5호선,여의나루,7706,8778
2022-02-24,5호선,마포,13224,13533
2022-02-24,5호선,공덕,12488,13071
2022-02-24,5호선,애오개,6237,6335
2022-02-24,5호선,충정로,4255,4406
2022-02-24,5호선,서대문,17054,17277
2022-02-24,5호선,광화문,26184,27043
2022-02-24,5호선,종로3가,10809,10721
2022-02-24,5호선,을지로4가,5689,5739
2022-02-24,5호선,동대문역사문화공원,2731,3156
2022-02-24,5호선,청구,3725,3445
2022-02-24,5호선,신금호,5688,6002
2022-02-24,5호선,행당,7235,6564
2022-02-24,5호선,왕십리,4267,4717
2022-02-24,5호선,마장,5038,4594
2022-02-24,5호선,답십리,14518,13434
2022-02-24,5호선,장한평,17401,17373
2022-02-24,5호선,군자,10428,11351
2022-02-24,5호선,아차산,13288,13031
2022-02-24,5호선,광나루,11795,10780
2022-02-24,5호선,천호,16105,15787
2022-02-24,5호선,강동,17047,16204
2022-02-24,5호선,길동,7188,7592
2022-02-24,5호선,굽은다리,8655,8286
2022-02-24,5호선,명일,7651,7982
2022-02-24,5호선,고덕,8247,8373
2022-02-24,5호선,상일동,13670,12758
2022-02-24,5호선,둔촌동,7817,7983
2022-02-24,5호선,올림픽공원,3602,3216
2022-02-24,5호선,방이,6607,6967
2022-02-24,5호선,오금,3340,3402
2022-02-24,5호선,개롱,5793,6144
2022-02-24,5호선,거여,8795,8371
2022-02-24,5호선,마천,6401,6366
2022-02-24,5호선,강일,3543,3548
2022-02-24,5호선,미사,14512,14455
2022-02-24,5호선,하남풍산,3873,3953
2022-02-24,5호선,하남시청,6039,5983
2022-02-24,5호선,하남검단산,4928,4858
2022-02-25,5호선,방화,6171,5696
2022-02-25,5호선,개화산,5271,5075
2022-02-25,5호선,김포공항,7722,7178
2022-02-25,5호선,송정,6335,5914
2022-02-25,5호선,마곡,10002,9896
2022-02-25,5호선,발산,18929,19424
2022-02-25,5호선,우장산,13055,13091
2022-02-25,5호선,화곡,26832,25172
2022-02-25,5호선,까치산,27236,26445
2022-02-25,5호선,신정,13051,10530
2022-02-25,5호선,목동,15604,16782
2022-02-25,5호선,오목교,20557,22032
2022-02-25,5호선,양평,7117,6900
2022-02-25,5호선,영등포구청,3859,3822
2022-02-25,5호선,영등포시장,9779,10058
2022-02-25,5호선,신길,3829,4040
2022-02-25,5호선,여의도,26204,27143
2022-02-25,5호선,여의나루,8786,9976
2022-02-25,5호선,마포,13328,13724
2022-02-25,5호선,공덕,12574,13232
2022-02-25,5호선,애오개,6462,6520
2022-02-25,5호선,충정로,4167,4222
2022-02-25,5호선,서대문,16792,17101
2022-02-25,5호선,광화문,25661,26577
2022-02-25,5호선,종로3가,11661,11859
2022-02-25,5호선,을지로4가,5681,5820
2022-02-25,5호선,동대문역사문화공원,2685,3157
2022-02-25,5호선,청구,3915,3516
2022-02-25,5호선,신금호,5815,6015
2022-02-25,5호선,행당,7466,6612
2022-02-25,5호선,왕십리,4353,4987
2022-02-25,5호선,마장,5133,4833
2022-02-25,5호선,답십리,14925,13840
2022-02-25,5호선,장한평,17500,17444
2022-02-25,5호선,군자,10442,11607
2022-02-25,5호선,아차산,13560,13221
2022-02-25,5호선,광나루,12164,10971
2022-02-25,5호선,천호,17290,17390
2022-02-25,5호선,강동,17319,16493
2022-02-25,5호선,길동,7616,8036
2022-02-25,5호선,굽은다리,8781,8329
2022-02-25,5호선,명일,8012,8201
2022-02-25,5호선,고덕,8498,8626
2022-02-25,5호선,상일동,13949,12804
2022-02-25,5호선,둔촌동,8109,8280
2022-02-25,5호선,올림픽공원,3831,3343
2022-02-25,5호선,방이,6743,6867
2022-02-25,5호선,오금,3301,3458
2022-02-25,5호선,개롱,5952,6252
2022-02-25,5호선,거여,8910,8476
2022-02-25,5호선,마천,6437,6247
2022-02-25,5호선,강일,3696,3529
2022-02-25,5호선,미사,14548,14672
2022-02-25,5호선,하남풍산,3932,4019
2022-02-25,5호선,하남시청,6183,5931
2022-02-25,5호선,하남검단산,5037,4878
2022-02-26,5호선,방화,3972,3926
2022-02-26,5호선,개화산,3258,3195
2022-02-26,5호선,김포공항,6634,6958
2022-02-26,5호선,송정,4351,4342
2022-02-26,5호선,마곡,4828,4734
2022-02-26,5호선,발산,11949,12455
2022-02-26,5호선,우장산,8534,8451
2022-02-26,5호선,화곡,17339,16241
2022-02-26,5호선,까치산,18414,17919
2022-02-26,5호선,신정,8012,6926
2022-02-26,5호선,목동,9856,9928
2022-02-26,5호선,오목교,14767,15115
2022-02-26,5호선,양평,3213,3010
2022-02-26,5호선,영등포구청,1625,1670
2022-02-26,5호선,충정로,1670,1545
2022-02-26,5호선,애오개,3138,3108
2022-02-26,5호선,공덕,5928,6199
2022-02-26,5호선,마포,6479,6587
2022-02-26,5호선,여의나루,5318,7407
2022-02-26,5호선,여의도,10877,10681
2022-02-26,5호선,신길,2313,2490
2022-02-26,5호선,하남검단산,4278,4353
2022-02-26,5호선,하남시청,4583,4401
2022-02-26,5호선,하남풍산,2366,2370
2022-02-26,5호선,미사,9890,9694
2022-02-26,5호선,강일,2328,2170
2022-02-26,5호선,마천,4173,4329
2022-02-26,5호선,거여,5311,5069
2022-02-26,5호선,개롱,3782,3924
2022-02-26,5호선,오금,1871,1806
2022-02-26,5호선,방이,4353,4386
2022-02-26,5호선,올림픽공원,2406,2037
2022-02-26,5호선,둔촌동,5602,5533
2022-02-26,5호선,상일동,7818,7377
2022-02-26,5호선,고덕,5400,5314
2022-02-26,5호선,명일,5235,5205
2022-02-26,5호선,굽은다리,6042,5694
2022-02-26,5호선,길동,5233,5400
2022-02-26,5호선,강동,11294,10761
2022-02-26,5호선,천호,14737,13763
2022-02-26,5호선,광나루,8798,8450
2022-02-26,5호선,아차산,10591,10385
2022-02-26,5호선,군자,7210,7871
2022-02-26,5호선,장한평,9738,9579
2022-02-26,5호선,답십리,8785,8248
2022-02-26,5호선,마장,3330,3120
2022-02-26,5호선,왕십리,3089,3650
2022-02-26,5호선,행당,4586,4082
2022-02-26,5호선,신금호,3636,3769
2022-02-26,5호선,청구,2293,2027
2022-02-26,5호선,동대문역사문화공원,907,1148
2022-02-26,5호선,을지로4가,2749,3075
2022-02-26,5호선,종로3가,9638,9712
2022-02-26,5호선,광화문,11844,11990
2022-02-26,5호선,서대문,5977,5853
2022-02-26,5호선,영등포시장,7299,7523
2022-02-27,5호선,둔촌동,4002,4113
2022-02-27,5호선,하남검단산,4072,4090
2022-02-27,5호선,하남시청,3325,3315
2022-02-27,5호선,하남풍산,1814,1796
2022-02-27,5호선,미사,7444,7444
2022-02-27,5호선,강일,1829,1769
2022-02-27,5호선,마천,3247,3422
2022-02-27,5호선,거여,3930,3819
2022-02-27,5호선,개롱,2576,2832
2022-02-27,5호선,오금,1470,1457
2022-02-27,5호선,방이,3270,3161
2022-02-27,5호선,올림픽공원,2012,1733
2022-02-27,5호선,상일동,5577,5564
2022-02-27,5호선,고덕,3724,3695
2022-02-27,5호선,명일,4143,4206
2022-02-27,5호선,굽은다리,4495,4187
2022-02-27,5호선,길동,3699,3938
2022-02-27,5호선,강동,7945,7782
2022-02-27,5호선,천호,11105,10105
2022-02-27,5호선,광나루,6737,6690
2022-02-27,5호선,아차산,9684,9599
2022-02-27,5호선,군자,5351,5776
2022-02-27,5호선,장한평,6699,6712
2022-02-27,5호선,답십리,6564,6178
2022-02-27,5호선,마장,2466,2481
2022-02-27,5호선,왕십리,2181,2511
2022-02-27,5호선,행당,3535,3262
2022-02-27,5호선,신금호,2573,2799
2022-02-27,5호선,청구,1622,1507
2022-02-27,5호선,동대문역사문화공원,612,804
2022-02-27,5호선,을지로4가,1343,1524
2022-02-27,5호선,종로3가,7610,7037
2022-02-27,5호선,광화문,10206,9939
2022-02-27,5호선,서대문,4597,4488
2022-02-27,5호선,충정로,1311,1286
2022-02-27,5호선,애오개,2267,2291
2022-02-27,5호선,공덕,3998,3967
2022-02-27,5호선,마포,4196,4263
2022-02-27,5호선,여의나루,7285,8541
2022-02-27,5호선,여의도,8116,7975
2022-02-27,5호선,신길,1729,1913
2022-02-27,5호선,영등포시장,5027,5231
2022-02-27,5호선,영등포구청,1166,1139
2022-02-27,5호선,양평,2261,2245
2022-02-27,5호선,오목교,10252,10512
2022-02-27,5호선,목동,6715,6788
2022-02-27,5호선,신정,5477,5040
2022-02-27,5호선,까치산,13686,13498
2022-02-27,5호선,화곡,12245,11719
2022-02-27,5호선,우장산,5895,6055
2022-02-27,5호선,발산,8426,8846
2022-02-27,5호선,마곡,3249,3303
2022-02-27,5호선,송정,3250,3152
2022-02-27,5호선,김포공항,6211,5869
2022-02-27,5호선,개화산,2379,2511
2022-02-27,5호선,방화,3066,3064
2022-02-28,5호선,거여,8480,8198
2022-02-28,5호선,개화산,5008,4736
2022-02-28,5호선,김포공항,6648,6467
2022-02-28,5호선,송정,6070,5817
2022-02-28,5호선,마곡,9180,9110
2022-02-28,5호선,발산,17835,18598
2022-02-28,5호선,우장산,12250,12101
2022-02-28,5호선,화곡,25750,23861
2022-02-28,5호선,까치산,26136,25056
2022-02-28,5호선,신정,12165,9913
2022-02-28,5호선,목동,14694,15832
2022-02-28,5호선,오목교,19462,20493
2022-02-28,5호선,양평,6415,6369
2022-02-28,5호선,영등포구청,3535,3643
2022-02-28,5호선,영등포시장,9010,9359
2022-02-28,5호선,신길,3631,3860
2022-02-28,5호선,여의도,24843,25703
2022-02-28,5호선,여의나루,8813,10276
2022-02-28,5호선,마포,12221,12600
2022-02-28,5호선,공덕,11737,12500
2022-02-28,5호선,애오개,5832,5905
2022-02-28,5호선,충정로,3948,3887
2022-02-28,5호선,서대문,15268,15642
2022-02-28,5호선,광화문,23657,24448
2022-02-28,5호선,종로3가,11261,11591
2022-02-28,5호선,을지로4가,5299,5498
2022-02-28,5호선,동대문역사문화공원,2371,2778
2022-02-28,5호선,청구,3589,3276
2022-02-28,5호선,신금호,5450,5576
2022-02-28,5호선,왕십리,4279,4801
2022-02-28,5호선,마장,4992,4607
2022-02-28,5호선,답십리,14118,13080
2022-02-28,5호선,장한평,16150,16143
2022-02-28,5호선,군자,9944,10898
2022-02-28,5호선,아차산,12324,11985
2022-02-28,5호선,광나루,11161,10140
2022-02-28,5호선,천호,16158,15913
2022-02-28,5호선,강동,15635,14968
2022-02-28,5호선,길동,7306,7698
2022-02-28,5호선,굽은다리,8479,8060
2022-02-28,5호선,명일,7345,7599
2022-02-28,5호선,고덕,7994,8219
2022-02-28,5호선,상일동,12869,11703
2022-02-28,5호선,둔촌동,7650,7805
2022-02-28,5호선,올림픽공원,3640,3209
2022-02-28,5호선,방이,5921,6041
2022-02-28,5호선,오금,3052,3022
2022-02-28,5호선,개롱,5480,5692
2022-02-28,5호선,마천,6125,5960
2022-02-28,5호선,강일,3389,3277
2022-02-28,5호선,미사,13710,13582
2022-02-28,5호선,하남풍산,3553,3646
2022-02-28,5호선,하남시청,5870,5619
2022-02-28,5호선,하남검단산,4918,4776
2022-02-28,5호선,방화,5734,5456
2022-02-28,5호선,행당,6989,6201
2022-03-01,5호선,하남검단산,3815,3853
2022-03-01,5호선,하남시청,3612,3455
2022-03-01,5호선,하남풍산,1906,1925
2022-03-01,5호선,미사,7925,7944
2022-03-01,5호선,강일,1909,1932
2022-03-01,5호선,마천,3173,3307
2022-03-01,5호선,거여,4088,3970
2022-03-01,5호선,개롱,2636,2907
2022-03-01,5호선,오금,1321,1325
2022-03-01,5호선,방이,3091,3046
2022-03-01,5호선,올림픽공원,2065,1724
2022-03-01,5호선,둔촌동,4188,4221
2022-03-01,5호선,상일동,6077,5898
2022-03-01,5호선,고덕,3930,3995
2022-03-01,5호선,명일,4053,4011
2022-03-01,5호선,굽은다리,5248,5043
2022-03-01,5호선,길동,4100,4225
2022-03-01,5호선,강동,7976,7820
2022-03-01,5호선,천호,11338,10716
2022-03-01,5호선,광나루,6154,6050
2022-03-01,5호선,아차산,8536,8361
2022-03-01,5호선,군자,5774,6492
2022-03-01,5호선,장한평,8057,8120
2022-03-01,5호선,답십리,7351,6933
2022-03-01,5호선,마장,2779,2634
2022-03-01,5호선,왕십리,2470,2904
2022-03-01,5호선,행당,3661,3208
2022-03-01,5호선,신금호,2849,3083
2022-03-01,5호선,청구,1970,1828
2022-03-01,5호선,동대문역사문화공원,805,923
2022-03-01,5호선,을지로4가,2597,2705
2022-03-01,5호선,종로3가,9349,8635
2022-03-01,5호선,광화문,17406,18804
2022-03-01,5호선,서대문,4587,4457
2022-03-01,5호선,충정로,1281,1240
2022-03-01,5호선,애오개,2316,2368
2022-03-01,5호선,공덕,4381,4454
2022-03-01,5호선,마포,4935,4949
2022-03-01,5호선,여의나루,6231,7713
2022-03-01,5호선,여의도,8852,8827
2022-03-01,5호선,신길,1866,2069
2022-03-01,5호선,영등포시장,4794,5093
2022-03-01,5호선,영등포구청,1389,1385
2022-03-01,5호선,양평,2520,2516
2022-03-01,5호선,오목교,10953,11417
2022-03-01,5호선,목동,7385,7414
2022-03-01,5호선,신정,6147,5535
2022-03-01,5호선,까치산,14930,14628
2022-03-01,5호선,화곡,13860,13058
2022-03-01,5호선,우장산,6277,6382
2022-03-01,5호선,발산,8799,9169
2022-03-01,5호선,마곡,3753,3787
2022-03-01,5호선,송정,3446,3460
2022-03-01,5호선,김포공항,6565,5925
2022-03-01,5호선,개화산,2656,2692
2022-03-01,5호선,방화,3183,3113
2022-03-02,5호선,방화,6420,6121
2022-03-02,5호선,개화산,5273,5051
2022-03-02,5호선,김포공항,6341,5699
2022-03-02,5호선,송정,6262,5883
2022-03-02,5호선,마곡,10135,10148
2022-03-02,5호선,발산,19507,19631
2022-03-02,5호선,우장산,13769,13628
2022-03-02,5호선,화곡,26925,25275
2022-03-02,5호선,까치산,27248,26396
2022-03-02,5호선,신정,13195,10923
2022-03-02,5호선,목동,15474,16993
2022-03-02,5호선,오목교,19659,20973
2022-03-02,5호선,양평,7150,7155
2022-03-02,5호선,영등포구청,3771,3850
2022-03-02,5호선,영등포시장,9371,9584
2022-03-02,5호선,신길,3791,4268
2022-03-02,5호선,여의도,25921,26930
2022-03-02,5호선,여의나루,8519,9501
2022-03-02,5호선,마포,13246,13568
2022-03-02,5호선,공덕,12822,13270
2022-03-02,5호선,애오개,6282,6321
2022-03-02,5호선,충정로,4462,4530
2022-03-02,5호선,서대문,18158,18409
2022-03-02,5호선,광화문,26597,27305
2022-03-02,5호선,종로3가,10037,10066
2022-03-02,5호선,을지로4가,5766,5654
2022-03-02,5호선,동대문역사문화공원,2764,3159
2022-03-02,5호선,청구,3930,3450
2022-03-02,5호선,신금호,6114,6490
2022-03-02,5호선,행당,7620,6857
2022-03-02,5호선,왕십리,4316,4851
2022-03-02,5호선,마장,5373,5123
2022-03-02,5호선,답십리,15099,13930
2022-03-02,5호선,장한평,17312,17262
2022-03-02,5호선,군자,10424,11393
2022-03-02,5호선,아차산,14113,13636
2022-03-02,5호선,광나루,12379,11517
2022-03-02,5호선,천호,16215,16342
2022-03-02,5호선,강동,17108,16593
2022-03-02,5호선,길동,7587,7852
2022-03-02,5호선,굽은다리,8886,8511
2022-03-02,5호선,명일,8237,8421
2022-03-02,5호선,고덕,9153,9197
2022-03-02,5호선,상일동,13877,13139
2022-03-02,5호선,둔촌동,8037,8158
2022-03-02,5호선,올림픽공원,4066,3623
2022-03-02,5호선,방이,6529,6829
2022-03-02,5호선,오금,3606,3575
2022-03-02,5호선,개롱,6177,6425
2022-03-02,5호선,거여,9451,8984
2022-03-02,5호선,마천,6747,6641
2022-03-02,5호선,강일,3724,3601
2022-03-02,5호선,미사,14734,15027
2022-03-02,5호선,하남풍산,4083,4117
2022-03-02,5호선,하남시청,6106,6046
2022-03-02,5호선,하남검단산,5165,4892
2022-03-03,5호선,하남검단산,5150,4947
2022-03-03,5호선,하남시청,6114,6022
2022-03-03,5호선,하남풍산,4121,4136
2022-03-03,5호선,미사,14545,14569
2022-03-03,5호선,강일,3797,3637
2022-03-03,5호선,마천,6657,6553
2022-03-03,5호선,거여,9346,9021
2022-03-03,5호선,개롱,6158,6361
2022-03-03,5호선,오금,3692,3633
2022-03-03,5호선,올림픽공원,3912,3387
2022-03-03,5호선,둔촌동,8160,8065
2022-03-03,5호선,상일동,13783,12977
2022-03-03,5호선,고덕,8903,8983
2022-03-03,5호선,명일,8044,8261
2022-03-03,5호선,굽은다리,8850,8556
2022-03-03,5호선,길동,7399,7793
2022-03-03,5호선,강동,17261,16780
2022-03-03,5호선,천호,16239,16455
2022-03-03,5호선,광나루,12425,11460
2022-03-03,5호선,아차산,13979,13482
2022-03-03,5호선,군자,10392,11495
2022-03-03,5호선,장한평,17335,17324
2022-03-03,5호선,답십리,14914,13853
2022-03-03,5호선,마장,5441,5107
2022-03-03,5호선,왕십리,4334,4794
2022-03-03,5호선,행당,7571,6764
2022-03-03,5호선,신금호,5959,6303
2022-03-03,5호선,청구,3902,3438
2022-03-03,5호선,동대문역사문화공원,2700,3127
2022-03-03,5호선,을지로4가,5713,5781
2022-03-03,5호선,종로3가,10477,10413
2022-03-03,5호선,광화문,26281,27722
2022-03-03,5호선,서대문,18028,18223
2022-03-03,5호선,충정로,4461,4430
2022-03-03,5호선,애오개,6337,6387
2022-03-03,5호선,공덕,12559,13235
2022-03-03,5호선,마포,13332,13527
2022-03-03,5호선,여의나루,8788,9677
2022-03-03,5호선,여의도,26482,27686
2022-03-03,5호선,신길,3892,4142
2022-03-03,5호선,영등포시장,9503,9699
2022-03-03,5호선,영등포구청,3726,3810
2022-03-03,5호선,양평,7078,7039
2022-03-03,5호선,오목교,19315,20772
2022-03-03,5호선,목동,15671,17041
2022-03-03,5호선,신정,13053,10681
2022-03-03,5호선,까치산,27440,26502
2022-03-03,5호선,화곡,26846,25285
2022-03-03,5호선,우장산,13684,13560
2022-03-03,5호선,발산,19857,19996
2022-03-03,5호선,마곡,10277,10127
2022-03-03,5호선,송정,6131,5846
2022-03-03,5호선,김포공항,6064,5654
2022-03-03,5호선,개화산,5315,5153
2022-03-03,5호선,방화,6291,6050
2022-03-03,5호선,방이,6544,6906
2022-03-04,5호선,하남검단산,5147,4982
2022-03-04,5호선,하남시청,6409,6385
2022-03-04,5호선,하남풍산,4102,4170
2022-03-04,5호선,미사,14469,14704
2022-03-04,5호선,강일,3757,3537
2022-03-04,5호선,마천,6630,6473
2022-03-04,5호선,거여,9388,8982
2022-03-04,5호선,개롱,5999,6269
2022-03-04,5호선,오금,3710,3688
2022-03-04,5호선,방이,6672,6907
2022-03-04,5호선,올림픽공원,3989,3530
2022-03-04,5호선,둔촌동,8111,8259
2022-03-04,5호선,상일동,13819,13006
2022-03-04,5호선,고덕,9289,9310
2022-03-04,5호선,명일,8232,8533
2022-03-04,5호선,굽은다리,8786,8377
2022-03-04,5호선,길동,7739,8131
2022-03-04,5호선,강동,17678,16879
2022-03-04,5호선,천호,16548,16548
2022-03-04,5호선,광나루,12177,11083
2022-03-04,5호선,아차산,14336,13919
2022-03-04,5호선,군자,10683,11801
2022-03-04,5호선,장한평,17406,17261
2022-03-04,5호선,답십리,15075,13919
2022-03-04,5호선,마장,5336,4987
2022-03-04,5호선,왕십리,4307,4812
2022-03-04,5호선,행당,7326,6701
2022-03-04,5호선,신금호,6033,6170
2022-03-04,5호선,동대문역사문화공원,2616,3069
2022-03-04,5호선,을지로4가,5513,5637
2022-03-04,5호선,종로3가,10978,11231
2022-03-04,5호선,광화문,26107,27238
2022-03-04,5호선,서대문,17477,17315
2022-03-04,5호선,충정로,4293,4335
2022-03-04,5호선,애오개,6249,6199
2022-03-04,5호선,공덕,12570,13290
2022-03-04,5호선,마포,13079,13689
2022-03-04,5호선,여의나루,8405,9335
2022-03-04,5호선,여의도,25705,26886
2022-03-04,5호선,신길,3858,4133
2022-03-04,5호선,영등포시장,9429,9642
2022-03-04,5호선,영등포구청,3715,3718
2022-03-04,5호선,양평,7188,6958
2022-03-04,5호선,오목교,19570,21392
2022-03-04,5호선,목동,15632,16785
2022-03-04,5호선,신정,13157,10812
2022-03-04,5호선,까치산,26990,26032
2022-03-04,5호선,화곡,26544,25185
2022-03-04,5호선,우장산,13753,13480
2022-03-04,5호선,발산,18689,19080
2022-03-04,5호선,마곡,9918,9935
2022-03-04,5호선,송정,6126,5915
2022-03-04,5호선,김포공항,6570,6553
2022-03-04,5호선,개화산,5153,5004
2022-03-04,5호선,방화,6267,6062
2022-03-04,5호선,청구,3796,3397
2022-03-05,5호선,방화,4141,3996
2022-03-05,5호선,개화산,3240,3265
2022-03-05,5호선,김포공항,6269,6379
2022-03-05,5호선,송정,4461,4270
2022-03-05,5호선,마곡,5001,4994
2022-03-05,5호선,발산,11973,12513
2022-03-05,5호선,우장산,8512,8442
2022-03-05,5호선,화곡,17903,16544
2022-03-05,5호선,까치산,18445,18025
2022-03-05,5호선,신정,8018,7050
2022-03-05,5호선,목동,9575,9714
2022-03-05,5호선,오목교,14324,14671
2022-03-05,5호선,양평,3241,3116
2022-03-05,5호선,영등포구청,1683,1616
2022-03-05,5호선,영등포시장,7165,7571
2022-03-05,5호선,신길,2313,2406
2022-03-05,5호선,여의도,11186,11040
2022-03-05,5호선,여의나루,6446,8417
2022-03-05,5호선,마포,6327,6429
2022-03-05,5호선,공덕,5928,6158
2022-03-05,5호선,애오개,3106,3126
2022-03-05,5호선,충정로,1695,1606
2022-03-05,5호선,서대문,6165,6050
2022-03-05,5호선,광화문,16403,16833
2022-03-05,5호선,종로3가,10547,10406
2022-03-05,5호선,을지로4가,2910,3070
2022-03-05,5호선,동대문역사문화공원,897,1164
2022-03-05,5호선,청구,2208,2071
2022-03-05,5호선,신금호,3729,3836
2022-03-05,5호선,행당,4470,4048
2022-03-05,5호선,왕십리,3165,3730
2022-03-05,5호선,마장,3505,3355
2022-03-05,5호선,답십리,9153,8407
2022-03-05,5호선,장한평,9700,9738
2022-03-05,5호선,군자,7662,8505
2022-03-05,5호선,아차산,13420,13157
2022-03-05,5호선,광나루,8569,8107
2022-03-05,5호선,천호,14794,13949
2022-03-05,5호선,강동,11203,10818
2022-03-05,5호선,길동,5280,5516
2022-03-05,5호선,굽은다리,6227,5782
2022-03-05,5호선,명일,5457,5346
2022-03-05,5호선,고덕,5527,5540
2022-03-05,5호선,상일동,7932,7508
2022-03-05,5호선,둔촌동,5434,5401
2022-03-05,5호선,올림픽공원,2506,2234
2022-03-05,5호선,방이,4899,4783
2022-03-05,5호선,오금,2142,2084
2022-03-05,5호선,개롱,3866,4045
2022-03-05,5호선,거여,5414,5243
2022-03-05,5호선,마천,4160,4321
2022-03-05,5호선,강일,2327,2248
2022-03-05,5호선,미사,10149,9920
2022-03-05,5호선,하남풍산,2446,2500
2022-03-05,5호선,하남시청,4642,4554
2022-03-05,5호선,하남검단산,4377,4453
2022-03-06,5호선,하남검단산,3895,3835
2022-03-06,5호선,하남시청,3314,3217
2022-03-06,5호선,하남풍산,1850,1798
2022-03-06,5호선,미사,7197,7183
2022-03-06,5호선,강일,1752,1624
2022-03-06,5호선,마천,3051,3215
2022-03-06,5호선,거여,3716,3617
2022-03-06,5호선,개롱,2469,2741
2022-03-06,5호선,오금,1371,1297
2022-03-06,5호선,방이,3412,3259
2022-03-06,5호선,올림픽공원,1773,1636
2022-03-06,5호선,둔촌동,3658,3785
2022-03-06,5호선,상일동,5460,5371
2022-03-06,5호선,고덕,3747,3750
2022-03-06,5호선,명일,3897,3926
2022-03-06,5호선,굽은다리,4629,4374
2022-03-06,5호선,길동,3483,3609
2022-03-06,5호선,강동,7803,7553
2022-03-06,5호선,천호,10996,9714
2022-03-06,5호선,광나루,6612,6769
2022-03-06,5호선,아차산,9314,9054
2022-03-06,5호선,군자,5146,5828
2022-03-06,5호선,장한평,6467,6378
2022-03-06,5호선,답십리,6272,5824
2022-03-06,5호선,마장,2419,2273
2022-03-06,5호선,왕십리,2255,2617
2022-03-06,5호선,행당,3144,2981
2022-03-06,5호선,신금호,2535,2715
2022-03-06,5호선,청구,1537,1394
2022-03-06,5호선,동대문역사문화공원,605,737
2022-03-06,5호선,을지로4가,1208,1302
2022-03-06,5호선,종로3가,6976,6221
2022-03-06,5호선,광화문,9190,9175
2022-03-06,5호선,서대문,4367,4210
2022-03-06,5호선,충정로,1204,1248
2022-03-06,5호선,애오개,2182,2268
2022-03-06,5호선,공덕,3810,3947
2022-03-06,5호선,마포,3977,3975
2022-03-06,5호선,여의나루,6214,7504
2022-03-06,5호선,여의도,7551,7403
2022-03-06,5호선,신길,1555,1764
2022-03-06,5호선,영등포시장,4475,4750
2022-03-06,5호선,영등포구청,1072,1115
2022-03-06,5호선,양평,2175,2282
2022-03-06,5호선,오목교,9988,10150
2022-03-06,5호선,목동,6389,6411
2022-03-06,5호선,신정,5401,4896
2022-03-06,5호선,까치산,13056,12672
2022-03-06,5호선,화곡,11813,11214
2022-03-06,5호선,우장산,5612,5854
2022-03-06,5호선,발산,7784,8034
2022-03-06,5호선,마곡,3089,3192
2022-03-06,5호선,송정,3143,3113
2022-03-06,5호선,김포공항,5766,5539
2022-03-06,5호선,개화산,2315,2330
2022-03-06,5호선,방화,2984,2986
2022-03-07,5호선,하남검단산,5026,4935
2022-03-07,5호선,하남시청,6079,5950
2022-03-07,5호선,하남풍산,4047,3974
2022-03-07,5호선,미사,14208,14234
2022-03-07,5호선,강일,3741,3547
2022-03-07,5호선,마천,6561,6329
2022-03-07,5호선,거여,9174,8868
2022-03-07,5호선,개롱,5884,6204
2022-03-07,5호선,오금,3518,3414
2022-03-07,5호선,방이,6372,6684
2022-03-07,5호선,올림픽공원,3933,3355
2022-03-07,5호선,둔촌동,7868,7919
2022-03-07,5호선,상일동,13532,12893
2022-03-07,5호선,고덕,8844,8834
2022-03-07,5호선,명일,7793,8114
2022-03-07,5호선,굽은다리,8642,8295
2022-03-07,5호선,길동,7413,7747
2022-03-07,5호선,강동,17016,16363
2022-03-07,5호선,천호,15549,15480
2022-03-07,5호선,광나루,12108,10872
2022-03-07,5호선,아차산,13213,12765
2022-03-07,5호선,군자,10048,11032
2022-03-07,5호선,장한평,16849,16621
2022-03-07,5호선,답십리,14849,13777
2022-03-07,5호선,마장,5360,5075
2022-03-07,5호선,왕십리,4023,4568
2022-03-07,5호선,행당,7333,6762
2022-03-07,5호선,신금호,5911,6167
2022-03-07,5호선,청구,3785,3333
2022-03-07,5호선,동대문역사문화공원,2659,3074
2022-03-07,5호선,을지로4가,5618,5575
2022-03-07,5호선,종로3가,9933,9984
2022-03-07,5호선,광화문,25586,26528
2022-03-07,5호선,서대문,17381,17629
2022-03-07,5호선,충정로,4451,4442
2022-03-07,5호선,애오개,6108,6145
2022-03-07,5호선,공덕,12313,12948
2022-03-07,5호선,마포,12982,13308
2022-03-07,5호선,여의나루,7252,7755
2022-03-07,5호선,여의도,24558,25997
2022-03-07,5호선,신길,3799,4169
2022-03-07,5호선,영등포시장,9027,9171
2022-03-07,5호선,영등포구청,3697,3757
2022-03-07,5호선,양평,6930,6966
2022-03-07,5호선,오목교,19044,20374
2022-03-07,5호선,목동,15279,16563
2022-03-07,5호선,신정,12882,10521
2022-03-07,5호선,까치산,26837,25734
2022-03-07,5호선,화곡,26258,24884
2022-03-07,5호선,우장산,13456,13192
2022-03-07,5호선,발산,19263,19483
2022-03-07,5호선,마곡,10084,9865
2022-03-07,5호선,송정,6041,5788
2022-03-07,5호선,김포공항,5655,5253
2022-03-07,5호선,개화산,5174,5006
2022-03-07,5호선,방화,6080,5931
2022-03-08,5호선,방화,6122,5920
2022-03-08,5호선,개화산,5295,5052
2022-03-08,5호선,김포공항,5880,5858
2022-03-08,5호선,송정,6075,5875
2022-03-08,5호선,마곡,10047,10042
2022-03-08,5호선,발산,19416,19949
2022-03-08,5호선,우장산,13616,13329
2022-03-08,5호선,화곡,26669,24847
2022-03-08,5호선,까치산,27206,26067
2022-03-08,5호선,신정,13111,10437
2022-03-08,5호선,목동,15701,16908
2022-03-08,5호선,오목교,19496,20960
2022-03-08,5호선,양평,7008,6890
2022-03-08,5호선,영등포구청,3652,3777
2022-03-08,5호선,영등포시장,9172,9473
2022-03-08,5호선,신길,3889,4155
2022-03-08,5호선,여의도,25947,27366
2022-03-08,5호선,여의나루,8547,9633
2022-03-08,5호선,마포,13244,13572
2022-03-08,5호선,공덕,12672,13515
2022-03-08,5호선,애오개,6320,6381
2022-03-08,5호선,충정로,4465,4574
2022-03-08,5호선,서대문,17690,17976
2022-03-08,5호선,광화문,30685,32587
2022-03-08,5호선,종로3가,10763,11337
2022-03-08,5호선,을지로4가,5793,5816
2022-03-08,5호선,동대문역사문화공원,2664,3152
2022-03-08,5호선,청구,3839,3475
2022-03-08,5호선,신금호,6115,6361
2022-03-08,5호선,행당,7589,6765
2022-03-08,5호선,왕십리,4202,4889
2022-03-08,5호선,마장,5471,5178
2022-03-08,5호선,답십리,15117,13839
2022-03-08,5호선,장한평,17223,17099
2022-03-08,5호선,군자,10527,11758
2022-03-08,5호선,아차산,14101,13584
2022-03-08,5호선,광나루,12256,11127
2022-03-08,5호선,천호,16382,16423
2022-03-08,5호선,강동,17534,16676
2022-03-08,5호선,길동,7587,7905
2022-03-08,5호선,굽은다리,8856,8203
2022-03-08,5호선,명일,7955,8152
2022-03-08,5호선,고덕,8943,8915
2022-03-08,5호선,상일동,13714,12872
2022-03-08,5호선,둔촌동,8148,8189
2022-03-08,5호선,올림픽공원,3993,3464
2022-03-08,5호선,방이,6641,6914
2022-03-08,5호선,오금,3546,3523
2022-03-08,5호선,개롱,6016,6097
2022-03-08,5호선,거여,9518,8954
2022-03-08,5호선,마천,6705,6436
2022-03-08,5호선,강일,3774,3651
2022-03-08,5호선,미사,14426,14428
2022-03-08,5호선,하남풍산,3983,3962
2022-03-08,5호선,하남시청,6151,5947
2022-03-08,5호선,하남검단산,5156,4911
2022-03-09,5호선,개화산,2838,2866
2022-03-09,5호선,김포공항,5707,5478
2022-03-09,5호선,송정,3596,3549
2022-03-09,5호선,마곡,3786,4016
2022-03-09,5호선,발산,9342,9620
2022-03-09,5호선,우장산,6588,6859
2022-03-09,5호선,화곡,15020,14049
2022-03-09,5호선,까치산,15830,15443
2022-03-09,5호선,신정,6571,5986
2022-03-09,5호선,목동,7813,7929
2022-03-09,5호선,오목교,11327,11623
2022-03-09,5호선,양평,2704,2608
2022-03-09,5호선,영등포구청,1461,1430
2022-03-09,5호선,영등포시장,5045,5228
2022-03-09,5호선,신길,1876,2109
2022-03-09,5호선,여의도,8575,8572
2022-03-09,5호선,여의나루,9918,11301
2022-03-09,5호선,마포,5334,5429
2022-03-09,5호선,공덕,4749,4777
2022-03-09,5호선,애오개,2614,2496
2022-03-09,5호선,충정로,1392,1312
2022-03-09,5호선,서대문,4862,4814
2022-03-09,5호선,광화문,10892,11000
2022-03-09,5호선,종로3가,9151,8611
2022-03-09,5호선,을지로4가,2550,2602
2022-03-09,5호선,동대문역사문화공원,920,1146
2022-03-09,5호선,청구,2186,1896
2022-03-09,5호선,신금호,3074,3240
2022-03-09,5호선,행당,3949,3436
2022-03-09,5호선,왕십리,2618,3021
2022-03-09,5호선,마장,2931,2756
2022-03-09,5호선,답십리,7984,7440
2022-03-09,5호선,장한평,8169,8226
2022-03-09,5호선,군자,6287,6874
2022-03-09,5호선,아차산,10773,10685
2022-03-09,5호선,광나루,7267,7097
2022-03-09,5호선,천호,11711,11055
2022-03-09,5호선,강동,9244,8949
2022-03-09,5호선,길동,4421,4418
2022-03-09,5호선,굽은다리,5061,4961
2022-03-09,5호선,명일,4373,4309
2022-03-09,5호선,고덕,4300,4425
2022-03-09,5호선,상일동,6657,6316
2022-03-09,5호선,둔촌동,4220,4252
2022-03-09,5호선,올림픽공원,2271,1981
2022-03-09,5호선,방이,3456,3432
2022-03-09,5호선,오금,1555,1474
2022-03-09,5호선,개롱,2859,3085
2022-03-09,5호선,거여,4518,4332
2022-03-09,5호선,마천,3493,3721
2022-03-09,5호선,강일,2073,1988
2022-03-09,5호선,미사,8701,8688
2022-03-09,5호선,방화,3522,3397
2022-03-09,5호선,하남풍산,1920,1812
2022-03-09,5호선,하남시청,4193,4097
2022-03-09,5호선,하남검단산,4107,4170
2022-03-10,5호선,하남검단산,4887,4709
2022-03-10,5호선,하남시청,5925,5855
2022-03-10,5호선,하남풍산,3927,3905
2022-03-10,5호선,미사,14252,14162
2022-03-10,5호선,강일,3656,3468
2022-03-10,5호선,마천,6433,6307
2022-03-10,5호선,거여,9188,8788
2022-03-10,5호선,개롱,5766,5997
2022-03-10,5호선,오금,3486,3451
2022-03-10,5호선,방이,6229,6459
2022-03-10,5호선,올림픽공원,3847,3312
2022-03-10,5호선,둔촌동,7618,7700
2022-03-10,5호선,상일동,13312,12575
2022-03-10,5호선,고덕,8563,8600
2022-03-10,5호선,명일,7671,7912
2022-03-10,5호선,굽은다리,8562,8036
2022-03-10,5호선,길동,7194,7561
2022-03-10,5호선,강동,17102,16353
2022-03-10,5호선,천호,15346,15512
2022-03-10,5호선,광나루,12002,11008
2022-03-10,5호선,아차산,13728,13285
2022-03-10,5호선,군자,10059,11102
2022-03-10,5호선,장한평,17039,16952
2022-03-10,5호선,답십리,14496,13326
2022-03-10,5호선,마장,5248,4922
2022-03-10,5호선,왕십리,4139,4560
2022-03-10,5호선,행당,7346,6561
2022-03-10,5호선,신금호,5745,6109
2022-03-10,5호선,청구,3716,3377
2022-03-10,5호선,동대문역사문화공원,2687,3146
2022-03-10,5호선,을지로4가,5570,5478
2022-03-10,5호선,광화문,25418,26556
2022-03-10,5호선,서대문,17614,17820
2022-03-10,5호선,충정로,4451,4480
2022-03-10,5호선,애오개,6170,6233
2022-03-10,5호선,공덕,12272,12882
2022-03-10,5호선,마포,12841,13230
2022-03-10,5호선,여의나루,8694,9466
2022-03-10,5호선,여의도,24516,26083
2022-03-10,5호선,신길,3701,3981
2022-03-10,5호선,영등포시장,9104,9259
2022-03-10,5호선,영등포구청,3654,3696
2022-03-10,5호선,양평,6903,6743
2022-03-10,5호선,오목교,18897,20138
2022-03-10,5호선,목동,15162,16370
2022-03-10,5호선,신정,12761,10456
2022-03-10,5호선,까치산,26541,25491
2022-03-10,5호선,화곡,25893,24166
2022-03-10,5호선,우장산,13160,13076
2022-03-10,5호선,발산,18766,18955
2022-03-10,5호선,마곡,9900,9902
2022-03-10,5호선,송정,5890,5636
2022-03-10,5호선,김포공항,5731,5538
2022-03-10,5호선,개화산,5090,4913
2022-03-10,5호선,방화,6030,5768
2022-03-10,5호선,종로3가,10162,10168
2022-03-11,5호선,하남검단산,5195,4978
2022-03-11,5호선,하남시청,6185,6108
2022-03-11,5호선,하남풍산,4076,4002
2022-03-11,5호선,미사,14622,14599
2022-03-11,5호선,강일,3761,3584
2022-03-11,5호선,마천,6671,6397
2022-03-11,5호선,거여,9322,8896
2022-03-11,5호선,개롱,5914,5964
2022-03-11,5호선,오금,3458,3450
2022-03-11,5호선,방이,6412,6704
2022-03-11,5호선,올림픽공원,4031,3596
2022-03-11,5호선,둔촌동,8081,8146
2022-03-11,5호선,상일동,13731,12849
2022-03-11,5호선,고덕,9079,8926
2022-03-11,5호선,명일,8000,8366
2022-03-11,5호선,굽은다리,8643,8262
2022-03-11,5호선,길동,7551,7921
2022-03-11,5호선,강동,17374,16605
2022-03-11,5호선,천호,16924,16885
2022-03-11,5호선,광나루,12970,11599
2022-03-11,5호선,아차산,13929,13488
2022-03-11,5호선,군자,10521,11478
2022-03-11,5호선,장한평,17311,17269
2022-03-11,5호선,답십리,15025,13773
2022-03-11,5호선,마장,5423,5068
2022-03-11,5호선,왕십리,4318,4935
2022-03-11,5호선,행당,7455,6575
2022-03-11,5호선,신금호,5919,6112
2022-03-11,5호선,청구,3770,3410
2022-03-11,5호선,동대문역사문화공원,2530,3021
2022-03-11,5호선,을지로4가,5726,5756
2022-03-11,5호선,종로3가,11015,11205
2022-03-11,5호선,광화문,24601,25919
2022-03-11,5호선,서대문,17035,17118
2022-03-11,5호선,충정로,4331,4281
2022-03-11,5호선,애오개,6254,6228
2022-03-11,5호선,공덕,12298,13092
2022-03-11,5호선,마포,13008,13477
2022-03-11,5호선,여의나루,10888,11479
2022-03-11,5호선,여의도,24631,26376
2022-03-11,5호선,신길,3810,3967
2022-03-11,5호선,영등포시장,9517,9602
2022-03-11,5호선,영등포구청,3618,3789
2022-03-11,5호선,양평,6911,6625
2022-03-11,5호선,오목교,19637,21388
2022-03-11,5호선,목동,15633,16715
2022-03-11,5호선,신정,12847,10444
2022-03-11,5호선,까치산,26990,25906
2022-03-11,5호선,화곡,26497,24918
2022-03-11,5호선,우장산,13666,13264
2022-03-11,5호선,발산,18746,19313
2022-03-11,5호선,마곡,9740,9839
2022-03-11,5호선,송정,6089,5734
2022-03-11,5호선,김포공항,6532,6587
2022-03-11,5호선,개화산,5189,5092
2022-03-11,5호선,방화,6182,5941
2022-03-12,5호선,하남검단산,4522,4539
2022-03-12,5호선,하남시청,4750,4502
2022-03-12,5호선,미사,10201,10199
2022-03-12,5호선,강일,2529,2326
2022-03-12,5호선,마천,4194,4395
2022-03-12,5호선,거여,5704,5393
2022-03-12,5호선,개롱,3580,3820
2022-03-12,5호선,오금,1818,1736
2022-03-12,5호선,방이,4514,4550
2022-03-12,5호선,올림픽공원,2646,2405
2022-03-12,5호선,둔촌동,5428,5263
2022-03-12,5호선,상일동,7998,7548
2022-03-12,5호선,고덕,5631,5376
2022-03-12,5호선,명일,5301,5304
2022-03-12,5호선,굽은다리,6201,5815
2022-03-12,5호선,길동,5355,5505
2022-03-12,5호선,강동,11610,11133
2022-03-12,5호선,천호,14771,14140
2022-03-12,5호선,광나루,9351,8949
2022-03-12,5호선,아차산,12200,11916
2022-03-12,5호선,군자,7300,8063
2022-03-12,5호선,장한평,9735,9581
2022-03-12,5호선,답십리,9056,8208
2022-03-12,5호선,마장,3379,3204
2022-03-12,5호선,왕십리,2981,3594
2022-03-12,5호선,행당,4656,4039
2022-03-12,5호선,신금호,3516,3622
2022-03-12,5호선,청구,2197,2052
2022-03-12,5호선,동대문역사문화공원,931,1131
2022-03-12,5호선,을지로4가,2920,3389
2022-03-12,5호선,종로3가,10428,10548
2022-03-12,5호선,광화문,14077,14408
2022-03-12,5호선,서대문,6075,5868
2022-03-12,5호선,충정로,1692,1541
2022-03-12,5호선,애오개,3179,3106
2022-03-12,5호선,공덕,5882,6069
2022-03-12,5호선,마포,6529,6485
2022-03-12,5호선,여의나루,10047,11528
2022-03-12,5호선,여의도,10759,11118
2022-03-12,5호선,신길,2242,2361
2022-03-12,5호선,영등포시장,7278,7607
2022-03-12,5호선,영등포구청,1799,1827
2022-03-12,5호선,양평,3265,3086
2022-03-12,5호선,오목교,14160,14405
2022-03-12,5호선,목동,9695,9750
2022-03-12,5호선,신정,7990,6875
2022-03-12,5호선,까치산,18851,17998
2022-03-12,5호선,화곡,17686,16387
2022-03-12,5호선,우장산,8398,8399
2022-03-12,5호선,발산,12326,12800
2022-03-12,5호선,마곡,4820,4829
2022-03-12,5호선,송정,4481,4365
2022-03-12,5호선,김포공항,6192,6319
2022-03-12,5호선,개화산,3410,3331
2022-03-12,5호선,방화,3992,3862
2022-03-12,5호선,하남풍산,2309,2281
2022-03-13,5호선,하남검단산,2851,2908
2022-03-13,5호선,하남시청,2776,2804
2022-03-13,5호선,하남풍산,1526,1570
2022-03-13,5호선,미사,6413,6337
2022-03-13,5호선,강일,1461,1453
2022-03-13,5호선,마천,2578,2691
2022-03-13,5호선,거여,3668,3548
2022-03-13,5호선,개롱,2163,2408
2022-03-13,5호선,오금,1106,1053
2022-03-13,5호선,방이,3037,2832
2022-03-13,5호선,올림픽공원,1518,1443
2022-03-13,5호선,둔촌동,3449,3425
2022-03-13,5호선,상일동,4759,4551
2022-03-13,5호선,고덕,3098,3058
2022-03-13,5호선,명일,3354,3402
2022-03-13,5호선,굽은다리,3928,3688
2022-03-13,5호선,길동,3259,3320
2022-03-13,5호선,강동,6887,6925
2022-03-13,5호선,천호,9738,8979
2022-03-13,5호선,광나루,5898,5653
2022-03-13,5호선,아차산,6914,6800
2022-03-13,5호선,군자,4540,5089
2022-03-13,5호선,장한평,6060,5896
2022-03-13,5호선,답십리,5540,5261
2022-03-13,5호선,마장,2195,2109
2022-03-13,5호선,왕십리,1836,2224
2022-03-13,5호선,행당,3007,2771
2022-03-13,5호선,신금호,2193,2291
2022-03-13,5호선,동대문역사문화공원,596,695
2022-03-13,5호선,을지로4가,1151,1175
2022-03-13,5호선,종로3가,6067,5458
2022-03-13,5호선,광화문,8077,8164
2022-03-13,5호선,서대문,3941,3819
2022-03-13,5호선,충정로,1122,1080
2022-03-13,5호선,애오개,1979,2058
2022-03-13,5호선,공덕,3506,3437
2022-03-13,5호선,마포,3632,3550
2022-03-13,5호선,여의나루,4746,5809
2022-03-13,5호선,여의도,6372,6623
2022-03-13,5호선,신길,1479,1692
2022-03-13,5호선,영등포시장,4263,4476
2022-03-13,5호선,영등포구청,1001,1018
2022-03-13,5호선,양평,2032,2006
2022-03-13,5호선,오목교,9099,9064
2022-03-13,5호선,목동,5825,5901
2022-03-13,5호선,신정,4993,4366
2022-03-13,5호선,까치산,12117,11918
2022-03-13,5호선,화곡,10884,10458
2022-03-13,5호선,우장산,5158,5221
2022-03-13,5호선,발산,7382,7582
2022-03-13,5호선,마곡,2783,3050
2022-03-13,5호선,송정,2752,2835
2022-03-13,5호선,김포공항,5493,5357
2022-03-13,5호선,개화산,2161,2114
2022-03-13,5호선,방화,2748,2671
2022-03-13,5호선,청구,1322,1225
2022-03-14,5호선,방화,5793,5631
2022-03-14,5호선,개화산,5068,4860
2022-03-14,5호선,김포공항,5906,5534
2022-03-14,5호선,송정,5654,5537
2022-03-14,5호선,마곡,9876,9754
2022-03-14,5호선,발산,18096,18414
2022-03-14,5호선,우장산,13004,12836
2022-03-14,5호선,화곡,25363,23840
2022-03-14,5호선,까치산,25306,24454
2022-03-14,5호선,신정,12453,10250
2022-03-14,5호선,목동,14511,15785
2022-03-14,5호선,오목교,18332,19786
2022-03-14,5호선,영등포구청,3482,3637
2022-03-14,5호선,영등포시장,8571,8794
2022-03-14,5호선,신길,3692,4066
2022-03-14,5호선,여의도,25271,25697
2022-03-14,5호선,여의나루,7190,8200
2022-03-14,5호선,마포,12691,12998
2022-03-14,5호선,공덕,12163,12869
2022-03-14,5호선,애오개,5912,6008
2022-03-14,5호선,충정로,4239,4291
2022-03-14,5호선,서대문,17090,17053
2022-03-14,5호선,광화문,24568,25379
2022-03-14,5호선,종로3가,9360,9258
2022-03-14,5호선,을지로4가,5287,5343
2022-03-14,5호선,동대문역사문화공원,2670,2985
2022-03-14,5호선,청구,3607,3282
2022-03-14,5호선,신금호,5754,5983
2022-03-14,5호선,행당,7092,6512
2022-03-14,5호선,왕십리,3895,4391
2022-03-14,5호선,마장,5060,4738
2022-03-14,5호선,답십리,14171,13136
2022-03-14,5호선,장한평,16204,16140
2022-03-14,5호선,군자,9770,10534
2022-03-14,5호선,아차산,12508,12305
2022-03-14,5호선,광나루,11424,10275
2022-03-14,5호선,천호,14943,15032
2022-03-14,5호선,강동,17001,16135
2022-03-14,5호선,길동,7139,7521
2022-03-14,5호선,굽은다리,8379,8054
2022-03-14,5호선,명일,7513,7865
2022-03-14,5호선,고덕,8385,8452
2022-03-14,5호선,상일동,13325,12594
2022-03-14,5호선,둔촌동,7573,7569
2022-03-14,5호선,올림픽공원,3775,3324
2022-03-14,5호선,방이,6328,6612
2022-03-14,5호선,오금,3493,3437
2022-03-14,5호선,개롱,5725,6006
2022-03-14,5호선,거여,9148,8814
2022-03-14,5호선,마천,6250,6165
2022-03-14,5호선,강일,3471,3363
2022-03-14,5호선,미사,13433,13499
2022-03-14,5호선,하남풍산,3761,3838
2022-03-14,5호선,하남시청,5923,5826
2022-03-14,5호선,하남검단산,4751,4456
2022-03-14,5호선,양평,6782,6775
2022-03-15,5호선,방화,6135,5825
2022-03-15,5호선,개화산,5207,5016
2022-03-15,5호선,김포공항,5752,5389
2022-03-15,5호선,송정,6034,5647
2022-03-15,5호선,마곡,9809,9745
2022-03-15,5호선,발산,18593,18889
2022-03-15,5호선,우장산,13255,13252
2022-03-15,5호선,화곡,26094,24788
2022-03-15,5호선,까치산,26476,25615
2022-03-15,5호선,신정,12661,10323
2022-03-15,5호선,목동,15221,16374
2022-03-15,5호선,오목교,18863,20175
2022-03-15,5호선,양평,7056,6961
2022-03-15,5호선,영등포구청,3668,3739
2022-03-15,5호선,영등포시장,8913,9248
2022-03-15,5호선,신길,3742,4006
2022-03-15,5호선,여의도,25144,26428
2022-03-15,5호선,마포,13174,13329
2022-03-15,5호선,공덕,12451,13168
2022-03-15,5호선,애오개,6193,6214
2022-03-15,5호선,충정로,4385,4399
2022-03-15,5호선,서대문,17192,17477
2022-03-15,5호선,광화문,24961,26078
2022-03-15,5호선,종로3가,9987,10044
2022-03-15,5호선,을지로4가,5536,5567
2022-03-15,5호선,동대문역사문화공원,2620,2950
2022-03-15,5호선,청구,3747,3429
2022-03-15,5호선,신금호,5974,6267
2022-03-15,5호선,행당,7351,6652
2022-03-15,5호선,왕십리,4045,4705
2022-03-15,5호선,마장,5309,5100
2022-03-15,5호선,답십리,14546,13303
2022-03-15,5호선,장한평,16835,16769
2022-03-15,5호선,군자,10122,11178
2022-03-15,5호선,아차산,13674,13269
2022-03-15,5호선,광나루,12029,10981
2022-03-15,5호선,천호,15735,15823
2022-03-15,5호선,강동,17199,16494
2022-03-15,5호선,길동,7469,7766
2022-03-15,5호선,굽은다리,8455,8076
2022-03-15,5호선,명일,7884,8088
2022-03-15,5호선,고덕,8783,8706
2022-03-15,5호선,상일동,13538,12894
2022-03-15,5호선,둔촌동,7831,7839
2022-03-15,5호선,올림픽공원,3970,3450
2022-03-15,5호선,방이,6457,6652
2022-03-15,5호선,오금,3586,3543
2022-03-15,5호선,개롱,5987,6195
2022-03-15,5호선,거여,9432,9079
2022-03-15,5호선,마천,6732,6490
2022-03-15,5호선,강일,3716,3514
2022-03-15,5호선,미사,14349,14249
2022-03-15,5호선,하남풍산,3893,3819
2022-03-15,5호선,하남시청,5956,5937
2022-03-15,5호선,하남검단산,4978,4807
2022-03-15,5호선,여의나루,8657,9437
2022-03-16,5호선,방화,5997,5796
2022-03-16,5호선,개화산,5214,5097
2022-03-16,5호선,김포공항,5563,5518
2022-03-16,5호선,송정,5897,5696
2022-03-16,5호선,마곡,9713,9781
2022-03-16,5호선,발산,18950,19318
2022-03-16,5호선,우장산,13241,13114
2022-03-16,5호선,화곡,26239,24555
2022-03-16,5호선,까치산,26665,25593
2022-03-16,5호선,신정,12744,10505
2022-03-16,5호선,목동,15272,16501
2022-03-16,5호선,오목교,19061,20355
2022-03-16,5호선,양평,6994,6822
2022-03-16,5호선,영등포구청,3645,3665
2022-03-16,5호선,영등포시장,8942,9193
2022-03-16,5호선,신길,3740,4023
2022-03-16,5호선,여의도,24802,26145
2022-03-16,5호선,여의나루,9712,10436
2022-03-16,5호선,마포,12875,13272
2022-03-16,5호선,공덕,12423,13084
2022-03-16,5호선,애오개,6180,6185
2022-03-16,5호선,충정로,4383,4543
2022-03-16,5호선,서대문,17241,17381
2022-03-16,5호선,광화문,25095,26412
2022-03-16,5호선,종로3가,10340,10347
2022-03-16,5호선,을지로4가,5549,5615
2022-03-16,5호선,동대문역사문화공원,2485,2932
2022-03-16,5호선,청구,3750,3393
2022-03-16,5호선,신금호,5865,6089
2022-03-16,5호선,행당,7331,6496
2022-03-16,5호선,왕십리,4197,4872
2022-03-16,5호선,마장,5143,4862
2022-03-16,5호선,답십리,14687,13569
2022-03-16,5호선,장한평,17057,16893
2022-03-16,5호선,군자,10158,11055
2022-03-16,5호선,아차산,13718,13297
2022-03-16,5호선,광나루,12041,10919
2022-03-16,5호선,천호,15874,15659
2022-03-16,5호선,강동,17080,16472
2022-03-16,5호선,길동,7409,7600
2022-03-16,5호선,굽은다리,8454,8150
2022-03-16,5호선,명일,7977,8270
2022-03-16,5호선,고덕,8717,8605
2022-03-16,5호선,상일동,13533,12753
2022-03-16,5호선,둔촌동,7810,7815
2022-03-16,5호선,올림픽공원,4044,3463
2022-03-16,5호선,방이,6380,6617
2022-03-16,5호선,오금,3557,3496
2022-03-16,5호선,개롱,5783,6013
2022-03-16,5호선,거여,9232,8931
2022-03-16,5호선,마천,6682,6536
2022-03-16,5호선,강일,3703,3587
2022-03-16,5호선,미사,14455,14489
2022-03-16,5호선,하남풍산,3865,3830
2022-03-16,5호선,하남시청,6069,5950
2022-03-16,5호선,하남검단산,5050,4903
2022-03-17,5호선,방화,5831,5694
2022-03-17,5호선,개화산,5025,4828
2022-03-17,5호선,김포공항,6054,5653
2022-03-17,5호선,송정,5753,5524
2022-03-17,5호선,마곡,9765,9738
2022-03-17,5호선,발산,18281,18471
2022-03-17,5호선,우장산,13102,12925
2022-03-17,5호선,화곡,25782,24062
2022-03-17,5호선,까치산,25973,25176
2022-03-17,5호선,신정,12570,10294
2022-03-17,5호선,목동,14965,16299
2022-03-17,5호선,오목교,18371,19743
2022-03-17,5호선,양평,6785,6617
2022-03-17,5호선,영등포구청,3570,3684
2022-03-17,5호선,영등포시장,8909,9150
2022-03-17,5호선,신길,3775,3954
2022-03-17,5호선,여의도,24711,25912
2022-03-17,5호선,여의나루,7708,8602
2022-03-17,5호선,마포,12923,13295
2022-03-17,5호선,공덕,12379,13108
2022-03-17,5호선,애오개,6065,6183
2022-03-17,5호선,충정로,4501,4597
2022-03-17,5호선,서대문,17360,17618
2022-03-17,5호선,광화문,24749,25540
2022-03-17,5호선,종로3가,10282,10148
2022-03-17,5호선,을지로4가,5476,5524
2022-03-17,5호선,동대문역사문화공원,2645,2993
2022-03-17,5호선,신금호,5911,6150
2022-03-17,5호선,행당,7276,6614
2022-03-17,5호선,왕십리,4143,4592
2022-03-17,5호선,마장,5146,5001
2022-03-17,5호선,답십리,14241,13172
2022-03-17,5호선,장한평,16973,16772
2022-03-17,5호선,군자,10078,10998
2022-03-17,5호선,아차산,13457,13046
2022-03-17,5호선,광나루,11959,11059
2022-03-17,5호선,천호,15514,15427
2022-03-17,5호선,강동,17016,16440
2022-03-17,5호선,길동,7282,7643
2022-03-17,5호선,굽은다리,8530,8216
2022-03-17,5호선,명일,7728,7944
2022-03-17,5호선,고덕,8562,8509
2022-03-17,5호선,상일동,13455,12722
2022-03-17,5호선,둔촌동,7730,7664
2022-03-17,5호선,올림픽공원,3893,3287
2022-03-17,5호선,방이,6374,6631
2022-03-17,5호선,오금,3536,3406
2022-03-17,5호선,개롱,5679,6043
2022-03-17,5호선,거여,9242,8864
2022-03-17,5호선,마천,6493,6445
2022-03-17,5호선,강일,3643,3447
2022-03-17,5호선,미사,14085,14303
2022-03-17,5호선,하남풍산,3881,3871
2022-03-17,5호선,하남시청,5929,5858
2022-03-17,5호선,하남검단산,4855,4713
2022-03-17,5호선,청구,3703,3367
2022-03-18,5호선,하남검단산,4978,4778
2022-03-18,5호선,하남시청,6114,5917
2022-03-18,5호선,하남풍산,3837,3891
2022-03-18,5호선,미사,14279,14295
2022-03-18,5호선,강일,3624,3391
2022-03-18,5호선,마천,6419,6241
2022-03-18,5호선,거여,9115,8656
2022-03-18,5호선,개롱,5874,6037
2022-03-18,5호선,오금,3553,3474
2022-03-18,5호선,방이,6578,6763
2022-03-18,5호선,올림픽공원,3902,3325
2022-03-18,5호선,둔촌동,8053,7987
2022-03-18,5호선,상일동,13434,12637
2022-03-18,5호선,고덕,8742,8591
2022-03-18,5호선,명일,7719,8084
2022-03-18,5호선,굽은다리,8629,8224
2022-03-18,5호선,길동,7364,7757
2022-03-18,5호선,강동,17039,16437
2022-03-18,5호선,천호,16657,16469
2022-03-18,5호선,광나루,11728,10531
2022-03-18,5호선,아차산,13362,13132
2022-03-18,5호선,군자,10428,11807
2022-03-18,5호선,장한평,16890,16854
2022-03-18,5호선,답십리,14490,13614
2022-03-18,5호선,마장,5134,4854
2022-03-18,5호선,왕십리,4250,4831
2022-03-18,5호선,행당,7230,6375
2022-03-18,5호선,신금호,6035,6170
2022-03-18,5호선,청구,3656,3370
2022-03-18,5호선,동대문역사문화공원,2530,2915
2022-03-18,5호선,을지로4가,5249,5569
2022-03-18,5호선,종로3가,10923,11203
2022-03-18,5호선,광화문,24163,25349
2022-03-18,5호선,서대문,16718,16574
2022-03-18,5호선,충정로,4130,4221
2022-03-18,5호선,애오개,6309,6418
2022-03-18,5호선,공덕,12453,13166
2022-03-18,5호선,마포,12710,13315
2022-03-18,5호선,여의나루,8117,9271
2022-03-18,5호선,여의도,24604,25920
2022-03-18,5호선,신길,3817,4051
2022-03-18,5호선,영등포시장,9212,9263
2022-03-18,5호선,영등포구청,3524,3635
2022-03-18,5호선,양평,6726,6534
2022-03-18,5호선,오목교,19045,20667
2022-03-18,5호선,목동,15089,16291
2022-03-18,5호선,신정,12669,10231
2022-03-18,5호선,까치산,26161,25130
2022-03-18,5호선,화곡,25952,24221
2022-03-18,5호선,우장산,13206,12926
2022-03-18,5호선,발산,18381,18955
2022-03-18,5호선,마곡,9637,9524
2022-03-18,5호선,송정,5986,5529
2022-03-18,5호선,김포공항,6499,6658
2022-03-18,5호선,개화산,5026,4771
2022-03-18,5호선,방화,5878,5687
2022-03-19,5호선,하남검단산,3615,3590
2022-03-19,5호선,하남시청,4408,4311
2022-03-19,5호선,하남풍산,2083,2206
2022-03-19,5호선,미사,9577,9466
2022-03-19,5호선,강일,2118,1960
2022-03-19,5호선,마천,3698,3801
2022-03-19,5호선,거여,5032,4848
2022-03-19,5호선,개롱,3259,3404
2022-03-19,5호선,오금,1739,1593
2022-03-19,5호선,방이,4373,4295
2022-03-19,5호선,올림픽공원,2115,1951
2022-03-19,5호선,둔촌동,5171,5004
2022-03-19,5호선,상일동,7238,6751
2022-03-19,5호선,고덕,4943,4895
2022-03-19,5호선,명일,4771,4759
2022-03-19,5호선,굽은다리,5619,5261
2022-03-19,5호선,길동,5036,5286
2022-03-19,5호선,강동,10266,9776
2022-03-19,5호선,천호,13525,12708
2022-03-19,5호선,광나루,7030,6386
2022-03-19,5호선,아차산,9100,8722
2022-03-19,5호선,군자,6782,7560
2022-03-19,5호선,장한평,8997,8898
2022-03-19,5호선,답십리,8402,7808
2022-03-19,5호선,마장,3078,2918
2022-03-19,5호선,왕십리,2854,3263
2022-03-19,5호선,행당,4037,3527
2022-03-19,5호선,신금호,3293,3280
2022-03-19,5호선,청구,2086,1971
2022-03-19,5호선,동대문역사문화공원,883,1142
2022-03-19,5호선,을지로4가,2531,2878
2022-03-19,5호선,종로3가,9293,9510
2022-03-19,5호선,광화문,10679,11271
2022-03-19,5호선,서대문,5699,5283
2022-03-19,5호선,충정로,1592,1393
2022-03-19,5호선,애오개,2957,2838
2022-03-19,5호선,공덕,5594,5657
2022-03-19,5호선,마포,6099,6171
2022-03-19,5호선,여의나루,5427,7100
2022-03-19,5호선,여의도,9862,10341
2022-03-19,5호선,신길,2186,2208
2022-03-19,5호선,영등포시장,6625,6891
2022-03-19,5호선,영등포구청,1586,1583
2022-03-19,5호선,양평,3124,2961
2022-03-19,5호선,오목교,13649,13797
2022-03-19,5호선,목동,8958,8908
2022-03-19,5호선,신정,7274,6217
2022-03-19,5호선,까치산,16890,16253
2022-03-19,5호선,화곡,16039,14846
2022-03-19,5호선,우장산,7842,7830
2022-03-19,5호선,발산,11699,12258
2022-03-19,5호선,마곡,4386,4447
2022-03-19,5호선,송정,3942,3762
2022-03-19,5호선,김포공항,6054,6120
2022-03-19,5호선,개화산,2967,2889
2022-03-19,5호선,방화,3534,3391
2022-03-20,5호선,하남검단산,3824,3769
2022-03-20,5호선,하남시청,3363,3335
2022-03-20,5호선,하남풍산,1808,1772
2022-03-20,5호선,미사,7485,7538
2022-03-20,5호선,강일,1741,1703
2022-03-20,5호선,마천,3045,3169
2022-03-20,5호선,거여,3815,3761
2022-03-20,5호선,개롱,2470,2701
2022-03-20,5호선,오금,1275,1253
2022-03-20,5호선,방이,3392,3123
2022-03-20,5호선,올림픽공원,1819,1803
2022-03-20,5호선,둔촌동,3831,3846
2022-03-20,5호선,상일동,5414,5295
2022-03-20,5호선,고덕,3697,3713
2022-03-20,5호선,명일,4040,4022
2022-03-20,5호선,굽은다리,4407,4198
2022-03-20,5호선,길동,3503,3597
2022-03-20,5호선,강동,7461,7447
2022-03-20,5호선,천호,10964,10091
2022-03-20,5호선,광나루,6271,6213
2022-03-20,5호선,아차산,8988,8907
2022-03-20,5호선,군자,5224,5772
2022-03-20,5호선,장한평,6611,6507
2022-03-20,5호선,답십리,6407,5935
2022-03-20,5호선,마장,2425,2363
2022-03-20,5호선,왕십리,2185,2405
2022-03-20,5호선,행당,3282,2965
2022-03-20,5호선,신금호,2503,2701
2022-03-20,5호선,청구,1601,1399
2022-03-20,5호선,동대문역사문화공원,654,757
2022-03-20,5호선,을지로4가,1381,1374
2022-03-20,5호선,종로3가,7767,6742
2022-03-20,5호선,광화문,8907,8878
2022-03-20,5호선,서대문,4334,4201
2022-03-20,5호선,충정로,1210,1184
2022-03-20,5호선,애오개,2464,2610
2022-03-20,5호선,공덕,3861,3704
2022-03-20,5호선,마포,4204,4131
2022-03-20,5호선,여의나루,7943,8889
2022-03-20,5호선,여의도,7456,7257
2022-03-20,5호선,신길,1661,1878
2022-03-20,5호선,영등포시장,4496,4795
2022-03-20,5호선,영등포구청,1211,1176
2022-03-20,5호선,양평,2268,2400
2022-03-20,5호선,오목교,9717,9919
2022-03-20,5호선,목동,6517,6753
2022-03-20,5호선,신정,5374,4971
2022-03-20,5호선,까치산,13127,12862
2022-03-20,5호선,화곡,12059,11360
2022-03-20,5호선,우장산,5804,5871
2022-03-20,5호선,발산,8196,8518
2022-03-20,5호선,마곡,3109,3275
2022-03-20,5호선,송정,3087,3113
2022-03-20,5호선,김포공항,6034,5750
2022-03-20,5호선,개화산,2406,2435
2022-03-20,5호선,방화,3083,3038
2022-03-21,5호선,방화,6020,5796
2022-03-21,5호선,개화산,5244,5015
2022-03-21,5호선,김포공항,6210,5863
2022-03-21,5호선,송정,5904,5649
2022-03-21,5호선,마곡,9863,9778
2022-03-21,5호선,발산,18296,18419
2022-03-21,5호선,우장산,13566,13309
2022-03-21,5호선,화곡,25952,24510
2022-03-21,5호선,까치산,26454,25547
2022-03-21,5호선,신정,12753,10469
2022-03-21,5호선,목동,15007,16394
2022-03-21,5호선,오목교,17569,18682
2022-03-21,5호선,양평,6900,6945
2022-03-21,5호선,영등포구청,3620,3748
2022-03-21,5호선,영등포시장,8863,9118
2022-03-21,5호선,신길,3674,4065
2022-03-21,5호선,여의도,25311,26269
2022-03-21,5호선,여의나루,8445,9531
2022-03-21,5호선,마포,12903,13148
2022-03-21,5호선,공덕,12383,13107
2022-03-21,5호선,애오개,6146,6217
2022-03-21,5호선,충정로,4308,4329
2022-03-21,5호선,서대문,17760,17896
2022-03-21,5호선,광화문,24953,26001
2022-03-21,5호선,종로3가,9972,9895
2022-03-21,5호선,을지로4가,5573,5632
2022-03-21,5호선,동대문역사문화공원,2648,3009
2022-03-21,5호선,청구,3663,3380
2022-03-21,5호선,신금호,5879,6187
2022-03-21,5호선,행당,7284,6621
2022-03-21,5호선,왕십리,3991,4489
2022-03-21,5호선,마장,5280,4967
2022-03-21,5호선,답십리,14340,13366
2022-03-21,5호선,장한평,16484,16428
2022-03-21,5호선,군자,9899,10947
2022-03-21,5호선,아차산,13147,12703
2022-03-21,5호선,광나루,11889,10857
2022-03-21,5호선,천호,14434,14569
2022-03-21,5호선,강동,16953,16373
2022-03-21,5호선,길동,7277,7737
2022-03-21,5호선,굽은다리,8553,8151
2022-03-21,5호선,명일,7834,8116
2022-03-21,5호선,고덕,8642,8628
2022-03-21,5호선,상일동,13515,12756
2022-03-21,5호선,둔촌동,8041,7971
2022-03-21,5호선,올림픽공원,3872,3359
2022-03-21,5호선,방이,6393,6527
2022-03-21,5호선,오금,3608,3529
2022-03-21,5호선,개롱,5686,6088
2022-03-21,5호선,거여,9255,8897
2022-03-21,5호선,마천,6596,6418
2022-03-21,5호선,강일,3676,3507
2022-03-21,5호선,미사,14118,14221
2022-03-21,5호선,하남풍산,3912,3885
2022-03-21,5호선,하남시청,6011,5891
2022-03-21,5호선,하남검단산,4907,4744
2022-03-22,5호선,발산,18656,18954
2022-03-22,5호선,방이,6543,6673
2022-03-22,5호선,방화,6066,5872
2022-03-22,5호선,개화산,5205,5022
2022-03-22,5호선,김포공항,5838,5628
2022-03-22,5호선,송정,6015,5717
2022-03-22,5호선,마곡,9926,9987
2022-03-22,5호선,우장산,13549,13162
2022-03-22,5호선,화곡,26410,24870
2022-03-22,5호선,까치산,26661,25543
2022-03-22,5호선,신정,12831,10508
2022-03-22,5호선,목동,15276,16513
2022-03-22,5호선,오목교,19079,20326
2022-03-22,5호선,양평,6979,6906
2022-03-22,5호선,영등포구청,3687,3773
2022-03-22,5호선,영등포시장,9006,9233
2022-03-22,5호선,신길,3769,4054
2022-03-22,5호선,여의도,25572,26786
2022-03-22,5호선,여의나루,9002,10016
2022-03-22,5호선,마포,13102,13458
2022-03-22,5호선,공덕,12830,13533
2022-03-22,5호선,애오개,6322,6305
2022-03-22,5호선,충정로,4446,4641
2022-03-22,5호선,서대문,18033,18184
2022-03-22,5호선,광화문,25774,26878
2022-03-22,5호선,종로3가,10235,10132
2022-03-22,5호선,을지로4가,5709,5795
2022-03-22,5호선,동대문역사문화공원,2603,3067
2022-03-22,5호선,청구,3793,3378
2022-03-22,5호선,신금호,6011,6302
2022-03-22,5호선,행당,7368,6636
2022-03-22,5호선,왕십리,4152,4760
2022-03-22,5호선,마장,5397,5023
2022-03-22,5호선,답십리,14766,13590
2022-03-22,5호선,장한평,16849,16813
2022-03-22,5호선,군자,10257,11079
2022-03-22,5호선,아차산,14110,13727
2022-03-22,5호선,광나루,12025,11093
2022-03-22,5호선,천호,15996,15936
2022-03-22,5호선,강동,17161,16621
2022-03-22,5호선,길동,7335,7513
2022-03-22,5호선,굽은다리,8639,8264
2022-03-22,5호선,명일,7814,8166
2022-03-22,5호선,고덕,8573,8687
2022-03-22,5호선,상일동,13651,12750
2022-03-22,5호선,둔촌동,8047,8027
2022-03-22,5호선,올림픽공원,3978,3412
2022-03-22,5호선,오금,3600,3584
2022-03-22,5호선,개롱,5950,6222
2022-03-22,5호선,거여,9400,8935
2022-03-22,5호선,마천,6760,6572
2022-03-22,5호선,강일,3766,3574
2022-03-22,5호선,미사,14634,14540
2022-03-22,5호선,하남풍산,4021,3961
2022-03-22,5호선,하남시청,6137,5943
2022-03-22,5호선,하남검단산,5020,4937
2022-03-23,5호선,방화,6012,5770
2022-03-23,5호선,개화산,5170,4944
2022-03-23,5호선,김포공항,5671,5620
2022-03-23,5호선,송정,5901,5620
2022-03-23,5호선,마곡,9887,9845
2022-03-23,5호선,발산,18733,19164
2022-03-23,5호선,우장산,13509,13359
2022-03-23,5호선,화곡,26300,24706
2022-03-23,5호선,까치산,26560,25662
2022-03-23,5호선,신정,12814,10560
2022-03-23,5호선,목동,15278,16667
2022-03-23,5호선,오목교,19137,20555
2022-03-23,5호선,양평,6950,6857
2022-03-23,5호선,영등포구청,3702,3715
2022-03-23,5호선,영등포시장,9041,9360
2022-03-23,5호선,신길,3804,4119
2022-03-23,5호선,여의도,25610,26952
2022-03-23,5호선,여의나루,8490,9373
2022-03-23,5호선,마포,13252,13561
2022-03-23,5호선,공덕,12675,13326
2022-03-23,5호선,애오개,6322,6390
2022-03-23,5호선,충정로,4432,4574
2022-03-23,5호선,서대문,17665,17832
2022-03-23,5호선,광화문,25990,26964
2022-03-23,5호선,종로3가,10474,10339
2022-03-23,5호선,을지로4가,5558,5502
2022-03-23,5호선,동대문역사문화공원,2627,2991
2022-03-23,5호선,청구,3766,3461
2022-03-23,5호선,신금호,5963,6274
2022-03-23,5호선,행당,7383,6662
2022-03-23,5호선,왕십리,4306,4650
2022-03-23,5호선,마장,5408,5153
2022-03-23,5호선,답십리,14671,13627
2022-03-23,5호선,장한평,17139,16948
2022-03-23,5호선,군자,10278,11206
2022-03-23,5호선,아차산,13656,13213
2022-03-23,5호선,광나루,12150,11041
2022-03-23,5호선,천호,15897,15956
2022-03-23,5호선,강동,17240,16462
2022-03-23,5호선,길동,7301,7741
2022-03-23,5호선,굽은다리,8674,8238
2022-03-23,5호선,명일,7966,8421
2022-03-23,5호선,고덕,8751,8679
2022-03-23,5호선,상일동,13545,12835
2022-03-23,5호선,둔촌동,7815,7923
2022-03-23,5호선,올림픽공원,3900,3298
2022-03-23,5호선,방이,6514,6760
2022-03-23,5호선,오금,3484,3479
2022-03-23,5호선,개롱,5849,6187
2022-03-23,5호선,거여,9401,9010
2022-03-23,5호선,마천,6616,6491
2022-03-23,5호선,강일,3764,3499
2022-03-23,5호선,미사,14574,14586
2022-03-23,5호선,하남풍산,3895,3866
2022-03-23,5호선,하남시청,5958,5915
2022-03-23,5호선,하남검단산,4920,4770
2022-03-24,5호선,방화,6137,5899
2022-03-24,5호선,개화산,5195,4984
2022-03-24,5호선,김포공항,6052,6055
2022-03-24,5호선,송정,6010,5694
2022-03-24,5호선,마곡,10006,9987
2022-03-24,5호선,발산,18391,18657
2022-03-24,5호선,우장산,13706,13460
2022-03-24,5호선,화곡,26203,24523
2022-03-24,5호선,까치산,26620,25580
2022-03-24,5호선,신정,12946,10561
2022-03-24,5호선,목동,15198,16435
2022-03-24,5호선,오목교,19131,20312
2022-03-24,5호선,양평,7060,6969
2022-03-24,5호선,영등포구청,3806,3933
2022-03-24,5호선,영등포시장,8976,9169
2022-03-24,5호선,신길,3910,4107
2022-03-24,5호선,여의도,25809,26922
2022-03-24,5호선,여의나루,8732,9548
2022-03-24,5호선,마포,13075,13345
2022-03-24,5호선,공덕,12747,13438
2022-03-24,5호선,애오개,6394,6444
2022-03-24,5호선,충정로,4654,4628
2022-03-24,5호선,서대문,18300,18339
2022-03-24,5호선,광화문,26119,27055
2022-03-24,5호선,종로3가,10680,10572
2022-03-24,5호선,을지로4가,5921,5753
2022-03-24,5호선,동대문역사문화공원,2692,3064
2022-03-24,5호선,청구,3727,3521
2022-03-24,5호선,신금호,5957,6181
2022-03-24,5호선,행당,7302,6541
2022-03-24,5호선,왕십리,4239,4926
2022-03-24,5호선,마장,5436,5131
2022-03-24,5호선,답십리,14635,13319
2022-03-24,5호선,장한평,17466,17242
2022-03-24,5호선,군자,10368,11499
2022-03-24,5호선,아차산,14054,13577
2022-03-24,5호선,광나루,12069,11262
2022-03-24,5호선,천호,15878,16009
2022-03-24,5호선,강동,17068,16425
2022-03-24,5호선,길동,7317,7640
2022-03-24,5호선,굽은다리,8624,8147
2022-03-24,5호선,명일,7849,8086
2022-03-24,5호선,고덕,8925,8722
2022-03-24,5호선,상일동,13492,12781
2022-03-24,5호선,둔촌동,7980,7884
2022-03-24,5호선,올림픽공원,3975,3406
2022-03-24,5호선,방이,6576,6868
2022-03-24,5호선,오금,3664,3597
2022-03-24,5호선,개롱,6005,6313
2022-03-24,5호선,거여,9574,9121
2022-03-24,5호선,마천,6787,6648
2022-03-24,5호선,강일,3756,3530
2022-03-24,5호선,미사,14701,14733
2022-03-24,5호선,하남풍산,4058,3994
2022-03-24,5호선,하남시청,6378,6226
2022-03-24,5호선,하남검단산,5080,4928
2022-03-25,5호선,하남검단산,5224,5104
2022-03-25,5호선,하남시청,6310,6174
2022-03-25,5호선,하남풍산,4059,4048
2022-03-25,5호선,미사,14889,15036
2022-03-25,5호선,강일,3812,3512
2022-03-25,5호선,마천,6838,6463
2022-03-25,5호선,거여,9491,9023
2022-03-25,5호선,개롱,6070,6244
2022-03-25,5호선,오금,3607,3714
2022-03-25,5호선,방이,6673,6962
2022-03-25,5호선,올림픽공원,4108,3411
2022-03-25,5호선,둔촌동,8217,8225
2022-03-25,5호선,상일동,13752,13105
2022-03-25,5호선,고덕,9214,9114
2022-03-25,5호선,명일,8178,8590
2022-03-25,5호선,굽은다리,8825,8394
2022-03-25,5호선,길동,7632,8063
2022-03-25,5호선,강동,17434,16782
2022-03-25,5호선,천호,17549,17304
2022-03-25,5호선,광나루,12182,11116
2022-03-25,5호선,아차산,14159,13694
2022-03-25,5호선,군자,10804,11963
2022-03-25,5호선,장한평,17657,17560
2022-03-25,5호선,답십리,14959,13725
2022-03-25,5호선,마장,5476,5161
2022-03-25,5호선,왕십리,4387,5102
2022-03-25,5호선,행당,7472,6785
2022-03-25,5호선,신금호,6134,6361
2022-03-25,5호선,청구,3758,3480
2022-03-25,5호선,동대문역사문화공원,2593,2982
2022-03-25,5호선,을지로4가,5529,5759
2022-03-25,5호선,종로3가,12105,12268
2022-03-25,5호선,광화문,25322,26252
2022-03-25,5호선,서대문,17433,17326
2022-03-25,5호선,충정로,4522,4581
2022-03-25,5호선,애오개,6391,6507
2022-03-25,5호선,공덕,12921,13767
2022-03-25,5호선,마포,13330,13497
2022-03-25,5호선,여의나루,8759,9850
2022-03-25,5호선,여의도,25938,26719
2022-03-25,5호선,신길,3867,4067
2022-03-25,5호선,영등포시장,9299,9636
2022-03-25,5호선,영등포구청,3672,3812
2022-03-25,5호선,양평,7017,6869
2022-03-25,5호선,오목교,19636,21417
2022-03-25,5호선,목동,15719,16919
2022-03-25,5호선,까치산,27183,26190
2022-03-25,5호선,화곡,26848,25106
2022-03-25,5호선,우장산,13943,13819
2022-03-25,5호선,발산,18782,19243
2022-03-25,5호선,마곡,9852,9796
2022-03-25,5호선,송정,6274,5996
2022-03-25,5호선,김포공항,7032,6743
2022-03-25,5호선,개화산,5201,4976
2022-03-25,5호선,방화,6087,5880
2022-03-25,5호선,신정,12886,10542
2022-03-26,5호선,하남검단산,4007,3830
2022-03-26,5호선,하남시청,4357,4326
2022-03-26,5호선,하남풍산,2291,2319
2022-03-26,5호선,미사,10233,10042
2022-03-26,5호선,강일,2312,2249
2022-03-26,5호선,마천,3906,4094
2022-03-26,5호선,거여,5237,5108
2022-03-26,5호선,개롱,3407,3578
2022-03-26,5호선,오금,1703,1655
2022-03-26,5호선,방이,4368,4312
2022-03-26,5호선,올림픽공원,2324,2115
2022-03-26,5호선,둔촌동,5422,5241
2022-03-26,5호선,상일동,7524,7038
2022-03-26,5호선,고덕,6248,5926
2022-03-26,5호선,명일,5116,5020
2022-03-26,5호선,굽은다리,6004,5533
2022-03-26,5호선,길동,5202,5333
2022-03-26,5호선,강동,11043,10423
2022-03-26,5호선,천호,14281,13350
2022-03-26,5호선,광나루,7863,7105
2022-03-26,5호선,아차산,9848,9714
2022-03-26,5호선,군자,7235,8177
2022-03-26,5호선,장한평,9485,9374
2022-03-26,5호선,답십리,8672,7969
2022-03-26,5호선,마장,3192,3069
2022-03-26,5호선,왕십리,3042,3652
2022-03-26,5호선,행당,4436,3916
2022-03-26,5호선,신금호,3438,3498
2022-03-26,5호선,청구,2320,2041
2022-03-26,5호선,동대문역사문화공원,906,1175
2022-03-26,5호선,을지로4가,2759,3131
2022-03-26,5호선,종로3가,10337,10873
2022-03-26,5호선,광화문,12991,13273
2022-03-26,5호선,서대문,6141,5750
2022-03-26,5호선,충정로,1670,1558
2022-03-26,5호선,애오개,3226,3076
2022-03-26,5호선,공덕,5942,6231
2022-03-26,5호선,마포,6256,6334
2022-03-26,5호선,여의나루,8957,10308
2022-03-26,5호선,여의도,10510,11092
2022-03-26,5호선,신길,2284,2333
2022-03-26,5호선,영등포시장,6798,7161
2022-03-26,5호선,영등포구청,1708,1680
2022-03-26,5호선,양평,3186,3078
2022-03-26,5호선,오목교,14673,14743
2022-03-26,5호선,목동,9431,9460
2022-03-26,5호선,신정,7610,6535
2022-03-26,5호선,까치산,17881,17120
2022-03-26,5호선,화곡,17316,15970
2022-03-26,5호선,우장산,8298,8119
2022-03-26,5호선,발산,11632,12177
2022-03-26,5호선,마곡,4598,4729
2022-03-26,5호선,송정,4253,3964
2022-03-26,5호선,김포공항,6393,6700
2022-03-26,5호선,개화산,3168,3037
2022-03-26,5호선,방화,3906,3657
2022-03-27,5호선,하남검단산,4214,4244
2022-03-27,5호선,하남시청,3519,3419
2022-03-27,5호선,하남풍산,1964,1978
2022-03-27,5호선,미사,8147,7956
2022-03-27,5호선,강일,1956,1858
2022-03-27,5호선,마천,3367,3607
2022-03-27,5호선,거여,4112,4015
2022-03-27,5호선,개롱,2698,2942
2022-03-27,5호선,오금,1335,1284
2022-03-27,5호선,방이,3565,3415
2022-03-27,5호선,올림픽공원,2054,1890
2022-03-27,5호선,둔촌동,4194,4236
2022-03-27,5호선,상일동,5767,5531
2022-03-27,5호선,고덕,3928,3960
2022-03-27,5호선,명일,4383,4279
2022-03-27,5호선,굽은다리,4554,4221
2022-03-27,5호선,길동,3885,4037
2022-03-27,5호선,강동,8051,8282
2022-03-27,5호선,천호,11653,10691
2022-03-27,5호선,광나루,7262,7239
2022-03-27,5호선,아차산,10393,10573
2022-03-27,5호선,군자,5537,6121
2022-03-27,5호선,장한평,7181,7124
2022-03-27,5호선,답십리,6709,6360
2022-03-27,5호선,마장,2574,2497
2022-03-27,5호선,왕십리,2167,2587
2022-03-27,5호선,행당,3539,3315
2022-03-27,5호선,신금호,2666,2865
2022-03-27,5호선,청구,1651,1497
2022-03-27,5호선,동대문역사문화공원,641,830
2022-03-27,5호선,을지로4가,1422,1514
2022-03-27,5호선,종로3가,8346,7732
2022-03-27,5호선,광화문,9859,9484
2022-03-27,5호선,서대문,4609,4515
2022-03-27,5호선,충정로,1283,1247
2022-03-27,5호선,애오개,2330,2484
2022-03-27,5호선,공덕,3973,3928
2022-03-27,5호선,마포,4448,4441
2022-03-27,5호선,여의나루,11363,12947
2022-03-27,5호선,여의도,8592,8131
2022-03-27,5호선,신길,1723,2020
2022-03-27,5호선,영등포시장,4843,5135
2022-03-27,5호선,영등포구청,1288,1164
2022-03-27,5호선,양평,2296,2337
2022-03-27,5호선,오목교,10215,10402
2022-03-27,5호선,목동,6843,7014
2022-03-27,5호선,신정,5787,5225
2022-03-27,5호선,까치산,14114,13950
2022-03-27,5호선,화곡,12819,12302
2022-03-27,5호선,우장산,6094,6283
2022-03-27,5호선,발산,8636,8820
2022-03-27,5호선,마곡,3411,3521
2022-03-27,5호선,송정,3318,3412
2022-03-27,5호선,김포공항,6159,6132
2022-03-27,5호선,개화산,2523,2582
2022-03-27,5호선,방화,3185,3194
2022-03-28,5호선,방화,6169,5980
2022-03-28,5호선,개화산,5312,5029
2022-03-28,5호선,김포공항,6152,6012
2022-03-28,5호선,송정,6119,5774
2022-03-28,5호선,마곡,10174,10097
2022-03-28,5호선,발산,18764,18825
2022-03-28,5호선,우장산,13746,13394
2022-03-28,5호선,화곡,26605,25260
2022-03-28,5호선,까치산,26962,25895
2022-03-28,5호선,신정,13079,10833
2022-03-28,5호선,목동,15467,16845
2022-03-28,5호선,오목교,19199,20426
2022-03-28,5호선,양평,7126,7070
2022-03-28,5호선,영등포구청,3868,3893
2022-03-28,5호선,영등포시장,9098,9221
2022-03-28,5호선,신길,3662,4105
2022-03-28,5호선,여의도,25696,26921
2022-03-28,5호선,여의나루,10518,11324
2022-03-28,5호선,마포,13364,13513
2022-03-28,5호선,공덕,12774,13465
2022-03-28,5호선,애오개,6186,6353
2022-03-28,5호선,충정로,4485,4568
2022-03-28,5호선,서대문,17861,18046
2022-03-28,5호선,광화문,25672,26582
2022-03-28,5호선,종로3가,10404,10582
2022-03-28,5호선,을지로4가,5787,5776
2022-03-28,5호선,동대문역사문화공원,2688,3052
2022-03-28,5호선,청구,3793,3403
2022-03-28,5호선,신금호,6075,6435
2022-03-28,5호선,행당,7407,6645
2022-03-28,5호선,왕십리,4176,4640
2022-03-28,5호선,마장,5432,5022
2022-03-28,5호선,답십리,14995,13862
2022-03-28,5호선,장한평,17025,16845
2022-03-28,5호선,군자,10271,11295
2022-03-28,5호선,아차산,13785,13213
2022-03-28,5호선,광나루,12489,11392
2022-03-28,5호선,천호,15986,15912
2022-03-28,5호선,강동,17269,16763
2022-03-28,5호선,길동,7481,7763
2022-03-28,5호선,굽은다리,8721,8228
2022-03-28,5호선,명일,8075,8336
2022-03-28,5호선,고덕,8921,8938
2022-03-28,5호선,상일동,13993,13088
2022-03-28,5호선,둔촌동,7939,7891
2022-03-28,5호선,올림픽공원,4057,3688
2022-03-28,5호선,방이,6525,6776
2022-03-28,5호선,오금,3588,3604
2022-03-28,5호선,개롱,6059,6285
2022-03-28,5호선,거여,9447,9177
2022-03-28,5호선,마천,6806,6535
2022-03-28,5호선,강일,3855,3666
2022-03-28,5호선,미사,14574,14698
2022-03-28,5호선,하남풍산,4063,4051
2022-03-28,5호선,하남시청,6173,6085
2022-03-28,5호선,하남검단산,5224,4971
2022-03-29,5호선,방화,6273,6034
2022-03-29,5호선,개화산,5354,5155
2022-03-29,5호선,김포공항,5989,5638
2022-03-29,5호선,송정,6149,5843
2022-03-29,5호선,마곡,10066,10052
2022-03-29,5호선,발산,19034,19339
2022-03-29,5호선,우장산,13827,13623
2022-03-29,5호선,화곡,26798,25196
2022-03-29,5호선,까치산,27169,26074
2022-03-29,5호선,신정,13181,10713
2022-03-29,5호선,목동,15764,16956
2022-03-29,5호선,오목교,19748,21161
2022-03-29,5호선,양평,7192,7127
2022-03-29,5호선,영등포구청,3822,3962
2022-03-29,5호선,영등포시장,9326,9468
2022-03-29,5호선,신길,3896,4156
2022-03-29,5호선,여의도,26254,27871
2022-03-29,5호선,여의나루,11073,12050
2022-03-29,5호선,마포,13351,13737
2022-03-29,5호선,공덕,13093,13800
2022-03-29,5호선,애오개,6606,6571
2022-03-29,5호선,충정로,4544,4637
2022-03-29,5호선,서대문,18594,18615
2022-03-29,5호선,광화문,27393,28806
2022-03-29,5호선,종로3가,10835,10854
2022-03-29,5호선,을지로4가,5813,5895
2022-03-29,5호선,동대문역사문화공원,2673,3077
2022-03-29,5호선,청구,3890,3459
2022-03-29,5호선,신금호,6285,6475
2022-03-29,5호선,행당,7608,6821
2022-03-29,5호선,왕십리,4180,4778
2022-03-29,5호선,마장,5496,5164
2022-03-29,5호선,답십리,15017,13854
2022-03-29,5호선,장한평,17225,17190
2022-03-29,5호선,군자,10568,11527
2022-03-29,5호선,아차산,14339,13967
2022-03-29,5호선,광나루,12694,11681
2022-03-29,5호선,천호,16140,16223
2022-03-29,5호선,강동,17444,16790
2022-03-29,5호선,길동,7427,7717
2022-03-29,5호선,굽은다리,8744,8286
2022-03-29,5호선,명일,8122,8429
2022-03-29,5호선,고덕,8958,8986
2022-03-29,5호선,상일동,13966,13185
2022-03-29,5호선,둔촌동,7966,8001
2022-03-29,5호선,올림픽공원,4184,3523
2022-03-29,5호선,방이,6630,6929
2022-03-29,5호선,오금,3671,3732
2022-03-29,5호선,개롱,6011,6354
2022-03-29,5호선,거여,9767,9242
2022-03-29,5호선,마천,6938,6668
2022-03-29,5호선,강일,3926,3699
2022-03-29,5호선,미사,14899,15015
2022-03-29,5호선,하남풍산,4119,4109
2022-03-29,5호선,하남시청,6515,6421
2022-03-29,5호선,하남검단산,5341,5161
2022-03-30,5호선,방화,6151,5943
2022-03-30,5호선,개화산,5315,5038
2022-03-30,5호선,김포공항,5994,5772
2022-03-30,5호선,송정,5988,5479
2022-03-30,5호선,마곡,10097,10017
2022-03-30,5호선,발산,19008,19295
2022-03-30,5호선,우장산,13602,13478
2022-03-30,5호선,화곡,26355,24666
2022-03-30,5호선,까치산,26988,25901
2022-03-30,5호선,신정,13098,10743
2022-03-30,5호선,목동,15408,16800
2022-03-30,5호선,오목교,19476,20884
2022-03-30,5호선,양평,6998,6955
2022-03-30,5호선,영등포구청,3731,3869
2022-03-30,5호선,영등포시장,9141,9388
2022-03-30,5호선,신길,3745,4115
2022-03-30,5호선,여의도,26176,27417
2022-03-30,5호선,여의나루,8307,9209
2022-03-30,5호선,마포,13307,13747
2022-03-30,5호선,공덕,12896,13826
2022-03-30,5호선,애오개,6510,6527
2022-03-30,5호선,충정로,4587,4637
2022-03-30,5호선,서대문,18267,18319
2022-03-30,5호선,광화문,26552,27622
2022-03-30,5호선,종로3가,10570,10631
2022-03-30,5호선,을지로4가,5701,5695
2022-03-30,5호선,동대문역사문화공원,2668,3016
2022-03-30,5호선,청구,3868,3407
2022-03-30,5호선,신금호,6222,6398
2022-03-30,5호선,행당,7491,6822
2022-03-30,5호선,왕십리,4273,4807
2022-03-30,5호선,마장,5335,5095
2022-03-30,5호선,답십리,14982,13780
2022-03-30,5호선,장한평,17509,17378
2022-03-30,5호선,군자,10529,11583
2022-03-30,5호선,아차산,13838,13452
2022-03-30,5호선,광나루,12552,11327
2022-03-30,5호선,천호,15946,16077
2022-03-30,5호선,강동,17490,16755
2022-03-30,5호선,길동,7296,7600
2022-03-30,5호선,굽은다리,8745,8330
2022-03-30,5호선,명일,8129,8542
2022-03-30,5호선,고덕,8846,8805
2022-03-30,5호선,상일동,13823,13002
2022-03-30,5호선,둔촌동,7970,7908
2022-03-30,5호선,올림픽공원,3979,3413
2022-03-30,5호선,방이,6557,6881
2022-03-30,5호선,오금,3541,3545
2022-03-30,5호선,개롱,6054,6347
2022-03-30,5호선,거여,9624,9126
2022-03-30,5호선,마천,6847,6656
2022-03-30,5호선,강일,3862,3568
2022-03-30,5호선,미사,14946,14956
2022-03-30,5호선,하남풍산,4120,4075
2022-03-30,5호선,하남시청,6182,6188
2022-03-30,5호선,하남검단산,5078,4850
2022-03-31,5호선,방화,6261,6013
2022-03-31,5호선,개화산,5311,5133
2022-03-31,5호선,김포공항,6102,6315
2022-03-31,5호선,송정,6100,5694
2022-03-31,5호선,마곡,10159,10288
2022-03-31,5호선,발산,19310,19550
2022-03-31,5호선,우장산,13913,13593
2022-03-31,5호선,화곡,26830,25055
2022-03-31,5호선,까치산,27355,26039
2022-03-31,5호선,신정,13221,10783
2022-03-31,5호선,목동,15722,16925
2022-03-31,5호선,오목교,19663,21140
2022-03-31,5호선,양평,7159,7070
2022-03-31,5호선,영등포구청,3776,3884
2022-03-31,5호선,영등포시장,9329,9693
2022-03-31,5호선,신길,3990,4240
2022-03-31,5호선,여의도,26445,28010
2022-03-31,5호선,여의나루,10349,11592
2022-03-31,5호선,마포,13728,13926
2022-03-31,5호선,공덕,13131,14032
2022-03-31,5호선,애오개,6466,6528
2022-03-31,5호선,충정로,4525,4630
2022-03-31,5호선,서대문,18470,18676
2022-03-31,5호선,광화문,26430,27889
2022-03-31,5호선,종로3가,10993,10946
2022-03-31,5호선,을지로4가,5974,5964
2022-03-31,5호선,동대문역사문화공원,2627,3117
2022-03-31,5호선,청구,3864,3462
2022-03-31,5호선,신금호,6278,6475
2022-03-31,5호선,행당,7533,6752
2022-03-31,5호선,왕십리,4293,4899
2022-03-31,5호선,마장,5290,5091
2022-03-31,5호선,답십리,15044,13845
2022-03-31,5호선,장한평,17514,17376
2022-03-31,5호선,군자,10703,11612
2022-03-31,5호선,아차산,14585,13949
2022-03-31,5호선,광나루,12555,11371
2022-03-31,5호선,천호,16343,16453
2022-03-31,5호선,강동,17393,16846
2022-03-31,5호선,길동,7571,7806
2022-03-31,5호선,굽은다리,8860,8462
2022-03-31,5호선,명일,8053,8344
2022-03-31,5호선,고덕,8911,8943
2022-03-31,5호선,상일동,13937,13146
2022-03-31,5호선,둔촌동,7983,7995
2022-03-31,5호선,올림픽공원,4070,3520
2022-03-31,5호선,방이,6699,7024
2022-03-31,5호선,오금,3685,3718
2022-03-31,5호선,개롱,6158,6399
2022-03-31,5호선,거여,9728,9344
2022-03-31,5호선,마천,6925,6607
2022-03-31,5호선,강일,3964,3652
2022-03-31,5호선,미사,14969,15162
2022-03-31,5호선,하남풍산,4056,4079
2022-03-31,5호선,하남시청,6307,6056
2022-03-31,5호선,하남검단산,4951,4822
2022-04-01,5호선,방이,6817,6943
2022-04-01,5호선,올림픽공원,4328,3712
2022-04-01,5호선,둔촌동,8404,8305
2022-04-01,5호선,상일동,14176,13268
2022-04-01,5호선,고덕,9235,9076
2022-04-01,5호선,명일,8442,8730
2022-04-01,5호선,굽은다리,9218,8644
2022-04-01,5호선,길동,7866,8262
2022-04-01,5호선,강동,18055,17105
2022-04-01,5호선,천호,17985,17884
2022-04-01,5호선,광나루,13080,11648
2022-04-01,5호선,아차산,15153,14691
2022-04-01,5호선,군자,10928,12144
2022-04-01,5호선,장한평,17930,17778
2022-04-01,5호선,답십리,15538,13920
2022-04-01,5호선,개롱,6249,6472
2022-04-01,5호선,거여,9823,9306
2022-04-01,5호선,마천,7018,6618
2022-04-01,5호선,강일,4072,3728
2022-04-01,5호선,미사,15686,15703
2022-04-01,5호선,하남풍산,4248,4234
2022-04-01,5호선,하남시청,6541,6505
2022-04-01,5호선,하남검단산,5412,5199
2022-04-01,5호선,방화,6503,6153
2022-04-01,5호선,개화산,5389,5251
2022-04-01,5호선,김포공항,7128,7327
2022-04-01,5호선,송정,6403,6065
2022-04-01,5호선,마곡,10244,10049
2022-04-01,5호선,발산,19305,20085
2022-04-01,5호선,우장산,14164,13696
2022-04-01,5호선,화곡,27773,25611
2022-04-01,5호선,까치산,28147,26784
2022-04-01,5호선,신정,13504,10839
2022-04-01,5호선,목동,16375,17307
2022-04-01,5호선,오목교,20635,22334
2022-04-01,5호선,양평,7395,6943
2022-04-01,5호선,영등포구청,3819,3901
2022-04-01,5호선,영등포시장,9993,10309
2022-04-01,5호선,신길,4106,4213
2022-04-01,5호선,여의도,27068,28600
2022-04-01,5호선,여의나루,15724,17322
2022-04-01,5호선,마포,13921,14384
2022-04-01,5호선,공덕,13268,14124
2022-04-01,5호선,애오개,6599,6691
2022-04-01,5호선,충정로,4421,4475
2022-04-01,5호선,서대문,17915,18063
2022-04-01,5호선,광화문,27204,28300
2022-04-01,5호선,종로3가,12788,12940
2022-04-01,5호선,을지로4가,5993,6125
2022-04-01,5호선,동대문역사문화공원,2621,3128
2022-04-01,5호선,청구,3994,3541
2022-04-01,5호선,신금호,6166,6412
2022-04-01,5호선,행당,7821,6865
2022-04-01,5호선,왕십리,4494,5448
2022-04-01,5호선,마장,5535,5281
2022-04-01,5호선,오금,3683,3724
2022-04-02,5호선,하남검단산,4974,5022
2022-04-02,5호선,하남시청,5272,5054
2022-04-02,5호선,하남풍산,2780,2740
2022-04-02,5호선,미사,11766,11656
2022-04-02,5호선,강일,2758,2568
2022-04-02,5호선,마천,4562,4787
2022-04-02,5호선,거여,6169,5895
2022-04-02,5호선,개롱,3866,4029
2022-04-02,5호선,오금,2531,2274
2022-04-02,5호선,방이,5275,5129
2022-04-02,5호선,올림픽공원,3129,2970
2022-04-02,5호선,둔촌동,6030,6031
2022-04-02,5호선,상일동,8972,8438
2022-04-02,5호선,고덕,6270,6144
2022-04-02,5호선,명일,6118,6086
2022-04-02,5호선,굽은다리,7308,6544
2022-04-02,5호선,길동,5521,5817
2022-04-02,5호선,강동,12506,11967
2022-04-02,5호선,천호,16064,15184
2022-04-02,5호선,광나루,9494,9039
2022-04-02,5호선,아차산,13809,13505
2022-04-02,5호선,군자,8023,8740
2022-04-02,5호선,장한평,10783,10548
2022-04-02,5호선,답십리,9808,8824
2022-04-02,5호선,마장,3979,3787
2022-04-02,5호선,왕십리,3364,4257
2022-04-02,5호선,행당,5059,4423
2022-04-02,5호선,신금호,3859,4044
2022-04-02,5호선,청구,2450,2248
2022-04-02,5호선,동대문역사문화공원,947,1232
2022-04-02,5호선,을지로4가,3155,3540
2022-04-02,5호선,종로3가,12914,12845
2022-04-02,5호선,광화문,15813,15649
2022-04-02,5호선,서대문,6990,6549
2022-04-02,5호선,충정로,1916,1741
2022-04-02,5호선,애오개,3476,3378
2022-04-02,5호선,공덕,6773,6992
2022-04-02,5호선,마포,7134,7130
2022-04-02,5호선,여의나루,22126,25446
2022-04-02,5호선,여의도,13757,13833
2022-04-02,5호선,신길,2604,2775
2022-04-02,5호선,영등포시장,7639,7954
2022-04-02,5호선,영등포구청,1908,1869
2022-04-02,5호선,양평,3701,3512
2022-04-02,5호선,오목교,15805,16110
2022-04-02,5호선,목동,10612,10784
2022-04-02,5호선,신정,8737,7678
2022-04-02,5호선,까치산,20050,19152
2022-04-02,5호선,화곡,19269,18025
2022-04-02,5호선,우장산,9357,9124
2022-04-02,5호선,발산,13018,13683
2022-04-02,5호선,마곡,5240,5254
2022-04-02,5호선,송정,4688,4547
2022-04-02,5호선,김포공항,6827,7113
2022-04-02,5호선,개화산,3554,3613
2022-04-02,5호선,방화,4361,4108
2022-04-03,5호선,고덕,4189,4243
2022-04-03,5호선,명일,4685,4674
2022-04-03,5호선,굽은다리,4900,4572
2022-04-03,5호선,길동,3866,3867
2022-04-03,5호선,강동,8534,8506
2022-04-03,5호선,천호,12160,11116
2022-04-03,5호선,광나루,7625,7571
2022-04-03,5호선,아차산,11690,11840
2022-04-03,5호선,군자,5781,6387
2022-04-03,5호선,장한평,7292,7267
2022-04-03,5호선,답십리,7056,6506
2022-04-03,5호선,마장,2762,2616
2022-04-03,5호선,상일동,5994,5885
2022-04-03,5호선,둔촌동,4297,4227
2022-04-03,5호선,올림픽공원,2344,2156
2022-04-03,5호선,방이,3707,3559
2022-04-03,5호선,오금,1471,1413
2022-04-03,5호선,개롱,2812,3150
2022-04-03,5호선,거여,4203,4121
2022-04-03,5호선,왕십리,2474,2945
2022-04-03,5호선,행당,3622,3333
2022-04-03,5호선,신금호,2745,3005
2022-04-03,5호선,청구,1722,1546
2022-04-03,5호선,동대문역사문화공원,672,771
2022-04-03,5호선,을지로4가,1644,1599
2022-04-03,5호선,종로3가,9029,7704
2022-04-03,5호선,광화문,10738,10539
2022-04-03,5호선,서대문,4781,4751
2022-04-03,5호선,충정로,1375,1316
2022-04-03,5호선,애오개,2541,2588
2022-04-03,5호선,공덕,4499,4449
2022-04-03,5호선,마포,4703,4742
2022-04-03,5호선,여의나루,21355,23226
2022-04-03,5호선,여의도,9739,9741
2022-04-03,5호선,신길,1889,2139
2022-04-03,5호선,영등포시장,5102,5366
2022-04-03,5호선,영등포구청,1313,1316
2022-04-03,5호선,양평,2473,2525
2022-04-03,5호선,오목교,10887,11169
2022-04-03,5호선,목동,7113,7412
2022-04-03,5호선,신정,6053,5590
2022-04-03,5호선,까치산,14888,14429
2022-04-03,5호선,화곡,13585,13079
2022-04-03,5호선,우장산,6398,6564
2022-04-03,5호선,발산,8800,9064
2022-04-03,5호선,마곡,3350,3604
2022-04-03,5호선,송정,3517,3421
2022-04-03,5호선,김포공항,6614,6306
2022-04-03,5호선,개화산,2724,2707
2022-04-03,5호선,방화,3393,3446
2022-04-03,5호선,미사,8449,8184
2022-04-03,5호선,하남풍산,2077,2139
2022-04-03,5호선,하남시청,3899,3637
2022-04-03,5호선,하남검단산,4228,4272
2022-04-03,5호선,마천,3439,3677
2022-04-03,5호선,강일,2010,1994
2022-04-04,5호선,방화,6439,6101
2022-04-04,5호선,개화산,5448,5093
2022-04-04,5호선,김포공항,6433,6240
2022-04-04,5호선,송정,6246,5865
2022-04-04,5호선,마곡,10273,10355
2022-04-04,5호선,발산,19435,19998
2022-04-04,5호선,우장산,14152,13915
2022-04-04,5호선,화곡,27486,25757
2022-04-04,5호선,까치산,27838,26642
2022-04-04,5호선,신정,13509,10923
2022-04-04,5호선,목동,15991,17115
2022-04-04,5호선,오목교,19911,21041
2022-04-04,5호선,양평,7267,7192
2022-04-04,5호선,영등포구청,3854,3910
2022-04-04,5호선,영등포시장,9409,9584
2022-04-04,5호선,신길,3969,4246
2022-04-04,5호선,여의도,27145,28578
2022-04-04,5호선,여의나루,13860,15081
2022-04-04,5호선,마포,13781,14166
2022-04-04,5호선,공덕,13045,13858
2022-04-04,5호선,애오개,6378,6468
2022-04-04,5호선,충정로,4612,4797
2022-04-04,5호선,서대문,18923,18982
2022-04-04,5호선,광화문,26639,27950
2022-04-04,5호선,종로3가,10767,10716
2022-04-04,5호선,을지로4가,5961,5958
2022-04-04,5호선,동대문역사문화공원,2667,3082
2022-04-04,5호선,청구,3902,3617
2022-04-04,5호선,신금호,6253,6488
2022-04-04,5호선,행당,7776,6899
2022-04-04,5호선,왕십리,4202,4837
2022-04-04,5호선,마장,5462,5177
2022-04-04,5호선,답십리,15306,14104
2022-04-04,5호선,장한평,17510,17231
2022-04-04,5호선,군자,10445,11365
2022-04-04,5호선,아차산,14306,13861
2022-04-04,5호선,광나루,12998,11858
2022-04-04,5호선,천호,16154,16300
2022-04-04,5호선,강동,17674,16991
2022-04-04,5호선,길동,7633,7940
2022-04-04,5호선,굽은다리,9173,8547
2022-04-04,5호선,명일,8321,8714
2022-04-04,5호선,고덕,9248,9257
2022-04-04,5호선,상일동,14420,13438
2022-04-04,5호선,둔촌동,8220,8128
2022-04-04,5호선,올림픽공원,4277,3771
2022-04-04,5호선,방이,6606,6941
2022-04-04,5호선,오금,3743,3681
2022-04-04,5호선,개롱,6168,6520
2022-04-04,5호선,거여,9904,9440
2022-04-04,5호선,마천,7085,6734
2022-04-04,5호선,강일,4035,3794
2022-04-04,5호선,미사,15232,15439
2022-04-04,5호선,하남풍산,4182,4136
2022-04-04,5호선,하남시청,6712,6566
2022-04-04,5호선,하남검단산,5310,5114
2022-04-05,5호선,올림픽공원,4349,3754
2022-04-05,5호선,방이,6836,7020
2022-04-05,5호선,오금,3775,3759
2022-04-05,5호선,개롱,6314,6559
2022-04-05,5호선,거여,10163,9578
2022-04-05,5호선,마천,7111,6935
2022-04-05,5호선,강일,4096,3906
2022-04-05,5호선,미사,15431,15391
2022-04-05,5호선,하남풍산,4171,4169
2022-04-05,5호선,하남시청,6363,6214
2022-04-05,5호선,하남검단산,5506,5222
2022-04-05,5호선,방화,6526,6284
2022-04-05,5호선,개화산,5464,5330
2022-04-05,5호선,김포공항,6385,6083
2022-04-05,5호선,송정,6328,6060
2022-04-05,5호선,마곡,10496,10506
2022-04-05,5호선,발산,19696,20223
2022-04-05,5호선,우장산,14450,14163
2022-04-05,5호선,화곡,27789,25957
2022-04-05,5호선,까치산,28357,26961
2022-04-05,5호선,신정,13618,11178
2022-04-05,5호선,목동,16337,17445
2022-04-05,5호선,오목교,20333,21669
2022-04-05,5호선,양평,7406,7341
2022-04-05,5호선,영등포구청,3955,4044
2022-04-05,5호선,영등포시장,9715,9993
2022-04-05,5호선,신길,4086,4339
2022-04-05,5호선,여의도,27841,29601
2022-04-05,5호선,여의나루,14504,15879
2022-04-05,5호선,마포,14119,14540
2022-04-05,5호선,공덕,13591,14414
2022-04-05,5호선,애오개,6709,6709
2022-04-05,5호선,충정로,4828,4883
2022-04-05,5호선,서대문,19111,19461
2022-04-05,5호선,광화문,27544,29067
2022-04-05,5호선,종로3가,11380,11359
2022-04-05,5호선,을지로4가,6038,6020
2022-04-05,5호선,동대문역사문화공원,2784,3236
2022-04-05,5호선,청구,3915,3545
2022-04-05,5호선,신금호,6406,6654
2022-04-05,5호선,행당,8010,7111
2022-04-05,5호선,왕십리,4409,4973
2022-04-05,5호선,마장,5576,5279
2022-04-05,5호선,답십리,15304,13952
2022-04-05,5호선,장한평,17774,17625
2022-04-05,5호선,군자,10747,11763
2022-04-05,5호선,아차산,15250,14680
2022-04-05,5호선,광나루,13274,12169
2022-04-05,5호선,천호,16777,16906
2022-04-05,5호선,강동,17988,17316
2022-04-05,5호선,길동,7795,8037
2022-04-05,5호선,굽은다리,9060,8513
2022-04-05,5호선,명일,8483,8735
2022-04-05,5호선,고덕,9468,9365
2022-04-05,5호선,상일동,14535,13595
2022-04-05,5호선,둔촌동,8230,8254
2022-04-06,5호선,하남검단산,5463,5196
2022-04-06,5호선,하남시청,6714,6426
2022-04-06,5호선,하남풍산,4290,4299
2022-04-06,5호선,미사,15604,15624
2022-04-06,5호선,강일,4056,3892
2022-04-06,5호선,마천,7120,6841
2022-04-06,5호선,거여,10055,9550
2022-04-06,5호선,개롱,6360,6582
2022-04-06,5호선,오금,3742,3773
2022-04-06,5호선,방이,6848,7025
2022-04-06,5호선,올림픽공원,4399,3845
2022-04-06,5호선,둔촌동,8387,8129
2022-04-06,5호선,상일동,14749,13581
2022-04-06,5호선,고덕,9431,9262
2022-04-06,5호선,명일,8780,9013
2022-04-06,5호선,굽은다리,9231,8815
2022-04-06,5호선,길동,7598,8013
2022-04-06,5호선,강동,18101,17347
2022-04-06,5호선,천호,16836,17038
2022-04-06,5호선,광나루,13435,11981
2022-04-06,5호선,아차산,15254,14752
2022-04-06,5호선,군자,10807,11916
2022-04-06,5호선,장한평,18439,18250
2022-04-06,5호선,답십리,15700,14243
2022-04-06,5호선,마장,5714,5368
2022-04-06,5호선,왕십리,4403,5136
2022-04-06,5호선,행당,8016,7083
2022-04-06,5호선,신금호,6441,6778
2022-04-06,5호선,동대문역사문화공원,2686,3155
2022-04-06,5호선,을지로4가,6138,6168
2022-04-06,5호선,종로3가,11868,11651
2022-04-06,5호선,광화문,28545,29991
2022-04-06,5호선,서대문,19373,19438
2022-04-06,5호선,충정로,4744,4840
2022-04-06,5호선,애오개,6648,6730
2022-04-06,5호선,공덕,13834,14620
2022-04-06,5호선,마포,14187,14405
2022-04-06,5호선,여의도,28416,30590
2022-04-06,5호선,신길,4064,4285
2022-04-06,5호선,영등포시장,9762,9961
2022-04-06,5호선,영등포구청,3974,4089
2022-04-06,5호선,양평,7483,7301
2022-04-06,5호선,오목교,20610,22207
2022-04-06,5호선,목동,16518,17703
2022-04-06,5호선,신정,13697,11136
2022-04-06,5호선,까치산,28359,27097
2022-04-06,5호선,화곡,28101,26269
2022-04-06,5호선,우장산,14614,14376
2022-04-06,5호선,발산,20124,20582
2022-04-06,5호선,마곡,10446,10467
2022-04-06,5호선,송정,6407,6023
2022-04-06,5호선,김포공항,6119,6295
2022-04-06,5호선,개화산,5557,5314
2022-04-06,5호선,방화,6597,6289
2022-04-06,5호선,청구,3989,3657
2022-04-06,5호선,여의나루,16869,18246
2022-04-07,5호선,신정,13686,11200
2022-04-07,5호선,화곡,28037,26129
2022-04-07,5호선,까치산,28366,27105
2022-04-07,5호선,우장산,14483,14291
2022-04-07,5호선,발산,19934,20456
2022-04-07,5호선,마곡,10483,10580
2022-04-07,5호선,김포공항,6610,6582
2022-04-07,5호선,개화산,5492,5308
2022-04-07,5호선,방화,6571,6235
2022-04-07,5호선,하남검단산,5466,5175
2022-04-07,5호선,하남시청,6600,6467
2022-04-07,5호선,하남풍산,4260,4220
2022-04-07,5호선,미사,15797,15703
2022-04-07,5호선,강일,4178,3940
2022-04-07,5호선,마천,7158,6870
2022-04-07,5호선,거여,10085,9623
2022-04-07,5호선,개롱,6394,6715
2022-04-07,5호선,오금,3763,3813
2022-04-07,5호선,방이,6920,7152
2022-04-07,5호선,올림픽공원,4457,3833
2022-04-07,5호선,둔촌동,8473,8433
2022-04-07,5호선,상일동,14685,13683
2022-04-07,5호선,고덕,9443,9262
2022-04-07,5호선,명일,8445,8658
2022-04-07,5호선,굽은다리,9370,8769
2022-04-07,5호선,길동,7754,7942
2022-04-07,5호선,송정,6460,6130
2022-04-07,5호선,강동,18419,17572
2022-04-07,5호선,천호,17068,16964
2022-04-07,5호선,광나루,13520,12262
2022-04-07,5호선,아차산,15335,14895
2022-04-07,5호선,군자,11035,12146
2022-04-07,5호선,장한평,18450,18444
2022-04-07,5호선,답십리,15600,14200
2022-04-07,5호선,마장,5637,5375
2022-04-07,5호선,왕십리,4515,5100
2022-04-07,5호선,행당,7945,7064
2022-04-07,5호선,신금호,6561,6779
2022-04-07,5호선,청구,3983,3561
2022-04-07,5호선,동대문역사문화공원,2722,3188
2022-04-07,5호선,을지로4가,6127,6096
2022-04-07,5호선,종로3가,11556,11520
2022-04-07,5호선,광화문,28745,30213
2022-04-07,5호선,서대문,19406,19712
2022-04-07,5호선,충정로,4722,4813
2022-04-07,5호선,애오개,6802,6829
2022-04-07,5호선,공덕,14153,14940
2022-04-07,5호선,마포,14331,14731
2022-04-07,5호선,여의나루,17068,18933
2022-04-07,5호선,여의도,28402,30569
2022-04-07,5호선,신길,4198,4365
2022-04-07,5호선,영등포시장,9827,10036
2022-04-07,5호선,영등포구청,4058,4139
2022-04-07,5호선,양평,7473,7334
2022-04-07,5호선,오목교,20945,22423
2022-04-07,5호선,목동,16725,17887
2022-04-08,5호선,방화,6797,6380
2022-04-08,5호선,개화산,5749,5361
2022-04-08,5호선,김포공항,7763,7645
2022-04-08,5호선,송정,6640,6060
2022-04-08,5호선,마곡,10078,10220
2022-04-08,5호선,발산,18730,19995
2022-04-08,5호선,우장산,14983,14490
2022-04-08,5호선,화곡,29103,26748
2022-04-08,5호선,까치산,29280,27404
2022-04-08,5호선,신정,14315,11161
2022-04-08,5호선,목동,17061,18088
2022-04-08,5호선,오목교,22185,24013
2022-04-08,5호선,양평,7577,7377
2022-04-08,5호선,영등포구청,3995,4017
2022-04-08,5호선,영등포시장,10354,10515
2022-04-08,5호선,신길,4283,4289
2022-04-08,5호선,여의도,29321,33266
2022-04-08,5호선,여의나루,27006,30213
2022-04-08,5호선,마포,14532,14941
2022-04-08,5호선,공덕,14006,15189
2022-04-08,5호선,애오개,6815,6780
2022-04-08,5호선,충정로,4689,4670
2022-04-08,5호선,서대문,18925,18897
2022-04-08,5호선,광화문,28316,29866
2022-04-08,5호선,종로3가,13082,13769
2022-04-08,5호선,을지로4가,6249,6363
2022-04-08,5호선,동대문역사문화공원,2492,3006
2022-04-08,5호선,청구,4015,3549
2022-04-08,5호선,신금호,6672,6775
2022-04-08,5호선,행당,8242,7065
2022-04-08,5호선,왕십리,4687,5454
2022-04-08,5호선,마장,5812,5409
2022-04-08,5호선,답십리,15806,14181
2022-04-08,5호선,장한평,18704,18231
2022-04-08,5호선,군자,11541,12728
2022-04-08,5호선,아차산,16188,15586
2022-04-08,5호선,광나루,13895,12402
2022-04-08,5호선,천호,18387,18649
2022-04-08,5호선,강동,18720,17552
2022-04-08,5호선,길동,8172,8548
2022-04-08,5호선,굽은다리,9457,8802
2022-04-08,5호선,명일,8905,9039
2022-04-08,5호선,고덕,9657,9561
2022-04-08,5호선,상일동,14985,13848
2022-04-08,5호선,둔촌동,8817,8659
2022-04-08,5호선,올림픽공원,4678,4161
2022-04-08,5호선,방이,6902,7220
2022-04-08,5호선,오금,3853,3834
2022-04-08,5호선,개롱,6450,6626
2022-04-08,5호선,거여,10165,9346
2022-04-08,5호선,마천,7280,6848
2022-04-08,5호선,강일,4329,3877
2022-04-08,5호선,미사,16300,16244
2022-04-08,5호선,하남풍산,4380,4266
2022-04-08,5호선,하남시청,6816,6589
2022-04-08,5호선,하남검단산,5740,5504
2022-04-09,5호선,하남검단산,5691,5531
2022-04-09,5호선,하남시청,5761,5516
2022-04-09,5호선,하남풍산,3128,2936
2022-04-09,5호선,미사,12682,12495
2022-04-09,5호선,강일,3036,2602
2022-04-09,5호선,마천,4824,4918
2022-04-09,5호선,거여,6260,6043
2022-04-09,5호선,개롱,4213,4438
2022-04-09,5호선,오금,2481,2279
2022-04-09,5호선,방이,5339,5033
2022-04-09,5호선,올림픽공원,3929,3770
2022-04-09,5호선,둔촌동,6502,6197
2022-04-09,5호선,상일동,9621,8889
2022-04-09,5호선,고덕,6525,6255
2022-04-09,5호선,명일,6270,6236
2022-04-09,5호선,굽은다리,7180,6585
2022-04-09,5호선,길동,6081,6128
2022-04-09,5호선,강동,13322,12406
2022-04-09,5호선,천호,17004,16015
2022-04-09,5호선,광나루,11291,10574
2022-04-09,5호선,아차산,16766,16301
2022-04-09,5호선,군자,8869,9568
2022-04-09,5호선,장한평,11392,11288
2022-04-09,5호선,답십리,10485,9189
2022-04-09,5호선,마장,3957,3690
2022-04-09,5호선,왕십리,3656,4474
2022-04-09,5호선,행당,5520,4771
2022-04-09,5호선,신금호,4332,4413
2022-04-09,5호선,청구,2664,2383
2022-04-09,5호선,동대문역사문화공원,996,1358
2022-04-09,5호선,을지로4가,3608,3982
2022-04-09,5호선,종로3가,12661,13361
2022-04-09,5호선,광화문,17929,18197
2022-04-09,5호선,서대문,7840,7444
2022-04-09,5호선,충정로,2143,1891
2022-04-09,5호선,애오개,3978,3921
2022-04-09,5호선,공덕,8285,8917
2022-04-09,5호선,마포,8909,8529
2022-04-09,5호선,여의나루,51164,62797
2022-04-09,5호선,여의도,21663,22351
2022-04-09,5호선,신길,3117,3228
2022-04-09,5호선,영등포시장,8840,9046
2022-04-09,5호선,영등포구청,2325,2243
2022-04-09,5호선,양평,4578,4310
2022-04-09,5호선,오목교,17927,18199
2022-04-09,5호선,목동,11796,11676
2022-04-09,5호선,신정,9679,8064
2022-04-09,5호선,까치산,21829,20595
2022-04-09,5호선,화곡,21878,19493
2022-04-09,5호선,우장산,10286,9845
2022-04-09,5호선,발산,13902,15015
2022-04-09,5호선,마곡,5703,5619
2022-04-09,5호선,송정,5174,4705
2022-04-09,5호선,김포공항,7143,7494
2022-04-09,5호선,개화산,3880,3706
2022-04-09,5호선,방화,4719,4433
2022-04-10,5호선,방화,3704,3681
2022-04-10,5호선,개화산,2777,2867
2022-04-10,5호선,김포공항,6889,6731
2022-04-10,5호선,송정,3923,3759
2022-04-10,5호선,마곡,3841,3979
2022-04-10,5호선,발산,9525,10265
2022-04-10,5호선,우장산,7446,7466
2022-04-10,5호선,화곡,15670,14686
2022-04-10,5호선,까치산,16895,15984
2022-04-10,5호선,신정,7211,6392
2022-04-10,5호선,목동,8481,8529
2022-04-10,5호선,오목교,13159,13630
2022-04-10,5호선,양평,3448,3543
2022-04-10,5호선,영등포구청,1528,1532
2022-04-10,5호선,영등포시장,6081,6327
2022-04-10,5호선,신길,2416,2690
2022-04-10,5호선,여의도,16248,16930
2022-04-10,5호선,여의나루,45681,54132
2022-04-10,5호선,마포,5796,5437
2022-04-10,5호선,공덕,5703,5927
2022-04-10,5호선,애오개,2984,2885
2022-04-10,5호선,충정로,1724,1644
2022-04-10,5호선,서대문,5810,5624
2022-04-10,5호선,광화문,13189,13238
2022-04-10,5호선,종로3가,9306,8531
2022-04-10,5호선,을지로4가,1893,1900
2022-04-10,5호선,동대문역사문화공원,777,878
2022-04-10,5호선,청구,2016,1698
2022-04-10,5호선,신금호,3259,3522
2022-04-10,5호선,행당,4292,3915
2022-04-10,5호선,왕십리,2772,3201
2022-04-10,5호선,마장,3134,2888
2022-04-10,5호선,답십리,7760,7100
2022-04-10,5호선,장한평,8349,8277
2022-04-10,5호선,군자,6538,7103
2022-04-10,5호선,아차산,14674,14899
2022-04-10,5호선,광나루,8947,8839
2022-04-10,5호선,천호,12892,12226
2022-04-10,5호선,강동,9274,9201
2022-04-10,5호선,길동,4237,4371
2022-04-10,5호선,굽은다리,5402,4892
2022-04-10,5호선,명일,5194,5165
2022-04-10,5호선,고덕,4459,4424
2022-04-10,5호선,상일동,6983,6645
2022-04-10,5호선,둔촌동,4704,4663
2022-04-10,5호선,올림픽공원,2920,2919
2022-04-10,5호선,방이,4200,3870
2022-04-10,5호선,오금,1495,1473
2022-04-10,5호선,개롱,3010,3293
2022-04-10,5호선,거여,4712,4596
2022-04-10,5호선,마천,3664,3928
2022-04-10,5호선,강일,2425,2263
2022-04-10,5호선,미사,9454,9513
2022-04-10,5호선,하남풍산,2249,2114
2022-04-10,5호선,하남시청,4124,3941
2022-04-10,5호선,하남검단산,4948,4826
2022-04-11,5호선,하남검단산,5709,5512
2022-04-11,5호선,하남시청,6665,6480
2022-04-11,5호선,하남풍산,4264,4215
2022-04-11,5호선,미사,15711,15740
2022-04-11,5호선,강일,4137,3921
2022-04-11,5호선,마천,7194,6877
2022-04-11,5호선,거여,10214,9708
2022-04-11,5호선,개롱,6430,6693
2022-04-11,5호선,오금,3744,3769
2022-04-11,5호선,방이,6721,7038
2022-04-11,5호선,올림픽공원,4551,4032
2022-04-11,5호선,둔촌동,8391,8260
2022-04-11,5호선,상일동,15059,13775
2022-04-11,5호선,고덕,9534,9554
2022-04-11,5호선,명일,8621,8814
2022-04-11,5호선,굽은다리,9373,8767
2022-04-11,5호선,길동,7932,8193
2022-04-11,5호선,강동,18279,17569
2022-04-11,5호선,천호,16766,17058
2022-04-11,5호선,광나루,13389,12245
2022-04-11,5호선,아차산,15119,14698
2022-04-11,5호선,군자,10807,11757
2022-04-11,5호선,장한평,18077,17729
2022-04-11,5호선,답십리,15649,14292
2022-04-11,5호선,마장,5684,5341
2022-04-11,5호선,왕십리,4467,5171
2022-04-11,5호선,행당,8018,7113
2022-04-11,5호선,신금호,6501,6816
2022-04-11,5호선,청구,4026,3586
2022-04-11,5호선,동대문역사문화공원,2779,3184
2022-04-11,5호선,을지로4가,6103,6012
2022-04-11,5호선,종로3가,10921,11203
2022-04-11,5호선,방화,6696,6513
2022-04-11,5호선,개화산,5569,5296
2022-04-11,5호선,김포공항,6714,6572
2022-04-11,5호선,송정,6536,6026
2022-04-11,5호선,마곡,10617,10633
2022-04-11,5호선,발산,19878,20491
2022-04-11,5호선,우장산,15021,14516
2022-04-11,5호선,화곡,28411,26633
2022-04-11,5호선,까치산,28722,27135
2022-04-11,5호선,신정,13925,11333
2022-04-11,5호선,목동,16614,17863
2022-04-11,5호선,오목교,20276,21961
2022-04-11,5호선,양평,7723,7655
2022-04-11,5호선,영등포구청,4081,4182
2022-04-11,5호선,영등포시장,9934,10032
2022-04-11,5호선,신길,4274,4486
2022-04-11,5호선,여의도,29509,32437
2022-04-11,5호선,여의나루,26115,29020
2022-04-11,5호선,마포,14429,14779
2022-04-11,5호선,공덕,13999,14842
2022-04-11,5호선,애오개,6736,6756
2022-04-11,5호선,충정로,4753,4850
2022-04-11,5호선,서대문,19894,19973
2022-04-11,5호선,광화문,28105,29188
2022-04-12,5호선,방화,6695,6392
2022-04-12,5호선,개화산,5664,5513
2022-04-12,5호선,김포공항,6562,6193
2022-04-12,5호선,송정,6449,6200
2022-04-12,5호선,마곡,10660,10791
2022-04-12,5호선,발산,20386,20839
2022-04-12,5호선,우장산,14893,14619
2022-04-12,5호선,화곡,28433,26540
2022-04-12,5호선,까치산,28656,27611
2022-04-12,5호선,신정,14080,11578
2022-04-12,5호선,목동,16731,18075
2022-04-12,5호선,오목교,21063,22611
2022-04-12,5호선,양평,7608,7587
2022-04-12,5호선,영등포구청,4106,4107
2022-04-12,5호선,영등포시장,9981,10276
2022-04-12,5호선,신길,4095,4539
2022-04-12,5호선,여의도,29868,31154
2022-04-12,5호선,여의나루,15135,17231
2022-04-12,5호선,마포,14788,15050
2022-04-12,5호선,공덕,14259,15149
2022-04-12,5호선,애오개,6982,7129
2022-04-12,5호선,충정로,4892,5110
2022-04-12,5호선,서대문,20336,20353
2022-04-12,5호선,광화문,29126,30116
2022-04-12,5호선,종로3가,11337,11257
2022-04-12,5호선,을지로4가,6293,6274
2022-04-12,5호선,동대문역사문화공원,2851,3236
2022-04-12,5호선,청구,4138,3728
2022-04-12,5호선,신금호,6610,6948
2022-04-12,5호선,행당,8185,7287
2022-04-12,5호선,왕십리,4465,5219
2022-04-12,5호선,마장,5808,5491
2022-04-12,5호선,답십리,15755,14463
2022-04-12,5호선,장한평,18082,18056
2022-04-12,5호선,군자,11099,12055
2022-04-12,5호선,아차산,15225,14755
2022-04-12,5호선,광나루,14263,13051
2022-04-12,5호선,천호,16986,17167
2022-04-12,5호선,강동,18728,18031
2022-04-12,5호선,길동,7948,8208
2022-04-12,5호선,굽은다리,9385,8880
2022-04-12,5호선,명일,8677,9064
2022-04-12,5호선,고덕,9601,9550
2022-04-12,5호선,상일동,15009,14144
2022-04-12,5호선,둔촌동,8485,8414
2022-04-12,5호선,올림픽공원,4527,3926
2022-04-12,5호선,방이,7047,7264
2022-04-12,5호선,오금,3780,3818
2022-04-12,5호선,개롱,6375,6740
2022-04-12,5호선,거여,10326,9929
2022-04-12,5호선,마천,7222,6858
2022-04-12,5호선,강일,4208,3967
2022-04-12,5호선,미사,15883,15916
2022-04-12,5호선,하남풍산,4318,4282
2022-04-12,5호선,하남시청,6687,6511
2022-04-12,5호선,하남검단산,5746,5497
2022-04-13,5호선,하남검단산,5201,4996
2022-04-13,5호선,하남시청,6386,6199
2022-04-13,5호선,하남풍산,4164,4110
2022-04-13,5호선,미사,15698,15607
2022-04-13,5호선,강일,4025,3784
2022-04-13,5호선,마천,7111,6822
2022-04-13,5호선,거여,10285,9728
2022-04-13,5호선,개롱,6423,6637
2022-04-13,5호선,오금,3806,3839
2022-04-13,5호선,방이,6934,7274
2022-04-13,5호선,올림픽공원,4267,3669
2022-04-13,5호선,둔촌동,8243,8283
2022-04-13,5호선,상일동,14476,13698
2022-04-13,5호선,고덕,9489,9197
2022-04-13,5호선,명일,8662,8986
2022-04-13,5호선,굽은다리,9285,8868
2022-04-13,5호선,길동,7631,7998
2022-04-13,5호선,강동,18506,17822
2022-04-13,5호선,천호,16942,16759
2022-04-13,5호선,광나루,13095,11777
2022-04-13,5호선,아차산,14151,13841
2022-04-13,5호선,군자,10854,12089
2022-04-13,5호선,장한평,18451,18411
2022-04-13,5호선,답십리,15912,14515
2022-04-13,5호선,마장,5620,5332
2022-04-13,5호선,왕십리,4476,5218
2022-04-13,5호선,행당,7914,7115
2022-04-13,5호선,신금호,6440,6699
2022-04-13,5호선,청구,4062,3610
2022-04-13,5호선,동대문역사문화공원,2877,3250
2022-04-13,5호선,을지로4가,6053,5993
2022-04-13,5호선,종로3가,11595,11328
2022-04-13,5호선,광화문,29041,30583
2022-04-13,5호선,서대문,20075,20044
2022-04-13,5호선,충정로,4948,5023
2022-04-13,5호선,애오개,6864,6959
2022-04-13,5호선,공덕,14024,14921
2022-04-13,5호선,마포,14764,15150
2022-04-13,5호선,여의나루,9387,10943
2022-04-13,5호선,여의도,29047,30112
2022-04-13,5호선,신길,4174,4481
2022-04-13,5호선,영등포시장,9823,10118
2022-04-13,5호선,영등포구청,4030,4101
2022-04-13,5호선,양평,7491,7449
2022-04-13,5호선,오목교,20847,22433
2022-04-13,5호선,목동,16717,17963
2022-04-13,5호선,신정,13969,11506
2022-04-13,5호선,까치산,28404,26898
2022-04-13,5호선,화곡,28035,26222
2022-04-13,5호선,우장산,14535,14417
2022-04-13,5호선,발산,20461,20877
2022-04-13,5호선,마곡,10714,10627
2022-04-13,5호선,송정,6390,6038
2022-04-13,5호선,김포공항,6522,6303
2022-04-13,5호선,개화산,5521,5324
2022-04-13,5호선,방화,6446,6250
2022-04-14,5호선,하남검단산,5508,5356
2022-04-14,5호선,하남시청,7011,6773
2022-04-14,5호선,하남풍산,4416,4248
2022-04-14,5호선,미사,15898,15830
2022-04-14,5호선,강일,4140,3939
2022-04-14,5호선,마천,7344,7046
2022-04-14,5호선,거여,10400,9851
2022-04-14,5호선,개롱,6438,6679
2022-04-14,5호선,오금,3934,3865
2022-04-14,5호선,방이,7096,7363
2022-04-14,5호선,올림픽공원,4471,3765
2022-04-14,5호선,둔촌동,8351,8415
2022-04-14,5호선,상일동,14897,13855
2022-04-14,5호선,고덕,9576,9373
2022-04-14,5호선,명일,8524,8812
2022-04-14,5호선,굽은다리,9349,8792
2022-04-14,5호선,길동,7810,8015
2022-04-14,5호선,강동,18737,18084
2022-04-14,5호선,천호,17261,17369
2022-04-14,5호선,광나루,13563,12255
2022-04-14,5호선,아차산,14843,14178
2022-04-14,5호선,군자,11224,12255
2022-04-14,5호선,장한평,18631,18296
2022-04-14,5호선,답십리,15671,14331
2022-04-14,5호선,마장,5789,5486
2022-04-14,5호선,왕십리,4631,5226
2022-04-14,5호선,행당,8106,7215
2022-04-14,5호선,신금호,6611,6793
2022-04-14,5호선,청구,4030,3596
2022-04-14,5호선,동대문역사문화공원,2715,3206
2022-04-14,5호선,을지로4가,6068,5891
2022-04-14,5호선,종로3가,11795,11864
2022-04-14,5호선,광화문,29362,30857
2022-04-14,5호선,서대문,20003,20293
2022-04-14,5호선,충정로,4835,5154
2022-04-14,5호선,애오개,6816,6967
2022-04-14,5호선,공덕,14085,15089
2022-04-14,5호선,마포,14634,15143
2022-04-14,5호선,여의나루,10898,12280
2022-04-14,5호선,여의도,28542,30240
2022-04-14,5호선,신길,4235,4370
2022-04-14,5호선,영등포시장,9995,10218
2022-04-14,5호선,영등포구청,4096,4074
2022-04-14,5호선,양평,7505,7363
2022-04-14,5호선,오목교,20996,22701
2022-04-14,5호선,목동,16755,17960
2022-04-14,5호선,신정,13985,11216
2022-04-14,5호선,까치산,28650,27139
2022-04-14,5호선,화곡,28212,26413
2022-04-14,5호선,우장산,14761,14277
2022-04-14,5호선,발산,20346,20876
2022-04-14,5호선,마곡,10653,10862
2022-04-14,5호선,송정,6470,6070
2022-04-14,5호선,김포공항,6869,6760
2022-04-14,5호선,개화산,5600,5336
2022-04-14,5호선,방화,6649,6387
2022-04-15,5호선,굽은다리,9642,8956
2022-04-15,5호선,명일,8937,9241
2022-04-15,5호선,고덕,10037,9858
2022-04-15,5호선,상일동,15338,13894
2022-04-15,5호선,둔촌동,8604,8672
2022-04-15,5호선,올림픽공원,4689,3886
2022-04-15,5호선,방이,7166,7372
2022-04-15,5호선,오금,3928,3914
2022-04-15,5호선,개롱,6606,6783
2022-04-15,5호선,거여,10553,9867
2022-04-15,5호선,마천,7395,7004
2022-04-15,5호선,강일,4316,3986
2022-04-15,5호선,미사,16490,16393
2022-04-15,5호선,하남풍산,4432,4348
2022-04-15,5호선,하남시청,6968,6645
2022-04-15,5호선,하남검단산,5864,5659
2022-04-15,5호선,방화,6807,6411
2022-04-15,5호선,개화산,5793,5526
2022-04-15,5호선,김포공항,7910,7833
2022-04-15,5호선,송정,6887,6363
2022-04-15,5호선,마곡,10676,10609
2022-04-15,5호선,발산,20389,21375
2022-04-15,5호선,우장산,14952,14502
2022-04-15,5호선,화곡,29627,26979
2022-04-15,5호선,까치산,29499,27685
2022-04-15,5호선,신정,14292,11186
2022-04-15,5호선,목동,17548,18276
2022-04-15,5호선,오목교,21697,23501
2022-04-15,5호선,양평,7618,7223
2022-04-15,5호선,영등포구청,4089,4091
2022-04-15,5호선,영등포시장,10364,10658
2022-04-15,5호선,신길,4262,4343
2022-04-15,5호선,여의도,28548,30987
2022-04-15,5호선,여의나루,15987,17309
2022-04-15,5호선,마포,14748,15263
2022-04-15,5호선,공덕,14180,15295
2022-04-15,5호선,애오개,6947,6821
2022-04-15,5호선,충정로,4688,4710
2022-04-15,5호선,서대문,19594,19739
2022-04-15,5호선,광화문,28740,30999
2022-04-15,5호선,종로3가,12962,13899
2022-04-15,5호선,을지로4가,6168,6408
2022-04-15,5호선,동대문역사문화공원,2694,3205
2022-04-15,5호선,청구,4247,3668
2022-04-15,5호선,신금호,6814,6887
2022-04-15,5호선,행당,8323,7180
2022-04-15,5호선,왕십리,4675,5678
2022-04-15,5호선,마장,5987,5609
2022-04-15,5호선,답십리,16336,14616
2022-04-15,5호선,장한평,18667,18321
2022-04-15,5호선,군자,11632,12836
2022-04-15,5호선,아차산,15831,14971
2022-04-15,5호선,광나루,13818,12490
2022-04-15,5호선,천호,18908,18984
2022-04-15,5호선,강동,19045,18001
2022-04-15,5호선,길동,8303,8604
2022-04-16,5호선,하남검단산,5495,5372
2022-04-16,5호선,하남시청,5742,5413
2022-04-16,5호선,하남풍산,2879,2843
2022-04-16,5호선,미사,12351,12293
2022-04-16,5호선,강일,2987,2703
2022-04-16,5호선,마천,4907,5009
2022-04-16,5호선,거여,6368,6026
2022-04-16,5호선,개롱,4309,4324
2022-04-16,5호선,오금,2017,1935
2022-04-16,5호선,방이,5313,5084
2022-04-16,5호선,올림픽공원,3567,3263
2022-04-16,5호선,둔촌동,6378,6238
2022-04-16,5호선,상일동,9579,8752
2022-04-16,5호선,고덕,6455,6193
2022-04-16,5호선,명일,6179,6087
2022-04-16,5호선,굽은다리,7167,6619
2022-04-16,5호선,길동,5887,6093
2022-04-16,5호선,강동,13330,12496
2022-04-16,5호선,천호,16973,16380
2022-04-16,5호선,광나루,10264,9602
2022-04-16,5호선,아차산,14656,14302
2022-04-16,5호선,군자,8529,9265
2022-04-16,5호선,장한평,11271,10820
2022-04-16,5호선,답십리,10253,9273
2022-04-16,5호선,마장,3939,3755
2022-04-16,5호선,왕십리,3514,4253
2022-04-16,5호선,행당,5575,4830
2022-04-16,5호선,신금호,4233,4291
2022-04-16,5호선,청구,2664,2344
2022-04-16,5호선,동대문역사문화공원,954,1361
2022-04-16,5호선,을지로4가,3445,3916
2022-04-16,5호선,종로3가,13032,13449
2022-04-16,5호선,광화문,15283,15729
2022-04-16,5호선,서대문,7512,7127
2022-04-16,5호선,충정로,2052,1834
2022-04-16,5호선,애오개,3585,3561
2022-04-16,5호선,공덕,7207,7405
2022-04-16,5호선,마포,7873,7831
2022-04-16,5호선,여의나루,21772,24778
2022-04-16,5호선,여의도,13913,14679
2022-04-16,5호선,신길,2791,2885
2022-04-16,5호선,영등포시장,8087,8624
2022-04-16,5호선,영등포구청,2044,1927
2022-04-16,5호선,양평,3847,3513
2022-04-16,5호선,오목교,17146,17515
2022-04-16,5호선,목동,11239,11271
2022-04-16,5호선,신정,9064,7656
2022-04-16,5호선,까치산,21753,20284
2022-04-16,5호선,화곡,20703,18748
2022-04-16,5호선,우장산,9960,9703
2022-04-16,5호선,발산,13443,14685
2022-04-16,5호선,마곡,5531,5738
2022-04-16,5호선,송정,5137,4819
2022-04-16,5호선,김포공항,7427,7557
2022-04-16,5호선,개화산,3918,3916
2022-04-16,5호선,방화,4729,4392
2022-04-17,5호선,길동,4132,4201
2022-04-17,5호선,굽은다리,5394,4985
2022-04-17,5호선,명일,5119,5179
2022-04-17,5호선,고덕,4286,4317
2022-04-17,5호선,상일동,6490,6288
2022-04-17,5호선,둔촌동,4492,4555
2022-04-17,5호선,올림픽공원,2563,2303
2022-04-17,5호선,방이,4149,3906
2022-04-17,5호선,오금,1608,1455
2022-04-17,5호선,개롱,2975,3394
2022-04-17,5호선,거여,4674,4532
2022-04-17,5호선,마천,3686,3926
2022-04-17,5호선,강일,2220,2114
2022-04-17,5호선,미사,9031,8969
2022-04-17,5호선,하남풍산,2076,2121
2022-04-17,5호선,하남시청,4130,3840
2022-04-17,5호선,하남검단산,4678,4622
2022-04-17,5호선,영등포구청,1441,1384
2022-04-17,5호선,양평,2802,2885
2022-04-17,5호선,오목교,11196,11590
2022-04-17,5호선,목동,7787,7939
2022-04-17,5호선,신정,6505,5955
2022-04-17,5호선,까치산,15895,15474
2022-04-17,5호선,화곡,14576,13631
2022-04-17,5호선,우장산,6821,6947
2022-04-17,5호선,발산,9157,9843
2022-04-17,5호선,마곡,3703,3838
2022-04-17,5호선,송정,3872,3776
2022-04-17,5호선,김포공항,7114,6873
2022-04-17,5호선,개화산,2796,2960
2022-04-17,5호선,방화,3633,3569
2022-04-17,5호선,영등포시장,5571,5858
2022-04-17,5호선,종로3가,8598,7772
2022-04-17,5호선,을지로4가,1767,1763
2022-04-17,5호선,동대문역사문화공원,686,820
2022-04-17,5호선,청구,1868,1614
2022-04-17,5호선,신금호,2972,3236
2022-04-17,5호선,행당,3939,3602
2022-04-17,5호선,왕십리,2652,3101
2022-04-17,5호선,마장,3062,2907
2022-04-17,5호선,답십리,7606,6891
2022-04-17,5호선,장한평,7863,7833
2022-04-17,5호선,군자,6133,6714
2022-04-17,5호선,아차산,12022,11986
2022-04-17,5호선,광나루,8409,8172
2022-04-17,5호선,천호,12404,11776
2022-04-17,5호선,강동,8960,9070
2022-04-17,5호선,신길,1984,2293
2022-04-17,5호선,여의도,9171,9493
2022-04-17,5호선,여의나루,17013,18205
2022-04-17,5호선,마포,4865,5023
2022-04-17,5호선,공덕,4712,4677
2022-04-17,5호선,애오개,2749,2822
2022-04-17,5호선,충정로,1419,1462
2022-04-17,5호선,서대문,5459,5255
2022-04-17,5호선,광화문,11710,12047
2022-04-18,5호선,하남검단산,5649,5254
2022-04-18,5호선,하남시청,6816,6621
2022-04-18,5호선,하남풍산,4210,4195
2022-04-18,5호선,미사,15700,15760
2022-04-18,5호선,강일,4194,3980
2022-04-18,5호선,마천,7366,6994
2022-04-18,5호선,거여,10406,9975
2022-04-18,5호선,개롱,6541,6799
2022-04-18,5호선,오금,3795,3897
2022-04-18,5호선,방이,6834,7149
2022-04-18,5호선,올림픽공원,4363,3781
2022-04-18,5호선,둔촌동,8283,8244
2022-04-18,5호선,상일동,15031,13920
2022-04-18,5호선,고덕,9699,9529
2022-04-18,5호선,명일,8622,9021
2022-04-18,5호선,굽은다리,9379,8740
2022-04-18,5호선,길동,7909,8171
2022-04-18,5호선,강동,18601,17729
2022-04-18,5호선,천호,15763,16299
2022-04-18,5호선,광나루,13142,11944
2022-04-18,5호선,아차산,14907,14185
2022-04-18,5호선,군자,10959,12036
2022-04-18,5호선,장한평,18041,17684
2022-04-18,5호선,답십리,15841,14477
2022-04-18,5호선,마장,5780,5489
2022-04-18,5호선,왕십리,4482,5091
2022-04-18,5호선,행당,8086,7230
2022-04-18,5호선,신금호,6234,6489
2022-04-18,5호선,청구,4012,3623
2022-04-18,5호선,동대문역사문화공원,2862,3190
2022-04-18,5호선,을지로4가,6167,6055
2022-04-18,5호선,종로3가,11225,11488
2022-04-18,5호선,광화문,28289,29714
2022-04-18,5호선,서대문,19991,20202
2022-04-18,5호선,충정로,4790,4959
2022-04-18,5호선,애오개,6728,6641
2022-04-18,5호선,공덕,13934,14750
2022-04-18,5호선,마포,14441,14806
2022-04-18,5호선,여의나루,10568,11222
2022-04-18,5호선,여의도,27556,29389
2022-04-18,5호선,신길,4158,4457
2022-04-18,5호선,영등포시장,9715,10180
2022-04-18,5호선,영등포구청,4112,4226
2022-04-18,5호선,양평,7542,7480
2022-04-18,5호선,오목교,20839,22353
2022-04-18,5호선,목동,16579,17825
2022-04-18,5호선,신정,13970,11267
2022-04-18,5호선,까치산,28698,27378
2022-04-18,5호선,화곡,28388,26559
2022-04-18,5호선,우장산,14891,14561
2022-04-18,5호선,발산,20357,20716
2022-04-18,5호선,마곡,10532,10697
2022-04-18,5호선,송정,6627,6103
2022-04-18,5호선,김포공항,6732,6652
2022-04-18,5호선,개화산,5635,5340
2022-04-18,5호선,방화,6587,6362
2022-04-19,5호선,마곡,10971,10992
2022-04-19,5호선,송정,6647,6223
2022-04-19,5호선,김포공항,7023,6685
2022-04-19,5호선,개화산,5788,5460
2022-04-19,5호선,방화,6924,6571
2022-04-19,5호선,발산,20732,21306
2022-04-19,5호선,우장산,15228,14804
2022-04-19,5호선,화곡,28910,27124
2022-04-19,5호선,까치산,29405,27810
2022-04-19,5호선,신정,14377,11666
2022-04-19,5호선,목동,17129,18335
2022-04-19,5호선,오목교,21323,23005
2022-04-19,5호선,양평,7774,7621
2022-04-19,5호선,영등포구청,4236,4349
2022-04-19,5호선,영등포시장,10067,10271
2022-04-19,5호선,신길,4250,4526
2022-04-19,5호선,여의도,29184,31025
2022-04-19,5호선,여의나루,12106,13350
2022-04-19,5호선,마포,14893,15261
2022-04-19,5호선,공덕,14813,15654
2022-04-19,5호선,애오개,7171,7094
2022-04-19,5호선,충정로,5059,5161
2022-04-19,5호선,서대문,20699,20952
2022-04-19,5호선,광화문,29839,31640
2022-04-19,5호선,종로3가,11880,11983
2022-04-19,5호선,을지로4가,6464,6431
2022-04-19,5호선,동대문역사문화공원,2953,3410
2022-04-19,5호선,청구,4148,3624
2022-04-19,5호선,신금호,6790,7042
2022-04-19,5호선,행당,8248,7391
2022-04-19,5호선,왕십리,4517,5171
2022-04-19,5호선,마장,5832,5559
2022-04-19,5호선,답십리,16079,14663
2022-04-19,5호선,장한평,18695,18456
2022-04-19,5호선,군자,11241,12319
2022-04-19,5호선,아차산,15325,14931
2022-04-19,5호선,광나루,13667,12380
2022-04-19,5호선,천호,17964,18036
2022-04-19,5호선,강동,19146,18253
2022-04-19,5호선,길동,8015,8224
2022-04-19,5호선,굽은다리,9471,8893
2022-04-19,5호선,명일,8952,9236
2022-04-19,5호선,고덕,9945,9946
2022-04-19,5호선,상일동,15382,14199
2022-04-19,5호선,둔촌동,8467,8553
2022-04-19,5호선,올림픽공원,4550,3877
2022-04-19,5호선,방이,7071,7457
2022-04-19,5호선,오금,3950,4016
2022-04-19,5호선,개롱,6637,6913
2022-04-19,5호선,거여,10715,10070
2022-04-19,5호선,마천,7669,7399
2022-04-19,5호선,강일,4288,3957
2022-04-19,5호선,미사,16353,16118
2022-04-19,5호선,하남풍산,4428,4364
2022-04-19,5호선,하남시청,7292,7110
2022-04-19,5호선,하남검단산,5726,5544
2022-04-20,5호선,방화,6947,6565
2022-04-20,5호선,개화산,5877,5613
2022-04-20,5호선,김포공항,6694,6973
2022-04-20,5호선,송정,6805,6496
2022-04-20,5호선,마곡,10927,11022
2022-04-20,5호선,발산,22225,22855
2022-04-20,5호선,우장산,15180,14702
2022-04-20,5호선,화곡,29340,26982
2022-04-20,5호선,까치산,29782,28330
2022-04-20,5호선,신정,14440,11663
2022-04-20,5호선,목동,17214,18562
2022-04-20,5호선,오목교,21420,22996
2022-04-20,5호선,양평,7721,7713
2022-04-20,5호선,영등포구청,4156,4285
2022-04-20,5호선,영등포시장,10311,10494
2022-04-20,5호선,신길,4312,4584
2022-04-20,5호선,여의도,30483,31575
2022-04-20,5호선,여의나루,12832,13623
2022-04-20,5호선,마포,14900,15301
2022-04-20,5호선,공덕,14581,15600
2022-04-20,5호선,애오개,7080,7155
2022-04-20,5호선,충정로,4955,5294
2022-04-20,5호선,서대문,20352,20800
2022-04-20,5호선,광화문,30455,32440
2022-04-20,5호선,종로3가,12246,12359
2022-04-20,5호선,을지로4가,6459,6472
2022-04-20,5호선,동대문역사문화공원,2851,3429
2022-04-20,5호선,청구,4161,3796
2022-04-20,5호선,신금호,6867,7041
2022-04-20,5호선,행당,8419,7425
2022-04-20,5호선,왕십리,4865,5367
2022-04-20,5호선,마장,5867,5561
2022-04-20,5호선,답십리,16329,14919
2022-04-20,5호선,장한평,19115,18793
2022-04-20,5호선,군자,11388,12613
2022-04-20,5호선,아차산,15449,14943
2022-04-20,5호선,광나루,14009,12777
2022-04-20,5호선,천호,17927,18367
2022-04-20,5호선,강동,18916,18166
2022-04-20,5호선,길동,8175,8485
2022-04-20,5호선,굽은다리,9566,9053
2022-04-20,5호선,명일,8957,9317
2022-04-20,5호선,고덕,9971,9732
2022-04-20,5호선,상일동,15468,14440
2022-04-20,5호선,둔촌동,8488,8411
2022-04-20,5호선,올림픽공원,4516,3915
2022-04-20,5호선,방이,7266,7420
2022-04-20,5호선,오금,3928,4027
2022-04-20,5호선,개롱,6581,6817
2022-04-20,5호선,거여,10665,9988
2022-04-20,5호선,마천,7629,7301
2022-04-20,5호선,강일,4307,4070
2022-04-20,5호선,미사,16807,16728
2022-04-20,5호선,하남풍산,4396,4271
2022-04-20,5호선,하남시청,7007,6722
2022-04-20,5호선,하남검단산,5841,5489
2022-04-21,5호선,하남검단산,5683,5485
2022-04-21,5호선,하남시청,6895,6781
2022-04-21,5호선,하남풍산,4419,4251
2022-04-21,5호선,미사,16456,16453
2022-04-21,5호선,강일,4288,4049
2022-04-21,5호선,마천,7522,7102
2022-04-21,5호선,거여,10654,10012
2022-04-21,5호선,개롱,6567,6798
2022-04-21,5호선,오금,3944,4073
2022-04-21,5호선,방이,7144,7344
2022-04-21,5호선,올림픽공원,4472,3871
2022-04-21,5호선,둔촌동,8428,8351
2022-04-21,5호선,상일동,15317,14334
2022-04-21,5호선,고덕,9821,9788
2022-04-21,5호선,굽은다리,9503,9084
2022-04-21,5호선,길동,7782,8291
2022-04-21,5호선,강동,18828,18243
2022-04-21,5호선,천호,17902,18143
2022-04-21,5호선,광나루,13998,12693
2022-04-21,5호선,아차산,15509,14589
2022-04-21,5호선,군자,11208,12617
2022-04-21,5호선,장한평,19087,18717
2022-04-21,5호선,답십리,16110,14741
2022-04-21,5호선,마장,5889,5498
2022-04-21,5호선,왕십리,4729,5518
2022-04-21,5호선,행당,8345,7413
2022-04-21,5호선,신금호,6860,6936
2022-04-21,5호선,청구,4236,3831
2022-04-21,5호선,동대문역사문화공원,2874,3412
2022-04-21,5호선,을지로4가,6513,7045
2022-04-21,5호선,종로3가,12292,13229
2022-04-21,5호선,광화문,30117,31977
2022-04-21,5호선,서대문,21041,20095
2022-04-21,5호선,충정로,5279,5138
2022-04-21,5호선,애오개,7131,7105
2022-04-21,5호선,공덕,14667,15655
2022-04-21,5호선,마포,14838,15250
2022-04-21,5호선,여의나루,12524,13560
2022-04-21,5호선,여의도,29009,31274
2022-04-21,5호선,신길,4354,4482
2022-04-21,5호선,영등포시장,10400,10587
2022-04-21,5호선,영등포구청,4312,4425
2022-04-21,5호선,양평,7831,7590
2022-04-21,5호선,오목교,21197,22895
2022-04-21,5호선,목동,17369,18530
2022-04-21,5호선,신정,14358,11534
2022-04-21,5호선,까치산,29617,27934
2022-04-21,5호선,화곡,29063,26777
2022-04-21,5호선,우장산,15225,14835
2022-04-21,5호선,발산,21080,21780
2022-04-21,5호선,마곡,10916,11029
2022-04-21,5호선,송정,6729,6299
2022-04-21,5호선,김포공항,6938,6762
2022-04-21,5호선,개화산,5847,5487
2022-04-21,5호선,방화,6918,6628
2022-04-21,5호선,명일,8763,8970
2022-04-22,5호선,하남검단산,5736,5388
2022-04-22,5호선,하남시청,6926,6724
2022-04-22,5호선,하남풍산,4455,4397
2022-04-22,5호선,미사,16231,16347
2022-04-22,5호선,강일,4247,3937
2022-04-22,5호선,마천,7402,7003
2022-04-22,5호선,거여,10497,9901
2022-04-22,5호선,개롱,6595,6822
2022-04-22,5호선,오금,3893,3938
2022-04-22,5호선,방이,7175,7490
2022-04-22,5호선,올림픽공원,4417,3720
2022-04-22,5호선,둔촌동,8563,8465
2022-04-22,5호선,상일동,15254,14051
2022-04-22,5호선,고덕,10091,9673
2022-04-22,5호선,명일,8805,9066
2022-04-22,5호선,굽은다리,9651,9089
2022-04-22,5호선,길동,8156,8433
2022-04-22,5호선,강동,19028,17937
2022-04-22,5호선,천호,18724,18871
2022-04-22,5호선,광나루,13707,12232
2022-04-22,5호선,아차산,15478,14696
2022-04-22,5호선,군자,11567,12857
2022-04-22,5호선,장한평,18996,18697
2022-04-22,5호선,답십리,16280,14704
2022-04-22,5호선,마장,5795,5470
2022-04-22,5호선,왕십리,4646,5610
2022-04-22,5호선,행당,8360,7198
2022-04-22,5호선,신금호,6894,6948
2022-04-22,5호선,청구,4178,3826
2022-04-22,5호선,동대문역사문화공원,2850,3356
2022-04-22,5호선,을지로4가,6321,6770
2022-04-22,5호선,종로3가,13065,13816
2022-04-22,5호선,광화문,29236,31024
2022-04-22,5호선,서대문,19785,19296
2022-04-22,5호선,충정로,4926,4946
2022-04-22,5호선,애오개,7045,7000
2022-04-22,5호선,공덕,14564,15414
2022-04-22,5호선,마포,14604,15216
2022-04-22,5호선,여의나루,11064,12435
2022-04-22,5호선,여의도,28740,30519
2022-04-22,5호선,신길,4247,4247
2022-04-22,5호선,영등포시장,10569,10622
2022-04-22,5호선,영등포구청,4147,4221
2022-04-22,5호선,양평,7680,7284
2022-04-22,5호선,오목교,21285,23185
2022-04-22,5호선,목동,17101,18192
2022-04-22,5호선,신정,14441,11390
2022-04-22,5호선,까치산,29587,27569
2022-04-22,5호선,화곡,29116,26529
2022-04-22,5호선,우장산,14941,14549
2022-04-22,5호선,발산,20539,21545
2022-04-22,5호선,마곡,10622,10653
2022-04-22,5호선,송정,6756,6307
2022-04-22,5호선,김포공항,7905,7851
2022-04-22,5호선,개화산,5688,5359
2022-04-22,5호선,방화,6714,6300
2022-04-23,5호선,하남검단산,5615,5454
2022-04-23,5호선,하남시청,5975,5522
2022-04-23,5호선,하남풍산,2885,2901
2022-04-23,5호선,미사,12924,12943
2022-04-23,5호선,강일,2974,2760
2022-04-23,5호선,마천,4908,4987
2022-04-23,5호선,거여,6955,6370
2022-04-23,5호선,개롱,4274,4487
2022-04-23,5호선,오금,2164,2045
2022-04-23,5호선,방이,5404,5189
2022-04-23,5호선,올림픽공원,3359,3170
2022-04-23,5호선,둔촌동,5883,5744
2022-04-23,5호선,상일동,9466,8516
2022-04-23,5호선,고덕,6349,6159
2022-04-23,5호선,명일,6269,6191
2022-04-23,5호선,굽은다리,7434,6709
2022-04-23,5호선,길동,6007,6090
2022-04-23,5호선,강동,13509,12641
2022-04-23,5호선,천호,17486,16745
2022-04-23,5호선,광나루,10984,10279
2022-04-23,5호선,아차산,14957,14505
2022-04-23,5호선,군자,8626,9555
2022-04-23,5호선,장한평,11540,11054
2022-04-23,5호선,답십리,10564,9401
2022-04-23,5호선,마장,3942,3598
2022-04-23,5호선,왕십리,3492,4320
2022-04-23,5호선,행당,5581,4655
2022-04-23,5호선,신금호,4202,4317
2022-04-23,5호선,청구,2648,2365
2022-04-23,5호선,동대문역사문화공원,1036,1332
2022-04-23,5호선,을지로4가,3725,4153
2022-04-23,5호선,종로3가,12850,13859
2022-04-23,5호선,광화문,15781,16199
2022-04-23,5호선,서대문,7607,7566
2022-04-23,5호선,충정로,1892,1799
2022-04-23,5호선,애오개,3827,3721
2022-04-23,5호선,공덕,7291,7474
2022-04-23,5호선,마포,7753,7741
2022-04-23,5호선,여의나루,20275,22317
2022-04-23,5호선,여의도,12639,13647
2022-04-23,5호선,신길,2712,2749
2022-04-23,5호선,영등포시장,8330,8667
2022-04-23,5호선,영등포구청,2132,2060
2022-04-23,5호선,양평,3804,3560
2022-04-23,5호선,오목교,15477,16051
2022-04-23,5호선,목동,11601,11437
2022-04-23,5호선,신정,9436,7946
2022-04-23,5호선,까치산,22136,20498
2022-04-23,5호선,화곡,20820,18671
2022-04-23,5호선,우장산,9911,9759
2022-04-23,5호선,발산,14249,15571
2022-04-23,5호선,마곡,5613,5800
2022-04-23,5호선,송정,5214,4694
2022-04-23,5호선,김포공항,7539,7709
2022-04-23,5호선,개화산,3864,3823
2022-04-23,5호선,방화,4976,4732
2022-04-24,5호선,방화,3837,3816
2022-04-24,5호선,개화산,2822,2779
2022-04-24,5호선,김포공항,6853,6708
2022-04-24,5호선,송정,3794,3804
2022-04-24,5호선,마곡,3717,3896
2022-04-24,5호선,발산,9297,9789
2022-04-24,5호선,우장산,6746,6861
2022-04-24,5호선,화곡,14371,13681
2022-04-24,5호선,까치산,15757,15442
2022-04-24,5호선,신정,6563,5909
2022-04-24,5호선,목동,7707,7881
2022-04-24,5호선,오목교,10989,11100
2022-04-24,5호선,양평,2699,2750
2022-04-24,5호선,영등포구청,1286,1236
2022-04-24,5호선,영등포시장,5532,5868
2022-04-24,5호선,신길,1913,2177
2022-04-24,5호선,여의도,8540,9010
2022-04-24,5호선,여의나루,14206,15227
2022-04-24,5호선,마포,5027,4988
2022-04-24,5호선,공덕,4584,4653
2022-04-24,5호선,애오개,2812,2845
2022-04-24,5호선,충정로,1426,1462
2022-04-24,5호선,서대문,5200,5374
2022-04-24,5호선,광화문,10566,10819
2022-04-24,5호선,종로3가,8661,7896
2022-04-24,5호선,을지로4가,1725,1774
2022-04-24,5호선,동대문역사문화공원,677,814
2022-04-24,5호선,청구,1824,1705
2022-04-24,5호선,신금호,2903,3239
2022-04-24,5호선,행당,3990,3587
2022-04-24,5호선,왕십리,2420,2858
2022-04-24,5호선,마장,2911,2714
2022-04-24,5호선,답십리,7293,6767
2022-04-24,5호선,장한평,7816,7913
2022-04-24,5호선,군자,6142,6867
2022-04-24,5호선,아차산,11855,11618
2022-04-24,5호선,광나루,7563,7439
2022-04-24,5호선,천호,12650,12221
2022-04-24,5호선,강동,9207,9104
2022-04-24,5호선,길동,4103,4149
2022-04-24,5호선,굽은다리,5344,4809
2022-04-24,5호선,명일,5047,5105
2022-04-24,5호선,고덕,4178,4187
2022-04-24,5호선,상일동,6607,6254
2022-04-24,5호선,둔촌동,4507,4426
2022-04-24,5호선,올림픽공원,2434,2220
2022-04-24,5호선,방이,4141,3870
2022-04-24,5호선,오금,1922,1777
2022-04-24,5호선,개롱,3241,3481
2022-04-24,5호선,거여,4880,4765
2022-04-24,5호선,마천,3692,3916
2022-04-24,5호선,강일,2218,2208
2022-04-24,5호선,미사,9344,9331
2022-04-24,5호선,하남풍산,2268,2227
2022-04-24,5호선,하남시청,4503,4251
2022-04-24,5호선,하남검단산,4682,4664
2022-04-25,5호선,방화,6773,6541
2022-04-25,5호선,개화산,5835,5520
2022-04-25,5호선,김포공항,7013,6848
2022-04-25,5호선,송정,6723,6284
2022-04-25,5호선,마곡,10769,10978
2022-04-25,5호선,발산,20809,21444
2022-04-25,5호선,우장산,15137,14778
2022-04-25,5호선,화곡,28930,26980
2022-04-25,5호선,까치산,29169,27675
2022-04-25,5호선,신정,14201,11543
2022-04-25,5호선,목동,16658,18148
2022-04-25,5호선,오목교,20574,22105
2022-04-25,5호선,양평,7646,7591
2022-04-25,5호선,영등포구청,4089,4201
2022-04-25,5호선,영등포시장,10110,10380
2022-04-25,5호선,신길,4169,4377
2022-04-25,5호선,여의도,28662,30509
2022-04-25,5호선,여의나루,11110,12058
2022-04-25,5호선,마포,14751,15221
2022-04-25,5호선,공덕,14165,15037
2022-04-25,5호선,애오개,6764,6841
2022-04-25,5호선,충정로,4985,5146
2022-04-25,5호선,서대문,20189,20525
2022-04-25,5호선,광화문,29197,30552
2022-04-25,5호선,종로3가,11360,11413
2022-04-25,5호선,을지로4가,6221,6357
2022-04-25,5호선,동대문역사문화공원,3104,3504
2022-04-25,5호선,청구,4108,3663
2022-04-25,5호선,신금호,6651,6985
2022-04-25,5호선,행당,8203,7222
2022-04-25,5호선,왕십리,4389,5097
2022-04-25,5호선,마장,5794,5381
2022-04-25,5호선,답십리,16096,14743
2022-04-25,5호선,장한평,18380,18175
2022-04-25,5호선,군자,10899,11970
2022-04-25,5호선,아차산,14742,14337
2022-04-25,5호선,광나루,13604,12364
2022-04-25,5호선,천호,17281,17345
2022-04-25,5호선,강동,18971,18419
2022-04-25,5호선,길동,8077,8246
2022-04-25,5호선,굽은다리,9487,8955
2022-04-25,5호선,명일,8912,9122
2022-04-25,5호선,고덕,9791,9686
2022-04-25,5호선,상일동,15308,14210
2022-04-25,5호선,둔촌동,8295,8410
2022-04-25,5호선,올림픽공원,4398,3940
2022-04-25,5호선,방이,7143,7314
2022-04-25,5호선,오금,3934,3924
2022-04-25,5호선,개롱,6579,6879
2022-04-25,5호선,거여,10689,10166
2022-04-25,5호선,마천,7468,7152
2022-04-25,5호선,강일,4225,4018
2022-04-25,5호선,미사,16161,16176
2022-04-25,5호선,하남풍산,4364,4220
2022-04-25,5호선,하남시청,6837,6691
2022-04-25,5호선,하남검단산,5564,5371
2022-04-26,5호선,하남검단산,5894,5666
2022-04-26,5호선,하남시청,7083,6784
2022-04-26,5호선,하남풍산,4561,4523
2022-04-26,5호선,미사,16712,16484
2022-04-26,5호선,강일,4398,4154
2022-04-26,5호선,마천,7558,7158
2022-04-26,5호선,거여,10920,10397
2022-04-26,5호선,개롱,6655,6916
2022-04-26,5호선,오금,3971,4082
2022-04-26,5호선,방이,7422,7575
2022-04-26,5호선,올림픽공원,4648,3941
2022-04-26,5호선,둔촌동,8513,8449
2022-04-26,5호선,상일동,15467,14436
2022-04-26,5호선,고덕,10269,10132
2022-04-26,5호선,명일,8950,9188
2022-04-26,5호선,굽은다리,9804,9180
2022-04-26,5호선,길동,8341,8462
2022-04-26,5호선,강동,19035,18381
2022-04-26,5호선,천호,18064,18125
2022-04-26,5호선,광나루,14201,13055
2022-04-26,5호선,아차산,15640,14521
2022-04-26,5호선,군자,11426,12699
2022-04-26,5호선,장한평,19037,18906
2022-04-26,5호선,답십리,16362,14864
2022-04-26,5호선,마장,6011,5636
2022-04-26,5호선,왕십리,4520,5221
2022-04-26,5호선,행당,8454,7483
2022-04-26,5호선,신금호,6928,7063
2022-04-26,5호선,청구,4249,3783
2022-04-26,5호선,동대문역사문화공원,3049,3593
2022-04-26,5호선,을지로4가,6426,6590
2022-04-26,5호선,종로3가,12301,12551
2022-04-26,5호선,광화문,30348,32584
2022-04-26,5호선,서대문,20828,21297
2022-04-26,5호선,충정로,5172,5371
2022-04-26,5호선,애오개,7231,7250
2022-04-26,5호선,공덕,14885,15830
2022-04-26,5호선,마포,15086,15402
2022-04-26,5호선,여의나루,13451,14445
2022-04-26,5호선,여의도,29425,31538
2022-04-26,5호선,신길,4321,4405
2022-04-26,5호선,영등포시장,10384,10569
2022-04-26,5호선,영등포구청,4261,4384
2022-04-26,5호선,양평,7886,7648
2022-04-26,5호선,오목교,21521,23331
2022-04-26,5호선,목동,17395,18619
2022-04-26,5호선,신정,14341,11711
2022-04-26,5호선,까치산,29796,28379
2022-04-26,5호선,화곡,29402,27201
2022-04-26,5호선,우장산,15594,15202
2022-04-26,5호선,발산,21915,22418
2022-04-26,5호선,마곡,11126,11257
2022-04-26,5호선,송정,6763,6327
2022-04-26,5호선,김포공항,7111,6916
2022-04-26,5호선,개화산,6020,5710
2022-04-26,5호선,방화,7160,6684
2022-04-27,5호선,방화,7090,6792
2022-04-27,5호선,개화산,6049,5765
2022-04-27,5호선,김포공항,7218,7279
2022-04-27,5호선,송정,6959,6510
2022-04-27,5호선,마곡,11329,11428
2022-04-27,5호선,발산,21950,22510
2022-04-27,5호선,우장산,15919,15482
2022-04-27,5호선,화곡,30012,27592
2022-04-27,5호선,까치산,30448,28908
2022-04-27,5호선,신정,14648,11799
2022-04-27,5호선,목동,17741,18930
2022-04-27,5호선,오목교,22117,23858
2022-04-27,5호선,양평,7981,7842
2022-04-27,5호선,영등포구청,4203,4401
2022-04-27,5호선,영등포시장,10531,10918
2022-04-27,5호선,신길,4396,4560
2022-04-27,5호선,여의도,30217,32404
2022-04-27,5호선,여의나루,15276,16238
2022-04-27,5호선,마포,15468,15894
2022-04-27,5호선,공덕,15184,16280
2022-04-27,5호선,애오개,7308,7342
2022-04-27,5호선,충정로,5144,5413
2022-04-27,5호선,서대문,21006,21251
2022-04-27,5호선,광화문,31880,33636
2022-04-27,5호선,종로3가,13007,13050
2022-04-27,5호선,을지로4가,6809,6676
2022-04-27,5호선,동대문역사문화공원,3070,3618
2022-04-27,5호선,청구,4255,3842
2022-04-27,5호선,신금호,7017,7181
2022-04-27,5호선,행당,8553,7592
2022-04-27,5호선,왕십리,4821,5613
2022-04-27,5호선,마장,6187,5777
2022-04-27,5호선,답십리,16702,15314
2022-04-27,5호선,장한평,19915,19561
2022-04-27,5호선,군자,11791,13107
2022-04-27,5호선,아차산,15952,15112
2022-04-27,5호선,광나루,14523,13062
2022-04-27,5호선,천호,18479,18821
2022-04-27,5호선,강동,19209,18664
2022-04-27,5호선,길동,8283,8459
2022-04-27,5호선,굽은다리,9934,9336
2022-04-27,5호선,명일,9471,9629
2022-04-27,5호선,고덕,10212,10102
2022-04-27,5호선,상일동,15832,14663
2022-04-27,5호선,둔촌동,8540,8622
2022-04-27,5호선,올림픽공원,4731,4021
2022-04-27,5호선,방이,7440,7725
2022-04-27,5호선,오금,3974,4046
2022-04-27,5호선,개롱,6875,6991
2022-04-27,5호선,거여,10971,10408
2022-04-27,5호선,마천,7842,7331
2022-04-27,5호선,강일,4503,4121
2022-04-27,5호선,미사,17249,17026
2022-04-27,5호선,하남풍산,4516,4318
2022-04-27,5호선,하남시청,7196,6903
2022-04-27,5호선,하남검단산,5946,5678
2022-04-28,5호선,김포공항,7604,7317
2022-04-28,5호선,방화,7170,6780
2022-04-28,5호선,개화산,6040,5712
2022-04-28,5호선,송정,6826,6356
2022-04-28,5호선,마곡,11151,11351
2022-04-28,5호선,발산,21443,22234
2022-04-28,5호선,우장산,15518,15230
2022-04-28,5호선,화곡,29838,27571
2022-04-28,5호선,까치산,30124,28468
2022-04-28,5호선,신정,14701,11751
2022-04-28,5호선,목동,17805,18870
2022-04-28,5호선,오목교,22175,23868
2022-04-28,5호선,양평,7785,7706
2022-04-28,5호선,영등포구청,4260,4457
2022-04-28,5호선,영등포시장,10487,10679
2022-04-28,5호선,신길,4432,4512
2022-04-28,5호선,여의도,30537,32411
2022-04-28,5호선,여의나루,16774,18060
2022-04-28,5호선,마포,15402,15758
2022-04-28,5호선,공덕,15193,16338
2022-04-28,5호선,애오개,7331,7338
2022-04-28,5호선,충정로,5129,5344
2022-04-28,5호선,서대문,21211,21644
2022-04-28,5호선,광화문,31908,34211
2022-04-28,5호선,종로3가,13340,13259
2022-04-28,5호선,을지로4가,6515,6648
2022-04-28,5호선,동대문역사문화공원,2916,3465
2022-04-28,5호선,청구,4218,3841
2022-04-28,5호선,신금호,7047,7257
2022-04-28,5호선,행당,8604,7507
2022-04-28,5호선,왕십리,4853,5494
2022-04-28,5호선,마장,6064,5764
2022-04-28,5호선,답십리,16671,15311
2022-04-28,5호선,장한평,19731,19254
2022-04-28,5호선,군자,11778,13158
2022-04-28,5호선,아차산,15892,15014
2022-04-28,5호선,광나루,14662,13287
2022-04-28,5호선,천호,18679,18891
2022-04-28,5호선,강동,19540,18785
2022-04-28,5호선,길동,8190,8456
2022-04-28,5호선,굽은다리,9993,9335
2022-04-28,5호선,명일,9335,9487
2022-04-28,5호선,고덕,10429,10322
2022-04-28,5호선,상일동,15826,14588
2022-04-28,5호선,둔촌동,8767,8686
2022-04-28,5호선,올림픽공원,4727,4058
2022-04-28,5호선,방이,7552,7791
2022-04-28,5호선,오금,4031,4087
2022-04-28,5호선,개롱,6956,7049
2022-04-28,5호선,거여,11082,10552
2022-04-28,5호선,마천,7796,7357
2022-04-28,5호선,강일,4605,4263
2022-04-28,5호선,미사,17005,16806
2022-04-28,5호선,하남풍산,4533,4381
2022-04-28,5호선,하남시청,7255,7035
2022-04-28,5호선,하남검단산,6072,5801
2022-04-29,5호선,종로3가,14576,15258
2022-04-29,5호선,방화,7131,6648
2022-04-29,5호선,개화산,6085,5601
2022-04-29,5호선,김포공항,8484,8310
2022-04-29,5호선,송정,7027,6546
2022-04-29,5호선,마곡,11115,11266
2022-04-29,5호선,발산,21180,22541
2022-04-29,5호선,우장산,16175,15512
2022-04-29,5호선,화곡,30450,27613
2022-04-29,5호선,까치산,30895,28672
2022-04-29,5호선,신정,14878,11642
2022-04-29,5호선,목동,17909,19017
2022-04-29,5호선,오목교,23312,25072
2022-04-29,5호선,양평,8088,7627
2022-04-29,5호선,영등포구청,4177,4249
2022-04-29,5호선,영등포시장,10922,11296
2022-04-29,5호선,신길,4684,4590
2022-04-29,5호선,여의도,30231,33271
2022-04-29,5호선,여의나루,17300,18568
2022-04-29,5호선,마포,15420,16125
2022-04-29,5호선,공덕,15245,16496
2022-04-29,5호선,애오개,7413,7332
2022-04-29,5호선,충정로,4981,5117
2022-04-29,5호선,서대문,20416,20800
2022-04-29,5호선,광화문,31805,33732
2022-04-29,5호선,을지로4가,6414,6840
2022-04-29,5호선,동대문역사문화공원,3048,3595
2022-04-29,5호선,청구,4269,3882
2022-04-29,5호선,신금호,7221,7181
2022-04-29,5호선,행당,8727,7498
2022-04-29,5호선,왕십리,4856,6026
2022-04-29,5호선,마장,6211,5843
2022-04-29,5호선,답십리,17140,15281
2022-04-29,5호선,장한평,19770,19401
2022-04-29,5호선,군자,12151,13578
2022-04-29,5호선,아차산,16380,15463
2022-04-29,5호선,광나루,15018,13381
2022-04-29,5호선,천호,20079,20287
2022-04-29,5호선,강동,19488,18389
2022-04-29,5호선,길동,8435,8836
2022-04-29,5호선,굽은다리,10269,9719
2022-04-29,5호선,명일,9541,9693
2022-04-29,5호선,고덕,10847,10470
2022-04-29,5호선,상일동,16381,14908
2022-04-29,5호선,둔촌동,9109,9042
2022-04-29,5호선,올림픽공원,5321,4514
2022-04-29,5호선,방이,7497,7683
2022-04-29,5호선,오금,4054,4170
2022-04-29,5호선,개롱,6998,7069
2022-04-29,5호선,거여,11228,10502
2022-04-29,5호선,마천,7941,7198
2022-04-29,5호선,강일,4668,4294
2022-04-29,5호선,미사,17961,17853
2022-04-29,5호선,하남풍산,4711,4610
2022-04-29,5호선,하남시청,7818,7611
2022-04-29,5호선,하남검단산,6446,6035
2022-04-30,5호선,방화,4944,4683
2022-04-30,5호선,개화산,4075,3864
2022-04-30,5호선,김포공항,8410,8278
2022-04-30,5호선,송정,5479,5180
2022-04-30,5호선,마곡,5825,5787
2022-04-30,5호선,발산,14784,15997
2022-04-30,5호선,우장산,10511,10052
2022-04-30,5호선,화곡,21557,19446
2022-04-30,5호선,까치산,22555,20927
2022-04-30,5호선,신정,9706,8136
2022-04-30,5호선,목동,11839,11817
2022-04-30,5호선,오목교,16958,17672
2022-04-30,5호선,양평,3913,3661
2022-04-30,5호선,영등포구청,2068,2023
2022-04-30,5호선,영등포시장,8765,9259
2022-04-30,5호선,신길,2827,2915
2022-04-30,5호선,여의도,14230,14288
2022-04-30,5호선,여의나루,20969,24752
2022-04-30,5호선,마포,8250,8544
2022-04-30,5호선,공덕,7674,8314
2022-04-30,5호선,애오개,3965,3937
2022-04-30,5호선,충정로,2796,2100
2022-04-30,5호선,서대문,9209,8035
2022-04-30,5호선,광화문,23300,21987
2022-04-30,5호선,종로3가,16783,17258
2022-04-30,5호선,을지로4가,4288,4698
2022-04-30,5호선,동대문역사문화공원,1126,1447
2022-04-30,5호선,청구,2806,2554
2022-04-30,5호선,신금호,4527,4670
2022-04-30,5호선,행당,5754,4934
2022-04-30,5호선,왕십리,3768,4609
2022-04-30,5호선,마장,4100,3914
2022-04-30,5호선,답십리,11169,10318
2022-04-30,5호선,장한평,12052,11860
2022-04-30,5호선,군자,9273,10395
2022-04-30,5호선,아차산,14650,14308
2022-04-30,5호선,광나루,11053,10372
2022-04-30,5호선,천호,18311,17696
2022-04-30,5호선,강동,14401,13680
2022-04-30,5호선,길동,6344,6475
2022-04-30,5호선,굽은다리,7655,7076
2022-04-30,5호선,명일,6600,6396
2022-04-30,5호선,고덕,6741,6405
2022-04-30,5호선,상일동,10204,9285
2022-04-30,5호선,둔촌동,6423,6309
2022-04-30,5호선,올림픽공원,4267,4022
2022-04-30,5호선,방이,5346,5051
2022-04-30,5호선,오금,2329,2091
2022-04-30,5호선,개롱,4559,4664
2022-04-30,5호선,거여,7000,6516
2022-04-30,5호선,마천,5129,5208
2022-04-30,5호선,강일,3159,3026
2022-04-30,5호선,미사,13367,13577
2022-04-30,5호선,하남풍산,2976,2896
2022-04-30,5호선,하남시청,6058,5754
2022-04-30,5호선,하남검단산,6139,6017
2022-05-01,5호선,방화,3942,3878
2022-05-01,5호선,개화산,2936,3031
2022-05-01,5호선,김포공항,7698,7343
2022-05-01,5호선,송정,4043,4033
2022-05-01,5호선,마곡,3839,3947
2022-05-01,5호선,발산,10120,10761
2022-05-01,5호선,우장산,7110,7347
2022-05-01,5호선,화곡,15111,14421
2022-05-01,5호선,까치산,16647,16104
2022-05-01,5호선,신정,6878,6222
2022-05-01,5호선,목동,8236,8591
2022-05-01,5호선,오목교,11546,11845
2022-05-01,5호선,양평,2845,2873
2022-05-01,5호선,영등포구청,1478,1542
2022-05-01,5호선,영등포시장,5808,6159
2022-05-01,5호선,신길,2105,2367
2022-05-01,5호선,여의도,9768,9626
2022-05-01,5호선,여의나루,19551,21538
2022-05-01,5호선,마포,5157,5161
2022-05-01,5호선,공덕,4955,5004
2022-05-01,5호선,애오개,2816,3054
2022-05-01,5호선,충정로,1613,1531
2022-05-01,5호선,서대문,6022,5664
2022-05-01,5호선,광화문,16313,14172
2022-05-01,5호선,종로3가,11019,9990
2022-05-01,5호선,을지로4가,2010,2068
2022-05-01,5호선,동대문역사문화공원,726,880
2022-05-01,5호선,청구,2116,1908
2022-05-01,5호선,신금호,3151,3461
2022-05-01,5호선,행당,4222,3904
2022-05-01,5호선,왕십리,2832,3242
2022-05-01,5호선,마장,3106,2951
2022-05-01,5호선,답십리,8073,7326
2022-05-01,5호선,장한평,8338,8266
2022-05-01,5호선,군자,6623,7316
2022-05-01,5호선,아차산,12728,12454
2022-05-01,5호선,광나루,8317,8147
2022-05-01,5호선,천호,14385,13378
2022-05-01,5호선,강동,9504,9435
2022-05-01,5호선,길동,4479,4419
2022-05-01,5호선,굽은다리,5627,5450
2022-05-01,5호선,명일,5221,5450
2022-05-01,5호선,고덕,4539,4547
2022-05-01,5호선,상일동,7096,6938
2022-05-01,5호선,둔촌동,4995,4937
2022-05-01,5호선,올림픽공원,3297,3144
2022-05-01,5호선,방이,4068,3896
2022-05-01,5호선,오금,1736,1716
2022-05-01,5호선,개롱,3205,3421
2022-05-01,5호선,거여,4944,4747
2022-05-01,5호선,마천,3898,4310
2022-05-01,5호선,강일,2256,2264
2022-05-01,5호선,미사,9649,9680
2022-05-01,5호선,하남풍산,2165,2261
2022-05-01,5호선,하남시청,4354,4336
2022-05-01,5호선,하남검단산,5203,5018
2022-05-02,5호선,하남검단산,5894,5655
2022-05-02,5호선,하남시청,7346,6873
2022-05-02,5호선,하남풍산,4547,4387
2022-05-02,5호선,미사,16668,16578
2022-05-02,5호선,강일,4624,4297
2022-05-02,5호선,마천,7619,7300
2022-05-02,5호선,거여,10969,10469
2022-05-02,5호선,개롱,6829,7052
2022-05-02,5호선,오금,3992,3981
2022-05-02,5호선,방이,7425,7682
2022-05-02,5호선,올림픽공원,4809,4220
2022-05-02,5호선,둔촌동,8620,8605
2022-05-02,5호선,상일동,15878,14795
2022-05-02,5호선,고덕,10475,10328
2022-05-02,5호선,명일,9273,9433
2022-05-02,5호선,굽은다리,9855,9326
2022-05-02,5호선,길동,8218,8483
2022-05-02,5호선,강동,19339,18585
2022-05-02,5호선,천호,18000,18054
2022-05-02,5호선,광나루,13890,12764
2022-05-02,5호선,아차산,15235,14635
2022-05-02,5호선,군자,11359,12450
2022-05-02,5호선,장한평,18823,18558
2022-05-02,5호선,답십리,16493,15082
2022-05-02,5호선,마장,6039,5721
2022-05-02,5호선,왕십리,4553,5199
2022-05-02,5호선,행당,8453,7529
2022-05-02,5호선,신금호,6927,7274
2022-05-02,5호선,청구,4297,3774
2022-05-02,5호선,동대문역사문화공원,3003,3632
2022-05-02,5호선,을지로4가,6422,6663
2022-05-02,5호선,종로3가,12651,12612
2022-05-02,5호선,광화문,30988,32513
2022-05-02,5호선,서대문,21288,21749
2022-05-02,5호선,충정로,4937,5050
2022-05-02,5호선,애오개,7007,7001
2022-05-02,5호선,공덕,14965,15904
2022-05-02,5호선,마포,15310,15553
2022-05-02,5호선,여의나루,13900,15243
2022-05-02,5호선,여의도,29904,31985
2022-05-02,5호선,신길,4312,4527
2022-05-02,5호선,영등포시장,10262,10532
2022-05-02,5호선,영등포구청,4254,4392
2022-05-02,5호선,양평,8026,7830
2022-05-02,5호선,오목교,21713,23259
2022-05-02,5호선,목동,17397,18586
2022-05-02,5호선,신정,14705,11845
2022-05-02,5호선,까치산,30237,28903
2022-05-02,5호선,화곡,29999,27680
2022-05-02,5호선,우장산,15661,15299
2022-05-02,5호선,발산,21792,22398
2022-05-02,5호선,마곡,11284,11320
2022-05-02,5호선,송정,6860,6335
2022-05-02,5호선,김포공항,7144,7177
2022-05-02,5호선,개화산,6130,5771
2022-05-02,5호선,방화,7086,6746
2022-05-03,5호선,방화,7172,6817
2022-05-03,5호선,개화산,6118,5756
2022-05-03,5호선,김포공항,7260,7282
2022-05-03,5호선,송정,7087,6572
2022-05-03,5호선,마곡,11618,11754
2022-05-03,5호선,발산,22358,23148
2022-05-03,5호선,우장산,16183,15700
2022-05-03,5호선,화곡,30442,28134
2022-05-03,5호선,까치산,30651,29257
2022-05-03,5호선,신정,14949,12008
2022-05-03,5호선,목동,18095,19279
2022-05-03,5호선,오목교,22700,24259
2022-05-03,5호선,양평,8178,8021
2022-05-03,5호선,영등포구청,4283,4418
2022-05-03,5호선,영등포시장,10633,10807
2022-05-03,5호선,신길,4394,4685
2022-05-03,5호선,여의도,30683,32982
2022-05-03,5호선,여의나루,16716,18090
2022-05-03,5호선,마포,15503,15836
2022-05-03,5호선,공덕,15576,16361
2022-05-03,5호선,애오개,7286,7232
2022-05-03,5호선,충정로,5192,5232
2022-05-03,5호선,서대문,21783,22229
2022-05-03,5호선,광화문,32529,34672
2022-05-03,5호선,종로3가,13370,13103
2022-05-03,5호선,을지로4가,6742,6875
2022-05-03,5호선,동대문역사문화공원,3094,3647
2022-05-03,5호선,청구,4310,3864
2022-05-03,5호선,신금호,7174,7440
2022-05-03,5호선,행당,8779,7703
2022-05-03,5호선,왕십리,4859,5458
2022-05-03,5호선,마장,6215,5897
2022-05-03,5호선,답십리,17027,15353
2022-05-03,5호선,장한평,19314,19021
2022-05-03,5호선,군자,11901,12936
2022-05-03,5호선,아차산,15878,15324
2022-05-03,5호선,광나루,14699,13375
2022-05-03,5호선,천호,18748,18825
2022-05-03,5호선,강동,19743,18932
2022-05-03,5호선,길동,8370,8621
2022-05-03,5호선,굽은다리,10183,9423
2022-05-03,5호선,명일,9430,9624
2022-05-03,5호선,고덕,10783,10470
2022-05-03,5호선,상일동,16411,15073
2022-05-03,5호선,둔촌동,8829,8813
2022-05-03,5호선,올림픽공원,4798,4117
2022-05-03,5호선,방이,7436,7668
2022-05-03,5호선,오금,3997,4116
2022-05-03,5호선,개롱,7154,7315
2022-05-03,5호선,거여,11223,10650
2022-05-03,5호선,마천,8036,7532
2022-05-03,5호선,강일,4838,4502
2022-05-03,5호선,미사,17314,16907
2022-05-03,5호선,하남풍산,4588,4490
2022-05-03,5호선,하남시청,7317,7108
2022-05-03,5호선,하남검단산,6283,5975
2022-05-04,5호선,마장,6407,5919
2022-05-04,5호선,방화,7404,6963
2022-05-04,5호선,개화산,6316,5907
2022-05-04,5호선,김포공항,8467,8423
2022-05-04,5호선,송정,7256,6802
2022-05-04,5호선,마곡,11847,11907
2022-05-04,5호선,발산,23460,24748
2022-05-04,5호선,우장산,17068,16077
2022-05-04,5호선,화곡,31975,29019
2022-05-04,5호선,까치산,32089,29457
2022-05-04,5호선,신정,15570,12022
2022-05-04,5호선,목동,18948,19727
2022-05-04,5호선,오목교,24341,26520
2022-05-04,5호선,양평,8310,7808
2022-05-04,5호선,영등포구청,4510,4545
2022-05-04,5호선,영등포시장,11184,11357
2022-05-04,5호선,신길,4669,4553
2022-05-04,5호선,여의도,30951,34069
2022-05-04,5호선,여의나루,22427,23182
2022-05-04,5호선,마포,15895,16409
2022-05-04,5호선,공덕,16077,17115
2022-05-04,5호선,애오개,7568,7442
2022-05-04,5호선,충정로,5280,5264
2022-05-04,5호선,서대문,21932,22219
2022-05-04,5호선,광화문,33615,36201
2022-05-04,5호선,종로3가,14680,15745
2022-05-04,5호선,을지로4가,6650,7015
2022-05-04,5호선,동대문역사문화공원,3063,3702
2022-05-04,5호선,청구,4402,3898
2022-05-04,5호선,신금호,7427,7415
2022-05-04,5호선,행당,9164,7759
2022-05-04,5호선,왕십리,4912,6313
2022-05-04,5호선,답십리,17627,15546
2022-05-04,5호선,장한평,20556,20046
2022-05-04,5호선,군자,12434,13746
2022-05-04,5호선,아차산,17562,16370
2022-05-04,5호선,광나루,15508,13892
2022-05-04,5호선,천호,20298,20536
2022-05-04,5호선,강동,20435,18936
2022-05-04,5호선,길동,8779,8958
2022-05-04,5호선,굽은다리,11260,10843
2022-05-04,5호선,명일,10331,10413
2022-05-04,5호선,고덕,11734,11346
2022-05-04,5호선,상일동,17448,15772
2022-05-04,5호선,둔촌동,9034,8761
2022-05-04,5호선,올림픽공원,5163,4384
2022-05-04,5호선,방이,7417,7777
2022-05-04,5호선,오금,4214,4190
2022-05-04,5호선,개롱,7193,7189
2022-05-04,5호선,거여,11563,10681
2022-05-04,5호선,마천,8106,7571
2022-05-04,5호선,강일,5155,4726
2022-05-04,5호선,미사,18641,18523
2022-05-04,5호선,하남풍산,4814,4727
2022-05-04,5호선,하남시청,7911,7664
2022-05-04,5호선,하남검단산,6696,6235
2022-05-05,5호선,충정로,1788,1671
2022-05-05,5호선,서대문,6290,6306
2022-05-05,5호선,광화문,17046,16985
2022-05-05,5호선,종로3가,13904,13783
2022-05-05,5호선,을지로4가,3645,4044
2022-05-05,5호선,동대문역사문화공원,900,1256
2022-05-05,5호선,청구,2569,2384
2022-05-05,5호선,신금호,3844,4016
2022-05-05,5호선,행당,4775,4037
2022-05-05,5호선,송정,4388,4196
2022-05-05,5호선,김포공항,8665,8752
2022-05-05,5호선,개화산,3540,3420
2022-05-05,5호선,방화,4378,4309
2022-05-05,5호선,왕십리,3447,4344
2022-05-05,5호선,마장,3547,3259
2022-05-05,5호선,답십리,9307,8430
2022-05-05,5호선,장한평,10288,9896
2022-05-05,5호선,군자,7828,8553
2022-05-05,5호선,아차산,18147,17273
2022-05-05,5호선,광나루,9413,8896
2022-05-05,5호선,천호,16050,15393
2022-05-05,5호선,강동,11120,10393
2022-05-05,5호선,길동,5158,5308
2022-05-05,5호선,굽은다리,7383,6989
2022-05-05,5호선,명일,5479,5396
2022-05-05,5호선,고덕,5723,5607
2022-05-05,5호선,상일동,8701,7985
2022-05-05,5호선,둔촌동,5219,5060
2022-05-05,5호선,올림픽공원,3164,2964
2022-05-05,5호선,방이,3758,3713
2022-05-05,5호선,오금,1797,1701
2022-05-05,5호선,개롱,3669,3681
2022-05-05,5호선,거여,5718,5228
2022-05-05,5호선,마천,4436,4477
2022-05-05,5호선,강일,2974,2639
2022-05-05,5호선,미사,11905,11816
2022-05-05,5호선,하남풍산,2711,2572
2022-05-05,5호선,하남시청,5140,4795
2022-05-05,5호선,하남검단산,6248,6206
2022-05-05,5호선,마곡,4796,4991
2022-05-05,5호선,발산,11472,12397
2022-05-05,5호선,우장산,8737,8458
2022-05-05,5호선,화곡,18349,16826
2022-05-05,5호선,까치산,19475,17977
2022-05-05,5호선,신정,8433,7163
2022-05-05,5호선,목동,9462,9540
2022-05-05,5호선,오목교,14215,15311
2022-05-05,5호선,양평,3284,3029
2022-05-05,5호선,영등포구청,1795,1663
2022-05-05,5호선,영등포시장,6225,6386
2022-05-05,5호선,신길,2486,2561
2022-05-05,5호선,여의도,11403,11672
2022-05-05,5호선,여의나루,34396,37409
2022-05-05,5호선,마포,6286,6308
2022-05-05,5호선,공덕,5755,5866
2022-05-05,5호선,애오개,2983,2840
2022-05-06,5호선,방화,6683,6201
2022-05-06,5호선,개화산,5538,5163
2022-05-06,5호선,김포공항,8768,8883
2022-05-06,5호선,송정,6720,6344
2022-05-06,5호선,마곡,9905,10002
2022-05-06,5호선,발산,19328,20472
2022-05-06,5호선,우장산,14387,13887
2022-05-06,5호선,화곡,28930,26182
2022-05-06,5호선,까치산,28938,26963
2022-05-06,5호선,신정,13501,10684
2022-05-06,5호선,목동,16676,17320
2022-05-06,5호선,오목교,22183,24039
2022-05-06,5호선,양평,6661,6148
2022-05-06,5호선,영등포구청,3791,3747
2022-05-06,5호선,영등포시장,10302,10414
2022-05-06,5호선,신길,4037,3932
2022-05-06,5호선,여의도,26948,29465
2022-05-06,5호선,여의나루,28835,30364
2022-05-06,5호선,마포,13428,13849
2022-05-06,5호선,공덕,12539,13174
2022-05-06,5호선,애오개,6199,6148
2022-05-06,5호선,충정로,4236,4256
2022-05-06,5호선,서대문,17217,17031
2022-05-06,5호선,광화문,29835,31731
2022-05-06,5호선,종로3가,15852,15563
2022-05-06,5호선,을지로4가,6094,6556
2022-05-06,5호선,동대문역사문화공원,2284,2814
2022-05-06,5호선,청구,4034,3534
2022-05-06,5호선,신금호,6159,6253
2022-05-06,5호선,행당,7629,6570
2022-05-06,5호선,왕십리,4539,5583
2022-05-06,5호선,마장,5637,5163
2022-05-06,5호선,답십리,15538,13959
2022-05-06,5호선,장한평,17832,17255
2022-05-06,5호선,군자,11331,12208
2022-05-06,5호선,아차산,16405,15781
2022-05-06,5호선,광나루,13307,11922
2022-05-06,5호선,천호,20085,19983
2022-05-06,5호선,강동,17473,16124
2022-05-06,5호선,길동,8354,8627
2022-05-06,5호선,굽은다리,10239,9599
2022-05-06,5호선,명일,8598,8825
2022-05-06,5호선,고덕,9596,9588
2022-05-06,5호선,상일동,14225,12913
2022-05-06,5호선,둔촌동,8355,8312
2022-05-06,5호선,올림픽공원,4571,3938
2022-05-06,5호선,방이,6428,6553
2022-05-06,5호선,오금,3370,3337
2022-05-06,5호선,개롱,6139,6254
2022-05-06,5호선,거여,9700,9151
2022-05-06,5호선,마천,7027,6595
2022-05-06,5호선,강일,4273,3865
2022-05-06,5호선,미사,16328,16037
2022-05-06,5호선,하남풍산,4082,3994
2022-05-06,5호선,하남시청,7205,6723
2022-05-06,5호선,하남검단산,6430,6122
2022-05-07,5호선,방화,4947,4732
2022-05-07,5호선,개화산,3818,3552
2022-05-07,5호선,김포공항,7775,8216
2022-05-07,5호선,송정,5261,4820
2022-05-07,5호선,마곡,5480,5501
2022-05-07,5호선,발산,14014,15018
2022-05-07,5호선,우장산,9766,9579
2022-05-07,5호선,화곡,20772,18656
2022-05-07,5호선,까치산,21370,19753
2022-05-07,5호선,신정,9087,7684
2022-05-07,5호선,목동,11161,11338
2022-05-07,5호선,오목교,15964,16926
2022-05-07,5호선,양평,3572,3287
2022-05-07,5호선,영등포구청,1992,1866
2022-05-07,5호선,영등포시장,7667,7906
2022-05-07,5호선,신길,2580,2547
2022-05-07,5호선,여의도,11659,12407
2022-05-07,5호선,여의나루,23027,24963
2022-05-07,5호선,마포,7444,7574
2022-05-07,5호선,공덕,6768,6934
2022-05-07,5호선,애오개,3589,3481
2022-05-07,5호선,충정로,1885,1720
2022-05-07,5호선,서대문,7258,6984
2022-05-07,5호선,광화문,17041,17825
2022-05-07,5호선,종로3가,12728,12967
2022-05-07,5호선,을지로4가,3258,3707
2022-05-07,5호선,동대문역사문화공원,980,1224
2022-05-07,5호선,청구,2532,2279
2022-05-07,5호선,신금호,4068,4237
2022-05-07,5호선,행당,5411,4673
2022-05-07,5호선,왕십리,3374,4133
2022-05-07,5호선,마장,3837,3583
2022-05-07,5호선,답십리,10137,9064
2022-05-07,5호선,장한평,10841,10433
2022-05-07,5호선,군자,8115,9040
2022-05-07,5호선,아차산,13480,13114
2022-05-07,5호선,광나루,10466,9736
2022-05-07,5호선,천호,17225,16440
2022-05-07,5호선,강동,12439,11527
2022-05-07,5호선,길동,5940,5961
2022-05-07,5호선,굽은다리,7764,7265
2022-05-07,5호선,명일,6131,5954
2022-05-07,5호선,고덕,6626,6369
2022-05-07,5호선,상일동,9309,8353
2022-05-07,5호선,둔촌동,6120,5982
2022-05-07,5호선,올림픽공원,3204,2783
2022-05-07,5호선,방이,5096,5046
2022-05-07,5호선,오금,2195,2014
2022-05-07,5호선,개롱,4081,4205
2022-05-07,5호선,거여,6372,6051
2022-05-07,5호선,마천,4876,4916
2022-05-07,5호선,강일,3333,2965
2022-05-07,5호선,미사,12294,12238
2022-05-07,5호선,하남풍산,2830,2803
2022-05-07,5호선,하남시청,5593,5387
2022-05-07,5호선,하남검단산,5516,5437
2022-05-08,5호선,하남검단산,4583,4428
2022-05-08,5호선,하남시청,4083,3920
2022-05-08,5호선,하남풍산,2301,2242
2022-05-08,5호선,미사,8663,8937
2022-05-08,5호선,강일,2198,2169
2022-05-08,5호선,마천,3913,4057
2022-05-08,5호선,거여,4623,4562
2022-05-08,5호선,개롱,2816,3154
2022-05-08,5호선,오금,1642,1555
2022-05-08,5호선,방이,3718,3699
2022-05-08,5호선,올림픽공원,2187,1886
2022-05-08,5호선,둔촌동,4453,4638
2022-05-08,5호선,상일동,6509,6590
2022-05-08,5호선,고덕,4188,4219
2022-05-08,5호선,명일,4970,5098
2022-05-08,5호선,굽은다리,5565,5393
2022-05-08,5호선,길동,4109,4236
2022-05-08,5호선,강동,8448,8623
2022-05-08,5호선,천호,12337,11953
2022-05-08,5호선,광나루,7724,7654
2022-05-08,5호선,아차산,11670,11556
2022-05-08,5호선,군자,5963,6675
2022-05-08,5호선,장한평,7499,7679
2022-05-08,5호선,답십리,7416,7140
2022-05-08,5호선,마장,3058,2996
2022-05-08,5호선,왕십리,2363,2852
2022-05-08,5호선,행당,4088,3768
2022-05-08,5호선,신금호,3052,3378
2022-05-08,5호선,청구,1919,1694
2022-05-08,5호선,동대문역사문화공원,654,782
2022-05-08,5호선,을지로4가,1423,1558
2022-05-08,5호선,종로3가,8621,7431
2022-05-08,5호선,광화문,11034,11029
2022-05-08,5호선,서대문,5144,5198
2022-05-08,5호선,충정로,1459,1522
2022-05-08,5호선,애오개,2573,2864
2022-05-08,5호선,공덕,4180,4294
2022-05-08,5호선,마포,4907,5048
2022-05-08,5호선,여의나루,10362,11952
2022-05-08,5호선,여의도,8091,7871
2022-05-08,5호선,신길,1696,2161
2022-05-08,5호선,영등포시장,4929,5386
2022-05-08,5호선,영등포구청,1329,1251
2022-05-08,5호선,양평,2437,2728
2022-05-08,5호선,오목교,10976,11533
2022-05-08,5호선,목동,7670,7952
2022-05-08,5호선,신정,6496,6173
2022-05-08,5호선,까치산,16078,16222
2022-05-08,5호선,화곡,14383,13953
2022-05-08,5호선,우장산,7026,7301
2022-05-08,5호선,발산,9127,9782
2022-05-08,5호선,마곡,3559,3893
2022-05-08,5호선,송정,3845,3871
2022-05-08,5호선,김포공항,7702,7125
2022-05-08,5호선,개화산,2785,2912
2022-05-08,5호선,방화,4147,4303
2022-05-09,5호선,송정,6789,6444
2022-05-09,5호선,방화,7101,6836
2022-05-09,5호선,개화산,6050,5736
2022-05-09,5호선,김포공항,7551,7242
2022-05-09,5호선,마곡,11367,11450
2022-05-09,5호선,발산,21295,22398
2022-05-09,5호선,우장산,16015,15447
2022-05-09,5호선,화곡,30255,28159
2022-05-09,5호선,까치산,30224,28768
2022-05-09,5호선,신정,14728,11976
2022-05-09,5호선,목동,17573,18887
2022-05-09,5호선,오목교,21830,23425
2022-05-09,5호선,양평,7830,7721
2022-05-09,5호선,영등포구청,4327,4487
2022-05-09,5호선,영등포시장,10178,10530
2022-05-09,5호선,신길,4291,4607
2022-05-09,5호선,여의도,29588,32222
2022-05-09,5호선,여의나루,14364,15441
2022-05-09,5호선,마포,15162,15619
2022-05-09,5호선,공덕,14977,15856
2022-05-09,5호선,애오개,6980,6979
2022-05-09,5호선,충정로,4976,5040
2022-05-09,5호선,서대문,21007,21686
2022-05-09,5호선,광화문,32064,33721
2022-05-09,5호선,종로3가,12537,12517
2022-05-09,5호선,을지로4가,6461,6444
2022-05-09,5호선,동대문역사문화공원,3019,3629
2022-05-09,5호선,청구,4202,3863
2022-05-09,5호선,신금호,6970,7203
2022-05-09,5호선,행당,8534,7563
2022-05-09,5호선,왕십리,4614,5282
2022-05-09,5호선,마장,6002,5753
2022-05-09,5호선,답십리,16744,15258
2022-05-09,5호선,장한평,19207,19097
2022-05-09,5호선,군자,11499,12671
2022-05-09,5호선,아차산,15893,15167
2022-05-09,5호선,광나루,14546,13240
2022-05-09,5호선,천호,18187,18865
2022-05-09,5호선,강동,19475,18731
2022-05-09,5호선,길동,8296,8602
2022-05-09,5호선,굽은다리,10208,9633
2022-05-09,5호선,명일,9382,9610
2022-05-09,5호선,고덕,10413,10193
2022-05-09,5호선,상일동,15980,14735
2022-05-09,5호선,둔촌동,8501,8516
2022-05-09,5호선,올림픽공원,4745,4066
2022-05-09,5호선,방이,7267,7576
2022-05-09,5호선,오금,4130,4149
2022-05-09,5호선,개롱,6942,6999
2022-05-09,5호선,거여,11000,10489
2022-05-09,5호선,마천,7871,7333
2022-05-09,5호선,강일,4727,4342
2022-05-09,5호선,미사,16805,16855
2022-05-09,5호선,하남풍산,4633,4476
2022-05-09,5호선,하남시청,7739,7350
2022-05-09,5호선,하남검단산,6000,5703
2022-05-10,5호선,하남검단산,6187,5839
2022-05-10,5호선,하남시청,7425,7221
2022-05-10,5호선,하남풍산,4760,4629
2022-05-10,5호선,미사,17242,17120
2022-05-10,5호선,강일,4798,4481
2022-05-10,5호선,마천,8024,7513
2022-05-10,5호선,거여,11219,10605
2022-05-10,5호선,개롱,6888,7176
2022-05-10,5호선,오금,4028,4150
2022-05-10,5호선,방이,7539,7729
2022-05-10,5호선,올림픽공원,4896,4267
2022-05-10,5호선,둔촌동,8674,8714
2022-05-10,5호선,상일동,16205,15040
2022-05-10,5호선,고덕,10610,10399
2022-05-10,5호선,명일,9554,9789
2022-05-10,5호선,굽은다리,10181,9654
2022-05-10,5호선,길동,8543,8708
2022-05-10,5호선,강동,19751,19125
2022-05-10,5호선,천호,18500,18843
2022-05-10,5호선,광나루,14781,13320
2022-05-10,5호선,아차산,15879,15229
2022-05-10,5호선,군자,11894,13232
2022-05-10,5호선,장한평,19176,19095
2022-05-10,5호선,답십리,17278,15540
2022-05-10,5호선,마장,6365,5935
2022-05-10,5호선,왕십리,4867,5636
2022-05-10,5호선,행당,8770,7685
2022-05-10,5호선,신금호,7158,7362
2022-05-10,5호선,청구,4425,3883
2022-05-10,5호선,동대문역사문화공원,3064,3553
2022-05-10,5호선,을지로4가,6673,6727
2022-05-10,5호선,종로3가,13156,13077
2022-05-10,5호선,광화문,34260,36171
2022-05-10,5호선,서대문,22157,22321
2022-05-10,5호선,충정로,5218,5384
2022-05-10,5호선,애오개,7449,7421
2022-05-10,5호선,공덕,16111,16664
2022-05-10,5호선,마포,16337,16473
2022-05-10,5호선,여의나루,16075,17859
2022-05-10,5호선,여의도,33715,37094
2022-05-10,5호선,신길,4607,4715
2022-05-10,5호선,영등포시장,11054,11068
2022-05-10,5호선,영등포구청,4338,4477
2022-05-10,5호선,양평,8136,7923
2022-05-10,5호선,오목교,22703,24587
2022-05-10,5호선,목동,18205,19337
2022-05-10,5호선,신정,14962,11987
2022-05-10,5호선,까치산,30797,29255
2022-05-10,5호선,화곡,30375,28291
2022-05-10,5호선,우장산,16154,15581
2022-05-10,5호선,발산,22304,22931
2022-05-10,5호선,마곡,11717,11816
2022-05-10,5호선,송정,6997,6578
2022-05-10,5호선,김포공항,7232,7128
2022-05-10,5호선,개화산,6046,5744
2022-05-10,5호선,방화,7099,6803
2022-05-11,5호선,마장,6327,5861
2022-05-11,5호선,왕십리,4938,5798
2022-05-11,5호선,행당,9110,7860
2022-05-11,5호선,신금호,7150,7483
2022-05-11,5호선,청구,4423,3990
2022-05-11,5호선,동대문역사문화공원,3002,3665
2022-05-11,5호선,을지로4가,6777,6868
2022-05-11,5호선,종로3가,13889,13987
2022-05-11,5호선,광화문,34286,36324
2022-05-11,5호선,서대문,21843,22289
2022-05-11,5호선,충정로,5162,5203
2022-05-11,5호선,애오개,7482,7395
2022-05-11,5호선,공덕,16059,17206
2022-05-11,5호선,마포,15754,16228
2022-05-11,5호선,여의나루,14229,15364
2022-05-11,5호선,여의도,30750,33191
2022-05-11,5호선,신길,4417,4655
2022-05-11,5호선,영등포시장,10964,11198
2022-05-11,5호선,영등포구청,4316,4458
2022-05-11,5호선,양평,8095,7755
2022-05-11,5호선,오목교,22890,24220
2022-05-11,5호선,목동,18332,19564
2022-05-11,5호선,신정,15085,12207
2022-05-11,5호선,까치산,31209,29516
2022-05-11,5호선,화곡,30718,28395
2022-05-11,5호선,우장산,16349,15864
2022-05-11,5호선,발산,22307,23091
2022-05-11,5호선,마곡,11670,11620
2022-05-11,5호선,송정,6919,6544
2022-05-11,5호선,김포공항,7136,7240
2022-05-11,5호선,개화산,6199,5808
2022-05-11,5호선,방화,7154,6774
2022-05-11,5호선,하남검단산,6254,5853
2022-05-11,5호선,하남시청,7609,7303
2022-05-11,5호선,하남풍산,4657,4456
2022-05-11,5호선,미사,17815,17493
2022-05-11,5호선,강일,4742,4366
2022-05-11,5호선,마천,8099,7601
2022-05-11,5호선,거여,11490,10813
2022-05-11,5호선,개롱,7168,7291
2022-05-11,5호선,오금,4126,4143
2022-05-11,5호선,방이,7478,7772
2022-05-11,5호선,올림픽공원,5059,4539
2022-05-11,5호선,둔촌동,8841,8694
2022-05-11,5호선,상일동,16419,15327
2022-05-11,5호선,고덕,10928,10706
2022-05-11,5호선,명일,9651,9933
2022-05-11,5호선,굽은다리,10457,9955
2022-05-11,5호선,길동,8491,8765
2022-05-11,5호선,강동,19888,19166
2022-05-11,5호선,천호,19337,19708
2022-05-11,5호선,광나루,14847,13491
2022-05-11,5호선,아차산,16470,15685
2022-05-11,5호선,군자,12016,13463
2022-05-11,5호선,장한평,20166,20046
2022-05-11,5호선,답십리,17224,15502
2022-05-12,5호선,하남검단산,6289,5886
2022-05-12,5호선,하남시청,7445,7142
2022-05-12,5호선,하남풍산,4699,4566
2022-05-12,5호선,미사,17419,17326
2022-05-12,5호선,강일,4793,4471
2022-05-12,5호선,마천,7951,7502
2022-05-12,5호선,거여,11414,10663
2022-05-12,5호선,개롱,7048,7298
2022-05-12,5호선,오금,4085,4089
2022-05-12,5호선,방이,7624,7955
2022-05-12,5호선,올림픽공원,5319,4649
2022-05-12,5호선,둔촌동,8915,8802
2022-05-12,5호선,상일동,16340,15010
2022-05-12,5호선,고덕,10657,10497
2022-05-12,5호선,명일,9491,9760
2022-05-12,5호선,굽은다리,10299,9656
2022-05-12,5호선,길동,8516,8614
2022-05-12,5호선,강동,20191,19489
2022-05-12,5호선,천호,19421,19341
2022-05-12,5호선,광나루,15688,14261
2022-05-12,5호선,아차산,16745,15925
2022-05-12,5호선,군자,12163,13471
2022-05-12,5호선,장한평,19970,19365
2022-05-12,5호선,답십리,17136,15352
2022-05-12,5호선,마장,6420,6048
2022-05-12,5호선,왕십리,4803,5680
2022-05-12,5호선,행당,9107,7780
2022-05-12,5호선,신금호,7008,7150
2022-05-12,5호선,청구,4327,3821
2022-05-12,5호선,동대문역사문화공원,2968,3532
2022-05-12,5호선,을지로4가,6803,6902
2022-05-12,5호선,종로3가,14061,13967
2022-05-12,5호선,광화문,34312,36870
2022-05-12,5호선,서대문,22320,22752
2022-05-12,5호선,충정로,5118,5287
2022-05-12,5호선,애오개,7349,7435
2022-05-12,5호선,공덕,15681,16854
2022-05-12,5호선,마포,15793,16055
2022-05-12,5호선,여의나루,14600,16135
2022-05-12,5호선,여의도,30420,33152
2022-05-12,5호선,신길,4531,4644
2022-05-12,5호선,영등포시장,10643,11025
2022-05-12,5호선,영등포구청,4408,4546
2022-05-12,5호선,양평,8013,7826
2022-05-12,5호선,오목교,22837,24459
2022-05-12,5호선,목동,18166,19535
2022-05-12,5호선,신정,15096,12040
2022-05-12,5호선,까치산,30769,28787
2022-05-12,5호선,화곡,30548,28221
2022-05-12,5호선,우장산,16112,15707
2022-05-12,5호선,발산,22322,23160
2022-05-12,5호선,마곡,11510,11691
2022-05-12,5호선,송정,7054,6563
2022-05-12,5호선,김포공항,7946,7660
2022-05-12,5호선,개화산,6163,5838
2022-05-12,5호선,방화,7310,6945
2022-05-13,5호선,하남검단산,6792,6275
2022-05-13,5호선,하남시청,7965,7487
2022-05-13,5호선,하남풍산,4894,4637
2022-05-13,5호선,미사,17950,18230
2022-05-13,5호선,강일,4828,4366
2022-05-13,5호선,마천,8207,7642
2022-05-13,5호선,거여,11808,10919
2022-05-13,5호선,개롱,7365,7381
2022-05-13,5호선,오금,4028,4168
2022-05-13,5호선,방이,7871,8045
2022-05-13,5호선,올림픽공원,5777,5389
2022-05-13,5호선,둔촌동,9094,9055
2022-05-13,5호선,상일동,16760,15147
2022-05-13,5호선,고덕,11272,10854
2022-05-13,5호선,명일,9833,9977
2022-05-13,5호선,굽은다리,10636,10015
2022-05-13,5호선,길동,9034,9372
2022-05-13,5호선,강동,20485,19210
2022-05-13,5호선,천호,20726,20927
2022-05-13,5호선,광나루,15637,13909
2022-05-13,5호선,아차산,18228,17017
2022-05-13,5호선,군자,12620,14098
2022-05-13,5호선,장한평,20125,19562
2022-05-13,5호선,답십리,17403,15470
2022-05-13,5호선,마장,6286,5927
2022-05-13,5호선,왕십리,5115,6233
2022-05-13,5호선,행당,9262,7805
2022-05-13,5호선,신금호,7428,7376
2022-05-13,5호선,청구,4419,4040
2022-05-13,5호선,동대문역사문화공원,2906,3675
2022-05-13,5호선,을지로4가,6868,7163
2022-05-13,5호선,종로3가,15568,16297
2022-05-13,5호선,광화문,33600,35891
2022-05-13,5호선,서대문,21126,21243
2022-05-13,5호선,충정로,5117,5102
2022-05-13,5호선,애오개,7384,7326
2022-05-13,5호선,공덕,15768,17028
2022-05-13,5호선,마포,15653,16165
2022-05-13,5호선,여의나루,19567,20791
2022-05-13,5호선,여의도,30825,33643
2022-05-13,5호선,신길,4508,4591
2022-05-13,5호선,영등포시장,11311,11480
2022-05-13,5호선,영등포구청,4407,4484
2022-05-13,5호선,양평,8095,7705
2022-05-13,5호선,오목교,24026,25588
2022-05-13,5호선,목동,18941,19786
2022-05-13,5호선,신정,15402,11907
2022-05-13,5호선,까치산,31575,29450
2022-05-13,5호선,화곡,31521,28528
2022-05-13,5호선,우장산,16524,15662
2022-05-13,5호선,발산,22117,23426
2022-05-13,5호선,마곡,11643,11706
2022-05-13,5호선,송정,7227,6735
2022-05-13,5호선,김포공항,8699,8463
2022-05-13,5호선,개화산,6336,5820
2022-05-13,5호선,방화,7363,6851
2022-05-14,5호선,방화,5432,5130
2022-05-14,5호선,개화산,4170,4015
2022-05-14,5호선,김포공항,8122,8548
2022-05-14,5호선,송정,5694,5310
2022-05-14,5호선,마곡,6612,6651
2022-05-14,5호선,발산,15815,16940
2022-05-14,5호선,우장산,11393,10855
2022-05-14,5호선,화곡,22778,20598
2022-05-14,5호선,까치산,23717,21808
2022-05-14,5호선,신정,10183,8452
2022-05-14,5호선,목동,12719,12713
2022-05-14,5호선,오목교,18193,18700
2022-05-14,5호선,양평,4299,3926
2022-05-14,5호선,영등포구청,2287,2170
2022-05-14,5호선,영등포시장,9345,9623
2022-05-14,5호선,신길,2973,2965
2022-05-14,5호선,여의도,14273,14642
2022-05-14,5호선,여의나루,22594,25899
2022-05-14,5호선,마포,8686,8791
2022-05-14,5호선,공덕,8480,8836
2022-05-14,5호선,애오개,4233,4135
2022-05-14,5호선,충정로,2197,2037
2022-05-14,5호선,서대문,8689,8210
2022-05-14,5호선,광화문,20032,20539
2022-05-14,5호선,종로3가,16153,16171
2022-05-14,5호선,을지로4가,3854,4617
2022-05-14,5호선,동대문역사문화공원,1072,1498
2022-05-14,5호선,청구,2803,2566
2022-05-14,5호선,신금호,4820,4775
2022-05-14,5호선,행당,6356,5444
2022-05-14,5호선,왕십리,3940,4985
2022-05-14,5호선,마장,4444,4088
2022-05-14,5호선,답십리,11448,10199
2022-05-14,5호선,장한평,12527,12130
2022-05-14,5호선,군자,9755,10874
2022-05-14,5호선,아차산,14868,14279
2022-05-14,5호선,광나루,11779,10982
2022-05-14,5호선,천호,19519,18581
2022-05-14,5호선,강동,15074,13844
2022-05-14,5호선,길동,6591,6672
2022-05-14,5호선,굽은다리,8085,7633
2022-05-14,5호선,명일,7156,7109
2022-05-14,5호선,고덕,7491,7327
2022-05-14,5호선,상일동,10740,9661
2022-05-14,5호선,둔촌동,6986,6896
2022-05-14,5호선,올림픽공원,4757,4953
2022-05-14,5호선,방이,6540,6243
2022-05-14,5호선,오금,2991,2833
2022-05-14,5호선,개롱,4939,5104
2022-05-14,5호선,거여,7469,7074
2022-05-14,5호선,마천,5553,5584
2022-05-14,5호선,강일,3475,3147
2022-05-14,5호선,미사,14117,14022
2022-05-14,5호선,하남풍산,3303,3178
2022-05-14,5호선,하남시청,6774,6383
2022-05-14,5호선,하남검단산,6256,6145
2022-05-15,5호선,하남검단산,5262,5139
2022-05-15,5호선,하남시청,4734,4528
2022-05-15,5호선,하남풍산,2549,2536
2022-05-15,5호선,미사,10344,10425
2022-05-15,5호선,강일,2523,2477
2022-05-15,5호선,마천,4052,4297
2022-05-15,5호선,거여,5415,5293
2022-05-15,5호선,개롱,3426,3730
2022-05-15,5호선,오금,1804,1795
2022-05-15,5호선,방이,4709,4619
2022-05-15,5호선,올림픽공원,4247,4301
2022-05-15,5호선,둔촌동,5120,5178
2022-05-15,5호선,상일동,7504,7094
2022-05-15,5호선,고덕,4983,5042
2022-05-15,5호선,명일,5661,5669
2022-05-15,5호선,굽은다리,6376,6042
2022-05-15,5호선,길동,4505,4674
2022-05-15,5호선,강동,10326,10105
2022-05-15,5호선,천호,14866,13825
2022-05-15,5호선,광나루,9309,9140
2022-05-15,5호선,아차산,12741,12466
2022-05-15,5호선,군자,6959,7738
2022-05-15,5호선,장한평,8816,8566
2022-05-15,5호선,답십리,8367,7657
2022-05-15,5호선,마장,3275,3043
2022-05-15,5호선,왕십리,2863,3440
2022-05-15,5호선,행당,4537,4105
2022-05-15,5호선,신금호,3335,3600
2022-05-15,5호선,청구,2077,1888
2022-05-15,5호선,동대문역사문화공원,734,875
2022-05-15,5호선,을지로4가,2030,2057
2022-05-15,5호선,종로3가,11276,9644
2022-05-15,5호선,광화문,14660,14578
2022-05-15,5호선,서대문,6615,6508
2022-05-15,5호선,충정로,1613,1713
2022-05-15,5호선,애오개,2922,3101
2022-05-15,5호선,공덕,5460,5440
2022-05-15,5호선,마포,5520,5423
2022-05-15,5호선,여의나루,19723,21333
2022-05-15,5호선,여의도,9877,10314
2022-05-15,5호선,신길,2059,2326
2022-05-15,5호선,영등포시장,6065,6073
2022-05-15,5호선,영등포구청,1645,1529
2022-05-15,5호선,양평,3180,3202
2022-05-15,5호선,오목교,12716,13430
2022-05-15,5호선,목동,8758,9073
2022-05-15,5호선,신정,7098,6466
2022-05-15,5호선,까치산,17446,16982
2022-05-15,5호선,화곡,16006,15037
2022-05-15,5호선,우장산,7754,7942
2022-05-15,5호선,발산,10216,10652
2022-05-15,5호선,마곡,4136,4287
2022-05-15,5호선,송정,4134,4091
2022-05-15,5호선,김포공항,7695,7592
2022-05-15,5호선,개화산,3043,3077
2022-05-15,5호선,방화,4028,4013
2022-05-16,5호선,마포,15246,15494
2022-05-16,5호선,방화,7179,6775
2022-05-16,5호선,개화산,6009,5696
2022-05-16,5호선,김포공항,7477,7320
2022-05-16,5호선,송정,6906,6525
2022-05-16,5호선,마곡,11453,11427
2022-05-16,5호선,발산,21653,22478
2022-05-16,5호선,우장산,16025,15616
2022-05-16,5호선,화곡,30008,28050
2022-05-16,5호선,까치산,30320,28789
2022-05-16,5호선,신정,14922,12013
2022-05-16,5호선,목동,17963,19221
2022-05-16,5호선,오목교,21215,22575
2022-05-16,5호선,양평,7951,7854
2022-05-16,5호선,영등포구청,4331,4467
2022-05-16,5호선,영등포시장,10299,10663
2022-05-16,5호선,신길,4445,4743
2022-05-16,5호선,여의도,29251,31710
2022-05-16,5호선,여의나루,12688,13642
2022-05-16,5호선,공덕,15064,15868
2022-05-16,5호선,애오개,7187,7175
2022-05-16,5호선,충정로,4998,5147
2022-05-16,5호선,서대문,21319,21805
2022-05-16,5호선,광화문,31947,33637
2022-05-16,5호선,종로3가,13182,13032
2022-05-16,5호선,을지로4가,6677,6647
2022-05-16,5호선,동대문역사문화공원,3015,3635
2022-05-16,5호선,청구,4254,3816
2022-05-16,5호선,신금호,7024,7397
2022-05-16,5호선,행당,8562,7667
2022-05-16,5호선,왕십리,4665,5407
2022-05-16,5호선,마장,6055,5633
2022-05-16,5호선,답십리,16821,15283
2022-05-16,5호선,장한평,19186,18872
2022-05-16,5호선,군자,11671,12944
2022-05-16,5호선,아차산,16070,15465
2022-05-16,5호선,광나루,15082,13655
2022-05-16,5호선,천호,18727,18775
2022-05-16,5호선,강동,19557,18802
2022-05-16,5호선,길동,8396,8701
2022-05-16,5호선,굽은다리,10058,9499
2022-05-16,5호선,명일,9253,9534
2022-05-16,5호선,고덕,10089,10057
2022-05-16,5호선,상일동,16360,15051
2022-05-16,5호선,둔촌동,8565,8514
2022-05-16,5호선,올림픽공원,5168,4520
2022-05-16,5호선,방이,7447,7631
2022-05-16,5호선,오금,4121,4162
2022-05-16,5호선,개롱,7024,7305
2022-05-16,5호선,거여,11399,10888
2022-05-16,5호선,마천,8042,7560
2022-05-16,5호선,강일,4720,4482
2022-05-16,5호선,미사,17187,17179
2022-05-16,5호선,하남풍산,4610,4404
2022-05-16,5호선,하남시청,7520,7145
2022-05-16,5호선,하남검단산,6082,5770
2022-05-17,5호선,방화,7370,7008
2022-05-17,5호선,개화산,6157,5824
2022-05-17,5호선,김포공항,7298,7006
2022-05-17,5호선,송정,7071,6655
2022-05-17,5호선,마곡,11546,11659
2022-05-17,5호선,발산,22347,22994
2022-05-17,5호선,우장산,16145,15801
2022-05-17,5호선,화곡,30670,28331
2022-05-17,5호선,까치산,31053,29582
2022-05-17,5호선,신정,15048,11998
2022-05-17,5호선,목동,18242,19409
2022-05-17,5호선,오목교,23001,24803
2022-05-17,5호선,양평,8030,7845
2022-05-17,5호선,영등포구청,4315,4493
2022-05-17,5호선,영등포시장,10601,10808
2022-05-17,5호선,신길,4511,4747
2022-05-17,5호선,여의도,30415,33094
2022-05-17,5호선,여의나루,14373,15589
2022-05-17,5호선,마포,15596,16081
2022-05-17,5호선,공덕,15755,16511
2022-05-17,5호선,애오개,7440,7433
2022-05-17,5호선,충정로,5214,5273
2022-05-17,5호선,서대문,22223,22769
2022-05-17,5호선,광화문,32746,34867
2022-05-17,5호선,종로3가,13581,13546
2022-05-17,5호선,을지로4가,6663,6773
2022-05-17,5호선,동대문역사문화공원,3111,3567
2022-05-17,5호선,청구,4470,4006
2022-05-17,5호선,신금호,7177,7407
2022-05-17,5호선,행당,8997,7871
2022-05-17,5호선,왕십리,4710,5646
2022-05-17,5호선,마장,6311,5959
2022-05-17,5호선,답십리,16901,15426
2022-05-17,5호선,장한평,19434,19080
2022-05-17,5호선,군자,12049,13255
2022-05-17,5호선,아차산,16636,15918
2022-05-17,5호선,광나루,15059,13578
2022-05-17,5호선,천호,19302,19454
2022-05-17,5호선,강동,20000,19260
2022-05-17,5호선,길동,8647,8870
2022-05-17,5호선,굽은다리,10324,9752
2022-05-17,5호선,명일,9493,9848
2022-05-17,5호선,고덕,10704,10638
2022-05-17,5호선,상일동,16474,15292
2022-05-17,5호선,둔촌동,8904,8896
2022-05-17,5호선,올림픽공원,5215,4632
2022-05-17,5호선,방이,7720,7893
2022-05-17,5호선,오금,4210,4196
2022-05-17,5호선,개롱,7164,7362
2022-05-17,5호선,거여,11652,11072
2022-05-17,5호선,마천,8012,7565
2022-05-17,5호선,강일,4990,4500
2022-05-17,5호선,미사,17341,17210
2022-05-17,5호선,하남풍산,4645,4507
2022-05-17,5호선,하남시청,7521,7314
2022-05-17,5호선,하남검단산,6232,5865
2022-05-18,5호선,하남검단산,6198,5896
2022-05-18,5호선,하남시청,7423,7121
2022-05-18,5호선,하남풍산,4588,4434
2022-05-18,5호선,미사,17454,17233
2022-05-18,5호선,강일,4765,4424
2022-05-18,5호선,마천,8030,7431
2022-05-18,5호선,거여,11468,10815
2022-05-18,5호선,개롱,7184,7334
2022-05-18,5호선,오금,4062,4141
2022-05-18,5호선,방이,7755,8008
2022-05-18,5호선,올림픽공원,4810,4097
2022-05-18,5호선,둔촌동,8582,8532
2022-05-18,5호선,상일동,16403,15064
2022-05-18,5호선,고덕,10411,10415
2022-05-18,5호선,명일,9565,9786
2022-05-18,5호선,굽은다리,10325,9940
2022-05-18,5호선,길동,8353,8642
2022-05-18,5호선,강동,19843,19008
2022-05-18,5호선,천호,19105,19094
2022-05-18,5호선,광나루,15522,13935
2022-05-18,5호선,아차산,15944,15006
2022-05-18,5호선,군자,11934,13366
2022-05-18,5호선,답십리,17010,15397
2022-05-18,5호선,마장,6289,5875
2022-05-18,5호선,왕십리,4821,5660
2022-05-18,5호선,행당,8834,7616
2022-05-18,5호선,신금호,7162,7324
2022-05-18,5호선,청구,4404,3926
2022-05-18,5호선,동대문역사문화공원,3066,3619
2022-05-18,5호선,을지로4가,6694,6882
2022-05-18,5호선,종로3가,13960,13747
2022-05-18,5호선,광화문,33893,35678
2022-05-18,5호선,서대문,21729,22343
2022-05-18,5호선,충정로,5150,5291
2022-05-18,5호선,애오개,7333,7249
2022-05-18,5호선,공덕,15427,16442
2022-05-18,5호선,마포,15618,16132
2022-05-18,5호선,여의나루,13191,14249
2022-05-18,5호선,여의도,30536,33333
2022-05-18,5호선,신길,4557,4646
2022-05-18,5호선,영등포시장,10629,10884
2022-05-18,5호선,영등포구청,4314,4429
2022-05-18,5호선,양평,8087,7898
2022-05-18,5호선,오목교,22894,24672
2022-05-18,5호선,목동,18102,19467
2022-05-18,5호선,신정,15127,12048
2022-05-18,5호선,까치산,30797,29012
2022-05-18,5호선,화곡,30423,28087
2022-05-18,5호선,우장산,16362,15578
2022-05-18,5호선,발산,22286,23222
2022-05-18,5호선,마곡,11510,11732
2022-05-18,5호선,송정,7061,6536
2022-05-18,5호선,김포공항,7316,7242
2022-05-18,5호선,개화산,6117,5775
2022-05-18,5호선,방화,7247,6818
2022-05-18,5호선,장한평,20149,19665
2022-05-19,5호선,방화,7404,7088
2022-05-19,5호선,개화산,6214,5775
2022-05-19,5호선,김포공항,7658,7597
2022-05-19,5호선,송정,7041,6480
2022-05-19,5호선,마곡,11588,11737
2022-05-19,5호선,발산,22416,23367
2022-05-19,5호선,우장산,15959,15534
2022-05-19,5호선,화곡,30789,28420
2022-05-19,5호선,까치산,31098,29317
2022-05-19,5호선,신정,15200,12068
2022-05-19,5호선,목동,18709,19594
2022-05-19,5호선,오목교,23270,24686
2022-05-19,5호선,양평,8024,7748
2022-05-19,5호선,영등포구청,4414,4579
2022-05-19,5호선,영등포시장,10750,11123
2022-05-19,5호선,신길,4518,4703
2022-05-19,5호선,여의도,30441,33149
2022-05-19,5호선,여의나루,13702,15096
2022-05-19,5호선,마포,15715,16143
2022-05-19,5호선,공덕,15742,16670
2022-05-19,5호선,애오개,7509,7440
2022-05-19,5호선,충정로,5091,5289
2022-05-19,5호선,서대문,22342,23065
2022-05-19,5호선,광화문,34831,37221
2022-05-19,5호선,종로3가,14346,14473
2022-05-19,5호선,을지로4가,6565,6835
2022-05-19,5호선,동대문역사문화공원,3028,3646
2022-05-19,5호선,청구,4454,3868
2022-05-19,5호선,신금호,7262,7357
2022-05-19,5호선,행당,8837,7591
2022-05-19,5호선,왕십리,4773,5700
2022-05-19,5호선,마장,6459,6056
2022-05-19,5호선,답십리,17236,15467
2022-05-19,5호선,장한평,19892,19497
2022-05-19,5호선,군자,11982,13125
2022-05-19,5호선,아차산,16560,15577
2022-05-19,5호선,광나루,15850,14332
2022-05-19,5호선,천호,19388,19422
2022-05-19,5호선,강동,20006,19126
2022-05-19,5호선,길동,8511,8740
2022-05-19,5호선,굽은다리,10291,9833
2022-05-19,5호선,명일,9660,9748
2022-05-19,5호선,고덕,10561,10439
2022-05-19,5호선,상일동,16524,15207
2022-05-19,5호선,둔촌동,9020,8818
2022-05-19,5호선,올림픽공원,5260,4512
2022-05-19,5호선,방이,7843,7967
2022-05-19,5호선,오금,4098,4192
2022-05-19,5호선,개롱,7093,7251
2022-05-19,5호선,거여,11546,10886
2022-05-19,5호선,마천,7986,7661
2022-05-19,5호선,강일,4956,4632
2022-05-19,5호선,미사,17731,17389
2022-05-19,5호선,하남풍산,4592,4460
2022-05-19,5호선,하남시청,7746,7517
2022-05-19,5호선,하남검단산,6484,6139
2022-05-20,5호선,방화,7538,7110
2022-05-20,5호선,개화산,6221,5727
2022-05-20,5호선,김포공항,8651,8359
2022-05-20,5호선,송정,7073,6570
2022-05-20,5호선,마곡,11890,11800
2022-05-20,5호선,발산,21782,23559
2022-05-20,5호선,우장산,16501,15634
2022-05-20,5호선,화곡,31787,28599
2022-05-20,5호선,까치산,31857,29379
2022-05-20,5호선,신정,15538,11843
2022-05-20,5호선,목동,19021,19906
2022-05-20,5호선,오목교,24266,26092
2022-05-20,5호선,양평,8008,7628
2022-05-20,5호선,영등포구청,4269,4438
2022-05-20,5호선,영등포시장,11513,11568
2022-05-20,5호선,신길,4560,4638
2022-05-20,5호선,여의도,29811,32992
2022-05-20,5호선,여의나루,17490,18720
2022-05-20,5호선,마포,15602,16108
2022-05-20,5호선,공덕,15826,16993
2022-05-20,5호선,애오개,7608,7612
2022-05-20,5호선,충정로,4981,5020
2022-05-20,5호선,서대문,21275,21549
2022-05-20,5호선,광화문,33599,36328
2022-05-20,5호선,종로3가,16018,16758
2022-05-20,5호선,을지로4가,6922,7144
2022-05-20,5호선,동대문역사문화공원,3001,3609
2022-05-20,5호선,청구,4351,4002
2022-05-20,5호선,신금호,7375,7376
2022-05-20,5호선,행당,9079,7686
2022-05-20,5호선,왕십리,4990,6378
2022-05-20,5호선,마장,6412,6055
2022-05-20,5호선,답십리,17591,15843
2022-05-20,5호선,장한평,20544,19916
2022-05-20,5호선,군자,12397,13947
2022-05-20,5호선,아차산,17312,16040
2022-05-20,5호선,광나루,15987,14096
2022-05-20,5호선,천호,20595,20927
2022-05-20,5호선,강동,20370,19044
2022-05-20,5호선,길동,9000,9318
2022-05-20,5호선,굽은다리,10501,9977
2022-05-20,5호선,명일,9906,10067
2022-05-20,5호선,고덕,11161,10805
2022-05-20,5호선,상일동,16691,15262
2022-05-20,5호선,둔촌동,9023,8963
2022-05-20,5호선,올림픽공원,5185,4430
2022-05-20,5호선,방이,7786,7952
2022-05-20,5호선,오금,4099,4164
2022-05-20,5호선,개롱,7370,7410
2022-05-20,5호선,거여,11587,10750
2022-05-20,5호선,마천,8152,7499
2022-05-20,5호선,강일,5042,4424
2022-05-20,5호선,미사,17794,17552
2022-05-20,5호선,하남풍산,4669,4577
2022-05-20,5호선,하남시청,7870,7401
2022-05-20,5호선,하남검단산,6616,6189
2022-05-21,5호선,방화,5331,5052
2022-05-21,5호선,개화산,4265,3982
2022-05-21,5호선,김포공항,8503,8892
2022-05-21,5호선,송정,5482,5105
2022-05-21,5호선,마곡,6188,6196
2022-05-21,5호선,발산,15936,17304
2022-05-21,5호선,우장산,11461,10921
2022-05-21,5호선,화곡,23043,20637
2022-05-21,5호선,까치산,23468,21888
2022-05-21,5호선,신정,10126,8338
2022-05-21,5호선,목동,12874,12651
2022-05-21,5호선,오목교,18316,19341
2022-05-21,5호선,양평,4212,3880
2022-05-21,5호선,영등포구청,2215,2185
2022-05-21,5호선,영등포시장,9216,9848
2022-05-21,5호선,신길,2994,3033
2022-05-21,5호선,여의도,13774,15191
2022-05-21,5호선,여의나루,22823,24605
2022-05-21,5호선,마포,8484,8601
2022-05-21,5호선,공덕,8388,8607
2022-05-21,5호선,애오개,4178,4027
2022-05-21,5호선,충정로,2258,2008
2022-05-21,5호선,서대문,9011,8751
2022-05-21,5호선,광화문,20231,21222
2022-05-21,5호선,종로3가,16245,16594
2022-05-21,5호선,을지로4가,4185,4558
2022-05-21,5호선,동대문역사문화공원,1088,1487
2022-05-21,5호선,청구,3054,2630
2022-05-21,5호선,신금호,4783,4736
2022-05-21,5호선,행당,6317,5469
2022-05-21,5호선,왕십리,3992,5139
2022-05-21,5호선,마장,4448,4117
2022-05-21,5호선,답십리,11495,10270
2022-05-21,5호선,장한평,12741,12011
2022-05-21,5호선,군자,9675,10942
2022-05-21,5호선,아차산,15081,14206
2022-05-21,5호선,광나루,11670,10759
2022-05-21,5호선,천호,19138,18508
2022-05-21,5호선,강동,14497,13625
2022-05-21,5호선,길동,6681,6574
2022-05-21,5호선,굽은다리,8182,7637
2022-05-21,5호선,명일,7271,7098
2022-05-21,5호선,고덕,7292,7209
2022-05-21,5호선,상일동,10853,9699
2022-05-21,5호선,둔촌동,6763,6627
2022-05-21,5호선,올림픽공원,4087,3928
2022-05-21,5호선,방이,5878,5760
2022-05-21,5호선,오금,2378,2254
2022-05-21,5호선,개롱,4651,4829
2022-05-21,5호선,거여,7657,6964
2022-05-21,5호선,마천,5687,5644
2022-05-21,5호선,강일,3621,3285
2022-05-21,5호선,미사,14119,14103
2022-05-21,5호선,하남풍산,3237,3119
2022-05-21,5호선,하남시청,6528,6140
2022-05-21,5호선,하남검단산,6208,6034
2022-05-22,5호선,방화,3871,3881
2022-05-22,5호선,개화산,2955,2946
2022-05-22,5호선,김포공항,7550,7758
2022-05-22,5호선,송정,4064,4005
2022-05-22,5호선,마곡,3874,4030
2022-05-22,5호선,발산,10334,11152
2022-05-22,5호선,우장산,7776,7834
2022-05-22,5호선,화곡,15707,14964
2022-05-22,5호선,까치산,17317,16621
2022-05-22,5호선,신정,7169,6366
2022-05-22,5호선,목동,8940,8980
2022-05-22,5호선,오목교,12508,12978
2022-05-22,5호선,양평,3007,2959
2022-05-22,5호선,영등포구청,1505,1408
2022-05-22,5호선,영등포시장,6303,6825
2022-05-22,5호선,신길,2157,2266
2022-05-22,5호선,여의도,9031,10033
2022-05-22,5호선,여의나루,17291,18150
2022-05-22,5호선,마포,5222,5149
2022-05-22,5호선,공덕,5140,5107
2022-05-22,5호선,애오개,2835,2975
2022-05-22,5호선,충정로,1614,1632
2022-05-22,5호선,서대문,5872,5934
2022-05-22,5호선,광화문,13602,13642
2022-05-22,5호선,종로3가,10862,9726
2022-05-22,5호선,을지로4가,2061,2026
2022-05-22,5호선,동대문역사문화공원,762,975
2022-05-22,5호선,청구,1955,1843
2022-05-22,5호선,신금호,3200,3478
2022-05-22,5호선,행당,4343,3953
2022-05-22,5호선,왕십리,2670,3409
2022-05-22,5호선,마장,3215,3002
2022-05-22,5호선,답십리,8106,7401
2022-05-22,5호선,장한평,8934,8708
2022-05-22,5호선,군자,6804,7601
2022-05-22,5호선,아차산,12091,11402
2022-05-22,5호선,광나루,8673,8557
2022-05-22,5호선,천호,14471,13538
2022-05-22,5호선,강동,9904,9659
2022-05-22,5호선,길동,4679,4589
2022-05-22,5호선,굽은다리,5927,5762
2022-05-22,5호선,명일,5405,5355
2022-05-22,5호선,고덕,4929,4964
2022-05-22,5호선,상일동,7375,7055
2022-05-22,5호선,둔촌동,5269,5238
2022-05-22,5호선,올림픽공원,3194,3024
2022-05-22,5호선,방이,4490,4289
2022-05-22,5호선,오금,1785,1674
2022-05-22,5호선,개롱,3280,3639
2022-05-22,5호선,거여,5341,5135
2022-05-22,5호선,마천,4023,4322
2022-05-22,5호선,강일,2486,2381
2022-05-22,5호선,하남풍산,2528,2484
2022-05-22,5호선,하남시청,4638,4370
2022-05-22,5호선,하남검단산,5153,5090
2022-05-22,5호선,미사,9798,10099
2022-05-23,5호선,하남검단산,6204,5844
2022-05-23,5호선,하남시청,7374,7063
2022-05-23,5호선,하남풍산,4540,4324
2022-05-23,5호선,미사,16952,16908
2022-05-23,5호선,강일,4624,4374
2022-05-23,5호선,마천,7899,7515
2022-05-23,5호선,거여,11214,10685
2022-05-23,5호선,개롱,7108,7279
2022-05-23,5호선,오금,3943,4062
2022-05-23,5호선,방이,7330,7504
2022-05-23,5호선,올림픽공원,4756,4273
2022-05-23,5호선,둔촌동,8647,8482
2022-05-23,5호선,상일동,16012,14680
2022-05-23,5호선,고덕,10392,10199
2022-05-23,5호선,명일,9290,9405
2022-05-23,5호선,굽은다리,9978,9488
2022-05-23,5호선,길동,8370,8626
2022-05-23,5호선,강동,19537,18776
2022-05-23,5호선,천호,16986,17653
2022-05-23,5호선,광나루,14508,12994
2022-05-23,5호선,아차산,15708,15006
2022-05-23,5호선,군자,11425,12541
2022-05-23,5호선,장한평,18941,18633
2022-05-23,5호선,답십리,16633,15114
2022-05-23,5호선,마장,6072,5712
2022-05-23,5호선,왕십리,4593,5403
2022-05-23,5호선,행당,8531,7555
2022-05-23,5호선,신금호,6986,7252
2022-05-23,5호선,청구,4219,3756
2022-05-23,5호선,동대문역사문화공원,3112,3578
2022-05-23,5호선,을지로4가,6420,6635
2022-05-23,5호선,종로3가,12768,12676
2022-05-23,5호선,광화문,31743,33803
2022-05-23,5호선,서대문,21210,21837
2022-05-23,5호선,충정로,4918,4999
2022-05-23,5호선,애오개,7183,6924
2022-05-23,5호선,공덕,14815,15843
2022-05-23,5호선,마포,14977,15354
2022-05-23,5호선,여의나루,13088,14164
2022-05-23,5호선,여의도,30185,32625
2022-05-23,5호선,신길,4510,4718
2022-05-23,5호선,영등포시장,10276,10693
2022-05-23,5호선,영등포구청,4376,4588
2022-05-23,5호선,양평,7947,7878
2022-05-23,5호선,오목교,22654,23870
2022-05-23,5호선,목동,17974,19058
2022-05-23,5호선,신정,14796,11912
2022-05-23,5호선,까치산,30420,28644
2022-05-23,5호선,화곡,30041,28060
2022-05-23,5호선,우장산,15952,15626
2022-05-23,5호선,발산,22185,22866
2022-05-23,5호선,마곡,11419,11552
2022-05-23,5호선,송정,7017,6468
2022-05-23,5호선,김포공항,7285,7228
2022-05-23,5호선,개화산,6110,5672
2022-05-23,5호선,방화,7326,6985
2022-05-24,5호선,하남검단산,6312,5894
2022-05-24,5호선,하남시청,7737,7465
2022-05-24,5호선,하남풍산,4696,4506
2022-05-24,5호선,미사,17287,17224
2022-05-24,5호선,강일,4810,4531
2022-05-24,5호선,마천,8045,7450
2022-05-24,5호선,거여,11502,10824
2022-05-24,5호선,개롱,7011,7158
2022-05-24,5호선,오금,4258,4338
2022-05-24,5호선,방이,7701,7982
2022-05-24,5호선,올림픽공원,5109,4446
2022-05-24,5호선,둔촌동,8870,8757
2022-05-24,5호선,상일동,16752,15498
2022-05-24,5호선,고덕,10609,10477
2022-05-24,5호선,명일,9526,9696
2022-05-24,5호선,굽은다리,10211,9553
2022-05-24,5호선,길동,8543,8892
2022-05-24,5호선,강동,19861,18867
2022-05-24,5호선,천호,19135,19128
2022-05-24,5호선,광나루,15030,13696
2022-05-24,5호선,아차산,16158,15449
2022-05-24,5호선,군자,12053,13167
2022-05-24,5호선,장한평,19333,19048
2022-05-24,5호선,답십리,17115,15526
2022-05-24,5호선,마장,6395,6037
2022-05-24,5호선,왕십리,4800,5648
2022-05-24,5호선,행당,8824,7740
2022-05-24,5호선,신금호,7306,7580
2022-05-24,5호선,청구,4531,3978
2022-05-24,5호선,동대문역사문화공원,3178,3611
2022-05-24,5호선,을지로4가,6800,6843
2022-05-24,5호선,종로3가,13421,13070
2022-05-24,5호선,광화문,33149,35305
2022-05-24,5호선,서대문,22075,22658
2022-05-24,5호선,충정로,5209,5348
2022-05-24,5호선,애오개,7418,7265
2022-05-24,5호선,공덕,15393,16331
2022-05-24,5호선,마포,15578,15873
2022-05-24,5호선,여의나루,13055,14084
2022-05-24,5호선,여의도,30442,33025
2022-05-24,5호선,신길,4554,4728
2022-05-24,5호선,영등포시장,10859,11157
2022-05-24,5호선,영등포구청,4366,4544
2022-05-24,5호선,양평,7907,7894
2022-05-24,5호선,오목교,23078,24542
2022-05-24,5호선,목동,18415,19366
2022-05-24,5호선,신정,15144,12240
2022-05-24,5호선,까치산,31287,29426
2022-05-24,5호선,화곡,30587,28278
2022-05-24,5호선,우장산,16137,15608
2022-05-24,5호선,발산,22417,23120
2022-05-24,5호선,마곡,11644,11691
2022-05-24,5호선,김포공항,7442,7493
2022-05-24,5호선,개화산,6055,5812
2022-05-24,5호선,방화,7457,7041
2022-05-24,5호선,송정,6867,6475
2022-05-25,5호선,하남검단산,6288,5897
2022-05-25,5호선,하남시청,7856,7376
2022-05-25,5호선,하남풍산,4593,4467
2022-05-25,5호선,미사,17624,17558
2022-05-25,5호선,마천,8144,7674
2022-05-25,5호선,거여,11415,10876
2022-05-25,5호선,개롱,7309,7554
2022-05-25,5호선,오금,4195,4328
2022-05-25,5호선,방이,7875,8069
2022-05-25,5호선,올림픽공원,4963,4432
2022-05-25,5호선,둔촌동,8921,8776
2022-05-25,5호선,상일동,16663,15501
2022-05-25,5호선,고덕,10659,10685
2022-05-25,5호선,명일,9734,9946
2022-05-25,5호선,굽은다리,10462,10142
2022-05-25,5호선,길동,8655,8925
2022-05-25,5호선,강동,19965,19421
2022-05-25,5호선,천호,19543,19552
2022-05-25,5호선,광나루,15743,14378
2022-05-25,5호선,아차산,16382,15729
2022-05-25,5호선,군자,12223,13439
2022-05-25,5호선,장한평,20326,20053
2022-05-25,5호선,답십리,17322,15856
2022-05-25,5호선,마장,6362,6175
2022-05-25,5호선,왕십리,4922,5925
2022-05-25,5호선,행당,9096,7991
2022-05-25,5호선,신금호,7109,7405
2022-05-25,5호선,청구,4490,3914
2022-05-25,5호선,동대문역사문화공원,3190,3710
2022-05-25,5호선,을지로4가,6677,6731
2022-05-25,5호선,종로3가,14469,13754
2022-05-25,5호선,광화문,34828,36195
2022-05-25,5호선,서대문,22567,22892
2022-05-25,5호선,충정로,5253,5504
2022-05-25,5호선,애오개,7681,7746
2022-05-25,5호선,공덕,15477,16663
2022-05-25,5호선,마포,16208,16260
2022-05-25,5호선,여의나루,11436,13020
2022-05-25,5호선,여의도,31947,33299
2022-05-25,5호선,신길,4675,5044
2022-05-25,5호선,영등포시장,11072,11510
2022-05-25,5호선,영등포구청,4356,4611
2022-05-25,5호선,양평,8224,8181
2022-05-25,5호선,오목교,24113,25625
2022-05-25,5호선,목동,19153,20047
2022-05-25,5호선,신정,15375,12395
2022-05-25,5호선,까치산,31342,29771
2022-05-25,5호선,화곡,31036,29028
2022-05-25,5호선,우장산,16335,16093
2022-05-25,5호선,발산,22949,23365
2022-05-25,5호선,마곡,11910,11963
2022-05-25,5호선,송정,6971,6562
2022-05-25,5호선,김포공항,7920,7788
2022-05-25,5호선,개화산,6268,5987
2022-05-25,5호선,방화,7447,7215
2022-05-25,5호선,강일,4793,4482
2022-05-26,5호선,동대문역사문화공원,3013,3600
2022-05-26,5호선,청구,4445,3913
2022-05-26,5호선,신금호,7190,7187
2022-05-26,5호선,행당,9062,7864
2022-05-26,5호선,왕십리,4960,5797
2022-05-26,5호선,마장,6205,5975
2022-05-26,5호선,답십리,17337,15546
2022-05-26,5호선,장한평,20023,19578
2022-05-26,5호선,군자,12404,13352
2022-05-26,5호선,아차산,16357,15641
2022-05-26,5호선,광나루,15746,14294
2022-05-26,5호선,천호,19483,19708
2022-05-26,5호선,강동,20139,19195
2022-05-26,5호선,길동,8487,8786
2022-05-26,5호선,굽은다리,10230,9705
2022-05-26,5호선,명일,9494,9628
2022-05-26,5호선,고덕,10590,10382
2022-05-26,5호선,상일동,16532,15069
2022-05-26,5호선,둔촌동,8919,8896
2022-05-26,5호선,올림픽공원,5055,4601
2022-05-26,5호선,방이,7734,7978
2022-05-26,5호선,오금,4165,4260
2022-05-26,5호선,개롱,7312,7448
2022-05-26,5호선,거여,11614,11005
2022-05-26,5호선,마천,8181,7565
2022-05-26,5호선,강일,4938,4585
2022-05-26,5호선,미사,17754,17788
2022-05-26,5호선,하남풍산,4614,4553
2022-05-26,5호선,하남시청,7747,7336
2022-05-26,5호선,하남검단산,6337,5974
2022-05-26,5호선,을지로4가,6807,7006
2022-05-26,5호선,방화,7433,7062
2022-05-26,5호선,개화산,6204,5800
2022-05-26,5호선,김포공항,7700,7760
2022-05-26,5호선,송정,7166,6611
2022-05-26,5호선,마곡,11516,11481
2022-05-26,5호선,발산,22543,23353
2022-05-26,5호선,우장산,16230,15786
2022-05-26,5호선,화곡,31108,28604
2022-05-26,5호선,까치산,31384,29254
2022-05-26,5호선,신정,15275,12140
2022-05-26,5호선,목동,18735,19707
2022-05-26,5호선,오목교,23473,25041
2022-05-26,5호선,양평,8074,7929
2022-05-26,5호선,영등포구청,4421,4641
2022-05-26,5호선,영등포시장,11043,11141
2022-05-26,5호선,신길,4602,4790
2022-05-26,5호선,여의도,30428,33503
2022-05-26,5호선,여의나루,12916,14394
2022-05-26,5호선,마포,15825,16176
2022-05-26,5호선,공덕,15651,16774
2022-05-26,5호선,애오개,7451,7336
2022-05-26,5호선,충정로,5101,5332
2022-05-26,5호선,서대문,22246,22764
2022-05-26,5호선,광화문,34766,37217
2022-05-26,5호선,종로3가,14191,13981
2022-05-27,5호선,하남검단산,6518,6050
2022-05-27,5호선,하남시청,8071,7622
2022-05-27,5호선,하남풍산,4865,4774
2022-05-27,5호선,미사,18943,18648
2022-05-27,5호선,강일,4913,4483
2022-05-27,5호선,마천,8207,7594
2022-05-27,5호선,거여,11619,10918
2022-05-27,5호선,개롱,7338,7314
2022-05-27,5호선,오금,4289,4375
2022-05-27,5호선,방이,7913,8053
2022-05-27,5호선,올림픽공원,6740,6431
2022-05-27,5호선,둔촌동,9345,9219
2022-05-27,5호선,상일동,16640,15095
2022-05-27,5호선,고덕,11460,11184
2022-05-27,5호선,명일,9882,10025
2022-05-27,5호선,굽은다리,10590,10092
2022-05-27,5호선,길동,9127,9494
2022-05-27,5호선,강동,20199,19090
2022-05-27,5호선,천호,20973,21205
2022-05-27,5호선,광나루,16097,14253
2022-05-27,5호선,아차산,18462,17259
2022-05-27,5호선,군자,12710,14061
2022-05-27,5호선,장한평,20188,19635
2022-05-27,5호선,답십리,17763,15753
2022-05-27,5호선,마장,6344,5920
2022-05-27,5호선,왕십리,4975,6217
2022-05-27,5호선,행당,9047,7711
2022-05-27,5호선,신금호,7434,7437
2022-05-27,5호선,청구,4431,3981
2022-05-27,5호선,동대문역사문화공원,2963,3681
2022-05-27,5호선,을지로4가,6780,7084
2022-05-27,5호선,종로3가,15574,15972
2022-05-27,5호선,광화문,34046,36344
2022-05-27,5호선,서대문,21927,21885
2022-05-27,5호선,충정로,5038,5081
2022-05-27,5호선,애오개,7523,7469
2022-05-27,5호선,공덕,15783,17017
2022-05-27,5호선,마포,15687,16317
2022-05-27,5호선,여의나루,16029,17301
2022-05-27,5호선,여의도,30234,33530
2022-05-27,5호선,신길,4650,4643
2022-05-27,5호선,영등포시장,11421,11374
2022-05-27,5호선,영등포구청,4374,4574
2022-05-27,5호선,양평,8259,7816
2022-05-27,5호선,오목교,24316,26017
2022-05-27,5호선,목동,19026,19799
2022-05-27,5호선,신정,15338,11916
2022-05-27,5호선,까치산,32045,29602
2022-05-27,5호선,화곡,31811,28619
2022-05-27,5호선,우장산,16521,15694
2022-05-27,5호선,발산,22173,23454
2022-05-27,5호선,마곡,11312,11516
2022-05-27,5호선,송정,7404,6715
2022-05-27,5호선,김포공항,8616,8601
2022-05-27,5호선,개화산,6266,5806
2022-05-27,5호선,방화,7641,7049
2022-05-28,5호선,방화,5257,4965
2022-05-28,5호선,개화산,4287,4108
2022-05-28,5호선,김포공항,7976,8647
2022-05-28,5호선,송정,5587,5192
2022-05-28,5호선,마곡,6089,6265
2022-05-28,5호선,발산,15347,16618
2022-05-28,5호선,우장산,11099,10661
2022-05-28,5호선,화곡,22824,20472
2022-05-28,5호선,까치산,23648,21920
2022-05-28,5호선,신정,10218,8548
2022-05-28,5호선,목동,12904,12775
2022-05-28,5호선,오목교,19157,19676
2022-05-28,5호선,양평,4223,3818
2022-05-28,5호선,영등포구청,2233,2152
2022-05-28,5호선,영등포시장,9363,10092
2022-05-28,5호선,신길,3031,2995
2022-05-28,5호선,여의도,12784,14526
2022-05-28,5호선,여의나루,20118,21714
2022-05-28,5호선,마포,8700,8858
2022-05-28,5호선,공덕,8210,8348
2022-05-28,5호선,애오개,4173,4168
2022-05-28,5호선,충정로,2143,2009
2022-05-28,5호선,서대문,8949,8763
2022-05-28,5호선,광화문,19640,20410
2022-05-28,5호선,종로3가,15306,15953
2022-05-28,5호선,을지로4가,3995,4315
2022-05-28,5호선,동대문역사문화공원,1049,1443
2022-05-28,5호선,청구,2836,2465
2022-05-28,5호선,신금호,4710,4722
2022-05-28,5호선,행당,6058,5094
2022-05-28,5호선,왕십리,3841,4821
2022-05-28,5호선,마장,4238,3921
2022-05-28,5호선,답십리,11202,9888
2022-05-28,5호선,장한평,12508,11856
2022-05-28,5호선,군자,9432,10673
2022-05-28,5호선,아차산,14718,13609
2022-05-28,5호선,광나루,11709,10894
2022-05-28,5호선,천호,18563,17762
2022-05-28,5호선,강동,14799,13929
2022-05-28,5호선,길동,6615,6730
2022-05-28,5호선,굽은다리,7790,7276
2022-05-28,5호선,명일,7147,6950
2022-05-28,5호선,고덕,7126,6955
2022-05-28,5호선,상일동,10487,9520
2022-05-28,5호선,둔촌동,6509,6299
2022-05-28,5호선,올림픽공원,4664,4868
2022-05-28,5호선,방이,6188,5899
2022-05-28,5호선,오금,2618,2443
2022-05-28,5호선,개롱,4666,4961
2022-05-28,5호선,거여,7536,6966
2022-05-28,5호선,마천,5395,5440
2022-05-28,5호선,강일,3503,3178
2022-05-28,5호선,미사,13878,13878
2022-05-28,5호선,하남풍산,3185,3020
2022-05-28,5호선,하남시청,6619,6319
2022-05-28,5호선,하남검단산,6056,5978
2022-05-29,5호선,하남검단산,5066,5027
2022-05-29,5호선,하남시청,4941,4717
2022-05-29,5호선,하남풍산,2464,2418
2022-05-29,5호선,미사,9715,9767
2022-05-29,5호선,강일,2419,2314
2022-05-29,5호선,마천,4010,4239
2022-05-29,5호선,거여,5219,5039
2022-05-29,5호선,개롱,3175,3383
2022-05-29,5호선,오금,1675,1707
2022-05-29,5호선,방이,4574,4379
2022-05-29,5호선,올림픽공원,3882,4063
2022-05-29,5호선,둔촌동,5021,4990
2022-05-29,5호선,상일동,7317,7034
2022-05-29,5호선,고덕,4715,4800
2022-05-29,5호선,명일,5399,5577
2022-05-29,5호선,굽은다리,5786,5453
2022-05-29,5호선,길동,4455,4531
2022-05-29,5호선,강동,9974,9969
2022-05-29,5호선,천호,14065,13306
2022-05-29,5호선,광나루,8761,8444
2022-05-29,5호선,아차산,11476,11195
2022-05-29,5호선,군자,6517,7329
2022-05-29,5호선,장한평,8534,8307
2022-05-29,5호선,답십리,7613,7097
2022-05-29,5호선,마장,3133,2904
2022-05-29,5호선,왕십리,2781,3281
2022-05-29,5호선,행당,4331,3888
2022-05-29,5호선,신금호,3205,3377
2022-05-29,5호선,청구,1951,1859
2022-05-29,5호선,동대문역사문화공원,709,809
2022-05-29,5호선,을지로4가,1879,2019
2022-05-29,5호선,종로3가,10197,8765
2022-05-29,5호선,광화문,12900,13231
2022-05-29,5호선,서대문,5674,5830
2022-05-29,5호선,충정로,1574,1543
2022-05-29,5호선,애오개,2870,2888
2022-05-29,5호선,공덕,5085,5056
2022-05-29,5호선,마포,5322,5335
2022-05-29,5호선,여의나루,14925,15599
2022-05-29,5호선,여의도,8109,9111
2022-05-29,5호선,신길,2025,2194
2022-05-29,5호선,영등포시장,6178,6531
2022-05-29,5호선,영등포구청,1453,1447
2022-05-29,5호선,양평,2838,2923
2022-05-29,5호선,오목교,12057,12558
2022-05-29,5호선,목동,8675,8864
2022-05-29,5호선,신정,7029,6307
2022-05-29,5호선,까치산,17123,16315
2022-05-29,5호선,화곡,15602,14497
2022-05-29,5호선,우장산,7319,7531
2022-05-29,5호선,발산,9906,10610
2022-05-29,5호선,마곡,3830,4092
2022-05-29,5호선,송정,3951,3852
2022-05-29,5호선,김포공항,7268,7599
2022-05-29,5호선,개화산,2842,2866
2022-05-29,5호선,방화,3976,3951
2022-05-30,5호선,하남검단산,5944,5711
2022-05-30,5호선,하남시청,7378,7034
2022-05-30,5호선,하남풍산,4539,4359
2022-05-30,5호선,미사,16767,16735
2022-05-30,5호선,강일,4704,4435
2022-05-30,5호선,마천,7802,7380
2022-05-30,5호선,거여,11145,10686
2022-05-30,5호선,개롱,6898,7036
2022-05-30,5호선,오금,3999,4142
2022-05-30,5호선,방이,7371,7699
2022-05-30,5호선,올림픽공원,4644,4007
2022-05-30,5호선,둔촌동,8493,8317
2022-05-30,5호선,상일동,15700,14592
2022-05-30,5호선,고덕,10063,10056
2022-05-30,5호선,명일,9234,9349
2022-05-30,5호선,굽은다리,9791,9235
2022-05-30,5호선,길동,8247,8556
2022-05-30,5호선,강동,19559,18704
2022-05-30,5호선,천호,17859,18061
2022-05-30,5호선,광나루,14143,12878
2022-05-30,5호선,아차산,15231,14637
2022-05-30,5호선,군자,11500,12547
2022-05-30,5호선,장한평,18898,18669
2022-05-30,5호선,답십리,16449,15006
2022-05-30,5호선,마장,6024,5640
2022-05-30,5호선,왕십리,4625,5296
2022-05-30,5호선,행당,8595,7561
2022-05-30,5호선,신금호,6821,7066
2022-05-30,5호선,청구,4280,3745
2022-05-30,5호선,동대문역사문화공원,3023,3513
2022-05-30,5호선,을지로4가,6357,6450
2022-05-30,5호선,종로3가,12345,12251
2022-05-30,5호선,광화문,31771,33778
2022-05-30,5호선,서대문,21638,22355
2022-05-30,5호선,충정로,4914,5031
2022-05-30,5호선,애오개,7009,7041
2022-05-30,5호선,공덕,15082,15908
2022-05-30,5호선,마포,15286,15539
2022-05-30,5호선,여의나루,10843,12249
2022-05-30,5호선,여의도,29830,32204
2022-05-30,5호선,신길,4423,4683
2022-05-30,5호선,영등포시장,10377,10828
2022-05-30,5호선,영등포구청,4356,4650
2022-05-30,5호선,양평,7905,7951
2022-05-30,5호선,오목교,22442,24013
2022-05-30,5호선,목동,18062,19052
2022-05-30,5호선,신정,15066,11997
2022-05-30,5호선,까치산,30241,28681
2022-05-30,5호선,화곡,30032,27632
2022-05-30,5호선,우장산,15825,15447
2022-05-30,5호선,발산,21533,22064
2022-05-30,5호선,마곡,11327,11416
2022-05-30,5호선,송정,6918,6389
2022-05-30,5호선,김포공항,7385,7229
2022-05-30,5호선,개화산,6009,5761
2022-05-30,5호선,방화,7105,6757
2022-05-31,5호선,하남검단산,6499,6014
2022-05-31,5호선,하남시청,7731,7239
2022-05-31,5호선,하남풍산,4723,4586
2022-05-31,5호선,미사,18334,17972
2022-05-31,5호선,강일,5019,4521
2022-05-31,5호선,마천,8196,7555
2022-05-31,5호선,거여,11856,10825
2022-05-31,5호선,개롱,7178,7240
2022-05-31,5호선,오금,4140,4342
2022-05-31,5호선,방이,7497,7856
2022-05-31,5호선,올림픽공원,5206,4333
2022-05-31,5호선,둔촌동,9098,8919
2022-05-31,5호선,상일동,16788,15110
2022-05-31,5호선,고덕,10645,10405
2022-05-31,5호선,명일,9649,9756
2022-05-31,5호선,굽은다리,10392,9639
2022-05-31,5호선,길동,8820,8978
2022-05-31,5호선,강동,20174,18967
2022-05-31,5호선,천호,19807,20075
2022-05-31,5호선,광나루,15403,13837
2022-05-31,5호선,아차산,16523,15639
2022-05-31,5호선,군자,12283,13704
2022-05-31,5호선,장한평,19743,19232
2022-05-31,5호선,답십리,17266,15394
2022-05-31,5호선,마장,6440,6003
2022-05-31,5호선,왕십리,4858,5891
2022-05-31,5호선,행당,9020,7752
2022-05-31,5호선,신금호,7317,7293
2022-05-31,5호선,청구,4314,3956
2022-05-31,5호선,동대문역사문화공원,3063,3754
2022-05-31,5호선,을지로4가,6792,6989
2022-05-31,5호선,종로3가,14463,14968
2022-05-31,5호선,광화문,33834,36894
2022-05-31,5호선,서대문,22342,23154
2022-05-31,5호선,충정로,5287,5348
2022-05-31,5호선,애오개,7525,7465
2022-05-31,5호선,공덕,15984,17188
2022-05-31,5호선,마포,15896,16438
2022-05-31,5호선,여의나루,14526,15802
2022-05-31,5호선,여의도,30393,33980
2022-05-31,5호선,신길,4606,4642
2022-05-31,5호선,영등포시장,10897,11390
2022-05-31,5호선,영등포구청,4507,4686
2022-05-31,5호선,양평,8153,7833
2022-05-31,5호선,오목교,24413,26089
2022-05-31,5호선,목동,18880,19726
2022-05-31,5호선,신정,15571,11952
2022-05-31,5호선,까치산,32255,29448
2022-05-31,5호선,화곡,31557,28362
2022-05-31,5호선,우장산,16421,15828
2022-05-31,5호선,발산,23020,24367
2022-05-31,5호선,마곡,11770,11935
2022-05-31,5호선,송정,7242,6660
2022-05-31,5호선,김포공항,7704,7439
2022-05-31,5호선,개화산,6198,5886
2022-05-31,5호선,방화,7333,6905
2022-06-01,5호선,방화,4315,4213
2022-06-01,5호선,하남검단산,5734,5610
2022-06-01,5호선,하남시청,5205,4985
2022-06-01,5호선,하남풍산,2606,2628
2022-06-01,5호선,미사,11219,11329
2022-06-01,5호선,강일,3000,2805
2022-06-01,5호선,마천,4400,4594
2022-06-01,5호선,거여,5730,5540
2022-06-01,5호선,개롱,3689,3911
2022-06-01,5호선,오금,1944,1890
2022-06-01,5호선,방이,4457,4383
2022-06-01,5호선,올림픽공원,3350,3061
2022-06-01,5호선,둔촌동,5131,5254
2022-06-01,5호선,상일동,8883,8318
2022-06-01,5호선,고덕,5684,5689
2022-06-01,5호선,명일,5871,5856
2022-06-01,5호선,굽은다리,6936,6706
2022-06-01,5호선,길동,5366,5451
2022-06-01,5호선,강동,11086,10511
2022-06-01,5호선,천호,15319,14452
2022-06-01,5호선,광나루,10066,9650
2022-06-01,5호선,아차산,12711,12383
2022-06-01,5호선,군자,7875,8559
2022-06-01,5호선,장한평,10140,10139
2022-06-01,5호선,답십리,9486,8697
2022-06-01,5호선,마장,3612,3331
2022-06-01,5호선,왕십리,3167,3976
2022-06-01,5호선,행당,4936,4322
2022-06-01,5호선,신금호,3890,4107
2022-06-01,5호선,청구,2523,2210
2022-06-01,5호선,동대문역사문화공원,983,1189
2022-06-01,5호선,을지로4가,3497,3678
2022-06-01,5호선,종로3가,12524,11081
2022-06-01,5호선,광화문,14529,15074
2022-06-01,5호선,서대문,6143,6179
2022-06-01,5호선,충정로,1721,1695
2022-06-01,5호선,애오개,3209,3143
2022-06-01,5호선,공덕,6014,5905
2022-06-01,5호선,마포,6585,6541
2022-06-01,5호선,여의나루,16452,17154
2022-06-01,5호선,여의도,9435,10362
2022-06-01,5호선,신길,2268,2385
2022-06-01,5호선,영등포시장,6351,6490
2022-06-01,5호선,영등포구청,1721,1736
2022-06-01,5호선,양평,3272,3106
2022-06-01,5호선,오목교,13716,14609
2022-06-01,5호선,목동,9938,10236
2022-06-01,5호선,신정,8237,7280
2022-06-01,5호선,까치산,19234,18439
2022-06-01,5호선,화곡,18313,17051
2022-06-01,5호선,우장산,8822,8812
2022-06-01,5호선,발산,11516,12260
2022-06-01,5호선,마곡,4916,5102
2022-06-01,5호선,송정,4493,4258
2022-06-01,5호선,김포공항,7972,7848
2022-06-01,5호선,개화산,3629,3557
2022-06-02,5호선,하남검단산,6102,5795
2022-06-02,5호선,하남시청,7392,7113
2022-06-02,5호선,하남풍산,4530,4420
2022-06-02,5호선,미사,17260,17225
2022-06-02,5호선,강일,4811,4456
2022-06-02,5호선,마천,7968,7529
2022-06-02,5호선,거여,11218,10647
2022-06-02,5호선,개롱,7205,7307
2022-06-02,5호선,오금,3963,4133
2022-06-02,5호선,방이,7585,7781
2022-06-02,5호선,올림픽공원,5054,4334
2022-06-02,5호선,둔촌동,8512,8473
2022-06-02,5호선,상일동,16101,14797
2022-06-02,5호선,고덕,10295,10305
2022-06-02,5호선,명일,9435,9586
2022-06-02,5호선,굽은다리,10259,9756
2022-06-02,5호선,길동,8346,8604
2022-06-02,5호선,강동,19530,18674
2022-06-02,5호선,천호,18635,18707
2022-06-02,5호선,광나루,14845,13660
2022-06-02,5호선,아차산,15729,14908
2022-06-02,5호선,군자,11992,13293
2022-06-02,5호선,장한평,19745,19389
2022-06-02,5호선,답십리,16660,15006
2022-06-02,5호선,마장,6061,5727
2022-06-02,5호선,왕십리,4680,5273
2022-06-02,5호선,행당,8733,7693
2022-06-02,5호선,신금호,6902,7273
2022-06-02,5호선,청구,4236,3833
2022-06-02,5호선,동대문역사문화공원,3095,3580
2022-06-02,5호선,을지로4가,6670,6783
2022-06-02,5호선,종로3가,13243,12843
2022-06-02,5호선,광화문,32076,33972
2022-06-02,5호선,서대문,21282,21853
2022-06-02,5호선,충정로,5018,5138
2022-06-02,5호선,애오개,7113,7113
2022-06-02,5호선,공덕,15215,16265
2022-06-02,5호선,마포,15240,15754
2022-06-02,5호선,여의나루,12746,13879
2022-06-02,5호선,여의도,29730,32144
2022-06-02,5호선,신길,4391,4566
2022-06-02,5호선,영등포시장,10750,10911
2022-06-02,5호선,영등포구청,4283,4471
2022-06-02,5호선,양평,8008,7884
2022-06-02,5호선,오목교,22451,23979
2022-06-02,5호선,목동,18130,19215
2022-06-02,5호선,신정,14994,12039
2022-06-02,5호선,까치산,30716,28903
2022-06-02,5호선,화곡,30176,27778
2022-06-02,5호선,우장산,15705,15322
2022-06-02,5호선,발산,21509,22374
2022-06-02,5호선,마곡,11310,11446
2022-06-02,5호선,송정,6879,6439
2022-06-02,5호선,김포공항,7463,7451
2022-06-02,5호선,개화산,6145,5806
2022-06-02,5호선,방화,7157,6938
2022-06-03,5호선,신정,15185,11748
2022-06-03,5호선,목동,18630,19485
2022-06-03,5호선,오목교,23447,25212
2022-06-03,5호선,양평,7941,7577
2022-06-03,5호선,김포공항,8670,8602
2022-06-03,5호선,송정,7214,6685
2022-06-03,5호선,마곡,11360,11256
2022-06-03,5호선,발산,21475,22592
2022-06-03,5호선,우장산,16023,15416
2022-06-03,5호선,화곡,30858,27930
2022-06-03,5호선,까치산,31207,28723
2022-06-03,5호선,종로3가,14153,15060
2022-06-03,5호선,개화산,6234,5675
2022-06-03,5호선,방화,7300,6857
2022-06-03,5호선,광화문,32049,34544
2022-06-03,5호선,신길,4624,4560
2022-06-03,5호선,영등포시장,11111,11361
2022-06-03,5호선,영등포구청,4356,4384
2022-06-03,5호선,군자,12103,13621
2022-06-03,5호선,장한평,19926,19415
2022-06-03,5호선,답십리,17111,15237
2022-06-03,5호선,마장,6121,5658
2022-06-03,5호선,왕십리,4776,6012
2022-06-03,5호선,행당,8880,7448
2022-06-03,5호선,신금호,7134,7099
2022-06-03,5호선,청구,4220,3855
2022-06-03,5호선,동대문역사문화공원,2979,3562
2022-06-03,5호선,을지로4가,6578,6840
2022-06-03,5호선,하남검단산,6338,5846
2022-06-03,5호선,하남시청,7688,7252
2022-06-03,5호선,하남풍산,4711,4614
2022-06-03,5호선,미사,17468,17297
2022-06-03,5호선,강일,4847,4438
2022-06-03,5호선,마천,8073,7573
2022-06-03,5호선,거여,11233,10538
2022-06-03,5호선,개롱,7210,7256
2022-06-03,5호선,오금,4026,4231
2022-06-03,5호선,방이,7600,7787
2022-06-03,5호선,올림픽공원,5046,4190
2022-06-03,5호선,둔촌동,8926,8826
2022-06-03,5호선,상일동,16297,15047
2022-06-03,5호선,고덕,10769,10367
2022-06-03,5호선,명일,9610,9803
2022-06-03,5호선,굽은다리,10217,9558
2022-06-03,5호선,길동,8614,8829
2022-06-03,5호선,강동,19802,18670
2022-06-03,5호선,천호,20111,20424
2022-06-03,5호선,광나루,14799,13137
2022-06-03,5호선,아차산,16129,15244
2022-06-03,5호선,서대문,21136,21192
2022-06-03,5호선,충정로,4751,4845
2022-06-03,5호선,애오개,7197,7184
2022-06-03,5호선,공덕,15275,16283
2022-06-03,5호선,마포,15281,15963
2022-06-03,5호선,여의나루,14585,15775
2022-06-03,5호선,여의도,29116,32065
2022-06-04,5호선,김포공항,8008,8214
2022-06-04,5호선,하남검단산,6098,5968
2022-06-04,5호선,하남시청,6546,6109
2022-06-04,5호선,하남풍산,2970,3017
2022-06-04,5호선,미사,13036,13021
2022-06-04,5호선,강일,3324,3000
2022-06-04,5호선,마천,5191,5199
2022-06-04,5호선,거여,6845,6127
2022-06-04,5호선,개롱,4464,4602
2022-06-04,5호선,오금,2076,2012
2022-06-04,5호선,방이,5551,5372
2022-06-04,5호선,올림픽공원,3872,3525
2022-06-04,5호선,둔촌동,6124,6034
2022-06-04,5호선,상일동,9875,9014
2022-06-04,5호선,고덕,6805,6592
2022-06-04,5호선,명일,6466,6226
2022-06-04,5호선,굽은다리,7494,6841
2022-06-04,5호선,길동,6191,6303
2022-06-04,5호선,강동,13806,12777
2022-06-04,5호선,천호,17858,17107
2022-06-04,5호선,광나루,10637,9769
2022-06-04,5호선,아차산,13494,12524
2022-06-04,5호선,군자,8639,9467
2022-06-04,5호선,장한평,11709,11137
2022-06-04,5호선,답십리,10336,9134
2022-06-04,5호선,마장,3948,3753
2022-06-04,5호선,왕십리,3462,4433
2022-06-04,5호선,행당,5636,4631
2022-06-04,5호선,신금호,4356,4411
2022-06-04,5호선,청구,2654,2341
2022-06-04,5호선,동대문역사문화공원,960,1254
2022-06-04,5호선,을지로4가,3761,4288
2022-06-04,5호선,종로3가,13805,14365
2022-06-04,5호선,광화문,17102,17905
2022-06-04,5호선,서대문,7673,7379
2022-06-04,5호선,충정로,1881,1730
2022-06-04,5호선,애오개,3858,3548
2022-06-04,5호선,공덕,7245,7613
2022-06-04,5호선,마포,7667,7755
2022-06-04,5호선,여의나루,18156,19845
2022-06-04,5호선,여의도,11463,13053
2022-06-04,5호선,신길,2887,2914
2022-06-04,5호선,영등포시장,8543,8833
2022-06-04,5호선,영등포구청,2153,2035
2022-06-04,5호선,양평,3808,3439
2022-06-04,5호선,오목교,16836,17389
2022-06-04,5호선,목동,12034,11762
2022-06-04,5호선,신정,9559,7841
2022-06-04,5호선,까치산,22215,20128
2022-06-04,5호선,화곡,21122,18894
2022-06-04,5호선,우장산,10359,9934
2022-06-04,5호선,발산,14283,15387
2022-06-04,5호선,마곡,5678,5701
2022-06-04,5호선,송정,5221,4839
2022-06-04,5호선,개화산,4048,3754
2022-06-04,5호선,방화,4882,4608
2022-06-05,5호선,방화,3862,3663
2022-06-05,5호선,하남검단산,5015,5024
2022-06-05,5호선,하남시청,4526,4175
2022-06-05,5호선,하남풍산,2298,2253
2022-06-05,5호선,미사,9519,9672
2022-06-05,5호선,강일,2453,2241
2022-06-05,5호선,마천,3784,3978
2022-06-05,5호선,거여,5054,4730
2022-06-05,5호선,개롱,3171,3316
2022-06-05,5호선,오금,1646,1540
2022-06-05,5호선,방이,4333,4023
2022-06-05,5호선,올림픽공원,2974,2731
2022-06-05,5호선,둔촌동,4816,4718
2022-06-05,5호선,상일동,6913,6445
2022-06-05,5호선,고덕,4397,4366
2022-06-05,5호선,명일,5173,5156
2022-06-05,5호선,굽은다리,5785,5300
2022-06-05,5호선,길동,4417,4371
2022-06-05,5호선,강동,9438,9026
2022-06-05,5호선,천호,13527,12737
2022-06-05,5호선,광나루,9221,8755
2022-06-05,5호선,아차산,11074,10492
2022-06-05,5호선,군자,6372,7130
2022-06-05,5호선,장한평,8432,8101
2022-06-05,5호선,답십리,7919,7020
2022-06-05,5호선,마장,3038,2815
2022-06-05,5호선,왕십리,2691,3302
2022-06-05,5호선,행당,4156,3666
2022-06-05,5호선,신금호,3162,3263
2022-06-05,5호선,청구,1921,1781
2022-06-05,5호선,동대문역사문화공원,674,928
2022-06-05,5호선,을지로4가,2087,2388
2022-06-05,5호선,종로3가,11163,10718
2022-06-05,5호선,광화문,13878,15702
2022-06-05,5호선,서대문,5168,5052
2022-06-05,5호선,충정로,1546,1418
2022-06-05,5호선,애오개,2724,2743
2022-06-05,5호선,공덕,4927,5038
2022-06-05,5호선,마포,5135,5133
2022-06-05,5호선,여의나루,12771,14532
2022-06-05,5호선,여의도,8825,8826
2022-06-05,5호선,신길,2185,2104
2022-06-05,5호선,영등포시장,5825,6178
2022-06-05,5호선,영등포구청,1428,1385
2022-06-05,5호선,양평,2895,2740
2022-06-05,5호선,오목교,12080,12860
2022-06-05,5호선,목동,8612,8644
2022-06-05,5호선,신정,6803,5668
2022-06-05,5호선,까치산,16482,15771
2022-06-05,5호선,화곡,15130,13938
2022-06-05,5호선,우장산,7422,7174
2022-06-05,5호선,발산,9398,10319
2022-06-05,5호선,마곡,3840,3958
2022-06-05,5호선,송정,4038,3763
2022-06-05,5호선,김포공항,7111,7274
2022-06-05,5호선,개화산,2898,2840
2022-06-06,5호선,하남검단산,4299,4133
2022-06-06,5호선,하남시청,4240,4151
2022-06-06,5호선,하남풍산,2124,2182
2022-06-06,5호선,미사,8962,9178
2022-06-06,5호선,강일,2289,2228
2022-06-06,5호선,마천,3564,3735
2022-06-06,5호선,거여,4563,4445
2022-06-06,5호선,개롱,3035,3135
2022-06-06,5호선,오금,1417,1432
2022-06-06,5호선,방이,3544,3473
2022-06-06,5호선,올림픽공원,2515,2366
2022-06-06,5호선,둔촌동,4269,4175
2022-06-06,5호선,상일동,7006,6627
2022-06-06,5호선,고덕,4628,4597
2022-06-06,5호선,명일,4349,4398
2022-06-06,5호선,굽은다리,5407,5315
2022-06-06,5호선,길동,4323,4450
2022-06-06,5호선,강동,8892,8974
2022-06-06,5호선,천호,12621,12139
2022-06-06,5호선,광나루,7295,6833
2022-06-06,5호선,아차산,9337,9186
2022-06-06,5호선,군자,6156,7183
2022-06-06,5호선,장한평,8250,8432
2022-06-06,5호선,답십리,7539,7182
2022-06-06,5호선,마장,2998,2833
2022-06-06,5호선,왕십리,2539,3027
2022-06-06,5호선,행당,3999,3565
2022-06-06,5호선,신금호,2975,3246
2022-06-06,5호선,청구,2039,1820
2022-06-06,5호선,동대문역사문화공원,770,918
2022-06-06,5호선,을지로4가,2734,2886
2022-06-06,5호선,종로3가,10086,9008
2022-06-06,5호선,광화문,13009,11424
2022-06-06,5호선,서대문,4913,4899
2022-06-06,5호선,충정로,1395,1410
2022-06-06,5호선,애오개,2501,2523
2022-06-06,5호선,공덕,4840,4768
2022-06-06,5호선,마포,5126,5393
2022-06-06,5호선,여의나루,10929,11807
2022-06-06,5호선,여의도,7864,8682
2022-06-06,5호선,신길,1919,2147
2022-06-06,5호선,영등포시장,5074,5378
2022-06-06,5호선,영등포구청,1364,1435
2022-06-06,5호선,양평,2596,2708
2022-06-06,5호선,오목교,11004,11631
2022-06-06,5호선,목동,7690,8116
2022-06-06,5호선,신정,6636,6238
2022-06-06,5호선,까치산,16041,15834
2022-06-06,5호선,화곡,14583,14049
2022-06-06,5호선,우장산,7260,7406
2022-06-06,5호선,발산,9130,9777
2022-06-06,5호선,마곡,3843,4080
2022-06-06,5호선,송정,3675,3645
2022-06-06,5호선,김포공항,7618,7435
2022-06-06,5호선,개화산,2942,2925
2022-06-06,5호선,방화,3619,3625
2022-06-07,5호선,방화,7247,6866
2022-06-07,5호선,개화산,6211,5920
2022-06-07,5호선,김포공항,7353,7188
2022-06-07,5호선,송정,7142,6610
2022-06-07,5호선,마곡,11468,11690
2022-06-07,5호선,발산,22015,22743
2022-06-07,5호선,우장산,16002,15606
2022-06-07,5호선,화곡,30561,28468
2022-06-07,5호선,까치산,31001,29471
2022-06-07,5호선,신정,15080,12147
2022-06-07,5호선,목동,18248,19670
2022-06-07,5호선,오목교,22570,24126
2022-06-07,5호선,양평,8223,8150
2022-06-07,5호선,영등포구청,4507,4635
2022-06-07,5호선,영등포시장,10914,11425
2022-06-07,5호선,신길,4422,4817
2022-06-07,5호선,여의도,30104,32394
2022-06-07,5호선,여의나루,11531,12599
2022-06-07,5호선,마포,15645,15949
2022-06-07,5호선,공덕,15638,16452
2022-06-07,5호선,애오개,7335,7288
2022-06-07,5호선,충정로,5053,5217
2022-06-07,5호선,서대문,22068,22354
2022-06-07,5호선,광화문,32500,34223
2022-06-07,5호선,종로3가,12940,12732
2022-06-07,5호선,을지로4가,6599,6790
2022-06-07,5호선,동대문역사문화공원,3063,3625
2022-06-07,5호선,청구,4263,3797
2022-06-07,5호선,신금호,7056,7327
2022-06-07,5호선,행당,8750,7902
2022-06-07,5호선,왕십리,4681,5266
2022-06-07,5호선,마장,6331,6021
2022-06-07,5호선,답십리,16836,15418
2022-06-07,5호선,장한평,19725,19687
2022-06-07,5호선,군자,11633,12666
2022-06-07,5호선,아차산,15656,15121
2022-06-07,5호선,광나루,14657,13356
2022-06-07,5호선,천호,18474,18619
2022-06-07,5호선,강동,19872,19191
2022-06-07,5호선,길동,8548,8870
2022-06-07,5호선,굽은다리,10335,9740
2022-06-07,5호선,명일,9532,9730
2022-06-07,5호선,고덕,10441,10631
2022-06-07,5호선,상일동,16543,14965
2022-06-07,5호선,둔촌동,8713,8769
2022-06-07,5호선,올림픽공원,4991,4452
2022-06-07,5호선,방이,7583,7749
2022-06-07,5호선,오금,4182,4278
2022-06-07,5호선,개롱,7082,7394
2022-06-07,5호선,거여,11419,10987
2022-06-07,5호선,마천,8037,7735
2022-06-07,5호선,강일,4978,4944
2022-06-07,5호선,미사,17250,17581
2022-06-07,5호선,하남풍산,4665,4557
2022-06-07,5호선,하남시청,7542,7350
2022-06-07,5호선,하남검단산,6216,5955
2022-06-08,5호선,방화,7318,6973
2022-06-08,5호선,개화산,6216,5937
2022-06-08,5호선,김포공항,7193,7109
2022-06-08,5호선,송정,7056,6520
2022-06-08,5호선,마곡,11633,11609
2022-06-08,5호선,발산,22815,23444
2022-06-08,5호선,우장산,16198,15956
2022-06-08,5호선,화곡,30652,28653
2022-06-08,5호선,까치산,31189,29588
2022-06-08,5호선,신정,15270,12351
2022-06-08,5호선,목동,18644,19912
2022-06-08,5호선,오목교,23334,25034
2022-06-08,5호선,양평,8150,7997
2022-06-08,5호선,영등포구청,4453,4625
2022-06-08,5호선,영등포시장,10882,11178
2022-06-08,5호선,신길,4434,4817
2022-06-08,5호선,여의도,30521,33115
2022-06-08,5호선,여의나루,12015,12979
2022-06-08,5호선,마포,15817,16277
2022-06-08,5호선,공덕,15794,16856
2022-06-08,5호선,애오개,7359,7205
2022-06-08,5호선,충정로,5099,5343
2022-06-08,5호선,서대문,21989,22586
2022-06-08,5호선,광화문,33601,35535
2022-06-08,5호선,종로3가,13353,13434
2022-06-08,5호선,을지로4가,6829,6820
2022-06-08,5호선,동대문역사문화공원,3120,3704
2022-06-08,5호선,청구,4234,3899
2022-06-08,5호선,신금호,7252,7508
2022-06-08,5호선,행당,8900,7811
2022-06-08,5호선,왕십리,4774,5479
2022-06-08,5호선,마장,6234,5960
2022-06-08,5호선,답십리,17067,15617
2022-06-08,5호선,장한평,20181,19970
2022-06-08,5호선,군자,12051,13166
2022-06-08,5호선,아차산,15810,15304
2022-06-08,5호선,광나루,14878,13483
2022-06-08,5호선,천호,19326,18987
2022-06-08,5호선,강동,20207,19454
2022-06-08,5호선,길동,8551,8826
2022-06-08,5호선,굽은다리,10334,9961
2022-06-08,5호선,명일,9744,10206
2022-06-08,5호선,고덕,10421,10596
2022-06-08,5호선,상일동,16450,14956
2022-06-08,5호선,둔촌동,8878,8884
2022-06-08,5호선,올림픽공원,4890,4188
2022-06-08,5호선,방이,7662,7942
2022-06-08,5호선,오금,4210,4272
2022-06-08,5호선,개롱,7102,7272
2022-06-08,5호선,거여,11515,10896
2022-06-08,5호선,마천,8140,7747
2022-06-08,5호선,강일,4943,4931
2022-06-08,5호선,미사,17790,17877
2022-06-08,5호선,하남풍산,4561,4540
2022-06-08,5호선,하남시청,7529,7379
2022-06-08,5호선,하남검단산,6263,5794
2022-06-09,5호선,답십리,17043,15555
2022-06-09,5호선,마장,6196,5909
2022-06-09,5호선,왕십리,4820,5484
2022-06-09,5호선,행당,8971,7789
2022-06-09,5호선,신금호,7195,7473
2022-06-09,5호선,청구,4234,3871
2022-06-09,5호선,동대문역사문화공원,3053,3746
2022-06-09,5호선,을지로4가,6685,6842
2022-06-09,5호선,종로3가,13604,13299
2022-06-09,5호선,광화문,32914,35217
2022-06-09,5호선,서대문,21986,22519
2022-06-09,5호선,충정로,5181,5359
2022-06-09,5호선,애오개,7556,7335
2022-06-09,5호선,공덕,16000,16912
2022-06-09,5호선,마포,15776,16160
2022-06-09,5호선,여의나루,11169,12426
2022-06-09,5호선,여의도,30230,33303
2022-06-09,5호선,신길,4479,4694
2022-06-09,5호선,영등포시장,10715,11178
2022-06-09,5호선,영등포구청,4337,4563
2022-06-09,5호선,양평,7989,7941
2022-06-09,5호선,오목교,23024,24547
2022-06-09,5호선,목동,18623,19721
2022-06-09,5호선,신정,15204,12168
2022-06-09,5호선,까치산,31084,28992
2022-06-09,5호선,화곡,30428,28212
2022-06-09,5호선,우장산,16106,15633
2022-06-09,5호선,발산,22155,23160
2022-06-09,5호선,마곡,11661,11927
2022-06-09,5호선,송정,7034,6523
2022-06-09,5호선,김포공항,7612,7270
2022-06-09,5호선,개화산,6225,5779
2022-06-09,5호선,방화,7217,6981
2022-06-09,5호선,하남검단산,6095,5861
2022-06-09,5호선,하남시청,7767,7544
2022-06-09,5호선,하남풍산,4607,4555
2022-06-09,5호선,미사,17434,17481
2022-06-09,5호선,강일,4958,4742
2022-06-09,5호선,마천,8163,7635
2022-06-09,5호선,거여,11447,10886
2022-06-09,5호선,개롱,7099,7362
2022-06-09,5호선,오금,3998,4199
2022-06-09,5호선,방이,7483,7808
2022-06-09,5호선,올림픽공원,4738,4111
2022-06-09,5호선,둔촌동,8694,8574
2022-06-09,5호선,상일동,16258,14811
2022-06-09,5호선,고덕,10270,10164
2022-06-09,5호선,명일,9466,9456
2022-06-09,5호선,굽은다리,10257,9703
2022-06-09,5호선,길동,8383,8582
2022-06-09,5호선,강동,19775,18920
2022-06-09,5호선,천호,18624,19005
2022-06-09,5호선,광나루,14366,13152
2022-06-09,5호선,아차산,15816,14996
2022-06-09,5호선,군자,11884,12990
2022-06-09,5호선,장한평,19989,19804
2022-06-10,5호선,방화,7553,7207
2022-06-10,5호선,개화산,6300,5954
2022-06-10,5호선,김포공항,8590,8283
2022-06-10,5호선,송정,7396,6619
2022-06-10,5호선,마곡,11681,11562
2022-06-10,5호선,발산,22513,23632
2022-06-10,5호선,우장산,16476,15863
2022-06-10,5호선,화곡,31437,28819
2022-06-10,5호선,까치산,31628,29556
2022-06-10,5호선,신정,15398,12394
2022-06-10,5호선,목동,19184,20339
2022-06-10,5호선,오목교,23667,25547
2022-06-10,5호선,양평,8209,7909
2022-06-10,5호선,영등포구청,4487,4560
2022-06-10,5호선,영등포시장,11083,11496
2022-06-10,5호선,신길,4582,4718
2022-06-10,5호선,여의도,30292,32784
2022-06-10,5호선,여의나루,12319,13658
2022-06-10,5호선,마포,15990,16505
2022-06-10,5호선,공덕,16074,16977
2022-06-10,5호선,애오개,7463,7290
2022-06-10,5호선,충정로,5091,5159
2022-06-10,5호선,서대문,21866,21821
2022-06-10,5호선,광화문,33784,36384
2022-06-10,5호선,종로3가,14743,15169
2022-06-10,5호선,을지로4가,6673,7117
2022-06-10,5호선,동대문역사문화공원,3132,3697
2022-06-10,5호선,청구,4457,3966
2022-06-10,5호선,신금호,7289,7336
2022-06-10,5호선,행당,8903,7752
2022-06-10,5호선,왕십리,4881,5808
2022-06-10,5호선,마장,6100,5756
2022-06-10,5호선,답십리,17401,15474
2022-06-10,5호선,장한평,20094,19742
2022-06-10,5호선,군자,12352,13509
2022-06-10,5호선,아차산,16160,15412
2022-06-10,5호선,광나루,14991,13472
2022-06-10,5호선,천호,20099,20132
2022-06-10,5호선,강동,20309,19390
2022-06-10,5호선,길동,8794,9184
2022-06-10,5호선,굽은다리,10465,10024
2022-06-10,5호선,명일,9573,9973
2022-06-10,5호선,고덕,10697,10399
2022-06-10,5호선,상일동,16691,14971
2022-06-10,5호선,둔촌동,9095,9213
2022-06-10,5호선,올림픽공원,5923,5249
2022-06-10,5호선,방이,7897,8083
2022-06-10,5호선,오금,4194,4367
2022-06-10,5호선,개롱,7203,7367
2022-06-10,5호선,거여,11568,10929
2022-06-10,5호선,마천,8191,7661
2022-06-10,5호선,강일,5086,4911
2022-06-10,5호선,미사,18058,18096
2022-06-10,5호선,하남풍산,4772,4728
2022-06-10,5호선,하남시청,7852,7585
2022-06-10,5호선,하남검단산,6420,6075
2022-06-11,5호선,방화,5240,4837
2022-06-11,5호선,개화산,4183,4108
2022-06-11,5호선,김포공항,8131,8322
2022-06-11,5호선,송정,5551,5103
2022-06-11,5호선,마곡,6083,6232
2022-06-11,5호선,발산,14945,16497
2022-06-11,5호선,우장산,10815,10489
2022-06-11,5호선,화곡,22184,19900
2022-06-11,5호선,까치산,23094,21180
2022-06-11,5호선,신정,10020,8264
2022-06-11,5호선,목동,12844,12761
2022-06-11,5호선,오목교,17095,17594
2022-06-11,5호선,양평,4069,3681
2022-06-11,5호선,영등포구청,2314,2191
2022-06-11,5호선,영등포시장,9372,9895
2022-06-11,5호선,신길,2972,3074
2022-06-11,5호선,여의도,12109,13668
2022-06-11,5호선,여의나루,14059,15084
2022-06-11,5호선,마포,8193,8341
2022-06-11,5호선,공덕,7953,8164
2022-06-11,5호선,애오개,4221,4006
2022-06-11,5호선,충정로,2184,1995
2022-06-11,5호선,서대문,8220,8008
2022-06-11,5호선,광화문,18638,20309
2022-06-11,5호선,종로3가,14334,15009
2022-06-11,5호선,을지로4가,3853,4449
2022-06-11,5호선,동대문역사문화공원,1008,1320
2022-06-11,5호선,청구,2714,2384
2022-06-11,5호선,신금호,4553,4569
2022-06-11,5호선,행당,6173,5211
2022-06-11,5호선,왕십리,3878,4750
2022-06-11,5호선,마장,4130,3867
2022-06-11,5호선,답십리,11130,9775
2022-06-11,5호선,장한평,12283,12008
2022-06-11,5호선,군자,9177,10166
2022-06-11,5호선,아차산,14042,13012
2022-06-11,5호선,광나루,12082,11186
2022-06-11,5호선,천호,18607,17932
2022-06-11,5호선,강동,13980,13097
2022-06-11,5호선,길동,6522,6574
2022-06-11,5호선,굽은다리,7718,7261
2022-06-11,5호선,명일,6725,6527
2022-06-11,5호선,고덕,7049,6966
2022-06-11,5호선,상일동,10460,9343
2022-06-11,5호선,둔촌동,6435,6432
2022-06-11,5호선,올림픽공원,5245,5706
2022-06-11,5호선,방이,5924,5689
2022-06-11,5호선,오금,2159,2154
2022-06-11,5호선,개롱,4709,4786
2022-06-11,5호선,거여,7130,6628
2022-06-11,5호선,마천,5467,5425
2022-06-11,5호선,강일,3681,3323
2022-06-11,5호선,미사,13491,13577
2022-06-11,5호선,하남풍산,3076,3077
2022-06-11,5호선,하남시청,6603,6235
2022-06-11,5호선,하남검단산,6021,5853
2022-06-12,5호선,하남검단산,5332,5143
2022-06-12,5호선,하남시청,4534,4414
2022-06-12,5호선,하남풍산,2438,2474
2022-06-12,5호선,미사,9655,9875
2022-06-12,5호선,강일,2549,2378
2022-06-12,5호선,마천,3965,4292
2022-06-12,5호선,거여,5053,4927
2022-06-12,5호선,개롱,3270,3603
2022-06-12,5호선,오금,1623,1682
2022-06-12,5호선,방이,4569,4301
2022-06-12,5호선,올림픽공원,3953,4199
2022-06-12,5호선,둔촌동,4892,4843
2022-06-12,5호선,상일동,7174,6849
2022-06-12,5호선,고덕,4577,4561
2022-06-12,5호선,명일,5389,5516
2022-06-12,5호선,굽은다리,5558,5297
2022-06-12,5호선,길동,4464,4466
2022-06-12,5호선,강동,9609,9421
2022-06-12,5호선,천호,13366,12674
2022-06-12,5호선,광나루,8550,8401
2022-06-12,5호선,아차산,11334,10837
2022-06-12,5호선,군자,6513,7211
2022-06-12,5호선,장한평,8618,8356
2022-06-12,5호선,답십리,7873,7370
2022-06-12,5호선,마장,2986,2893
2022-06-12,5호선,왕십리,2610,3099
2022-06-12,5호선,행당,4385,3974
2022-06-12,5호선,신금호,3134,3499
2022-06-12,5호선,청구,1899,1835
2022-06-12,5호선,동대문역사문화공원,718,811
2022-06-12,5호선,을지로4가,1825,2062
2022-06-12,5호선,종로3가,9818,8812
2022-06-12,5호선,광화문,13688,14372
2022-06-12,5호선,서대문,7624,7857
2022-06-12,5호선,충정로,1608,1674
2022-06-12,5호선,애오개,2798,2839
2022-06-12,5호선,공덕,4829,5051
2022-06-12,5호선,마포,5141,5109
2022-06-12,5호선,여의나루,12455,13410
2022-06-12,5호선,여의도,8383,9142
2022-06-12,5호선,신길,2097,2223
2022-06-12,5호선,영등포시장,6267,6508
2022-06-12,5호선,영등포구청,1467,1369
2022-06-12,5호선,양평,2861,2886
2022-06-12,5호선,오목교,11812,12288
2022-06-12,5호선,목동,8831,8911
2022-06-12,5호선,신정,6775,6058
2022-06-12,5호선,까치산,16531,16297
2022-06-12,5호선,화곡,15202,14319
2022-06-12,5호선,우장산,7348,7607
2022-06-12,5호선,발산,9783,10307
2022-06-12,5호선,마곡,3787,3986
2022-06-12,5호선,송정,4010,3973
2022-06-12,5호선,김포공항,7194,7210
2022-06-12,5호선,개화산,2920,2938
2022-06-12,5호선,방화,3761,3797
2022-06-13,5호선,명일,9169,9581
2022-06-13,5호선,방화,7175,6767
2022-06-13,5호선,개화산,6088,5724
2022-06-13,5호선,김포공항,7250,7105
2022-06-13,5호선,송정,7063,6523
2022-06-13,5호선,마곡,11432,11409
2022-06-13,5호선,발산,21884,22629
2022-06-13,5호선,우장산,15768,15270
2022-06-13,5호선,화곡,30015,28053
2022-06-13,5호선,까치산,30501,28915
2022-06-13,5호선,신정,14866,12053
2022-06-13,5호선,목동,18024,19188
2022-06-13,5호선,오목교,22389,23849
2022-06-13,5호선,양평,7945,7919
2022-06-13,5호선,영등포구청,4480,4565
2022-06-13,5호선,영등포시장,10560,10819
2022-06-13,5호선,신길,4520,4677
2022-06-13,5호선,여의도,29082,31288
2022-06-13,5호선,여의나루,9938,10456
2022-06-13,5호선,마포,15370,15709
2022-06-13,5호선,공덕,15294,16157
2022-06-13,5호선,애오개,7107,7061
2022-06-13,5호선,충정로,4900,5084
2022-06-13,5호선,서대문,21601,22031
2022-06-13,5호선,광화문,32080,34719
2022-06-13,5호선,종로3가,12509,12601
2022-06-13,5호선,을지로4가,6633,6709
2022-06-13,5호선,동대문역사문화공원,3092,3662
2022-06-13,5호선,청구,4290,3781
2022-06-13,5호선,신금호,6929,7181
2022-06-13,5호선,행당,8592,7517
2022-06-13,5호선,왕십리,4546,5205
2022-06-13,5호선,마장,5911,5525
2022-06-13,5호선,답십리,16601,15047
2022-06-13,5호선,장한평,18974,18810
2022-06-13,5호선,군자,11547,12493
2022-06-13,5호선,아차산,15219,14705
2022-06-13,5호선,광나루,13845,12532
2022-06-13,5호선,천호,17050,17517
2022-06-13,5호선,강동,19527,18875
2022-06-13,5호선,길동,8448,8668
2022-06-13,5호선,굽은다리,9993,9388
2022-06-13,5호선,고덕,10240,10221
2022-06-13,5호선,상일동,15979,14486
2022-06-13,5호선,둔촌동,8454,8439
2022-06-13,5호선,올림픽공원,4608,3964
2022-06-13,5호선,방이,7413,7602
2022-06-13,5호선,오금,4003,4118
2022-06-13,5호선,개롱,7000,7250
2022-06-13,5호선,거여,11094,10595
2022-06-13,5호선,마천,7926,7519
2022-06-13,5호선,강일,4934,4863
2022-06-13,5호선,미사,17048,17139
2022-06-13,5호선,하남풍산,4584,4516
2022-06-13,5호선,하남시청,7615,7248
2022-06-13,5호선,하남검단산,6210,5815
2022-06-14,5호선,방화,7362,7022
2022-06-14,5호선,개화산,6186,5917
2022-06-14,5호선,김포공항,7606,7304
2022-06-14,5호선,송정,7024,6498
2022-06-14,5호선,마곡,11467,11709
2022-06-14,5호선,발산,22589,23192
2022-06-14,5호선,우장산,16069,15762
2022-06-14,5호선,화곡,30562,28450
2022-06-14,5호선,까치산,31029,29539
2022-06-14,5호선,신정,15282,12358
2022-06-14,5호선,목동,18596,19679
2022-06-14,5호선,오목교,23109,24734
2022-06-14,5호선,양평,8203,8123
2022-06-14,5호선,영등포구청,4427,4574
2022-06-14,5호선,영등포시장,10936,11212
2022-06-14,5호선,신길,4523,4934
2022-06-14,5호선,여의도,31536,33166
2022-06-14,5호선,여의나루,11234,12670
2022-06-14,5호선,마포,15844,16184
2022-06-14,5호선,공덕,15999,16788
2022-06-14,5호선,애오개,7496,7475
2022-06-14,5호선,충정로,5296,5463
2022-06-14,5호선,서대문,22490,22714
2022-06-14,5호선,광화문,33515,35735
2022-06-14,5호선,종로3가,13268,13067
2022-06-14,5호선,을지로4가,6778,6797
2022-06-14,5호선,동대문역사문화공원,3114,3673
2022-06-14,5호선,청구,4395,3944
2022-06-14,5호선,신금호,7151,7443
2022-06-14,5호선,행당,8872,7908
2022-06-14,5호선,왕십리,4731,5279
2022-06-14,5호선,마장,6105,5688
2022-06-14,5호선,답십리,16982,15476
2022-06-14,5호선,장한평,19733,19782
2022-06-14,5호선,군자,11992,13112
2022-06-14,5호선,아차산,15769,15183
2022-06-14,5호선,광나루,14565,13152
2022-06-14,5호선,천호,19221,19069
2022-06-14,5호선,강동,19790,19249
2022-06-14,5호선,길동,8645,8892
2022-06-14,5호선,굽은다리,10320,9807
2022-06-14,5호선,명일,9554,9869
2022-06-14,5호선,고덕,10599,10525
2022-06-14,5호선,상일동,16568,15055
2022-06-14,5호선,둔촌동,8827,8874
2022-06-14,5호선,올림픽공원,4942,4097
2022-06-14,5호선,방이,7717,7898
2022-06-14,5호선,오금,4113,4233
2022-06-14,5호선,개롱,6957,7283
2022-06-14,5호선,거여,11289,10929
2022-06-14,5호선,마천,8180,7764
2022-06-14,5호선,강일,5067,4966
2022-06-14,5호선,미사,17660,17691
2022-06-14,5호선,하남풍산,4613,4547
2022-06-14,5호선,하남시청,7818,7720
2022-06-14,5호선,하남검단산,6439,6069
2022-06-15,5호선,방화,7153,6816
2022-06-15,5호선,개화산,6217,5720
2022-06-15,5호선,김포공항,7372,7450
2022-06-15,5호선,송정,6927,6358
2022-06-15,5호선,마곡,11511,11631
2022-06-15,5호선,발산,22736,23440
2022-06-15,5호선,우장산,15950,15466
2022-06-15,5호선,화곡,29945,27996
2022-06-15,5호선,까치산,30804,28914
2022-06-15,5호선,신정,14983,12215
2022-06-15,5호선,목동,18332,19548
2022-06-15,5호선,오목교,22754,24402
2022-06-15,5호선,양평,8065,7942
2022-06-15,5호선,영등포구청,4271,4487
2022-06-15,5호선,영등포시장,10714,11068
2022-06-15,5호선,신길,4603,4816
2022-06-15,5호선,여의도,31476,33668
2022-06-15,5호선,여의나루,10218,11624
2022-06-15,5호선,마포,15809,16221
2022-06-15,5호선,공덕,15944,16845
2022-06-15,5호선,애오개,7432,7330
2022-06-15,5호선,충정로,5165,5306
2022-06-15,5호선,서대문,21757,22547
2022-06-15,5호선,광화문,35058,37226
2022-06-15,5호선,종로3가,13720,13299
2022-06-15,5호선,을지로4가,6684,6705
2022-06-15,5호선,동대문역사문화공원,3097,3694
2022-06-15,5호선,청구,4403,3915
2022-06-15,5호선,신금호,7131,7368
2022-06-15,5호선,행당,8905,7803
2022-06-15,5호선,왕십리,4879,5621
2022-06-15,5호선,마장,6144,5838
2022-06-15,5호선,답십리,17082,15549
2022-06-15,5호선,장한평,20036,19972
2022-06-15,5호선,군자,11911,13081
2022-06-15,5호선,아차산,15320,14865
2022-06-15,5호선,광나루,14436,13080
2022-06-15,5호선,천호,18594,18509
2022-06-15,5호선,강동,19775,18926
2022-06-15,5호선,길동,8527,8675
2022-06-15,5호선,굽은다리,10233,9841
2022-06-15,5호선,명일,9647,10033
2022-06-15,5호선,고덕,10357,10330
2022-06-15,5호선,상일동,16239,14849
2022-06-15,5호선,둔촌동,8693,8687
2022-06-15,5호선,올림픽공원,4543,3867
2022-06-15,5호선,방이,7765,8035
2022-06-15,5호선,오금,4259,4141
2022-06-15,5호선,개롱,7152,7377
2022-06-15,5호선,거여,11364,10686
2022-06-15,5호선,마천,7980,7460
2022-06-15,5호선,강일,4812,4760
2022-06-15,5호선,미사,17425,17653
2022-06-15,5호선,하남풍산,4521,4455
2022-06-15,5호선,하남시청,7376,7089
2022-06-15,5호선,하남검단산,6008,5759
2022-06-16,5호선,아차산,15888,15196
2022-06-16,5호선,군자,12148,13280
2022-06-16,5호선,장한평,19998,19810
2022-06-16,5호선,답십리,17201,15454
2022-06-16,5호선,마장,6402,6033
2022-06-16,5호선,왕십리,4880,5616
2022-06-16,5호선,행당,8927,7679
2022-06-16,5호선,신금호,7166,7386
2022-06-16,5호선,청구,4361,3927
2022-06-16,5호선,동대문역사문화공원,3090,3788
2022-06-16,5호선,을지로4가,6826,7001
2022-06-16,5호선,종로3가,13988,13736
2022-06-16,5호선,광화문,33952,36548
2022-06-16,5호선,서대문,21579,22234
2022-06-16,5호선,충정로,5140,5211
2022-06-16,5호선,애오개,7492,7364
2022-06-16,5호선,공덕,15962,16879
2022-06-16,5호선,우장산,16113,15741
2022-06-16,5호선,화곡,30587,28375
2022-06-16,5호선,까치산,31326,29249
2022-06-16,5호선,신정,15267,12286
2022-06-16,5호선,목동,18477,19604
2022-06-16,5호선,오목교,23231,24820
2022-06-16,5호선,양평,8132,7902
2022-06-16,5호선,영등포구청,4448,4582
2022-06-16,5호선,영등포시장,10994,11326
2022-06-16,5호선,신길,4621,4754
2022-06-16,5호선,여의도,30153,33674
2022-06-16,5호선,발산,22293,23243
2022-06-16,5호선,마곡,11569,11740
2022-06-16,5호선,송정,7155,6482
2022-06-16,5호선,김포공항,7700,7644
2022-06-16,5호선,개화산,6182,5856
2022-06-16,5호선,방화,7276,6995
2022-06-16,5호선,마포,15832,16398
2022-06-16,5호선,여의나루,12563,13900
2022-06-16,5호선,명일,9651,9749
2022-06-16,5호선,굽은다리,10251,9727
2022-06-16,5호선,길동,8405,8697
2022-06-16,5호선,강동,19991,18906
2022-06-16,5호선,천호,19115,19417
2022-06-16,5호선,고덕,10689,10437
2022-06-16,5호선,상일동,16543,14861
2022-06-16,5호선,둔촌동,8806,8686
2022-06-16,5호선,올림픽공원,4828,4087
2022-06-16,5호선,방이,7673,7985
2022-06-16,5호선,오금,4203,4273
2022-06-16,5호선,개롱,7183,7274
2022-06-16,5호선,거여,11480,10812
2022-06-16,5호선,마천,8146,7633
2022-06-16,5호선,강일,4981,4887
2022-06-16,5호선,미사,17997,18054
2022-06-16,5호선,하남풍산,4637,4541
2022-06-16,5호선,하남시청,7656,7369
2022-06-16,5호선,하남검단산,6294,5917
2022-06-16,5호선,광나루,14582,13339
2022-06-17,5호선,방화,7498,7011
2022-06-17,5호선,개화산,6208,5893
2022-06-17,5호선,김포공항,9096,8649
2022-06-17,5호선,송정,7344,6671
2022-06-17,5호선,마곡,11626,11589
2022-06-17,5호선,발산,21966,23706
2022-06-17,5호선,우장산,16279,15591
2022-06-17,5호선,화곡,31365,28674
2022-06-17,5호선,까치산,31635,29704
2022-06-17,5호선,신정,15319,12073
2022-06-17,5호선,목동,19225,20281
2022-06-17,5호선,오목교,23834,25600
2022-06-17,5호선,양평,8089,7769
2022-06-17,5호선,영등포구청,4533,4482
2022-06-17,5호선,영등포시장,11299,11422
2022-06-17,5호선,신길,4658,4796
2022-06-17,5호선,여의도,29756,32991
2022-06-17,5호선,여의나루,13328,14426
2022-06-17,5호선,마포,15987,16410
2022-06-17,5호선,공덕,15781,16853
2022-06-17,5호선,애오개,7333,7123
2022-06-17,5호선,충정로,4910,4914
2022-06-17,5호선,서대문,20814,20924
2022-06-17,5호선,광화문,34013,36902
2022-06-17,5호선,종로3가,15434,15879
2022-06-17,5호선,을지로4가,6846,7179
2022-06-17,5호선,동대문역사문화공원,3030,3744
2022-06-17,5호선,청구,4337,4062
2022-06-17,5호선,신금호,7323,7447
2022-06-17,5호선,행당,9083,7805
2022-06-17,5호선,왕십리,4930,5855
2022-06-17,5호선,마장,6319,5830
2022-06-17,5호선,답십리,17431,15473
2022-06-17,5호선,장한평,20135,19762
2022-06-17,5호선,군자,12428,13654
2022-06-17,5호선,아차산,16244,15187
2022-06-17,5호선,광나루,14965,13701
2022-06-17,5호선,천호,20906,21197
2022-06-17,5호선,강동,20270,19004
2022-06-17,5호선,길동,8969,9181
2022-06-17,5호선,굽은다리,10326,9614
2022-06-17,5호선,명일,9691,10021
2022-06-17,5호선,고덕,11060,10744
2022-06-17,5호선,상일동,16651,14775
2022-06-17,5호선,둔촌동,9022,8977
2022-06-17,5호선,올림픽공원,5171,4384
2022-06-17,5호선,방이,7916,8295
2022-06-17,5호선,오금,4267,4337
2022-06-17,5호선,개롱,7385,7428
2022-06-17,5호선,거여,11450,10944
2022-06-17,5호선,마천,8380,7725
2022-06-17,5호선,강일,5166,4942
2022-06-17,5호선,미사,18253,18444
2022-06-17,5호선,하남풍산,4718,4543
2022-06-17,5호선,하남시청,8030,7699
2022-06-17,5호선,하남검단산,6559,6151
2022-06-18,5호선,마천,5372,5319
2022-06-18,5호선,거여,6851,6563
2022-06-18,5호선,개롱,4693,4790
2022-06-18,5호선,오금,2427,2220
2022-06-18,5호선,방이,5801,5618
2022-06-18,5호선,올림픽공원,3472,3009
2022-06-18,5호선,둔촌동,6362,6305
2022-06-18,5호선,상일동,10276,9220
2022-06-18,5호선,고덕,7176,6686
2022-06-18,5호선,명일,6813,6594
2022-06-18,5호선,굽은다리,7824,7343
2022-06-18,5호선,길동,6509,6649
2022-06-18,5호선,강동,14244,13689
2022-06-18,5호선,천호,17884,17261
2022-06-18,5호선,광나루,11736,10877
2022-06-18,5호선,아차산,13228,12292
2022-06-18,5호선,군자,9036,10205
2022-06-18,5호선,장한평,12067,11646
2022-06-18,5호선,답십리,11084,9668
2022-06-18,5호선,마장,4139,3905
2022-06-18,5호선,왕십리,3632,4724
2022-06-18,5호선,행당,6008,5106
2022-06-18,5호선,신금호,4553,4630
2022-06-18,5호선,청구,2765,2453
2022-06-18,5호선,동대문역사문화공원,1038,1477
2022-06-18,5호선,을지로4가,3626,4179
2022-06-18,5호선,종로3가,14502,15457
2022-06-18,5호선,광화문,17668,18567
2022-06-18,5호선,서대문,8267,7904
2022-06-18,5호선,충정로,2156,1957
2022-06-18,5호선,애오개,4043,3923
2022-06-18,5호선,공덕,8057,8348
2022-06-18,5호선,마포,8076,8174
2022-06-18,5호선,여의나루,12242,14160
2022-06-18,5호선,여의도,11989,13344
2022-06-18,5호선,신길,2951,2937
2022-06-18,5호선,영등포시장,9241,9723
2022-06-18,5호선,영등포구청,2169,2142
2022-06-18,5호선,양평,4136,3750
2022-06-18,5호선,오목교,17449,18018
2022-06-18,5호선,목동,12874,12651
2022-06-18,5호선,신정,9911,8326
2022-06-18,5호선,까치산,23032,20907
2022-06-18,5호선,화곡,22018,19584
2022-06-18,5호선,우장산,10860,10374
2022-06-18,5호선,발산,14965,16473
2022-06-18,5호선,마곡,6126,6134
2022-06-18,5호선,송정,5537,5140
2022-06-18,5호선,김포공항,8006,8433
2022-06-18,5호선,개화산,4163,3864
2022-06-18,5호선,방화,5038,4809
2022-06-18,5호선,하남검단산,5905,5742
2022-06-18,5호선,하남시청,6484,6005
2022-06-18,5호선,하남풍산,3141,3150
2022-06-18,5호선,미사,13410,13462
2022-06-18,5호선,강일,3544,3178
2022-06-19,5호선,발산,9190,9737
2022-06-19,5호선,하남검단산,4870,4890
2022-06-19,5호선,하남시청,4701,4470
2022-06-19,5호선,하남풍산,2256,2240
2022-06-19,5호선,미사,9150,9436
2022-06-19,5호선,강일,2453,2266
2022-06-19,5호선,마천,3855,4148
2022-06-19,5호선,거여,4866,4832
2022-06-19,5호선,개롱,3161,3429
2022-06-19,5호선,오금,1645,1608
2022-06-19,5호선,방이,4285,4094
2022-06-19,5호선,올림픽공원,2596,2390
2022-06-19,5호선,둔촌동,4706,4597
2022-06-19,5호선,상일동,6960,6733
2022-06-19,5호선,고덕,4352,4471
2022-06-19,5호선,명일,5223,5262
2022-06-19,5호선,굽은다리,5810,5381
2022-06-19,5호선,길동,4490,4392
2022-06-19,5호선,강동,9182,9204
2022-06-19,5호선,천호,13424,12633
2022-06-19,5호선,광나루,8220,7801
2022-06-19,5호선,아차산,10369,10005
2022-06-19,5호선,군자,6410,7348
2022-06-19,5호선,장한평,8332,8279
2022-06-19,5호선,답십리,7720,7108
2022-06-19,5호선,마장,3111,2955
2022-06-19,5호선,왕십리,2723,3316
2022-06-19,5호선,행당,4259,3915
2022-06-19,5호선,신금호,3142,3398
2022-06-19,5호선,청구,1835,1710
2022-06-19,5호선,동대문역사문화공원,794,827
2022-06-19,5호선,을지로4가,1879,2012
2022-06-19,5호선,종로3가,9810,8516
2022-06-19,5호선,광화문,12486,12885
2022-06-19,5호선,서대문,5854,5715
2022-06-19,5호선,충정로,1529,1434
2022-06-19,5호선,애오개,2714,2743
2022-06-19,5호선,신정,6600,5901
2022-06-19,5호선,까치산,16719,15985
2022-06-19,5호선,화곡,14956,14082
2022-06-19,5호선,우장산,7221,7333
2022-06-19,5호선,마곡,3759,3988
2022-06-19,5호선,송정,3910,3894
2022-06-19,5호선,김포공항,7255,7437
2022-06-19,5호선,개화산,2849,2865
2022-06-19,5호선,방화,3791,3772
2022-06-19,5호선,공덕,4889,5076
2022-06-19,5호선,마포,4980,4973
2022-06-19,5호선,여의나루,10131,10828
2022-06-19,5호선,여의도,7590,8377
2022-06-19,5호선,신길,2091,2239
2022-06-19,5호선,영등포시장,5964,6222
2022-06-19,5호선,영등포구청,1567,1488
2022-06-19,5호선,양평,2839,2858
2022-06-19,5호선,오목교,11726,12109
2022-06-19,5호선,목동,8746,8836
2022-06-20,5호선,까치산,30468,28922
2022-06-20,5호선,신정,14956,12136
2022-06-20,5호선,목동,18110,19301
2022-06-20,5호선,오목교,22757,24204
2022-06-20,5호선,양평,7967,8025
2022-06-20,5호선,영등포구청,4373,4608
2022-06-20,5호선,영등포시장,10553,10870
2022-06-20,5호선,신길,4403,4642
2022-06-20,5호선,여의도,29424,32205
2022-06-20,5호선,여의나루,12268,13585
2022-06-20,5호선,마포,15542,15810
2022-06-20,5호선,공덕,15398,16234
2022-06-20,5호선,애오개,7148,7089
2022-06-20,5호선,충정로,4859,4963
2022-06-20,5호선,서대문,20666,21098
2022-06-20,5호선,광화문,32077,33552
2022-06-20,5호선,종로3가,13142,12553
2022-06-20,5호선,을지로4가,6636,6806
2022-06-20,5호선,동대문역사문화공원,3077,3539
2022-06-20,5호선,청구,4336,3820
2022-06-20,5호선,신금호,6934,7218
2022-06-20,5호선,행당,8652,7526
2022-06-20,5호선,왕십리,4812,5302
2022-06-20,5호선,마장,5847,5464
2022-06-20,5호선,답십리,16645,15278
2022-06-20,5호선,장한평,19123,18890
2022-06-20,5호선,군자,11522,12667
2022-06-20,5호선,아차산,15154,14535
2022-06-20,5호선,광나루,14083,12856
2022-06-20,5호선,천호,18652,18670
2022-06-20,5호선,강동,19591,18848
2022-06-20,5호선,길동,8494,8748
2022-06-20,5호선,굽은다리,9992,9636
2022-06-20,5호선,명일,9383,9563
2022-06-20,5호선,고덕,10602,10445
2022-06-20,5호선,상일동,16067,14523
2022-06-20,5호선,둔촌동,8478,8435
2022-06-20,5호선,올림픽공원,4645,4106
2022-06-20,5호선,방이,7367,7625
2022-06-20,5호선,오금,4095,4177
2022-06-20,5호선,개롱,6969,7217
2022-06-20,5호선,거여,11117,10729
2022-06-20,5호선,마천,7945,7533
2022-06-20,5호선,강일,4890,4998
2022-06-20,5호선,미사,17205,17374
2022-06-20,5호선,하남풍산,4556,4441
2022-06-20,5호선,하남시청,7453,7191
2022-06-20,5호선,하남검단산,6224,5812
2022-06-20,5호선,방화,7139,6913
2022-06-20,5호선,개화산,6253,5794
2022-06-20,5호선,김포공항,7750,7526
2022-06-20,5호선,송정,6965,6555
2022-06-20,5호선,마곡,11409,11389
2022-06-20,5호선,발산,21992,22741
2022-06-20,5호선,우장산,15638,15447
2022-06-20,5호선,화곡,30343,28275
2022-06-21,5호선,방화,7311,7028
2022-06-21,5호선,개화산,6276,5902
2022-06-21,5호선,김포공항,7681,7575
2022-06-21,5호선,송정,7044,6562
2022-06-21,5호선,마곡,11696,11813
2022-06-21,5호선,발산,22777,23546
2022-06-21,5호선,우장산,15990,15606
2022-06-21,5호선,화곡,30490,28345
2022-06-21,5호선,까치산,30971,29363
2022-06-21,5호선,신정,15198,12234
2022-06-21,5호선,목동,18608,19760
2022-06-21,5호선,오목교,23336,24940
2022-06-21,5호선,양평,8152,8057
2022-06-21,5호선,영등포구청,4408,4633
2022-06-21,5호선,영등포시장,10953,11356
2022-06-21,5호선,신길,4550,4844
2022-06-21,5호선,여의도,31190,33767
2022-06-21,5호선,여의나루,13516,14797
2022-06-21,5호선,마포,16161,16407
2022-06-21,5호선,공덕,16206,17000
2022-06-21,5호선,애오개,7560,7486
2022-06-21,5호선,충정로,5024,5007
2022-06-21,5호선,서대문,21559,22041
2022-06-21,5호선,광화문,34194,36175
2022-06-21,5호선,종로3가,13762,13651
2022-06-21,5호선,을지로4가,6774,6869
2022-06-21,5호선,동대문역사문화공원,3167,3797
2022-06-21,5호선,청구,4332,4046
2022-06-21,5호선,신금호,7172,7386
2022-06-21,5호선,행당,8830,7758
2022-06-21,5호선,왕십리,4875,5625
2022-06-21,5호선,마장,6083,5752
2022-06-21,5호선,답십리,17198,15656
2022-06-21,5호선,장한평,19358,19269
2022-06-21,5호선,군자,11964,13270
2022-06-21,5호선,아차산,15418,14904
2022-06-21,5호선,광나루,14445,12919
2022-06-21,5호선,천호,19274,19213
2022-06-21,5호선,강동,20090,19167
2022-06-21,5호선,길동,8461,8820
2022-06-21,5호선,굽은다리,10310,9853
2022-06-21,5호선,명일,9554,9768
2022-06-21,5호선,고덕,10535,10413
2022-06-21,5호선,상일동,16563,15187
2022-06-21,5호선,둔촌동,8838,8929
2022-06-21,5호선,올림픽공원,4889,4055
2022-06-21,5호선,방이,7638,8012
2022-06-21,5호선,오금,4103,4134
2022-06-21,5호선,개롱,7142,7398
2022-06-21,5호선,거여,11516,10804
2022-06-21,5호선,마천,7992,7512
2022-06-21,5호선,강일,5512,5247
2022-06-21,5호선,미사,17328,17522
2022-06-21,5호선,하남풍산,4581,4546
2022-06-21,5호선,하남시청,7503,7283
2022-06-21,5호선,하남검단산,6165,5937
2022-06-22,5호선,하남검단산,6462,6152
2022-06-22,5호선,하남시청,7560,7442
2022-06-22,5호선,하남풍산,4569,4461
2022-06-22,5호선,미사,18206,18191
2022-06-22,5호선,강일,5027,4828
2022-06-22,5호선,마천,8175,7751
2022-06-22,5호선,거여,11335,10812
2022-06-22,5호선,개롱,7071,7208
2022-06-22,5호선,오금,4157,4186
2022-06-22,5호선,방이,7670,7959
2022-06-22,5호선,올림픽공원,5208,4630
2022-06-22,5호선,둔촌동,8893,8772
2022-06-22,5호선,상일동,16375,14843
2022-06-22,5호선,고덕,10784,10536
2022-06-22,5호선,명일,9810,10223
2022-06-22,5호선,굽은다리,10956,10491
2022-06-22,5호선,길동,8595,8903
2022-06-22,5호선,강동,19918,19245
2022-06-22,5호선,천호,19291,19439
2022-06-22,5호선,광나루,14651,13186
2022-06-22,5호선,아차산,15708,15184
2022-06-22,5호선,군자,12266,13507
2022-06-22,5호선,장한평,20230,19989
2022-06-22,5호선,답십리,17187,15473
2022-06-22,5호선,마장,5998,5652
2022-06-22,5호선,왕십리,4908,5642
2022-06-22,5호선,행당,8907,7795
2022-06-22,5호선,신금호,7190,7387
2022-06-22,5호선,청구,4350,4011
2022-06-22,5호선,동대문역사문화공원,3179,3775
2022-06-22,5호선,을지로4가,6789,7069
2022-06-22,5호선,종로3가,14731,14268
2022-06-22,5호선,광화문,35329,37557
2022-06-22,5호선,서대문,21208,21592
2022-06-22,5호선,충정로,5000,5091
2022-06-22,5호선,애오개,7431,7407
2022-06-22,5호선,공덕,16157,17194
2022-06-22,5호선,마포,16081,16339
2022-06-22,5호선,여의나루,13605,14789
2022-06-22,5호선,여의도,31044,33973
2022-06-22,5호선,신길,4572,4828
2022-06-22,5호선,영등포시장,11067,11476
2022-06-22,5호선,영등포구청,4441,4465
2022-06-22,5호선,양평,8117,8007
2022-06-22,5호선,오목교,23437,25234
2022-06-22,5호선,목동,18711,19718
2022-06-22,5호선,신정,15320,12386
2022-06-22,5호선,까치산,31256,29547
2022-06-22,5호선,화곡,30826,28347
2022-06-22,5호선,우장산,16122,15665
2022-06-22,5호선,발산,22826,23920
2022-06-22,5호선,마곡,11704,11754
2022-06-22,5호선,송정,7040,6479
2022-06-22,5호선,김포공항,7904,7846
2022-06-22,5호선,개화산,6200,6017
2022-06-22,5호선,방화,7516,7174
2022-06-23,5호선,하남검단산,5808,5590
2022-06-23,5호선,하남시청,7006,6851
2022-06-23,5호선,하남풍산,4450,4484
2022-06-23,5호선,미사,16671,16888
2022-06-23,5호선,강일,4544,4531
2022-06-23,5호선,마천,7531,7170
2022-06-23,5호선,거여,10968,10746
2022-06-23,5호선,개롱,6654,7089
2022-06-23,5호선,오금,3937,4063
2022-06-23,5호선,방이,7515,7909
2022-06-23,5호선,올림픽공원,4506,3807
2022-06-23,5호선,둔촌동,8322,8443
2022-06-23,5호선,상일동,15648,14913
2022-06-23,5호선,고덕,9978,9771
2022-06-23,5호선,명일,9015,9547
2022-06-23,5호선,굽은다리,9912,9722
2022-06-23,5호선,길동,8229,8535
2022-06-23,5호선,강동,19326,18716
2022-06-23,5호선,천호,18009,17573
2022-06-23,5호선,광나루,13708,12501
2022-06-23,5호선,아차산,14533,14210
2022-06-23,5호선,군자,11605,12725
2022-06-23,5호선,장한평,19409,19441
2022-06-23,5호선,답십리,16369,15090
2022-06-23,5호선,마장,6009,5773
2022-06-23,5호선,왕십리,4698,5324
2022-06-23,5호선,행당,8512,7873
2022-06-23,5호선,신금호,6911,7200
2022-06-23,5호선,청구,4149,3945
2022-06-23,5호선,동대문역사문화공원,3529,3735
2022-06-23,5호선,을지로4가,6321,6576
2022-06-23,5호선,종로3가,13120,12652
2022-06-23,5호선,광화문,34769,35157
2022-06-23,5호선,서대문,22168,21412
2022-06-23,5호선,충정로,5188,5227
2022-06-23,5호선,애오개,7381,7573
2022-06-23,5호선,공덕,15623,16673
2022-06-23,5호선,마포,16093,16419
2022-06-23,5호선,여의나루,8783,11068
2022-06-23,5호선,여의도,34156,33370
2022-06-23,5호선,신길,4472,4957
2022-06-23,5호선,영등포시장,10455,11157
2022-06-23,5호선,영등포구청,4131,4365
2022-06-23,5호선,오목교,22695,23929
2022-06-23,5호선,목동,17543,18816
2022-06-23,5호선,신정,14559,12118
2022-06-23,5호선,까치산,29126,28232
2022-06-23,5호선,화곡,29059,27240
2022-06-23,5호선,우장산,15243,15011
2022-06-23,5호선,방화,6724,6668
2022-06-23,5호선,개화산,5902,5595
2022-06-23,5호선,발산,22042,22189
2022-06-23,5호선,김포공항,8241,7708
2022-06-23,5호선,송정,6643,6361
2022-06-23,5호선,마곡,11679,11559
2022-06-23,5호선,양평,7994,8083
2022-06-24,5호선,방화,7268,6801
2022-06-24,5호선,개화산,6204,5802
2022-06-24,5호선,김포공항,9238,8626
2022-06-24,5호선,송정,7415,6722
2022-06-24,5호선,마곡,11472,11591
2022-06-24,5호선,발산,21900,23385
2022-06-24,5호선,우장산,16031,15285
2022-06-24,5호선,화곡,31296,28142
2022-06-24,5호선,까치산,31355,29359
2022-06-24,5호선,신정,15160,11964
2022-06-24,5호선,목동,18515,19345
2022-06-24,5호선,오목교,23779,25902
2022-06-24,5호선,양평,7980,7632
2022-06-24,5호선,영등포구청,4442,4565
2022-06-24,5호선,영등포시장,11638,11876
2022-06-24,5호선,신길,4633,4557
2022-06-24,5호선,여의도,30171,33257
2022-06-24,5호선,여의나루,12528,13952
2022-06-24,5호선,마포,15943,16288
2022-06-24,5호선,공덕,15905,16924
2022-06-24,5호선,애오개,7407,7187
2022-06-24,5호선,충정로,4882,4874
2022-06-24,5호선,서대문,20234,20842
2022-06-24,5호선,광화문,33899,36332
2022-06-24,5호선,종로3가,15365,15718
2022-06-24,5호선,을지로4가,6712,7195
2022-06-24,5호선,동대문역사문화공원,3226,3909
2022-06-24,5호선,청구,4298,3939
2022-06-24,5호선,신금호,7166,7164
2022-06-24,5호선,행당,9054,7546
2022-06-24,5호선,왕십리,4935,6080
2022-06-24,5호선,마장,6220,5592
2022-06-24,5호선,답십리,17520,15691
2022-06-24,5호선,장한평,19981,19649
2022-06-24,5호선,군자,12427,13740
2022-06-24,5호선,아차산,15727,14727
2022-06-24,5호선,광나루,14394,12902
2022-06-24,5호선,천호,20398,20884
2022-06-24,5호선,강동,20084,18866
2022-06-24,5호선,길동,8841,9315
2022-06-24,5호선,굽은다리,10513,9974
2022-06-24,5호선,명일,9682,9842
2022-06-24,5호선,고덕,10981,10492
2022-06-24,5호선,상일동,16601,14657
2022-06-24,5호선,둔촌동,8858,8836
2022-06-24,5호선,올림픽공원,4701,3972
2022-06-24,5호선,방이,7520,7979
2022-06-24,5호선,오금,4142,4105
2022-06-24,5호선,개롱,7178,7188
2022-06-24,5호선,거여,11426,10719
2022-06-24,5호선,마천,8099,7434
2022-06-24,5호선,강일,4936,4764
2022-06-24,5호선,미사,18065,18077
2022-06-24,5호선,하남풍산,4711,4583
2022-06-24,5호선,하남시청,8063,7869
2022-06-24,5호선,하남검단산,6528,6116
2022-06-25,5호선,송정,5387,5241
2022-06-25,5호선,방화,5386,5024
2022-06-25,5호선,개화산,4158,3921
2022-06-25,5호선,김포공항,8657,8818
2022-06-25,5호선,마곡,5989,6093
2022-06-25,5호선,발산,15005,16428
2022-06-25,5호선,우장산,10894,10546
2022-06-25,5호선,화곡,22213,19999
2022-06-25,5호선,까치산,23267,21526
2022-06-25,5호선,신정,10179,8452
2022-06-25,5호선,목동,12312,12141
2022-06-25,5호선,오목교,17325,18015
2022-06-25,5호선,양평,4099,3788
2022-06-25,5호선,영등포구청,2211,2094
2022-06-25,5호선,영등포시장,9217,9672
2022-06-25,5호선,신길,2924,2979
2022-06-25,5호선,여의도,13065,14087
2022-06-25,5호선,여의나루,12396,14306
2022-06-25,5호선,마포,8345,8627
2022-06-25,5호선,공덕,8036,8358
2022-06-25,5호선,애오개,4129,4103
2022-06-25,5호선,충정로,2221,2065
2022-06-25,5호선,서대문,8754,8382
2022-06-25,5호선,광화문,18298,19678
2022-06-25,5호선,종로3가,14698,15240
2022-06-25,5호선,을지로4가,3761,4191
2022-06-25,5호선,동대문역사문화공원,1203,1580
2022-06-25,5호선,청구,2736,2386
2022-06-25,5호선,신금호,4515,4453
2022-06-25,5호선,행당,6279,5445
2022-06-25,5호선,왕십리,3784,4870
2022-06-25,5호선,마장,4247,3908
2022-06-25,5호선,답십리,11523,10323
2022-06-25,5호선,장한평,12232,11800
2022-06-25,5호선,군자,9572,10580
2022-06-25,5호선,아차산,13324,12320
2022-06-25,5호선,광나루,12332,11511
2022-06-25,5호선,천호,18724,17857
2022-06-25,5호선,강동,14301,13397
2022-06-25,5호선,길동,6631,6678
2022-06-25,5호선,굽은다리,8007,7548
2022-06-25,5호선,명일,6803,6677
2022-06-25,5호선,고덕,6952,6712
2022-06-25,5호선,상일동,10717,9750
2022-06-25,5호선,둔촌동,6518,6693
2022-06-25,5호선,올림픽공원,4911,5115
2022-06-25,5호선,방이,5814,5535
2022-06-25,5호선,오금,2313,2088
2022-06-25,5호선,개롱,4505,4702
2022-06-25,5호선,거여,7521,6996
2022-06-25,5호선,마천,5364,5373
2022-06-25,5호선,강일,3524,3233
2022-06-25,5호선,미사,13526,13552
2022-06-25,5호선,하남풍산,3172,3181
2022-06-25,5호선,하남시청,6466,5947
2022-06-25,5호선,하남검단산,6171,5892
2022-06-26,5호선,방화,3665,3668
2022-06-26,5호선,개화산,2839,2844
2022-06-26,5호선,김포공항,7400,7488
2022-06-26,5호선,송정,3778,3796
2022-06-26,5호선,마곡,3788,3905
2022-06-26,5호선,발산,9575,10528
2022-06-26,5호선,우장산,7001,7098
2022-06-26,5호선,화곡,15006,14176
2022-06-26,5호선,까치산,16159,15711
2022-06-26,5호선,신정,6575,5840
2022-06-26,5호선,목동,7961,8067
2022-06-26,5호선,오목교,10982,11635
2022-06-26,5호선,양평,2739,2716
2022-06-26,5호선,영등포구청,1411,1281
2022-06-26,5호선,영등포시장,5995,6279
2022-06-26,5호선,신길,1995,2131
2022-06-26,5호선,여의도,8054,8505
2022-06-26,5호선,여의나루,7327,8645
2022-06-26,5호선,마포,5042,5032
2022-06-26,5호선,공덕,4698,4835
2022-06-26,5호선,애오개,2746,2871
2022-06-26,5호선,충정로,1474,1575
2022-06-26,5호선,서대문,5162,5103
2022-06-26,5호선,광화문,12060,12435
2022-06-26,5호선,종로3가,9140,8001
2022-06-26,5호선,을지로4가,1676,1860
2022-06-26,5호선,동대문역사문화공원,826,962
2022-06-26,5호선,청구,1861,1784
2022-06-26,5호선,신금호,2962,3291
2022-06-26,5호선,행당,4102,3699
2022-06-26,5호선,왕십리,2506,3026
2022-06-26,5호선,마장,2851,2696
2022-06-26,5호선,답십리,7556,6992
2022-06-26,5호선,장한평,8243,8202
2022-06-26,5호선,군자,6341,7088
2022-06-26,5호선,아차산,9184,9186
2022-06-26,5호선,광나루,8140,7841
2022-06-26,5호선,천호,12556,11757
2022-06-26,5호선,강동,9001,9040
2022-06-26,5호선,길동,4306,4254
2022-06-26,5호선,굽은다리,5505,5340
2022-06-26,5호선,명일,5163,5217
2022-06-26,5호선,고덕,4135,4121
2022-06-26,5호선,상일동,6690,6555
2022-06-26,5호선,둔촌동,4738,4703
2022-06-26,5호선,올림픽공원,3264,3530
2022-06-26,5호선,방이,4280,3934
2022-06-26,5호선,오금,1674,1609
2022-06-26,5호선,개롱,3041,3334
2022-06-26,5호선,거여,4777,4676
2022-06-26,5호선,마천,3694,3887
2022-06-26,5호선,강일,2292,2176
2022-06-26,5호선,미사,8980,9231
2022-06-26,5호선,하남풍산,2357,2261
2022-06-26,5호선,하남시청,4103,4001
2022-06-26,5호선,하남검단산,4465,4376
2022-06-27,5호선,하남검단산,5843,5614
2022-06-27,5호선,하남시청,7240,6949
2022-06-27,5호선,하남풍산,4450,4397
2022-06-27,5호선,미사,16642,16652
2022-06-27,5호선,강일,4662,4684
2022-06-27,5호선,마천,7630,7252
2022-06-27,5호선,거여,10780,10491
2022-06-27,5호선,개롱,6846,7193
2022-06-27,5호선,오금,3979,4062
2022-06-27,5호선,방이,7143,7443
2022-06-27,5호선,올림픽공원,4435,3845
2022-06-27,5호선,둔촌동,8080,8224
2022-06-27,5호선,상일동,15800,14407
2022-06-27,5호선,고덕,10243,10051
2022-06-27,5호선,명일,9091,9429
2022-06-27,5호선,굽은다리,9902,9549
2022-06-27,5호선,길동,8221,8509
2022-06-27,5호선,강동,19215,18699
2022-06-27,5호선,천호,17759,17803
2022-06-27,5호선,광나루,13601,12291
2022-06-27,5호선,아차산,14278,13799
2022-06-27,5호선,군자,11181,12030
2022-06-27,5호선,장한평,18919,18675
2022-06-27,5호선,답십리,16455,15188
2022-06-27,5호선,마장,5558,5187
2022-06-27,5호선,왕십리,4481,5234
2022-06-27,5호선,행당,8518,7528
2022-06-27,5호선,신금호,6796,7013
2022-06-27,5호선,청구,4128,3811
2022-06-27,5호선,동대문역사문화공원,3239,3670
2022-06-27,5호선,을지로4가,6345,6474
2022-06-27,5호선,종로3가,12105,11926
2022-06-27,5호선,광화문,31444,32592
2022-06-27,5호선,서대문,21095,21194
2022-06-27,5호선,충정로,4741,4722
2022-06-27,5호선,애오개,6985,6981
2022-06-27,5호선,공덕,14644,15324
2022-06-27,5호선,마포,15079,15450
2022-06-27,5호선,여의나루,9301,11241
2022-06-27,5호선,여의도,30942,32621
2022-06-27,5호선,신길,4398,4718
2022-06-27,5호선,영등포시장,10406,10720
2022-06-27,5호선,영등포구청,4307,4488
2022-06-27,5호선,양평,7799,7947
2022-06-27,5호선,오목교,20971,22111
2022-06-27,5호선,목동,17407,18511
2022-06-27,5호선,신정,14557,11957
2022-06-27,5호선,까치산,29328,28233
2022-06-27,5호선,화곡,29187,27202
2022-06-27,5호선,우장산,15362,15125
2022-06-27,5호선,발산,21068,21575
2022-06-27,5호선,마곡,11174,11287
2022-06-27,5호선,송정,6805,6241
2022-06-27,5호선,김포공항,7432,7802
2022-06-27,5호선,개화산,6063,5701
2022-06-27,5호선,방화,6966,6665
2022-06-28,5호선,방화,7041,6815
2022-06-28,5호선,개화산,6100,5698
2022-06-28,5호선,김포공항,7025,6960
2022-06-28,5호선,송정,6768,6350
2022-06-28,5호선,마곡,11483,11418
2022-06-28,5호선,발산,21977,22581
2022-06-28,5호선,우장산,15225,14794
2022-06-28,5호선,화곡,29258,27413
2022-06-28,5호선,까치산,29583,28158
2022-06-28,5호선,신정,14651,12054
2022-06-28,5호선,목동,17423,18784
2022-06-28,5호선,오목교,22449,24000
2022-06-28,5호선,양평,7996,7902
2022-06-28,5호선,영등포구청,4245,4493
2022-06-28,5호선,영등포시장,10454,10890
2022-06-28,5호선,신길,4384,4717
2022-06-28,5호선,여의도,31771,33182
2022-06-28,5호선,여의나루,9638,11357
2022-06-28,5호선,마포,15441,15951
2022-06-28,5호선,공덕,15523,16429
2022-06-28,5호선,애오개,7212,7187
2022-06-28,5호선,충정로,4803,4897
2022-06-28,5호선,서대문,21097,21430
2022-06-28,5호선,광화문,33202,34647
2022-06-28,5호선,종로3가,12520,12415
2022-06-28,5호선,을지로4가,6537,6673
2022-06-28,5호선,동대문역사문화공원,3206,3698
2022-06-28,5호선,청구,4248,3817
2022-06-28,5호선,신금호,6884,7189
2022-06-28,5호선,행당,8578,7639
2022-06-28,5호선,왕십리,4666,5452
2022-06-28,5호선,마장,5698,5434
2022-06-28,5호선,답십리,16640,15097
2022-06-28,5호선,장한평,19150,19289
2022-06-28,5호선,군자,11669,12744
2022-06-28,5호선,아차산,14470,13868
2022-06-28,5호선,광나루,14183,12826
2022-06-28,5호선,천호,18192,18304
2022-06-28,5호선,강동,19210,18501
2022-06-28,5호선,길동,8260,8652
2022-06-28,5호선,굽은다리,9976,9529
2022-06-28,5호선,명일,9141,9422
2022-06-28,5호선,고덕,10374,10243
2022-06-28,5호선,상일동,15879,14449
2022-06-28,5호선,둔촌동,8301,8400
2022-06-28,5호선,올림픽공원,4557,3772
2022-06-28,5호선,방이,7566,7802
2022-06-28,5호선,오금,3924,3928
2022-06-28,5호선,개롱,6926,7080
2022-06-28,5호선,거여,10864,10463
2022-06-28,5호선,마천,7664,7237
2022-06-28,5호선,강일,4657,4577
2022-06-28,5호선,미사,16826,16953
2022-06-28,5호선,하남풍산,4431,4391
2022-06-28,5호선,하남시청,7174,6898
2022-06-28,5호선,하남검단산,5872,5546
2022-06-29,5호선,방화,7031,6878
2022-06-29,5호선,개화산,6023,5697
2022-06-29,5호선,김포공항,7389,7249
2022-06-29,5호선,송정,6685,6220
2022-06-29,5호선,마곡,11561,11559
2022-06-29,5호선,발산,22168,22650
2022-06-29,5호선,우장산,15410,15067
2022-06-29,5호선,화곡,29747,27675
2022-06-29,5호선,까치산,29905,28740
2022-06-29,5호선,신정,14918,12227
2022-06-29,5호선,목동,17556,18852
2022-06-29,5호선,오목교,22678,24076
2022-06-29,5호선,양평,8008,8109
2022-06-29,5호선,영등포구청,4221,4389
2022-06-29,5호선,영등포시장,10700,11189
2022-06-29,5호선,신길,4467,4957
2022-06-29,5호선,여의도,32775,33370
2022-06-29,5호선,여의나루,9357,11160
2022-06-29,5호선,마포,15803,15936
2022-06-29,5호선,공덕,15707,16615
2022-06-29,5호선,애오개,7283,7392
2022-06-29,5호선,충정로,4783,4905
2022-06-29,5호선,서대문,21589,21589
2022-06-29,5호선,광화문,34560,35980
2022-06-29,5호선,종로3가,12984,12626
2022-06-29,5호선,을지로4가,6301,6535
2022-06-29,5호선,동대문역사문화공원,3245,3740
2022-06-29,5호선,청구,4140,3878
2022-06-29,5호선,신금호,7110,7294
2022-06-29,5호선,행당,8607,7870
2022-06-29,5호선,왕십리,4838,5494
2022-06-29,5호선,마장,5675,5454
2022-06-29,5호선,답십리,16665,15027
2022-06-29,5호선,장한평,19631,19768
2022-06-29,5호선,군자,11569,12751
2022-06-29,5호선,아차산,14645,14238
2022-06-29,5호선,광나루,14051,12893
2022-06-29,5호선,천호,18531,18508
2022-06-29,5호선,강동,19298,18866
2022-06-29,5호선,길동,8416,8702
2022-06-29,5호선,굽은다리,10115,9794
2022-06-29,5호선,명일,9079,9739
2022-06-29,5호선,고덕,10214,10006
2022-06-29,5호선,상일동,15820,14695
2022-06-29,5호선,둔촌동,8370,8505
2022-06-29,5호선,올림픽공원,4460,3747
2022-06-29,5호선,방이,7584,7843
2022-06-29,5호선,오금,4045,4122
2022-06-29,5호선,개롱,6913,7213
2022-06-29,5호선,거여,10941,10566
2022-06-29,5호선,마천,7610,7210
2022-06-29,5호선,강일,4659,4456
2022-06-29,5호선,미사,17324,17514
2022-06-29,5호선,하남풍산,4415,4386
2022-06-29,5호선,하남시청,7485,7263
2022-06-29,5호선,하남검단산,5929,5764
2022-06-30,5호선,하남검단산,5519,5364
2022-06-30,5호선,하남시청,6507,6446
2022-06-30,5호선,하남풍산,4208,4186
2022-06-30,5호선,미사,16419,16497
2022-06-30,5호선,강일,4165,4224
2022-06-30,5호선,마천,7106,6889
2022-06-30,5호선,거여,10559,10394
2022-06-30,5호선,개롱,6751,6961
2022-06-30,5호선,오금,3942,3944
2022-06-30,5호선,방이,7630,7851
2022-06-30,5호선,올림픽공원,4439,3646
2022-06-30,5호선,둔촌동,7997,8106
2022-06-30,5호선,상일동,15333,14470
2022-06-30,5호선,고덕,9845,9691
2022-06-30,5호선,명일,8843,9287
2022-06-30,5호선,굽은다리,9676,9479
2022-06-30,5호선,길동,8063,8431
2022-06-30,5호선,강동,19229,18688
2022-06-30,5호선,천호,17558,17270
2022-06-30,5호선,광나루,13625,12456
2022-06-30,5호선,아차산,13976,13610
2022-06-30,5호선,군자,11443,12493
2022-06-30,5호선,장한평,19669,19959
2022-06-30,5호선,답십리,16616,15049
2022-06-30,5호선,마장,5811,5410
2022-06-30,5호선,왕십리,4817,5296
2022-06-30,5호선,행당,8664,7779
2022-06-30,5호선,신금호,7005,7163
2022-06-30,5호선,청구,4099,3663
2022-06-30,5호선,동대문역사문화공원,3457,3885
2022-06-30,5호선,을지로4가,6186,6200
2022-06-30,5호선,종로3가,11865,11622
2022-06-30,5호선,광화문,32777,34543
2022-06-30,5호선,서대문,21476,21441
2022-06-30,5호선,충정로,4959,4899
2022-06-30,5호선,애오개,7288,7187
2022-06-30,5호선,공덕,15427,16472
2022-06-30,5호선,마포,15612,15901
2022-06-30,5호선,여의나루,8840,10631
2022-06-30,5호선,여의도,32968,34300
2022-06-30,5호선,신길,4613,4922
2022-06-30,5호선,영등포시장,10229,10602
2022-06-30,5호선,영등포구청,4022,4212
2022-06-30,5호선,양평,7921,8016
2022-06-30,5호선,오목교,22388,23629
2022-06-30,5호선,목동,16916,18269
2022-06-30,5호선,신정,14353,11801
2022-06-30,5호선,까치산,28828,27401
2022-06-30,5호선,화곡,28397,26254
2022-06-30,5호선,우장산,14745,14368
2022-06-30,5호선,발산,21605,22096
2022-06-30,5호선,마곡,11296,11272
2022-06-30,5호선,송정,6538,6079
2022-06-30,5호선,김포공항,7976,7480
2022-06-30,5호선,개화산,5698,5475
2022-06-30,5호선,방화,6878,6742
2022-07-01,5호선,방화,7668,7157
2022-07-01,5호선,개화산,6301,5851
2022-07-01,5호선,김포공항,9452,8705
2022-07-01,5호선,송정,7217,6596
2022-07-01,5호선,마곡,11524,11610
2022-07-01,5호선,발산,22554,23767
2022-07-01,5호선,우장산,16195,15610
2022-07-01,5호선,화곡,31406,28368
2022-07-01,5호선,까치산,31462,29359
2022-07-01,5호선,신정,15262,12092
2022-07-01,5호선,목동,18502,19281
2022-07-01,5호선,오목교,23773,25550
2022-07-01,5호선,양평,8144,7857
2022-07-01,5호선,영등포구청,4309,4476
2022-07-01,5호선,영등포시장,11279,11390
2022-07-01,5호선,신길,4623,4824
2022-07-01,5호선,여의도,30670,33670
2022-07-01,5호선,여의나루,12894,14103
2022-07-01,5호선,마포,15829,16201
2022-07-01,5호선,공덕,15700,16657
2022-07-01,5호선,애오개,7241,7145
2022-07-01,5호선,충정로,4701,4669
2022-07-01,5호선,서대문,20799,20816
2022-07-01,5호선,광화문,33430,36177
2022-07-01,5호선,종로3가,14379,14831
2022-07-01,5호선,을지로4가,6624,7048
2022-07-01,5호선,동대문역사문화공원,3048,3751
2022-07-01,5호선,청구,4225,3916
2022-07-01,5호선,신금호,7203,7319
2022-07-01,5호선,행당,9008,7657
2022-07-01,5호선,왕십리,5121,6275
2022-07-01,5호선,마장,6026,5456
2022-07-01,5호선,답십리,17354,15433
2022-07-01,5호선,장한평,20705,20118
2022-07-01,5호선,군자,12118,13195
2022-07-01,5호선,아차산,15929,14874
2022-07-01,5호선,광나루,14570,13074
2022-07-01,5호선,천호,20671,20723
2022-07-01,5호선,강동,20244,18607
2022-07-01,5호선,길동,8780,9124
2022-07-01,5호선,굽은다리,10595,9868
2022-07-01,5호선,명일,9449,9779
2022-07-01,5호선,고덕,10896,10495
2022-07-01,5호선,상일동,16588,15697
2022-07-01,5호선,둔촌동,8847,8921
2022-07-01,5호선,올림픽공원,4837,4178
2022-07-01,5호선,방이,7519,7798
2022-07-01,5호선,오금,4099,4165
2022-07-01,5호선,개롱,7268,7353
2022-07-01,5호선,거여,11238,10647
2022-07-01,5호선,마천,8001,7413
2022-07-01,5호선,강일,4852,4600
2022-07-01,5호선,미사,16953,17306
2022-07-01,5호선,하남풍산,4274,4561
2022-07-01,5호선,하남시청,7484,7184
2022-07-01,5호선,하남검단산,6165,5688
2022-07-02,5호선,화곡,21415,19121
2022-07-02,5호선,까치산,22020,20266
2022-07-02,5호선,신정,9836,8158
2022-07-02,5호선,목동,11759,11794
2022-07-02,5호선,오목교,17296,17894
2022-07-02,5호선,영등포구청,2006,1974
2022-07-02,5호선,영등포시장,8941,9277
2022-07-02,5호선,신길,2922,2923
2022-07-02,5호선,여의도,13318,14826
2022-07-02,5호선,여의나루,12774,14627
2022-07-02,5호선,마포,8062,8140
2022-07-02,5호선,공덕,7811,8127
2022-07-02,5호선,애오개,4107,3838
2022-07-02,5호선,충정로,2567,2025
2022-07-02,5호선,서대문,9328,7894
2022-07-02,5호선,광화문,17699,18161
2022-07-02,5호선,종로3가,13858,14614
2022-07-02,5호선,을지로4가,3633,4035
2022-07-02,5호선,동대문역사문화공원,1275,1554
2022-07-02,5호선,청구,2645,2337
2022-07-02,5호선,신금호,4376,4466
2022-07-02,5호선,행당,5790,4915
2022-07-02,5호선,왕십리,3570,4536
2022-07-02,5호선,마장,4032,3617
2022-07-02,5호선,답십리,11007,9732
2022-07-02,5호선,장한평,11958,11557
2022-07-02,5호선,군자,8636,9801
2022-07-02,5호선,아차산,13355,12976
2022-07-02,5호선,광나루,11065,10360
2022-07-02,5호선,천호,18508,17585
2022-07-02,5호선,강동,13926,13027
2022-07-02,5호선,길동,6491,6656
2022-07-02,5호선,굽은다리,7871,7480
2022-07-02,5호선,명일,6591,6397
2022-07-02,5호선,고덕,6620,6365
2022-07-02,5호선,상일동,10087,9261
2022-07-02,5호선,둔촌동,6127,6053
2022-07-02,5호선,올림픽공원,3618,3289
2022-07-02,5호선,방이,5408,5254
2022-07-02,5호선,오금,2060,1968
2022-07-02,5호선,개롱,4351,4551
2022-07-02,5호선,거여,6852,6278
2022-07-02,5호선,마천,4999,5011
2022-07-02,5호선,강일,3269,3004
2022-07-02,5호선,미사,13161,13099
2022-07-02,5호선,하남풍산,3118,3088
2022-07-02,5호선,하남시청,5914,5692
2022-07-02,5호선,하남검단산,5939,5801
2022-07-02,5호선,양평,3851,3501
2022-07-02,5호선,방화,4985,4835
2022-07-02,5호선,개화산,4070,3807
2022-07-02,5호선,김포공항,8769,8716
2022-07-02,5호선,송정,5447,5230
2022-07-02,5호선,마곡,5919,5981
2022-07-02,5호선,발산,13611,14894
2022-07-02,5호선,우장산,10426,10252
2022-07-03,5호선,방화,3869,3807
2022-07-03,5호선,개화산,2716,2858
2022-07-03,5호선,김포공항,8062,7798
2022-07-03,5호선,송정,3789,3739
2022-07-03,5호선,마곡,3688,3899
2022-07-03,5호선,발산,9312,9951
2022-07-03,5호선,우장산,7092,7142
2022-07-03,5호선,화곡,14645,13943
2022-07-03,5호선,까치산,15968,15659
2022-07-03,5호선,신정,6636,5943
2022-07-03,5호선,목동,7774,7933
2022-07-03,5호선,오목교,11541,12025
2022-07-03,5호선,양평,2693,2828
2022-07-03,5호선,영등포구청,1305,1331
2022-07-03,5호선,영등포시장,5837,6172
2022-07-03,5호선,신길,2029,2170
2022-07-03,5호선,여의도,8847,9461
2022-07-03,5호선,여의나루,9620,10624
2022-07-03,5호선,마포,4892,4986
2022-07-03,5호선,공덕,4792,4917
2022-07-03,5호선,애오개,2759,2811
2022-07-03,5호선,충정로,1465,1492
2022-07-03,5호선,서대문,5049,4875
2022-07-03,5호선,광화문,11839,12425
2022-07-03,5호선,종로3가,8861,7962
2022-07-03,5호선,을지로4가,1715,1781
2022-07-03,5호선,동대문역사문화공원,950,969
2022-07-03,5호선,청구,1856,1720
2022-07-03,5호선,신금호,2958,3263
2022-07-03,5호선,행당,4059,3721
2022-07-03,5호선,왕십리,2775,3332
2022-07-03,5호선,마장,3159,2880
2022-07-03,5호선,답십리,7723,7230
2022-07-03,5호선,장한평,8195,8290
2022-07-03,5호선,군자,6230,7005
2022-07-03,5호선,아차산,9278,9155
2022-07-03,5호선,광나루,8080,7452
2022-07-03,5호선,천호,13274,12524
2022-07-03,5호선,강동,9237,9003
2022-07-03,5호선,길동,4271,4326
2022-07-03,5호선,굽은다리,5793,5634
2022-07-03,5호선,명일,5089,5089
2022-07-03,5호선,고덕,4258,4392
2022-07-03,5호선,상일동,6794,6563
2022-07-03,5호선,둔촌동,4707,4642
2022-07-03,5호선,올림픽공원,2821,2481
2022-07-03,5호선,방이,4154,3961
2022-07-03,5호선,오금,1584,1490
2022-07-03,5호선,개롱,3080,3370
2022-07-03,5호선,거여,4644,4646
2022-07-03,5호선,마천,3680,3951
2022-07-03,5호선,강일,2311,2266
2022-07-03,5호선,미사,8816,9391
2022-07-03,5호선,하남풍산,2257,2326
2022-07-03,5호선,하남시청,4249,4061
2022-07-03,5호선,하남검단산,4824,4745
2022-07-04,5호선,방화,7279,6943
2022-07-04,5호선,개화산,6109,5776
2022-07-04,5호선,김포공항,7804,7675
2022-07-04,5호선,송정,6954,6348
2022-07-04,5호선,마곡,11758,11748
2022-07-04,5호선,발산,22257,22760
2022-07-04,5호선,우장산,15436,15159
2022-07-04,5호선,화곡,29931,27979
2022-07-04,5호선,까치산,30123,28846
2022-07-04,5호선,신정,14795,12029
2022-07-04,5호선,목동,17761,19036
2022-07-04,5호선,오목교,22449,24058
2022-07-04,5호선,양평,8108,8109
2022-07-04,5호선,영등포구청,4258,4460
2022-07-04,5호선,영등포시장,10454,10756
2022-07-04,5호선,신길,4456,4716
2022-07-04,5호선,여의도,31039,33108
2022-07-04,5호선,여의나루,11382,12822
2022-07-04,5호선,마포,15289,15581
2022-07-04,5호선,공덕,15423,16172
2022-07-04,5호선,애오개,6998,7042
2022-07-04,5호선,충정로,4852,4866
2022-07-04,5호선,서대문,21099,21310
2022-07-04,5호선,광화문,31329,33036
2022-07-04,5호선,종로3가,12875,12547
2022-07-04,5호선,을지로4가,6384,6425
2022-07-04,5호선,동대문역사문화공원,3212,3786
2022-07-04,5호선,청구,4090,3765
2022-07-04,5호선,신금호,7010,7179
2022-07-04,5호선,행당,8653,7748
2022-07-04,5호선,왕십리,4592,5219
2022-07-04,5호선,마장,5908,5492
2022-07-04,5호선,답십리,16622,15208
2022-07-04,5호선,장한평,19300,19230
2022-07-04,5호선,군자,11209,12265
2022-07-04,5호선,아차산,14083,13734
2022-07-04,5호선,광나루,13647,12561
2022-07-04,5호선,천호,18616,18822
2022-07-04,5호선,강동,19667,18952
2022-07-04,5호선,길동,8617,8932
2022-07-04,5호선,굽은다리,10440,9967
2022-07-04,5호선,명일,9524,9699
2022-07-04,5호선,고덕,11015,10664
2022-07-04,5호선,상일동,16106,14721
2022-07-04,5호선,둔촌동,8453,8376
2022-07-04,5호선,올림픽공원,4298,3752
2022-07-04,5호선,방이,7430,7623
2022-07-04,5호선,오금,4071,4125
2022-07-04,5호선,개롱,6958,7165
2022-07-04,5호선,거여,10901,10598
2022-07-04,5호선,마천,7756,7344
2022-07-04,5호선,강일,4763,4728
2022-07-04,5호선,미사,17028,17181
2022-07-04,5호선,하남풍산,4600,4462
2022-07-04,5호선,하남시청,7548,7381
2022-07-04,5호선,하남검단산,6429,6185
2022-07-05,5호선,길동,8534,8802
2022-07-05,5호선,방화,7462,7214
2022-07-05,5호선,개화산,6173,5839
2022-07-05,5호선,김포공항,8120,7922
2022-07-05,5호선,송정,6970,6460
2022-07-05,5호선,마곡,11982,11965
2022-07-05,5호선,발산,23078,23681
2022-07-05,5호선,우장산,15829,15460
2022-07-05,5호선,화곡,30479,28182
2022-07-05,5호선,까치산,30562,29270
2022-07-05,5호선,신정,14812,12094
2022-07-05,5호선,목동,18187,19302
2022-07-05,5호선,오목교,23396,24984
2022-07-05,5호선,양평,7997,8076
2022-07-05,5호선,영등포구청,4214,4482
2022-07-05,5호선,영등포시장,10652,11212
2022-07-05,5호선,신길,4654,4901
2022-07-05,5호선,여의도,32086,33935
2022-07-05,5호선,여의나루,11579,12995
2022-07-05,5호선,마포,15716,15909
2022-07-05,5호선,공덕,15673,16328
2022-07-05,5호선,애오개,7315,7368
2022-07-05,5호선,충정로,4876,4917
2022-07-05,5호선,서대문,21542,21825
2022-07-05,5호선,광화문,33557,35362
2022-07-05,5호선,종로3가,13283,13186
2022-07-05,5호선,을지로4가,6514,6651
2022-07-05,5호선,동대문역사문화공원,3264,3789
2022-07-05,5호선,청구,4244,3925
2022-07-05,5호선,신금호,7131,7298
2022-07-05,5호선,행당,8868,7892
2022-07-05,5호선,왕십리,4824,5555
2022-07-05,5호선,마장,5887,5460
2022-07-05,5호선,답십리,16892,15440
2022-07-05,5호선,장한평,19636,19660
2022-07-05,5호선,군자,11614,12737
2022-07-05,5호선,아차산,15137,14520
2022-07-05,5호선,광나루,14053,12753
2022-07-05,5호선,천호,19579,19461
2022-07-05,5호선,강동,19836,19093
2022-07-05,5호선,굽은다리,10473,10131
2022-07-05,5호선,명일,9730,9871
2022-07-05,5호선,고덕,11145,10808
2022-07-05,5호선,상일동,16326,15079
2022-07-05,5호선,둔촌동,8624,8750
2022-07-05,5호선,올림픽공원,4624,3828
2022-07-05,5호선,방이,7621,7974
2022-07-05,5호선,오금,4153,4164
2022-07-05,5호선,개롱,7218,7417
2022-07-05,5호선,거여,11128,10869
2022-07-05,5호선,마천,7835,7420
2022-07-05,5호선,강일,4777,4803
2022-07-05,5호선,미사,17476,17676
2022-07-05,5호선,하남풍산,4702,4626
2022-07-05,5호선,하남시청,7584,7251
2022-07-05,5호선,하남검단산,6411,6239
2022-07-06,5호선,하남검단산,6318,5960
2022-07-06,5호선,하남시청,7523,7269
2022-07-06,5호선,하남풍산,4669,4688
2022-07-06,5호선,미사,17751,18086
2022-07-06,5호선,강일,4838,4790
2022-07-06,5호선,마천,7826,7356
2022-07-06,5호선,거여,11107,10671
2022-07-06,5호선,개롱,7085,7379
2022-07-06,5호선,오금,4017,4131
2022-07-06,5호선,방이,7574,7783
2022-07-06,5호선,올림픽공원,4437,3708
2022-07-06,5호선,둔촌동,8635,8732
2022-07-06,5호선,상일동,16393,15144
2022-07-06,5호선,고덕,10957,10734
2022-07-06,5호선,명일,9558,9852
2022-07-06,5호선,굽은다리,10782,10373
2022-07-06,5호선,길동,8790,9053
2022-07-06,5호선,강동,19762,19081
2022-07-06,5호선,천호,19294,19447
2022-07-06,5호선,광나루,14463,13047
2022-07-06,5호선,아차산,15226,14559
2022-07-06,5호선,군자,11924,13015
2022-07-06,5호선,장한평,20131,20042
2022-07-06,5호선,답십리,17107,15704
2022-07-06,5호선,마장,5948,5650
2022-07-06,5호선,왕십리,4909,5639
2022-07-06,5호선,행당,8977,8011
2022-07-06,5호선,신금호,7122,7437
2022-07-06,5호선,청구,4228,4025
2022-07-06,5호선,동대문역사문화공원,3199,3805
2022-07-06,5호선,을지로4가,6581,6683
2022-07-06,5호선,종로3가,13761,13352
2022-07-06,5호선,광화문,34754,36245
2022-07-06,5호선,서대문,21582,21604
2022-07-06,5호선,충정로,4995,5090
2022-07-06,5호선,애오개,7411,7418
2022-07-06,5호선,공덕,15792,16644
2022-07-06,5호선,마포,15982,16402
2022-07-06,5호선,여의나루,11127,12421
2022-07-06,5호선,여의도,32332,33799
2022-07-06,5호선,신길,4533,4934
2022-07-06,5호선,영등포시장,11136,11618
2022-07-06,5호선,영등포구청,4209,4433
2022-07-06,5호선,양평,8072,8137
2022-07-06,5호선,오목교,23907,25542
2022-07-06,5호선,마곡,11758,11820
2022-07-06,5호선,송정,6899,6526
2022-07-06,5호선,김포공항,8661,8424
2022-07-06,5호선,개화산,6076,5805
2022-07-06,5호선,방화,7420,7210
2022-07-06,5호선,목동,17970,19320
2022-07-06,5호선,신정,14937,12189
2022-07-06,5호선,까치산,30535,29169
2022-07-06,5호선,화곡,30483,28385
2022-07-06,5호선,우장산,16132,15775
2022-07-06,5호선,발산,23110,23645
2022-07-07,5호선,길동,8332,8644
2022-07-07,5호선,강동,19877,19214
2022-07-07,5호선,천호,18551,18561
2022-07-07,5호선,광나루,13800,12566
2022-07-07,5호선,아차산,15046,14447
2022-07-07,5호선,군자,11661,12670
2022-07-07,5호선,장한평,19593,19729
2022-07-07,5호선,답십리,16842,15164
2022-07-07,5호선,마장,5866,5453
2022-07-07,5호선,왕십리,4944,5499
2022-07-07,5호선,행당,8745,7844
2022-07-07,5호선,신금호,6894,7058
2022-07-07,5호선,청구,4251,3854
2022-07-07,5호선,동대문역사문화공원,3178,3697
2022-07-07,5호선,을지로4가,6392,6558
2022-07-07,5호선,종로3가,13291,13011
2022-07-07,5호선,하남검단산,6099,5798
2022-07-07,5호선,하남시청,7361,6995
2022-07-07,5호선,하남풍산,4564,4597
2022-07-07,5호선,미사,17347,17338
2022-07-07,5호선,강일,4655,4514
2022-07-07,5호선,마천,7697,7351
2022-07-07,5호선,광화문,32502,34543
2022-07-07,5호선,서대문,21224,21540
2022-07-07,5호선,충정로,4834,4949
2022-07-07,5호선,애오개,7295,7338
2022-07-07,5호선,공덕,15480,16232
2022-07-07,5호선,마포,15598,15830
2022-07-07,5호선,여의나루,9925,11592
2022-07-07,5호선,여의도,31958,33469
2022-07-07,5호선,신길,4652,4786
2022-07-07,5호선,영등포시장,10663,11391
2022-07-07,5호선,영등포구청,4229,4344
2022-07-07,5호선,양평,7977,7949
2022-07-07,5호선,오목교,22995,24647
2022-07-07,5호선,목동,17834,18964
2022-07-07,5호선,신정,14711,12092
2022-07-07,5호선,까치산,30183,28663
2022-07-07,5호선,화곡,29601,27564
2022-07-07,5호선,우장산,15730,15376
2022-07-07,5호선,발산,22250,22822
2022-07-07,5호선,마곡,11633,11677
2022-07-07,5호선,송정,6719,6275
2022-07-07,5호선,김포공항,8261,8057
2022-07-07,5호선,개화산,6036,5680
2022-07-07,5호선,방화,7072,6891
2022-07-07,5호선,굽은다리,10374,10064
2022-07-07,5호선,거여,10888,10370
2022-07-07,5호선,개롱,7189,7484
2022-07-07,5호선,오금,4085,4130
2022-07-07,5호선,방이,7289,7730
2022-07-07,5호선,올림픽공원,4422,3745
2022-07-07,5호선,둔촌동,8478,8408
2022-07-07,5호선,상일동,15942,14711
2022-07-07,5호선,고덕,10373,10202
2022-07-07,5호선,명일,9400,9496
2022-07-08,5호선,하남검단산,6363,6014
2022-07-08,5호선,하남시청,7586,7308
2022-07-08,5호선,하남풍산,4752,4690
2022-07-08,5호선,미사,17601,17797
2022-07-08,5호선,강일,4882,4706
2022-07-08,5호선,마천,7894,7412
2022-07-08,5호선,거여,11018,10464
2022-07-08,5호선,개롱,7186,7273
2022-07-08,5호선,오금,3945,4101
2022-07-08,5호선,방이,7561,7897
2022-07-08,5호선,올림픽공원,4642,3822
2022-07-08,5호선,둔촌동,8635,8702
2022-07-08,5호선,상일동,16339,14583
2022-07-08,5호선,고덕,11046,10678
2022-07-08,5호선,명일,9838,9972
2022-07-08,5호선,굽은다리,10599,10296
2022-07-08,5호선,길동,8796,9076
2022-07-08,5호선,강동,20221,18744
2022-07-08,5호선,천호,20616,20828
2022-07-08,5호선,광나루,14104,12976
2022-07-08,5호선,아차산,15621,14730
2022-07-08,5호선,군자,11958,13291
2022-07-08,5호선,장한평,19952,19632
2022-07-08,5호선,답십리,17211,15256
2022-07-08,5호선,마장,5938,5397
2022-07-08,5호선,왕십리,4862,6021
2022-07-08,5호선,행당,8930,7618
2022-07-08,5호선,신금호,7187,7137
2022-07-08,5호선,청구,4372,3860
2022-07-08,5호선,동대문역사문화공원,2783,3413
2022-07-08,5호선,을지로4가,6368,6716
2022-07-08,5호선,종로3가,14384,15029
2022-07-08,5호선,광화문,33737,36066
2022-07-08,5호선,서대문,20346,20554
2022-07-08,5호선,충정로,4623,4690
2022-07-08,5호선,애오개,7274,6984
2022-07-08,5호선,공덕,15417,16448
2022-07-08,5호선,마포,15465,16083
2022-07-08,5호선,여의나루,11997,13020
2022-07-08,5호선,여의도,30695,33486
2022-07-08,5호선,신길,4618,4772
2022-07-08,5호선,영등포시장,11387,11632
2022-07-08,5호선,영등포구청,4239,4414
2022-07-08,5호선,양평,7934,7630
2022-07-08,5호선,오목교,24113,25958
2022-07-08,5호선,목동,18524,19424
2022-07-08,5호선,신정,15298,12066
2022-07-08,5호선,까치산,31463,29250
2022-07-08,5호선,화곡,30993,28069
2022-07-08,5호선,우장산,16413,15597
2022-07-08,5호선,발산,22129,23856
2022-07-08,5호선,마곡,11664,11703
2022-07-08,5호선,송정,7223,6514
2022-07-08,5호선,김포공항,9289,8905
2022-07-08,5호선,개화산,6196,5861
2022-07-08,5호선,방화,7553,7204
2022-07-09,5호선,하남검단산,6206,6010
2022-07-09,5호선,하남시청,6278,5895
2022-07-09,5호선,하남풍산,3224,3169
2022-07-09,5호선,미사,13050,13187
2022-07-09,5호선,강일,3437,3061
2022-07-09,5호선,마천,4932,5001
2022-07-09,5호선,거여,7150,6541
2022-07-09,5호선,개롱,4313,4377
2022-07-09,5호선,오금,2231,2095
2022-07-09,5호선,방이,5256,5200
2022-07-09,5호선,올림픽공원,3338,2701
2022-07-09,5호선,둔촌동,5994,5971
2022-07-09,5호선,상일동,10020,9199
2022-07-09,5호선,고덕,6868,6661
2022-07-09,5호선,명일,6700,6583
2022-07-09,5호선,굽은다리,8095,7675
2022-07-09,5호선,길동,6479,6550
2022-07-09,5호선,강동,13757,12843
2022-07-09,5호선,천호,18560,17645
2022-07-09,5호선,광나루,11603,10833
2022-07-09,5호선,아차산,12356,11614
2022-07-09,5호선,군자,8677,9795
2022-07-09,5호선,장한평,12054,11555
2022-07-09,5호선,답십리,10848,9615
2022-07-09,5호선,마장,3909,3728
2022-07-09,5호선,왕십리,3639,4796
2022-07-09,5호선,행당,6053,5057
2022-07-09,5호선,신금호,4388,4469
2022-07-09,5호선,청구,2712,2425
2022-07-09,5호선,동대문역사문화공원,1085,1327
2022-07-09,5호선,을지로4가,3451,3814
2022-07-09,5호선,종로3가,12954,13305
2022-07-09,5호선,광화문,17207,18073
2022-07-09,5호선,서대문,7959,7557
2022-07-09,5호선,충정로,2117,1901
2022-07-09,5호선,애오개,3920,3803
2022-07-09,5호선,공덕,7667,7783
2022-07-09,5호선,마포,7969,8117
2022-07-09,5호선,여의나루,14470,16494
2022-07-09,5호선,여의도,12870,13661
2022-07-09,5호선,영등포시장,8607,8812
2022-07-09,5호선,영등포구청,2188,1962
2022-07-09,5호선,양평,4009,3656
2022-07-09,5호선,오목교,17750,18272
2022-07-09,5호선,목동,11875,11753
2022-07-09,5호선,신정,9632,7974
2022-07-09,5호선,까치산,22276,20489
2022-07-09,5호선,화곡,21408,19257
2022-07-09,5호선,우장산,10632,10349
2022-07-09,5호선,발산,13825,15253
2022-07-09,5호선,마곡,5932,6114
2022-07-09,5호선,송정,5283,5054
2022-07-09,5호선,김포공항,8735,8904
2022-07-09,5호선,개화산,3997,3754
2022-07-09,5호선,방화,4969,4705
2022-07-09,5호선,신길,2890,2778
2022-07-10,5호선,하남검단산,5001,4846
2022-07-10,5호선,하남시청,4277,4120
2022-07-10,5호선,하남풍산,2403,2327
2022-07-10,5호선,미사,9214,9448
2022-07-10,5호선,강일,2388,2242
2022-07-10,5호선,마천,3598,3904
2022-07-10,5호선,거여,4722,4465
2022-07-10,5호선,개롱,3034,3305
2022-07-10,5호선,오금,1609,1522
2022-07-10,5호선,방이,3887,3849
2022-07-10,5호선,올림픽공원,2411,2010
2022-07-10,5호선,둔촌동,4531,4558
2022-07-10,5호선,상일동,6967,6786
2022-07-10,5호선,고덕,4344,4583
2022-07-10,5호선,명일,5275,5318
2022-07-10,5호선,굽은다리,5887,5639
2022-07-10,5호선,길동,4227,4205
2022-07-10,5호선,강동,9282,9091
2022-07-10,5호선,천호,13188,12532
2022-07-10,5호선,광나루,7714,7294
2022-07-10,5호선,아차산,9475,9158
2022-07-10,5호선,군자,6128,7020
2022-07-10,5호선,장한평,8097,8241
2022-07-10,5호선,답십리,7645,7097
2022-07-10,5호선,마장,2879,2706
2022-07-10,5호선,왕십리,2523,3226
2022-07-10,5호선,행당,4004,3623
2022-07-10,5호선,신금호,3026,3336
2022-07-10,5호선,청구,1884,1710
2022-07-10,5호선,동대문역사문화공원,767,858
2022-07-10,5호선,을지로4가,1655,1718
2022-07-10,5호선,종로3가,8959,8058
2022-07-10,5호선,광화문,12048,12614
2022-07-10,5호선,서대문,5217,5058
2022-07-10,5호선,충정로,1490,1585
2022-07-10,5호선,애오개,2734,2803
2022-07-10,5호선,공덕,4580,4524
2022-07-10,5호선,마포,4898,4856
2022-07-10,5호선,여의나루,13251,14672
2022-07-10,5호선,여의도,9042,9544
2022-07-10,5호선,신길,2076,2215
2022-07-10,5호선,영등포시장,5468,5618
2022-07-10,5호선,영등포구청,1316,1285
2022-07-10,5호선,양평,2624,2755
2022-07-10,5호선,오목교,12184,12733
2022-07-10,5호선,목동,7916,8064
2022-07-10,5호선,신정,6389,5842
2022-07-10,5호선,까치산,15929,15333
2022-07-10,5호선,화곡,14632,14002
2022-07-10,5호선,우장산,7231,7437
2022-07-10,5호선,발산,9545,10325
2022-07-10,5호선,마곡,3814,3929
2022-07-10,5호선,송정,3673,3758
2022-07-10,5호선,김포공항,8094,7904
2022-07-10,5호선,개화산,2763,2794
2022-07-10,5호선,방화,3699,3712
2022-07-11,5호선,하남검단산,6039,5748
2022-07-11,5호선,하남시청,7333,7068
2022-07-11,5호선,하남풍산,4542,4399
2022-07-11,5호선,미사,16736,17008
2022-07-11,5호선,강일,4641,4549
2022-07-11,5호선,마천,7638,7298
2022-07-11,5호선,거여,10811,10424
2022-07-11,5호선,개롱,6989,7162
2022-07-11,5호선,오금,4034,4102
2022-07-11,5호선,방이,7200,7532
2022-07-11,5호선,올림픽공원,4391,3864
2022-07-11,5호선,둔촌동,8238,8283
2022-07-11,5호선,상일동,15689,14378
2022-07-11,5호선,고덕,10309,10243
2022-07-11,5호선,명일,9006,9362
2022-07-11,5호선,굽은다리,9926,9618
2022-07-11,5호선,길동,8296,8728
2022-07-11,5호선,강동,19164,18599
2022-07-11,5호선,천호,17020,17521
2022-07-11,5호선,광나루,13374,12110
2022-07-11,5호선,아차산,14462,13843
2022-07-11,5호선,군자,11191,12242
2022-07-11,5호선,장한평,19222,19110
2022-07-11,5호선,답십리,16496,15070
2022-07-11,5호선,마장,5735,5448
2022-07-11,5호선,왕십리,4623,5390
2022-07-11,5호선,행당,8501,7618
2022-07-11,5호선,신금호,6761,7024
2022-07-11,5호선,청구,4108,3707
2022-07-11,5호선,동대문역사문화공원,3322,3697
2022-07-11,5호선,을지로4가,6398,6427
2022-07-11,5호선,종로3가,12632,12406
2022-07-11,5호선,광화문,31222,32605
2022-07-11,5호선,서대문,20735,21184
2022-07-11,5호선,충정로,4619,4743
2022-07-11,5호선,애오개,7077,7022
2022-07-11,5호선,공덕,15221,16040
2022-07-11,5호선,마포,14971,15509
2022-07-11,5호선,여의나루,9958,10683
2022-07-11,5호선,여의도,29582,31663
2022-07-11,5호선,신길,4526,4670
2022-07-11,5호선,영등포시장,10421,10873
2022-07-11,5호선,영등포구청,4283,4401
2022-07-11,5호선,양평,7940,7983
2022-07-11,5호선,오목교,22638,24085
2022-07-11,5호선,목동,17580,18796
2022-07-11,5호선,신정,14458,11855
2022-07-11,5호선,까치산,29627,28362
2022-07-11,5호선,화곡,29350,27242
2022-07-11,5호선,우장산,15366,15120
2022-07-11,5호선,발산,21972,22692
2022-07-11,5호선,마곡,11332,11409
2022-07-11,5호선,송정,6850,6340
2022-07-11,5호선,김포공항,7795,7455
2022-07-11,5호선,개화산,5997,5661
2022-07-11,5호선,방화,7111,6796
2022-07-12,5호선,하남검단산,6441,6137
2022-07-12,5호선,하남시청,7751,7437
2022-07-12,5호선,하남풍산,4555,4550
2022-07-12,5호선,미사,17350,17378
2022-07-12,5호선,강일,4925,4795
2022-07-12,5호선,마천,7985,7511
2022-07-12,5호선,거여,11171,10829
2022-07-12,5호선,개롱,7049,7262
2022-07-12,5호선,오금,4125,4314
2022-07-12,5호선,방이,7640,7956
2022-07-12,5호선,올림픽공원,4596,3831
2022-07-12,5호선,둔촌동,8627,8715
2022-07-12,5호선,상일동,16046,14730
2022-07-12,5호선,고덕,10562,10424
2022-07-12,5호선,명일,9405,9676
2022-07-12,5호선,굽은다리,10197,9648
2022-07-12,5호선,길동,8519,8948
2022-07-12,5호선,강동,19757,18854
2022-07-12,5호선,천호,19496,19579
2022-07-12,5호선,광나루,13961,12778
2022-07-12,5호선,아차산,15783,14780
2022-07-12,5호선,군자,11849,12841
2022-07-12,5호선,장한평,19486,19554
2022-07-12,5호선,답십리,16983,15335
2022-07-12,5호선,마장,5954,5439
2022-07-12,5호선,왕십리,4777,5406
2022-07-12,5호선,행당,8645,7759
2022-07-12,5호선,신금호,7024,7260
2022-07-12,5호선,청구,4216,3780
2022-07-12,5호선,동대문역사문화공원,3284,3860
2022-07-12,5호선,을지로4가,6667,6756
2022-07-12,5호선,종로3가,13096,13144
2022-07-12,5호선,광화문,32719,34478
2022-07-12,5호선,서대문,21291,21649
2022-07-12,5호선,충정로,4913,4949
2022-07-12,5호선,애오개,7446,7381
2022-07-12,5호선,공덕,15841,16601
2022-07-12,5호선,마포,15287,15815
2022-07-12,5호선,여의나루,11906,13432
2022-07-12,5호선,여의도,31544,33742
2022-07-12,5호선,신길,4550,4754
2022-07-12,5호선,영등포시장,10789,11169
2022-07-12,5호선,영등포구청,4383,4556
2022-07-12,5호선,양평,8075,7998
2022-07-12,5호선,오목교,23193,24767
2022-07-12,5호선,목동,17956,19272
2022-07-12,5호선,신정,14728,12093
2022-07-12,5호선,까치산,30512,28718
2022-07-12,5호선,화곡,30063,28037
2022-07-12,5호선,우장산,15892,15484
2022-07-12,5호선,발산,22354,23150
2022-07-12,5호선,마곡,11636,11850
2022-07-12,5호선,송정,6945,6452
2022-07-12,5호선,김포공항,7792,7630
2022-07-12,5호선,개화산,6136,5795
2022-07-12,5호선,방화,7330,7040
2022-07-13,5호선,방화,6770,6501
2022-07-13,5호선,개화산,5568,5392
2022-07-13,5호선,김포공항,7729,7018
2022-07-13,5호선,송정,6311,5871
2022-07-13,5호선,마곡,11257,11231
2022-07-13,5호선,발산,20813,21525
2022-07-13,5호선,우장산,14503,14470
2022-07-13,5호선,화곡,28072,26318
2022-07-13,5호선,까치산,28276,27225
2022-07-13,5호선,신정,14560,11847
2022-07-13,5호선,목동,16766,18150
2022-07-13,5호선,오목교,21999,23400
2022-07-13,5호선,양평,8008,8079
2022-07-13,5호선,영등포구청,4018,4116
2022-07-13,5호선,영등포시장,10142,10780
2022-07-13,5호선,신길,4563,4988
2022-07-13,5호선,여의도,34373,34017
2022-07-13,5호선,여의나루,8993,10986
2022-07-13,5호선,마포,15365,15657
2022-07-13,5호선,공덕,15165,16289
2022-07-13,5호선,애오개,7329,7448
2022-07-13,5호선,충정로,5044,5064
2022-07-13,5호선,서대문,21799,21272
2022-07-13,5호선,광화문,34920,35736
2022-07-13,5호선,종로3가,12308,12011
2022-07-13,5호선,을지로4가,6079,6119
2022-07-13,5호선,동대문역사문화공원,3607,3927
2022-07-13,5호선,신금호,6690,6990
2022-07-13,5호선,행당,8548,7689
2022-07-13,5호선,왕십리,4633,5147
2022-07-13,5호선,마장,5734,5360
2022-07-13,5호선,답십리,16430,15018
2022-07-13,5호선,장한평,19279,19311
2022-07-13,5호선,군자,11187,12316
2022-07-13,5호선,아차산,14270,13845
2022-07-13,5호선,광나루,13001,11735
2022-07-13,5호선,천호,17438,17233
2022-07-13,5호선,강동,19013,18551
2022-07-13,5호선,길동,7773,8275
2022-07-13,5호선,굽은다리,9701,9527
2022-07-13,5호선,명일,8768,9268
2022-07-13,5호선,고덕,9850,9748
2022-07-13,5호선,상일동,15396,14402
2022-07-13,5호선,둔촌동,8069,8087
2022-07-13,5호선,올림픽공원,4188,3561
2022-07-13,5호선,방이,7260,7807
2022-07-13,5호선,오금,3887,4005
2022-07-13,5호선,개롱,6661,7077
2022-07-13,5호선,거여,10509,10204
2022-07-13,5호선,마천,7349,7095
2022-07-13,5호선,강일,4316,4342
2022-07-13,5호선,미사,16388,16498
2022-07-13,5호선,하남풍산,4185,4163
2022-07-13,5호선,하남시청,6690,6494
2022-07-13,5호선,하남검단산,5825,5536
2022-07-13,5호선,청구,3919,3839
2022-07-14,5호선,청구,4304,3823
2022-07-14,5호선,방화,7360,7076
2022-07-14,5호선,개화산,6159,5786
2022-07-14,5호선,김포공항,8325,7957
2022-07-14,5호선,송정,7056,6394
2022-07-14,5호선,마곡,11651,11862
2022-07-14,5호선,발산,22282,23468
2022-07-14,5호선,우장산,15790,15543
2022-07-14,5호선,화곡,30365,27913
2022-07-14,5호선,까치산,30740,28976
2022-07-14,5호선,신정,14883,12072
2022-07-14,5호선,목동,18076,19244
2022-07-14,5호선,오목교,23560,25138
2022-07-14,5호선,양평,8059,7980
2022-07-14,5호선,영등포구청,4365,4515
2022-07-14,5호선,영등포시장,11264,11576
2022-07-14,5호선,신길,4694,4801
2022-07-14,5호선,여의도,31314,34092
2022-07-14,5호선,여의나루,12375,13561
2022-07-14,5호선,마포,15785,16076
2022-07-14,5호선,공덕,15941,16798
2022-07-14,5호선,애오개,7418,7330
2022-07-14,5호선,충정로,4863,4929
2022-07-14,5호선,서대문,21104,21548
2022-07-14,5호선,광화문,32937,34888
2022-07-14,5호선,종로3가,14035,13905
2022-07-14,5호선,을지로4가,6833,6855
2022-07-14,5호선,동대문역사문화공원,3291,3918
2022-07-14,5호선,신금호,7177,7388
2022-07-14,5호선,행당,8746,7730
2022-07-14,5호선,왕십리,4922,5678
2022-07-14,5호선,마장,6079,5676
2022-07-14,5호선,답십리,17190,15391
2022-07-14,5호선,장한평,19935,19844
2022-07-14,5호선,군자,11844,12772
2022-07-14,5호선,아차산,15465,14800
2022-07-14,5호선,광나루,13941,12860
2022-07-14,5호선,천호,19009,18986
2022-07-14,5호선,강동,19603,18813
2022-07-14,5호선,길동,8539,8787
2022-07-14,5호선,굽은다리,10410,9792
2022-07-14,5호선,명일,9121,9435
2022-07-14,5호선,고덕,10617,10556
2022-07-14,5호선,상일동,16155,14615
2022-07-14,5호선,둔촌동,8511,8515
2022-07-14,5호선,올림픽공원,4637,3840
2022-07-14,5호선,방이,7490,7777
2022-07-14,5호선,오금,4055,4122
2022-07-14,5호선,개롱,7026,7212
2022-07-14,5호선,거여,10936,10441
2022-07-14,5호선,마천,7787,7405
2022-07-14,5호선,강일,4787,4603
2022-07-14,5호선,미사,17496,17623
2022-07-14,5호선,하남풍산,4622,4519
2022-07-14,5호선,하남시청,7601,7531
2022-07-14,5호선,하남검단산,6385,5998
2022-07-15,5호선,신길,4704,4794
2022-07-15,5호선,여의도,30440,32967
2022-07-15,5호선,여의나루,13478,14715
2022-07-15,5호선,마포,15556,16115
2022-07-15,5호선,공덕,15554,16330
2022-07-15,5호선,애오개,7680,7456
2022-07-15,5호선,충정로,4549,4625
2022-07-15,5호선,서대문,20569,20816
2022-07-15,5호선,광화문,33609,35876
2022-07-15,5호선,종로3가,14805,15332
2022-07-15,5호선,을지로4가,6493,6983
2022-07-15,5호선,동대문역사문화공원,3327,3844
2022-07-15,5호선,청구,4221,3965
2022-07-15,5호선,신금호,7155,7232
2022-07-15,5호선,행당,8900,7747
2022-07-15,5호선,왕십리,4997,5942
2022-07-15,5호선,마장,6163,5598
2022-07-15,5호선,답십리,17660,15795
2022-07-15,5호선,장한평,20037,19891
2022-07-15,5호선,군자,12112,13459
2022-07-15,5호선,아차산,16015,15134
2022-07-15,5호선,광나루,15037,13719
2022-07-15,5호선,천호,20561,20881
2022-07-15,5호선,강동,20149,18977
2022-07-15,5호선,길동,8764,9297
2022-07-15,5호선,굽은다리,10611,10090
2022-07-15,5호선,명일,9513,9641
2022-07-15,5호선,고덕,11026,10807
2022-07-15,5호선,상일동,16336,14632
2022-07-15,5호선,둔촌동,9022,9191
2022-07-15,5호선,올림픽공원,4985,4065
2022-07-15,5호선,방이,7738,8115
2022-07-15,5호선,오금,4112,4207
2022-07-15,5호선,개롱,7139,7314
2022-07-15,5호선,거여,11163,10399
2022-07-15,5호선,마천,8237,7803
2022-07-15,5호선,강일,4812,4626
2022-07-15,5호선,미사,17662,17907
2022-07-15,5호선,하남풍산,4708,4603
2022-07-15,5호선,하남시청,7751,7450
2022-07-15,5호선,하남검단산,6500,6164
2022-07-15,5호선,방화,7487,6983
2022-07-15,5호선,개화산,6160,5726
2022-07-15,5호선,김포공항,9293,8789
2022-07-15,5호선,송정,7226,6659
2022-07-15,5호선,마곡,11400,11676
2022-07-15,5호선,발산,22051,23415
2022-07-15,5호선,우장산,15971,15529
2022-07-15,5호선,화곡,31070,28376
2022-07-15,5호선,까치산,31525,29399
2022-07-15,5호선,신정,15253,12009
2022-07-15,5호선,목동,18625,19372
2022-07-15,5호선,오목교,24208,26096
2022-07-15,5호선,양평,8120,7837
2022-07-15,5호선,영등포구청,4328,4348
2022-07-15,5호선,영등포시장,11611,11743
2022-07-16,5호선,하남검단산,5381,5281
2022-07-16,5호선,하남시청,5734,5424
2022-07-16,5호선,하남풍산,2827,2870
2022-07-16,5호선,미사,12369,12202
2022-07-16,5호선,강일,3132,2925
2022-07-16,5호선,마천,4784,4853
2022-07-16,5호선,거여,6610,6179
2022-07-16,5호선,개롱,4374,4540
2022-07-16,5호선,오금,2045,1894
2022-07-16,5호선,방이,5316,5179
2022-07-16,5호선,올림픽공원,3325,2617
2022-07-16,5호선,둔촌동,5763,5825
2022-07-16,5호선,상일동,9541,8662
2022-07-16,5호선,고덕,6654,6360
2022-07-16,5호선,명일,6224,6160
2022-07-16,5호선,굽은다리,7623,7219
2022-07-16,5호선,길동,6162,6265
2022-07-16,5호선,강동,13420,12710
2022-07-16,5호선,천호,16556,15913
2022-07-16,5호선,광나루,10403,9925
2022-07-16,5호선,아차산,11593,10746
2022-07-16,5호선,군자,8620,9751
2022-07-16,5호선,장한평,11506,11128
2022-07-16,5호선,답십리,10662,9631
2022-07-16,5호선,마장,3809,3556
2022-07-16,5호선,왕십리,3395,4370
2022-07-16,5호선,행당,5738,5116
2022-07-16,5호선,신금호,4163,4266
2022-07-16,5호선,청구,2550,2430
2022-07-16,5호선,동대문역사문화공원,1167,1400
2022-07-16,5호선,을지로4가,3409,3734
2022-07-16,5호선,종로3가,13548,13339
2022-07-16,5호선,광화문,18890,18861
2022-07-16,5호선,서대문,8028,7423
2022-07-16,5호선,충정로,2165,1976
2022-07-16,5호선,애오개,4394,4233
2022-07-16,5호선,공덕,7400,7785
2022-07-16,5호선,마포,7722,7658
2022-07-16,5호선,여의나루,10860,12389
2022-07-16,5호선,여의도,11798,12905
2022-07-16,5호선,신길,2860,2896
2022-07-16,5호선,영등포시장,8209,8390
2022-07-16,5호선,영등포구청,2052,1936
2022-07-16,5호선,양평,3955,3611
2022-07-16,5호선,오목교,17043,17371
2022-07-16,5호선,목동,11544,11532
2022-07-16,5호선,신정,9450,7707
2022-07-16,5호선,까치산,21784,20268
2022-07-16,5호선,화곡,20838,18698
2022-07-16,5호선,우장산,10402,9926
2022-07-16,5호선,발산,12957,14341
2022-07-16,5호선,마곡,5733,5809
2022-07-16,5호선,송정,5268,4822
2022-07-16,5호선,김포공항,7979,8224
2022-07-16,5호선,개화산,3816,3556
2022-07-16,5호선,방화,4739,4471
2022-07-17,5호선,방화,3682,3592
2022-07-17,5호선,개화산,2703,2783
2022-07-17,5호선,김포공항,7574,7504
2022-07-17,5호선,송정,3690,3635
2022-07-17,5호선,마곡,3719,4052
2022-07-17,5호선,발산,8983,9610
2022-07-17,5호선,우장산,7063,7264
2022-07-17,5호선,화곡,14336,13622
2022-07-17,5호선,까치산,16055,15381
2022-07-17,5호선,신정,6463,5808
2022-07-17,5호선,목동,7937,8047
2022-07-17,5호선,오목교,11409,11920
2022-07-17,5호선,양평,2727,2762
2022-07-17,5호선,영등포구청,1455,1342
2022-07-17,5호선,영등포시장,5856,6065
2022-07-17,5호선,신길,1993,2118
2022-07-17,5호선,여의도,7763,8480
2022-07-17,5호선,여의나루,10819,11474
2022-07-17,5호선,마포,4918,4851
2022-07-17,5호선,공덕,4604,4660
2022-07-17,5호선,애오개,2817,2809
2022-07-17,5호선,충정로,1454,1440
2022-07-17,5호선,서대문,4835,4700
2022-07-17,5호선,광화문,12160,12680
2022-07-17,5호선,종로3가,9401,8242
2022-07-17,5호선,을지로4가,1757,1737
2022-07-17,5호선,동대문역사문화공원,852,937
2022-07-17,5호선,청구,1816,1646
2022-07-17,5호선,신금호,2961,3229
2022-07-17,5호선,행당,4078,3626
2022-07-17,5호선,왕십리,2593,3034
2022-07-17,5호선,마장,2808,2670
2022-07-17,5호선,답십리,7666,7146
2022-07-17,5호선,장한평,7928,7923
2022-07-17,5호선,군자,6147,6798
2022-07-17,5호선,아차산,9271,9223
2022-07-17,5호선,광나루,8221,7662
2022-07-17,5호선,천호,13145,12337
2022-07-17,5호선,강동,9508,9384
2022-07-17,5호선,길동,4383,4364
2022-07-17,5호선,굽은다리,5723,5474
2022-07-17,5호선,명일,4958,5075
2022-07-17,5호선,고덕,4428,4677
2022-07-17,5호선,상일동,6776,6472
2022-07-17,5호선,둔촌동,4773,4768
2022-07-17,5호선,올림픽공원,2464,2091
2022-07-17,5호선,방이,4006,3848
2022-07-17,5호선,오금,1502,1466
2022-07-17,5호선,개롱,3033,3294
2022-07-17,5호선,거여,4698,4467
2022-07-17,5호선,마천,3535,3837
2022-07-17,5호선,강일,2438,2292
2022-07-17,5호선,미사,9078,9457
2022-07-17,5호선,하남풍산,2288,2243
2022-07-17,5호선,하남시청,4297,4034
2022-07-17,5호선,하남검단산,4812,4728
2022-07-18,5호선,오금,3929,3914
2022-07-18,5호선,개롱,6801,7111
2022-07-18,5호선,거여,10592,10211
2022-07-18,5호선,마천,7661,7213
2022-07-18,5호선,강일,4717,4530
2022-07-18,5호선,미사,16804,16847
2022-07-18,5호선,하남풍산,4371,4304
2022-07-18,5호선,하남시청,7257,7062
2022-07-18,5호선,하남검단산,6083,5721
2022-07-18,5호선,방이,7268,7485
2022-07-18,5호선,올림픽공원,4460,3772
2022-07-18,5호선,둔촌동,8187,8282
2022-07-18,5호선,상일동,15674,14300
2022-07-18,5호선,고덕,10393,10190
2022-07-18,5호선,명일,8940,9261
2022-07-18,5호선,굽은다리,9946,9566
2022-07-18,5호선,길동,8331,8682
2022-07-18,5호선,강동,19074,18291
2022-07-18,5호선,천호,17816,18213
2022-07-18,5호선,광나루,13351,12174
2022-07-18,5호선,아차산,14263,13860
2022-07-18,5호선,군자,11113,12189
2022-07-18,5호선,장한평,18858,18706
2022-07-18,5호선,답십리,16592,15053
2022-07-18,5호선,마장,5707,5165
2022-07-18,5호선,왕십리,4393,5113
2022-07-18,5호선,행당,8443,7575
2022-07-18,5호선,신금호,6650,6990
2022-07-18,5호선,청구,4036,3703
2022-07-18,5호선,동대문역사문화공원,3254,3665
2022-07-18,5호선,을지로4가,6450,6658
2022-07-18,5호선,종로3가,12507,12545
2022-07-18,5호선,광화문,31435,32695
2022-07-18,5호선,서대문,20277,20641
2022-07-18,5호선,충정로,4691,4749
2022-07-18,5호선,애오개,7168,7085
2022-07-18,5호선,공덕,15024,15805
2022-07-18,5호선,마포,14739,15182
2022-07-18,5호선,여의나루,12057,13283
2022-07-18,5호선,여의도,29606,31913
2022-07-18,5호선,신길,4351,4745
2022-07-18,5호선,영등포시장,10318,10386
2022-07-18,5호선,영등포구청,4326,4510
2022-07-18,5호선,양평,7925,7913
2022-07-18,5호선,오목교,22080,23553
2022-07-18,5호선,목동,17288,18501
2022-07-18,5호선,신정,14611,11921
2022-07-18,5호선,까치산,29527,28019
2022-07-18,5호선,화곡,29251,27371
2022-07-18,5호선,우장산,15078,14830
2022-07-18,5호선,발산,21362,21821
2022-07-18,5호선,마곡,11321,11484
2022-07-18,5호선,송정,6712,6243
2022-07-18,5호선,김포공항,7908,7701
2022-07-18,5호선,개화산,5745,5527
2022-07-18,5호선,방화,7048,6684
2022-07-19,5호선,하남검단산,6330,6066
2022-07-19,5호선,하남시청,7798,7496
2022-07-19,5호선,하남풍산,4535,4422
2022-07-19,5호선,미사,17152,17492
2022-07-19,5호선,강일,4782,4745
2022-07-19,5호선,마천,7773,7467
2022-07-19,5호선,거여,10923,10294
2022-07-19,5호선,개롱,7351,7508
2022-07-19,5호선,오금,4003,3999
2022-07-19,5호선,방이,7525,7778
2022-07-19,5호선,올림픽공원,4489,3925
2022-07-19,5호선,둔촌동,8533,8657
2022-07-19,5호선,상일동,16000,14525
2022-07-19,5호선,고덕,10394,10352
2022-07-19,5호선,명일,9156,9458
2022-07-19,5호선,굽은다리,10144,9656
2022-07-19,5호선,길동,8351,8655
2022-07-19,5호선,강동,19552,18666
2022-07-19,5호선,천호,18769,18888
2022-07-19,5호선,광나루,14348,13148
2022-07-19,5호선,아차산,14885,14363
2022-07-19,5호선,군자,11537,12520
2022-07-19,5호선,장한평,19669,19418
2022-07-19,5호선,답십리,16810,15149
2022-07-19,5호선,마장,5735,5522
2022-07-19,5호선,왕십리,4679,5460
2022-07-19,5호선,행당,8798,7698
2022-07-19,5호선,신금호,6707,6969
2022-07-19,5호선,청구,4142,3879
2022-07-19,5호선,동대문역사문화공원,3361,3868
2022-07-19,5호선,을지로4가,6625,6782
2022-07-19,5호선,종로3가,13139,13081
2022-07-19,5호선,광화문,33196,35046
2022-07-19,5호선,서대문,20814,21325
2022-07-19,5호선,충정로,4800,4809
2022-07-19,5호선,애오개,7359,7326
2022-07-19,5호선,공덕,15636,16337
2022-07-19,5호선,마포,15320,15764
2022-07-19,5호선,여의나루,12777,13786
2022-07-19,5호선,여의도,30680,33032
2022-07-19,5호선,신길,4418,4757
2022-07-19,5호선,영등포시장,10517,10993
2022-07-19,5호선,영등포구청,4271,4368
2022-07-19,5호선,양평,7964,7922
2022-07-19,5호선,오목교,23173,24661
2022-07-19,5호선,목동,17788,19015
2022-07-19,5호선,신정,14710,11969
2022-07-19,5호선,까치산,30165,28692
2022-07-19,5호선,화곡,29894,27884
2022-07-19,5호선,우장산,15604,15249
2022-07-19,5호선,발산,22307,23360
2022-07-19,5호선,마곡,11796,11797
2022-07-19,5호선,송정,6798,6245
2022-07-19,5호선,김포공항,8061,7650
2022-07-19,5호선,개화산,6033,5667
2022-07-19,5호선,방화,7068,6761
2022-07-20,5호선,군자,11807,12856
2022-07-20,5호선,광나루,14189,12848
2022-07-20,5호선,천호,19204,19140
2022-07-20,5호선,강동,19406,18902
2022-07-20,5호선,길동,8546,8728
2022-07-20,5호선,굽은다리,10455,10047
2022-07-20,5호선,명일,9310,9608
2022-07-20,5호선,고덕,10719,10828
2022-07-20,5호선,상일동,16021,14727
2022-07-20,5호선,둔촌동,8499,8575
2022-07-20,5호선,올림픽공원,4397,3794
2022-07-20,5호선,방이,7413,7907
2022-07-20,5호선,오금,3775,3767
2022-07-20,5호선,개롱,6886,7132
2022-07-20,5호선,거여,10884,10421
2022-07-20,5호선,마천,7660,7321
2022-07-20,5호선,강일,4685,4649
2022-07-20,5호선,미사,17615,17634
2022-07-20,5호선,하남풍산,4601,4488
2022-07-20,5호선,하남검단산,6387,6041
2022-07-20,5호선,하남시청,7380,7194
2022-07-20,5호선,방화,7041,6752
2022-07-20,5호선,개화산,5955,5725
2022-07-20,5호선,김포공항,8045,7764
2022-07-20,5호선,송정,6927,6394
2022-07-20,5호선,마곡,11765,11824
2022-07-20,5호선,발산,22552,23045
2022-07-20,5호선,우장산,15082,15034
2022-07-20,5호선,화곡,30115,27916
2022-07-20,5호선,까치산,30184,28913
2022-07-20,5호선,신정,14695,12158
2022-07-20,5호선,목동,17928,19024
2022-07-20,5호선,오목교,23596,24966
2022-07-20,5호선,양평,7879,7924
2022-07-20,5호선,영등포구청,4142,4413
2022-07-20,5호선,영등포시장,10801,11301
2022-07-20,5호선,신길,4482,4843
2022-07-20,5호선,여의도,31273,33088
2022-07-20,5호선,여의나루,12405,13689
2022-07-20,5호선,마포,15688,16019
2022-07-20,5호선,공덕,15927,16650
2022-07-20,5호선,애오개,7377,7380
2022-07-20,5호선,충정로,4767,4946
2022-07-20,5호선,서대문,21037,21385
2022-07-20,5호선,광화문,34937,36491
2022-07-20,5호선,종로3가,14150,13441
2022-07-20,5호선,을지로4가,6690,6756
2022-07-20,5호선,동대문역사문화공원,3244,3810
2022-07-20,5호선,청구,4152,3982
2022-07-20,5호선,신금호,6785,7053
2022-07-20,5호선,행당,8731,7682
2022-07-20,5호선,왕십리,4796,5479
2022-07-20,5호선,마장,5863,5478
2022-07-20,5호선,답십리,16863,15441
2022-07-20,5호선,장한평,20138,19971
2022-07-20,5호선,아차산,15073,14508
2022-07-21,5호선,광나루,13461,11966
2022-07-21,5호선,천호,18436,18346
2022-07-21,5호선,강동,19368,18600
2022-07-21,5호선,길동,8221,8416
2022-07-21,5호선,굽은다리,10222,9762
2022-07-21,5호선,명일,8942,9062
2022-07-21,5호선,고덕,10201,10251
2022-07-21,5호선,상일동,15760,14198
2022-07-21,5호선,둔촌동,8405,8278
2022-07-21,5호선,올림픽공원,4137,3475
2022-07-21,5호선,방이,7458,7689
2022-07-21,5호선,오금,3724,3751
2022-07-21,5호선,개롱,6904,6969
2022-07-21,5호선,거여,10561,9946
2022-07-21,5호선,마천,7501,7060
2022-07-21,5호선,강일,4586,4551
2022-07-21,5호선,미사,17219,17316
2022-07-21,5호선,하남풍산,4316,4361
2022-07-21,5호선,하남시청,7093,6827
2022-07-21,5호선,하남검단산,6069,5730
2022-07-21,5호선,방화,6825,6478
2022-07-21,5호선,개화산,5819,5550
2022-07-21,5호선,김포공항,7960,7634
2022-07-21,5호선,송정,6762,6157
2022-07-21,5호선,마곡,11373,11729
2022-07-21,5호선,발산,21585,22880
2022-07-21,5호선,우장산,14870,14402
2022-07-21,5호선,화곡,29591,27275
2022-07-21,5호선,까치산,30062,28209
2022-07-21,5호선,신정,14658,11620
2022-07-21,5호선,목동,17591,18683
2022-07-21,5호선,오목교,22609,23943
2022-07-21,5호선,양평,7917,7839
2022-07-21,5호선,영등포구청,4215,4267
2022-07-21,5호선,영등포시장,10678,10998
2022-07-21,5호선,신길,4568,4734
2022-07-21,5호선,여의도,29943,33329
2022-07-21,5호선,여의나루,11939,13059
2022-07-21,5호선,마포,15142,15583
2022-07-21,5호선,공덕,15510,16368
2022-07-21,5호선,애오개,7277,7195
2022-07-21,5호선,충정로,4711,4766
2022-07-21,5호선,서대문,20359,21243
2022-07-21,5호선,광화문,32471,34825
2022-07-21,5호선,종로3가,13427,13226
2022-07-21,5호선,을지로4가,6662,6824
2022-07-21,5호선,동대문역사문화공원,3191,3790
2022-07-21,5호선,청구,4088,3783
2022-07-21,5호선,신금호,6632,6843
2022-07-21,5호선,행당,8678,7581
2022-07-21,5호선,왕십리,4550,5304
2022-07-21,5호선,마장,5749,5366
2022-07-21,5호선,답십리,16659,14852
2022-07-21,5호선,장한평,19670,19458
2022-07-21,5호선,군자,11335,12353
2022-07-21,5호선,아차산,14361,13618
2022-07-22,5호선,방화,6963,6755
2022-07-22,5호선,개화산,5946,5562
2022-07-22,5호선,김포공항,8661,8455
2022-07-22,5호선,송정,7119,6511
2022-07-22,5호선,마곡,11309,11364
2022-07-22,5호선,발산,21019,22427
2022-07-22,5호선,우장산,14910,14576
2022-07-22,5호선,화곡,30218,27483
2022-07-22,5호선,까치산,30326,28193
2022-07-22,5호선,신정,14547,11364
2022-07-22,5호선,목동,17901,18918
2022-07-22,5호선,오목교,23023,24694
2022-07-22,5호선,양평,7856,7548
2022-07-22,5호선,영등포구청,4204,4221
2022-07-22,5호선,영등포시장,10863,11180
2022-07-22,5호선,신길,4499,4640
2022-07-22,5호선,여의도,29430,32013
2022-07-22,5호선,여의나루,12643,13798
2022-07-22,5호선,마포,14993,15687
2022-07-22,5호선,공덕,15032,16037
2022-07-22,5호선,애오개,7126,6873
2022-07-22,5호선,충정로,4586,4617
2022-07-22,5호선,서대문,19757,20214
2022-07-22,5호선,광화문,32985,35514
2022-07-22,5호선,종로3가,14260,14838
2022-07-22,5호선,을지로4가,6486,6690
2022-07-22,5호선,동대문역사문화공원,3125,3693
2022-07-22,5호선,청구,4087,3808
2022-07-22,5호선,신금호,6559,6654
2022-07-22,5호선,행당,8579,7462
2022-07-22,5호선,왕십리,4663,5471
2022-07-22,5호선,마장,5876,5267
2022-07-22,5호선,답십리,16922,15222
2022-07-22,5호선,장한평,19644,19242
2022-07-22,5호선,군자,11793,12693
2022-07-22,5호선,아차산,14591,14074
2022-07-22,5호선,광나루,13558,12079
2022-07-22,5호선,천호,19873,19947
2022-07-22,5호선,강동,19439,18386
2022-07-22,5호선,길동,8476,8902
2022-07-22,5호선,굽은다리,10136,9761
2022-07-22,5호선,명일,9128,9161
2022-07-22,5호선,고덕,10184,10142
2022-07-22,5호선,상일동,15819,14368
2022-07-22,5호선,둔촌동,8631,8723
2022-07-22,5호선,올림픽공원,4452,3761
2022-07-22,5호선,방이,7440,7769
2022-07-22,5호선,오금,3813,3697
2022-07-22,5호선,개롱,6886,6931
2022-07-22,5호선,거여,10524,9686
2022-07-22,5호선,마천,7780,7313
2022-07-22,5호선,강일,4664,4491
2022-07-22,5호선,미사,17379,17629
2022-07-22,5호선,하남풍산,4422,4368
2022-07-22,5호선,하남시청,7611,7255
2022-07-22,5호선,하남검단산,6310,5985
2022-07-23,5호선,방화,4886,4595
2022-07-23,5호선,개화산,3837,3627
2022-07-23,5호선,김포공항,7312,7671
2022-07-23,5호선,송정,4977,4639
2022-07-23,5호선,마곡,5357,5515
2022-07-23,5호선,발산,12574,13526
2022-07-23,5호선,우장산,9867,9718
2022-07-23,5호선,화곡,20058,18286
2022-07-23,5호선,까치산,20799,19337
2022-07-23,5호선,신정,9002,7603
2022-07-23,5호선,목동,11130,11038
2022-07-23,5호선,오목교,15902,16219
2022-07-23,5호선,양평,3699,3552
2022-07-23,5호선,영등포구청,1916,1852
2022-07-23,5호선,영등포시장,7532,7967
2022-07-23,5호선,신길,2675,2792
2022-07-23,5호선,여의도,11884,11747
2022-07-23,5호선,여의나루,6614,9013
2022-07-23,5호선,마포,7415,7596
2022-07-23,5호선,공덕,6957,7132
2022-07-23,5호선,애오개,3774,3758
2022-07-23,5호선,충정로,1848,1745
2022-07-23,5호선,서대문,7381,7186
2022-07-23,5호선,광화문,16412,16651
2022-07-23,5호선,종로3가,13496,13139
2022-07-23,5호선,을지로4가,3259,3589
2022-07-23,5호선,동대문역사문화공원,1159,1495
2022-07-23,5호선,청구,2411,2311
2022-07-23,5호선,신금호,4028,4132
2022-07-23,5호선,행당,5678,4931
2022-07-23,5호선,왕십리,3224,4200
2022-07-23,5호선,마장,3707,3562
2022-07-23,5호선,답십리,10202,9372
2022-07-23,5호선,장한평,11195,11029
2022-07-23,5호선,군자,8284,9449
2022-07-23,5호선,아차산,11556,11170
2022-07-23,5호선,광나루,10790,10472
2022-07-23,5호선,천호,16477,15486
2022-07-23,5호선,강동,12506,11933
2022-07-23,5호선,길동,6114,6269
2022-07-23,5호선,굽은다리,7599,6970
2022-07-23,5호선,명일,6189,6146
2022-07-23,5호선,고덕,6483,6278
2022-07-23,5호선,상일동,9284,8897
2022-07-23,5호선,둔촌동,5875,5795
2022-07-23,5호선,올림픽공원,2839,2382
2022-07-23,5호선,방이,5285,5120
2022-07-23,5호선,오금,2243,2034
2022-07-23,5호선,개롱,4083,4332
2022-07-23,5호선,거여,6573,6204
2022-07-23,5호선,마천,4776,4907
2022-07-23,5호선,하남검단산,5483,5306
2022-07-23,5호선,하남시청,5812,5335
2022-07-23,5호선,하남풍산,3013,2973
2022-07-23,5호선,미사,12332,12265
2022-07-23,5호선,강일,3174,2908
2022-07-24,5호선,하남검단산,4393,4328
2022-07-24,5호선,하남시청,4286,4171
2022-07-24,5호선,하남풍산,2250,2285
2022-07-24,5호선,미사,8962,9147
2022-07-24,5호선,강일,2367,2281
2022-07-24,5호선,마천,3516,3676
2022-07-24,5호선,거여,4723,4577
2022-07-24,5호선,개롱,2884,3129
2022-07-24,5호선,오금,1488,1385
2022-07-24,5호선,방이,3780,3585
2022-07-24,5호선,올림픽공원,2062,1758
2022-07-24,5호선,둔촌동,4289,4404
2022-07-24,5호선,상일동,6465,6265
2022-07-24,5호선,고덕,4213,4210
2022-07-24,5호선,명일,4740,4769
2022-07-24,5호선,굽은다리,5309,4861
2022-07-24,5호선,길동,4015,4115
2022-07-24,5호선,강동,8617,8613
2022-07-24,5호선,천호,12209,11358
2022-07-24,5호선,광나루,7319,6964
2022-07-24,5호선,아차산,8798,8449
2022-07-24,5호선,군자,5813,6696
2022-07-24,5호선,장한평,7881,7993
2022-07-24,5호선,답십리,7311,6727
2022-07-24,5호선,마장,2729,2697
2022-07-24,5호선,왕십리,2256,2716
2022-07-24,5호선,행당,3878,3549
2022-07-24,5호선,신금호,2864,3073
2022-07-24,5호선,청구,1787,1676
2022-07-24,5호선,동대문역사문화공원,838,954
2022-07-24,5호선,을지로4가,1565,1758
2022-07-24,5호선,종로3가,8653,7940
2022-07-24,5호선,광화문,11816,12018
2022-07-24,5호선,서대문,4618,4582
2022-07-24,5호선,충정로,1395,1460
2022-07-24,5호선,애오개,2690,2676
2022-07-24,5호선,공덕,4384,4420
2022-07-24,5호선,마포,4554,4619
2022-07-24,5호선,여의나루,8671,9608
2022-07-24,5호선,여의도,7581,7995
2022-07-24,5호선,신길,2033,2170
2022-07-24,5호선,영등포시장,5383,5618
2022-07-24,5호선,영등포구청,1291,1176
2022-07-24,5호선,양평,2570,2633
2022-07-24,5호선,오목교,10954,11474
2022-07-24,5호선,목동,7584,7800
2022-07-24,5호선,신정,6116,5586
2022-07-24,5호선,까치산,15011,14695
2022-07-24,5호선,화곡,13574,12958
2022-07-24,5호선,우장산,6728,6887
2022-07-24,5호선,발산,8445,9284
2022-07-24,5호선,마곡,3606,3827
2022-07-24,5호선,송정,3540,3444
2022-07-24,5호선,김포공항,7041,6693
2022-07-24,5호선,개화산,2602,2670
2022-07-24,5호선,방화,3769,3559
2022-07-25,5호선,하남검단산,5866,5532
2022-07-25,5호선,하남시청,7004,6678
2022-07-25,5호선,하남풍산,4215,4217
2022-07-25,5호선,미사,16279,16408
2022-07-25,5호선,강일,4572,4444
2022-07-25,5호선,마천,7281,6881
2022-07-25,5호선,거여,10023,9665
2022-07-25,5호선,개롱,6661,6762
2022-07-25,5호선,오금,3717,3709
2022-07-25,5호선,방이,7070,7419
2022-07-25,5호선,올림픽공원,4156,3486
2022-07-25,5호선,둔촌동,8063,8192
2022-07-25,5호선,상일동,15174,14022
2022-07-25,5호선,고덕,9566,9648
2022-07-25,5호선,명일,8391,8786
2022-07-25,5호선,굽은다리,9715,9392
2022-07-25,5호선,길동,8261,8530
2022-07-25,5호선,강동,18629,17909
2022-07-25,5호선,천호,18015,18231
2022-07-25,5호선,광나루,12837,11639
2022-07-25,5호선,아차산,13635,13303
2022-07-25,5호선,군자,10916,12065
2022-07-25,5호선,장한평,18670,18501
2022-07-25,5호선,답십리,16076,14624
2022-07-25,5호선,마장,5598,5164
2022-07-25,5호선,왕십리,4302,4916
2022-07-25,5호선,행당,8022,7131
2022-07-25,5호선,신금호,6204,6508
2022-07-25,5호선,청구,3970,3587
2022-07-25,5호선,동대문역사문화공원,3364,3839
2022-07-25,5호선,을지로4가,6348,6424
2022-07-25,5호선,종로3가,12960,12614
2022-07-25,5호선,광화문,30334,31814
2022-07-25,5호선,서대문,19838,20279
2022-07-25,5호선,충정로,4702,4712
2022-07-25,5호선,애오개,6816,6804
2022-07-25,5호선,공덕,14702,15421
2022-07-25,5호선,마포,14572,14904
2022-07-25,5호선,여의나루,12888,14244
2022-07-25,5호선,여의도,29485,31756
2022-07-25,5호선,신길,4358,4578
2022-07-25,5호선,영등포시장,10045,10360
2022-07-25,5호선,영등포구청,4007,4215
2022-07-25,5호선,양평,7488,7575
2022-07-25,5호선,오목교,20716,21937
2022-07-25,5호선,목동,16750,17898
2022-07-25,5호선,신정,14003,11269
2022-07-25,5호선,까치산,29003,27602
2022-07-25,5호선,화곡,28917,27051
2022-07-25,5호선,우장산,14231,14194
2022-07-25,5호선,발산,20764,21721
2022-07-25,5호선,마곡,11106,11099
2022-07-25,5호선,송정,6619,6135
2022-07-25,5호선,김포공항,7819,7553
2022-07-25,5호선,개화산,5767,5482
2022-07-25,5호선,방화,6728,6346
2022-07-26,5호선,화곡,29160,27184
2022-07-26,5호선,까치산,29183,27829
2022-07-26,5호선,신정,14083,11316
2022-07-26,5호선,목동,16866,18178
2022-07-26,5호선,오목교,22307,23677
2022-07-26,5호선,양평,7578,7491
2022-07-26,5호선,영등포구청,4040,4173
2022-07-26,5호선,영등포시장,10370,10689
2022-07-26,5호선,신길,4380,4592
2022-07-26,5호선,여의도,30548,32442
2022-07-26,5호선,여의나루,12644,13898
2022-07-26,5호선,마포,14775,15161
2022-07-26,5호선,공덕,15068,15790
2022-07-26,5호선,애오개,6992,7027
2022-07-26,5호선,충정로,4810,4900
2022-07-26,5호선,서대문,20333,20913
2022-07-26,5호선,광화문,32255,33791
2022-07-26,5호선,종로3가,13489,13148
2022-07-26,5호선,을지로4가,6429,6583
2022-07-26,5호선,동대문역사문화공원,3258,3854
2022-07-26,5호선,청구,3970,3680
2022-07-26,5호선,신금호,6341,6583
2022-07-26,5호선,행당,8221,7370
2022-07-26,5호선,왕십리,4560,5192
2022-07-26,5호선,마장,5617,5283
2022-07-26,5호선,답십리,16214,14815
2022-07-26,5호선,장한평,19037,18811
2022-07-26,5호선,군자,11223,12378
2022-07-26,5호선,아차산,14098,13948
2022-07-26,5호선,광나루,13418,12140
2022-07-26,5호선,천호,18465,18475
2022-07-26,5호선,강동,18860,18053
2022-07-26,5호선,길동,8107,8397
2022-07-26,5호선,굽은다리,9927,9456
2022-07-26,5호선,명일,8537,8720
2022-07-26,5호선,고덕,9527,9545
2022-07-26,5호선,상일동,15003,13893
2022-07-26,5호선,둔촌동,8271,8443
2022-07-26,5호선,올림픽공원,4289,3610
2022-07-26,5호선,방이,7111,7567
2022-07-26,5호선,오금,3694,3741
2022-07-26,5호선,개롱,6608,6785
2022-07-26,5호선,거여,10166,9636
2022-07-26,5호선,마천,7104,6871
2022-07-26,5호선,강일,4557,4426
2022-07-26,5호선,방화,6724,6477
2022-07-26,5호선,개화산,5841,5494
2022-07-26,5호선,김포공항,7788,7605
2022-07-26,5호선,송정,6681,6164
2022-07-26,5호선,마곡,11052,11215
2022-07-26,5호선,발산,21355,22203
2022-07-26,5호선,우장산,14464,14318
2022-07-26,5호선,미사,16347,16724
2022-07-26,5호선,하남풍산,4336,4319
2022-07-26,5호선,하남시청,6976,6726
2022-07-26,5호선,하남검단산,5893,5551
2022-07-27,5호선,하남검단산,5971,5727
2022-07-27,5호선,하남시청,7022,6792
2022-07-27,5호선,하남풍산,4201,4198
2022-07-27,5호선,미사,16575,16912
2022-07-27,5호선,강일,4591,4361
2022-07-27,5호선,마천,7177,6756
2022-07-27,5호선,거여,10123,9551
2022-07-27,5호선,개롱,6572,6757
2022-07-27,5호선,오금,3630,3614
2022-07-27,5호선,방이,7249,7522
2022-07-27,5호선,올림픽공원,4178,3550
2022-07-27,5호선,둔촌동,8168,8262
2022-07-27,5호선,상일동,15180,13778
2022-07-27,5호선,고덕,9620,9570
2022-07-27,5호선,명일,8503,8811
2022-07-27,5호선,굽은다리,9925,9563
2022-07-27,5호선,길동,8121,8340
2022-07-27,5호선,강동,18746,18030
2022-07-27,5호선,천호,18626,18583
2022-07-27,5호선,광나루,13099,11744
2022-07-27,5호선,아차산,14001,13559
2022-07-27,5호선,군자,11237,12412
2022-07-27,5호선,장한평,19254,19128
2022-07-27,5호선,답십리,16189,14529
2022-07-27,5호선,마장,5637,5179
2022-07-27,5호선,왕십리,4490,5160
2022-07-27,5호선,행당,8094,7128
2022-07-27,5호선,신금호,6348,6526
2022-07-27,5호선,청구,3934,3683
2022-07-27,5호선,동대문역사문화공원,3341,3838
2022-07-27,5호선,을지로4가,6487,6629
2022-07-27,5호선,종로3가,13701,13346
2022-07-27,5호선,광화문,33412,35527
2022-07-27,5호선,서대문,19919,20380
2022-07-27,5호선,충정로,4730,4796
2022-07-27,5호선,애오개,6862,6917
2022-07-27,5호선,공덕,15061,15489
2022-07-27,5호선,마포,14654,15050
2022-07-27,5호선,여의나루,12621,13944
2022-07-27,5호선,여의도,30323,32504
2022-07-27,5호선,신길,4420,4673
2022-07-27,5호선,영등포시장,10731,10931
2022-07-27,5호선,영등포구청,4197,4203
2022-07-27,5호선,양평,7680,7622
2022-07-27,5호선,오목교,22198,23746
2022-07-27,5호선,목동,16886,17875
2022-07-27,5호선,신정,14145,11517
2022-07-27,5호선,까치산,29385,27840
2022-07-27,5호선,화곡,29086,26957
2022-07-27,5호선,우장산,14469,14165
2022-07-27,5호선,발산,20930,21858
2022-07-27,5호선,마곡,11176,11307
2022-07-27,5호선,송정,6590,6106
2022-07-27,5호선,김포공항,7845,7723
2022-07-27,5호선,개화산,5769,5417
2022-07-27,5호선,방화,6750,6439
2022-07-28,5호선,방화,6861,6583
2022-07-28,5호선,개화산,5739,5366
2022-07-28,5호선,김포공항,7937,7800
2022-07-28,5호선,송정,6409,5782
2022-07-28,5호선,마곡,10923,10996
2022-07-28,5호선,발산,20733,21664
2022-07-28,5호선,우장산,14090,13803
2022-07-28,5호선,화곡,28616,26587
2022-07-28,5호선,까치산,28857,27260
2022-07-28,5호선,신정,14032,11325
2022-07-28,5호선,목동,16659,17412
2022-07-28,5호선,오목교,21975,23246
2022-07-28,5호선,양평,7535,7351
2022-07-28,5호선,영등포구청,4099,4128
2022-07-28,5호선,영등포시장,10323,10506
2022-07-28,5호선,신길,4437,4576
2022-07-28,5호선,여의도,29984,32223
2022-07-28,5호선,여의나루,12759,13971
2022-07-28,5호선,마포,14523,14932
2022-07-28,5호선,공덕,14888,15672
2022-07-28,5호선,애오개,6844,6874
2022-07-28,5호선,충정로,4643,4756
2022-07-28,5호선,서대문,19696,20279
2022-07-28,5호선,광화문,31618,33553
2022-07-28,5호선,종로3가,13529,13154
2022-07-28,5호선,을지로4가,6376,6578
2022-07-28,5호선,동대문역사문화공원,3344,3852
2022-07-28,5호선,청구,3895,3637
2022-07-28,5호선,신금호,6055,6328
2022-07-28,5호선,행당,7981,6962
2022-07-28,5호선,왕십리,4628,5279
2022-07-28,5호선,마장,5562,5101
2022-07-28,5호선,답십리,15967,14490
2022-07-28,5호선,장한평,19081,18970
2022-07-28,5호선,군자,11271,12333
2022-07-28,5호선,아차산,14258,13911
2022-07-28,5호선,광나루,12947,11614
2022-07-28,5호선,천호,18587,18563
2022-07-28,5호선,강동,18766,17900
2022-07-28,5호선,길동,8168,8295
2022-07-28,5호선,굽은다리,9838,9305
2022-07-28,5호선,명일,8277,8477
2022-07-28,5호선,고덕,9263,9332
2022-07-28,5호선,상일동,15063,13731
2022-07-28,5호선,둔촌동,8101,8118
2022-07-28,5호선,올림픽공원,4139,3495
2022-07-28,5호선,방이,7190,7442
2022-07-28,5호선,오금,3563,3554
2022-07-28,5호선,개롱,6317,6554
2022-07-28,5호선,거여,10090,9458
2022-07-28,5호선,마천,7107,6755
2022-07-28,5호선,강일,4444,4262
2022-07-28,5호선,미사,16683,16613
2022-07-28,5호선,하남풍산,4253,4247
2022-07-28,5호선,하남시청,6901,6619
2022-07-28,5호선,하남검단산,5914,5712
2022-07-29,5호선,방화,6817,6434
2022-07-29,5호선,개화산,5675,5291
2022-07-29,5호선,김포공항,8907,9084
2022-07-29,5호선,송정,6749,6190
2022-07-29,5호선,마곡,10487,10632
2022-07-29,5호선,발산,19967,21454
2022-07-29,5호선,우장산,14266,13774
2022-07-29,5호선,화곡,28995,26168
2022-07-29,5호선,까치산,28988,27040
2022-07-29,5호선,신정,13977,11123
2022-07-29,5호선,목동,17027,17434
2022-07-29,5호선,오목교,21844,23344
2022-07-29,5호선,양평,7355,7027
2022-07-29,5호선,영등포구청,4012,4092
2022-07-29,5호선,영등포시장,10348,10497
2022-07-29,5호선,신길,4483,4503
2022-07-29,5호선,여의도,29179,31296
2022-07-29,5호선,여의나루,13440,14982
2022-07-29,5호선,마포,14293,14648
2022-07-29,5호선,공덕,14321,15337
2022-07-29,5호선,애오개,6710,6634
2022-07-29,5호선,충정로,4476,4490
2022-07-29,5호선,서대문,19372,19521
2022-07-29,5호선,광화문,32092,34112
2022-07-29,5호선,종로3가,14113,14307
2022-07-29,5호선,을지로4가,6065,6552
2022-07-29,5호선,동대문역사문화공원,3163,3695
2022-07-29,5호선,청구,3829,3732
2022-07-29,5호선,신금호,6139,6236
2022-07-29,5호선,행당,8092,6904
2022-07-29,5호선,왕십리,4414,5414
2022-07-29,5호선,마장,5487,5193
2022-07-29,5호선,답십리,16051,14279
2022-07-29,5호선,장한평,18914,18657
2022-07-29,5호선,군자,11408,12458
2022-07-29,5호선,아차산,14125,13523
2022-07-29,5호선,광나루,12862,11517
2022-07-29,5호선,천호,19183,19333
2022-07-29,5호선,강동,18659,17636
2022-07-29,5호선,길동,8041,8328
2022-07-29,5호선,굽은다리,9702,9124
2022-07-29,5호선,명일,8334,8704
2022-07-29,5호선,고덕,9243,9243
2022-07-29,5호선,상일동,14929,13465
2022-07-29,5호선,둔촌동,8250,8356
2022-07-29,5호선,올림픽공원,5111,4418
2022-07-29,5호선,방이,7135,7467
2022-07-29,5호선,오금,3644,3596
2022-07-29,5호선,개롱,6319,6490
2022-07-29,5호선,거여,9989,9252
2022-07-29,5호선,마천,7077,6607
2022-07-29,5호선,강일,4292,4117
2022-07-29,5호선,미사,16679,16868
2022-07-29,5호선,하남풍산,4215,4209
2022-07-29,5호선,하남시청,7148,6903
2022-07-29,5호선,하남검단산,5967,5663
2022-07-30,5호선,하남검단산,5108,5182
2022-07-30,5호선,하남시청,5112,4789
2022-07-30,5호선,하남풍산,2603,2602
2022-07-30,5호선,미사,11395,11412
2022-07-30,5호선,강일,2888,2601
2022-07-30,5호선,마천,4346,4462
2022-07-30,5호선,거여,5857,5452
2022-07-30,5호선,개롱,3978,4088
2022-07-30,5호선,오금,2000,1739
2022-07-30,5호선,방이,4805,4826
2022-07-30,5호선,올림픽공원,4023,3405
2022-07-30,5호선,둔촌동,5271,5274
2022-07-30,5호선,상일동,8732,8094
2022-07-30,5호선,고덕,6119,5898
2022-07-30,5호선,명일,5542,5481
2022-07-30,5호선,굽은다리,7083,6593
2022-07-30,5호선,길동,5606,5674
2022-07-30,5호선,강동,11365,10469
2022-07-30,5호선,천호,15804,14997
2022-07-30,5호선,광나루,9377,8981
2022-07-30,5호선,아차산,10494,9938
2022-07-30,5호선,군자,7697,8393
2022-07-30,5호선,장한평,10654,10204
2022-07-30,5호선,답십리,9465,8486
2022-07-30,5호선,마장,3516,3191
2022-07-30,5호선,왕십리,3052,3912
2022-07-30,5호선,행당,4850,4088
2022-07-30,5호선,신금호,3769,3816
2022-07-30,5호선,청구,2227,2036
2022-07-30,5호선,동대문역사문화공원,1244,1483
2022-07-30,5호선,을지로4가,2914,3175
2022-07-30,5호선,종로3가,11444,11675
2022-07-30,5호선,광화문,15219,16156
2022-07-30,5호선,서대문,6836,6580
2022-07-30,5호선,충정로,1844,1624
2022-07-30,5호선,애오개,3481,3386
2022-07-30,5호선,공덕,6365,6479
2022-07-30,5호선,마포,6859,6963
2022-07-30,5호선,여의나루,12180,18907
2022-07-30,5호선,여의도,11624,12782
2022-07-30,5호선,신길,2788,2716
2022-07-30,5호선,영등포시장,6985,7099
2022-07-30,5호선,영등포구청,1798,1615
2022-07-30,5호선,양평,3509,3264
2022-07-30,5호선,오목교,14469,15267
2022-07-30,5호선,목동,10227,10036
2022-07-30,5호선,신정,8344,6828
2022-07-30,5호선,까치산,19611,18196
2022-07-30,5호선,화곡,18888,16663
2022-07-30,5호선,우장산,8973,8698
2022-07-30,5호선,발산,11480,12521
2022-07-30,5호선,마곡,4936,5098
2022-07-30,5호선,송정,4660,4306
2022-07-30,5호선,김포공항,8131,8549
2022-07-30,5호선,개화산,3429,3295
2022-07-30,5호선,방화,4320,4161
2022-07-31,5호선,하남검단산,3934,3885
2022-07-31,5호선,하남시청,3479,3428
2022-07-31,5호선,하남풍산,1976,1959
2022-07-31,5호선,미사,7713,7871
2022-07-31,5호선,강일,1938,1892
2022-07-31,5호선,마천,3080,3310
2022-07-31,5호선,거여,4098,4063
2022-07-31,5호선,개롱,2649,2990
2022-07-31,5호선,오금,1286,1200
2022-07-31,5호선,방이,3462,3300
2022-07-31,5호선,올림픽공원,3027,2539
2022-07-31,5호선,둔촌동,4035,3946
2022-07-31,5호선,상일동,5847,5936
2022-07-31,5호선,고덕,3951,3942
2022-07-31,5호선,명일,4247,4362
2022-07-31,5호선,굽은다리,5068,4941
2022-07-31,5호선,길동,3793,3776
2022-07-31,5호선,강동,7727,7795
2022-07-31,5호선,천호,11277,10651
2022-07-31,5호선,광나루,6874,6433
2022-07-31,5호선,아차산,7686,7489
2022-07-31,5호선,군자,5134,5752
2022-07-31,5호선,장한평,7107,7280
2022-07-31,5호선,답십리,6758,6339
2022-07-31,5호선,마장,2465,2362
2022-07-31,5호선,왕십리,2241,2772
2022-07-31,5호선,행당,3426,3210
2022-07-31,5호선,신금호,2562,2850
2022-07-31,5호선,청구,1574,1545
2022-07-31,5호선,동대문역사문화공원,910,1074
2022-07-31,5호선,을지로4가,1370,1663
2022-07-31,5호선,종로3가,8613,7207
2022-07-31,5호선,광화문,11776,11775
2022-07-31,5호선,서대문,4345,4244
2022-07-31,5호선,충정로,1387,1453
2022-07-31,5호선,애오개,2332,2508
2022-07-31,5호선,공덕,4007,4140
2022-07-31,5호선,마포,4506,4386
2022-07-31,5호선,여의나루,6205,7500
2022-07-31,5호선,여의도,8903,8229
2022-07-31,5호선,신길,1841,2182
2022-07-31,5호선,영등포시장,4779,5046
2022-07-31,5호선,영등포구청,1175,1145
2022-07-31,5호선,양평,2393,2471
2022-07-31,5호선,오목교,10561,10892
2022-07-31,5호선,목동,6592,7023
2022-07-31,5호선,신정,5668,5149
2022-07-31,5호선,까치산,13843,13707
2022-07-31,5호선,화곡,12431,11621
2022-07-31,5호선,우장산,6064,6315
2022-07-31,5호선,발산,7754,8167
2022-07-31,5호선,마곡,3200,3491
2022-07-31,5호선,송정,3140,3219
2022-07-31,5호선,김포공항,7267,6823
2022-07-31,5호선,개화산,2408,2403
2022-07-31,5호선,방화,3132,3126
2022-08-01,5호선,방화,6182,5787
2022-08-01,5호선,개화산,5242,4849
2022-08-01,5호선,김포공항,8312,7551
2022-08-01,5호선,송정,6128,5605
2022-08-01,5호선,마곡,9792,9330
2022-08-01,5호선,발산,19202,18329
2022-08-01,5호선,우장산,12913,13665
2022-08-01,5호선,화곡,26069,24773
2022-08-01,5호선,까치산,26687,25894
2022-08-01,5호선,신정,12437,10546
2022-08-01,5호선,목동,14878,16008
2022-08-01,5호선,오목교,20308,21242
2022-08-01,5호선,양평,7008,6807
2022-08-01,5호선,영등포구청,3600,3845
2022-08-01,5호선,영등포시장,9361,9627
2022-08-01,5호선,신길,4298,4351
2022-08-01,5호선,여의도,29446,28260
2022-08-01,5호선,여의나루,12553,13707
2022-08-01,5호선,마포,13365,13380
2022-08-01,5호선,공덕,12962,14898
2022-08-01,5호선,애오개,6103,6408
2022-08-01,5호선,충정로,4379,4801
2022-08-01,5호선,서대문,17772,16877
2022-08-01,5호선,광화문,29910,27549
2022-08-01,5호선,종로3가,11274,10706
2022-08-01,5호선,을지로4가,4526,4429
2022-08-01,5호선,동대문역사문화공원,2916,3382
2022-08-01,5호선,신금호,5542,6080
2022-08-01,5호선,행당,7503,6659
2022-08-01,5호선,왕십리,4017,4678
2022-08-01,5호선,마장,5163,4978
2022-08-01,5호선,답십리,14392,14359
2022-08-01,5호선,장한평,16399,16424
2022-08-01,5호선,군자,10048,11489
2022-08-01,5호선,아차산,11931,12329
2022-08-01,5호선,광나루,11560,10803
2022-08-01,5호선,천호,16583,16334
2022-08-01,5호선,강동,17248,16878
2022-08-01,5호선,길동,7138,8816
2022-08-01,5호선,굽은다리,8291,9148
2022-08-01,5호선,명일,7217,8665
2022-08-01,5호선,고덕,8648,9874
2022-08-01,5호선,상일동,13582,13252
2022-08-01,5호선,둔촌동,7172,7409
2022-08-01,5호선,올림픽공원,3673,3369
2022-08-01,5호선,방이,6147,6665
2022-08-01,5호선,오금,3312,3571
2022-08-01,5호선,개롱,5604,6469
2022-08-01,5호선,거여,8434,8944
2022-08-01,5호선,마천,6349,6085
2022-08-01,5호선,강일,3811,4293
2022-08-01,5호선,미사,14853,15489
2022-08-01,5호선,하남풍산,3737,3735
2022-08-01,5호선,하남시청,5985,6076
2022-08-01,5호선,하남검단산,5381,5088
2022-08-01,5호선,청구,3482,3244
2022-08-02,5호선,아차산,12549,12400
2022-08-02,5호선,군자,10206,11237
2022-08-02,5호선,장한평,16651,16666
2022-08-02,5호선,답십리,14619,13496
2022-08-02,5호선,마장,5156,4735
2022-08-02,5호선,왕십리,4179,4799
2022-08-02,5호선,행당,7566,6842
2022-08-02,5호선,신금호,5657,6049
2022-08-02,5호선,청구,3546,3374
2022-08-02,5호선,동대문역사문화공원,3072,3408
2022-08-02,5호선,을지로4가,4837,4951
2022-08-02,5호선,종로3가,11240,10724
2022-08-02,5호선,광화문,30750,31290
2022-08-02,5호선,서대문,19377,19147
2022-08-02,5호선,충정로,4531,4533
2022-08-02,5호선,애오개,6264,6415
2022-08-02,5호선,공덕,13668,14437
2022-08-02,5호선,마포,13797,14177
2022-08-02,5호선,여의나루,9970,12147
2022-08-02,5호선,여의도,31111,31067
2022-08-02,5호선,신길,4159,4530
2022-08-02,5호선,영등포시장,9427,9808
2022-08-02,5호선,영등포구청,3718,3691
2022-08-02,5호선,양평,7051,6981
2022-08-02,5호선,오목교,20457,21690
2022-08-02,5호선,목동,15167,16286
2022-08-02,5호선,신정,12566,10369
2022-08-02,5호선,까치산,26665,25503
2022-08-02,5호선,화곡,26260,24558
2022-08-02,5호선,우장산,13077,12971
2022-08-02,5호선,발산,19514,20134
2022-08-02,5호선,마곡,10278,10358
2022-08-02,5호선,송정,5998,5678
2022-08-02,5호선,김포공항,7708,7426
2022-08-02,5호선,개화산,5243,4965
2022-08-02,5호선,방화,6128,6029
2022-08-02,5호선,하남검단산,5491,5297
2022-08-02,5호선,하남시청,6477,6268
2022-08-02,5호선,하남풍산,3961,3969
2022-08-02,5호선,미사,15327,15648
2022-08-02,5호선,강일,4116,4128
2022-08-02,5호선,마천,6480,6309
2022-08-02,5호선,거여,9281,8934
2022-08-02,5호선,개롱,6150,6379
2022-08-02,5호선,오금,3328,3281
2022-08-02,5호선,방이,6520,6919
2022-08-02,5호선,올림픽공원,3745,3197
2022-08-02,5호선,둔촌동,7457,7593
2022-08-02,5호선,상일동,13808,12958
2022-08-02,5호선,고덕,8741,8919
2022-08-02,5호선,명일,7716,8099
2022-08-02,5호선,굽은다리,9020,8650
2022-08-02,5호선,길동,7517,7801
2022-08-02,5호선,강동,17384,16777
2022-08-02,5호선,천호,16965,16864
2022-08-02,5호선,광나루,11843,10627
2022-08-03,5호선,하남검단산,5416,5118
2022-08-03,5호선,하남시청,6166,5995
2022-08-03,5호선,하남풍산,3911,3913
2022-08-03,5호선,미사,15585,15776
2022-08-03,5호선,강일,3946,3899
2022-08-03,5호선,마천,6417,6299
2022-08-03,5호선,거여,9395,8905
2022-08-03,5호선,개롱,6124,6190
2022-08-03,5호선,오금,3349,3340
2022-08-03,5호선,방이,6788,7146
2022-08-03,5호선,올림픽공원,3860,3300
2022-08-03,5호선,둔촌동,7444,7558
2022-08-03,5호선,상일동,13955,12653
2022-08-03,5호선,고덕,8689,8721
2022-08-03,5호선,명일,7846,8189
2022-08-03,5호선,굽은다리,9069,8830
2022-08-03,5호선,길동,7533,7913
2022-08-03,5호선,강동,17426,16672
2022-08-03,5호선,천호,16921,16766
2022-08-03,5호선,광나루,12033,10863
2022-08-03,5호선,아차산,12626,12221
2022-08-03,5호선,군자,10309,11240
2022-08-03,5호선,장한평,17404,17155
2022-08-03,5호선,답십리,15005,13338
2022-08-03,5호선,마장,5178,4729
2022-08-03,5호선,왕십리,4178,4998
2022-08-03,5호선,행당,7792,6872
2022-08-03,5호선,신금호,5847,6035
2022-08-03,5호선,청구,3538,3352
2022-08-03,5호선,동대문역사문화공원,2967,3475
2022-08-03,5호선,을지로4가,4887,5034
2022-08-03,5호선,종로3가,11364,10958
2022-08-03,5호선,광화문,30755,32404
2022-08-03,5호선,서대문,18517,19185
2022-08-03,5호선,충정로,4447,4552
2022-08-03,5호선,애오개,6442,6317
2022-08-03,5호선,공덕,13423,14115
2022-08-03,5호선,마포,13919,14337
2022-08-03,5호선,여의나루,11228,12827
2022-08-03,5호선,여의도,29553,31836
2022-08-03,5호선,신길,4411,4438
2022-08-03,5호선,영등포시장,9865,10010
2022-08-03,5호선,영등포구청,3811,3783
2022-08-03,5호선,양평,7052,6981
2022-08-03,5호선,오목교,20860,22241
2022-08-03,5호선,목동,15455,16416
2022-08-03,5호선,신정,12852,10494
2022-08-03,5호선,까치산,27262,25799
2022-08-03,5호선,화곡,26819,24769
2022-08-03,5호선,우장산,13242,13040
2022-08-03,5호선,발산,19557,20656
2022-08-03,5호선,마곡,10118,10275
2022-08-03,5호선,송정,6035,5563
2022-08-03,5호선,김포공항,7619,7460
2022-08-03,5호선,개화산,5388,5031
2022-08-03,5호선,방화,6311,6074
2022-08-04,5호선,오금,3364,3395
2022-08-04,5호선,방화,6599,6289
2022-08-04,5호선,개화산,5568,5252
2022-08-04,5호선,김포공항,8198,7836
2022-08-04,5호선,송정,6222,5706
2022-08-04,5호선,마곡,10462,10579
2022-08-04,5호선,발산,19804,20664
2022-08-04,5호선,우장산,13747,13463
2022-08-04,5호선,화곡,27808,25601
2022-08-04,5호선,까치산,28051,26647
2022-08-04,5호선,신정,13414,10785
2022-08-04,5호선,목동,16041,17163
2022-08-04,5호선,오목교,21397,22976
2022-08-04,5호선,양평,7159,7014
2022-08-04,5호선,영등포구청,4022,4008
2022-08-04,5호선,영등포시장,9848,10074
2022-08-04,5호선,신길,4389,4485
2022-08-04,5호선,여의도,29186,31456
2022-08-04,5호선,여의나루,12750,14159
2022-08-04,5호선,마포,14231,14586
2022-08-04,5호선,공덕,13936,14777
2022-08-04,5호선,애오개,6371,6393
2022-08-04,5호선,충정로,4685,4709
2022-08-04,5호선,서대문,19025,19341
2022-08-04,5호선,광화문,31606,32870
2022-08-04,5호선,종로3가,13372,13198
2022-08-04,5호선,을지로4가,6291,6468
2022-08-04,5호선,동대문역사문화공원,3149,3756
2022-08-04,5호선,청구,3602,3513
2022-08-04,5호선,신금호,6007,6237
2022-08-04,5호선,행당,7974,7108
2022-08-04,5호선,왕십리,4316,5100
2022-08-04,5호선,마장,5358,4885
2022-08-04,5호선,답십리,15830,14183
2022-08-04,5호선,장한평,18074,18088
2022-08-04,5호선,군자,10954,11911
2022-08-04,5호선,아차산,13565,13238
2022-08-04,5호선,광나루,12692,11492
2022-08-04,5호선,천호,17916,18005
2022-08-04,5호선,강동,18135,17452
2022-08-04,5호선,길동,7919,8185
2022-08-04,5호선,굽은다리,9464,9066
2022-08-04,5호선,명일,8218,8400
2022-08-04,5호선,고덕,9445,9453
2022-08-04,5호선,상일동,14309,13190
2022-08-04,5호선,둔촌동,7662,7814
2022-08-04,5호선,올림픽공원,4068,3269
2022-08-04,5호선,방이,6992,7371
2022-08-04,5호선,개롱,6276,6401
2022-08-04,5호선,거여,9744,9131
2022-08-04,5호선,마천,7005,6746
2022-08-04,5호선,강일,4359,4182
2022-08-04,5호선,미사,16423,16405
2022-08-04,5호선,하남풍산,4159,4222
2022-08-04,5호선,하남시청,6855,6619
2022-08-04,5호선,하남검단산,6013,5658
2022-08-05,5호선,하남검단산,5965,5637
2022-08-05,5호선,하남시청,6807,6519
2022-08-05,5호선,하남풍산,4122,4129
2022-08-05,5호선,미사,16240,16542
2022-08-05,5호선,강일,4386,4115
2022-08-05,5호선,마천,6943,6534
2022-08-05,5호선,거여,9783,9132
2022-08-05,5호선,개롱,6339,6461
2022-08-05,5호선,오금,3535,3530
2022-08-05,5호선,방이,7375,7602
2022-08-05,5호선,올림픽공원,5517,5430
2022-08-05,5호선,둔촌동,8127,8234
2022-08-05,5호선,상일동,14575,13299
2022-08-05,5호선,고덕,9206,9183
2022-08-05,5호선,명일,8217,8675
2022-08-05,5호선,굽은다리,9621,9232
2022-08-05,5호선,길동,8040,8469
2022-08-05,5호선,강동,18374,17252
2022-08-05,5호선,천호,18972,19128
2022-08-05,5호선,광나루,12598,11300
2022-08-05,5호선,아차산,13403,12952
2022-08-05,5호선,군자,11121,12080
2022-08-05,5호선,장한평,18171,17880
2022-08-05,5호선,답십리,15713,14285
2022-08-05,5호선,마장,5353,5077
2022-08-05,5호선,왕십리,4473,5325
2022-08-05,5호선,행당,7917,6848
2022-08-05,5호선,신금호,6145,6152
2022-08-05,5호선,청구,3806,3515
2022-08-05,5호선,동대문역사문화공원,3102,3576
2022-08-05,5호선,을지로4가,6148,6440
2022-08-05,5호선,종로3가,13465,13914
2022-08-05,5호선,광화문,30553,32319
2022-08-05,5호선,서대문,18443,18792
2022-08-05,5호선,충정로,4564,4536
2022-08-05,5호선,애오개,6545,6337
2022-08-05,5호선,공덕,13870,14646
2022-08-05,5호선,마포,13966,14571
2022-08-05,5호선,여의나루,12720,14243
2022-08-05,5호선,여의도,28799,30999
2022-08-05,5호선,신길,4439,4288
2022-08-05,5호선,영등포시장,10261,10426
2022-08-05,5호선,영등포구청,4102,3897
2022-08-05,5호선,양평,7228,6911
2022-08-05,5호선,오목교,22370,23894
2022-08-05,5호선,목동,16440,17416
2022-08-05,5호선,신정,13493,10790
2022-08-05,5호선,까치산,28356,26428
2022-08-05,5호선,화곡,28101,25608
2022-08-05,5호선,우장산,13827,13508
2022-08-05,5호선,발산,19216,20748
2022-08-05,5호선,마곡,10254,10478
2022-08-05,5호선,송정,6488,5895
2022-08-05,5호선,김포공항,8647,8346
2022-08-05,5호선,개화산,5637,5310
2022-08-05,5호선,방화,6611,6169
2022-08-06,5호선,방화,4377,4063
2022-08-06,5호선,개화산,3615,3339
2022-08-06,5호선,김포공항,7570,7965
2022-08-06,5호선,송정,4483,4245
2022-08-06,5호선,마곡,5218,5312
2022-08-06,5호선,발산,11150,12506
2022-08-06,5호선,우장산,9186,8936
2022-08-06,5호선,화곡,18983,17249
2022-08-06,5호선,까치산,19350,17976
2022-08-06,5호선,신정,8480,7088
2022-08-06,5호선,목동,10305,10294
2022-08-06,5호선,오목교,15677,16046
2022-08-06,5호선,양평,3422,3172
2022-08-06,5호선,영등포구청,1865,1727
2022-08-06,5호선,영등포시장,7163,7285
2022-08-06,5호선,신길,2555,2493
2022-08-06,5호선,여의도,11366,11745
2022-08-06,5호선,여의나루,8975,11027
2022-08-06,5호선,마포,6819,6887
2022-08-06,5호선,공덕,6496,6835
2022-08-06,5호선,애오개,3391,3210
2022-08-06,5호선,충정로,1794,1704
2022-08-06,5호선,서대문,6802,6713
2022-08-06,5호선,광화문,21966,21279
2022-08-06,5호선,종로3가,11188,11585
2022-08-06,5호선,을지로4가,3032,3356
2022-08-06,5호선,동대문역사문화공원,1113,1437
2022-08-06,5호선,청구,2310,2132
2022-08-06,5호선,신금호,3747,3780
2022-08-06,5호선,행당,4986,4212
2022-08-06,5호선,왕십리,3129,3911
2022-08-06,5호선,마장,3501,3240
2022-08-06,5호선,답십리,9605,8465
2022-08-06,5호선,장한평,10556,10114
2022-08-06,5호선,군자,7812,8642
2022-08-06,5호선,아차산,10414,9818
2022-08-06,5호선,광나루,9496,9091
2022-08-06,5호선,천호,16142,15427
2022-08-06,5호선,강동,11981,11238
2022-08-06,5호선,길동,5626,5873
2022-08-06,5호선,굽은다리,6982,6483
2022-08-06,5호선,명일,5790,5674
2022-08-06,5호선,고덕,6253,5980
2022-08-06,5호선,상일동,8591,7983
2022-08-06,5호선,둔촌동,5526,5475
2022-08-06,5호선,올림픽공원,4442,4168
2022-08-06,5호선,방이,5094,4876
2022-08-06,5호선,오금,2485,2284
2022-08-06,5호선,개롱,3889,4013
2022-08-06,5호선,거여,5870,5453
2022-08-06,5호선,마천,4284,4359
2022-08-06,5호선,강일,3087,2796
2022-08-06,5호선,미사,11374,11445
2022-08-06,5호선,하남풍산,2669,2646
2022-08-06,5호선,하남시청,5162,4902
2022-08-06,5호선,하남검단산,5101,4947
2022-08-07,5호선,방화,3289,3278
2022-08-07,5호선,개화산,2475,2550
2022-08-07,5호선,김포공항,7407,7014
2022-08-07,5호선,송정,3352,3313
2022-08-07,5호선,마곡,3397,3613
2022-08-07,5호선,발산,8083,8792
2022-08-07,5호선,우장산,6491,6580
2022-08-07,5호선,화곡,13175,12531
2022-08-07,5호선,까치산,14470,14291
2022-08-07,5호선,신정,5837,5286
2022-08-07,5호선,목동,7170,7279
2022-08-07,5호선,오목교,10605,11181
2022-08-07,5호선,양평,2478,2490
2022-08-07,5호선,영등포구청,1323,1305
2022-08-07,5호선,영등포시장,5126,5382
2022-08-07,5호선,신길,1869,2047
2022-08-07,5호선,여의도,8034,8394
2022-08-07,5호선,여의나루,8154,9847
2022-08-07,5호선,마포,4555,4566
2022-08-07,5호선,공덕,4301,4388
2022-08-07,5호선,애오개,2488,2530
2022-08-07,5호선,충정로,1419,1404
2022-08-07,5호선,서대문,4705,4627
2022-08-07,5호선,광화문,15753,15852
2022-08-07,5호선,종로3가,8120,7214
2022-08-07,5호선,을지로4가,1487,1618
2022-08-07,5호선,동대문역사문화공원,853,1058
2022-08-07,5호선,청구,1742,1627
2022-08-07,5호선,신금호,2684,2938
2022-08-07,5호선,행당,3729,3364
2022-08-07,5호선,왕십리,2315,2839
2022-08-07,5호선,마장,2582,2409
2022-08-07,5호선,답십리,7108,6610
2022-08-07,5호선,장한평,7363,7466
2022-08-07,5호선,군자,5624,6282
2022-08-07,5호선,아차산,7944,8053
2022-08-07,5호선,광나루,7402,6841
2022-08-07,5호선,천호,12076,11397
2022-08-07,5호선,강동,8144,8130
2022-08-07,5호선,길동,3880,4028
2022-08-07,5호선,굽은다리,5305,5075
2022-08-07,5호선,명일,4499,4633
2022-08-07,5호선,고덕,4064,4245
2022-08-07,5호선,상일동,6046,5984
2022-08-07,5호선,둔촌동,4305,4229
2022-08-07,5호선,올림픽공원,3536,3756
2022-08-07,5호선,방이,3772,3671
2022-08-07,5호선,오금,1404,1419
2022-08-07,5호선,개롱,2776,3066
2022-08-07,5호선,거여,4254,4206
2022-08-07,5호선,마천,3258,3423
2022-08-07,5호선,강일,2022,1985
2022-08-07,5호선,미사,8389,8520
2022-08-07,5호선,하남풍산,2146,2103
2022-08-07,5호선,하남시청,3723,3529
2022-08-07,5호선,하남검단산,4082,4097
2022-08-08,5호선,방화,5944,5814
2022-08-08,5호선,개화산,5160,4966
2022-08-08,5호선,김포공항,7563,6870
2022-08-08,5호선,송정,5954,5570
2022-08-08,5호선,마곡,10245,10257
2022-08-08,5호선,발산,19294,19724
2022-08-08,5호선,우장산,12999,13119
2022-08-08,5호선,화곡,25851,24619
2022-08-08,5호선,까치산,26290,25484
2022-08-08,5호선,신정,12736,10583
2022-08-08,5호선,목동,15180,16736
2022-08-08,5호선,오목교,19509,20385
2022-08-08,5호선,양평,7232,7334
2022-08-08,5호선,영등포구청,3837,3916
2022-08-08,5호선,영등포시장,9310,9826
2022-08-08,5호선,신길,4182,4839
2022-08-08,5호선,여의도,30095,29684
2022-08-08,5호선,여의나루,7571,8244
2022-08-08,5호선,마포,13883,14111
2022-08-08,5호선,공덕,13328,14025
2022-08-08,5호선,애오개,6413,6677
2022-08-08,5호선,충정로,4739,4802
2022-08-08,5호선,서대문,19729,18973
2022-08-08,5호선,광화문,31637,30489
2022-08-08,5호선,종로3가,11165,10558
2022-08-08,5호선,을지로4가,5690,5613
2022-08-08,5호선,동대문역사문화공원,3481,3687
2022-08-08,5호선,청구,3376,3186
2022-08-08,5호선,신금호,5598,6015
2022-08-08,5호선,행당,7443,7109
2022-08-08,5호선,왕십리,4048,4645
2022-08-08,5호선,마장,5155,4921
2022-08-08,5호선,답십리,14879,14037
2022-08-08,5호선,장한평,17007,17284
2022-08-08,5호선,군자,9885,10960
2022-08-08,5호선,아차산,12088,12151
2022-08-08,5호선,광나루,11813,10741
2022-08-08,5호선,천호,15031,14851
2022-08-08,5호선,강동,17763,17663
2022-08-08,5호선,길동,7645,7970
2022-08-08,5호선,굽은다리,8870,8862
2022-08-08,5호선,명일,7855,8461
2022-08-08,5호선,고덕,8658,8954
2022-08-08,5호선,상일동,13934,13730
2022-08-08,5호선,둔촌동,7368,7513
2022-08-08,5호선,올림픽공원,3699,3173
2022-08-08,5호선,방이,6776,7086
2022-08-08,5호선,오금,3389,3394
2022-08-08,5호선,개롱,6057,6386
2022-08-08,5호선,거여,9298,9216
2022-08-08,5호선,마천,6437,6377
2022-08-08,5호선,강일,3992,3958
2022-08-08,5호선,미사,14761,15458
2022-08-08,5호선,하남풍산,3734,3903
2022-08-08,5호선,하남시청,5973,5943
2022-08-08,5호선,하남검단산,4933,4885
2022-08-09,5호선,화곡,25789,24764
2022-08-09,5호선,방화,5952,5941
2022-08-09,5호선,개화산,5158,4992
2022-08-09,5호선,김포공항,7818,7796
2022-08-09,5호선,송정,5884,5566
2022-08-09,5호선,마곡,10835,10695
2022-08-09,5호선,발산,19798,20317
2022-08-09,5호선,우장산,12982,13137
2022-08-09,5호선,까치산,25634,25087
2022-08-09,5호선,신정,12525,10472
2022-08-09,5호선,목동,15156,16503
2022-08-09,5호선,오목교,20896,21506
2022-08-09,5호선,양평,7249,7269
2022-08-09,5호선,영등포구청,3879,3863
2022-08-09,5호선,영등포시장,9255,9616
2022-08-09,5호선,신길,4177,4549
2022-08-09,5호선,여의도,33482,36403
2022-08-09,5호선,여의나루,8659,10721
2022-08-09,5호선,마포,14072,14002
2022-08-09,5호선,공덕,13594,14073
2022-08-09,5호선,애오개,6538,6648
2022-08-09,5호선,충정로,4765,4766
2022-08-09,5호선,서대문,20084,19549
2022-08-09,5호선,광화문,31794,31807
2022-08-09,5호선,종로3가,10268,10023
2022-08-09,5호선,을지로4가,5623,5727
2022-08-09,5호선,동대문역사문화공원,3538,3610
2022-08-09,5호선,청구,3487,3284
2022-08-09,5호선,신금호,5704,6061
2022-08-09,5호선,행당,7564,6975
2022-08-09,5호선,왕십리,4162,4583
2022-08-09,5호선,마장,5066,4887
2022-08-09,5호선,답십리,15152,13983
2022-08-09,5호선,장한평,17199,17364
2022-08-09,5호선,군자,9843,10895
2022-08-09,5호선,아차산,11949,11973
2022-08-09,5호선,광나루,11558,10615
2022-08-09,5호선,천호,16412,16119
2022-08-09,5호선,강동,17480,17085
2022-08-09,5호선,길동,7398,7749
2022-08-09,5호선,굽은다리,8713,8501
2022-08-09,5호선,명일,7689,8204
2022-08-09,5호선,고덕,8573,8616
2022-08-09,5호선,상일동,13953,13478
2022-08-09,5호선,둔촌동,7384,7615
2022-08-09,5호선,올림픽공원,3741,3322
2022-08-09,5호선,방이,6708,7016
2022-08-09,5호선,오금,3384,3347
2022-08-09,5호선,개롱,5741,6049
2022-08-09,5호선,거여,9075,8874
2022-08-09,5호선,마천,6309,6191
2022-08-09,5호선,강일,4029,4015
2022-08-09,5호선,미사,14528,15054
2022-08-09,5호선,하남풍산,3785,3840
2022-08-09,5호선,하남시청,5974,5961
2022-08-09,5호선,하남검단산,4871,4775
2022-08-10,5호선,길동,8122,8397
2022-08-10,5호선,굽은다리,9602,9259
2022-08-10,5호선,명일,8411,8815
2022-08-10,5호선,고덕,9332,9625
2022-08-10,5호선,상일동,15000,13902
2022-08-10,5호선,둔촌동,8073,8090
2022-08-10,5호선,올림픽공원,4085,3513
2022-08-10,5호선,방이,7063,7447
2022-08-10,5호선,오금,3573,3603
2022-08-10,5호선,개롱,6347,6562
2022-08-10,5호선,거여,9760,9387
2022-08-10,5호선,마천,6886,6695
2022-08-10,5호선,강일,4441,4284
2022-08-10,5호선,미사,16136,16481
2022-08-10,5호선,하남풍산,4089,4011
2022-08-10,5호선,하남시청,6602,6350
2022-08-10,5호선,하남검단산,5530,5351
2022-08-10,5호선,영등포시장,10712,10625
2022-08-10,5호선,신길,4362,4719
2022-08-10,5호선,여의도,31207,33055
2022-08-10,5호선,여의나루,10087,11538
2022-08-10,5호선,마포,15411,15585
2022-08-10,5호선,공덕,14927,15697
2022-08-10,5호선,애오개,6933,7003
2022-08-10,5호선,영등포구청,4416,4335
2022-08-10,5호선,양평,7617,7609
2022-08-10,5호선,오목교,22561,24086
2022-08-10,5호선,목동,17054,18372
2022-08-10,5호선,신정,13816,11272
2022-08-10,5호선,까치산,28638,27432
2022-08-10,5호선,화곡,28475,26658
2022-08-10,5호선,우장산,14329,14391
2022-08-10,5호선,발산,21643,22470
2022-08-10,5호선,마곡,10970,11034
2022-08-10,5호선,송정,6523,6070
2022-08-10,5호선,김포공항,7879,7804
2022-08-10,5호선,개화산,5766,5453
2022-08-10,5호선,방화,6810,6554
2022-08-10,5호선,충정로,4934,4943
2022-08-10,5호선,서대문,19820,20136
2022-08-10,5호선,광화문,33581,35235
2022-08-10,5호선,종로3가,12832,12687
2022-08-10,5호선,을지로4가,6331,6540
2022-08-10,5호선,동대문역사문화공원,3026,3393
2022-08-10,5호선,청구,3767,3503
2022-08-10,5호선,신금호,6318,6466
2022-08-10,5호선,행당,8203,7393
2022-08-10,5호선,왕십리,4416,5080
2022-08-10,5호선,마장,5564,5067
2022-08-10,5호선,답십리,15951,14612
2022-08-10,5호선,장한평,18394,18425
2022-08-10,5호선,군자,11039,12241
2022-08-10,5호선,아차산,13564,13139
2022-08-10,5호선,광나루,12453,11553
2022-08-10,5호선,천호,18483,18164
2022-08-10,5호선,강동,18257,17768
2022-08-11,5호선,여의나루,9828,11490
2022-08-11,5호선,방화,6650,6323
2022-08-11,5호선,개화산,5576,5272
2022-08-11,5호선,김포공항,7755,7471
2022-08-11,5호선,송정,6337,5921
2022-08-11,5호선,마곡,10565,10714
2022-08-11,5호선,발산,21299,22118
2022-08-11,5호선,우장산,13962,13910
2022-08-11,5호선,화곡,27999,26012
2022-08-11,5호선,신정,13536,10851
2022-08-11,5호선,목동,16738,17848
2022-08-11,5호선,오목교,22109,23573
2022-08-11,5호선,영등포구청,4139,4196
2022-08-11,5호선,영등포시장,10515,10684
2022-08-11,5호선,신길,4308,4488
2022-08-11,5호선,여의도,30701,32238
2022-08-11,5호선,양평,7623,7430
2022-08-11,5호선,까치산,28284,26612
2022-08-11,5호선,행당,8068,7202
2022-08-11,5호선,마포,14726,15176
2022-08-11,5호선,공덕,14648,15653
2022-08-11,5호선,애오개,6758,6794
2022-08-11,5호선,충정로,4775,4848
2022-08-11,5호선,서대문,19455,19901
2022-08-11,5호선,광화문,32698,34493
2022-08-11,5호선,종로3가,12865,12626
2022-08-11,5호선,을지로4가,6284,6464
2022-08-11,5호선,동대문역사문화공원,3194,3743
2022-08-11,5호선,청구,3648,3425
2022-08-11,5호선,신금호,6166,6320
2022-08-11,5호선,왕십리,4332,5148
2022-08-11,5호선,마장,5403,4970
2022-08-11,5호선,답십리,15929,14346
2022-08-11,5호선,장한평,18422,18197
2022-08-11,5호선,군자,10860,11906
2022-08-11,5호선,아차산,13606,12924
2022-08-11,5호선,광나루,12884,11512
2022-08-11,5호선,천호,17635,17560
2022-08-11,5호선,강동,18275,17571
2022-08-11,5호선,길동,7797,8068
2022-08-11,5호선,굽은다리,9479,9020
2022-08-11,5호선,명일,8141,8438
2022-08-11,5호선,고덕,9272,9339
2022-08-11,5호선,상일동,14575,13445
2022-08-11,5호선,둔촌동,7698,7837
2022-08-11,5호선,올림픽공원,4055,3506
2022-08-11,5호선,방이,7072,7369
2022-08-11,5호선,오금,3479,3495
2022-08-11,5호선,개롱,6314,6463
2022-08-11,5호선,거여,9783,9360
2022-08-11,5호선,마천,7000,6572
2022-08-11,5호선,강일,4577,4275
2022-08-11,5호선,미사,16137,16454
2022-08-11,5호선,하남풍산,4204,4088
2022-08-11,5호선,하남시청,6526,6348
2022-08-11,5호선,하남검단산,5592,5282
2022-08-12,5호선,방화,6998,6594
2022-08-12,5호선,개화산,5784,5397
2022-08-12,5호선,김포공항,8997,8875
2022-08-12,5호선,송정,6803,6209
2022-08-12,5호선,마곡,10886,10866
2022-08-12,5호선,발산,20685,21936
2022-08-12,5호선,우장산,14749,14346
2022-08-12,5호선,화곡,29469,26862
2022-08-12,5호선,까치산,29572,27403
2022-08-12,5호선,신정,13915,10935
2022-08-12,5호선,목동,17444,18176
2022-08-12,5호선,오목교,23071,24933
2022-08-12,5호선,양평,7561,7200
2022-08-12,5호선,영등포구청,4359,4196
2022-08-12,5호선,영등포시장,10806,10949
2022-08-12,5호선,신길,4356,4371
2022-08-12,5호선,여의도,30000,31735
2022-08-12,5호선,여의나루,12640,14398
2022-08-12,5호선,마포,14629,15219
2022-08-12,5호선,공덕,14111,14778
2022-08-12,5호선,애오개,6903,6745
2022-08-12,5호선,충정로,4798,4648
2022-08-12,5호선,서대문,17571,18056
2022-08-12,5호선,광화문,35057,36633
2022-08-12,5호선,종로3가,14738,15239
2022-08-12,5호선,을지로4가,6380,6662
2022-08-12,5호선,동대문역사문화공원,3230,3875
2022-08-12,5호선,청구,3797,3608
2022-08-12,5호선,신금호,6333,6340
2022-08-12,5호선,행당,8334,7127
2022-08-12,5호선,왕십리,4638,5452
2022-08-12,5호선,마장,5535,5109
2022-08-12,5호선,답십리,16467,14626
2022-08-12,5호선,장한평,18838,18478
2022-08-12,5호선,군자,11496,12551
2022-08-12,5호선,아차산,14878,14116
2022-08-12,5호선,광나루,13427,12025
2022-08-12,5호선,천호,20193,20211
2022-08-12,5호선,강동,19030,17784
2022-08-12,5호선,길동,8458,8754
2022-08-12,5호선,굽은다리,9935,9464
2022-08-12,5호선,명일,8758,8904
2022-08-12,5호선,고덕,10043,9872
2022-08-12,5호선,상일동,15142,13691
2022-08-12,5호선,둔촌동,8370,8439
2022-08-12,5호선,올림픽공원,6553,6608
2022-08-12,5호선,방이,7331,7833
2022-08-12,5호선,오금,3633,3577
2022-08-12,5호선,개롱,6615,6758
2022-08-12,5호선,거여,10206,9493
2022-08-12,5호선,마천,7358,6902
2022-08-12,5호선,강일,4627,4358
2022-08-12,5호선,미사,16855,17015
2022-08-12,5호선,하남풍산,4259,4154
2022-08-12,5호선,하남시청,7234,6884
2022-08-12,5호선,하남검단산,6239,5903
2022-08-13,5호선,하남검단산,5006,4904
2022-08-13,5호선,하남시청,5214,4895
2022-08-13,5호선,하남풍산,2700,2719
2022-08-13,5호선,미사,11404,11306
2022-08-13,5호선,강일,2896,2600
2022-08-13,5호선,마천,4210,4310
2022-08-13,5호선,거여,5765,5381
2022-08-13,5호선,개롱,3851,3943
2022-08-13,5호선,오금,1794,1789
2022-08-13,5호선,방이,4665,4579
2022-08-13,5호선,올림픽공원,5037,5057
2022-08-13,5호선,둔촌동,5288,5202
2022-08-13,5호선,상일동,8305,7916
2022-08-13,5호선,고덕,5899,5573
2022-08-13,5호선,명일,5364,5233
2022-08-13,5호선,굽은다리,6660,6291
2022-08-13,5호선,길동,5476,5578
2022-08-13,5호선,강동,11678,10783
2022-08-13,5호선,천호,14937,14458
2022-08-13,5호선,광나루,10575,10102
2022-08-13,5호선,아차산,10076,9612
2022-08-13,5호선,군자,7517,8093
2022-08-13,5호선,장한평,10365,9932
2022-08-13,5호선,답십리,9577,8538
2022-08-13,5호선,마장,3337,2951
2022-08-13,5호선,왕십리,3000,3832
2022-08-13,5호선,행당,4744,3999
2022-08-13,5호선,신금호,3650,3665
2022-08-13,5호선,청구,2225,2117
2022-08-13,5호선,동대문역사문화공원,1117,1422
2022-08-13,5호선,을지로4가,3011,3384
2022-08-13,5호선,종로3가,10950,11313
2022-08-13,5호선,광화문,16668,17511
2022-08-13,5호선,서대문,6376,6168
2022-08-13,5호선,충정로,1680,1475
2022-08-13,5호선,애오개,3252,3041
2022-08-13,5호선,공덕,6426,6470
2022-08-13,5호선,마포,6755,6745
2022-08-13,5호선,여의나루,6490,8850
2022-08-13,5호선,여의도,11189,11552
2022-08-13,5호선,신길,2495,2451
2022-08-13,5호선,영등포시장,7040,7208
2022-08-13,5호선,영등포구청,1892,1859
2022-08-13,5호선,양평,3294,2995
2022-08-13,5호선,오목교,14621,15043
2022-08-13,5호선,목동,10078,10000
2022-08-13,5호선,신정,8091,6717
2022-08-13,5호선,까치산,19261,17374
2022-08-13,5호선,화곡,18415,16194
2022-08-13,5호선,우장산,8882,8516
2022-08-13,5호선,발산,11424,12336
2022-08-13,5호선,마곡,4953,4959
2022-08-13,5호선,송정,4608,4260
2022-08-13,5호선,김포공항,7422,7731
2022-08-13,5호선,개화산,3394,3167
2022-08-13,5호선,방화,4180,3998
2022-08-14,5호선,방화,3551,3426
2022-08-14,5호선,개화산,2573,2564
2022-08-14,5호선,김포공항,7075,7005
2022-08-14,5호선,송정,3485,3394
2022-08-14,5호선,마곡,3534,3662
2022-08-14,5호선,발산,8659,9455
2022-08-14,5호선,우장산,6772,6874
2022-08-14,5호선,화곡,14049,12925
2022-08-14,5호선,까치산,15450,14642
2022-08-14,5호선,신정,6097,5323
2022-08-14,5호선,목동,7619,7644
2022-08-14,5호선,오목교,11608,11836
2022-08-14,5호선,양평,2569,2382
2022-08-14,5호선,영등포구청,1328,1189
2022-08-14,5호선,영등포시장,5381,5578
2022-08-14,5호선,신길,1935,1977
2022-08-14,5호선,여의도,9176,8980
2022-08-14,5호선,여의나루,7685,10182
2022-08-14,5호선,마포,4679,4808
2022-08-14,5호선,공덕,4447,4576
2022-08-14,5호선,애오개,2512,2432
2022-08-14,5호선,충정로,1403,1338
2022-08-14,5호선,서대문,5004,4847
2022-08-14,5호선,광화문,18111,18439
2022-08-14,5호선,종로3가,9829,9678
2022-08-14,5호선,을지로4가,1834,2066
2022-08-14,5호선,동대문역사문화공원,947,1211
2022-08-14,5호선,청구,1739,1626
2022-08-14,5호선,신금호,2823,3057
2022-08-14,5호선,행당,4041,3507
2022-08-14,5호선,왕십리,2218,2810
2022-08-14,5호선,마장,2688,2620
2022-08-14,5호선,답십리,7619,6970
2022-08-14,5호선,장한평,7921,7705
2022-08-14,5호선,군자,5734,6324
2022-08-14,5호선,아차산,8698,8235
2022-08-14,5호선,광나루,7706,7110
2022-08-14,5호선,천호,12200,11677
2022-08-14,5호선,강동,8311,8047
2022-08-14,5호선,길동,4122,4126
2022-08-14,5호선,굽은다리,5273,4994
2022-08-14,5호선,명일,4787,4721
2022-08-14,5호선,고덕,3950,3850
2022-08-14,5호선,상일동,6383,6157
2022-08-14,5호선,둔촌동,4302,4294
2022-08-14,5호선,올림픽공원,3915,3838
2022-08-14,5호선,방이,3829,3563
2022-08-14,5호선,오금,1443,1325
2022-08-14,5호선,개롱,2814,3022
2022-08-14,5호선,거여,4473,4169
2022-08-14,5호선,마천,3306,3349
2022-08-14,5호선,강일,2302,2154
2022-08-14,5호선,미사,8921,9106
2022-08-14,5호선,하남풍산,2231,2191
2022-08-14,5호선,하남시청,4251,4073
2022-08-14,5호선,하남검단산,4729,4663
2022-08-15,5호선,하남검단산,4507,4269
2022-08-15,5호선,하남시청,3927,3845
2022-08-15,5호선,하남풍산,2072,2006
2022-08-15,5호선,미사,8747,8782
2022-08-15,5호선,강일,2258,2119
2022-08-15,5호선,마천,3308,3430
2022-08-15,5호선,거여,4312,4193
2022-08-15,5호선,개롱,2741,2912
2022-08-15,5호선,오금,1353,1358
2022-08-15,5호선,방이,3156,3094
2022-08-15,5호선,올림픽공원,2056,1860
2022-08-15,5호선,둔촌동,3996,4070
2022-08-15,5호선,상일동,6675,6417
2022-08-15,5호선,고덕,4312,4341
2022-08-15,5호선,명일,4130,4273
2022-08-15,5호선,굽은다리,5358,5202
2022-08-15,5호선,길동,4306,4478
2022-08-15,5호선,강동,8403,8530
2022-08-15,5호선,천호,11804,11324
2022-08-15,5호선,광나루,7032,6737
2022-08-15,5호선,아차산,8211,8030
2022-08-15,5호선,군자,5634,6541
2022-08-15,5호선,장한평,8323,8672
2022-08-15,5호선,답십리,7538,7295
2022-08-15,5호선,마장,2689,2630
2022-08-15,5호선,왕십리,2488,2880
2022-08-15,5호선,행당,3752,3442
2022-08-15,5호선,신금호,2848,3143
2022-08-15,5호선,청구,1813,1798
2022-08-15,5호선,동대문역사문화공원,1061,1180
2022-08-15,5호선,을지로4가,2584,2644
2022-08-15,5호선,종로3가,9919,9207
2022-08-15,5호선,광화문,27998,28630
2022-08-15,5호선,서대문,5176,4548
2022-08-15,5호선,충정로,1308,1344
2022-08-15,5호선,애오개,2353,2435
2022-08-15,5호선,공덕,4486,4688
2022-08-15,5호선,마포,4747,4911
2022-08-15,5호선,여의나루,5546,8021
2022-08-15,5호선,여의도,8976,8792
2022-08-15,5호선,신길,1813,2063
2022-08-15,5호선,영등포시장,4831,5124
2022-08-15,5호선,영등포구청,1429,1321
2022-08-15,5호선,양평,2407,2552
2022-08-15,5호선,오목교,11023,11689
2022-08-15,5호선,목동,7329,7706
2022-08-15,5호선,신정,6281,5730
2022-08-15,5호선,까치산,14734,14668
2022-08-15,5호선,화곡,13818,13308
2022-08-15,5호선,우장산,6888,7140
2022-08-15,5호선,발산,8538,9289
2022-08-15,5호선,마곡,3656,3898
2022-08-15,5호선,송정,3598,3533
2022-08-15,5호선,김포공항,7553,7164
2022-08-15,5호선,개화산,2760,2681
2022-08-15,5호선,방화,3415,3400
2022-08-16,5호선,방화,6825,6580
2022-08-16,5호선,개화산,5640,5443
2022-08-16,5호선,김포공항,7542,6865
2022-08-16,5호선,송정,6489,6000
2022-08-16,5호선,굽은다리,9481,9064
2022-08-16,5호선,길동,7991,8474
2022-08-16,5호선,강동,18588,17654
2022-08-16,5호선,천호,17801,17934
2022-08-16,5호선,광나루,12822,11706
2022-08-16,5호선,아차산,13928,13392
2022-08-16,5호선,상일동,14785,13621
2022-08-16,5호선,고덕,9781,9806
2022-08-16,5호선,명일,8632,8948
2022-08-16,5호선,마곡,10920,11011
2022-08-16,5호선,발산,21208,22043
2022-08-16,5호선,우장산,14813,14535
2022-08-16,5호선,화곡,28643,26733
2022-08-16,5호선,까치산,28615,27264
2022-08-16,5호선,신정,13818,11259
2022-08-16,5호선,목동,16644,18112
2022-08-16,5호선,오목교,21582,23064
2022-08-16,5호선,양평,7431,7319
2022-08-16,5호선,영등포구청,4100,4194
2022-08-16,5호선,영등포시장,10046,10385
2022-08-16,5호선,신길,4197,4354
2022-08-16,5호선,여의도,29110,30830
2022-08-16,5호선,여의나루,12440,13748
2022-08-16,5호선,마포,14301,14565
2022-08-16,5호선,공덕,14312,14942
2022-08-16,5호선,애오개,6643,6645
2022-08-16,5호선,충정로,4617,4655
2022-08-16,5호선,서대문,19363,19867
2022-08-16,5호선,광화문,31109,32359
2022-08-16,5호선,종로3가,12637,12584
2022-08-16,5호선,을지로4가,6276,6463
2022-08-16,5호선,동대문역사문화공원,3212,3701
2022-08-16,5호선,청구,3882,3550
2022-08-16,5호선,신금호,6147,6523
2022-08-16,5호선,행당,8151,7299
2022-08-16,5호선,왕십리,4416,5021
2022-08-16,5호선,마장,5512,5113
2022-08-16,5호선,답십리,16031,14707
2022-08-16,5호선,장한평,18221,18119
2022-08-16,5호선,군자,10794,11899
2022-08-16,5호선,둔촌동,7967,8101
2022-08-16,5호선,올림픽공원,4212,3572
2022-08-16,5호선,방이,6815,7121
2022-08-16,5호선,오금,3736,3734
2022-08-16,5호선,개롱,6347,6702
2022-08-16,5호선,거여,9954,9510
2022-08-16,5호선,마천,7222,6937
2022-08-16,5호선,강일,4553,4456
2022-08-16,5호선,미사,16251,16461
2022-08-16,5호선,하남풍산,4112,4142
2022-08-16,5호선,하남시청,6802,6551
2022-08-16,5호선,하남검단산,5816,5491
2022-08-17,5호선,방화,7239,6994
2022-08-17,5호선,개화산,5842,5483
2022-08-17,5호선,김포공항,7365,7018
2022-08-17,5호선,송정,6609,6051
2022-08-17,5호선,마곡,10951,11129
2022-08-17,5호선,발산,21280,22208
2022-08-17,5호선,우장산,14969,14668
2022-08-17,5호선,화곡,29023,26992
2022-08-17,5호선,까치산,29157,27531
2022-08-17,5호선,신정,14159,11604
2022-08-17,5호선,목동,17402,18468
2022-08-17,5호선,오목교,22244,23669
2022-08-17,5호선,양평,7685,7572
2022-08-17,5호선,영등포구청,4317,4333
2022-08-17,5호선,영등포시장,10573,10723
2022-08-17,5호선,신길,4299,4521
2022-08-17,5호선,여의도,29846,31999
2022-08-17,5호선,여의나루,12728,13829
2022-08-17,5호선,마포,14736,15063
2022-08-17,5호선,공덕,14727,15412
2022-08-17,5호선,애오개,7047,6909
2022-08-17,5호선,충정로,4787,4780
2022-08-17,5호선,서대문,19593,20231
2022-08-17,5호선,광화문,34862,36187
2022-08-17,5호선,종로3가,13227,12875
2022-08-17,5호선,을지로4가,6454,6606
2022-08-17,5호선,동대문역사문화공원,3268,3734
2022-08-17,5호선,청구,4021,3697
2022-08-17,5호선,신금호,6273,6628
2022-08-17,5호선,행당,8236,7283
2022-08-17,5호선,왕십리,4524,4991
2022-08-17,5호선,마장,5554,5215
2022-08-17,5호선,답십리,16622,15158
2022-08-17,5호선,장한평,19162,18831
2022-08-17,5호선,군자,11137,12248
2022-08-17,5호선,아차산,14579,13947
2022-08-17,5호선,광나루,13218,12060
2022-08-17,5호선,천호,18367,18222
2022-08-17,5호선,강동,18702,17966
2022-08-17,5호선,길동,8194,8311
2022-08-17,5호선,굽은다리,9595,9385
2022-08-17,5호선,명일,8746,9103
2022-08-17,5호선,고덕,10130,9922
2022-08-17,5호선,상일동,15178,13940
2022-08-17,5호선,둔촌동,8084,8160
2022-08-17,5호선,올림픽공원,4215,3619
2022-08-17,5호선,방이,6977,7176
2022-08-17,5호선,오금,3803,3808
2022-08-17,5호선,개롱,6513,6796
2022-08-17,5호선,거여,10314,9827
2022-08-17,5호선,마천,7450,7210
2022-08-17,5호선,강일,4596,4577
2022-08-17,5호선,미사,16608,16781
2022-08-17,5호선,하남풍산,4182,4196
2022-08-17,5호선,하남시청,7021,6659
2022-08-17,5호선,하남검단산,5829,5536
2022-08-18,5호선,하남검단산,6002,5668
2022-08-18,5호선,하남시청,6965,6767
2022-08-18,5호선,하남풍산,4225,4171
2022-08-18,5호선,미사,16737,17009
2022-08-18,5호선,강일,4712,4493
2022-08-18,5호선,마천,7457,7252
2022-08-18,5호선,거여,10490,10079
2022-08-18,5호선,개롱,6491,6818
2022-08-18,5호선,오금,3802,3917
2022-08-18,5호선,방이,7165,7441
2022-08-18,5호선,올림픽공원,4330,3610
2022-08-18,5호선,둔촌동,8151,8099
2022-08-18,5호선,상일동,14993,13795
2022-08-18,5호선,고덕,10103,9870
2022-08-18,5호선,명일,8718,9053
2022-08-18,5호선,굽은다리,9627,9182
2022-08-18,5호선,길동,8091,8370
2022-08-18,5호선,강동,18819,18158
2022-08-18,5호선,천호,18263,18411
2022-08-18,5호선,광나루,13558,12363
2022-08-18,5호선,아차산,14935,14475
2022-08-18,5호선,군자,11276,12438
2022-08-18,5호선,장한평,19209,18880
2022-08-18,5호선,답십리,16684,15084
2022-08-18,5호선,마장,5718,5237
2022-08-18,5호선,왕십리,4533,5199
2022-08-18,5호선,행당,8470,7498
2022-08-18,5호선,신금호,6380,6743
2022-08-18,5호선,청구,4045,3690
2022-08-18,5호선,동대문역사문화공원,3163,3650
2022-08-18,5호선,을지로4가,6675,6622
2022-08-18,5호선,종로3가,13289,13361
2022-08-18,5호선,광화문,34071,35124
2022-08-18,5호선,서대문,20190,20695
2022-08-18,5호선,충정로,4727,4892
2022-08-18,5호선,애오개,6955,6884
2022-08-18,5호선,공덕,14829,15613
2022-08-18,5호선,마포,14681,15025
2022-08-18,5호선,여의나루,12990,14147
2022-08-18,5호선,여의도,30000,32452
2022-08-18,5호선,신길,4306,4514
2022-08-18,5호선,영등포시장,10318,10658
2022-08-18,5호선,영등포구청,4603,4326
2022-08-18,5호선,양평,7611,7554
2022-08-18,5호선,오목교,22370,23766
2022-08-18,5호선,목동,17502,18704
2022-08-18,5호선,신정,14197,11532
2022-08-18,5호선,까치산,29351,27696
2022-08-18,5호선,화곡,28912,26767
2022-08-18,5호선,우장산,14946,14504
2022-08-18,5호선,발산,21092,22220
2022-08-18,5호선,마곡,11092,11273
2022-08-18,5호선,송정,6531,6025
2022-08-18,5호선,김포공항,7323,7232
2022-08-18,5호선,개화산,5844,5553
2022-08-18,5호선,방화,7317,6941
2022-08-19,5호선,하남검단산,6075,5781
2022-08-19,5호선,하남시청,7365,7215
2022-08-19,5호선,하남풍산,4371,4354
2022-08-19,5호선,미사,16459,17042
2022-08-19,5호선,강일,4577,4518
2022-08-19,5호선,마천,7641,7309
2022-08-19,5호선,거여,10406,10127
2022-08-19,5호선,개롱,6398,6816
2022-08-19,5호선,오금,3880,3910
2022-08-19,5호선,방이,7162,7596
2022-08-19,5호선,올림픽공원,4485,3716
2022-08-19,5호선,둔촌동,8414,8460
2022-08-19,5호선,상일동,15142,14257
2022-08-19,5호선,고덕,10315,9806
2022-08-19,5호선,명일,8780,9356
2022-08-19,5호선,굽은다리,9901,9588
2022-08-19,5호선,길동,8293,8788
2022-08-19,5호선,강동,19159,18391
2022-08-19,5호선,천호,19188,19122
2022-08-19,5호선,광나루,13367,12176
2022-08-19,5호선,아차산,14824,14335
2022-08-19,5호선,군자,11347,12429
2022-08-19,5호선,장한평,19117,19073
2022-08-19,5호선,답십리,16653,15222
2022-08-19,5호선,마장,5665,5317
2022-08-19,5호선,왕십리,4704,5335
2022-08-19,5호선,행당,8337,7592
2022-08-19,5호선,신금호,6480,6650
2022-08-19,5호선,청구,4038,3788
2022-08-19,5호선,동대문역사문화공원,3332,3735
2022-08-19,5호선,을지로4가,6091,6210
2022-08-19,5호선,종로3가,13786,13981
2022-08-19,5호선,광화문,34179,35376
2022-08-19,5호선,서대문,20628,20021
2022-08-19,5호선,충정로,4813,4844
2022-08-19,5호선,애오개,7045,7146
2022-08-19,5호선,공덕,14570,15525
2022-08-19,5호선,마포,14881,15392
2022-08-19,5호선,여의나루,9474,11488
2022-08-19,5호선,여의도,32244,31799
2022-08-19,5호선,신길,4305,4626
2022-08-19,5호선,영등포시장,10480,10887
2022-08-19,5호선,영등포구청,4310,4148
2022-08-19,5호선,양평,7737,7576
2022-08-19,5호선,오목교,22609,24428
2022-08-19,5호선,목동,17443,18683
2022-08-19,5호선,신정,14231,11680
2022-08-19,5호선,까치산,29360,27777
2022-08-19,5호선,화곡,29098,26770
2022-08-19,5호선,우장산,15104,14700
2022-08-19,5호선,발산,20418,21366
2022-08-19,5호선,마곡,11049,11061
2022-08-19,5호선,송정,6674,6157
2022-08-19,5호선,김포공항,8137,7849
2022-08-19,5호선,개화산,5665,5419
2022-08-19,5호선,방화,7115,6721
2022-08-20,5호선,방화,4792,4613
2022-08-20,5호선,하남검단산,5438,5220
2022-08-20,5호선,하남시청,5698,5341
2022-08-20,5호선,하남풍산,2887,2821
2022-08-20,5호선,미사,12259,12380
2022-08-20,5호선,강일,3200,2966
2022-08-20,5호선,마천,4877,4740
2022-08-20,5호선,거여,6557,6121
2022-08-20,5호선,개롱,4279,4421
2022-08-20,5호선,오금,2100,1972
2022-08-20,5호선,방이,5256,5159
2022-08-20,5호선,올림픽공원,5392,4851
2022-08-20,5호선,둔촌동,5862,5840
2022-08-20,5호선,상일동,9579,8616
2022-08-20,5호선,고덕,6448,6290
2022-08-20,5호선,명일,6145,6043
2022-08-20,5호선,굽은다리,7570,7170
2022-08-20,5호선,길동,6007,5960
2022-08-20,5호선,강동,13155,12589
2022-08-20,5호선,천호,17194,16672
2022-08-20,5호선,광나루,10755,10690
2022-08-20,5호선,아차산,11699,11117
2022-08-20,5호선,군자,8503,9396
2022-08-20,5호선,장한평,11528,11206
2022-08-20,5호선,답십리,10626,9450
2022-08-20,5호선,마장,3980,3637
2022-08-20,5호선,왕십리,3427,4324
2022-08-20,5호선,행당,5543,4744
2022-08-20,5호선,신금호,4040,4129
2022-08-20,5호선,청구,2453,2337
2022-08-20,5호선,동대문역사문화공원,1212,1554
2022-08-20,5호선,을지로4가,3413,3960
2022-08-20,5호선,종로3가,12798,13280
2022-08-20,5호선,광화문,19900,20962
2022-08-20,5호선,서대문,7747,7515
2022-08-20,5호선,충정로,1911,1751
2022-08-20,5호선,애오개,3664,3517
2022-08-20,5호선,공덕,7243,7586
2022-08-20,5호선,마포,7515,7574
2022-08-20,5호선,여의나루,12555,14062
2022-08-20,5호선,여의도,12816,13671
2022-08-20,5호선,신길,2755,2732
2022-08-20,5호선,영등포시장,8237,8545
2022-08-20,5호선,영등포구청,2132,2029
2022-08-20,5호선,양평,3898,3666
2022-08-20,5호선,오목교,17609,17949
2022-08-20,5호선,목동,11347,11317
2022-08-20,5호선,신정,9189,7596
2022-08-20,5호선,까치산,21138,19408
2022-08-20,5호선,화곡,20554,18352
2022-08-20,5호선,우장산,9955,9665
2022-08-20,5호선,발산,12764,14040
2022-08-20,5호선,마곡,5700,5804
2022-08-20,5호선,송정,5033,4627
2022-08-20,5호선,김포공항,7443,7676
2022-08-20,5호선,개화산,3801,3630
2022-08-21,5호선,방화,3633,3627
2022-08-21,5호선,개화산,2687,2737
2022-08-21,5호선,김포공항,7169,6857
2022-08-21,5호선,송정,3652,3507
2022-08-21,5호선,마곡,3659,3896
2022-08-21,5호선,발산,8390,9284
2022-08-21,5호선,우장산,6987,7002
2022-08-21,5호선,화곡,13973,13186
2022-08-21,5호선,까치산,15370,14936
2022-08-21,5호선,신정,6448,5637
2022-08-21,5호선,목동,7737,7849
2022-08-21,5호선,오목교,11797,11926
2022-08-21,5호선,양평,2696,2769
2022-08-21,5호선,영등포구청,1577,1389
2022-08-21,5호선,영등포시장,5641,5840
2022-08-21,5호선,신길,2008,2202
2022-08-21,5호선,여의도,8718,9266
2022-08-21,5호선,여의나루,10820,12028
2022-08-21,5호선,마포,4837,4854
2022-08-21,5호선,공덕,4607,4604
2022-08-21,5호선,애오개,2720,2673
2022-08-21,5호선,충정로,1583,1474
2022-08-21,5호선,서대문,5984,5962
2022-08-21,5호선,광화문,15841,16129
2022-08-21,5호선,종로3가,8856,8379
2022-08-21,5호선,을지로4가,1730,1847
2022-08-21,5호선,동대문역사문화공원,933,1090
2022-08-21,5호선,청구,1824,1708
2022-08-21,5호선,신금호,3005,3192
2022-08-21,5호선,행당,4076,3594
2022-08-21,5호선,왕십리,2531,3176
2022-08-21,5호선,마장,2797,2547
2022-08-21,5호선,답십리,7985,7325
2022-08-21,5호선,장한평,8044,7930
2022-08-21,5호선,군자,6138,6745
2022-08-21,5호선,아차산,9347,9049
2022-08-21,5호선,광나루,8241,7846
2022-08-21,5호선,천호,13011,12273
2022-08-21,5호선,강동,9241,9206
2022-08-21,5호선,길동,4179,4106
2022-08-21,5호선,굽은다리,5567,5284
2022-08-21,5호선,명일,5026,5250
2022-08-21,5호선,고덕,4477,4562
2022-08-21,5호선,상일동,6569,6267
2022-08-21,5호선,둔촌동,4597,4542
2022-08-21,5호선,올림픽공원,3611,3403
2022-08-21,5호선,방이,3959,3753
2022-08-21,5호선,오금,1582,1507
2022-08-21,5호선,개롱,3018,3380
2022-08-21,5호선,거여,4561,4415
2022-08-21,5호선,마천,3609,3882
2022-08-21,5호선,강일,2428,2236
2022-08-21,5호선,미사,8825,9024
2022-08-21,5호선,하남풍산,2386,2347
2022-08-21,5호선,하남시청,4084,3901
2022-08-21,5호선,하남검단산,4742,4542
2022-08-22,5호선,하남검단산,5962,5680
2022-08-22,5호선,하남시청,6870,6737
2022-08-22,5호선,하남풍산,4375,4227
2022-08-22,5호선,미사,16182,16477
2022-08-22,5호선,강일,4683,4453
2022-08-22,5호선,마천,7399,7082
2022-08-22,5호선,거여,10277,9955
2022-08-22,5호선,개롱,6567,6876
2022-08-22,5호선,오금,3940,3943
2022-08-22,5호선,방이,6834,7182
2022-08-22,5호선,올림픽공원,4593,3921
2022-08-22,5호선,둔촌동,8372,7928
2022-08-22,5호선,상일동,14888,13779
2022-08-22,5호선,고덕,10102,9989
2022-08-22,5호선,명일,8527,8965
2022-08-22,5호선,굽은다리,9532,9159
2022-08-22,5호선,길동,7917,8288
2022-08-22,5호선,강동,18715,18147
2022-08-22,5호선,천호,17800,17889
2022-08-22,5호선,광나루,13392,12272
2022-08-22,5호선,아차산,14206,13812
2022-08-22,5호선,군자,10848,11922
2022-08-22,5호선,장한평,18298,18115
2022-08-22,5호선,답십리,16496,15006
2022-08-22,5호선,마장,5560,5218
2022-08-22,5호선,왕십리,4465,5093
2022-08-22,5호선,행당,8130,7311
2022-08-22,5호선,신금호,6426,6798
2022-08-22,5호선,청구,3938,3725
2022-08-22,5호선,동대문역사문화공원,3220,3629
2022-08-22,5호선,을지로4가,6320,6444
2022-08-22,5호선,종로3가,12385,12165
2022-08-22,5호선,광화문,33088,34770
2022-08-22,5호선,서대문,20137,20254
2022-08-22,5호선,충정로,4711,4792
2022-08-22,5호선,애오개,6757,6654
2022-08-22,5호선,공덕,14274,14968
2022-08-22,5호선,마포,14350,14534
2022-08-22,5호선,여의나루,11974,13072
2022-08-22,5호선,여의도,29642,31370
2022-08-22,5호선,신길,4256,4504
2022-08-22,5호선,영등포시장,9975,10264
2022-08-22,5호선,영등포구청,4659,4283
2022-08-22,5호선,양평,7631,7654
2022-08-22,5호선,오목교,21255,22819
2022-08-22,5호선,목동,16957,18214
2022-08-22,5호선,신정,13894,11452
2022-08-22,5호선,까치산,28841,27369
2022-08-22,5호선,화곡,28782,27062
2022-08-22,5호선,우장산,15208,14982
2022-08-22,5호선,발산,20562,21134
2022-08-22,5호선,마곡,10965,11024
2022-08-22,5호선,송정,6583,5987
2022-08-22,5호선,김포공항,7283,7032
2022-08-22,5호선,개화산,5755,5529
2022-08-22,5호선,방화,6789,6469
2022-08-23,5호선,방화,7040,6788
2022-08-23,5호선,개화산,5913,5538
2022-08-23,5호선,김포공항,7438,7130
2022-08-23,5호선,송정,6748,6272
2022-08-23,5호선,마곡,11192,11274
2022-08-23,5호선,발산,21838,22461
2022-08-23,5호선,우장산,15359,15241
2022-08-23,5호선,화곡,29421,27216
2022-08-23,5호선,까치산,29490,28026
2022-08-23,5호선,신정,14260,11689
2022-08-23,5호선,목동,17387,18486
2022-08-23,5호선,오목교,22416,23893
2022-08-23,5호선,양평,7776,7692
2022-08-23,5호선,영등포구청,4391,4305
2022-08-23,5호선,영등포시장,10261,10428
2022-08-23,5호선,신길,4293,4617
2022-08-23,5호선,여의도,29977,32407
2022-08-23,5호선,여의나루,13290,14476
2022-08-23,5호선,마포,14775,15310
2022-08-23,5호선,공덕,14910,15634
2022-08-23,5호선,애오개,6982,6905
2022-08-23,5호선,충정로,4758,4868
2022-08-23,5호선,서대문,20249,20732
2022-08-23,5호선,광화문,32899,34459
2022-08-23,5호선,종로3가,13112,12898
2022-08-23,5호선,을지로4가,6654,6835
2022-08-23,5호선,동대문역사문화공원,3199,3734
2022-08-23,5호선,청구,4026,3777
2022-08-23,5호선,신금호,6681,6967
2022-08-23,5호선,행당,8402,7509
2022-08-23,5호선,왕십리,4405,5153
2022-08-23,5호선,마장,5771,5313
2022-08-23,5호선,답십리,16741,15299
2022-08-23,5호선,장한평,18889,18593
2022-08-23,5호선,군자,11247,12136
2022-08-23,5호선,아차산,14810,14221
2022-08-23,5호선,광나루,14033,12657
2022-08-23,5호선,천호,18416,18283
2022-08-23,5호선,강동,18860,18385
2022-08-23,5호선,길동,8196,8474
2022-08-23,5호선,굽은다리,9734,9181
2022-08-23,5호선,명일,8623,8980
2022-08-23,5호선,고덕,10188,10068
2022-08-23,5호선,상일동,15319,14126
2022-08-23,5호선,둔촌동,8297,8282
2022-08-23,5호선,올림픽공원,4740,4057
2022-08-23,5호선,방이,7221,7593
2022-08-23,5호선,오금,3948,3892
2022-08-23,5호선,개롱,6521,6890
2022-08-23,5호선,거여,10595,10007
2022-08-23,5호선,마천,7369,7184
2022-08-23,5호선,강일,4728,4539
2022-08-23,5호선,미사,16434,16687
2022-08-23,5호선,하남풍산,4299,4280
2022-08-23,5호선,하남시청,7193,6883
2022-08-23,5호선,하남검단산,5979,5608
2022-08-24,5호선,하남검단산,6187,5867
2022-08-24,5호선,하남시청,7591,7189
2022-08-24,5호선,하남풍산,4388,4346
2022-08-24,5호선,미사,17048,17340
2022-08-24,5호선,강일,4797,4568
2022-08-24,5호선,마천,7732,7257
2022-08-24,5호선,거여,10690,10157
2022-08-24,5호선,개롱,6679,6949
2022-08-24,5호선,오금,3955,3936
2022-08-24,5호선,방이,7294,7575
2022-08-24,5호선,올림픽공원,4662,4056
2022-08-24,5호선,둔촌동,8422,8371
2022-08-24,5호선,상일동,15803,14488
2022-08-24,5호선,고덕,10423,10389
2022-08-24,5호선,명일,9088,9424
2022-08-24,5호선,굽은다리,9672,9337
2022-08-24,5호선,길동,8164,8479
2022-08-24,5호선,강동,18914,18664
2022-08-24,5호선,천호,18573,18455
2022-08-24,5호선,광나루,14228,12950
2022-08-24,5호선,아차산,15105,14513
2022-08-24,5호선,군자,11567,12611
2022-08-24,5호선,장한평,19398,19169
2022-08-24,5호선,답십리,16930,15276
2022-08-24,5호선,마장,5944,5569
2022-08-24,5호선,왕십리,4497,5204
2022-08-24,5호선,행당,8523,7647
2022-08-24,5호선,신금호,6749,7067
2022-08-24,5호선,청구,4081,3741
2022-08-24,5호선,동대문역사문화공원,3145,3728
2022-08-24,5호선,을지로4가,6581,6715
2022-08-24,5호선,종로3가,13564,13685
2022-08-24,5호선,광화문,33258,34660
2022-08-24,5호선,서대문,20389,20939
2022-08-24,5호선,충정로,4865,4889
2022-08-24,5호선,애오개,7099,7035
2022-08-24,5호선,공덕,15119,15882
2022-08-24,5호선,마포,14900,15273
2022-08-24,5호선,여의나루,14080,15042
2022-08-24,5호선,여의도,30227,32557
2022-08-24,5호선,신길,4281,4508
2022-08-24,5호선,영등포시장,10612,10868
2022-08-24,5호선,영등포구청,4325,4252
2022-08-24,5호선,양평,7844,7702
2022-08-24,5호선,오목교,22552,24078
2022-08-24,5호선,목동,17711,18824
2022-08-24,5호선,신정,14523,11835
2022-08-24,5호선,까치산,29808,28379
2022-08-24,5호선,화곡,29464,27427
2022-08-24,5호선,우장산,15629,15338
2022-08-24,5호선,발산,21574,22601
2022-08-24,5호선,마곡,11151,11221
2022-08-24,5호선,송정,6721,6291
2022-08-24,5호선,김포공항,7574,7249
2022-08-24,5호선,개화산,5952,5614
2022-08-24,5호선,방화,7134,6766
2022-08-25,5호선,하남검단산,6043,5849
2022-08-25,5호선,하남시청,7236,6928
2022-08-25,5호선,하남풍산,4387,4339
2022-08-25,5호선,미사,16958,17103
2022-08-25,5호선,강일,4768,4624
2022-08-25,5호선,마천,7542,7211
2022-08-25,5호선,거여,10537,10051
2022-08-25,5호선,개롱,6877,7090
2022-08-25,5호선,오금,3894,3949
2022-08-25,5호선,방이,7300,7629
2022-08-25,5호선,올림픽공원,4676,3973
2022-08-25,5호선,둔촌동,8456,8383
2022-08-25,5호선,상일동,15504,14194
2022-08-25,5호선,고덕,10230,10104
2022-08-25,5호선,명일,8679,9056
2022-08-25,5호선,굽은다리,9690,9324
2022-08-25,5호선,길동,8169,8408
2022-08-25,5호선,강동,19066,18454
2022-08-25,5호선,천호,18277,18066
2022-08-25,5호선,광나루,13918,12648
2022-08-25,5호선,아차산,14762,14101
2022-08-25,5호선,군자,11592,12691
2022-08-25,5호선,장한평,19578,19288
2022-08-25,5호선,답십리,16894,15195
2022-08-25,5호선,마장,5859,5460
2022-08-25,5호선,왕십리,4579,5284
2022-08-25,5호선,행당,8384,7438
2022-08-25,5호선,신금호,6811,7023
2022-08-25,5호선,청구,3988,3654
2022-08-25,5호선,동대문역사문화공원,3209,3694
2022-08-25,5호선,을지로4가,6606,6714
2022-08-25,5호선,종로3가,13540,13459
2022-08-25,5호선,광화문,32551,33825
2022-08-25,5호선,서대문,20432,20651
2022-08-25,5호선,충정로,4808,4911
2022-08-25,5호선,애오개,7151,7131
2022-08-25,5호선,공덕,15040,15924
2022-08-25,5호선,마포,14959,15301
2022-08-25,5호선,여의나루,12006,13680
2022-08-25,5호선,여의도,30750,32684
2022-08-25,5호선,신길,4346,4509
2022-08-25,5호선,영등포시장,10532,10908
2022-08-25,5호선,영등포구청,4676,4344
2022-08-25,5호선,양평,7761,7702
2022-08-25,5호선,오목교,21941,23387
2022-08-25,5호선,목동,17604,18488
2022-08-25,5호선,신정,14230,11575
2022-08-25,5호선,까치산,29666,28048
2022-08-25,5호선,화곡,29561,27237
2022-08-25,5호선,우장산,15449,15052
2022-08-25,5호선,발산,21500,22415
2022-08-25,5호선,마곡,11089,11312
2022-08-25,5호선,송정,6768,6195
2022-08-25,5호선,김포공항,7672,7235
2022-08-25,5호선,개화산,5863,5510
2022-08-25,5호선,방화,6923,6580
2022-08-26,5호선,방화,7134,6759
2022-08-26,5호선,개화산,5978,5617
2022-08-26,5호선,김포공항,8753,8162
2022-08-26,5호선,송정,6940,6370
2022-08-26,5호선,마곡,11246,11319
2022-08-26,5호선,발산,21420,22745
2022-08-26,5호선,우장산,15890,15342
2022-08-26,5호선,화곡,31009,28046
2022-08-26,5호선,까치산,30825,28768
2022-08-26,5호선,신정,14689,11793
2022-08-26,5호선,목동,18254,19178
2022-08-26,5호선,오목교,23490,25394
2022-08-26,5호선,양평,8043,7592
2022-08-26,5호선,영등포구청,4431,4361
2022-08-26,5호선,영등포시장,11117,11471
2022-08-26,5호선,신길,4527,4632
2022-08-26,5호선,여의도,29842,32654
2022-08-26,5호선,여의나루,16064,16942
2022-08-26,5호선,마포,15034,15664
2022-08-26,5호선,공덕,15460,16356
2022-08-26,5호선,애오개,7283,7005
2022-08-26,5호선,충정로,4740,4761
2022-08-26,5호선,서대문,20254,20230
2022-08-26,5호선,광화문,33471,34770
2022-08-26,5호선,종로3가,14476,15079
2022-08-26,5호선,을지로4가,6731,7109
2022-08-26,5호선,동대문역사문화공원,3085,3766
2022-08-26,5호선,청구,4120,3861
2022-08-26,5호선,신금호,6927,7022
2022-08-26,5호선,행당,8764,7598
2022-08-26,5호선,왕십리,4742,5599
2022-08-26,5호선,마장,6121,5598
2022-08-26,5호선,답십리,17605,15752
2022-08-26,5호선,장한평,19944,19524
2022-08-26,5호선,군자,11916,13172
2022-08-26,5호선,아차산,15724,15029
2022-08-26,5호선,광나루,15545,14460
2022-08-26,5호선,천호,19958,20112
2022-08-26,5호선,강동,19712,18613
2022-08-26,5호선,길동,8622,8944
2022-08-26,5호선,굽은다리,10242,9600
2022-08-26,5호선,명일,9339,9540
2022-08-26,5호선,고덕,10737,10502
2022-08-26,5호선,상일동,16227,14770
2022-08-26,5호선,둔촌동,8593,8620
2022-08-26,5호선,올림픽공원,4852,4086
2022-08-26,5호선,방이,7555,7814
2022-08-26,5호선,오금,3896,3960
2022-08-26,5호선,개롱,7081,7227
2022-08-26,5호선,거여,10813,10181
2022-08-26,5호선,마천,7842,7378
2022-08-26,5호선,강일,5048,4795
2022-08-26,5호선,미사,17574,17750
2022-08-26,5호선,하남풍산,4606,4350
2022-08-26,5호선,하남시청,7646,7306
2022-08-26,5호선,하남검단산,6351,6022
2022-08-27,5호선,하남검단산,6127,5936
2022-08-27,5호선,하남시청,6177,5739
2022-08-27,5호선,하남풍산,2960,2956
2022-08-27,5호선,미사,13411,13259
2022-08-27,5호선,강일,3595,3187
2022-08-27,5호선,마천,5168,5124
2022-08-27,5호선,거여,6847,6219
2022-08-27,5호선,개롱,4434,4599
2022-08-27,5호선,오금,2118,1860
2022-08-27,5호선,방이,5520,5357
2022-08-27,5호선,올림픽공원,4101,3855
2022-08-27,5호선,둔촌동,6094,6074
2022-08-27,5호선,상일동,10089,9190
2022-08-27,5호선,고덕,6980,6741
2022-08-27,5호선,명일,6533,6364
2022-08-27,5호선,굽은다리,7521,6919
2022-08-27,5호선,길동,6306,6342
2022-08-27,5호선,강동,14377,13550
2022-08-27,5호선,천호,18159,17538
2022-08-27,5호선,광나루,12306,12047
2022-08-27,5호선,아차산,13723,12617
2022-08-27,5호선,군자,8799,9926
2022-08-27,5호선,장한평,12618,12193
2022-08-27,5호선,답십리,11515,10139
2022-08-27,5호선,마장,4313,4039
2022-08-27,5호선,왕십리,3456,4511
2022-08-27,5호선,행당,6091,5127
2022-08-27,5호선,신금호,4388,4604
2022-08-27,5호선,청구,2741,2447
2022-08-27,5호선,동대문역사문화공원,1191,1654
2022-08-27,5호선,을지로4가,3905,4429
2022-08-27,5호선,종로3가,14296,15078
2022-08-27,5호선,광화문,21550,22419
2022-08-27,5호선,서대문,8105,7883
2022-08-27,5호선,충정로,2061,1816
2022-08-27,5호선,애오개,3942,3824
2022-08-27,5호선,공덕,7919,8328
2022-08-27,5호선,마포,8075,8133
2022-08-27,5호선,여의나루,23694,24663
2022-08-27,5호선,여의도,12905,14642
2022-08-27,5호선,신길,3063,3097
2022-08-27,5호선,영등포시장,9146,9442
2022-08-27,5호선,영등포구청,2276,2102
2022-08-27,5호선,양평,4054,3641
2022-08-27,5호선,오목교,17189,17879
2022-08-27,5호선,목동,12316,12226
2022-08-27,5호선,신정,9611,8070
2022-08-27,5호선,까치산,22612,21022
2022-08-27,5호선,화곡,21827,19481
2022-08-27,5호선,우장산,10778,10367
2022-08-27,5호선,발산,14028,15281
2022-08-27,5호선,마곡,5977,6159
2022-08-27,5호선,송정,5431,4941
2022-08-27,5호선,김포공항,7991,7951
2022-08-27,5호선,개화산,3935,3762
2022-08-27,5호선,방화,5080,4825
2022-08-28,5호선,방화,3749,3570
2022-08-28,5호선,개화산,2821,2872
2022-08-28,5호선,김포공항,7174,6950
2022-08-28,5호선,송정,3918,3837
2022-08-28,5호선,마곡,3847,4205
2022-08-28,5호선,발산,9245,9947
2022-08-28,5호선,우장산,7359,7576
2022-08-28,5호선,화곡,15136,14367
2022-08-28,5호선,까치산,16416,15915
2022-08-28,5호선,신정,6623,5962
2022-08-28,5호선,목동,8370,8552
2022-08-28,5호선,오목교,12088,12506
2022-08-28,5호선,양평,2933,2868
2022-08-28,5호선,영등포구청,1489,1494
2022-08-28,5호선,영등포시장,6308,6728
2022-08-28,5호선,신길,2251,2449
2022-08-28,5호선,여의도,9285,10259
2022-08-28,5호선,여의나루,18875,19241
2022-08-28,5호선,마포,5162,5294
2022-08-28,5호선,공덕,5104,5195
2022-08-28,5호선,애오개,2834,2897
2022-08-28,5호선,충정로,1700,1599
2022-08-28,5호선,서대문,5722,5801
2022-08-28,5호선,광화문,16877,17138
2022-08-28,5호선,종로3가,10193,9130
2022-08-28,5호선,을지로4가,2143,2304
2022-08-28,5호선,동대문역사문화공원,1019,1159
2022-08-28,5호선,청구,2004,1883
2022-08-28,5호선,신금호,3068,3390
2022-08-28,5호선,행당,4370,3940
2022-08-28,5호선,왕십리,2582,3065
2022-08-28,5호선,마장,3129,3023
2022-08-28,5호선,답십리,8469,7852
2022-08-28,5호선,장한평,8548,8392
2022-08-28,5호선,군자,6576,7371
2022-08-28,5호선,아차산,10933,10896
2022-08-28,5호선,광나루,9585,9136
2022-08-28,5호선,천호,13626,12685
2022-08-28,5호선,강동,9677,9640
2022-08-28,5호선,길동,4190,4375
2022-08-28,5호선,굽은다리,5585,5239
2022-08-28,5호선,명일,5320,5245
2022-08-28,5호선,고덕,4333,4391
2022-08-28,5호선,상일동,6982,6750
2022-08-28,5호선,둔촌동,4870,4753
2022-08-28,5호선,올림픽공원,3640,3817
2022-08-28,5호선,방이,4423,4202
2022-08-28,5호선,오금,1550,1459
2022-08-28,5호선,개롱,3118,3455
2022-08-28,5호선,거여,4923,4873
2022-08-28,5호선,마천,3842,4065
2022-08-28,5호선,강일,2599,2444
2022-08-28,5호선,미사,9455,9738
2022-08-28,5호선,하남풍산,2355,2315
2022-08-28,5호선,하남시청,4433,4101
2022-08-28,5호선,하남검단산,4998,5001
2022-08-29,5호선,하남검단산,5936,5652
2022-08-29,5호선,하남시청,7337,7260
2022-08-29,5호선,하남풍산,4327,4242
2022-08-29,5호선,미사,16718,16829
2022-08-29,5호선,강일,4711,4548
2022-08-29,5호선,마천,7412,7100
2022-08-29,5호선,거여,10617,10113
2022-08-29,5호선,개롱,6594,6855
2022-08-29,5호선,오금,3870,3952
2022-08-29,5호선,방이,7184,7391
2022-08-29,5호선,올림픽공원,4662,4009
2022-08-29,5호선,둔촌동,8246,8308
2022-08-29,5호선,상일동,15408,14149
2022-08-29,5호선,고덕,10106,9950
2022-08-29,5호선,명일,8707,9082
2022-08-29,5호선,굽은다리,9763,9299
2022-08-29,5호선,길동,8109,8416
2022-08-29,5호선,강동,19069,18489
2022-08-29,5호선,천호,17506,17608
2022-08-29,5호선,광나루,14005,12973
2022-08-29,5호선,아차산,14246,13937
2022-08-29,5호선,군자,11165,12075
2022-08-29,5호선,장한평,18853,18689
2022-08-29,5호선,답십리,17075,15335
2022-08-29,5호선,마장,5921,5378
2022-08-29,5호선,왕십리,4502,4998
2022-08-29,5호선,행당,8389,7379
2022-08-29,5호선,신금호,6562,6957
2022-08-29,5호선,청구,4013,3709
2022-08-29,5호선,동대문역사문화공원,3239,3715
2022-08-29,5호선,을지로4가,6678,6756
2022-08-29,5호선,종로3가,12213,11813
2022-08-29,5호선,광화문,31213,32641
2022-08-29,5호선,서대문,20253,20880
2022-08-29,5호선,충정로,4760,4720
2022-08-29,5호선,애오개,7049,6815
2022-08-29,5호선,공덕,14785,15640
2022-08-29,5호선,마포,14716,15104
2022-08-29,5호선,여의나루,12445,13995
2022-08-29,5호선,여의도,30244,32720
2022-08-29,5호선,신길,4471,4539
2022-08-29,5호선,영등포시장,10177,10486
2022-08-29,5호선,영등포구청,4228,4362
2022-08-29,5호선,양평,7891,7819
2022-08-29,5호선,오목교,21393,23256
2022-08-29,5호선,목동,17024,18253
2022-08-29,5호선,신정,14381,11634
2022-08-29,5호선,까치산,29735,27926
2022-08-29,5호선,화곡,29633,27547
2022-08-29,5호선,우장산,15472,15251
2022-08-29,5호선,발산,21008,22013
2022-08-29,5호선,마곡,11049,11248
2022-08-29,5호선,송정,6862,6287
2022-08-29,5호선,김포공항,7721,6947
2022-08-29,5호선,개화산,5948,5563
2022-08-29,5호선,방화,6857,6471
2022-08-30,5호선,방화,6660,6477
2022-08-30,5호선,개화산,5641,5358
2022-08-30,5호선,김포공항,7468,6754
2022-08-30,5호선,송정,6533,6049
2022-08-30,5호선,마곡,11281,11319
2022-08-30,5호선,발산,21249,22045
2022-08-30,5호선,우장산,15026,14783
2022-08-30,5호선,화곡,28971,26919
2022-08-30,5호선,까치산,28898,27527
2022-08-30,5호선,신정,14155,11501
2022-08-30,5호선,목동,16745,18242
2022-08-30,5호선,오목교,21727,23400
2022-08-30,5호선,양평,7982,7970
2022-08-30,5호선,영등포구청,4196,4361
2022-08-30,5호선,영등포시장,10190,10532
2022-08-30,5호선,신길,4374,4581
2022-08-30,5호선,여의도,32446,33834
2022-08-30,5호선,여의나루,9669,11702
2022-08-30,5호선,마포,15086,15525
2022-08-30,5호선,공덕,15425,16283
2022-08-30,5호선,애오개,7271,7199
2022-08-30,5호선,충정로,4870,4919
2022-08-30,5호선,서대문,21405,21699
2022-08-30,5호선,광화문,32132,33577
2022-08-30,5호선,종로3가,11853,11796
2022-08-30,5호선,을지로4가,6513,6625
2022-08-30,5호선,동대문역사문화공원,3377,3819
2022-08-30,5호선,청구,4055,3738
2022-08-30,5호선,신금호,6768,7015
2022-08-30,5호선,행당,8512,7644
2022-08-30,5호선,왕십리,4416,5063
2022-08-30,5호선,마장,5851,5446
2022-08-30,5호선,답십리,16699,15192
2022-08-30,5호선,장한평,18832,18768
2022-08-30,5호선,군자,11056,12289
2022-08-30,5호선,아차산,14311,13828
2022-08-30,5호선,광나루,13678,12337
2022-08-30,5호선,천호,17290,17318
2022-08-30,5호선,강동,19058,18600
2022-08-30,5호선,길동,7925,8288
2022-08-30,5호선,굽은다리,9488,9172
2022-08-30,5호선,명일,8725,9177
2022-08-30,5호선,고덕,9817,9695
2022-08-30,5호선,상일동,15109,14114
2022-08-30,5호선,둔촌동,8461,8329
2022-08-30,5호선,올림픽공원,4450,3787
2022-08-30,5호선,방이,7365,7753
2022-08-30,5호선,오금,3909,3881
2022-08-30,5호선,개롱,6642,6891
2022-08-30,5호선,거여,10419,10033
2022-08-30,5호선,마천,7203,7024
2022-08-30,5호선,강일,4565,4419
2022-08-30,5호선,미사,16248,16352
2022-08-30,5호선,하남풍산,4203,4163
2022-08-30,5호선,하남시청,6911,6632
2022-08-30,5호선,하남검단산,5562,5340
2022-08-31,5호선,방화,6985,6714
2022-08-31,5호선,개화산,5970,5690
2022-08-31,5호선,김포공항,7350,7098
2022-08-31,5호선,송정,6975,6414
2022-08-31,5호선,마곡,11226,11454
2022-08-31,5호선,발산,22094,23270
2022-08-31,5호선,우장산,15974,15533
2022-08-31,5호선,화곡,30490,28317
2022-08-31,5호선,까치산,30667,28799
2022-08-31,5호선,신정,14706,11966
2022-08-31,5호선,목동,18020,18956
2022-08-31,5호선,오목교,23169,24802
2022-08-31,5호선,양평,7975,7917
2022-08-31,5호선,영등포구청,4397,4437
2022-08-31,5호선,영등포시장,10890,11180
2022-08-31,5호선,신길,4424,4717
2022-08-31,5호선,여의도,30794,33474
2022-08-31,5호선,여의나루,14193,15201
2022-08-31,5호선,마포,15258,15616
2022-08-31,5호선,공덕,15572,16520
2022-08-31,5호선,애오개,7293,7240
2022-08-31,5호선,충정로,5023,5041
2022-08-31,5호선,서대문,20866,21285
2022-08-31,5호선,광화문,33947,35701
2022-08-31,5호선,종로3가,13491,13402
2022-08-31,5호선,을지로4가,6838,7042
2022-08-31,5호선,동대문역사문화공원,3244,3837
2022-08-31,5호선,청구,4180,3862
2022-08-31,5호선,신금호,6997,7173
2022-08-31,5호선,행당,8792,7776
2022-08-31,5호선,왕십리,4692,5520
2022-08-31,5호선,마장,6275,5849
2022-08-31,5호선,답십리,17471,15803
2022-08-31,5호선,장한평,20110,19725
2022-08-31,5호선,군자,11961,13116
2022-08-31,5호선,아차산,15320,14524
2022-08-31,5호선,광나루,14740,13487
2022-08-31,5호선,천호,18748,18968
2022-08-31,5호선,강동,19345,18803
2022-08-31,5호선,길동,8306,8542
2022-08-31,5호선,굽은다리,9919,9488
2022-08-31,5호선,명일,9152,9484
2022-08-31,5호선,고덕,10440,10257
2022-08-31,5호선,상일동,15709,14267
2022-08-31,5호선,둔촌동,8504,8508
2022-08-31,5호선,올림픽공원,4828,4048
2022-08-31,5호선,방이,7332,7588
2022-08-31,5호선,오금,4069,4048
2022-08-31,5호선,개롱,6963,7140
2022-08-31,5호선,거여,10837,10339
2022-08-31,5호선,마천,7660,7292
2022-08-31,5호선,강일,4834,4678
2022-08-31,5호선,미사,17496,17564
2022-08-31,5호선,하남풍산,4461,4352
2022-08-31,5호선,하남시청,7452,7120
2022-08-31,5호선,하남검단산,6178,5892
2022-09-01,5호선,하남검단산,6380,6234
2022-09-01,5호선,하남시청,7813,7458
2022-09-01,5호선,하남풍산,4595,4571
2022-09-01,5호선,미사,17618,17883
2022-09-01,5호선,강일,5278,4984
2022-09-01,5호선,마천,8012,7553
2022-09-01,5호선,거여,11248,10886
2022-09-01,5호선,개롱,7206,7435
2022-09-01,5호선,오금,4154,4097
2022-09-01,5호선,방이,7599,7889
2022-09-01,5호선,올림픽공원,5132,4390
2022-09-01,5호선,둔촌동,8644,8562
2022-09-01,5호선,상일동,16269,15007
2022-09-01,5호선,고덕,10598,10660
2022-09-01,5호선,명일,9587,9666
2022-09-01,5호선,굽은다리,10224,9565
2022-09-01,5호선,길동,8475,8743
2022-09-01,5호선,강동,19703,18999
2022-09-01,5호선,천호,18813,19122
2022-09-01,5호선,광나루,14728,13582
2022-09-01,5호선,아차산,15676,14887
2022-09-01,5호선,군자,11922,13197
2022-09-01,5호선,장한평,20199,20168
2022-09-01,5호선,답십리,17619,16171
2022-09-01,5호선,마장,6761,6499
2022-09-01,5호선,왕십리,4730,5519
2022-09-01,5호선,행당,8968,7853
2022-09-01,5호선,신금호,7128,7301
2022-09-01,5호선,청구,4179,3886
2022-09-01,5호선,동대문역사문화공원,3195,3812
2022-09-01,5호선,을지로4가,6925,7040
2022-09-01,5호선,종로3가,13288,13272
2022-09-01,5호선,광화문,34815,36357
2022-09-01,5호선,서대문,22075,22632
2022-09-01,5호선,충정로,5215,5242
2022-09-01,5호선,애오개,7268,7206
2022-09-01,5호선,공덕,15659,16470
2022-09-01,5호선,마포,15623,15932
2022-09-01,5호선,여의나루,15486,16295
2022-09-01,5호선,여의도,30854,33687
2022-09-01,5호선,신길,4450,4675
2022-09-01,5호선,영등포시장,10860,11209
2022-09-01,5호선,영등포구청,4491,4637
2022-09-01,5호선,양평,8063,7975
2022-09-01,5호선,오목교,23148,25148
2022-09-01,5호선,목동,18441,19546
2022-09-01,5호선,신정,14995,12125
2022-09-01,5호선,까치산,30960,29323
2022-09-01,5호선,화곡,30921,28578
2022-09-01,5호선,우장산,16192,16022
2022-09-01,5호선,발산,22593,23438
2022-09-01,5호선,마곡,11644,11775
2022-09-01,5호선,송정,6961,6485
2022-09-01,5호선,김포공항,7412,7187
2022-09-01,5호선,개화산,6173,5815
2022-09-01,5호선,방화,7302,6951
2022-09-02,5호선,방화,7427,6967
2022-09-02,5호선,하남검단산,6646,6268
2022-09-02,5호선,하남시청,7944,7707
2022-09-02,5호선,하남풍산,4643,4527
2022-09-02,5호선,미사,18007,18396
2022-09-02,5호선,강일,5243,5015
2022-09-02,5호선,마천,8064,7623
2022-09-02,5호선,거여,11428,10691
2022-09-02,5호선,개롱,7272,7450
2022-09-02,5호선,오금,4164,4171
2022-09-02,5호선,방이,7850,8122
2022-09-02,5호선,올림픽공원,5408,4943
2022-09-02,5호선,둔촌동,9024,9077
2022-09-02,5호선,상일동,16475,15028
2022-09-02,5호선,고덕,10913,10703
2022-09-02,5호선,명일,9716,9995
2022-09-02,5호선,굽은다리,10434,9829
2022-09-02,5호선,길동,9008,9261
2022-09-02,5호선,강동,20401,19335
2022-09-02,5호선,천호,20427,20830
2022-09-02,5호선,광나루,15104,13515
2022-09-02,5호선,아차산,16289,15444
2022-09-02,5호선,군자,12353,13621
2022-09-02,5호선,장한평,20454,20099
2022-09-02,5호선,답십리,17724,15973
2022-09-02,5호선,마장,6554,6279
2022-09-02,5호선,왕십리,5020,5956
2022-09-02,5호선,행당,9140,7840
2022-09-02,5호선,신금호,7206,7251
2022-09-02,5호선,청구,4365,3859
2022-09-02,5호선,동대문역사문화공원,3204,3795
2022-09-02,5호선,을지로4가,7064,7374
2022-09-02,5호선,종로3가,14610,15482
2022-09-02,5호선,광화문,34834,36873
2022-09-02,5호선,서대문,21674,21925
2022-09-02,5호선,충정로,5067,5028
2022-09-02,5호선,애오개,7529,7258
2022-09-02,5호선,공덕,15745,16734
2022-09-02,5호선,마포,15523,15945
2022-09-02,5호선,여의나루,19828,20799
2022-09-02,5호선,여의도,30699,33546
2022-09-02,5호선,신길,4695,4726
2022-09-02,5호선,영등포시장,11193,11579
2022-09-02,5호선,영등포구청,4453,4546
2022-09-02,5호선,양평,8216,7975
2022-09-02,5호선,오목교,24060,26331
2022-09-02,5호선,목동,18943,19748
2022-09-02,5호선,신정,15432,12190
2022-09-02,5호선,까치산,31507,29551
2022-09-02,5호선,화곡,31751,28901
2022-09-02,5호선,우장산,16630,16032
2022-09-02,5호선,발산,22085,23657
2022-09-02,5호선,마곡,11680,11913
2022-09-02,5호선,송정,7185,6703
2022-09-02,5호선,김포공항,8179,7325
2022-09-02,5호선,개화산,6238,5797
2022-09-03,5호선,방화,5068,4806
2022-09-03,5호선,개화산,4040,3924
2022-09-03,5호선,김포공항,7638,7070
2022-09-03,5호선,송정,5497,5058
2022-09-03,5호선,마곡,5902,6222
2022-09-03,5호선,발산,14910,16650
2022-09-03,5호선,우장산,10910,10578
2022-09-03,5호선,화곡,22253,19964
2022-09-03,5호선,까치산,22722,20918
2022-09-03,5호선,신정,9859,8287
2022-09-03,5호선,목동,12154,12000
2022-09-03,5호선,오목교,18329,18856
2022-09-03,5호선,양평,4247,3771
2022-09-03,5호선,영등포구청,2255,2170
2022-09-03,5호선,영등포시장,9520,10066
2022-09-03,5호선,신길,3063,2946
2022-09-03,5호선,여의도,12924,14499
2022-09-03,5호선,여의나루,21712,23416
2022-09-03,5호선,마포,8264,8295
2022-09-03,5호선,공덕,8175,8269
2022-09-03,5호선,애오개,4207,4002
2022-09-03,5호선,충정로,2117,1958
2022-09-03,5호선,서대문,8669,8461
2022-09-03,5호선,광화문,22763,22792
2022-09-03,5호선,종로3가,14677,15849
2022-09-03,5호선,을지로4가,4465,4863
2022-09-03,5호선,동대문역사문화공원,1309,1560
2022-09-03,5호선,청구,2655,2441
2022-09-03,5호선,신금호,4490,4441
2022-09-03,5호선,행당,5996,5112
2022-09-03,5호선,왕십리,3849,4724
2022-09-03,5호선,마장,4452,4306
2022-09-03,5호선,답십리,11496,10304
2022-09-03,5호선,장한평,12558,12207
2022-09-03,5호선,군자,9310,10077
2022-09-03,5호선,아차산,13727,13280
2022-09-03,5호선,광나루,11260,10686
2022-09-03,5호선,천호,18446,17753
2022-09-03,5호선,강동,14331,13780
2022-09-03,5호선,길동,6589,6775
2022-09-03,5호선,굽은다리,7760,7249
2022-09-03,5호선,명일,7043,6731
2022-09-03,5호선,고덕,7047,6891
2022-09-03,5호선,상일동,10225,9213
2022-09-03,5호선,둔촌동,6537,6372
2022-09-03,5호선,올림픽공원,5712,6607
2022-09-03,5호선,방이,5955,5698
2022-09-03,5호선,오금,2315,2219
2022-09-03,5호선,개롱,4644,4901
2022-09-03,5호선,거여,6943,6439
2022-09-03,5호선,마천,5364,5454
2022-09-03,5호선,강일,3694,3308
2022-09-03,5호선,미사,13620,13590
2022-09-03,5호선,하남풍산,2967,2904
2022-09-03,5호선,하남시청,6400,5829
2022-09-03,5호선,하남검단산,6289,6170
2022-09-04,5호선,행당,3946,3606
2022-09-04,5호선,방화,3230,3225
2022-09-04,5호선,개화산,2564,2562
2022-09-04,5호선,김포공항,6660,5879
2022-09-04,5호선,송정,3445,3398
2022-09-04,5호선,마곡,3598,3835
2022-09-04,5호선,발산,9079,9552
2022-09-04,5호선,우장산,6698,6909
2022-09-04,5호선,화곡,13736,12811
2022-09-04,5호선,까치산,14941,14408
2022-09-04,5호선,신정,6056,5507
2022-09-04,5호선,목동,7544,7673
2022-09-04,5호선,오목교,11256,11640
2022-09-04,5호선,양평,2716,2801
2022-09-04,5호선,영등포구청,1370,1294
2022-09-04,5호선,영등포시장,5856,6083
2022-09-04,5호선,신길,1942,2076
2022-09-04,5호선,여의도,9038,9041
2022-09-04,5호선,여의나루,5054,7082
2022-09-04,5호선,마포,4785,4821
2022-09-04,5호선,공덕,4625,4613
2022-09-04,5호선,애오개,2616,2611
2022-09-04,5호선,충정로,1485,1584
2022-09-04,5호선,서대문,4933,4904
2022-09-04,5호선,광화문,12384,12196
2022-09-04,5호선,종로3가,8584,7327
2022-09-04,5호선,을지로4가,1608,1761
2022-09-04,5호선,동대문역사문화공원,942,1032
2022-09-04,5호선,청구,1659,1617
2022-09-04,5호선,신금호,2788,3083
2022-09-04,5호선,왕십리,2373,2840
2022-09-04,5호선,마장,2948,2883
2022-09-04,5호선,답십리,7563,6976
2022-09-04,5호선,장한평,8002,7943
2022-09-04,5호선,군자,5735,6379
2022-09-04,5호선,아차산,8158,7948
2022-09-04,5호선,광나루,7246,6915
2022-09-04,5호선,천호,12014,11330
2022-09-04,5호선,강동,8623,8733
2022-09-04,5호선,길동,4097,4123
2022-09-04,5호선,굽은다리,5314,5122
2022-09-04,5호선,명일,4797,4769
2022-09-04,5호선,고덕,4168,4210
2022-09-04,5호선,상일동,6212,6209
2022-09-04,5호선,둔촌동,4514,4570
2022-09-04,5호선,올림픽공원,2776,2707
2022-09-04,5호선,방이,4270,3922
2022-09-04,5호선,오금,1471,1450
2022-09-04,5호선,개롱,2882,3222
2022-09-04,5호선,거여,4385,4256
2022-09-04,5호선,마천,3502,3604
2022-09-04,5호선,강일,2132,2111
2022-09-04,5호선,미사,8345,8353
2022-09-04,5호선,하남풍산,2156,2180
2022-09-04,5호선,하남시청,4238,4095
2022-09-04,5호선,하남검단산,3934,3915
2022-09-05,5호선,하남검단산,5217,5009
2022-09-05,5호선,하남시청,6405,6343
2022-09-05,5호선,하남풍산,4084,4116
2022-09-05,5호선,미사,15559,15908
2022-09-05,5호선,강일,4315,4311
2022-09-05,5호선,마천,7114,6950
2022-09-05,5호선,거여,10331,10059
2022-09-05,5호선,개롱,6512,7023
2022-09-05,5호선,오금,4018,3876
2022-09-05,5호선,방이,7149,7592
2022-09-05,5호선,올림픽공원,4308,3716
2022-09-05,5호선,둔촌동,7974,8189
2022-09-05,5호선,상일동,15248,14688
2022-09-05,5호선,고덕,9590,9561
2022-09-05,5호선,명일,8358,8940
2022-09-05,5호선,굽은다리,9287,9259
2022-09-05,5호선,길동,7789,8225
2022-09-05,5호선,강동,18951,18481
2022-09-05,5호선,천호,16220,16081
2022-09-05,5호선,광나루,12807,11916
2022-09-05,5호선,아차산,13585,13298
2022-09-05,5호선,군자,10523,11435
2022-09-05,5호선,장한평,18512,18718
2022-09-05,5호선,답십리,16027,14988
2022-09-05,5호선,마장,6109,5957
2022-09-05,5호선,왕십리,4314,4755
2022-09-05,5호선,행당,8296,7846
2022-09-05,5호선,신금호,6528,6953
2022-09-05,5호선,청구,3978,3657
2022-09-05,5호선,동대문역사문화공원,3615,3744
2022-09-05,5호선,을지로4가,6071,6031
2022-09-05,5호선,종로3가,10231,10077
2022-09-05,5호선,광화문,31738,31555
2022-09-05,5호선,서대문,22684,21990
2022-09-05,5호선,충정로,5326,5429
2022-09-05,5호선,애오개,6975,7147
2022-09-05,5호선,공덕,14488,15336
2022-09-05,5호선,마포,14701,14887
2022-09-05,5호선,여의나루,8353,9883
2022-09-05,5호선,여의도,32487,31674
2022-09-05,5호선,신길,4332,5030
2022-09-05,5호선,영등포시장,9692,10093
2022-09-05,5호선,영등포구청,3884,4139
2022-09-05,5호선,양평,7836,7959
2022-09-05,5호선,오목교,22993,24281
2022-09-05,5호선,목동,16583,18410
2022-09-05,5호선,신정,14181,11606
2022-09-05,5호선,까치산,28281,27359
2022-09-05,5호선,화곡,28350,26667
2022-09-05,5호선,우장산,14900,14883
2022-09-05,5호선,발산,20172,20567
2022-09-05,5호선,마곡,11188,11000
2022-09-05,5호선,송정,6269,5751
2022-09-05,5호선,김포공항,5116,4246
2022-09-05,5호선,개화산,5654,5392
2022-09-05,5호선,방화,6394,6297
2022-09-06,5호선,방화,6670,6342
2022-09-06,5호선,하남검단산,5704,5460
2022-09-06,5호선,하남시청,7170,6803
2022-09-06,5호선,하남풍산,4370,4295
2022-09-06,5호선,미사,16272,16395
2022-09-06,5호선,강일,4713,4441
2022-09-06,5호선,마천,7398,6893
2022-09-06,5호선,거여,10300,9820
2022-09-06,5호선,개롱,6561,6792
2022-09-06,5호선,오금,3767,3783
2022-09-06,5호선,방이,7191,7450
2022-09-06,5호선,올림픽공원,4613,3900
2022-09-06,5호선,둔촌동,8211,8281
2022-09-06,5호선,상일동,15117,13629
2022-09-06,5호선,고덕,9788,9626
2022-09-06,5호선,명일,8590,8952
2022-09-06,5호선,굽은다리,9382,8834
2022-09-06,5호선,길동,8271,8523
2022-09-06,5호선,강동,18402,17723
2022-09-06,5호선,천호,17940,17890
2022-09-06,5호선,광나루,12970,11673
2022-09-06,5호선,아차산,14218,13683
2022-09-06,5호선,군자,11449,12111
2022-09-06,5호선,장한평,18768,18432
2022-09-06,5호선,답십리,16373,14650
2022-09-06,5호선,마장,6380,6078
2022-09-06,5호선,왕십리,4493,5088
2022-09-06,5호선,행당,8334,7165
2022-09-06,5호선,신금호,6664,6845
2022-09-06,5호선,청구,4159,3608
2022-09-06,5호선,동대문역사문화공원,2751,3167
2022-09-06,5호선,을지로4가,6503,6768
2022-09-06,5호선,종로3가,12185,12361
2022-09-06,5호선,광화문,30463,32458
2022-09-06,5호선,서대문,20568,21415
2022-09-06,5호선,충정로,5021,5174
2022-09-06,5호선,애오개,6953,6779
2022-09-06,5호선,공덕,14534,15479
2022-09-06,5호선,마포,14838,15106
2022-09-06,5호선,여의나루,11767,12766
2022-09-06,5호선,여의도,28704,32125
2022-09-06,5호선,신길,4408,4596
2022-09-06,5호선,영등포시장,10425,10678
2022-09-06,5호선,영등포구청,4313,4345
2022-09-06,5호선,양평,7708,7514
2022-09-06,5호선,오목교,21996,23674
2022-09-06,5호선,목동,17381,18464
2022-09-06,5호선,신정,14233,11322
2022-09-06,5호선,까치산,29400,27463
2022-09-06,5호선,화곡,29210,26614
2022-09-06,5호선,우장산,15199,14729
2022-09-06,5호선,발산,20328,21366
2022-09-06,5호선,마곡,10570,10927
2022-09-06,5호선,송정,6580,6029
2022-09-06,5호선,김포공항,5447,5910
2022-09-06,5호선,개화산,5890,5513
2022-09-07,5호선,오금,4190,4200
2022-09-07,5호선,방이,7993,8113
2022-09-07,5호선,아차산,16438,15730
2022-09-07,5호선,군자,12437,13458
2022-09-07,5호선,장한평,20849,20399
2022-09-07,5호선,답십리,17960,16021
2022-09-07,5호선,마장,6953,6712
2022-09-07,5호선,왕십리,5019,5826
2022-09-07,5호선,행당,9239,8003
2022-09-07,5호선,신금호,7351,7551
2022-09-07,5호선,청구,4469,4063
2022-09-07,5호선,동대문역사문화공원,3302,3957
2022-09-07,5호선,을지로4가,7161,7229
2022-09-07,5호선,종로3가,13519,13372
2022-09-07,5호선,광화문,35167,36808
2022-09-07,5호선,서대문,22975,23288
2022-09-07,5호선,충정로,5504,5650
2022-09-07,5호선,애오개,7628,7464
2022-09-07,5호선,공덕,16035,16899
2022-09-07,5호선,마포,15911,16198
2022-09-07,5호선,여의나루,14958,15690
2022-09-07,5호선,여의도,31607,34345
2022-09-07,5호선,신길,4583,4758
2022-09-07,5호선,영등포시장,11216,11604
2022-09-07,5호선,영등포구청,4690,4571
2022-09-07,5호선,양평,8340,8148
2022-09-07,5호선,오목교,26464,28196
2022-09-07,5호선,목동,19300,20469
2022-09-07,5호선,신정,15670,12507
2022-09-07,5호선,까치산,32103,29913
2022-09-07,5호선,화곡,31904,29394
2022-09-07,5호선,우장산,16815,16551
2022-09-07,5호선,발산,22998,23951
2022-09-07,5호선,마곡,11716,12041
2022-09-07,5호선,송정,7164,6510
2022-09-07,5호선,김포공항,6719,7696
2022-09-07,5호선,개화산,6362,5961
2022-09-07,5호선,방화,7335,6959
2022-09-07,5호선,올림픽공원,5137,4398
2022-09-07,5호선,둔촌동,9290,9354
2022-09-07,5호선,상일동,16536,14957
2022-09-07,5호선,고덕,11145,11076
2022-09-07,5호선,명일,9667,10125
2022-09-07,5호선,굽은다리,10863,10046
2022-09-07,5호선,길동,9033,9337
2022-09-07,5호선,강동,20356,19425
2022-09-07,5호선,개롱,7213,7415
2022-09-07,5호선,거여,11515,10861
2022-09-07,5호선,마천,8341,7815
2022-09-07,5호선,강일,5286,5033
2022-09-07,5호선,미사,18406,18401
2022-09-07,5호선,하남풍산,4688,4632
2022-09-07,5호선,하남시청,7798,7569
2022-09-07,5호선,하남검단산,6620,6265
2022-09-07,5호선,천호,19873,19918
2022-09-07,5호선,광나루,15404,13729
2022-09-08,5호선,방화,6954,6500
2022-09-08,5호선,개화산,6065,5585
2022-09-08,5호선,김포공항,7884,8629
2022-09-08,5호선,송정,7026,6341
2022-09-08,5호선,마곡,11212,11216
2022-09-08,5호선,발산,21677,22681
2022-09-08,5호선,우장산,16617,16160
2022-09-08,5호선,화곡,31126,27772
2022-09-08,5호선,까치산,31561,28564
2022-09-08,5호선,신정,14913,11660
2022-09-08,5호선,목동,18211,18782
2022-09-08,5호선,오목교,23324,26029
2022-09-08,5호선,양평,7927,7273
2022-09-08,5호선,영등포구청,4294,4218
2022-09-08,5호선,영등포시장,10803,10702
2022-09-08,5호선,신길,4620,4301
2022-09-08,5호선,여의도,28976,31660
2022-09-08,5호선,여의나루,15791,16870
2022-09-08,5호선,마포,14251,14543
2022-09-08,5호선,공덕,14490,15467
2022-09-08,5호선,애오개,7004,6651
2022-09-08,5호선,충정로,4917,4860
2022-09-08,5호선,서대문,20151,19958
2022-09-08,5호선,광화문,31665,33412
2022-09-08,5호선,종로3가,12824,13892
2022-09-08,5호선,을지로4가,6462,6894
2022-09-08,5호선,동대문역사문화공원,3212,3812
2022-09-08,5호선,청구,4075,3661
2022-09-08,5호선,신금호,7068,7123
2022-09-08,5호선,행당,8803,7525
2022-09-08,5호선,왕십리,4690,5610
2022-09-08,5호선,마장,6895,6629
2022-09-08,5호선,답십리,17111,15059
2022-09-08,5호선,장한평,19467,18816
2022-09-08,5호선,군자,12160,12769
2022-09-08,5호선,아차산,15951,14603
2022-09-08,5호선,광나루,14411,13173
2022-09-08,5호선,천호,19853,19955
2022-09-08,5호선,강동,19361,17659
2022-09-08,5호선,길동,8898,9297
2022-09-08,5호선,굽은다리,10092,9565
2022-09-08,5호선,명일,9220,9311
2022-09-08,5호선,고덕,10505,10322
2022-09-08,5호선,상일동,15866,14396
2022-09-08,5호선,둔촌동,9003,8702
2022-09-08,5호선,올림픽공원,5032,4212
2022-09-08,5호선,오금,3878,3974
2022-09-08,5호선,개롱,6882,7114
2022-09-08,5호선,거여,10979,10147
2022-09-08,5호선,마천,7707,7408
2022-09-08,5호선,강일,4993,4679
2022-09-08,5호선,미사,17953,18170
2022-09-08,5호선,하남풍산,4531,4531
2022-09-08,5호선,하남시청,7800,7554
2022-09-08,5호선,하남검단산,6345,6077
2022-09-08,5호선,방이,7426,7786
2022-09-09,5호선,영등포구청,1241,980
2022-09-09,5호선,양평,2595,1979
2022-09-09,5호선,오목교,8692,9011
2022-09-09,5호선,목동,7267,6695
2022-09-09,5호선,신정,5925,4777
2022-09-09,5호선,까치산,15397,12825
2022-09-09,5호선,화곡,13312,11110
2022-09-09,5호선,우장산,6663,6359
2022-09-09,5호선,발산,7517,7853
2022-09-09,5호선,마곡,3205,3150
2022-09-09,5호선,송정,3481,3343
2022-09-09,5호선,김포공항,6387,8000
2022-09-09,5호선,개화산,2612,2549
2022-09-09,5호선,방화,3281,3073
2022-09-09,5호선,하남검단산,4294,4406
2022-09-09,5호선,하남시청,4283,4100
2022-09-09,5호선,하남풍산,1955,1978
2022-09-09,5호선,미사,8269,7690
2022-09-09,5호선,강일,2137,1976
2022-09-09,5호선,마천,3142,3203
2022-09-09,5호선,거여,3800,3411
2022-09-09,5호선,개롱,2375,2496
2022-09-09,5호선,오금,1107,1105
2022-09-09,5호선,방이,2941,2766
2022-09-09,5호선,올림픽공원,1869,1700
2022-09-09,5호선,둔촌동,3883,3664
2022-09-09,5호선,상일동,5753,5216
2022-09-09,5호선,고덕,3856,3632
2022-09-09,5호선,명일,3673,3662
2022-09-09,5호선,굽은다리,4631,4097
2022-09-09,5호선,길동,3782,3919
2022-09-09,5호선,강동,7561,6761
2022-09-09,5호선,천호,9464,8839
2022-09-09,5호선,광나루,6061,5740
2022-09-09,5호선,아차산,8071,7384
2022-09-09,5호선,군자,5208,4929
2022-09-09,5호선,장한평,6682,5886
2022-09-09,5호선,답십리,6782,5502
2022-09-09,5호선,마장,2872,2681
2022-09-09,5호선,왕십리,2001,2560
2022-09-09,5호선,행당,3544,2857
2022-09-09,5호선,신금호,2696,2548
2022-09-09,5호선,청구,1660,1465
2022-09-09,5호선,동대문역사문화공원,869,1031
2022-09-09,5호선,을지로4가,1919,2069
2022-09-09,5호선,종로3가,8378,8399
2022-09-09,5호선,광화문,13538,13176
2022-09-09,5호선,서대문,4339,4158
2022-09-09,5호선,충정로,1159,1020
2022-09-09,5호선,애오개,2223,1985
2022-09-09,5호선,공덕,4239,4072
2022-09-09,5호선,마포,4303,4086
2022-09-09,5호선,여의나루,11908,11720
2022-09-09,5호선,여의도,5227,6282
2022-09-09,5호선,신길,1819,1541
2022-09-09,5호선,영등포시장,4165,3697
2022-09-10,5호선,청구,1340,1181
2022-09-10,5호선,하남검단산,3481,3361
2022-09-10,5호선,하남시청,3026,2931
2022-09-10,5호선,하남풍산,1277,1285
2022-09-10,5호선,미사,5977,6013
2022-09-10,5호선,강일,1712,1570
2022-09-10,5호선,마천,2624,2616
2022-09-10,5호선,거여,3054,2950
2022-09-10,5호선,개롱,1926,2132
2022-09-10,5호선,오금,918,876
2022-09-10,5호선,방이,2027,1960
2022-09-10,5호선,올림픽공원,1545,1395
2022-09-10,5호선,둔촌동,2595,2502
2022-09-10,5호선,상일동,4380,4047
2022-09-10,5호선,고덕,2613,2694
2022-09-10,5호선,명일,2815,2862
2022-09-10,5호선,굽은다리,3821,3632
2022-09-10,5호선,길동,2555,2697
2022-09-10,5호선,강동,5925,5590
2022-09-10,5호선,천호,6729,6971
2022-09-10,5호선,광나루,5030,4675
2022-09-10,5호선,아차산,7028,6619
2022-09-10,5호선,군자,4116,4343
2022-09-10,5호선,장한평,5076,5014
2022-09-10,5호선,답십리,5510,5113
2022-09-10,5호선,마장,1968,1823
2022-09-10,5호선,왕십리,1635,1932
2022-09-10,5호선,행당,3031,2527
2022-09-10,5호선,신금호,2279,2393
2022-09-10,5호선,동대문역사문화공원,726,910
2022-09-10,5호선,을지로4가,1228,1338
2022-09-10,5호선,종로3가,7657,7471
2022-09-10,5호선,광화문,14849,14377
2022-09-10,5호선,서대문,3593,3648
2022-09-10,5호선,충정로,949,905
2022-09-10,5호선,애오개,1758,1725
2022-09-10,5호선,공덕,3071,3098
2022-09-10,5호선,마포,3385,3229
2022-09-10,5호선,여의나루,13019,13026
2022-09-10,5호선,여의도,3558,4491
2022-09-10,5호선,신길,1315,1389
2022-09-10,5호선,영등포시장,2974,3022
2022-09-10,5호선,영등포구청,884,792
2022-09-10,5호선,양평,1720,1557
2022-09-10,5호선,오목교,5827,6127
2022-09-10,5호선,목동,5621,5776
2022-09-10,5호선,신정,4916,4426
2022-09-10,5호선,까치산,11279,11307
2022-09-10,5호선,화곡,10348,9700
2022-09-10,5호선,우장산,4412,4598
2022-09-10,5호선,발산,4705,5302
2022-09-10,5호선,마곡,2094,2208
2022-09-10,5호선,송정,2907,2776
2022-09-10,5호선,김포공항,5986,6288
2022-09-10,5호선,개화산,2204,2165
2022-09-10,5호선,방화,2675,2715
2022-09-11,5호선,하남검단산,4808,4687
2022-09-11,5호선,하남시청,3992,3664
2022-09-11,5호선,하남풍산,2079,1962
2022-09-11,5호선,미사,8115,8734
2022-09-11,5호선,강일,2370,2059
2022-09-11,5호선,마천,3399,3498
2022-09-11,5호선,거여,3936,3746
2022-09-11,5호선,개롱,2711,2835
2022-09-11,5호선,오금,1277,1158
2022-09-11,5호선,방이,3337,3224
2022-09-11,5호선,올림픽공원,2830,2620
2022-09-11,5호선,둔촌동,3772,3888
2022-09-11,5호선,상일동,6147,5728
2022-09-11,5호선,고덕,3741,3609
2022-09-11,5호선,명일,4507,4467
2022-09-11,5호선,굽은다리,4914,4637
2022-09-11,5호선,길동,3474,3637
2022-09-11,5호선,강동,7325,7657
2022-09-11,5호선,천호,10596,10689
2022-09-11,5호선,광나루,7145,6829
2022-09-11,5호선,아차산,9842,9522
2022-09-11,5호선,군자,4980,6002
2022-09-11,5호선,장한평,7214,7631
2022-09-11,5호선,답십리,6663,6333
2022-09-11,5호선,마장,2483,2370
2022-09-11,5호선,왕십리,1982,2600
2022-09-11,5호선,행당,3611,3296
2022-09-11,5호선,신금호,2604,2775
2022-09-11,5호선,청구,1567,1600
2022-09-11,5호선,동대문역사문화공원,845,947
2022-09-11,5호선,을지로4가,1612,1710
2022-09-11,5호선,종로3가,10655,10368
2022-09-11,5호선,광화문,19049,18709
2022-09-11,5호선,서대문,4403,4517
2022-09-11,5호선,충정로,1233,1153
2022-09-11,5호선,애오개,2228,2340
2022-09-11,5호선,공덕,3781,4060
2022-09-11,5호선,마포,4017,4339
2022-09-11,5호선,여의나루,14911,16611
2022-09-11,5호선,여의도,8587,8417
2022-09-11,5호선,신길,1521,1850
2022-09-11,5호선,영등포시장,4131,4705
2022-09-11,5호선,영등포구청,1139,1166
2022-09-11,5호선,양평,2149,2268
2022-09-11,5호선,오목교,9886,10345
2022-09-11,5호선,목동,6832,7093
2022-09-11,5호선,신정,5922,5477
2022-09-11,5호선,까치산,13737,14209
2022-09-11,5호선,화곡,12962,12614
2022-09-11,5호선,우장산,6180,6290
2022-09-11,5호선,발산,7342,8895
2022-09-11,5호선,마곡,3041,3155
2022-09-11,5호선,송정,3438,3336
2022-09-11,5호선,김포공항,7928,6847
2022-09-11,5호선,개화산,2533,2535
2022-09-11,5호선,방화,3216,3151
2022-09-12,5호선,우장산,6924,6968
2022-09-12,5호선,발산,8190,9168
2022-09-12,5호선,마곡,3582,3902
2022-09-12,5호선,송정,3606,3700
2022-09-12,5호선,김포공항,8764,7403
2022-09-12,5호선,개화산,2815,2925
2022-09-12,5호선,방화,3672,3588
2022-09-12,5호선,영등포시장,4726,5179
2022-09-12,5호선,영등포구청,1348,1399
2022-09-12,5호선,양평,2385,2749
2022-09-12,5호선,하남검단산,4997,4763
2022-09-12,5호선,하남시청,4346,3904
2022-09-12,5호선,하남풍산,2117,2068
2022-09-12,5호선,미사,8969,9623
2022-09-12,5호선,강일,2545,2279
2022-09-12,5호선,마천,3574,3638
2022-09-12,5호선,거여,4388,4221
2022-09-12,5호선,개롱,2898,3014
2022-09-12,5호선,오금,1299,1332
2022-09-12,5호선,방이,3526,3508
2022-09-12,5호선,올림픽공원,3249,2970
2022-09-12,5호선,둔촌동,4008,4033
2022-09-12,5호선,상일동,6737,6224
2022-09-12,5호선,고덕,4474,4532
2022-09-12,5호선,화곡,14149,13561
2022-09-12,5호선,오목교,11203,11536
2022-09-12,5호선,목동,7681,8042
2022-09-12,5호선,신정,6155,5720
2022-09-12,5호선,까치산,14913,15084
2022-09-12,5호선,명일,4136,4188
2022-09-12,5호선,굽은다리,5075,4950
2022-09-12,5호선,길동,4143,4287
2022-09-12,5호선,강동,8054,8723
2022-09-12,5호선,천호,12175,11981
2022-09-12,5호선,광나루,7392,7493
2022-09-12,5호선,아차산,10221,10021
2022-09-12,5호선,군자,5380,6793
2022-09-12,5호선,장한평,8178,8661
2022-09-12,5호선,답십리,7239,7001
2022-09-12,5호선,마장,2555,2410
2022-09-12,5호선,왕십리,2418,2870
2022-09-12,5호선,행당,3917,3404
2022-09-12,5호선,신금호,2792,3001
2022-09-12,5호선,청구,1623,1589
2022-09-12,5호선,동대문역사문화공원,842,944
2022-09-12,5호선,을지로4가,1908,1888
2022-09-12,5호선,종로3가,10727,10249
2022-09-12,5호선,광화문,16753,16652
2022-09-12,5호선,서대문,4951,5149
2022-09-12,5호선,충정로,1203,1281
2022-09-12,5호선,애오개,2393,2436
2022-09-12,5호선,공덕,4409,4496
2022-09-12,5호선,마포,4651,4844
2022-09-12,5호선,여의나루,15169,15942
2022-09-12,5호선,여의도,7682,8563
2022-09-12,5호선,신길,1594,2100
2022-09-13,5호선,방화,6843,6605
2022-09-13,5호선,개화산,5913,5670
2022-09-13,5호선,김포공항,7716,6732
2022-09-13,5호선,송정,6590,6207
2022-09-13,5호선,마곡,10935,11163
2022-09-13,5호선,발산,20538,21212
2022-09-13,5호선,우장산,15361,15101
2022-09-13,5호선,화곡,29580,27606
2022-09-13,5호선,까치산,29298,28201
2022-09-13,5호선,목동,17283,18510
2022-09-13,5호선,신정,14167,11705
2022-09-13,5호선,하남검단산,6054,5739
2022-09-13,5호선,하남시청,7355,7120
2022-09-13,5호선,하남풍산,4490,4405
2022-09-13,5호선,미사,16443,17022
2022-09-13,5호선,강일,4926,4774
2022-09-13,5호선,마천,7515,7210
2022-09-13,5호선,거여,10644,10349
2022-09-13,5호선,개롱,6613,6972
2022-09-13,5호선,오금,3805,3806
2022-09-13,5호선,방이,7224,7446
2022-09-13,5호선,올림픽공원,4801,4219
2022-09-13,5호선,둔촌동,8377,8426
2022-09-13,5호선,상일동,15107,14167
2022-09-13,5호선,고덕,9863,10114
2022-09-13,5호선,명일,8754,9152
2022-09-13,5호선,굽은다리,9716,9039
2022-09-13,5호선,길동,7915,8230
2022-09-13,5호선,강동,18580,17812
2022-09-13,5호선,천호,17879,18082
2022-09-13,5호선,광나루,13603,12687
2022-09-13,5호선,아차산,14986,14494
2022-09-13,5호선,군자,11029,12374
2022-09-13,5호선,장한평,18567,18624
2022-09-13,5호선,답십리,16242,14997
2022-09-13,5호선,마장,5792,5463
2022-09-13,5호선,왕십리,4336,5107
2022-09-13,5호선,행당,8248,7422
2022-09-13,5호선,신금호,6691,7017
2022-09-13,5호선,청구,4037,3629
2022-09-13,5호선,동대문역사문화공원,3130,3555
2022-09-13,5호선,을지로4가,6009,6192
2022-09-13,5호선,종로3가,11283,11576
2022-09-13,5호선,광화문,30155,31336
2022-09-13,5호선,서대문,19985,19996
2022-09-13,5호선,충정로,4904,5152
2022-09-13,5호선,애오개,6793,6651
2022-09-13,5호선,공덕,13668,14474
2022-09-13,5호선,마포,14102,14516
2022-09-13,5호선,여의나루,11412,12117
2022-09-13,5호선,여의도,28345,30051
2022-09-13,5호선,신길,4091,4463
2022-09-13,5호선,영등포시장,9984,10419
2022-09-13,5호선,영등포구청,4246,4364
2022-09-13,5호선,양평,7274,7481
2022-09-13,5호선,오목교,22316,23720
2022-09-14,5호선,방화,7206,6854
2022-09-14,5호선,하남검단산,6234,6016
2022-09-14,5호선,하남시청,7884,7643
2022-09-14,5호선,하남풍산,4584,4443
2022-09-14,5호선,미사,18001,18198
2022-09-14,5호선,강일,5252,4969
2022-09-14,5호선,마천,7965,7643
2022-09-14,5호선,마포,15260,15667
2022-09-14,5호선,거여,11429,10785
2022-09-14,5호선,개화산,6143,5804
2022-09-14,5호선,김포공항,7195,6673
2022-09-14,5호선,송정,6791,6282
2022-09-14,5호선,마곡,11554,11745
2022-09-14,5호선,발산,21904,22980
2022-09-14,5호선,우장산,16000,15701
2022-09-14,5호선,화곡,30831,28824
2022-09-14,5호선,까치산,30700,29123
2022-09-14,5호선,신정,15161,12134
2022-09-14,5호선,목동,18329,19728
2022-09-14,5호선,오목교,23166,24882
2022-09-14,5호선,양평,8116,7981
2022-09-14,5호선,영등포구청,4370,4513
2022-09-14,5호선,영등포시장,10738,11050
2022-09-14,5호선,신길,4372,4727
2022-09-14,5호선,여의도,30392,32989
2022-09-14,5호선,여의나루,12307,13277
2022-09-14,5호선,공덕,15474,16361
2022-09-14,5호선,애오개,7383,7296
2022-09-14,5호선,충정로,5278,5411
2022-09-14,5호선,서대문,22509,22863
2022-09-14,5호선,광화문,34099,35794
2022-09-14,5호선,종로3가,12712,12835
2022-09-14,5호선,을지로4가,6669,6829
2022-09-14,5호선,동대문역사문화공원,3213,3815
2022-09-14,5호선,청구,4290,3891
2022-09-14,5호선,신금호,7023,7291
2022-09-14,5호선,행당,8843,7847
2022-09-14,5호선,왕십리,4762,5432
2022-09-14,5호선,마장,6220,5810
2022-09-14,5호선,답십리,17386,15648
2022-09-14,5호선,장한평,20315,20049
2022-09-14,5호선,군자,11743,13005
2022-09-14,5호선,아차산,15307,14903
2022-09-14,5호선,광나루,14376,13129
2022-09-14,5호선,천호,19009,19174
2022-09-14,5호선,강동,19552,18767
2022-09-14,5호선,길동,8366,8748
2022-09-14,5호선,굽은다리,10219,9725
2022-09-14,5호선,명일,9318,9846
2022-09-14,5호선,고덕,10547,10528
2022-09-14,5호선,상일동,16243,14955
2022-09-14,5호선,둔촌동,8683,8747
2022-09-14,5호선,올림픽공원,5006,4330
2022-09-14,5호선,방이,7688,7859
2022-09-14,5호선,오금,4084,4091
2022-09-14,5호선,개롱,7276,7454
2022-09-15,5호선,방화,7371,7136
2022-09-15,5호선,개화산,6119,5727
2022-09-15,5호선,김포공항,6943,6693
2022-09-15,5호선,송정,6945,6238
2022-09-15,5호선,마곡,11877,11985
2022-09-15,5호선,발산,21952,22948
2022-09-15,5호선,우장산,15937,15715
2022-09-15,5호선,화곡,31058,28823
2022-09-15,5호선,까치산,30956,29232
2022-09-15,5호선,신정,15170,12220
2022-09-15,5호선,목동,18712,20005
2022-09-15,5호선,오목교,22848,24540
2022-09-15,5호선,양평,8122,8023
2022-09-15,5호선,영등포구청,4492,4582
2022-09-15,5호선,영등포시장,10867,11213
2022-09-15,5호선,신길,4590,4751
2022-09-15,5호선,여의도,30692,33329
2022-09-15,5호선,여의나루,13266,14240
2022-09-15,5호선,마포,15574,16037
2022-09-15,5호선,공덕,15922,16698
2022-09-15,5호선,애오개,7557,7389
2022-09-15,5호선,충정로,5132,5303
2022-09-15,5호선,서대문,22666,23138
2022-09-15,5호선,광화문,34456,36501
2022-09-15,5호선,종로3가,13341,13375
2022-09-15,5호선,을지로4가,6922,7034
2022-09-15,5호선,동대문역사문화공원,3400,3956
2022-09-15,5호선,청구,4286,3915
2022-09-15,5호선,신금호,7072,7378
2022-09-15,5호선,행당,8919,7913
2022-09-15,5호선,왕십리,4915,5478
2022-09-15,5호선,마장,6392,6051
2022-09-15,5호선,답십리,17578,15873
2022-09-15,5호선,장한평,20368,20253
2022-09-15,5호선,군자,12122,13195
2022-09-15,5호선,아차산,15750,15147
2022-09-15,5호선,광나루,14674,13556
2022-09-15,5호선,천호,19267,19670
2022-09-15,5호선,강동,19816,19002
2022-09-15,5호선,길동,8428,8653
2022-09-15,5호선,굽은다리,10301,9713
2022-09-15,5호선,명일,9458,9707
2022-09-15,5호선,고덕,10611,10539
2022-09-15,5호선,상일동,16369,15027
2022-09-15,5호선,둔촌동,8816,8831
2022-09-15,5호선,올림픽공원,4994,4228
2022-09-15,5호선,방이,7862,8069
2022-09-15,5호선,오금,4212,4217
2022-09-15,5호선,개롱,7192,7604
2022-09-15,5호선,거여,11395,10821
2022-09-15,5호선,마천,8203,7721
2022-09-15,5호선,강일,5361,5099
2022-09-15,5호선,미사,17984,18146
2022-09-15,5호선,하남풍산,4674,4579
2022-09-15,5호선,하남시청,7630,7447
2022-09-15,5호선,하남검단산,6172,5955
2022-09-16,5호선,하남검단산,6516,6210
2022-09-16,5호선,하남시청,7907,7571
2022-09-16,5호선,하남풍산,4729,4698
2022-09-16,5호선,미사,18090,18510
2022-09-16,5호선,강일,5245,5044
2022-09-16,5호선,마천,8079,7653
2022-09-16,5호선,거여,11514,10937
2022-09-16,5호선,개롱,7301,7489
2022-09-16,5호선,오금,4242,4314
2022-09-16,5호선,방이,8130,8187
2022-09-16,5호선,올림픽공원,5294,4578
2022-09-16,5호선,둔촌동,9112,9185
2022-09-16,5호선,상일동,16475,15246
2022-09-16,5호선,고덕,11272,10940
2022-09-16,5호선,명일,9692,10097
2022-09-16,5호선,굽은다리,10648,10232
2022-09-16,5호선,길동,8915,9332
2022-09-16,5호선,강동,20042,19202
2022-09-16,5호선,천호,20745,20915
2022-09-16,5호선,광나루,15239,13835
2022-09-16,5호선,아차산,16317,15728
2022-09-16,5호선,군자,12439,13607
2022-09-16,5호선,장한평,20429,20443
2022-09-16,5호선,답십리,17997,16365
2022-09-16,5호선,마장,6395,6017
2022-09-16,5호선,왕십리,4978,5811
2022-09-16,5호선,행당,8939,7966
2022-09-16,5호선,신금호,7256,7411
2022-09-16,5호선,청구,4308,4098
2022-09-16,5호선,동대문역사문화공원,3324,4005
2022-09-16,5호선,을지로4가,6647,7137
2022-09-16,5호선,종로3가,14905,15664
2022-09-16,5호선,광화문,36053,38140
2022-09-16,5호선,서대문,23294,22787
2022-09-16,5호선,충정로,5408,5325
2022-09-16,5호선,애오개,7649,7433
2022-09-16,5호선,공덕,16025,17154
2022-09-16,5호선,마포,16124,16495
2022-09-16,5호선,여의나루,11918,13558
2022-09-16,5호선,여의도,32023,33487
2022-09-16,5호선,신길,4751,4951
2022-09-16,5호선,영등포시장,11332,11838
2022-09-16,5호선,영등포구청,4550,4564
2022-09-16,5호선,양평,8227,8047
2022-09-16,5호선,오목교,23815,25985
2022-09-16,5호선,목동,18740,19760
2022-09-16,5호선,신정,15232,12274
2022-09-16,5호선,까치산,31207,29069
2022-09-16,5호선,화곡,31626,28955
2022-09-16,5호선,우장산,15955,15823
2022-09-16,5호선,발산,22206,23544
2022-09-16,5호선,마곡,11808,11932
2022-09-16,5호선,송정,7133,6678
2022-09-16,5호선,김포공항,8272,7808
2022-09-16,5호선,개화산,6112,5799
2022-09-16,5호선,방화,7348,7123
2022-09-17,5호선,방화,5134,4844
2022-09-17,5호선,개화산,3954,3864
2022-09-17,5호선,김포공항,7671,7749
2022-09-17,5호선,송정,5415,4979
2022-09-17,5호선,마곡,6205,6306
2022-09-17,5호선,발산,15146,16584
2022-09-17,5호선,우장산,10941,10581
2022-09-17,5호선,화곡,22091,19615
2022-09-17,5호선,까치산,22563,20909
2022-09-17,5호선,신정,10031,8466
2022-09-17,5호선,목동,12287,12075
2022-09-17,5호선,오목교,17183,17759
2022-09-17,5호선,양평,4182,3839
2022-09-17,5호선,영등포구청,2241,2223
2022-09-17,5호선,영등포시장,9788,10571
2022-09-17,5호선,신길,3053,3165
2022-09-17,5호선,여의도,13364,14933
2022-09-17,5호선,여의나루,19152,21593
2022-09-17,5호선,마포,8265,8403
2022-09-17,5호선,공덕,8278,8597
2022-09-17,5호선,애오개,4141,3938
2022-09-17,5호선,충정로,2181,2055
2022-09-17,5호선,서대문,8888,8676
2022-09-17,5호선,광화문,21875,21904
2022-09-17,5호선,종로3가,15020,15969
2022-09-17,5호선,을지로4가,4058,4681
2022-09-17,5호선,동대문역사문화공원,1439,1690
2022-09-17,5호선,청구,2801,2761
2022-09-17,5호선,신금호,4310,4409
2022-09-17,5호선,행당,5862,5046
2022-09-17,5호선,왕십리,3799,4792
2022-09-17,5호선,마장,4069,3764
2022-09-17,5호선,답십리,11808,10560
2022-09-17,5호선,장한평,12600,12192
2022-09-17,5호선,군자,9218,10177
2022-09-17,5호선,아차산,13811,12995
2022-09-17,5호선,광나루,11118,10431
2022-09-17,5호선,천호,18082,17507
2022-09-17,5호선,강동,14011,13340
2022-09-17,5호선,길동,6505,6723
2022-09-17,5호선,굽은다리,7750,7406
2022-09-17,5호선,명일,6474,6448
2022-09-17,5호선,고덕,7048,6679
2022-09-17,5호선,상일동,9959,9094
2022-09-17,5호선,둔촌동,6496,6468
2022-09-17,5호선,올림픽공원,6805,7476
2022-09-17,5호선,방이,6239,5925
2022-09-17,5호선,오금,2319,2159
2022-09-17,5호선,개롱,4692,4817
2022-09-17,5호선,거여,7152,6627
2022-09-17,5호선,마천,5228,5156
2022-09-17,5호선,강일,3718,3191
2022-09-17,5호선,미사,13640,13785
2022-09-17,5호선,하남풍산,3268,3182
2022-09-17,5호선,하남시청,6380,5864
2022-09-17,5호선,하남검단산,6018,5766
2022-09-18,5호선,방화,3923,3811
2022-09-18,5호선,개화산,2847,2951
2022-09-18,5호선,김포공항,7160,7189
2022-09-18,5호선,송정,3871,3722
2022-09-18,5호선,마곡,4026,4303
2022-09-18,5호선,발산,9982,10496
2022-09-18,5호선,우장산,7479,7429
2022-09-18,5호선,화곡,15504,14304
2022-09-18,5호선,까치산,16735,15706
2022-09-18,5호선,신정,6848,6171
2022-09-18,5호선,목동,8725,8696
2022-09-18,5호선,오목교,12055,12374
2022-09-18,5호선,양평,2998,3023
2022-09-18,5호선,영등포구청,1597,1544
2022-09-18,5호선,영등포시장,6750,7252
2022-09-18,5호선,신길,2334,2415
2022-09-18,5호선,여의도,9293,10395
2022-09-18,5호선,여의나루,13809,14742
2022-09-18,5호선,마포,5423,5403
2022-09-18,5호선,공덕,5209,5410
2022-09-18,5호선,애오개,2865,2868
2022-09-18,5호선,충정로,1650,1646
2022-09-18,5호선,서대문,6868,6894
2022-09-18,5호선,광화문,15555,15353
2022-09-18,5호선,종로3가,10189,9283
2022-09-18,5호선,을지로4가,2044,2167
2022-09-18,5호선,동대문역사문화공원,1048,1121
2022-09-18,5호선,청구,1988,1869
2022-09-18,5호선,신금호,3125,3349
2022-09-18,5호선,행당,4283,3929
2022-09-18,5호선,왕십리,2779,3436
2022-09-18,5호선,마장,3133,2822
2022-09-18,5호선,답십리,8568,7742
2022-09-18,5호선,장한평,9056,8804
2022-09-18,5호선,군자,6723,7312
2022-09-18,5호선,아차산,11588,11299
2022-09-18,5호선,광나루,8876,8867
2022-09-18,5호선,천호,13676,12838
2022-09-18,5호선,강동,10090,9859
2022-09-18,5호선,길동,4690,4549
2022-09-18,5호선,굽은다리,5672,5583
2022-09-18,5호선,명일,5156,5292
2022-09-18,5호선,고덕,4581,4607
2022-09-18,5호선,상일동,6909,6758
2022-09-18,5호선,둔촌동,5133,5097
2022-09-18,5호선,올림픽공원,5918,6571
2022-09-18,5호선,방이,4642,4321
2022-09-18,5호선,오금,1654,1687
2022-09-18,5호선,개롱,3312,3631
2022-09-18,5호선,거여,4965,4774
2022-09-18,5호선,마천,4086,4307
2022-09-18,5호선,강일,2572,2368
2022-09-18,5호선,미사,9538,9645
2022-09-18,5호선,하남풍산,2324,2224
2022-09-18,5호선,하남시청,4513,4186
2022-09-18,5호선,하남검단산,5022,5040
2022-09-19,5호선,방화,7222,6841
2022-09-19,5호선,개화산,6137,5776
2022-09-19,5호선,김포공항,6531,6480
2022-09-19,5호선,송정,6928,6366
2022-09-19,5호선,마곡,11376,11637
2022-09-19,5호선,발산,22103,22782
2022-09-19,5호선,우장산,15867,15463
2022-09-19,5호선,화곡,30470,28374
2022-09-19,5호선,까치산,30434,28680
2022-09-19,5호선,신정,15017,12128
2022-09-19,5호선,목동,18134,19651
2022-09-19,5호선,오목교,22652,24011
2022-09-19,5호선,양평,8073,8102
2022-09-19,5호선,영등포구청,4482,4707
2022-09-19,5호선,영등포시장,10363,10780
2022-09-19,5호선,신길,4450,4703
2022-09-19,5호선,여의도,30309,32754
2022-09-19,5호선,여의나루,13401,14436
2022-09-19,5호선,마포,15010,15452
2022-09-19,5호선,공덕,15327,16182
2022-09-19,5호선,애오개,7142,6952
2022-09-19,5호선,충정로,5139,5271
2022-09-19,5호선,서대문,22000,22697
2022-09-19,5호선,광화문,33284,34896
2022-09-19,5호선,종로3가,12746,12772
2022-09-19,5호선,을지로4가,6781,7020
2022-09-19,5호선,동대문역사문화공원,3280,3802
2022-09-19,5호선,청구,4174,3786
2022-09-19,5호선,신금호,6841,7162
2022-09-19,5호선,행당,8576,7718
2022-09-19,5호선,왕십리,4692,5243
2022-09-19,5호선,마장,6088,5795
2022-09-19,5호선,답십리,17139,15449
2022-09-19,5호선,장한평,19406,19389
2022-09-19,5호선,군자,11619,12658
2022-09-19,5호선,아차산,15290,14672
2022-09-19,5호선,광나루,14754,13626
2022-09-19,5호선,천호,18298,18642
2022-09-19,5호선,강동,19404,18690
2022-09-19,5호선,길동,8365,8681
2022-09-19,5호선,굽은다리,10136,9557
2022-09-19,5호선,명일,9229,9524
2022-09-19,5호선,고덕,10616,10553
2022-09-19,5호선,상일동,15946,14663
2022-09-19,5호선,둔촌동,8575,8530
2022-09-19,5호선,올림픽공원,5063,4511
2022-09-19,5호선,방이,7599,7746
2022-09-19,5호선,오금,4155,4226
2022-09-19,5호선,개롱,6995,7312
2022-09-19,5호선,거여,11060,10605
2022-09-19,5호선,마천,7914,7499
2022-09-19,5호선,강일,5195,4981
2022-09-19,5호선,미사,17458,17533
2022-09-19,5호선,하남풍산,4520,4481
2022-09-19,5호선,하남시청,7851,7613
2022-09-19,5호선,하남검단산,6268,6007
2022-09-20,5호선,방화,7416,7109
2022-09-20,5호선,개화산,6178,5855
2022-09-20,5호선,김포공항,7157,7328
2022-09-20,5호선,송정,7064,6612
2022-09-20,5호선,마곡,11820,12023
2022-09-20,5호선,발산,22848,23486
2022-09-20,5호선,우장산,16227,15926
2022-09-20,5호선,화곡,31552,29421
2022-09-20,5호선,까치산,31500,29663
2022-09-20,5호선,신정,15320,12405
2022-09-20,5호선,목동,19028,20127
2022-09-20,5호선,오목교,23589,25171
2022-09-20,5호선,양평,8245,8197
2022-09-20,5호선,영등포구청,4607,4694
2022-09-20,5호선,영등포시장,11171,11434
2022-09-20,5호선,신길,4599,4879
2022-09-20,5호선,여의도,30974,33540
2022-09-20,5호선,여의나루,14278,15436
2022-09-20,5호선,마포,15832,16095
2022-09-20,5호선,공덕,15978,16935
2022-09-20,5호선,애오개,7663,7507
2022-09-20,5호선,충정로,5315,5506
2022-09-20,5호선,서대문,22805,23248
2022-09-20,5호선,광화문,34665,36643
2022-09-20,5호선,종로3가,13615,13623
2022-09-20,5호선,을지로4가,6946,7169
2022-09-20,5호선,동대문역사문화공원,3343,3950
2022-09-20,5호선,청구,4323,3970
2022-09-20,5호선,신금호,7252,7569
2022-09-20,5호선,행당,9130,8013
2022-09-20,5호선,왕십리,4823,5390
2022-09-20,5호선,마장,6491,6095
2022-09-20,5호선,답십리,17576,16133
2022-09-20,5호선,장한평,20086,19876
2022-09-20,5호선,군자,12160,13205
2022-09-20,5호선,아차산,16270,15678
2022-09-20,5호선,광나루,15919,14605
2022-09-20,5호선,천호,19441,19509
2022-09-20,5호선,강동,19853,19054
2022-09-20,5호선,길동,8696,9034
2022-09-20,5호선,굽은다리,10404,9781
2022-09-20,5호선,명일,9628,10079
2022-09-20,5호선,고덕,10754,10623
2022-09-20,5호선,상일동,16437,15281
2022-09-20,5호선,둔촌동,9013,8915
2022-09-20,5호선,올림픽공원,5430,4665
2022-09-20,5호선,방이,7788,7982
2022-09-20,5호선,오금,4274,4273
2022-09-20,5호선,개롱,7277,7465
2022-09-20,5호선,거여,11552,10921
2022-09-20,5호선,마천,8146,7788
2022-09-20,5호선,강일,5480,5202
2022-09-20,5호선,미사,18041,18145
2022-09-20,5호선,하남풍산,4747,4591
2022-09-20,5호선,하남시청,7920,7735
2022-09-20,5호선,하남검단산,6492,6127
2022-09-21,5호선,하남검단산,6459,6002
2022-09-21,5호선,하남시청,7985,7610
2022-09-21,5호선,하남풍산,4491,4532
2022-09-21,5호선,미사,18426,18382
2022-09-21,5호선,강일,5498,5101
2022-09-21,5호선,마천,8220,7759
2022-09-21,5호선,거여,11560,10976
2022-09-21,5호선,개롱,7316,7521
2022-09-21,5호선,오금,4288,4360
2022-09-21,5호선,방이,7889,8109
2022-09-21,5호선,올림픽공원,7726,6724
2022-09-21,5호선,둔촌동,9002,9030
2022-09-21,5호선,상일동,16748,15353
2022-09-21,5호선,고덕,11209,11007
2022-09-21,5호선,명일,9677,9990
2022-09-21,5호선,굽은다리,10426,10083
2022-09-21,5호선,길동,8646,8838
2022-09-21,5호선,강동,19875,19144
2022-09-21,5호선,천호,19607,19554
2022-09-21,5호선,광나루,15549,14401
2022-09-21,5호선,아차산,16445,15877
2022-09-21,5호선,군자,12427,13748
2022-09-21,5호선,장한평,20815,20514
2022-09-21,5호선,답십리,18004,16094
2022-09-21,5호선,마장,6535,5956
2022-09-21,5호선,왕십리,4926,5509
2022-09-21,5호선,행당,8943,8036
2022-09-21,5호선,신금호,7200,7509
2022-09-21,5호선,청구,4344,3998
2022-09-21,5호선,동대문역사문화공원,3349,3910
2022-09-21,5호선,을지로4가,7035,7177
2022-09-21,5호선,종로3가,14031,14007
2022-09-21,5호선,광화문,36116,38297
2022-09-21,5호선,서대문,22877,23240
2022-09-21,5호선,충정로,5401,5446
2022-09-21,5호선,애오개,7521,7584
2022-09-21,5호선,공덕,16118,17058
2022-09-21,5호선,마포,15736,16232
2022-09-21,5호선,여의나루,15552,16358
2022-09-21,5호선,여의도,31177,33707
2022-09-21,5호선,신길,4675,4860
2022-09-21,5호선,영등포시장,10975,11532
2022-09-21,5호선,영등포구청,4570,4617
2022-09-21,5호선,양평,8158,8083
2022-09-21,5호선,오목교,23687,25412
2022-09-21,5호선,목동,18853,20209
2022-09-21,5호선,신정,15370,12579
2022-09-21,5호선,까치산,31520,29960
2022-09-21,5호선,화곡,31851,29400
2022-09-21,5호선,우장산,16489,16227
2022-09-21,5호선,발산,23301,24128
2022-09-21,5호선,마곡,11901,12123
2022-09-21,5호선,송정,7014,6461
2022-09-21,5호선,김포공항,7180,7224
2022-09-21,5호선,개화산,6265,5890
2022-09-21,5호선,방화,7367,7007
2022-09-22,5호선,방화,7141,6857
2022-09-22,5호선,개화산,6226,5894
2022-09-22,5호선,김포공항,7509,7462
2022-09-22,5호선,송정,7102,6508
2022-09-22,5호선,마곡,11723,11992
2022-09-22,5호선,발산,22502,23708
2022-09-22,5호선,우장산,16275,15789
2022-09-22,5호선,화곡,31227,28818
2022-09-22,5호선,까치산,31298,29465
2022-09-22,5호선,신정,15350,12382
2022-09-22,5호선,목동,18902,20121
2022-09-22,5호선,오목교,23068,24778
2022-09-22,5호선,양평,8187,7998
2022-09-22,5호선,영등포구청,4504,4632
2022-09-22,5호선,영등포시장,10990,11319
2022-09-22,5호선,신길,4760,4963
2022-09-22,5호선,여의도,30790,34022
2022-09-22,5호선,여의나루,15124,16195
2022-09-22,5호선,마포,15824,16220
2022-09-22,5호선,공덕,15924,16966
2022-09-22,5호선,애오개,7477,7410
2022-09-22,5호선,충정로,5237,5398
2022-09-22,5호선,서대문,22817,23249
2022-09-22,5호선,광화문,35950,37847
2022-09-22,5호선,종로3가,14309,14372
2022-09-22,5호선,을지로4가,7022,7207
2022-09-22,5호선,동대문역사문화공원,3359,3883
2022-09-22,5호선,청구,4358,3974
2022-09-22,5호선,신금호,7262,7502
2022-09-22,5호선,행당,8907,7886
2022-09-22,5호선,왕십리,4865,5515
2022-09-22,5호선,마장,6484,6265
2022-09-22,5호선,답십리,17620,15958
2022-09-22,5호선,장한평,20800,20454
2022-09-22,5호선,군자,12127,13350
2022-09-22,5호선,아차산,16510,15807
2022-09-22,5호선,광나루,15379,14144
2022-09-22,5호선,천호,19261,19396
2022-09-22,5호선,강동,20078,19261
2022-09-22,5호선,길동,8662,8985
2022-09-22,5호선,굽은다리,10325,9776
2022-09-22,5호선,명일,9601,9725
2022-09-22,5호선,고덕,10584,10457
2022-09-22,5호선,상일동,16472,15363
2022-09-22,5호선,둔촌동,9017,8886
2022-09-22,5호선,올림픽공원,5251,4740
2022-09-22,5호선,방이,7973,8200
2022-09-22,5호선,오금,4186,4302
2022-09-22,5호선,개롱,7267,7565
2022-09-22,5호선,거여,11332,10722
2022-09-22,5호선,마천,8250,7733
2022-09-22,5호선,강일,5476,5204
2022-09-22,5호선,미사,18308,18401
2022-09-22,5호선,하남풍산,4775,4687
2022-09-22,5호선,하남시청,7989,7905
2022-09-22,5호선,하남검단산,6630,6201
2022-09-23,5호선,방화,7336,6952
2022-09-23,5호선,개화산,6191,5950
2022-09-23,5호선,김포공항,8733,8492
2022-09-23,5호선,송정,7265,6627
2022-09-23,5호선,마곡,11654,11894
2022-09-23,5호선,발산,22728,24282
2022-09-23,5호선,우장산,16372,15939
2022-09-23,5호선,화곡,32100,29530
2022-09-23,5호선,까치산,31690,29797
2022-09-23,5호선,신정,15482,12549
2022-09-23,5호선,목동,19198,20270
2022-09-23,5호선,오목교,23816,25903
2022-09-23,5호선,양평,8223,7871
2022-09-23,5호선,영등포구청,4445,4514
2022-09-23,5호선,영등포시장,11571,11900
2022-09-23,5호선,신길,4815,4865
2022-09-23,5호선,여의도,31562,33693
2022-09-23,5호선,여의나루,16751,17945
2022-09-23,5호선,마포,16072,16374
2022-09-23,5호선,공덕,16184,17102
2022-09-23,5호선,애오개,7637,7400
2022-09-23,5호선,충정로,5164,5329
2022-09-23,5호선,서대문,22577,22407
2022-09-23,5호선,광화문,35768,37606
2022-09-23,5호선,종로3가,15940,16503
2022-09-23,5호선,을지로4가,6860,7173
2022-09-23,5호선,동대문역사문화공원,3320,3973
2022-09-23,5호선,청구,4407,4015
2022-09-23,5호선,신금호,7303,7366
2022-09-23,5호선,행당,9149,8005
2022-09-23,5호선,왕십리,4993,5877
2022-09-23,5호선,마장,6524,6040
2022-09-23,5호선,답십리,17893,16028
2022-09-23,5호선,장한평,20741,20395
2022-09-23,5호선,군자,12787,13911
2022-09-23,5호선,아차산,16247,15586
2022-09-23,5호선,광나루,15245,13787
2022-09-23,5호선,천호,20943,20979
2022-09-23,5호선,강동,20320,19238
2022-09-23,5호선,길동,8867,9158
2022-09-23,5호선,굽은다리,10527,9922
2022-09-23,5호선,명일,9688,9984
2022-09-23,5호선,고덕,10848,10733
2022-09-23,5호선,상일동,16525,15160
2022-09-23,5호선,둔촌동,9195,9280
2022-09-23,5호선,올림픽공원,6629,6326
2022-09-23,5호선,방이,7908,8244
2022-09-23,5호선,오금,4196,4294
2022-09-23,5호선,개롱,7235,7425
2022-09-23,5호선,거여,11517,10781
2022-09-23,5호선,마천,8193,7673
2022-09-23,5호선,강일,5408,5048
2022-09-23,5호선,미사,18617,18975
2022-09-23,5호선,하남풍산,4636,4563
2022-09-23,5호선,하남시청,7984,7720
2022-09-23,5호선,하남검단산,6795,6363
2022-09-24,5호선,방이,6126,5919
2022-09-24,5호선,방화,5284,4982
2022-09-24,5호선,개화산,4068,3940
2022-09-24,5호선,김포공항,8195,8493
2022-09-24,5호선,송정,5707,5202
2022-09-24,5호선,마곡,6267,6396
2022-09-24,5호선,발산,15783,17144
2022-09-24,5호선,우장산,11315,10903
2022-09-24,5호선,화곡,22986,20953
2022-09-24,5호선,까치산,23830,21758
2022-09-24,5호선,신정,10473,8856
2022-09-24,5호선,목동,13182,12964
2022-09-24,5호선,오목교,19485,19705
2022-09-24,5호선,양평,4376,4016
2022-09-24,5호선,영등포구청,2367,2296
2022-09-24,5호선,영등포시장,10483,11162
2022-09-24,5호선,신길,3254,3303
2022-09-24,5호선,여의도,14523,16369
2022-09-24,5호선,여의나루,24680,26381
2022-09-24,5호선,마포,8754,8846
2022-09-24,5호선,공덕,8866,9482
2022-09-24,5호선,애오개,4264,4101
2022-09-24,5호선,충정로,2228,2069
2022-09-24,5호선,서대문,10031,9358
2022-09-24,5호선,광화문,26754,26483
2022-09-24,5호선,종로3가,16298,17213
2022-09-24,5호선,을지로4가,4372,4917
2022-09-24,5호선,동대문역사문화공원,1490,1960
2022-09-24,5호선,청구,2898,2580
2022-09-24,5호선,신금호,4759,4883
2022-09-24,5호선,행당,6583,5718
2022-09-24,5호선,왕십리,4124,4888
2022-09-24,5호선,마장,4473,4027
2022-09-24,5호선,답십리,11938,10636
2022-09-24,5호선,장한평,13180,12789
2022-09-24,5호선,군자,9842,10978
2022-09-24,5호선,아차산,15961,15094
2022-09-24,5호선,광나루,13479,12584
2022-09-24,5호선,천호,19089,18354
2022-09-24,5호선,강동,14796,14078
2022-09-24,5호선,길동,6786,6927
2022-09-24,5호선,굽은다리,8025,7438
2022-09-24,5호선,명일,7154,6882
2022-09-24,5호선,고덕,7592,7205
2022-09-24,5호선,상일동,10747,9803
2022-09-24,5호선,둔촌동,6821,6586
2022-09-24,5호선,올림픽공원,4887,4772
2022-09-24,5호선,오금,2332,2188
2022-09-24,5호선,개롱,4902,5046
2022-09-24,5호선,거여,7470,6888
2022-09-24,5호선,마천,5452,5561
2022-09-24,5호선,강일,3875,3463
2022-09-24,5호선,미사,14166,14248
2022-09-24,5호선,하남풍산,3146,3070
2022-09-24,5호선,하남시청,6866,6397
2022-09-24,5호선,하남검단산,6560,6215
2022-09-25,5호선,방화,3980,3875
2022-09-25,5호선,개화산,2893,2919
2022-09-25,5호선,김포공항,7287,7275
2022-09-25,5호선,송정,4146,4007
2022-09-25,5호선,마곡,4198,4412
2022-09-25,5호선,발산,10642,11322
2022-09-25,5호선,우장산,7610,7664
2022-09-25,5호선,화곡,16064,15085
2022-09-25,5호선,까치산,17250,16529
2022-09-25,5호선,신정,7203,6459
2022-09-25,5호선,목동,9199,9055
2022-09-25,5호선,오목교,12642,13035
2022-09-25,5호선,양평,3081,3013
2022-09-25,5호선,영등포구청,1606,1572
2022-09-25,5호선,영등포시장,6872,7179
2022-09-25,5호선,신길,2278,2533
2022-09-25,5호선,여의도,9582,10639
2022-09-25,5호선,여의나루,18274,18794
2022-09-25,5호선,마포,5635,5589
2022-09-25,5호선,공덕,5552,5610
2022-09-25,5호선,충정로,1651,1607
2022-09-25,5호선,서대문,6755,6857
2022-09-25,5호선,광화문,17866,16715
2022-09-25,5호선,종로3가,11137,10070
2022-09-25,5호선,을지로4가,2235,2342
2022-09-25,5호선,동대문역사문화공원,1067,1198
2022-09-25,5호선,청구,2050,1980
2022-09-25,5호선,신금호,3362,3667
2022-09-25,5호선,행당,4544,4123
2022-09-25,5호선,왕십리,2714,3225
2022-09-25,5호선,마장,3246,3016
2022-09-25,5호선,답십리,8694,8035
2022-09-25,5호선,장한평,9200,8972
2022-09-25,5호선,군자,7026,7818
2022-09-25,5호선,아차산,12704,12258
2022-09-25,5호선,광나루,10028,9880
2022-09-25,5호선,천호,13956,13266
2022-09-25,5호선,강동,10095,9944
2022-09-25,5호선,길동,4572,4587
2022-09-25,5호선,굽은다리,5658,5227
2022-09-25,5호선,명일,5461,5338
2022-09-25,5호선,고덕,4554,4604
2022-09-25,5호선,상일동,7224,7067
2022-09-25,5호선,둔촌동,5223,5007
2022-09-25,5호선,올림픽공원,4100,4209
2022-09-25,5호선,방이,4796,4436
2022-09-25,5호선,개롱,3416,3640
2022-09-25,5호선,거여,5125,5124
2022-09-25,5호선,마천,4190,4414
2022-09-25,5호선,강일,2793,2620
2022-09-25,5호선,미사,10014,10056
2022-09-25,5호선,하남풍산,2445,2412
2022-09-25,5호선,하남시청,4625,4336
2022-09-25,5호선,하남검단산,5212,5054
2022-09-25,5호선,애오개,3053,3068
2022-09-25,5호선,오금,1715,1586
2022-09-26,5호선,방화,7147,6805
2022-09-26,5호선,개화산,6171,5803
2022-09-26,5호선,김포공항,7318,7213
2022-09-26,5호선,송정,7004,6412
2022-09-26,5호선,마곡,11700,11821
2022-09-26,5호선,발산,22053,23028
2022-09-26,5호선,우장산,16253,15804
2022-09-26,5호선,화곡,30997,28569
2022-09-26,5호선,까치산,30894,29072
2022-09-26,5호선,신정,15098,12321
2022-09-26,5호선,목동,18311,19609
2022-09-26,5호선,오목교,22672,24305
2022-09-26,5호선,양평,8055,8061
2022-09-26,5호선,영등포구청,4503,4661
2022-09-26,5호선,영등포시장,10551,10956
2022-09-26,5호선,신길,4493,4743
2022-09-26,5호선,여의도,29948,32574
2022-09-26,5호선,여의나루,13941,15056
2022-09-26,5호선,마포,15126,15462
2022-09-26,5호선,공덕,15256,16128
2022-09-26,5호선,애오개,7287,7217
2022-09-26,5호선,충정로,5066,5218
2022-09-26,5호선,서대문,22100,22493
2022-09-26,5호선,광화문,33311,35167
2022-09-26,5호선,종로3가,13204,13132
2022-09-26,5호선,을지로4가,6827,6924
2022-09-26,5호선,동대문역사문화공원,3373,3848
2022-09-26,5호선,청구,4173,3847
2022-09-26,5호선,신금호,6997,7392
2022-09-26,5호선,행당,8736,7777
2022-09-26,5호선,왕십리,4697,5210
2022-09-26,5호선,마장,6214,5848
2022-09-26,5호선,답십리,17223,15737
2022-09-26,5호선,장한평,19719,19607
2022-09-26,5호선,군자,11776,12809
2022-09-26,5호선,아차산,15479,15005
2022-09-26,5호선,광나루,14584,13202
2022-09-26,5호선,천호,18603,18881
2022-09-26,5호선,강동,20038,19242
2022-09-26,5호선,길동,8499,8890
2022-09-26,5호선,굽은다리,10230,9760
2022-09-26,5호선,명일,9380,9643
2022-09-26,5호선,고덕,10799,10763
2022-09-26,5호선,상일동,16250,14956
2022-09-26,5호선,둔촌동,8572,8565
2022-09-26,5호선,올림픽공원,5145,4524
2022-09-26,5호선,방이,7587,7751
2022-09-26,5호선,오금,4209,4211
2022-09-26,5호선,개롱,7138,7350
2022-09-26,5호선,거여,11247,10700
2022-09-26,5호선,마천,8177,7677
2022-09-26,5호선,강일,5450,5162
2022-09-26,5호선,미사,17944,17864
2022-09-26,5호선,하남풍산,4628,4499
2022-09-26,5호선,하남시청,7928,7734
2022-09-26,5호선,하남검단산,6390,6042
2022-09-27,5호선,하남검단산,6468,6087
2022-09-27,5호선,하남시청,8083,7797
2022-09-27,5호선,하남풍산,4677,4627
2022-09-27,5호선,미사,17995,18060
2022-09-27,5호선,강일,5553,5257
2022-09-27,5호선,마천,8177,7828
2022-09-27,5호선,거여,11553,10976
2022-09-27,5호선,개롱,7169,7365
2022-09-27,5호선,오금,4182,4220
2022-09-27,5호선,방이,7836,8022
2022-09-27,5호선,올림픽공원,5348,4829
2022-09-27,5호선,둔촌동,9074,9081
2022-09-27,5호선,상일동,16657,15413
2022-09-27,5호선,고덕,10890,10955
2022-09-27,5호선,명일,9549,9742
2022-09-27,5호선,굽은다리,10475,9913
2022-09-27,5호선,길동,8613,8902
2022-09-27,5호선,강동,20271,19558
2022-09-27,5호선,천호,18890,19413
2022-09-27,5호선,광나루,15455,14019
2022-09-27,5호선,아차산,16357,15752
2022-09-27,5호선,군자,12265,13320
2022-09-27,5호선,장한평,20350,19984
2022-09-27,5호선,답십리,17537,15830
2022-09-27,5호선,마장,6399,6028
2022-09-27,5호선,왕십리,4897,5535
2022-09-27,5호선,행당,9132,8059
2022-09-27,5호선,신금호,7287,7604
2022-09-27,5호선,청구,4485,4199
2022-09-27,5호선,동대문역사문화공원,3346,3932
2022-09-27,5호선,을지로4가,7016,7154
2022-09-27,5호선,종로3가,13505,13623
2022-09-27,5호선,광화문,35170,36850
2022-09-27,5호선,서대문,22997,23448
2022-09-27,5호선,충정로,5312,5460
2022-09-27,5호선,애오개,7576,7384
2022-09-27,5호선,공덕,16029,16898
2022-09-27,5호선,마포,15808,16236
2022-09-27,5호선,여의나루,14652,15766
2022-09-27,5호선,여의도,31071,33510
2022-09-27,5호선,신길,4666,4873
2022-09-27,5호선,영등포시장,10851,11243
2022-09-27,5호선,영등포구청,4519,4673
2022-09-27,5호선,양평,8188,8118
2022-09-27,5호선,오목교,23306,25041
2022-09-27,5호선,목동,19068,20180
2022-09-27,5호선,신정,15584,12516
2022-09-27,5호선,까치산,31537,29645
2022-09-27,5호선,화곡,31360,29385
2022-09-27,5호선,우장산,16489,16123
2022-09-27,5호선,발산,22971,24007
2022-09-27,5호선,마곡,11870,12132
2022-09-27,5호선,송정,7285,6739
2022-09-27,5호선,김포공항,7232,7100
2022-09-27,5호선,개화산,6322,5935
2022-09-27,5호선,방화,7376,6987
2022-09-28,5호선,개화산,6190,5863
2022-09-28,5호선,김포공항,7278,7109
2022-09-28,5호선,송정,7088,6553
2022-09-28,5호선,마곡,11767,11554
2022-09-28,5호선,발산,23127,23630
2022-09-28,5호선,우장산,16237,16029
2022-09-28,5호선,화곡,31490,29504
2022-09-28,5호선,까치산,31185,29874
2022-09-28,5호선,신정,15488,12653
2022-09-28,5호선,목동,18870,20037
2022-09-28,5호선,오목교,23443,24818
2022-09-28,5호선,양평,8200,7892
2022-09-28,5호선,영등포구청,4566,4662
2022-09-28,5호선,영등포시장,11018,11231
2022-09-28,5호선,신길,4629,4922
2022-09-28,5호선,여의도,31224,31102
2022-09-28,5호선,여의나루,14555,14737
2022-09-28,5호선,마포,15803,15619
2022-09-28,5호선,공덕,16009,17146
2022-09-28,5호선,애오개,7549,7948
2022-09-28,5호선,충정로,5167,5529
2022-09-28,5호선,서대문,23241,22101
2022-09-28,5호선,광화문,35878,34680
2022-09-28,5호선,종로3가,14361,14033
2022-09-28,5호선,을지로4가,6934,6556
2022-09-28,5호선,동대문역사문화공원,3299,3709
2022-09-28,5호선,청구,4385,3925
2022-09-28,5호선,신금호,7120,7568
2022-09-28,5호선,행당,8938,8040
2022-09-28,5호선,왕십리,4795,5606
2022-09-28,5호선,마장,6311,5914
2022-09-28,5호선,답십리,17192,16312
2022-09-28,5호선,장한평,20935,20597
2022-09-28,5호선,군자,12475,13982
2022-09-28,5호선,아차산,16439,15849
2022-09-28,5호선,광나루,15042,13933
2022-09-28,5호선,천호,19270,19503
2022-09-28,5호선,강동,20228,19918
2022-09-28,5호선,길동,8420,9509
2022-09-28,5호선,굽은다리,10222,9991
2022-09-28,5호선,명일,9521,10697
2022-09-28,5호선,고덕,10958,10866
2022-09-28,5호선,상일동,16295,15233
2022-09-28,5호선,둔촌동,8700,9200
2022-09-28,5호선,올림픽공원,5312,4741
2022-09-28,5호선,방이,7432,8289
2022-09-28,5호선,오금,4197,4319
2022-09-28,5호선,개롱,6971,7595
2022-09-28,5호선,거여,11342,10961
2022-09-28,5호선,마천,8252,7880
2022-09-28,5호선,강일,5397,5357
2022-09-28,5호선,미사,18142,18354
2022-09-28,5호선,하남풍산,4632,4543
2022-09-28,5호선,하남시청,8039,7749
2022-09-28,5호선,하남검단산,6479,6055
2022-09-28,5호선,방화,7755,7211
2022-09-29,5호선,을지로4가,6831,6999
2022-09-29,5호선,종로3가,14033,13944
2022-09-29,5호선,광화문,35636,37558
2022-09-29,5호선,서대문,23300,23733
2022-09-29,5호선,충정로,5231,5385
2022-09-29,5호선,애오개,7458,7315
2022-09-29,5호선,공덕,15862,16959
2022-09-29,5호선,마포,15645,16087
2022-09-29,5호선,여의나루,14264,15239
2022-09-29,5호선,여의도,31110,33754
2022-09-29,5호선,신길,4590,4929
2022-09-29,5호선,영등포시장,10881,11252
2022-09-29,5호선,영등포구청,4512,4669
2022-09-29,5호선,양평,8174,7928
2022-09-29,5호선,오목교,23514,24804
2022-09-29,5호선,목동,18957,20183
2022-09-29,5호선,신정,15230,12312
2022-09-29,5호선,까치산,31332,29498
2022-09-29,5호선,화곡,31287,29008
2022-09-29,5호선,우장산,16222,15945
2022-09-29,5호선,발산,22829,23742
2022-09-29,5호선,마곡,11911,12010
2022-09-29,5호선,송정,7016,6348
2022-09-29,5호선,김포공항,7465,7406
2022-09-29,5호선,개화산,6308,6042
2022-09-29,5호선,방화,7389,7064
2022-09-29,5호선,하남검단산,6844,6522
2022-09-29,5호선,하남시청,8175,8076
2022-09-29,5호선,하남풍산,4764,4608
2022-09-29,5호선,미사,18429,18530
2022-09-29,5호선,강일,5545,5147
2022-09-29,5호선,마천,8226,7756
2022-09-29,5호선,거여,11381,10895
2022-09-29,5호선,개롱,7248,7599
2022-09-29,5호선,오금,4162,4289
2022-09-29,5호선,방이,7866,8131
2022-09-29,5호선,올림픽공원,5479,4799
2022-09-29,5호선,둔촌동,9078,8988
2022-09-29,5호선,상일동,16420,15175
2022-09-29,5호선,고덕,10975,10799
2022-09-29,5호선,명일,9599,9797
2022-09-29,5호선,굽은다리,10548,9918
2022-09-29,5호선,길동,8504,8869
2022-09-29,5호선,강동,20207,19591
2022-09-29,5호선,천호,18957,19232
2022-09-29,5호선,광나루,14795,13510
2022-09-29,5호선,아차산,16303,15560
2022-09-29,5호선,군자,12613,13783
2022-09-29,5호선,장한평,20508,20309
2022-09-29,5호선,답십리,17716,15918
2022-09-29,5호선,마장,6516,6152
2022-09-29,5호선,왕십리,4770,5466
2022-09-29,5호선,행당,9038,7924
2022-09-29,5호선,신금호,7258,7465
2022-09-29,5호선,청구,4337,3886
2022-09-29,5호선,동대문역사문화공원,3371,4063
2022-09-30,5호선,방화,7678,7110
2022-09-30,5호선,개화산,6235,5885
2022-09-30,5호선,김포공항,8979,8427
2022-09-30,5호선,송정,7216,6829
2022-09-30,5호선,마곡,11773,12022
2022-09-30,5호선,발산,22709,24246
2022-09-30,5호선,우장산,16882,16143
2022-09-30,5호선,화곡,32149,29332
2022-09-30,5호선,까치산,32133,29644
2022-09-30,5호선,신정,15384,12185
2022-09-30,5호선,목동,19193,20079
2022-09-30,5호선,오목교,24108,26108
2022-09-30,5호선,양평,8287,7936
2022-09-30,5호선,영등포구청,4603,4796
2022-09-30,5호선,영등포시장,11595,11997
2022-09-30,5호선,신길,4796,4897
2022-09-30,5호선,여의도,30595,33453
2022-09-30,5호선,여의나루,17850,19128
2022-09-30,5호선,마포,15660,16280
2022-09-30,5호선,공덕,15862,16830
2022-09-30,5호선,애오개,7647,7348
2022-09-30,5호선,충정로,5224,5294
2022-09-30,5호선,서대문,22550,22560
2022-09-30,5호선,광화문,37017,39027
2022-09-30,5호선,종로3가,15729,16280
2022-09-30,5호선,을지로4가,7120,7318
2022-09-30,5호선,동대문역사문화공원,3362,4014
2022-09-30,5호선,청구,4443,3945
2022-09-30,5호선,신금호,7284,7329
2022-09-30,5호선,행당,9208,7956
2022-09-30,5호선,왕십리,5081,5908
2022-09-30,5호선,마장,6637,6081
2022-09-30,5호선,답십리,18137,16098
2022-09-30,5호선,장한평,21149,20646
2022-09-30,5호선,군자,12501,14007
2022-09-30,5호선,아차산,17124,15904
2022-09-30,5호선,광나루,15563,14177
2022-09-30,5호선,천호,20820,21286
2022-09-30,5호선,강동,20881,19796
2022-09-30,5호선,길동,8995,9297
2022-09-30,5호선,굽은다리,10908,10199
2022-09-30,5호선,명일,9927,10197
2022-09-30,5호선,고덕,11327,10896
2022-09-30,5호선,상일동,16877,15166
2022-09-30,5호선,둔촌동,9251,9242
2022-09-30,5호선,올림픽공원,6836,6252
2022-09-30,5호선,방이,7998,8285
2022-09-30,5호선,오금,4058,4180
2022-09-30,5호선,개롱,7503,7512
2022-09-30,5호선,거여,11566,10958
2022-09-30,5호선,마천,8424,7986
2022-09-30,5호선,강일,5635,5314
2022-09-30,5호선,미사,18682,18858
2022-09-30,5호선,하남풍산,4780,4750
2022-09-30,5호선,하남시청,8130,7756
2022-09-30,5호선,하남검단산,7135,6746
2022-10-01,5호선,방화,5039,4677
2022-10-01,5호선,개화산,4088,3920
2022-10-01,5호선,김포공항,7865,8097
2022-10-01,5호선,송정,5343,4964
2022-10-01,5호선,마곡,5859,6113
2022-10-01,5호선,발산,15161,16384
2022-10-01,5호선,우장산,10723,10114
2022-10-01,5호선,화곡,21952,19773
2022-10-01,5호선,까치산,22698,20555
2022-10-01,5호선,신정,9741,8092
2022-10-01,5호선,목동,12540,12208
2022-10-01,5호선,오목교,17004,17642
2022-10-01,5호선,양평,4207,3699
2022-10-01,5호선,영등포구청,2184,2188
2022-10-01,5호선,영등포시장,9683,10323
2022-10-01,5호선,신길,3071,3142
2022-10-01,5호선,여의도,12491,14019
2022-10-01,5호선,여의나루,21494,23148
2022-10-01,5호선,마포,7967,7900
2022-10-01,5호선,공덕,8213,8258
2022-10-01,5호선,애오개,4065,3885
2022-10-01,5호선,충정로,2089,1897
2022-10-01,5호선,서대문,8608,8531
2022-10-01,5호선,광화문,23921,23676
2022-10-01,5호선,종로3가,15741,16239
2022-10-01,5호선,을지로4가,4214,4844
2022-10-01,5호선,동대문역사문화공원,1495,1977
2022-10-01,5호선,청구,2665,2496
2022-10-01,5호선,신금호,4629,4668
2022-10-01,5호선,행당,6314,5305
2022-10-01,5호선,왕십리,3572,4473
2022-10-01,5호선,마장,4191,3881
2022-10-01,5호선,답십리,11542,10124
2022-10-01,5호선,장한평,12947,12434
2022-10-01,5호선,군자,9262,9873
2022-10-01,5호선,아차산,14944,14197
2022-10-01,5호선,광나루,11132,10491
2022-10-01,5호선,천호,17966,17395
2022-10-01,5호선,강동,14693,14018
2022-10-01,5호선,길동,6381,6511
2022-10-01,5호선,굽은다리,8112,7341
2022-10-01,5호선,명일,6801,6607
2022-10-01,5호선,고덕,7096,6734
2022-10-01,5호선,상일동,10217,9512
2022-10-01,5호선,둔촌동,6465,6496
2022-10-01,5호선,올림픽공원,7416,6557
2022-10-01,5호선,방이,6011,5674
2022-10-01,5호선,오금,2277,2115
2022-10-01,5호선,개롱,4826,4951
2022-10-01,5호선,거여,7446,6900
2022-10-01,5호선,마천,5392,5411
2022-10-01,5호선,강일,3762,3441
2022-10-01,5호선,미사,13697,13542
2022-10-01,5호선,하남풍산,3067,2986
2022-10-01,5호선,하남시청,6213,5770
2022-10-01,5호선,하남검단산,6200,6160
2022-10-02,5호선,장한평,9020,8873
2022-10-02,5호선,군자,7014,7657
2022-10-02,5호선,아차산,11271,10828
2022-10-02,5호선,광나루,8189,7817
2022-10-02,5호선,천호,13725,12676
2022-10-02,5호선,강동,10364,10109
2022-10-02,5호선,길동,4583,4659
2022-10-02,5호선,굽은다리,5981,5541
2022-10-02,5호선,명일,5122,5220
2022-10-02,5호선,고덕,4691,4570
2022-10-02,5호선,상일동,7040,6988
2022-10-02,5호선,둔촌동,5276,5152
2022-10-02,5호선,올림픽공원,5638,5112
2022-10-02,5호선,방이,4586,4245
2022-10-02,5호선,오금,1764,1675
2022-10-02,5호선,개롱,3333,3489
2022-10-02,5호선,거여,5469,5205
2022-10-02,5호선,마천,4148,4326
2022-10-02,5호선,강일,2690,2338
2022-10-02,5호선,미사,9642,9792
2022-10-02,5호선,하남풍산,2431,2407
2022-10-02,5호선,하남시청,4295,4196
2022-10-02,5호선,하남검단산,4790,4848
2022-10-02,5호선,발산,10684,11468
2022-10-02,5호선,우장산,7516,7669
2022-10-02,5호선,화곡,15789,14302
2022-10-02,5호선,까치산,16733,15845
2022-10-02,5호선,신정,6846,6033
2022-10-02,5호선,목동,8465,8473
2022-10-02,5호선,오목교,12152,12558
2022-10-02,5호선,양평,3026,2960
2022-10-02,5호선,영등포구청,1538,1470
2022-10-02,5호선,영등포시장,6426,6919
2022-10-02,5호선,신길,2256,2373
2022-10-02,5호선,여의도,11807,10685
2022-10-02,5호선,여의나루,9069,12264
2022-10-02,5호선,마포,5498,5407
2022-10-02,5호선,공덕,5402,5565
2022-10-02,5호선,애오개,2969,2980
2022-10-02,5호선,충정로,1641,1642
2022-10-02,5호선,서대문,5569,5680
2022-10-02,5호선,광화문,18188,17283
2022-10-02,5호선,종로3가,12858,12150
2022-10-02,5호선,을지로4가,2229,2859
2022-10-02,5호선,동대문역사문화공원,1172,1400
2022-10-02,5호선,청구,1917,1894
2022-10-02,5호선,신금호,3277,3490
2022-10-02,5호선,행당,4445,3900
2022-10-02,5호선,왕십리,2693,3336
2022-10-02,5호선,마곡,3874,3941
2022-10-02,5호선,송정,3936,3955
2022-10-02,5호선,김포공항,7555,7378
2022-10-02,5호선,개화산,2823,2889
2022-10-02,5호선,방화,3761,3594
2022-10-02,5호선,마장,3271,3157
2022-10-02,5호선,답십리,8391,7480
2022-10-03,5호선,방화,3121,3180
2022-10-03,5호선,개화산,2529,2530
2022-10-03,5호선,김포공항,7258,7071
2022-10-03,5호선,송정,3522,3432
2022-10-03,5호선,마곡,3719,3976
2022-10-03,5호선,발산,8436,8924
2022-10-03,5호선,우장산,6689,6817
2022-10-03,5호선,화곡,13398,12951
2022-10-03,5호선,까치산,14116,14046
2022-10-03,5호선,신정,6134,5598
2022-10-03,5호선,목동,7362,7795
2022-10-03,5호선,오목교,10392,10644
2022-10-03,5호선,양평,2494,2572
2022-10-03,5호선,영등포구청,1360,1304
2022-10-03,5호선,영등포시장,4985,5242
2022-10-03,5호선,신길,2004,2263
2022-10-03,5호선,여의도,9429,9336
2022-10-03,5호선,여의나루,4273,6740
2022-10-03,5호선,마포,4895,4971
2022-10-03,5호선,공덕,4649,4853
2022-10-03,5호선,애오개,2377,2544
2022-10-03,5호선,충정로,1503,1388
2022-10-03,5호선,서대문,5340,4829
2022-10-03,5호선,광화문,25966,27242
2022-10-03,5호선,종로3가,10369,9208
2022-10-03,5호선,을지로4가,2520,2711
2022-10-03,5호선,동대문역사문화공원,1189,1178
2022-10-03,5호선,청구,1877,1772
2022-10-03,5호선,신금호,2720,2974
2022-10-03,5호선,행당,3693,3351
2022-10-03,5호선,왕십리,2414,2896
2022-10-03,5호선,마장,2729,2574
2022-10-03,5호선,답십리,7087,6759
2022-10-03,5호선,장한평,8863,9074
2022-10-03,5호선,군자,5805,6541
2022-10-03,5호선,아차산,7745,7799
2022-10-03,5호선,광나루,6865,6407
2022-10-03,5호선,천호,11023,10519
2022-10-03,5호선,강동,9079,9213
2022-10-03,5호선,길동,4163,4331
2022-10-03,5호선,굽은다리,5120,5040
2022-10-03,5호선,명일,3979,4009
2022-10-03,5호선,고덕,4158,4243
2022-10-03,5호선,상일동,6367,6157
2022-10-03,5호선,둔촌동,4227,4292
2022-10-03,5호선,올림픽공원,2180,1823
2022-10-03,5호선,방이,3471,3374
2022-10-03,5호선,오금,1440,1337
2022-10-03,5호선,개롱,2758,2972
2022-10-03,5호선,거여,4406,4284
2022-10-03,5호선,마천,3302,3452
2022-10-03,5호선,강일,2232,2027
2022-10-03,5호선,미사,8322,8237
2022-10-03,5호선,하남풍산,1912,1911
2022-10-03,5호선,하남시청,3908,3784
2022-10-03,5호선,하남검단산,3840,3766
2022-10-04,5호선,하남검단산,6190,5890
2022-10-04,5호선,하남시청,7928,7686
2022-10-04,5호선,하남풍산,4565,4474
2022-10-04,5호선,미사,17811,17719
2022-10-04,5호선,강일,5385,5059
2022-10-04,5호선,마천,8202,7688
2022-10-04,5호선,거여,11360,10916
2022-10-04,5호선,개롱,7238,7510
2022-10-04,5호선,오금,4128,4201
2022-10-04,5호선,방이,7751,7952
2022-10-04,5호선,올림픽공원,5169,4434
2022-10-04,5호선,둔촌동,8987,8898
2022-10-04,5호선,상일동,16141,15176
2022-10-04,5호선,고덕,10771,10630
2022-10-04,5호선,명일,9338,9625
2022-10-04,5호선,굽은다리,10181,9589
2022-10-04,5호선,길동,8577,8847
2022-10-04,5호선,강동,20009,19367
2022-10-04,5호선,천호,18284,18790
2022-10-04,5호선,광나루,15311,14072
2022-10-04,5호선,아차산,15489,14889
2022-10-04,5호선,군자,11928,13151
2022-10-04,5호선,장한평,19729,19658
2022-10-04,5호선,답십리,17177,15476
2022-10-04,5호선,마장,6342,5986
2022-10-04,5호선,왕십리,4737,5186
2022-10-04,5호선,행당,8916,7878
2022-10-04,5호선,신금호,7070,7467
2022-10-04,5호선,청구,4287,3800
2022-10-04,5호선,동대문역사문화공원,3478,3995
2022-10-04,5호선,을지로4가,6733,6790
2022-10-04,5호선,종로3가,12726,12932
2022-10-04,5호선,광화문,33534,35059
2022-10-04,5호선,서대문,22967,23332
2022-10-04,5호선,충정로,5201,5351
2022-10-04,5호선,애오개,7456,7256
2022-10-04,5호선,공덕,15667,16518
2022-10-04,5호선,마포,15499,15844
2022-10-04,5호선,여의나루,10992,12619
2022-10-04,5호선,여의도,30636,32765
2022-10-04,5호선,신길,4514,4864
2022-10-04,5호선,영등포시장,10947,11284
2022-10-04,5호선,영등포구청,4529,4668
2022-10-04,5호선,양평,8183,8061
2022-10-04,5호선,오목교,22733,24410
2022-10-04,5호선,목동,18685,20028
2022-10-04,5호선,신정,15041,12164
2022-10-04,5호선,까치산,31021,29247
2022-10-04,5호선,화곡,31207,29210
2022-10-04,5호선,우장산,16133,15927
2022-10-04,5호선,발산,22433,23215
2022-10-04,5호선,마곡,11825,11771
2022-10-04,5호선,송정,7081,6530
2022-10-04,5호선,김포공항,7208,6847
2022-10-04,5호선,개화산,6223,5872
2022-10-04,5호선,방화,7174,6871
2022-10-05,5호선,방화,7530,7274
2022-10-05,5호선,개화산,6191,5879
2022-10-05,5호선,김포공항,7342,7298
2022-10-05,5호선,송정,7089,6588
2022-10-05,5호선,마곡,12244,12274
2022-10-05,5호선,발산,22981,23788
2022-10-05,5호선,우장산,16463,16145
2022-10-05,5호선,화곡,31835,29789
2022-10-05,5호선,까치산,31522,29706
2022-10-05,5호선,신정,15462,12515
2022-10-05,5호선,목동,18922,20379
2022-10-05,5호선,오목교,23460,25157
2022-10-05,5호선,양평,8250,8061
2022-10-05,5호선,영등포구청,4587,4730
2022-10-05,5호선,영등포시장,11213,11516
2022-10-05,5호선,신길,4756,5014
2022-10-05,5호선,여의도,31235,33692
2022-10-05,5호선,여의나루,13307,14523
2022-10-05,5호선,마포,16069,16383
2022-10-05,5호선,공덕,16047,17089
2022-10-05,5호선,애오개,7463,7434
2022-10-05,5호선,충정로,5401,5348
2022-10-05,5호선,서대문,23178,23730
2022-10-05,5호선,광화문,37741,39629
2022-10-05,5호선,종로3가,14610,14349
2022-10-05,5호선,을지로4가,7077,7014
2022-10-05,5호선,동대문역사문화공원,3412,3892
2022-10-05,5호선,청구,4438,4030
2022-10-05,5호선,신금호,7265,7581
2022-10-05,5호선,행당,9350,8169
2022-10-05,5호선,왕십리,4916,5659
2022-10-05,5호선,마장,6494,6048
2022-10-05,5호선,답십리,17623,15950
2022-10-05,5호선,장한평,20835,20609
2022-10-05,5호선,군자,12300,13528
2022-10-05,5호선,아차산,16674,16013
2022-10-05,5호선,광나루,15395,14154
2022-10-05,5호선,천호,19271,19581
2022-10-05,5호선,강동,20365,19847
2022-10-05,5호선,길동,8691,9028
2022-10-05,5호선,굽은다리,10813,10173
2022-10-05,5호선,명일,9848,10085
2022-10-05,5호선,고덕,11310,11181
2022-10-05,5호선,상일동,16735,15614
2022-10-05,5호선,둔촌동,9203,9210
2022-10-05,5호선,올림픽공원,5258,4691
2022-10-05,5호선,방이,7889,8140
2022-10-05,5호선,오금,4188,4250
2022-10-05,5호선,개롱,7427,7587
2022-10-05,5호선,거여,11715,11206
2022-10-05,5호선,마천,8295,7788
2022-10-05,5호선,강일,5558,5184
2022-10-05,5호선,미사,18460,18635
2022-10-05,5호선,하남풍산,4657,4521
2022-10-05,5호선,하남시청,7996,7629
2022-10-05,5호선,하남검단산,6573,6232
2022-10-06,5호선,방화,7330,7099
2022-10-06,5호선,개화산,6295,5932
2022-10-06,5호선,김포공항,7588,7558
2022-10-06,5호선,송정,7017,6439
2022-10-06,5호선,마곡,12136,12309
2022-10-06,5호선,발산,23183,24060
2022-10-06,5호선,우장산,16372,16101
2022-10-06,5호선,화곡,31648,29236
2022-10-06,5호선,까치산,31624,29891
2022-10-06,5호선,신정,15520,12336
2022-10-06,5호선,목동,18976,20164
2022-10-06,5호선,오목교,23398,25088
2022-10-06,5호선,양평,8173,8051
2022-10-06,5호선,영등포구청,4585,4711
2022-10-06,5호선,영등포시장,11356,11663
2022-10-06,5호선,신길,4657,4912
2022-10-06,5호선,여의도,31440,33848
2022-10-06,5호선,여의나루,13180,14584
2022-10-06,5호선,마포,16049,16402
2022-10-06,5호선,공덕,16309,17320
2022-10-06,5호선,애오개,7417,7241
2022-10-06,5호선,충정로,5276,5545
2022-10-06,5호선,서대문,23071,23739
2022-10-06,5호선,광화문,35626,37425
2022-10-06,5호선,종로3가,14213,14498
2022-10-06,5호선,을지로4가,6807,7125
2022-10-06,5호선,동대문역사문화공원,3530,3945
2022-10-06,5호선,청구,4495,4168
2022-10-06,5호선,신금호,7240,7567
2022-10-06,5호선,행당,9105,8082
2022-10-06,5호선,왕십리,4758,5465
2022-10-06,5호선,마장,6628,6269
2022-10-06,5호선,답십리,17624,15945
2022-10-06,5호선,장한평,20719,20379
2022-10-06,5호선,군자,12265,13600
2022-10-06,5호선,아차산,16640,16015
2022-10-06,5호선,광나루,15584,14439
2022-10-06,5호선,천호,19519,19396
2022-10-06,5호선,강동,20554,19844
2022-10-06,5호선,길동,8488,8808
2022-10-06,5호선,굽은다리,10289,9804
2022-10-06,5호선,명일,9719,9937
2022-10-06,5호선,고덕,11159,10814
2022-10-06,5호선,상일동,16725,15432
2022-10-06,5호선,둔촌동,9067,9031
2022-10-06,5호선,올림픽공원,5301,4690
2022-10-06,5호선,방이,7906,8193
2022-10-06,5호선,오금,4203,4331
2022-10-06,5호선,개롱,7314,7554
2022-10-06,5호선,거여,11587,11122
2022-10-06,5호선,마천,8330,7926
2022-10-06,5호선,강일,5529,5253
2022-10-06,5호선,미사,18361,18389
2022-10-06,5호선,하남풍산,4650,4530
2022-10-06,5호선,하남시청,7941,7785
2022-10-06,5호선,하남검단산,6474,6135
2022-10-07,5호선,하남검단산,7123,6691
2022-10-07,5호선,하남시청,8246,7960
2022-10-07,5호선,하남풍산,4675,4576
2022-10-07,5호선,미사,19345,19617
2022-10-07,5호선,강일,5560,5168
2022-10-07,5호선,마천,8413,7926
2022-10-07,5호선,거여,11516,10854
2022-10-07,5호선,개롱,7399,7597
2022-10-07,5호선,오금,4154,4303
2022-10-07,5호선,방이,7789,8132
2022-10-07,5호선,올림픽공원,5439,4789
2022-10-07,5호선,둔촌동,9500,9498
2022-10-07,5호선,상일동,17187,15646
2022-10-07,5호선,고덕,11578,11336
2022-10-07,5호선,명일,9951,10271
2022-10-07,5호선,굽은다리,10787,10144
2022-10-07,5호선,길동,9127,9503
2022-10-07,5호선,강동,21109,20077
2022-10-07,5호선,천호,21418,21455
2022-10-07,5호선,광나루,15895,14453
2022-10-07,5호선,아차산,17497,16729
2022-10-07,5호선,군자,12982,14124
2022-10-07,5호선,장한평,21158,20742
2022-10-07,5호선,답십리,18245,16031
2022-10-07,5호선,마장,6461,5904
2022-10-07,5호선,왕십리,4962,5836
2022-10-07,5호선,행당,9260,8068
2022-10-07,5호선,신금호,7435,7513
2022-10-07,5호선,청구,4456,4126
2022-10-07,5호선,동대문역사문화공원,3378,4004
2022-10-07,5호선,을지로4가,7057,7386
2022-10-07,5호선,종로3가,16134,16467
2022-10-07,5호선,광화문,37424,39527
2022-10-07,5호선,서대문,21085,21285
2022-10-07,5호선,충정로,5225,5240
2022-10-07,5호선,애오개,7632,7260
2022-10-07,5호선,공덕,16099,17071
2022-10-07,5호선,마포,16004,16500
2022-10-07,5호선,여의나루,18225,18932
2022-10-07,5호선,여의도,31371,33922
2022-10-07,5호선,신길,4885,4886
2022-10-07,5호선,영등포시장,11740,12061
2022-10-07,5호선,영등포구청,4669,4689
2022-10-07,5호선,양평,8251,7909
2022-10-07,5호선,오목교,24533,26794
2022-10-07,5호선,목동,19375,20219
2022-10-07,5호선,신정,15439,12302
2022-10-07,5호선,까치산,32341,30289
2022-10-07,5호선,화곡,32584,29963
2022-10-07,5호선,우장산,16753,16293
2022-10-07,5호선,발산,23043,24209
2022-10-07,5호선,마곡,12031,12114
2022-10-07,5호선,송정,7246,6769
2022-10-07,5호선,김포공항,9074,8492
2022-10-07,5호선,개화산,6234,5857
2022-10-07,5호선,방화,7504,7047
2022-10-08,5호선,광화문,29201,28063
2022-10-08,5호선,충정로,2646,2377
2022-10-08,5호선,애오개,4953,4446
2022-10-08,5호선,공덕,10702,10540
2022-10-08,5호선,마포,23964,20898
2022-10-08,5호선,여의나루,23998,101836
2022-10-08,5호선,여의도,50113,43868
2022-10-08,5호선,신길,5846,4390
2022-10-08,5호선,영등포시장,11634,11025
2022-10-08,5호선,영등포구청,3200,2795
2022-10-08,5호선,양평,4894,4052
2022-10-08,5호선,오목교,19378,19028
2022-10-08,5호선,목동,14116,13475
2022-10-08,5호선,신정,10979,8967
2022-10-08,5호선,까치산,24828,22569
2022-10-08,5호선,화곡,24951,21916
2022-10-08,5호선,우장산,11810,11075
2022-10-08,5호선,발산,16190,17222
2022-10-08,5호선,마곡,6632,6517
2022-10-08,5호선,송정,5942,5393
2022-10-08,5호선,김포공항,8987,8945
2022-10-08,5호선,개화산,4379,4093
2022-10-08,5호선,방화,5547,5277
2022-10-08,5호선,하남검단산,6750,6421
2022-10-08,5호선,하남시청,6752,6094
2022-10-08,5호선,하남풍산,3326,3135
2022-10-08,5호선,미사,14987,14432
2022-10-08,5호선,강일,4129,3571
2022-10-08,5호선,마천,5794,5632
2022-10-08,5호선,거여,7828,7225
2022-10-08,5호선,개롱,4922,4876
2022-10-08,5호선,오금,2407,2182
2022-10-08,5호선,방이,5927,5829
2022-10-08,5호선,올림픽공원,6717,7494
2022-10-08,5호선,둔촌동,6852,6570
2022-10-08,5호선,상일동,10849,10069
2022-10-08,5호선,고덕,7466,7161
2022-10-08,5호선,명일,7048,6886
2022-10-08,5호선,굽은다리,8108,7475
2022-10-08,5호선,길동,7036,6908
2022-10-08,5호선,강동,14867,14174
2022-10-08,5호선,천호,19788,18771
2022-10-08,5호선,광나루,14296,13096
2022-10-08,5호선,아차산,15893,14808
2022-10-08,5호선,군자,10312,11286
2022-10-08,5호선,장한평,14732,14936
2022-10-08,5호선,답십리,12826,10999
2022-10-08,5호선,마장,4671,4238
2022-10-08,5호선,왕십리,4206,5008
2022-10-08,5호선,행당,6568,5587
2022-10-08,5호선,신금호,4773,4940
2022-10-08,5호선,청구,2931,2741
2022-10-08,5호선,동대문역사문화공원,1517,1938
2022-10-08,5호선,을지로4가,5090,5167
2022-10-08,5호선,종로3가,17488,18048
2022-10-08,5호선,서대문,10441,9637
2022-10-09,5호선,방화,3425,3388
2022-10-09,5호선,개화산,2606,2569
2022-10-09,5호선,김포공항,7478,7435
2022-10-09,5호선,송정,3637,3627
2022-10-09,5호선,마곡,3682,3758
2022-10-09,5호선,발산,9707,10790
2022-10-09,5호선,우장산,6688,6862
2022-10-09,5호선,화곡,14153,12929
2022-10-09,5호선,까치산,15655,14917
2022-10-09,5호선,신정,6522,5739
2022-10-09,5호선,목동,7788,7953
2022-10-09,5호선,오목교,11183,11423
2022-10-09,5호선,양평,2847,2732
2022-10-09,5호선,영등포구청,1410,1341
2022-10-09,5호선,영등포시장,6369,6506
2022-10-09,5호선,신길,2454,2488
2022-10-09,5호선,여의도,11738,10544
2022-10-09,5호선,여의나루,6560,10275
2022-10-09,5호선,마포,5734,5449
2022-10-09,5호선,공덕,5236,5414
2022-10-09,5호선,애오개,2762,2782
2022-10-09,5호선,충정로,1601,1433
2022-10-09,5호선,서대문,5705,5474
2022-10-09,5호선,광화문,17076,17382
2022-10-09,5호선,종로3가,11603,10800
2022-10-09,5호선,을지로4가,2122,2573
2022-10-09,5호선,동대문역사문화공원,1157,1326
2022-10-09,5호선,청구,1800,1782
2022-10-09,5호선,신금호,3052,3206
2022-10-09,5호선,행당,4158,3722
2022-10-09,5호선,왕십리,2622,3087
2022-10-09,5호선,마장,3003,2844
2022-10-09,5호선,답십리,8050,7183
2022-10-09,5호선,장한평,9216,8873
2022-10-09,5호선,군자,6734,7484
2022-10-09,5호선,아차산,9100,8869
2022-10-09,5호선,광나루,7682,7242
2022-10-09,5호선,천호,12982,12222
2022-10-09,5호선,강동,9842,9408
2022-10-09,5호선,길동,4462,4632
2022-10-09,5호선,굽은다리,5417,5098
2022-10-09,5호선,명일,4942,4963
2022-10-09,5호선,고덕,4085,4153
2022-10-09,5호선,상일동,6787,6588
2022-10-09,5호선,둔촌동,4832,4838
2022-10-09,5호선,올림픽공원,3237,3327
2022-10-09,5호선,방이,3986,3832
2022-10-09,5호선,오금,1493,1426
2022-10-09,5호선,개롱,2942,3116
2022-10-09,5호선,거여,4869,4634
2022-10-09,5호선,마천,3638,3841
2022-10-09,5호선,강일,2414,2233
2022-10-09,5호선,미사,9097,9384
2022-10-09,5호선,하남풍산,2295,2252
2022-10-09,5호선,하남시청,4253,4091
2022-10-09,5호선,하남검단산,4531,4477
2022-10-10,5호선,방화,3879,3760
2022-10-10,5호선,개화산,3073,3056
2022-10-10,5호선,김포공항,8016,8191
2022-10-10,5호선,송정,4123,4018
2022-10-10,5호선,마곡,4440,4462
2022-10-10,5호선,발산,10582,10997
2022-10-10,5호선,우장산,7910,8129
2022-10-10,5호선,화곡,15899,15001
2022-10-10,5호선,까치산,16760,16371
2022-10-10,5호선,신정,7054,6529
2022-10-10,5호선,목동,8605,8754
2022-10-10,5호선,오목교,12056,12406
2022-10-10,5호선,양평,2902,2966
2022-10-10,5호선,영등포구청,1604,1583
2022-10-10,5호선,영등포시장,5886,6176
2022-10-10,5호선,신길,2291,2392
2022-10-10,5호선,여의도,10094,10115
2022-10-10,5호선,여의나루,6048,8183
2022-10-10,5호선,마포,5917,5966
2022-10-10,5호선,공덕,5520,5593
2022-10-10,5호선,애오개,2742,2923
2022-10-10,5호선,충정로,1599,1549
2022-10-10,5호선,서대문,5842,5600
2022-10-10,5호선,광화문,23046,23310
2022-10-10,5호선,종로3가,12413,10976
2022-10-10,5호선,을지로4가,3131,3480
2022-10-10,5호선,동대문역사문화공원,1271,1356
2022-10-10,5호선,청구,2138,2133
2022-10-10,5호선,신금호,3195,3513
2022-10-10,5호선,행당,4244,3835
2022-10-10,5호선,왕십리,2697,3255
2022-10-10,5호선,마장,3092,2892
2022-10-10,5호선,답십리,8690,8164
2022-10-10,5호선,장한평,9203,9157
2022-10-10,5호선,군자,6864,7484
2022-10-10,5호선,아차산,10216,9940
2022-10-10,5호선,광나루,8425,8161
2022-10-10,5호선,천호,13545,12551
2022-10-10,5호선,강동,10223,10099
2022-10-10,5호선,길동,4841,5048
2022-10-10,5호선,굽은다리,6156,5829
2022-10-10,5호선,명일,4708,4771
2022-10-10,5호선,고덕,5284,5292
2022-10-10,5호선,상일동,7450,7184
2022-10-10,5호선,둔촌동,4608,4755
2022-10-10,5호선,올림픽공원,3719,4235
2022-10-10,5호선,방이,3928,3929
2022-10-10,5호선,오금,1559,1500
2022-10-10,5호선,개롱,3221,3374
2022-10-10,5호선,거여,4744,4650
2022-10-10,5호선,마천,3863,3877
2022-10-10,5호선,강일,2744,2504
2022-10-10,5호선,미사,9826,9999
2022-10-10,5호선,하남풍산,2307,2260
2022-10-10,5호선,하남시청,4512,4362
2022-10-10,5호선,하남검단산,4608,4455
2022-10-11,5호선,방화,7261,7000
2022-10-11,5호선,개화산,6145,5899
2022-10-11,5호선,김포공항,7056,7106
2022-10-11,5호선,송정,7054,6517
2022-10-11,5호선,마곡,11934,11924
2022-10-11,5호선,발산,22570,23315
2022-10-11,5호선,우장산,16497,16116
2022-10-11,5호선,화곡,31582,29498
2022-10-11,5호선,까치산,31090,29659
2022-10-11,5호선,신정,15320,12442
2022-10-11,5호선,목동,18846,20152
2022-10-11,5호선,오목교,22831,24639
2022-10-11,5호선,양평,8188,8072
2022-10-11,5호선,영등포구청,4547,4712
2022-10-11,5호선,영등포시장,10936,11314
2022-10-11,5호선,신길,4568,4940
2022-10-11,5호선,여의도,30872,32721
2022-10-11,5호선,여의나루,12384,13650
2022-10-11,5호선,마포,15642,15961
2022-10-11,5호선,공덕,15929,16619
2022-10-11,5호선,애오개,7482,7375
2022-10-11,5호선,충정로,5313,5337
2022-10-11,5호선,서대문,22727,23253
2022-10-11,5호선,광화문,34822,36715
2022-10-11,5호선,종로3가,13501,13310
2022-10-11,5호선,을지로4가,6952,7070
2022-10-11,5호선,동대문역사문화공원,3352,3979
2022-10-11,5호선,청구,4334,3879
2022-10-11,5호선,신금호,7118,7500
2022-10-11,5호선,행당,8942,7981
2022-10-11,5호선,왕십리,4760,5288
2022-10-11,5호선,마장,6409,5988
2022-10-11,5호선,답십리,17504,15942
2022-10-11,5호선,장한평,20037,19891
2022-10-11,5호선,군자,12099,13178
2022-10-11,5호선,아차산,15648,15231
2022-10-11,5호선,광나루,15275,14399
2022-10-11,5호선,천호,19286,19204
2022-10-11,5호선,강동,20198,19516
2022-10-11,5호선,길동,8629,9082
2022-10-11,5호선,굽은다리,10309,9818
2022-10-11,5호선,명일,9435,9766
2022-10-11,5호선,고덕,10963,10823
2022-10-11,5호선,상일동,16311,15242
2022-10-11,5호선,둔촌동,8957,8961
2022-10-11,5호선,올림픽공원,5233,4607
2022-10-11,5호선,방이,7664,7888
2022-10-11,5호선,오금,4306,4305
2022-10-11,5호선,개롱,7113,7365
2022-10-11,5호선,거여,11292,10982
2022-10-11,5호선,마천,8233,7891
2022-10-11,5호선,강일,5480,5176
2022-10-11,5호선,미사,17960,18169
2022-10-11,5호선,하남풍산,4640,4561
2022-10-11,5호선,하남시청,7845,7596
2022-10-11,5호선,하남검단산,6388,6113
2022-10-12,5호선,방화,7512,7228
2022-10-12,5호선,개화산,6285,5891
2022-10-12,5호선,김포공항,7545,7774
2022-10-12,5호선,송정,7258,6710
2022-10-12,5호선,마곡,12081,12223
2022-10-12,5호선,발산,23375,24486
2022-10-12,5호선,우장산,16731,16348
2022-10-12,5호선,화곡,31880,29591
2022-10-12,5호선,까치산,31830,30046
2022-10-12,5호선,신정,15358,12643
2022-10-12,5호선,목동,18968,20116
2022-10-12,5호선,오목교,23915,25635
2022-10-12,5호선,양평,8252,8142
2022-10-12,5호선,영등포구청,4541,4666
2022-10-12,5호선,영등포시장,11253,11669
2022-10-12,5호선,신길,4667,4967
2022-10-12,5호선,여의도,31986,34411
2022-10-12,5호선,여의나루,13305,14582
2022-10-12,5호선,마포,16116,16340
2022-10-12,5호선,공덕,16099,17170
2022-10-12,5호선,애오개,7551,7513
2022-10-12,5호선,충정로,5281,5406
2022-10-12,5호선,서대문,23063,23617
2022-10-12,5호선,광화문,36851,38192
2022-10-12,5호선,종로3가,14339,14140
2022-10-12,5호선,을지로4가,7186,7306
2022-10-12,5호선,동대문역사문화공원,3516,4051
2022-10-12,5호선,청구,4466,4032
2022-10-12,5호선,신금호,7374,7716
2022-10-12,5호선,행당,9264,8212
2022-10-12,5호선,왕십리,4890,5524
2022-10-12,5호선,마장,6605,6176
2022-10-12,5호선,답십리,17840,16316
2022-10-12,5호선,장한평,20907,20696
2022-10-12,5호선,군자,12418,13359
2022-10-12,5호선,아차산,16710,16110
2022-10-12,5호선,광나루,15753,14252
2022-10-12,5호선,천호,19566,19832
2022-10-12,5호선,강동,20357,19638
2022-10-12,5호선,길동,8777,9019
2022-10-12,5호선,굽은다리,10732,10233
2022-10-12,5호선,명일,9775,10066
2022-10-12,5호선,고덕,11029,10770
2022-10-12,5호선,상일동,16689,15470
2022-10-12,5호선,둔촌동,9108,9157
2022-10-12,5호선,올림픽공원,5287,4712
2022-10-12,5호선,방이,7851,7965
2022-10-12,5호선,오금,4185,4331
2022-10-12,5호선,개롱,7447,7620
2022-10-12,5호선,거여,11625,10991
2022-10-12,5호선,마천,8360,7862
2022-10-12,5호선,강일,5655,5295
2022-10-12,5호선,미사,18559,18851
2022-10-12,5호선,하남풍산,4532,4403
2022-10-12,5호선,하남시청,8003,7720
2022-10-12,5호선,하남검단산,6581,6246
2022-10-13,5호선,강일,5730,5359
2022-10-13,5호선,방화,7398,7050
2022-10-13,5호선,개화산,6324,5974
2022-10-13,5호선,김포공항,7670,7373
2022-10-13,5호선,송정,7243,6490
2022-10-13,5호선,마곡,11993,12295
2022-10-13,5호선,발산,23493,24515
2022-10-13,5호선,우장산,16301,16046
2022-10-13,5호선,화곡,31873,29462
2022-10-13,5호선,까치산,31607,29813
2022-10-13,5호선,신정,15588,12541
2022-10-13,5호선,목동,18932,20337
2022-10-13,5호선,오목교,23268,24901
2022-10-13,5호선,양평,8270,8049
2022-10-13,5호선,영등포구청,4892,4678
2022-10-13,5호선,영등포시장,11227,11623
2022-10-13,5호선,신길,4785,4973
2022-10-13,5호선,여의도,31505,34162
2022-10-13,5호선,여의나루,14110,15365
2022-10-13,5호선,마포,15984,16316
2022-10-13,5호선,공덕,16312,17244
2022-10-13,5호선,애오개,7727,7560
2022-10-13,5호선,충정로,5207,5360
2022-10-13,5호선,서대문,23123,23658
2022-10-13,5호선,광화문,36771,38633
2022-10-13,5호선,종로3가,14447,14336
2022-10-13,5호선,을지로4가,7134,7135
2022-10-13,5호선,동대문역사문화공원,3367,4118
2022-10-13,5호선,청구,4429,4072
2022-10-13,5호선,신금호,7409,7627
2022-10-13,5호선,행당,9224,8085
2022-10-13,5호선,왕십리,4832,5488
2022-10-13,5호선,마장,6625,6197
2022-10-13,5호선,답십리,17650,16016
2022-10-13,5호선,장한평,20812,20579
2022-10-13,5호선,군자,12395,13603
2022-10-13,5호선,아차산,16371,15824
2022-10-13,5호선,광나루,15314,13998
2022-10-13,5호선,천호,19553,19586
2022-10-13,5호선,강동,20228,19472
2022-10-13,5호선,길동,8598,8859
2022-10-13,5호선,굽은다리,10349,9962
2022-10-13,5호선,명일,9713,9918
2022-10-13,5호선,고덕,10855,10777
2022-10-13,5호선,상일동,16359,15250
2022-10-13,5호선,둔촌동,9114,9071
2022-10-13,5호선,올림픽공원,5161,4574
2022-10-13,5호선,방이,7785,8038
2022-10-13,5호선,오금,4256,4323
2022-10-13,5호선,개롱,7281,7498
2022-10-13,5호선,거여,11448,10815
2022-10-13,5호선,마천,8328,7776
2022-10-13,5호선,미사,18169,18356
2022-10-13,5호선,하남풍산,4728,4655
2022-10-13,5호선,하남시청,7989,7812
2022-10-13,5호선,하남검단산,6605,6211
2022-10-14,5호선,하남검단산,6954,6506
2022-10-14,5호선,하남시청,8578,8235
2022-10-14,5호선,하남풍산,4831,4704
2022-10-14,5호선,미사,18823,19191
2022-10-14,5호선,강일,5784,5255
2022-10-14,5호선,마천,8299,7840
2022-10-14,5호선,거여,11433,10806
2022-10-14,5호선,개롱,7172,7425
2022-10-14,5호선,오금,4184,4284
2022-10-14,5호선,방이,7851,7934
2022-10-14,5호선,올림픽공원,5291,4687
2022-10-14,5호선,둔촌동,9127,9149
2022-10-14,5호선,상일동,16502,15132
2022-10-14,5호선,고덕,11223,10980
2022-10-14,5호선,명일,9770,10018
2022-10-14,5호선,굽은다리,10647,10092
2022-10-14,5호선,길동,8959,9378
2022-10-14,5호선,강동,20369,19417
2022-10-14,5호선,천호,20747,21281
2022-10-14,5호선,광나루,15488,14106
2022-10-14,5호선,아차산,16829,16074
2022-10-14,5호선,군자,12985,14363
2022-10-14,5호선,장한평,20869,20619
2022-10-14,5호선,답십리,17995,16193
2022-10-14,5호선,마장,6580,6171
2022-10-14,5호선,왕십리,5019,5923
2022-10-14,5호선,행당,9193,7870
2022-10-14,5호선,신금호,7413,7552
2022-10-14,5호선,청구,4427,4060
2022-10-14,5호선,동대문역사문화공원,3351,3968
2022-10-14,5호선,을지로4가,7152,7367
2022-10-14,5호선,종로3가,16176,16282
2022-10-14,5호선,광화문,35844,37875
2022-10-14,5호선,서대문,21990,22298
2022-10-14,5호선,충정로,5147,5178
2022-10-14,5호선,애오개,7614,7445
2022-10-14,5호선,공덕,16105,17005
2022-10-14,5호선,마포,15886,16317
2022-10-14,5호선,여의나루,17242,18212
2022-10-14,5호선,여의도,30948,34071
2022-10-14,5호선,신길,4968,4876
2022-10-14,5호선,영등포시장,11468,11847
2022-10-14,5호선,영등포구청,4895,4796
2022-10-14,5호선,양평,8213,7844
2022-10-14,5호선,오목교,24161,26495
2022-10-14,5호선,목동,19224,20280
2022-10-14,5호선,신정,15629,12567
2022-10-14,5호선,까치산,32140,30265
2022-10-14,5호선,화곡,32495,29745
2022-10-14,5호선,우장산,16630,16100
2022-10-14,5호선,발산,22890,24521
2022-10-14,5호선,마곡,12095,12037
2022-10-14,5호선,송정,7250,6672
2022-10-14,5호선,김포공항,9183,7713
2022-10-14,5호선,개화산,6300,5990
2022-10-14,5호선,방화,7492,6935
2022-10-15,5호선,방화,5345,5047
2022-10-15,5호선,개화산,4286,4029
2022-10-15,5호선,김포공항,8065,8274
2022-10-15,5호선,송정,5531,5333
2022-10-15,5호선,마곡,6392,6412
2022-10-15,5호선,발산,16163,17746
2022-10-15,5호선,우장산,11153,10842
2022-10-15,5호선,화곡,23313,20830
2022-10-15,5호선,까치산,23717,21966
2022-10-15,5호선,신정,10309,8463
2022-10-15,5호선,목동,12962,13049
2022-10-15,5호선,오목교,19256,19609
2022-10-15,5호선,양평,4309,3897
2022-10-15,5호선,영등포구청,2494,2337
2022-10-15,5호선,영등포시장,10031,10632
2022-10-15,5호선,신길,3302,3347
2022-10-15,5호선,여의도,13321,14537
2022-10-15,5호선,여의나루,19087,20291
2022-10-15,5호선,마포,8654,8836
2022-10-15,5호선,공덕,8889,9023
2022-10-15,5호선,애오개,4278,4019
2022-10-15,5호선,충정로,2266,2045
2022-10-15,5호선,서대문,9285,9074
2022-10-15,5호선,광화문,25792,25475
2022-10-15,5호선,종로3가,15669,16460
2022-10-15,5호선,을지로4가,4391,4814
2022-10-15,5호선,동대문역사문화공원,1481,1764
2022-10-15,5호선,청구,2844,2771
2022-10-15,5호선,신금호,4786,4907
2022-10-15,5호선,행당,6295,5428
2022-10-15,5호선,왕십리,3885,4947
2022-10-15,5호선,마장,4623,4235
2022-10-15,5호선,답십리,11819,10575
2022-10-15,5호선,장한평,13339,12885
2022-10-15,5호선,군자,9895,10692
2022-10-15,5호선,아차산,15677,14985
2022-10-15,5호선,광나루,13715,12849
2022-10-15,5호선,천호,19092,18503
2022-10-15,5호선,강동,14726,13902
2022-10-15,5호선,길동,6880,6946
2022-10-15,5호선,굽은다리,8276,7634
2022-10-15,5호선,명일,7357,7095
2022-10-15,5호선,고덕,8186,7913
2022-10-15,5호선,상일동,10967,10055
2022-10-15,5호선,둔촌동,7134,7042
2022-10-15,5호선,올림픽공원,6688,6417
2022-10-15,5호선,방이,6448,6256
2022-10-15,5호선,오금,2796,2463
2022-10-15,5호선,개롱,5137,5244
2022-10-15,5호선,거여,7522,6882
2022-10-15,5호선,마천,5909,6125
2022-10-15,5호선,강일,4501,4023
2022-10-15,5호선,미사,14157,14204
2022-10-15,5호선,하남풍산,3191,3031
2022-10-15,5호선,하남시청,6619,6199
2022-10-15,5호선,하남검단산,6117,5898
2022-10-16,5호선,애오개,3107,2989
2022-10-16,5호선,하남검단산,4974,4886
2022-10-16,5호선,하남시청,4509,4347
2022-10-16,5호선,하남풍산,2349,2339
2022-10-16,5호선,미사,9950,10003
2022-10-16,5호선,강일,3084,2681
2022-10-16,5호선,마천,3998,4288
2022-10-16,5호선,거여,5108,4859
2022-10-16,5호선,개롱,3294,3548
2022-10-16,5호선,오금,1715,1697
2022-10-16,5호선,방이,4667,4388
2022-10-16,5호선,올림픽공원,6037,5861
2022-10-16,5호선,둔촌동,5041,5026
2022-10-16,5호선,상일동,7198,6874
2022-10-16,5호선,고덕,4878,5002
2022-10-16,5호선,명일,5429,5430
2022-10-16,5호선,굽은다리,5920,5530
2022-10-16,5호선,길동,4621,4583
2022-10-16,5호선,강동,10533,10424
2022-10-16,5호선,천호,13916,13100
2022-10-16,5호선,광나루,8671,8380
2022-10-16,5호선,아차산,11874,11761
2022-10-16,5호선,군자,6896,7726
2022-10-16,5호선,장한평,9139,8779
2022-10-16,5호선,답십리,8306,7859
2022-10-16,5호선,마장,3308,3117
2022-10-16,5호선,왕십리,2752,3292
2022-10-16,5호선,행당,4575,4034
2022-10-16,5호선,신금호,3326,3545
2022-10-16,5호선,청구,1977,2027
2022-10-16,5호선,동대문역사문화공원,1095,1181
2022-10-16,5호선,을지로4가,2224,2225
2022-10-16,5호선,종로3가,10806,9548
2022-10-16,5호선,광화문,16235,15802
2022-10-16,5호선,서대문,7225,7355
2022-10-16,5호선,충정로,1651,1783
2022-10-16,5호선,공덕,5563,5560
2022-10-16,5호선,마포,5752,5686
2022-10-16,5호선,여의나루,13151,13895
2022-10-16,5호선,여의도,8696,9662
2022-10-16,5호선,신길,2378,2564
2022-10-16,5호선,영등포시장,6902,7296
2022-10-16,5호선,영등포구청,1762,1588
2022-10-16,5호선,양평,3180,3113
2022-10-16,5호선,오목교,12402,12751
2022-10-16,5호선,목동,8890,9041
2022-10-16,5호선,신정,7034,6240
2022-10-16,5호선,까치산,17361,16632
2022-10-16,5호선,화곡,16004,15042
2022-10-16,5호선,우장산,7518,7741
2022-10-16,5호선,발산,10265,11186
2022-10-16,5호선,마곡,4047,4216
2022-10-16,5호선,송정,3990,3880
2022-10-16,5호선,김포공항,7091,7396
2022-10-16,5호선,개화산,2999,3005
2022-10-16,5호선,방화,4005,3993
2022-10-17,5호선,방화,7208,6901
2022-10-17,5호선,개화산,6095,5708
2022-10-17,5호선,김포공항,7172,7127
2022-10-17,5호선,송정,7090,6544
2022-10-17,5호선,마곡,11741,11469
2022-10-17,5호선,발산,22301,22470
2022-10-17,5호선,우장산,16048,15791
2022-10-17,5호선,화곡,30592,28737
2022-10-17,5호선,까치산,30471,29421
2022-10-17,5호선,신정,15048,12244
2022-10-17,5호선,목동,18244,19709
2022-10-17,5호선,오목교,22604,23678
2022-10-17,5호선,양평,8043,7984
2022-10-17,5호선,영등포구청,4529,4326
2022-10-17,5호선,영등포시장,10397,10739
2022-10-17,5호선,신길,4620,4919
2022-10-17,5호선,여의도,30198,29687
2022-10-17,5호선,여의나루,10792,10908
2022-10-17,5호선,마포,15499,14961
2022-10-17,5호선,공덕,15387,16289
2022-10-17,5호선,애오개,7052,7357
2022-10-17,5호선,충정로,5067,5389
2022-10-17,5호선,서대문,22332,20688
2022-10-17,5호선,광화문,33866,31370
2022-10-17,5호선,종로3가,13237,12715
2022-10-17,5호선,을지로4가,7012,6275
2022-10-17,5호선,동대문역사문화공원,3390,3661
2022-10-17,5호선,청구,4330,3883
2022-10-17,5호선,신금호,6890,7481
2022-10-17,5호선,행당,8579,7823
2022-10-17,5호선,왕십리,4727,5154
2022-10-17,5호선,마장,6287,5937
2022-10-17,5호선,답십리,16560,15462
2022-10-17,5호선,장한평,19410,19470
2022-10-17,5호선,군자,11676,13178
2022-10-17,5호선,아차산,15398,14996
2022-10-17,5호선,광나루,14469,13804
2022-10-17,5호선,천호,17444,17714
2022-10-17,5호선,강동,20001,19921
2022-10-17,5호선,길동,8354,9512
2022-10-17,5호선,굽은다리,9866,9705
2022-10-17,5호선,명일,9264,10169
2022-10-17,5호선,고덕,10432,10876
2022-10-17,5호선,상일동,15316,15690
2022-10-17,5호선,둔촌동,8756,8882
2022-10-17,5호선,올림픽공원,5043,4606
2022-10-17,5호선,방이,7490,7803
2022-10-17,5호선,오금,4041,4344
2022-10-17,5호선,개롱,6630,7508
2022-10-17,5호선,거여,9372,10798
2022-10-17,5호선,마천,8021,7722
2022-10-17,5호선,강일,5320,5249
2022-10-17,5호선,미사,17181,18127
2022-10-17,5호선,하남풍산,4533,4564
2022-10-17,5호선,하남시청,7874,7786
2022-10-17,5호선,하남검단산,6094,5880
2022-10-18,5호선,영등포구청,4499,4644
2022-10-18,5호선,영등포시장,10943,11320
2022-10-18,5호선,신길,4763,5057
2022-10-18,5호선,여의도,31950,33394
2022-10-18,5호선,여의나루,12982,14130
2022-10-18,5호선,마포,15784,16049
2022-10-18,5호선,공덕,16331,17109
2022-10-18,5호선,애오개,7431,7191
2022-10-18,5호선,충정로,5171,5306
2022-10-18,5호선,서대문,23276,23148
2022-10-18,5호선,광화문,34623,35345
2022-10-18,5호선,종로3가,14064,13847
2022-10-18,5호선,을지로4가,7034,7045
2022-10-18,5호선,동대문역사문화공원,3484,3985
2022-10-18,5호선,청구,4318,3865
2022-10-18,5호선,신금호,7163,7558
2022-10-18,5호선,행당,9012,8036
2022-10-18,5호선,왕십리,4827,5204
2022-10-18,5호선,마장,6563,6211
2022-10-18,5호선,답십리,17326,15954
2022-10-18,5호선,장한평,20476,20218
2022-10-18,5호선,군자,12135,13093
2022-10-18,5호선,아차산,16135,15524
2022-10-18,5호선,광나루,14961,14005
2022-10-18,5호선,천호,19334,19464
2022-10-18,5호선,강동,20265,19510
2022-10-18,5호선,길동,8424,8772
2022-10-18,5호선,굽은다리,10234,9773
2022-10-18,5호선,명일,9320,9812
2022-10-18,5호선,고덕,10795,10897
2022-10-18,5호선,상일동,16153,15274
2022-10-18,5호선,둔촌동,8977,9053
2022-10-18,5호선,올림픽공원,5258,4693
2022-10-18,5호선,방이,7519,7863
2022-10-18,5호선,오금,4107,4182
2022-10-18,5호선,개롱,7023,7417
2022-10-18,5호선,거여,11235,10836
2022-10-18,5호선,마천,7980,7692
2022-10-18,5호선,강일,5473,5159
2022-10-18,5호선,미사,17783,18151
2022-10-18,5호선,하남풍산,4590,4627
2022-10-18,5호선,하남시청,7767,7639
2022-10-18,5호선,하남검단산,6295,6037
2022-10-18,5호선,방화,7457,7158
2022-10-18,5호선,개화산,6091,5929
2022-10-18,5호선,김포공항,7574,7718
2022-10-18,5호선,송정,6972,6542
2022-10-18,5호선,마곡,11973,12053
2022-10-18,5호선,발산,22828,23482
2022-10-18,5호선,우장산,16075,15870
2022-10-18,5호선,화곡,31423,29437
2022-10-18,5호선,까치산,31470,29912
2022-10-18,5호선,신정,15151,12339
2022-10-18,5호선,목동,18957,20626
2022-10-18,5호선,오목교,24066,25345
2022-10-18,5호선,양평,8119,7900
2022-10-19,5호선,마천,8287,7922
2022-10-19,5호선,방화,7447,7128
2022-10-19,5호선,개화산,6275,5826
2022-10-19,5호선,김포공항,7524,7367
2022-10-19,5호선,송정,7021,6605
2022-10-19,5호선,마곡,12085,12101
2022-10-19,5호선,발산,22797,23693
2022-10-19,5호선,우장산,16335,16000
2022-10-19,5호선,화곡,31828,29475
2022-10-19,5호선,까치산,31650,30228
2022-10-19,5호선,신정,15652,12589
2022-10-19,5호선,목동,19118,20510
2022-10-19,5호선,오목교,23869,25391
2022-10-19,5호선,양평,8257,8143
2022-10-19,5호선,영등포구청,4698,4723
2022-10-19,5호선,영등포시장,11222,11736
2022-10-19,5호선,신길,4722,4954
2022-10-19,5호선,여의도,32555,34099
2022-10-19,5호선,여의나루,13796,14718
2022-10-19,5호선,마포,16103,16245
2022-10-19,5호선,공덕,16386,17134
2022-10-19,5호선,애오개,7777,7597
2022-10-19,5호선,충정로,5476,5409
2022-10-19,5호선,서대문,22670,23170
2022-10-19,5호선,광화문,36019,38357
2022-10-19,5호선,종로3가,14649,14104
2022-10-19,5호선,을지로4가,7131,7464
2022-10-19,5호선,동대문역사문화공원,3407,4029
2022-10-19,5호선,청구,4386,4024
2022-10-19,5호선,신금호,7302,7613
2022-10-19,5호선,행당,9170,8046
2022-10-19,5호선,왕십리,4948,6018
2022-10-19,5호선,마장,6504,6244
2022-10-19,5호선,답십리,17495,15919
2022-10-19,5호선,장한평,20576,20436
2022-10-19,5호선,군자,12193,13365
2022-10-19,5호선,아차산,16427,15977
2022-10-19,5호선,광나루,15167,13890
2022-10-19,5호선,천호,19390,19652
2022-10-19,5호선,강동,20247,19582
2022-10-19,5호선,길동,8502,8732
2022-10-19,5호선,굽은다리,10362,9942
2022-10-19,5호선,명일,9610,10047
2022-10-19,5호선,고덕,10835,10813
2022-10-19,5호선,상일동,16333,15122
2022-10-19,5호선,둔촌동,9080,9168
2022-10-19,5호선,올림픽공원,5163,4489
2022-10-19,5호선,방이,7722,7921
2022-10-19,5호선,오금,4230,4237
2022-10-19,5호선,개롱,7199,7549
2022-10-19,5호선,거여,11434,10911
2022-10-19,5호선,강일,5442,5112
2022-10-19,5호선,미사,18513,18554
2022-10-19,5호선,하남풍산,4567,4572
2022-10-19,5호선,하남시청,8201,8034
2022-10-19,5호선,하남검단산,6424,6178
2022-10-20,5호선,방화,7402,7192
2022-10-20,5호선,개화산,6312,6019
2022-10-20,5호선,김포공항,7883,7400
2022-10-20,5호선,송정,7145,6660
2022-10-20,5호선,마곡,12181,12123
2022-10-20,5호선,발산,22626,23723
2022-10-20,5호선,우장산,16107,15838
2022-10-20,5호선,화곡,31606,29178
2022-10-20,5호선,까치산,31588,30007
2022-10-20,5호선,신정,15491,12569
2022-10-20,5호선,목동,19030,20303
2022-10-20,5호선,오목교,23083,24859
2022-10-20,5호선,양평,8021,7945
2022-10-20,5호선,영등포구청,4592,4711
2022-10-20,5호선,영등포시장,11205,11410
2022-10-20,5호선,신길,4707,4936
2022-10-20,5호선,여의도,31701,34003
2022-10-20,5호선,여의나루,13559,14973
2022-10-20,5호선,마포,16055,16345
2022-10-20,5호선,공덕,16396,17092
2022-10-20,5호선,애오개,7562,7548
2022-10-20,5호선,충정로,5292,5431
2022-10-20,5호선,서대문,23105,23694
2022-10-20,5호선,광화문,36058,38107
2022-10-20,5호선,종로3가,14962,14379
2022-10-20,5호선,을지로4가,7170,7238
2022-10-20,5호선,동대문역사문화공원,3329,3950
2022-10-20,5호선,청구,4407,4024
2022-10-20,5호선,신금호,7280,7651
2022-10-20,5호선,행당,9043,7839
2022-10-20,5호선,왕십리,4738,5482
2022-10-20,5호선,마장,6623,6238
2022-10-20,5호선,답십리,17527,15768
2022-10-20,5호선,장한평,20755,20635
2022-10-20,5호선,군자,12326,13425
2022-10-20,5호선,아차산,16217,15625
2022-10-20,5호선,광나루,15394,14084
2022-10-20,5호선,천호,18946,19510
2022-10-20,5호선,강동,20590,19724
2022-10-20,5호선,길동,8399,8890
2022-10-20,5호선,굽은다리,10314,9832
2022-10-20,5호선,명일,9707,10072
2022-10-20,5호선,고덕,10901,11119
2022-10-20,5호선,상일동,16424,15169
2022-10-20,5호선,둔촌동,8979,8910
2022-10-20,5호선,올림픽공원,5147,4564
2022-10-20,5호선,방이,7755,8092
2022-10-20,5호선,오금,4049,4139
2022-10-20,5호선,개롱,7225,7575
2022-10-20,5호선,거여,11292,10801
2022-10-20,5호선,마천,8184,7763
2022-10-20,5호선,강일,5557,5255
2022-10-20,5호선,미사,18741,18742
2022-10-20,5호선,하남풍산,4667,4645
2022-10-20,5호선,하남시청,7920,7793
2022-10-20,5호선,하남검단산,6579,6180
2022-10-21,5호선,하남검단산,6883,6500
2022-10-21,5호선,하남시청,8414,8255
2022-10-21,5호선,하남풍산,4740,4575
2022-10-21,5호선,미사,19158,19396
2022-10-21,5호선,강일,6133,5637
2022-10-21,5호선,마천,8105,7715
2022-10-21,5호선,거여,11325,10761
2022-10-21,5호선,개롱,7308,7517
2022-10-21,5호선,오금,4084,4071
2022-10-21,5호선,방이,7952,8167
2022-10-21,5호선,올림픽공원,5482,4892
2022-10-21,5호선,둔촌동,9126,9214
2022-10-21,5호선,상일동,16627,15150
2022-10-21,5호선,고덕,11143,11010
2022-10-21,5호선,명일,9914,10146
2022-10-21,5호선,굽은다리,10559,9957
2022-10-21,5호선,길동,8938,9206
2022-10-21,5호선,천호,20611,20760
2022-10-21,5호선,광나루,15858,14331
2022-10-21,5호선,아차산,17376,16686
2022-10-21,5호선,군자,12680,13828
2022-10-21,5호선,장한평,20744,20465
2022-10-21,5호선,답십리,17660,15786
2022-10-21,5호선,마장,6744,6231
2022-10-21,5호선,왕십리,4815,5657
2022-10-21,5호선,행당,9068,7924
2022-10-21,5호선,신금호,7247,7516
2022-10-21,5호선,청구,4412,3982
2022-10-21,5호선,동대문역사문화공원,3459,4120
2022-10-21,5호선,을지로4가,7039,7364
2022-10-21,5호선,종로3가,17121,16938
2022-10-21,5호선,광화문,37504,39263
2022-10-21,5호선,서대문,22400,22599
2022-10-21,5호선,충정로,5061,5003
2022-10-21,5호선,애오개,7416,7170
2022-10-21,5호선,공덕,16440,17209
2022-10-21,5호선,마포,15841,16443
2022-10-21,5호선,여의나루,17745,18810
2022-10-21,5호선,여의도,31123,33956
2022-10-21,5호선,신길,4767,4953
2022-10-21,5호선,영등포시장,11766,12067
2022-10-21,5호선,영등포구청,4602,4556
2022-10-21,5호선,양평,8091,7813
2022-10-21,5호선,오목교,24096,26239
2022-10-21,5호선,목동,19252,20417
2022-10-21,5호선,신정,15621,12178
2022-10-21,5호선,까치산,31864,30003
2022-10-21,5호선,화곡,32829,30122
2022-10-21,5호선,우장산,16352,15812
2022-10-21,5호선,발산,22449,24101
2022-10-21,5호선,마곡,11838,11898
2022-10-21,5호선,송정,7333,6745
2022-10-21,5호선,김포공항,8796,8349
2022-10-21,5호선,개화산,6355,5846
2022-10-21,5호선,방화,7524,7111
2022-10-21,5호선,강동,20490,19302
2022-10-22,5호선,하남검단산,6249,5938
2022-10-22,5호선,하남시청,6750,6309
2022-10-22,5호선,하남풍산,3343,3262
2022-10-22,5호선,미사,14255,14473
2022-10-22,5호선,강일,4125,3593
2022-10-22,5호선,마천,5336,5441
2022-10-22,5호선,거여,7559,6737
2022-10-22,5호선,개롱,4808,5011
2022-10-22,5호선,오금,2394,2263
2022-10-22,5호선,방이,5837,5870
2022-10-22,5호선,올림픽공원,5076,5380
2022-10-22,5호선,둔촌동,6691,6579
2022-10-22,5호선,상일동,10599,9708
2022-10-22,5호선,고덕,7382,7074
2022-10-22,5호선,명일,7041,6956
2022-10-22,5호선,굽은다리,8036,7494
2022-10-22,5호선,길동,6552,6643
2022-10-22,5호선,강동,15121,14383
2022-10-22,5호선,천호,18544,17867
2022-10-22,5호선,광나루,12739,12184
2022-10-22,5호선,아차산,15514,14931
2022-10-22,5호선,군자,9928,10740
2022-10-22,5호선,장한평,13273,12735
2022-10-22,5호선,답십리,11836,10503
2022-10-22,5호선,마장,4446,4155
2022-10-22,5호선,왕십리,3810,4742
2022-10-22,5호선,행당,6439,5501
2022-10-22,5호선,신금호,4762,4943
2022-10-22,5호선,청구,2860,2717
2022-10-22,5호선,동대문역사문화공원,1367,1782
2022-10-22,5호선,을지로4가,4507,5023
2022-10-22,5호선,종로3가,17339,17493
2022-10-22,5호선,광화문,31388,33371
2022-10-22,5호선,서대문,10547,9602
2022-10-22,5호선,충정로,2337,2048
2022-10-22,5호선,애오개,4350,4136
2022-10-22,5호선,공덕,9152,9515
2022-10-22,5호선,마포,9093,9355
2022-10-22,5호선,여의나루,24084,26513
2022-10-22,5호선,여의도,13464,14870
2022-10-22,5호선,신길,3376,3454
2022-10-22,5호선,영등포시장,10371,10925
2022-10-22,5호선,영등포구청,2291,2250
2022-10-22,5호선,양평,4364,3812
2022-10-22,5호선,오목교,17459,18145
2022-10-22,5호선,목동,13124,13174
2022-10-22,5호선,신정,10348,8696
2022-10-22,5호선,까치산,23849,22456
2022-10-22,5호선,화곡,23599,21120
2022-10-22,5호선,우장산,11156,10947
2022-10-22,5호선,발산,16000,17620
2022-10-22,5호선,마곡,6596,6675
2022-10-22,5호선,송정,5584,5304
2022-10-22,5호선,김포공항,7980,7842
2022-10-22,5호선,개화산,4319,4080
2022-10-22,5호선,방화,5220,4950
2022-10-23,5호선,방화,3663,3660
2022-10-23,5호선,개화산,2898,2869
2022-10-23,5호선,김포공항,6977,7092
2022-10-23,5호선,송정,3985,3877
2022-10-23,5호선,마곡,4080,4228
2022-10-23,5호선,발산,10460,10972
2022-10-23,5호선,우장산,7613,7734
2022-10-23,5호선,화곡,15815,14849
2022-10-23,5호선,까치산,17401,16793
2022-10-23,5호선,신정,7157,6327
2022-10-23,5호선,목동,8814,9053
2022-10-23,5호선,오목교,12399,12410
2022-10-23,5호선,양평,2923,2932
2022-10-23,5호선,영등포구청,1549,1524
2022-10-23,5호선,영등포시장,6874,7107
2022-10-23,5호선,신길,2385,2534
2022-10-23,5호선,여의도,9300,9862
2022-10-23,5호선,여의나루,17576,18648
2022-10-23,5호선,마포,5725,5836
2022-10-23,5호선,공덕,5784,5950
2022-10-23,5호선,애오개,2868,2982
2022-10-23,5호선,충정로,1587,1648
2022-10-23,5호선,서대문,6447,6730
2022-10-23,5호선,광화문,17459,16886
2022-10-23,5호선,종로3가,11915,10338
2022-10-23,5호선,을지로4가,2235,2417
2022-10-23,5호선,동대문역사문화공원,1037,1129
2022-10-23,5호선,청구,1971,1883
2022-10-23,5호선,신금호,3320,3695
2022-10-23,5호선,행당,4547,4197
2022-10-23,5호선,왕십리,2720,3133
2022-10-23,5호선,마장,3216,3191
2022-10-23,5호선,답십리,8525,7864
2022-10-23,5호선,장한평,9281,9044
2022-10-23,5호선,군자,6907,7580
2022-10-23,5호선,아차산,12366,12107
2022-10-23,5호선,광나루,9420,8934
2022-10-23,5호선,천호,13857,12919
2022-10-23,5호선,강동,10235,10309
2022-10-23,5호선,길동,4623,4604
2022-10-23,5호선,굽은다리,5575,5305
2022-10-23,5호선,명일,5486,5502
2022-10-23,5호선,고덕,4686,4709
2022-10-23,5호선,상일동,7235,7159
2022-10-23,5호선,둔촌동,5109,5037
2022-10-23,5호선,올림픽공원,3840,4443
2022-10-23,5호선,방이,4463,4297
2022-10-23,5호선,오금,1682,1551
2022-10-23,5호선,개롱,3398,3603
2022-10-23,5호선,거여,5026,4960
2022-10-23,5호선,마천,4164,4446
2022-10-23,5호선,강일,2895,2639
2022-10-23,5호선,미사,9898,10068
2022-10-23,5호선,하남풍산,2476,2415
2022-10-23,5호선,하남시청,4553,4382
2022-10-23,5호선,하남검단산,5023,4867
2022-10-24,5호선,하남검단산,6419,6092
2022-10-24,5호선,하남시청,8015,7835
2022-10-24,5호선,하남풍산,4496,4412
2022-10-24,5호선,미사,17986,18139
2022-10-24,5호선,강일,5457,5126
2022-10-24,5호선,마천,8137,7707
2022-10-24,5호선,거여,10982,10508
2022-10-24,5호선,개롱,6925,7270
2022-10-24,5호선,오금,4028,4087
2022-10-24,5호선,방이,7393,7842
2022-10-24,5호선,올림픽공원,5020,4354
2022-10-24,5호선,둔촌동,8819,8867
2022-10-24,5호선,상일동,15854,14912
2022-10-24,5호선,고덕,10611,10498
2022-10-24,5호선,명일,9223,9660
2022-10-24,5호선,굽은다리,9842,9511
2022-10-24,5호선,길동,8404,8685
2022-10-24,5호선,강동,19799,19166
2022-10-24,5호선,천호,18314,18509
2022-10-24,5호선,광나루,14309,13098
2022-10-24,5호선,아차산,14893,14610
2022-10-24,5호선,군자,11782,12754
2022-10-24,5호선,장한평,19840,19650
2022-10-24,5호선,답십리,17180,15649
2022-10-24,5호선,마장,6297,5891
2022-10-24,5호선,왕십리,4686,5243
2022-10-24,5호선,행당,8912,7866
2022-10-24,5호선,신금호,6812,7220
2022-10-24,5호선,청구,4328,3887
2022-10-24,5호선,동대문역사문화공원,3382,3873
2022-10-24,5호선,을지로4가,6861,6894
2022-10-24,5호선,종로3가,13179,12765
2022-10-24,5호선,광화문,33117,34685
2022-10-24,5호선,서대문,21978,22436
2022-10-24,5호선,충정로,5076,5149
2022-10-24,5호선,애오개,7257,7200
2022-10-24,5호선,공덕,15590,16125
2022-10-24,5호선,마포,15470,15556
2022-10-24,5호선,여의나루,11884,13166
2022-10-24,5호선,여의도,30584,32449
2022-10-24,5호선,신길,4577,4923
2022-10-24,5호선,영등포시장,10482,10760
2022-10-24,5호선,영등포구청,4329,4526
2022-10-24,5호선,양평,8050,7962
2022-10-24,5호선,오목교,21341,22709
2022-10-24,5호선,목동,18015,19606
2022-10-24,5호선,신정,15003,12125
2022-10-24,5호선,까치산,30602,29338
2022-10-24,5호선,화곡,30751,28720
2022-10-24,5호선,우장산,15770,15590
2022-10-24,5호선,발산,22112,22832
2022-10-24,5호선,마곡,11582,11587
2022-10-24,5호선,송정,7000,6437
2022-10-24,5호선,김포공항,7403,7312
2022-10-24,5호선,개화산,6205,5837
2022-10-24,5호선,방화,7173,6888
2022-10-25,5호선,하남검단산,6446,6103
2022-10-25,5호선,하남시청,7837,7744
2022-10-25,5호선,하남풍산,4615,4647
2022-10-25,5호선,미사,17909,18079
2022-10-25,5호선,강일,5536,5271
2022-10-25,5호선,마천,8385,7992
2022-10-25,5호선,거여,11190,10925
2022-10-25,5호선,개롱,7063,7316
2022-10-25,5호선,오금,4143,4228
2022-10-25,5호선,방이,7622,7804
2022-10-25,5호선,올림픽공원,5214,4487
2022-10-25,5호선,둔촌동,8953,9111
2022-10-25,5호선,상일동,15854,15175
2022-10-25,5호선,고덕,10892,10938
2022-10-25,5호선,명일,9547,9924
2022-10-25,5호선,굽은다리,10214,9844
2022-10-25,5호선,길동,8431,8829
2022-10-25,5호선,강동,19966,19338
2022-10-25,5호선,천호,19357,19439
2022-10-25,5호선,광나루,14960,13800
2022-10-25,5호선,아차산,15781,15437
2022-10-25,5호선,군자,12059,13276
2022-10-25,5호선,장한평,20363,20198
2022-10-25,5호선,답십리,17332,15710
2022-10-25,5호선,마장,6534,6150
2022-10-25,5호선,왕십리,4734,5321
2022-10-25,5호선,행당,9098,8095
2022-10-25,5호선,신금호,7105,7628
2022-10-25,5호선,청구,4472,4000
2022-10-25,5호선,동대문역사문화공원,3372,3877
2022-10-25,5호선,을지로4가,7068,6801
2022-10-25,5호선,종로3가,14133,13694
2022-10-25,5호선,광화문,34379,35118
2022-10-25,5호선,서대문,23083,22704
2022-10-25,5호선,충정로,5168,5395
2022-10-25,5호선,애오개,7540,7378
2022-10-25,5호선,공덕,15971,16679
2022-10-25,5호선,마포,15989,16148
2022-10-25,5호선,여의나루,12413,13486
2022-10-25,5호선,여의도,31818,33350
2022-10-25,5호선,신길,4667,4938
2022-10-25,5호선,영등포시장,10931,11190
2022-10-25,5호선,영등포구청,4585,4602
2022-10-25,5호선,양평,8160,7972
2022-10-25,5호선,오목교,23277,24805
2022-10-25,5호선,목동,18811,20167
2022-10-25,5호선,신정,15188,12418
2022-10-25,5호선,까치산,31705,30109
2022-10-25,5호선,화곡,31560,29446
2022-10-25,5호선,우장산,16165,16020
2022-10-25,5호선,발산,22516,23528
2022-10-25,5호선,마곡,11961,12053
2022-10-25,5호선,송정,7086,6471
2022-10-25,5호선,김포공항,7063,6914
2022-10-25,5호선,개화산,6312,5988
2022-10-25,5호선,방화,7499,7146
2022-10-26,5호선,하남검단산,6677,6310
2022-10-26,5호선,하남시청,8088,7848
2022-10-26,5호선,하남풍산,4499,4406
2022-10-26,5호선,미사,18682,18617
2022-10-26,5호선,강일,5598,5228
2022-10-26,5호선,마천,8406,7980
2022-10-26,5호선,거여,11516,10807
2022-10-26,5호선,개롱,7357,7532
2022-10-26,5호선,오금,4146,4233
2022-10-26,5호선,방이,7979,8285
2022-10-26,5호선,올림픽공원,5336,4757
2022-10-26,5호선,둔촌동,9029,9072
2022-10-26,5호선,상일동,16451,15320
2022-10-26,5호선,고덕,10894,10814
2022-10-26,5호선,명일,9542,9909
2022-10-26,5호선,굽은다리,10313,9964
2022-10-26,5호선,길동,8633,8947
2022-10-26,5호선,강동,20391,19604
2022-10-26,5호선,천호,19086,19281
2022-10-26,5호선,광나루,15740,14222
2022-10-26,5호선,아차산,16258,15853
2022-10-26,5호선,군자,12623,13689
2022-10-26,5호선,장한평,20722,20405
2022-10-26,5호선,답십리,17796,16038
2022-10-26,5호선,마장,6598,6281
2022-10-26,5호선,왕십리,4850,5529
2022-10-26,5호선,행당,9198,8061
2022-10-26,5호선,신금호,7146,7436
2022-10-26,5호선,청구,4503,4087
2022-10-26,5호선,동대문역사문화공원,3398,4016
2022-10-26,5호선,을지로4가,7248,7176
2022-10-26,5호선,종로3가,14984,14684
2022-10-26,5호선,광화문,36327,38112
2022-10-26,5호선,서대문,22644,23391
2022-10-26,5호선,충정로,5164,5334
2022-10-26,5호선,애오개,7756,7630
2022-10-26,5호선,공덕,16245,16953
2022-10-26,5호선,마포,16087,16479
2022-10-26,5호선,여의나루,13166,14522
2022-10-26,5호선,여의도,31959,33889
2022-10-26,5호선,신길,4752,4951
2022-10-26,5호선,영등포시장,11233,11492
2022-10-26,5호선,영등포구청,4669,4733
2022-10-26,5호선,양평,8262,8046
2022-10-26,5호선,오목교,23932,25421
2022-10-26,5호선,목동,18778,20372
2022-10-26,5호선,신정,15419,12501
2022-10-26,5호선,까치산,31653,30108
2022-10-26,5호선,화곡,31741,29391
2022-10-26,5호선,우장산,16400,16144
2022-10-26,5호선,발산,22883,23913
2022-10-26,5호선,마곡,11901,12180
2022-10-26,5호선,송정,7052,6620
2022-10-26,5호선,김포공항,7436,7423
2022-10-26,5호선,개화산,6346,6066
2022-10-26,5호선,방화,7509,7043
2022-10-27,5호선,하남검단산,6869,6384
2022-10-27,5호선,하남시청,7910,7806
2022-10-27,5호선,하남풍산,4733,4696
2022-10-27,5호선,미사,18507,18604
2022-10-27,5호선,강일,5727,5193
2022-10-27,5호선,마천,8477,7987
2022-10-27,5호선,거여,11445,10839
2022-10-27,5호선,개롱,7234,7539
2022-10-27,5호선,오금,4143,4193
2022-10-27,5호선,방이,8089,8491
2022-10-27,5호선,올림픽공원,5814,4869
2022-10-27,5호선,둔촌동,9219,9221
2022-10-27,5호선,상일동,16330,15060
2022-10-27,5호선,고덕,10907,10840
2022-10-27,5호선,명일,9506,9896
2022-10-27,5호선,굽은다리,10304,9783
2022-10-27,5호선,길동,8550,8925
2022-10-27,5호선,강동,20376,19609
2022-10-27,5호선,천호,19288,19466
2022-10-27,5호선,광나루,15763,14737
2022-10-27,5호선,아차산,16522,15878
2022-10-27,5호선,군자,12635,13665
2022-10-27,5호선,장한평,20972,20576
2022-10-27,5호선,답십리,17691,16076
2022-10-27,5호선,마장,6758,6432
2022-10-27,5호선,왕십리,4967,5651
2022-10-27,5호선,행당,9033,8036
2022-10-27,5호선,신금호,7108,7482
2022-10-27,5호선,청구,4389,3965
2022-10-27,5호선,동대문역사문화공원,3331,3847
2022-10-27,5호선,을지로4가,7141,7299
2022-10-27,5호선,종로3가,15213,14708
2022-10-27,5호선,광화문,36736,38246
2022-10-27,5호선,서대문,23138,23386
2022-10-27,5호선,충정로,5199,5289
2022-10-27,5호선,애오개,7553,7526
2022-10-27,5호선,공덕,16269,17237
2022-10-27,5호선,마포,16168,16472
2022-10-27,5호선,여의나루,13208,14465
2022-10-27,5호선,여의도,31820,33950
2022-10-27,5호선,신길,4769,5102
2022-10-27,5호선,영등포시장,11097,11330
2022-10-27,5호선,영등포구청,4661,4742
2022-10-27,5호선,양평,8118,7972
2022-10-27,5호선,오목교,23301,25024
2022-10-27,5호선,목동,19199,20545
2022-10-27,5호선,신정,15406,12484
2022-10-27,5호선,까치산,31803,30141
2022-10-27,5호선,화곡,31521,29284
2022-10-27,5호선,우장산,16522,16144
2022-10-27,5호선,발산,23301,24041
2022-10-27,5호선,마곡,11921,12161
2022-10-27,5호선,송정,7127,6601
2022-10-27,5호선,김포공항,7711,7498
2022-10-27,5호선,개화산,6384,6060
2022-10-27,5호선,방화,7414,7155
2022-10-28,5호선,방화,7435,7184
2022-10-28,5호선,개화산,6253,5905
2022-10-28,5호선,김포공항,9075,8427
2022-10-28,5호선,송정,7109,6515
2022-10-28,5호선,마곡,11928,11929
2022-10-28,5호선,발산,22749,24288
2022-10-28,5호선,우장산,16747,16222
2022-10-28,5호선,화곡,32495,29616
2022-10-28,5호선,까치산,32392,30485
2022-10-28,5호선,신정,15614,12256
2022-10-28,5호선,목동,19304,20459
2022-10-28,5호선,오목교,26274,27961
2022-10-28,5호선,양평,8262,7859
2022-10-28,5호선,영등포구청,4499,4608
2022-10-28,5호선,영등포시장,11689,11925
2022-10-28,5호선,신길,4947,5044
2022-10-28,5호선,여의도,30975,33599
2022-10-28,5호선,여의나루,16927,18250
2022-10-28,5호선,마포,16185,16809
2022-10-28,5호선,공덕,16533,17508
2022-10-28,5호선,애오개,7613,7376
2022-10-28,5호선,충정로,5120,5160
2022-10-28,5호선,서대문,21856,21942
2022-10-28,5호선,광화문,37973,39877
2022-10-28,5호선,종로3가,17102,17106
2022-10-28,5호선,을지로4가,7158,7337
2022-10-28,5호선,동대문역사문화공원,3263,3973
2022-10-28,5호선,청구,4484,4111
2022-10-28,5호선,신금호,7300,7551
2022-10-28,5호선,행당,9232,7986
2022-10-28,5호선,왕십리,5112,5824
2022-10-28,5호선,마장,6779,6195
2022-10-28,5호선,답십리,17726,16044
2022-10-28,5호선,장한평,21187,20725
2022-10-28,5호선,군자,12823,13989
2022-10-28,5호선,아차산,17055,16056
2022-10-28,5호선,광나루,15514,14098
2022-10-28,5호선,천호,20778,21098
2022-10-28,5호선,강동,20537,19406
2022-10-28,5호선,길동,8677,9092
2022-10-28,5호선,굽은다리,10392,9751
2022-10-28,5호선,명일,9791,10099
2022-10-28,5호선,고덕,11236,10925
2022-10-28,5호선,상일동,16307,14972
2022-10-28,5호선,둔촌동,9424,9324
2022-10-28,5호선,올림픽공원,5516,4812
2022-10-28,5호선,방이,8014,8562
2022-10-28,5호선,오금,4142,4163
2022-10-28,5호선,개롱,7402,7477
2022-10-28,5호선,거여,11358,10681
2022-10-28,5호선,마천,8334,7827
2022-10-28,5호선,강일,5691,5198
2022-10-28,5호선,미사,19486,19687
2022-10-28,5호선,하남풍산,4708,4732
2022-10-28,5호선,하남시청,8155,8007
2022-10-28,5호선,하남검단산,6965,6502
2022-10-29,5호선,방화,5605,5213
2022-10-29,5호선,개화산,4367,4151
2022-10-29,5호선,김포공항,7964,7780
2022-10-29,5호선,송정,5730,5228
2022-10-29,5호선,마곡,6381,6531
2022-10-29,5호선,발산,15831,17358
2022-10-29,5호선,우장산,11456,10895
2022-10-29,5호선,화곡,23509,21076
2022-10-29,5호선,까치산,24358,22265
2022-10-29,5호선,신정,10638,8759
2022-10-29,5호선,목동,13347,13267
2022-10-29,5호선,오목교,18406,18813
2022-10-29,5호선,양평,4424,4024
2022-10-29,5호선,영등포구청,2498,2327
2022-10-29,5호선,영등포시장,10112,10435
2022-10-29,5호선,신길,3657,3487
2022-10-29,5호선,여의도,13616,15310
2022-10-29,5호선,여의나루,21129,23053
2022-10-29,5호선,마포,9228,9336
2022-10-29,5호선,공덕,9695,9519
2022-10-29,5호선,애오개,4637,4243
2022-10-29,5호선,충정로,2641,2169
2022-10-29,5호선,서대문,11631,10516
2022-10-29,5호선,광화문,29622,31065
2022-10-29,5호선,종로3가,18632,18422
2022-10-29,5호선,을지로4가,4676,4982
2022-10-29,5호선,동대문역사문화공원,1660,1915
2022-10-29,5호선,청구,2909,2964
2022-10-29,5호선,신금호,4839,4979
2022-10-29,5호선,행당,6559,5592
2022-10-29,5호선,왕십리,3902,5003
2022-10-29,5호선,마장,4618,4381
2022-10-29,5호선,답십리,12202,10935
2022-10-29,5호선,장한평,13755,13035
2022-10-29,5호선,군자,10194,11132
2022-10-29,5호선,아차산,16036,15472
2022-10-29,5호선,광나루,13632,12660
2022-10-29,5호선,천호,19013,18376
2022-10-29,5호선,강동,15208,14552
2022-10-29,5호선,길동,6839,6674
2022-10-29,5호선,굽은다리,8265,7661
2022-10-29,5호선,명일,7435,7110
2022-10-29,5호선,고덕,7942,7390
2022-10-29,5호선,상일동,10980,10054
2022-10-29,5호선,둔촌동,7076,6790
2022-10-29,5호선,올림픽공원,4764,4535
2022-10-29,5호선,방이,6405,6177
2022-10-29,5호선,오금,2749,2361
2022-10-29,5호선,개롱,5250,5308
2022-10-29,5호선,거여,7856,7161
2022-10-29,5호선,마천,5823,5902
2022-10-29,5호선,강일,4126,3527
2022-10-29,5호선,미사,14887,14825
2022-10-29,5호선,하남풍산,3333,3155
2022-10-29,5호선,하남시청,7093,6696
2022-10-29,5호선,하남검단산,6615,6320
2022-10-30,5호선,마포,5538,5477
2022-10-30,5호선,방화,3863,3783
2022-10-30,5호선,개화산,2928,3054
2022-10-30,5호선,김포공항,6634,6421
2022-10-30,5호선,송정,4015,3923
2022-10-30,5호선,마곡,4078,4289
2022-10-30,5호선,발산,10162,10885
2022-10-30,5호선,우장산,7472,7701
2022-10-30,5호선,화곡,15567,14745
2022-10-30,5호선,까치산,17043,16352
2022-10-30,5호선,신정,6956,6407
2022-10-30,5호선,목동,8617,8654
2022-10-30,5호선,오목교,12019,12640
2022-10-30,5호선,양평,2925,2953
2022-10-30,5호선,영등포구청,1580,1582
2022-10-30,5호선,영등포시장,6785,6991
2022-10-30,5호선,신길,2398,2579
2022-10-30,5호선,여의도,8949,9524
2022-10-30,5호선,여의나루,14055,14810
2022-10-30,5호선,공덕,5457,5518
2022-10-30,5호선,애오개,2919,2881
2022-10-30,5호선,충정로,1649,1608
2022-10-30,5호선,서대문,5886,6113
2022-10-30,5호선,광화문,17095,16880
2022-10-30,5호선,종로3가,11868,10280
2022-10-30,5호선,을지로4가,2073,2194
2022-10-30,5호선,동대문역사문화공원,1082,1169
2022-10-30,5호선,청구,2116,1943
2022-10-30,5호선,신금호,3194,3505
2022-10-30,5호선,행당,4484,3991
2022-10-30,5호선,왕십리,2646,3278
2022-10-30,5호선,마장,3178,3032
2022-10-30,5호선,답십리,8572,7860
2022-10-30,5호선,장한평,8963,8708
2022-10-30,5호선,군자,6836,7461
2022-10-30,5호선,아차산,12388,12315
2022-10-30,5호선,광나루,8954,8661
2022-10-30,5호선,천호,13548,12914
2022-10-30,5호선,강동,10192,9856
2022-10-30,5호선,길동,4534,4542
2022-10-30,5호선,굽은다리,5851,5482
2022-10-30,5호선,명일,5928,5927
2022-10-30,5호선,고덕,4688,4940
2022-10-30,5호선,상일동,7191,7015
2022-10-30,5호선,둔촌동,5149,5123
2022-10-30,5호선,올림픽공원,3568,3535
2022-10-30,5호선,방이,4508,4288
2022-10-30,5호선,오금,1691,1635
2022-10-30,5호선,개롱,3311,3690
2022-10-30,5호선,거여,5115,5075
2022-10-30,5호선,마천,4111,4366
2022-10-30,5호선,강일,2747,2574
2022-10-30,5호선,미사,10021,10268
2022-10-30,5호선,하남풍산,2434,2356
2022-10-30,5호선,하남시청,4778,4510
2022-10-30,5호선,하남검단산,4944,4988
2022-10-31,5호선,방화,7139,6929
2022-10-31,5호선,개화산,6214,5802
2022-10-31,5호선,김포공항,7227,6915
2022-10-31,5호선,송정,6780,6313
2022-10-31,5호선,마곡,11376,11421
2022-10-31,5호선,발산,21949,22803
2022-10-31,5호선,우장산,15932,15441
2022-10-31,5호선,화곡,30434,28223
2022-10-31,5호선,까치산,30395,29090
2022-10-31,5호선,신정,14839,12095
2022-10-31,5호선,목동,17826,19280
2022-10-31,5호선,오목교,22359,23917
2022-10-31,5호선,양평,7941,7878
2022-10-31,5호선,영등포구청,4362,4671
2022-10-31,5호선,영등포시장,10570,11023
2022-10-31,5호선,신길,4534,4740
2022-10-31,5호선,여의도,30300,32449
2022-10-31,5호선,여의나루,12132,13506
2022-10-31,5호선,마포,15055,15337
2022-10-31,5호선,공덕,15418,16235
2022-10-31,5호선,애오개,7274,7142
2022-10-31,5호선,충정로,5014,5124
2022-10-31,5호선,서대문,21964,22367
2022-10-31,5호선,광화문,33611,35022
2022-10-31,5호선,종로3가,13628,13036
2022-10-31,5호선,을지로4가,6630,6609
2022-10-31,5호선,동대문역사문화공원,3370,3862
2022-10-31,5호선,청구,4315,3865
2022-10-31,5호선,신금호,6800,7153
2022-10-31,5호선,행당,8741,7819
2022-10-31,5호선,왕십리,4435,5089
2022-10-31,5호선,마장,6265,5932
2022-10-31,5호선,답십리,17160,15574
2022-10-31,5호선,장한평,19590,19227
2022-10-31,5호선,군자,11699,12704
2022-10-31,5호선,아차산,15289,14726
2022-10-31,5호선,광나루,14404,13155
2022-10-31,5호선,천호,17998,18293
2022-10-31,5호선,강동,19718,19120
2022-10-31,5호선,길동,8416,8692
2022-10-31,5호선,굽은다리,9749,9387
2022-10-31,5호선,명일,9217,9531
2022-10-31,5호선,고덕,10673,10504
2022-10-31,5호선,상일동,15719,14781
2022-10-31,5호선,둔촌동,8689,8777
2022-10-31,5호선,올림픽공원,5035,4391
2022-10-31,5호선,방이,7479,7794
2022-10-31,5호선,오금,4040,4122
2022-10-31,5호선,개롱,6986,7205
2022-10-31,5호선,거여,10970,10518
2022-10-31,5호선,마천,7993,7603
2022-10-31,5호선,강일,5446,5125
2022-10-31,5호선,미사,17445,17750
2022-10-31,5호선,하남풍산,4425,4335
2022-10-31,5호선,하남시청,7615,7419
2022-10-31,5호선,하남검단산,6208,5922
2022-11-01,5호선,신정,14960,12307
2022-11-01,5호선,목동,18316,19786
2022-11-01,5호선,오목교,22432,24397
2022-11-01,5호선,양평,8015,7872
2022-11-01,5호선,영등포구청,4537,4692
2022-11-01,5호선,영등포시장,11026,11263
2022-11-01,5호선,신길,4669,4833
2022-11-01,5호선,여의도,31115,32924
2022-11-01,5호선,여의나루,12055,13246
2022-11-01,5호선,마포,15569,15885
2022-11-01,5호선,공덕,15781,16600
2022-11-01,5호선,애오개,7399,7339
2022-11-01,5호선,충정로,5059,5286
2022-11-01,5호선,서대문,22772,23065
2022-11-01,5호선,광화문,34295,36127
2022-11-01,5호선,종로3가,13546,13554
2022-11-01,5호선,을지로4가,6620,6616
2022-11-01,5호선,동대문역사문화공원,3516,3944
2022-11-01,5호선,청구,4351,3860
2022-11-01,5호선,신금호,7087,7369
2022-11-01,5호선,행당,9002,7994
2022-11-01,5호선,왕십리,4785,5423
2022-11-01,5호선,마장,6406,6028
2022-11-01,5호선,답십리,17344,15941
2022-11-01,5호선,장한평,19930,19766
2022-11-01,5호선,군자,11912,13352
2022-11-01,5호선,아차산,16001,15336
2022-11-01,5호선,광나루,14952,13708
2022-11-01,5호선,천호,18801,18929
2022-11-01,5호선,강동,20026,19273
2022-11-01,5호선,길동,8492,8797
2022-11-01,5호선,굽은다리,9992,9508
2022-11-01,5호선,명일,9391,9796
2022-11-01,5호선,고덕,10814,10673
2022-11-01,5호선,상일동,15936,15047
2022-11-01,5호선,둔촌동,9009,9207
2022-11-01,5호선,올림픽공원,5169,4491
2022-11-01,5호선,방이,7503,7824
2022-11-01,5호선,오금,4191,4266
2022-11-01,5호선,개롱,7065,7306
2022-11-01,5호선,거여,11380,10809
2022-11-01,5호선,마천,8297,7838
2022-11-01,5호선,강일,5501,5210
2022-11-01,5호선,미사,17655,17887
2022-11-01,5호선,방화,7300,7042
2022-11-01,5호선,개화산,6204,5858
2022-11-01,5호선,김포공항,7035,6897
2022-11-01,5호선,송정,6950,6338
2022-11-01,5호선,마곡,11784,11837
2022-11-01,5호선,발산,22615,23242
2022-11-01,5호선,우장산,16097,15853
2022-11-01,5호선,화곡,31013,28936
2022-11-01,5호선,까치산,31199,29757
2022-11-01,5호선,하남풍산,4544,4544
2022-11-01,5호선,하남시청,7747,7520
2022-11-01,5호선,하남검단산,6367,6103
2022-11-02,5호선,발산,23370,24283
2022-11-02,5호선,우장산,16317,16115
2022-11-02,5호선,화곡,31597,29417
2022-11-02,5호선,까치산,31540,30126
2022-11-02,5호선,신정,15245,12373
2022-11-02,5호선,목동,18484,19948
2022-11-02,5호선,오목교,22923,24702
2022-11-02,5호선,양평,8119,7969
2022-11-02,5호선,영등포구청,4503,4622
2022-11-02,5호선,영등포시장,10976,11343
2022-11-02,5호선,신길,4632,4926
2022-11-02,5호선,여의도,31014,33016
2022-11-02,5호선,여의나루,12568,13887
2022-11-02,5호선,마포,15562,15809
2022-11-02,5호선,공덕,16072,17010
2022-11-02,5호선,애오개,7621,7453
2022-11-02,5호선,충정로,5280,5451
2022-11-02,5호선,서대문,22991,23102
2022-11-02,5호선,광화문,37012,38857
2022-11-02,5호선,종로3가,14449,14080
2022-11-02,5호선,을지로4가,7073,7078
2022-11-02,5호선,동대문역사문화공원,3438,3975
2022-11-02,5호선,청구,4365,3921
2022-11-02,5호선,신금호,7115,7424
2022-11-02,5호선,행당,9088,8123
2022-11-02,5호선,왕십리,4755,5423
2022-11-02,5호선,마장,6466,6008
2022-11-02,5호선,답십리,17638,16137
2022-11-02,5호선,장한평,20664,20525
2022-11-02,5호선,군자,12399,13465
2022-11-02,5호선,아차산,16567,15989
2022-11-02,5호선,광나루,15474,14331
2022-11-02,5호선,천호,19087,19175
2022-11-02,5호선,강동,19871,19166
2022-11-02,5호선,길동,8559,8966
2022-11-02,5호선,굽은다리,10247,9808
2022-11-02,5호선,명일,9815,10222
2022-11-02,5호선,고덕,10777,10688
2022-11-02,5호선,상일동,16233,15107
2022-11-02,5호선,둔촌동,9214,9429
2022-11-02,5호선,올림픽공원,5118,4429
2022-11-02,5호선,방이,7737,7968
2022-11-02,5호선,오금,4188,4088
2022-11-02,5호선,개롱,7350,7544
2022-11-02,5호선,거여,11398,10913
2022-11-02,5호선,마천,8233,7848
2022-11-02,5호선,강일,5606,5149
2022-11-02,5호선,미사,18231,18395
2022-11-02,5호선,하남풍산,4466,4520
2022-11-02,5호선,하남시청,7761,7662
2022-11-02,5호선,하남검단산,6558,6209
2022-11-02,5호선,방화,7350,7106
2022-11-02,5호선,개화산,6337,5945
2022-11-02,5호선,김포공항,7152,7112
2022-11-02,5호선,송정,6922,6394
2022-11-02,5호선,마곡,11827,11910
2022-11-03,5호선,공덕,15614,16351
2022-11-03,5호선,애오개,7389,7313
2022-11-03,5호선,충정로,5264,5326
2022-11-03,5호선,서대문,22928,23269
2022-11-03,5호선,광화문,35230,36867
2022-11-03,5호선,종로3가,14424,14020
2022-11-03,5호선,을지로4가,7007,6982
2022-11-03,5호선,동대문역사문화공원,3484,3996
2022-11-03,5호선,청구,4303,4027
2022-11-03,5호선,신금호,7222,7554
2022-11-03,5호선,행당,8878,7894
2022-11-03,5호선,왕십리,4807,5421
2022-11-03,5호선,마장,6498,6134
2022-11-03,5호선,답십리,17423,16004
2022-11-03,5호선,장한평,20613,20525
2022-11-03,5호선,군자,12182,13314
2022-11-03,5호선,아차산,16066,15258
2022-11-03,5호선,광나루,15136,14106
2022-11-03,5호선,천호,18859,19099
2022-11-03,5호선,강동,20099,19290
2022-11-03,5호선,길동,8435,8806
2022-11-03,5호선,굽은다리,10236,9693
2022-11-03,5호선,명일,9687,9912
2022-11-03,5호선,고덕,10882,10928
2022-11-03,5호선,상일동,16087,15056
2022-11-03,5호선,둔촌동,9138,9077
2022-11-03,5호선,올림픽공원,5103,4370
2022-11-03,5호선,방이,7577,7942
2022-11-03,5호선,오금,4057,4023
2022-11-03,5호선,개롱,7382,7404
2022-11-03,5호선,거여,11069,10622
2022-11-03,5호선,마천,8212,7761
2022-11-03,5호선,강일,5470,5132
2022-11-03,5호선,미사,18257,18619
2022-11-03,5호선,하남풍산,4552,4524
2022-11-03,5호선,하남시청,7841,7601
2022-11-03,5호선,하남검단산,6480,6126
2022-11-03,5호선,방화,7284,6996
2022-11-03,5호선,개화산,6202,5900
2022-11-03,5호선,김포공항,7067,7070
2022-11-03,5호선,송정,6935,6426
2022-11-03,5호선,마곡,11995,12020
2022-11-03,5호선,발산,23001,23681
2022-11-03,5호선,우장산,16211,15938
2022-11-03,5호선,화곡,31331,29257
2022-11-03,5호선,까치산,31357,29873
2022-11-03,5호선,신정,15197,12327
2022-11-03,5호선,목동,18496,19852
2022-11-03,5호선,오목교,22811,24368
2022-11-03,5호선,양평,8028,7973
2022-11-03,5호선,영등포구청,4400,4524
2022-11-03,5호선,영등포시장,10870,11155
2022-11-03,5호선,신길,4661,5013
2022-11-03,5호선,여의도,31744,33485
2022-11-03,5호선,여의나루,11991,13780
2022-11-03,5호선,마포,15614,16104
2022-11-04,5호선,방화,7397,7093
2022-11-04,5호선,개화산,6319,5852
2022-11-04,5호선,김포공항,8154,7640
2022-11-04,5호선,송정,7145,6697
2022-11-04,5호선,마곡,11901,11943
2022-11-04,5호선,발산,22727,23874
2022-11-04,5호선,우장산,16368,15925
2022-11-04,5호선,화곡,31770,29346
2022-11-04,5호선,까치산,31710,30143
2022-11-04,5호선,신정,15121,12207
2022-11-04,5호선,목동,18487,19878
2022-11-04,5호선,오목교,24046,26147
2022-11-04,5호선,양평,8125,7698
2022-11-04,5호선,영등포구청,4444,4502
2022-11-04,5호선,영등포시장,11350,11500
2022-11-04,5호선,신길,4895,4998
2022-11-04,5호선,여의도,32299,33519
2022-11-04,5호선,여의나루,12920,14921
2022-11-04,5호선,마포,15862,16411
2022-11-04,5호선,공덕,15484,16257
2022-11-04,5호선,애오개,7414,7329
2022-11-04,5호선,충정로,5061,5095
2022-11-04,5호선,서대문,22466,22484
2022-11-04,5호선,광화문,34908,36591
2022-11-04,5호선,종로3가,16295,16238
2022-11-04,5호선,을지로4가,7019,7249
2022-11-04,5호선,동대문역사문화공원,3437,4059
2022-11-04,5호선,청구,4317,3919
2022-11-04,5호선,신금호,7180,7306
2022-11-04,5호선,행당,9000,7808
2022-11-04,5호선,왕십리,4943,5780
2022-11-04,5호선,마장,6492,6170
2022-11-04,5호선,답십리,17616,16123
2022-11-04,5호선,장한평,20515,20201
2022-11-04,5호선,군자,12405,13940
2022-11-04,5호선,아차산,16364,15684
2022-11-04,5호선,광나루,15181,13763
2022-11-04,5호선,천호,20391,20643
2022-11-04,5호선,강동,20258,19036
2022-11-04,5호선,길동,8761,9320
2022-11-04,5호선,굽은다리,10462,9796
2022-11-04,5호선,명일,10078,10291
2022-11-04,5호선,고덕,11141,10998
2022-11-04,5호선,상일동,16208,15024
2022-11-04,5호선,둔촌동,9287,9420
2022-11-04,5호선,올림픽공원,5140,4440
2022-11-04,5호선,방이,7786,8012
2022-11-04,5호선,오금,4056,4045
2022-11-04,5호선,개롱,7338,7436
2022-11-04,5호선,거여,11149,10661
2022-11-04,5호선,마천,8200,7748
2022-11-04,5호선,강일,5653,5154
2022-11-04,5호선,미사,18226,18771
2022-11-04,5호선,하남풍산,4600,4595
2022-11-04,5호선,하남시청,8101,7983
2022-11-04,5호선,하남검단산,6811,6405
2022-11-05,5호선,개화산,4036,3848
2022-11-05,5호선,김포공항,7416,7585
2022-11-05,5호선,송정,5400,5119
2022-11-05,5호선,마곡,6420,6499
2022-11-05,5호선,방이,6141,6137
2022-11-05,5호선,발산,15984,17703
2022-11-05,5호선,강동,14171,13392
2022-11-05,5호선,천호,18766,17945
2022-11-05,5호선,광나루,12086,11282
2022-11-05,5호선,아차산,14977,14570
2022-11-05,5호선,군자,9449,10482
2022-11-05,5호선,장한평,12456,12106
2022-11-05,5호선,답십리,11405,10302
2022-11-05,5호선,마장,4378,4122
2022-11-05,5호선,왕십리,3659,4601
2022-11-05,5호선,행당,6129,5191
2022-11-05,5호선,신금호,4442,4561
2022-11-05,5호선,청구,2551,2550
2022-11-05,5호선,동대문역사문화공원,1429,1874
2022-11-05,5호선,을지로4가,4196,4861
2022-11-05,5호선,종로3가,17124,16813
2022-11-05,5호선,광화문,22661,22263
2022-11-05,5호선,서대문,9518,9139
2022-11-05,5호선,충정로,2159,1931
2022-11-05,5호선,애오개,4117,3911
2022-11-05,5호선,공덕,8266,8702
2022-11-05,5호선,마포,8457,8531
2022-11-05,5호선,여의나루,14418,17585
2022-11-05,5호선,여의도,14772,15221
2022-11-05,5호선,신길,3173,3174
2022-11-05,5호선,영등포시장,9471,10198
2022-11-05,5호선,영등포구청,2187,2147
2022-11-05,5호선,양평,4104,3754
2022-11-05,5호선,오목교,18315,18746
2022-11-05,5호선,목동,12257,12544
2022-11-05,5호선,신정,9892,8282
2022-11-05,5호선,까치산,22968,21163
2022-11-05,5호선,화곡,22166,19963
2022-11-05,5호선,우장산,10831,10511
2022-11-05,5호선,하남검단산,6137,6067
2022-11-05,5호선,하남시청,6299,5976
2022-11-05,5호선,하남풍산,3091,3032
2022-11-05,5호선,미사,13844,13761
2022-11-05,5호선,강일,3916,3418
2022-11-05,5호선,마천,5390,5528
2022-11-05,5호선,거여,6916,6424
2022-11-05,5호선,개롱,4696,4683
2022-11-05,5호선,오금,3156,2837
2022-11-05,5호선,올림픽공원,3560,3157
2022-11-05,5호선,둔촌동,6681,6754
2022-11-05,5호선,상일동,10251,9443
2022-11-05,5호선,고덕,7247,7070
2022-11-05,5호선,명일,6741,6495
2022-11-05,5호선,굽은다리,7740,7170
2022-11-05,5호선,길동,6546,6662
2022-11-05,5호선,방화,5217,4998
2022-11-06,5호선,방화,3924,3896
2022-11-06,5호선,개화산,2835,2949
2022-11-06,5호선,김포공항,6598,6493
2022-11-06,5호선,송정,3779,3773
2022-11-06,5호선,마곡,3840,4013
2022-11-06,5호선,발산,10378,11344
2022-11-06,5호선,우장산,7573,7772
2022-11-06,5호선,화곡,15499,14561
2022-11-06,5호선,까치산,16873,16364
2022-11-06,5호선,신정,6866,6181
2022-11-06,5호선,목동,8532,8571
2022-11-06,5호선,오목교,12437,12784
2022-11-06,5호선,양평,2958,2996
2022-11-06,5호선,영등포구청,1631,1550
2022-11-06,5호선,영등포시장,7118,7312
2022-11-06,5호선,신길,2536,2565
2022-11-06,5호선,여의도,13547,10959
2022-11-06,5호선,여의나루,12615,14019
2022-11-06,5호선,마포,6169,5806
2022-11-06,5호선,공덕,5946,5755
2022-11-06,5호선,애오개,3261,3165
2022-11-06,5호선,충정로,1587,1666
2022-11-06,5호선,서대문,6375,6375
2022-11-06,5호선,광화문,17357,17076
2022-11-06,5호선,종로3가,12125,10354
2022-11-06,5호선,을지로4가,2122,2300
2022-11-06,5호선,동대문역사문화공원,1077,1203
2022-11-06,5호선,청구,1989,1962
2022-11-06,5호선,신금호,3309,3525
2022-11-06,5호선,행당,4294,3862
2022-11-06,5호선,왕십리,2801,3221
2022-11-06,5호선,마장,3299,2964
2022-11-06,5호선,답십리,8953,8065
2022-11-06,5호선,장한평,9573,9200
2022-11-06,5호선,군자,7172,7900
2022-11-06,5호선,아차산,12824,12350
2022-11-06,5호선,광나루,9801,9177
2022-11-06,5호선,천호,14263,13610
2022-11-06,5호선,강동,10625,10308
2022-11-06,5호선,길동,4518,4564
2022-11-06,5호선,굽은다리,5796,5512
2022-11-06,5호선,명일,5453,5448
2022-11-06,5호선,고덕,4766,4799
2022-11-06,5호선,상일동,7061,7156
2022-11-06,5호선,둔촌동,5819,5388
2022-11-06,5호선,올림픽공원,3070,2944
2022-11-06,5호선,방이,4900,4656
2022-11-06,5호선,오금,1663,1589
2022-11-06,5호선,개롱,3447,3807
2022-11-06,5호선,거여,5232,5064
2022-11-06,5호선,마천,4216,4635
2022-11-06,5호선,강일,2855,2666
2022-11-06,5호선,미사,9673,9865
2022-11-06,5호선,하남풍산,2383,2310
2022-11-06,5호선,하남시청,4508,4301
2022-11-06,5호선,하남검단산,4972,5032
2022-11-07,5호선,하남검단산,6178,5865
2022-11-07,5호선,하남시청,7533,7405
2022-11-07,5호선,하남풍산,4340,4338
2022-11-07,5호선,미사,17073,17375
2022-11-07,5호선,강일,5406,5111
2022-11-07,5호선,마천,7953,7667
2022-11-07,5호선,거여,10707,10486
2022-11-07,5호선,개롱,6835,7137
2022-11-07,5호선,오금,4108,4192
2022-11-07,5호선,방이,7149,7542
2022-11-07,5호선,올림픽공원,4858,4328
2022-11-07,5호선,둔촌동,8641,8795
2022-11-07,5호선,상일동,15669,14894
2022-11-07,5호선,고덕,10633,10755
2022-11-07,5호선,명일,9047,9593
2022-11-07,5호선,굽은다리,9740,9439
2022-11-07,5호선,길동,7999,8533
2022-11-07,5호선,강동,19265,18508
2022-11-07,5호선,천호,18161,18121
2022-11-07,5호선,광나루,13741,13047
2022-11-07,5호선,아차산,14888,14454
2022-11-07,5호선,군자,11429,12706
2022-11-07,5호선,장한평,19625,19466
2022-11-07,5호선,답십리,16863,15568
2022-11-07,5호선,마장,6138,5879
2022-11-07,5호선,왕십리,4544,5114
2022-11-07,5호선,행당,8521,7641
2022-11-07,5호선,신금호,6666,7192
2022-11-07,5호선,청구,4187,3717
2022-11-07,5호선,동대문역사문화공원,3380,3720
2022-11-07,5호선,을지로4가,6988,6681
2022-11-07,5호선,종로3가,13185,12851
2022-11-07,5호선,광화문,33685,34035
2022-11-07,5호선,서대문,21739,21638
2022-11-07,5호선,충정로,4987,5105
2022-11-07,5호선,애오개,7105,7052
2022-11-07,5호선,공덕,15019,15783
2022-11-07,5호선,마포,14990,14821
2022-11-07,5호선,여의나루,11361,13027
2022-11-07,5호선,여의도,31063,31946
2022-11-07,5호선,신길,4734,5113
2022-11-07,5호선,영등포시장,10668,10933
2022-11-07,5호선,영등포구청,4407,4458
2022-11-07,5호선,양평,7880,7605
2022-11-07,5호선,오목교,21820,23240
2022-11-07,5호선,목동,17759,18941
2022-11-07,5호선,신정,14828,12159
2022-11-07,5호선,까치산,30247,28787
2022-11-07,5호선,화곡,30320,28513
2022-11-07,5호선,우장산,15676,15402
2022-11-07,5호선,발산,21781,22186
2022-11-07,5호선,마곡,11309,11302
2022-11-07,5호선,송정,7015,6504
2022-11-07,5호선,김포공항,7103,6735
2022-11-07,5호선,개화산,6049,5696
2022-11-07,5호선,방화,7055,6709
2022-11-08,5호선,방화,7248,6881
2022-11-08,5호선,개화산,6141,5884
2022-11-08,5호선,김포공항,6990,6738
2022-11-08,5호선,송정,6781,6399
2022-11-08,5호선,마곡,11721,11616
2022-11-08,5호선,발산,22703,22981
2022-11-08,5호선,우장산,15966,15557
2022-11-08,5호선,화곡,31042,29253
2022-11-08,5호선,까치산,31279,29802
2022-11-08,5호선,신정,15165,12326
2022-11-08,5호선,목동,18631,19913
2022-11-08,5호선,오목교,23058,24614
2022-11-08,5호선,양평,8052,7801
2022-11-08,5호선,영등포구청,4572,4583
2022-11-08,5호선,영등포시장,10809,11003
2022-11-08,5호선,신길,4594,4787
2022-11-08,5호선,여의도,31612,32104
2022-11-08,5호선,여의나루,12483,13669
2022-11-08,5호선,마포,15653,15665
2022-11-08,5호선,공덕,15742,16639
2022-11-08,5호선,애오개,7437,7253
2022-11-08,5호선,충정로,5066,5254
2022-11-08,5호선,서대문,22190,21524
2022-11-08,5호선,광화문,34760,33952
2022-11-08,5호선,종로3가,14185,13636
2022-11-08,5호선,을지로4가,7148,6453
2022-11-08,5호선,동대문역사문화공원,3385,3589
2022-11-08,5호선,청구,4261,3862
2022-11-08,5호선,신금호,7093,7538
2022-11-08,5호선,행당,8881,7865
2022-11-08,5호선,왕십리,4669,5595
2022-11-08,5호선,마장,6428,5992
2022-11-08,5호선,답십리,16353,15495
2022-11-08,5호선,장한평,19969,19468
2022-11-08,5호선,군자,12067,13796
2022-11-08,5호선,아차산,15578,15285
2022-11-08,5호선,광나루,15968,15263
2022-11-08,5호선,천호,18743,18777
2022-11-08,5호선,강동,20117,20115
2022-11-08,5호선,길동,7678,9969
2022-11-08,5호선,굽은다리,9321,9709
2022-11-08,5호선,명일,9066,10246
2022-11-08,5호선,고덕,10810,11587
2022-11-08,5호선,상일동,15131,15680
2022-11-08,5호선,둔촌동,9034,9160
2022-11-08,5호선,올림픽공원,5252,4694
2022-11-08,5호선,방이,7274,7945
2022-11-08,5호선,오금,3983,4290
2022-11-08,5호선,개롱,6400,7487
2022-11-08,5호선,거여,9523,10899
2022-11-08,5호선,마천,8101,7850
2022-11-08,5호선,강일,5064,5603
2022-11-08,5호선,미사,17383,17936
2022-11-08,5호선,하남풍산,4455,4666
2022-11-08,5호선,하남시청,7661,7589
2022-11-08,5호선,하남검단산,6293,6048
2022-11-09,5호선,방화,7275,6980
2022-11-09,5호선,개화산,6178,5835
2022-11-09,5호선,김포공항,7419,7156
2022-11-09,5호선,송정,6776,6275
2022-11-09,5호선,마곡,11721,11576
2022-11-09,5호선,발산,23059,22745
2022-11-09,5호선,우장산,16091,15836
2022-11-09,5호선,화곡,31221,29603
2022-11-09,5호선,까치산,31506,30472
2022-11-09,5호선,신정,15153,12410
2022-11-09,5호선,목동,18550,20103
2022-11-09,5호선,오목교,23012,24287
2022-11-09,5호선,양평,8174,7791
2022-11-09,5호선,영등포구청,4555,4470
2022-11-09,5호선,영등포시장,11157,11380
2022-11-09,5호선,신길,4660,4977
2022-11-09,5호선,여의도,32381,31788
2022-11-09,5호선,여의나루,12419,13620
2022-11-09,5호선,마포,15808,15535
2022-11-09,5호선,공덕,16067,16921
2022-11-09,5호선,애오개,7396,7869
2022-11-09,5호선,충정로,5227,5514
2022-11-09,5호선,서대문,22359,20751
2022-11-09,5호선,광화문,35867,33840
2022-11-09,5호선,종로3가,14506,13734
2022-11-09,5호선,을지로4가,7082,6331
2022-11-09,5호선,동대문역사문화공원,3431,3564
2022-11-09,5호선,청구,4353,4023
2022-11-09,5호선,신금호,6890,7508
2022-11-09,5호선,행당,8816,7970
2022-11-09,5호선,왕십리,4704,5268
2022-11-09,5호선,마장,6257,6184
2022-11-09,5호선,답십리,16778,16048
2022-11-09,5호선,장한평,20378,20119
2022-11-09,5호선,군자,11883,13468
2022-11-09,5호선,아차산,15391,15176
2022-11-09,5호선,광나루,14331,13954
2022-11-09,5호선,천호,18309,19048
2022-11-09,5호선,강동,19592,19067
2022-11-09,5호선,길동,7815,8916
2022-11-09,5호선,굽은다리,9327,9981
2022-11-09,5호선,명일,8873,10038
2022-11-09,5호선,고덕,10269,10787
2022-11-09,5호선,상일동,14749,15441
2022-11-09,5호선,둔촌동,8716,9457
2022-11-09,5호선,올림픽공원,5048,4407
2022-11-09,5호선,방이,6815,7664
2022-11-09,5호선,오금,3924,4106
2022-11-09,5호선,개롱,6385,7727
2022-11-09,5호선,거여,9134,10779
2022-11-09,5호선,마천,7730,7931
2022-11-09,5호선,강일,5138,5452
2022-11-09,5호선,미사,17087,18768
2022-11-09,5호선,하남풍산,4175,4549
2022-11-09,5호선,하남시청,7564,7741
2022-11-09,5호선,하남검단산,6143,6011
2022-11-10,5호선,방화,7225,6924
2022-11-10,5호선,개화산,6151,5848
2022-11-10,5호선,김포공항,7437,7037
2022-11-10,5호선,송정,6780,6253
2022-11-10,5호선,마곡,11679,11541
2022-11-10,5호선,발산,22283,22306
2022-11-10,5호선,우장산,15812,15535
2022-11-10,5호선,화곡,31222,29190
2022-11-10,5호선,까치산,31260,30085
2022-11-10,5호선,신정,14977,12167
2022-11-10,5호선,목동,18289,19980
2022-11-10,5호선,오목교,22706,23978
2022-11-10,5호선,양평,7915,7509
2022-11-10,5호선,영등포구청,4518,4644
2022-11-10,5호선,영등포시장,10969,11093
2022-11-10,5호선,신길,4624,4874
2022-11-10,5호선,여의도,31683,30778
2022-11-10,5호선,여의나루,12303,13515
2022-11-10,5호선,마포,15439,15295
2022-11-10,5호선,공덕,15636,16807
2022-11-10,5호선,애오개,7169,7156
2022-11-10,5호선,충정로,5090,5485
2022-11-10,5호선,서대문,22262,20494
2022-11-10,5호선,광화문,34212,31588
2022-11-10,5호선,종로3가,14217,13250
2022-11-10,5호선,을지로4가,7008,6056
2022-11-10,5호선,동대문역사문화공원,3381,3476
2022-11-10,5호선,청구,4362,3986
2022-11-10,5호선,신금호,6995,7568
2022-11-10,5호선,행당,8752,7931
2022-11-10,5호선,왕십리,4685,5436
2022-11-10,5호선,마장,6404,6138
2022-11-10,5호선,답십리,16083,15729
2022-11-10,5호선,장한평,19947,19976
2022-11-10,5호선,군자,11625,13522
2022-11-10,5호선,아차산,15250,14942
2022-11-10,5호선,광나루,14180,13597
2022-11-10,5호선,천호,18395,18879
2022-11-10,5호선,강동,19330,19101
2022-11-10,5호선,길동,7803,8633
2022-11-10,5호선,굽은다리,9361,9439
2022-11-10,5호선,명일,8760,9587
2022-11-10,5호선,고덕,9994,10359
2022-11-10,5호선,상일동,14470,15139
2022-11-10,5호선,둔촌동,8798,9051
2022-11-10,5호선,올림픽공원,4784,4308
2022-11-10,5호선,방이,7031,7796
2022-11-10,5호선,오금,3935,4157
2022-11-10,5호선,개롱,6291,7298
2022-11-10,5호선,거여,9676,10748
2022-11-10,5호선,마천,7317,7709
2022-11-10,5호선,강일,5041,5244
2022-11-10,5호선,미사,16624,18124
2022-11-10,5호선,하남풍산,4329,4424
2022-11-10,5호선,하남시청,7214,7441
2022-11-10,5호선,하남검단산,6035,6115
2022-11-11,5호선,방화,7338,6944
2022-11-11,5호선,개화산,6219,5808
2022-11-11,5호선,김포공항,8128,7642
2022-11-11,5호선,송정,7099,6380
2022-11-11,5호선,마곡,11721,11796
2022-11-11,5호선,발산,21997,23337
2022-11-11,5호선,우장산,16515,15876
2022-11-11,5호선,화곡,31681,29057
2022-11-11,5호선,까치산,31499,29499
2022-11-11,5호선,신정,15135,12100
2022-11-11,5호선,목동,18644,19911
2022-11-11,5호선,오목교,23615,25672
2022-11-11,5호선,양평,7952,7434
2022-11-11,5호선,영등포구청,4554,4557
2022-11-11,5호선,영등포시장,11431,11580
2022-11-11,5호선,신길,4759,4868
2022-11-11,5호선,여의도,31780,33046
2022-11-11,5호선,여의나루,15472,17144
2022-11-11,5호선,마포,15594,15862
2022-11-11,5호선,공덕,15910,16877
2022-11-11,5호선,애오개,7395,7179
2022-11-11,5호선,충정로,5037,4999
2022-11-11,5호선,서대문,21733,21237
2022-11-11,5호선,광화문,35911,37160
2022-11-11,5호선,종로3가,16394,16351
2022-11-11,5호선,을지로4가,7051,7055
2022-11-11,5호선,동대문역사문화공원,2907,3366
2022-11-11,5호선,청구,4478,3945
2022-11-11,5호선,신금호,7121,7402
2022-11-11,5호선,행당,9014,7879
2022-11-11,5호선,왕십리,4874,5833
2022-11-11,5호선,마장,6460,6199
2022-11-11,5호선,답십리,17174,15682
2022-11-11,5호선,장한평,20195,19881
2022-11-11,5호선,군자,12732,14071
2022-11-11,5호선,아차산,16016,15252
2022-11-11,5호선,광나루,15008,13939
2022-11-11,5호선,천호,20103,20447
2022-11-11,5호선,강동,19911,18657
2022-11-11,5호선,길동,8462,9003
2022-11-11,5호선,굽은다리,10311,9894
2022-11-11,5호선,명일,9495,9843
2022-11-11,5호선,고덕,10744,10751
2022-11-11,5호선,상일동,15538,14578
2022-11-11,5호선,둔촌동,9300,9426
2022-11-11,5호선,올림픽공원,5048,4376
2022-11-11,5호선,방이,7425,8011
2022-11-11,5호선,오금,4087,3977
2022-11-11,5호선,개롱,6797,7220
2022-11-11,5호선,거여,10795,10657
2022-11-11,5호선,마천,7723,7621
2022-11-11,5호선,강일,5233,4971
2022-11-11,5호선,미사,17721,18564
2022-11-11,5호선,하남풍산,4728,4693
2022-11-11,5호선,하남시청,7990,7845
2022-11-11,5호선,하남검단산,6481,6284
2022-11-12,5호선,청구,2566,2519
2022-11-12,5호선,신금호,4628,4722
2022-11-12,5호선,행당,6015,5328
2022-11-12,5호선,왕십리,3808,4473
2022-11-12,5호선,마장,4339,4229
2022-11-12,5호선,답십리,11080,10173
2022-11-12,5호선,장한평,12542,12124
2022-11-12,5호선,군자,8844,10087
2022-11-12,5호선,아차산,12656,12161
2022-11-12,5호선,광나루,12024,11042
2022-11-12,5호선,천호,17627,16734
2022-11-12,5호선,강동,14101,13654
2022-11-12,5호선,길동,6310,6377
2022-11-12,5호선,굽은다리,7506,7272
2022-11-12,5호선,명일,6655,6508
2022-11-12,5호선,고덕,6832,6624
2022-11-12,5호선,상일동,9623,9405
2022-11-12,5호선,둔촌동,6337,6513
2022-11-12,5호선,올림픽공원,4815,4287
2022-11-12,5호선,방이,5757,5496
2022-11-12,5호선,오금,2157,1999
2022-11-12,5호선,개롱,4710,4964
2022-11-12,5호선,거여,6818,6297
2022-11-12,5호선,마천,5069,5066
2022-11-12,5호선,강일,3714,3201
2022-11-12,5호선,미사,13150,13233
2022-11-12,5호선,하남풍산,2907,2983
2022-11-12,5호선,하남시청,6066,5776
2022-11-12,5호선,하남검단산,5366,5442
2022-11-12,5호선,방화,4973,4738
2022-11-12,5호선,개화산,3831,3649
2022-11-12,5호선,김포공항,7642,7448
2022-11-12,5호선,송정,5187,4986
2022-11-12,5호선,마곡,5747,5901
2022-11-12,5호선,발산,15591,16826
2022-11-12,5호선,우장산,10258,10144
2022-11-12,5호선,화곡,21426,19554
2022-11-12,5호선,까치산,22222,20992
2022-11-12,5호선,신정,9288,8112
2022-11-12,5호선,목동,11834,11979
2022-11-12,5호선,오목교,17619,18168
2022-11-12,5호선,양평,3890,3741
2022-11-12,5호선,영등포구청,2219,2208
2022-11-12,5호선,영등포시장,9566,10228
2022-11-12,5호선,신길,3118,3283
2022-11-12,5호선,여의도,18154,16598
2022-11-12,5호선,여의나루,9712,15594
2022-11-12,5호선,마포,8740,8873
2022-11-12,5호선,공덕,8272,8750
2022-11-12,5호선,애오개,4121,4081
2022-11-12,5호선,충정로,2497,2194
2022-11-12,5호선,서대문,10849,11066
2022-11-12,5호선,광화문,25840,26233
2022-11-12,5호선,종로3가,16218,15727
2022-11-12,5호선,을지로4가,3997,4740
2022-11-12,5호선,동대문역사문화공원,1489,1929
2022-11-13,5호선,방화,3589,3642
2022-11-13,5호선,개화산,2685,2706
2022-11-13,5호선,김포공항,6384,6269
2022-11-13,5호선,송정,3632,3601
2022-11-13,5호선,마곡,3806,4063
2022-11-13,5호선,발산,9901,10561
2022-11-13,5호선,우장산,7161,7301
2022-11-13,5호선,화곡,15067,14204
2022-11-13,5호선,까치산,16328,15946
2022-11-13,5호선,신정,6630,5890
2022-11-13,5호선,목동,8380,8453
2022-11-13,5호선,오목교,11494,11820
2022-11-13,5호선,양평,2685,2751
2022-11-13,5호선,영등포구청,1459,1459
2022-11-13,5호선,영등포시장,6462,6898
2022-11-13,5호선,신길,2235,2349
2022-11-13,5호선,여의도,10764,10676
2022-11-13,5호선,여의나루,10390,13299
2022-11-13,5호선,마포,5431,5518
2022-11-13,5호선,공덕,5268,5420
2022-11-13,5호선,애오개,2829,2844
2022-11-13,5호선,충정로,1501,1449
2022-11-13,5호선,서대문,5499,5295
2022-11-13,5호선,광화문,14230,14367
2022-11-13,5호선,종로3가,10876,9551
2022-11-13,5호선,을지로4가,2085,2173
2022-11-13,5호선,동대문역사문화공원,954,1078
2022-11-13,5호선,청구,1946,1761
2022-11-13,5호선,신금호,2965,3274
2022-11-13,5호선,행당,4239,3793
2022-11-13,5호선,왕십리,2588,3000
2022-11-13,5호선,마장,3069,2972
2022-11-13,5호선,답십리,7974,7326
2022-11-13,5호선,장한평,8284,8402
2022-11-13,5호선,군자,6441,7117
2022-11-13,5호선,아차산,9601,9449
2022-11-13,5호선,광나루,7909,7811
2022-11-13,5호선,천호,12770,11928
2022-11-13,5호선,강동,9797,9743
2022-11-13,5호선,길동,4079,4196
2022-11-13,5호선,굽은다리,5405,5074
2022-11-13,5호선,명일,5053,5017
2022-11-13,5호선,고덕,4393,4212
2022-11-13,5호선,상일동,6541,6454
2022-11-13,5호선,둔촌동,4854,5014
2022-11-13,5호선,올림픽공원,3527,3710
2022-11-13,5호선,방이,4473,4120
2022-11-13,5호선,오금,1683,1622
2022-11-13,5호선,개롱,3042,3388
2022-11-13,5호선,거여,4858,4562
2022-11-13,5호선,마천,3784,3944
2022-11-13,5호선,강일,2505,2348
2022-11-13,5호선,미사,8994,9109
2022-11-13,5호선,하남풍산,2198,2242
2022-11-13,5호선,하남시청,4164,3994
2022-11-13,5호선,하남검단산,4453,4260
2022-11-14,5호선,방화,6856,6513
2022-11-14,5호선,개화산,5929,5626
2022-11-14,5호선,김포공항,7245,6962
2022-11-14,5호선,송정,6719,6218
2022-11-14,5호선,마곡,11656,11564
2022-11-14,5호선,발산,21951,22512
2022-11-14,5호선,우장산,15345,15023
2022-11-14,5호선,화곡,29926,28205
2022-11-14,5호선,까치산,29855,28771
2022-11-14,5호선,신정,14525,11898
2022-11-14,5호선,목동,17423,18740
2022-11-14,5호선,오목교,20548,21996
2022-11-14,5호선,양평,7820,7674
2022-11-14,5호선,영등포구청,4375,4437
2022-11-14,5호선,영등포시장,10341,10566
2022-11-14,5호선,신길,4510,4868
2022-11-14,5호선,여의도,29737,31096
2022-11-14,5호선,여의나루,10048,10902
2022-11-14,5호선,마포,15260,15213
2022-11-14,5호선,공덕,15026,15608
2022-11-14,5호선,애오개,7118,7116
2022-11-14,5호선,충정로,4953,5137
2022-11-14,5호선,서대문,21555,21651
2022-11-14,5호선,광화문,33354,34097
2022-11-14,5호선,종로3가,13084,12671
2022-11-14,5호선,을지로4가,6859,6934
2022-11-14,5호선,동대문역사문화공원,3354,3796
2022-11-14,5호선,청구,4124,3785
2022-11-14,5호선,신금호,6678,7129
2022-11-14,5호선,행당,8607,7685
2022-11-14,5호선,왕십리,4473,5127
2022-11-14,5호선,마장,6210,5858
2022-11-14,5호선,답십리,16658,15351
2022-11-14,5호선,장한평,19310,19262
2022-11-14,5호선,군자,11460,12689
2022-11-14,5호선,아차산,14455,14046
2022-11-14,5호선,광나루,14074,13226
2022-11-14,5호선,천호,16830,17110
2022-11-14,5호선,강동,19406,18782
2022-11-14,5호선,길동,8192,8492
2022-11-14,5호선,굽은다리,9775,9391
2022-11-14,5호선,명일,8960,9461
2022-11-14,5호선,고덕,9947,10211
2022-11-14,5호선,상일동,15379,14526
2022-11-14,5호선,둔촌동,8682,8808
2022-11-14,5호선,올림픽공원,4754,4084
2022-11-14,5호선,방이,7094,7462
2022-11-14,5호선,오금,3901,3901
2022-11-14,5호선,개롱,6731,7082
2022-11-14,5호선,거여,10575,10126
2022-11-14,5호선,마천,7881,7471
2022-11-14,5호선,강일,5290,4945
2022-11-14,5호선,미사,16992,17358
2022-11-14,5호선,하남풍산,4239,4185
2022-11-14,5호선,하남시청,7719,7510
2022-11-14,5호선,하남검단산,6083,5775
2022-11-15,5호선,양평,7965,7880
2022-11-15,5호선,방화,7224,6917
2022-11-15,5호선,개화산,6178,5934
2022-11-15,5호선,김포공항,6869,6897
2022-11-15,5호선,송정,6885,6408
2022-11-15,5호선,마곡,11946,11892
2022-11-15,5호선,발산,22587,23099
2022-11-15,5호선,우장산,15476,15523
2022-11-15,5호선,화곡,30765,28739
2022-11-15,5호선,까치산,30700,29412
2022-11-15,5호선,신정,14826,11954
2022-11-15,5호선,목동,17977,19507
2022-11-15,5호선,오목교,23035,24413
2022-11-15,5호선,영등포구청,4534,4648
2022-11-15,5호선,영등포시장,10903,11184
2022-11-15,5호선,신길,4566,4917
2022-11-15,5호선,여의도,32765,33558
2022-11-15,5호선,여의나루,12327,14454
2022-11-15,5호선,마포,15986,16224
2022-11-15,5호선,공덕,15777,16362
2022-11-15,5호선,애오개,7426,7398
2022-11-15,5호선,충정로,5152,5299
2022-11-15,5호선,서대문,22676,23016
2022-11-15,5호선,광화문,34120,35319
2022-11-15,5호선,종로3가,13815,13345
2022-11-15,5호선,을지로4가,7052,7074
2022-11-15,5호선,동대문역사문화공원,3537,3882
2022-11-15,5호선,청구,4209,3860
2022-11-15,5호선,신금호,6972,7440
2022-11-15,5호선,행당,9067,7974
2022-11-15,5호선,왕십리,4765,5484
2022-11-15,5호선,마장,6332,6055
2022-11-15,5호선,답십리,17244,15754
2022-11-15,5호선,장한평,19907,19618
2022-11-15,5호선,군자,12181,13257
2022-11-15,5호선,아차산,15193,14704
2022-11-15,5호선,광나루,14951,13719
2022-11-15,5호선,천호,18787,18888
2022-11-15,5호선,강동,19649,18830
2022-11-15,5호선,길동,8275,8618
2022-11-15,5호선,굽은다리,9963,9543
2022-11-15,5호선,명일,9387,9834
2022-11-15,5호선,고덕,9990,10349
2022-11-15,5호선,상일동,15673,14758
2022-11-15,5호선,둔촌동,9032,9177
2022-11-15,5호선,올림픽공원,5043,4277
2022-11-15,5호선,방이,7512,7884
2022-11-15,5호선,오금,3903,3966
2022-11-15,5호선,개롱,6706,7151
2022-11-15,5호선,거여,10899,10542
2022-11-15,5호선,마천,7960,7536
2022-11-15,5호선,강일,5463,5107
2022-11-15,5호선,미사,17283,17491
2022-11-15,5호선,하남풍산,4453,4448
2022-11-15,5호선,하남시청,7590,7263
2022-11-15,5호선,하남검단산,6103,5900
2022-11-16,5호선,하남검단산,6281,5979
2022-11-16,5호선,하남시청,7842,7607
2022-11-16,5호선,하남풍산,4469,4383
2022-11-16,5호선,미사,18194,18372
2022-11-16,5호선,강일,5588,5280
2022-11-16,5호선,마천,8318,7896
2022-11-16,5호선,거여,11190,10717
2022-11-16,5호선,개롱,7242,7390
2022-11-16,5호선,오금,4091,4140
2022-11-16,5호선,방이,7736,8175
2022-11-16,5호선,올림픽공원,4962,4237
2022-11-16,5호선,둔촌동,9178,9212
2022-11-16,5호선,상일동,16165,15069
2022-11-16,5호선,고덕,10673,10802
2022-11-16,5호선,명일,9616,10061
2022-11-16,5호선,굽은다리,10227,9708
2022-11-16,5호선,강동,19906,18998
2022-11-16,5호선,천호,18966,19157
2022-11-16,5호선,광나루,15044,13702
2022-11-16,5호선,아차산,15372,14911
2022-11-16,5호선,군자,12233,13378
2022-11-16,5호선,장한평,20509,20300
2022-11-16,5호선,답십리,17599,15889
2022-11-16,5호선,마장,6349,6039
2022-11-16,5호선,왕십리,4816,5536
2022-11-16,5호선,행당,9036,7936
2022-11-16,5호선,신금호,7082,7315
2022-11-16,5호선,청구,4393,4018
2022-11-16,5호선,동대문역사문화공원,3459,3939
2022-11-16,5호선,을지로4가,7245,7153
2022-11-16,5호선,종로3가,14629,14141
2022-11-16,5호선,광화문,34506,36326
2022-11-16,5호선,서대문,22270,22747
2022-11-16,5호선,충정로,5320,5464
2022-11-16,5호선,애오개,7521,7439
2022-11-16,5호선,공덕,15922,16842
2022-11-16,5호선,마포,15841,16056
2022-11-16,5호선,여의나루,13486,15755
2022-11-16,5호선,여의도,33154,34223
2022-11-16,5호선,신길,4626,4971
2022-11-16,5호선,영등포시장,11370,11492
2022-11-16,5호선,영등포구청,4444,4621
2022-11-16,5호선,양평,8145,7910
2022-11-16,5호선,오목교,22763,24504
2022-11-16,5호선,목동,18280,20067
2022-11-16,5호선,신정,15075,12326
2022-11-16,5호선,까치산,30729,29703
2022-11-16,5호선,화곡,31383,29307
2022-11-16,5호선,우장산,16242,16012
2022-11-16,5호선,발산,23714,24479
2022-11-16,5호선,마곡,11833,11934
2022-11-16,5호선,송정,6927,6441
2022-11-16,5호선,김포공항,7258,7319
2022-11-16,5호선,개화산,6335,5936
2022-11-16,5호선,방화,7223,6875
2022-11-16,5호선,길동,8466,8829
2022-11-17,5호선,방화,7274,6904
2022-11-17,5호선,개화산,6253,6021
2022-11-17,5호선,김포공항,7370,7452
2022-11-17,5호선,마곡,11727,11906
2022-11-17,5호선,발산,23166,24025
2022-11-17,5호선,우장산,16226,15702
2022-11-17,5호선,화곡,30714,28702
2022-11-17,5호선,까치산,30984,29442
2022-11-17,5호선,신정,14882,12008
2022-11-17,5호선,목동,18435,19892
2022-11-17,5호선,오목교,22541,24278
2022-11-17,5호선,양평,8080,7877
2022-11-17,5호선,영등포구청,4478,4624
2022-11-17,5호선,영등포시장,10878,11068
2022-11-17,5호선,신길,4592,4813
2022-11-17,5호선,여의도,32081,33598
2022-11-17,5호선,여의나루,15091,17377
2022-11-17,5호선,마포,15673,15938
2022-11-17,5호선,공덕,15488,16304
2022-11-17,5호선,애오개,7468,7352
2022-11-17,5호선,충정로,5010,5107
2022-11-17,5호선,서대문,22146,22425
2022-11-17,5호선,광화문,34437,36126
2022-11-17,5호선,종로3가,14395,14379
2022-11-17,5호선,을지로4가,7185,7131
2022-11-17,5호선,동대문역사문화공원,3356,3921
2022-11-17,5호선,청구,4327,3973
2022-11-17,5호선,신금호,6843,7133
2022-11-17,5호선,행당,8740,7788
2022-11-17,5호선,왕십리,4856,5523
2022-11-17,5호선,마장,6340,6017
2022-11-17,5호선,답십리,17109,15424
2022-11-17,5호선,장한평,20282,20129
2022-11-17,5호선,군자,12089,13176
2022-11-17,5호선,아차산,15337,14692
2022-11-17,5호선,광나루,14987,13743
2022-11-17,5호선,천호,18854,19208
2022-11-17,5호선,강동,19750,18841
2022-11-17,5호선,굽은다리,9934,9570
2022-11-17,5호선,명일,9259,9408
2022-11-17,5호선,고덕,10452,10685
2022-11-17,5호선,상일동,15883,14898
2022-11-17,5호선,둔촌동,8998,9310
2022-11-17,5호선,올림픽공원,5001,4179
2022-11-17,5호선,방이,7700,8054
2022-11-17,5호선,오금,4016,3996
2022-11-17,5호선,개롱,6914,7208
2022-11-17,5호선,거여,10833,10300
2022-11-17,5호선,마천,8023,7557
2022-11-17,5호선,강일,5567,5166
2022-11-17,5호선,미사,18243,18485
2022-11-17,5호선,하남풍산,4559,4504
2022-11-17,5호선,하남시청,7781,7640
2022-11-17,5호선,하남검단산,6427,6242
2022-11-17,5호선,길동,8186,8600
2022-11-17,5호선,송정,6781,6322
2022-11-18,5호선,하남검단산,6628,6402
2022-11-18,5호선,하남시청,7859,7632
2022-11-18,5호선,하남풍산,4628,4593
2022-11-18,5호선,미사,18020,18490
2022-11-18,5호선,강일,5460,4970
2022-11-18,5호선,마천,7895,7478
2022-11-18,5호선,거여,10919,10271
2022-11-18,5호선,개롱,6822,7165
2022-11-18,5호선,오금,3934,3856
2022-11-18,5호선,방이,7608,7881
2022-11-18,5호선,올림픽공원,5578,5197
2022-11-18,5호선,둔촌동,9346,9469
2022-11-18,5호선,상일동,15806,14422
2022-11-18,5호선,고덕,10639,10678
2022-11-18,5호선,명일,9509,9884
2022-11-18,5호선,굽은다리,10237,9587
2022-11-18,5호선,길동,8547,9012
2022-11-18,5호선,강동,19451,18170
2022-11-18,5호선,천호,20348,20805
2022-11-18,5호선,광나루,16013,14671
2022-11-18,5호선,아차산,15683,15034
2022-11-18,5호선,군자,12508,13815
2022-11-18,5호선,장한평,20597,20163
2022-11-18,5호선,답십리,17219,15704
2022-11-18,5호선,마장,6412,6088
2022-11-18,5호선,왕십리,4889,5766
2022-11-18,5호선,행당,8741,7517
2022-11-18,5호선,신금호,6771,6886
2022-11-18,5호선,청구,4315,3905
2022-11-18,5호선,동대문역사문화공원,3399,4091
2022-11-18,5호선,을지로4가,7136,7436
2022-11-18,5호선,종로3가,16175,16508
2022-11-18,5호선,광화문,34636,36530
2022-11-18,5호선,서대문,21157,21418
2022-11-18,5호선,충정로,4822,4931
2022-11-18,5호선,애오개,7422,7209
2022-11-18,5호선,공덕,15751,16671
2022-11-18,5호선,마포,15559,16204
2022-11-18,5호선,여의나루,16038,18478
2022-11-18,5호선,여의도,32310,33784
2022-11-18,5호선,신길,4743,4891
2022-11-18,5호선,영등포시장,11489,11804
2022-11-18,5호선,영등포구청,4463,4515
2022-11-18,5호선,양평,7896,7525
2022-11-18,5호선,오목교,23744,25808
2022-11-18,5호선,목동,18475,19623
2022-11-18,5호선,신정,14837,11726
2022-11-18,5호선,까치산,31098,29217
2022-11-18,5호선,화곡,31245,28582
2022-11-18,5호선,우장산,15487,15263
2022-11-18,5호선,발산,21967,23473
2022-11-18,5호선,마곡,11762,11988
2022-11-18,5호선,송정,7003,6439
2022-11-18,5호선,김포공항,8435,8026
2022-11-18,5호선,개화산,6247,5855
2022-11-18,5호선,방화,7207,6806
2022-11-19,5호선,방화,5054,4666
2022-11-19,5호선,개화산,4126,3843
2022-11-19,5호선,김포공항,7704,7662
2022-11-19,5호선,송정,5289,5036
2022-11-19,5호선,마곡,6064,6226
2022-11-19,5호선,발산,15361,16818
2022-11-19,5호선,우장산,10639,10360
2022-11-19,5호선,화곡,21973,19940
2022-11-19,5호선,까치산,22915,21135
2022-11-19,5호선,신정,9839,8258
2022-11-19,5호선,목동,12334,12338
2022-11-19,5호선,오목교,17959,18971
2022-11-19,5호선,양평,4170,3714
2022-11-19,5호선,영등포구청,2377,2266
2022-11-19,5호선,영등포시장,9805,10202
2022-11-19,5호선,신길,3246,3236
2022-11-19,5호선,여의도,15289,15874
2022-11-19,5호선,여의나루,16401,19774
2022-11-19,5호선,마포,8861,9108
2022-11-19,5호선,공덕,8982,9233
2022-11-19,5호선,애오개,4120,3910
2022-11-19,5호선,충정로,2185,1908
2022-11-19,5호선,서대문,9973,9309
2022-11-19,5호선,광화문,22502,23951
2022-11-19,5호선,종로3가,16113,16560
2022-11-19,5호선,을지로4가,4201,4673
2022-11-19,5호선,동대문역사문화공원,1504,1891
2022-11-19,5호선,청구,2805,2549
2022-11-19,5호선,신금호,4637,4861
2022-11-19,5호선,행당,6143,5287
2022-11-19,5호선,왕십리,3861,4895
2022-11-19,5호선,마장,4413,4240
2022-11-19,5호선,답십리,11515,10293
2022-11-19,5호선,장한평,12758,12336
2022-11-19,5호선,군자,9385,10311
2022-11-19,5호선,아차산,14006,13079
2022-11-19,5호선,광나루,12781,12685
2022-11-19,5호선,천호,18656,18080
2022-11-19,5호선,강동,14529,13718
2022-11-19,5호선,길동,6367,6416
2022-11-19,5호선,굽은다리,7802,7167
2022-11-19,5호선,명일,6721,6744
2022-11-19,5호선,고덕,7790,7550
2022-11-19,5호선,상일동,10274,9418
2022-11-19,5호선,둔촌동,6872,7157
2022-11-19,5호선,올림픽공원,4529,4282
2022-11-19,5호선,방이,5923,5810
2022-11-19,5호선,오금,2453,2078
2022-11-19,5호선,개롱,4793,4932
2022-11-19,5호선,거여,7257,6757
2022-11-19,5호선,마천,5294,5331
2022-11-19,5호선,강일,3853,3280
2022-11-19,5호선,미사,13573,13593
2022-11-19,5호선,하남풍산,3220,3164
2022-11-19,5호선,하남시청,6421,6093
2022-11-19,5호선,하남검단산,6107,5958
2022-11-20,5호선,방화,3793,3826
2022-11-20,5호선,개화산,2937,2858
2022-11-20,5호선,김포공항,6906,6663
2022-11-20,5호선,송정,3774,3767
2022-11-20,5호선,마곡,3950,4075
2022-11-20,5호선,발산,10125,10776
2022-11-20,5호선,우장산,7453,7597
2022-11-20,5호선,화곡,15549,14601
2022-11-20,5호선,까치산,16767,16357
2022-11-20,5호선,신정,6787,6252
2022-11-20,5호선,목동,8441,8602
2022-11-20,5호선,오목교,13121,13707
2022-11-20,5호선,양평,3005,2967
2022-11-20,5호선,영등포구청,1684,1623
2022-11-20,5호선,영등포시장,6822,7304
2022-11-20,5호선,신길,2347,2449
2022-11-20,5호선,여의도,10402,10742
2022-11-20,5호선,여의나루,13671,15818
2022-11-20,5호선,마포,5627,5704
2022-11-20,5호선,공덕,5295,5372
2022-11-20,5호선,애오개,2983,3021
2022-11-20,5호선,충정로,1663,1659
2022-11-20,5호선,서대문,6506,6384
2022-11-20,5호선,광화문,15624,16343
2022-11-20,5호선,종로3가,11313,9911
2022-11-20,5호선,을지로4가,2399,2494
2022-11-20,5호선,동대문역사문화공원,1050,1190
2022-11-20,5호선,청구,1973,1894
2022-11-20,5호선,신금호,3201,3511
2022-11-20,5호선,행당,4555,4014
2022-11-20,5호선,왕십리,2851,3420
2022-11-20,5호선,마장,3206,2993
2022-11-20,5호선,답십리,8553,7903
2022-11-20,5호선,장한평,9104,8773
2022-11-20,5호선,군자,6903,7568
2022-11-20,5호선,아차산,11077,11034
2022-11-20,5호선,광나루,9400,9154
2022-11-20,5호선,천호,14278,13607
2022-11-20,5호선,강동,9941,9836
2022-11-20,5호선,길동,4445,4402
2022-11-20,5호선,굽은다리,6088,5704
2022-11-20,5호선,명일,5485,5456
2022-11-20,5호선,고덕,5051,5155
2022-11-20,5호선,상일동,6969,6879
2022-11-20,5호선,둔촌동,5048,4986
2022-11-20,5호선,올림픽공원,3895,3615
2022-11-20,5호선,방이,4583,4189
2022-11-20,5호선,오금,1705,1634
2022-11-20,5호선,개롱,3290,3577
2022-11-20,5호선,거여,5188,4954
2022-11-20,5호선,마천,4122,4386
2022-11-20,5호선,강일,2836,2550
2022-11-20,5호선,미사,9630,9918
2022-11-20,5호선,하남풍산,2623,2595
2022-11-20,5호선,하남시청,4461,4254
2022-11-20,5호선,하남검단산,5124,5079
2022-11-21,5호선,하남검단산,6322,6124
2022-11-21,5호선,하남시청,7622,7454
2022-11-21,5호선,하남풍산,4392,4322
2022-11-21,5호선,미사,17444,17685
2022-11-21,5호선,강일,5443,5124
2022-11-21,5호선,마천,7972,7549
2022-11-21,5호선,거여,11100,10569
2022-11-21,5호선,개롱,6935,7328
2022-11-21,5호선,오금,4044,4043
2022-11-21,5호선,방이,7336,7647
2022-11-21,5호선,올림픽공원,4893,4294
2022-11-21,5호선,둔촌동,8858,8878
2022-11-21,5호선,상일동,15601,14630
2022-11-21,5호선,고덕,10562,10533
2022-11-21,5호선,명일,9138,9457
2022-11-21,5호선,굽은다리,9723,9247
2022-11-21,5호선,길동,8199,8611
2022-11-21,5호선,강동,19407,18619
2022-11-21,5호선,천호,17911,18096
2022-11-21,5호선,광나루,14186,13342
2022-11-21,5호선,아차산,14856,14493
2022-11-21,5호선,군자,11580,12773
2022-11-21,5호선,장한평,19532,19078
2022-11-21,5호선,답십리,16805,15465
2022-11-21,5호선,마장,6197,6016
2022-11-21,5호선,왕십리,4594,5139
2022-11-21,5호선,행당,8694,7789
2022-11-21,5호선,신금호,6748,7046
2022-11-21,5호선,청구,4201,3754
2022-11-21,5호선,동대문역사문화공원,3521,3903
2022-11-21,5호선,을지로4가,6820,6872
2022-11-21,5호선,종로3가,13356,12746
2022-11-21,5호선,광화문,32845,34136
2022-11-21,5호선,서대문,22526,22889
2022-11-21,5호선,충정로,5064,5108
2022-11-21,5호선,애오개,7205,7203
2022-11-21,5호선,공덕,15263,15819
2022-11-21,5호선,마포,15430,15544
2022-11-21,5호선,여의나루,13235,14779
2022-11-21,5호선,여의도,33182,33763
2022-11-21,5호선,신길,4495,4814
2022-11-21,5호선,영등포시장,10552,10766
2022-11-21,5호선,영등포구청,4428,4555
2022-11-21,5호선,양평,7976,7786
2022-11-21,5호선,오목교,22493,24009
2022-11-21,5호선,목동,17856,19479
2022-11-21,5호선,신정,14792,12053
2022-11-21,5호선,까치산,30277,29172
2022-11-21,5호선,화곡,30427,28621
2022-11-21,5호선,우장산,15889,15596
2022-11-21,5호선,발산,22581,23120
2022-11-21,5호선,마곡,11658,11659
2022-11-21,5호선,송정,6733,6324
2022-11-21,5호선,김포공항,7330,6967
2022-11-21,5호선,개화산,6105,5858
2022-11-21,5호선,방화,7142,6772
2022-11-22,5호선,신금호,7018,7475
2022-11-22,5호선,하남검단산,6235,5975
2022-11-22,5호선,하남시청,7689,7432
2022-11-22,5호선,하남풍산,4481,4567
2022-11-22,5호선,미사,17509,17876
2022-11-22,5호선,강일,5487,5189
2022-11-22,5호선,마천,8086,7712
2022-11-22,5호선,거여,11204,10874
2022-11-22,5호선,개롱,6960,7214
2022-11-22,5호선,오금,4143,4200
2022-11-22,5호선,방이,7538,7830
2022-11-22,5호선,올림픽공원,4956,4301
2022-11-22,5호선,둔촌동,9028,8994
2022-11-22,5호선,상일동,15761,14858
2022-11-22,5호선,고덕,10920,10887
2022-11-22,5호선,명일,9192,9630
2022-11-22,5호선,굽은다리,9988,9492
2022-11-22,5호선,길동,8163,8603
2022-11-22,5호선,강동,19743,19074
2022-11-22,5호선,천호,18697,18855
2022-11-22,5호선,광나루,14906,13532
2022-11-22,5호선,아차산,15387,14958
2022-11-22,5호선,군자,12109,13173
2022-11-22,5호선,장한평,19916,19765
2022-11-22,5호선,답십리,17167,15778
2022-11-22,5호선,마장,6390,6115
2022-11-22,5호선,왕십리,4573,5237
2022-11-22,5호선,행당,8830,7902
2022-11-22,5호선,청구,4275,3926
2022-11-22,5호선,동대문역사문화공원,3383,3989
2022-11-22,5호선,을지로4가,7125,7139
2022-11-22,5호선,종로3가,13270,13256
2022-11-22,5호선,광화문,36948,36336
2022-11-22,5호선,서대문,23445,23410
2022-11-22,5호선,충정로,5199,5388
2022-11-22,5호선,애오개,7555,7632
2022-11-22,5호선,공덕,16300,17228
2022-11-22,5호선,마포,16321,16738
2022-11-22,5호선,여의나루,14702,14569
2022-11-22,5호선,여의도,39139,39431
2022-11-22,5호선,신길,4696,5037
2022-11-22,5호선,영등포시장,11019,11482
2022-11-22,5호선,영등포구청,4638,4764
2022-11-22,5호선,양평,8005,8018
2022-11-22,5호선,오목교,22916,24657
2022-11-22,5호선,목동,18057,19733
2022-11-22,5호선,신정,14968,12413
2022-11-22,5호선,까치산,30773,29635
2022-11-22,5호선,화곡,30850,28958
2022-11-22,5호선,우장산,16139,15951
2022-11-22,5호선,발산,23363,23913
2022-11-22,5호선,마곡,11950,11850
2022-11-22,5호선,송정,6831,6439
2022-11-22,5호선,김포공항,7253,6783
2022-11-22,5호선,개화산,6118,5828
2022-11-22,5호선,방화,7437,7102
2022-11-23,5호선,하남검단산,6553,6116
2022-11-23,5호선,하남시청,7883,7668
2022-11-23,5호선,하남풍산,4364,4357
2022-11-23,5호선,미사,18028,18178
2022-11-23,5호선,강일,5611,5310
2022-11-23,5호선,마천,8198,7852
2022-11-23,5호선,거여,11481,11127
2022-11-23,5호선,개롱,7138,7389
2022-11-23,5호선,오금,3986,4021
2022-11-23,5호선,방이,7735,8030
2022-11-23,5호선,올림픽공원,5104,4389
2022-11-23,5호선,둔촌동,9179,9206
2022-11-23,5호선,상일동,16100,15164
2022-11-23,5호선,고덕,10703,10725
2022-11-23,5호선,명일,9480,10023
2022-11-23,5호선,굽은다리,10127,9785
2022-11-23,5호선,길동,8534,8822
2022-11-23,5호선,강동,20043,19276
2022-11-23,5호선,천호,19012,19252
2022-11-23,5호선,광나루,14934,13592
2022-11-23,5호선,아차산,15513,14876
2022-11-23,5호선,군자,12253,13428
2022-11-23,5호선,장한평,20644,20370
2022-11-23,5호선,답십리,17490,15979
2022-11-23,5호선,왕십리,4999,5681
2022-11-23,5호선,행당,8853,7867
2022-11-23,5호선,신금호,7042,7437
2022-11-23,5호선,청구,4251,3821
2022-11-23,5호선,동대문역사문화공원,3464,3993
2022-11-23,5호선,을지로4가,6883,7116
2022-11-23,5호선,종로3가,14191,13940
2022-11-23,5호선,광화문,35468,37078
2022-11-23,5호선,서대문,23063,23538
2022-11-23,5호선,충정로,5193,5277
2022-11-23,5호선,애오개,7564,7433
2022-11-23,5호선,공덕,16250,17221
2022-11-23,5호선,마포,15980,16201
2022-11-23,5호선,여의나루,13098,15559
2022-11-23,5호선,여의도,33109,33949
2022-11-23,5호선,신길,4588,4994
2022-11-23,5호선,영등포시장,11178,11469
2022-11-23,5호선,영등포구청,4527,4593
2022-11-23,5호선,양평,8075,7901
2022-11-23,5호선,오목교,23235,24589
2022-11-23,5호선,목동,18292,19935
2022-11-23,5호선,신정,15158,12288
2022-11-23,5호선,까치산,31044,29661
2022-11-23,5호선,화곡,31250,29113
2022-11-23,5호선,우장산,16073,15762
2022-11-23,5호선,발산,23132,23630
2022-11-23,5호선,마곡,11921,11828
2022-11-23,5호선,송정,6960,6335
2022-11-23,5호선,김포공항,7266,7156
2022-11-23,5호선,개화산,6227,6007
2022-11-23,5호선,방화,7558,7259
2022-11-23,5호선,마장,6443,6037
2022-11-24,5호선,방화,7297,6914
2022-11-24,5호선,개화산,6147,5867
2022-11-24,5호선,김포공항,7195,6973
2022-11-24,5호선,송정,6839,6380
2022-11-24,5호선,마곡,12100,12109
2022-11-24,5호선,발산,22795,23526
2022-11-24,5호선,우장산,16155,15887
2022-11-24,5호선,화곡,31173,29107
2022-11-24,5호선,까치산,31329,30537
2022-11-24,5호선,신정,15107,12353
2022-11-24,5호선,목동,18694,20114
2022-11-24,5호선,오목교,23244,25068
2022-11-24,5호선,양평,8235,7948
2022-11-24,5호선,영등포구청,4459,4593
2022-11-24,5호선,영등포시장,11089,11479
2022-11-24,5호선,신길,4734,5045
2022-11-24,5호선,여의도,32970,33655
2022-11-24,5호선,여의나루,13107,15143
2022-11-24,5호선,마포,16174,16606
2022-11-24,5호선,공덕,16563,17413
2022-11-24,5호선,애오개,7604,7493
2022-11-24,5호선,충정로,5182,5358
2022-11-24,5호선,서대문,23568,23523
2022-11-24,5호선,광화문,40133,41674
2022-11-24,5호선,종로3가,14482,14011
2022-11-24,5호선,을지로4가,6953,7085
2022-11-24,5호선,동대문역사문화공원,3561,3999
2022-11-24,5호선,청구,4346,4017
2022-11-24,5호선,신금호,7159,7573
2022-11-24,5호선,행당,8874,7933
2022-11-24,5호선,왕십리,4806,5748
2022-11-24,5호선,마장,6762,6380
2022-11-24,5호선,답십리,17432,16116
2022-11-24,5호선,장한평,20654,20531
2022-11-24,5호선,군자,12388,13583
2022-11-24,5호선,아차산,15931,15229
2022-11-24,5호선,광나루,15795,14770
2022-11-24,5호선,천호,18815,19010
2022-11-24,5호선,강동,20000,19283
2022-11-24,5호선,길동,8305,8825
2022-11-24,5호선,굽은다리,9918,9512
2022-11-24,5호선,명일,9496,9888
2022-11-24,5호선,고덕,10730,10818
2022-11-24,5호선,상일동,16107,15251
2022-11-24,5호선,둔촌동,9114,9130
2022-11-24,5호선,올림픽공원,5120,4288
2022-11-24,5호선,방이,7764,8113
2022-11-24,5호선,오금,4095,4061
2022-11-24,5호선,개롱,7303,7524
2022-11-24,5호선,거여,11105,10779
2022-11-24,5호선,마천,8211,7921
2022-11-24,5호선,강일,5522,5194
2022-11-24,5호선,미사,18061,18477
2022-11-24,5호선,하남풍산,4658,4690
2022-11-24,5호선,하남시청,8112,8030
2022-11-24,5호선,하남검단산,6469,6141
2022-11-25,5호선,개화산,6052,5702
2022-11-25,5호선,김포공항,8030,7583
2022-11-25,5호선,송정,7023,6552
2022-11-25,5호선,마곡,11650,11641
2022-11-25,5호선,발산,22041,23367
2022-11-25,5호선,우장산,16126,15830
2022-11-25,5호선,화곡,31513,29089
2022-11-25,5호선,까치산,31310,29643
2022-11-25,5호선,신정,15100,12022
2022-11-25,5호선,목동,18287,19843
2022-11-25,5호선,오목교,23607,25468
2022-11-25,5호선,양평,8127,7879
2022-11-25,5호선,영등포구청,4529,4574
2022-11-25,5호선,영등포시장,11972,12187
2022-11-25,5호선,신길,5098,5010
2022-11-25,5호선,여의도,34911,36200
2022-11-25,5호선,여의나루,16092,17617
2022-11-25,5호선,마포,16275,16955
2022-11-25,5호선,공덕,16425,17610
2022-11-25,5호선,애오개,7705,7516
2022-11-25,5호선,충정로,4921,5148
2022-11-25,5호선,서대문,22210,22990
2022-11-25,5호선,광화문,35006,36488
2022-11-25,5호선,종로3가,16118,16311
2022-11-25,5호선,을지로4가,7059,7469
2022-11-25,5호선,동대문역사문화공원,3439,4027
2022-11-25,5호선,청구,4212,3952
2022-11-25,5호선,신금호,7126,7400
2022-11-25,5호선,행당,9024,7889
2022-11-25,5호선,왕십리,4785,5695
2022-11-25,5호선,마장,6491,6178
2022-11-25,5호선,답십리,17552,15723
2022-11-25,5호선,장한평,20453,20188
2022-11-25,5호선,군자,12474,13771
2022-11-25,5호선,아차산,15598,14934
2022-11-25,5호선,광나루,15147,13883
2022-11-25,5호선,천호,19913,20218
2022-11-25,5호선,강동,20025,19209
2022-11-25,5호선,길동,8668,9031
2022-11-25,5호선,굽은다리,10166,9594
2022-11-25,5호선,명일,9507,9996
2022-11-25,5호선,고덕,11090,10858
2022-11-25,5호선,상일동,15861,14667
2022-11-25,5호선,둔촌동,9207,9223
2022-11-25,5호선,올림픽공원,5206,4340
2022-11-25,5호선,방이,7685,7941
2022-11-25,5호선,오금,4024,4097
2022-11-25,5호선,개롱,7188,7386
2022-11-25,5호선,거여,11079,10728
2022-11-25,5호선,마천,8162,7685
2022-11-25,5호선,강일,5487,5020
2022-11-25,5호선,미사,18087,18494
2022-11-25,5호선,하남풍산,4676,4606
2022-11-25,5호선,하남시청,8049,7868
2022-11-25,5호선,하남검단산,6558,6243
2022-11-25,5호선,방화,7237,6964
2022-11-26,5호선,방화,4849,4630
2022-11-26,5호선,개화산,4020,3865
2022-11-26,5호선,김포공항,7560,7645
2022-11-26,5호선,송정,5331,4950
2022-11-26,5호선,마곡,6411,6450
2022-11-26,5호선,발산,16117,17456
2022-11-26,5호선,우장산,10756,10330
2022-11-26,5호선,화곡,22159,20084
2022-11-26,5호선,까치산,22637,21413
2022-11-26,5호선,신정,9703,8128
2022-11-26,5호선,목동,12336,12520
2022-11-26,5호선,오목교,18186,18852
2022-11-26,5호선,양평,4045,3732
2022-11-26,5호선,영등포구청,2251,2208
2022-11-26,5호선,영등포시장,9817,10199
2022-11-26,5호선,신길,3076,3068
2022-11-26,5호선,여의도,16182,15308
2022-11-26,5호선,여의나루,12895,17371
2022-11-26,5호선,마포,9317,9337
2022-11-26,5호선,공덕,8793,9156
2022-11-26,5호선,애오개,4221,4049
2022-11-26,5호선,충정로,2182,2066
2022-11-26,5호선,서대문,9677,9425
2022-11-26,5호선,광화문,23452,24030
2022-11-26,5호선,종로3가,16435,16740
2022-11-26,5호선,을지로4가,4101,4662
2022-11-26,5호선,동대문역사문화공원,1447,1759
2022-11-26,5호선,청구,2600,2494
2022-11-26,5호선,신금호,4458,4584
2022-11-26,5호선,행당,5972,5247
2022-11-26,5호선,왕십리,3820,4755
2022-11-26,5호선,마장,4395,4109
2022-11-26,5호선,답십리,11477,10313
2022-11-26,5호선,장한평,12851,12337
2022-11-26,5호선,군자,9520,10572
2022-11-26,5호선,아차산,13269,12544
2022-11-26,5호선,광나루,12790,12197
2022-11-26,5호선,천호,18176,17560
2022-11-26,5호선,강동,14626,13846
2022-11-26,5호선,길동,6480,6583
2022-11-26,5호선,굽은다리,7687,7198
2022-11-26,5호선,명일,6758,6606
2022-11-26,5호선,고덕,7068,6865
2022-11-26,5호선,상일동,10165,9548
2022-11-26,5호선,둔촌동,6615,6615
2022-11-26,5호선,올림픽공원,5220,4765
2022-11-26,5호선,방이,5889,5691
2022-11-26,5호선,오금,2295,2111
2022-11-26,5호선,개롱,5061,5101
2022-11-26,5호선,거여,7241,6784
2022-11-26,5호선,마천,5218,5364
2022-11-26,5호선,강일,3932,3379
2022-11-26,5호선,미사,13506,13651
2022-11-26,5호선,하남풍산,2962,2924
2022-11-26,5호선,하남시청,6238,5850
2022-11-26,5호선,하남검단산,5818,5662
2022-11-27,5호선,방화,3647,3558
2022-11-27,5호선,하남검단산,4868,4781
2022-11-27,5호선,하남시청,4381,4349
2022-11-27,5호선,하남풍산,2397,2340
2022-11-27,5호선,미사,9415,9538
2022-11-27,5호선,강일,2659,2546
2022-11-27,5호선,마천,3785,4094
2022-11-27,5호선,거여,4811,4777
2022-11-27,5호선,개롱,3184,3584
2022-11-27,5호선,오금,1641,1506
2022-11-27,5호선,방이,4288,3999
2022-11-27,5호선,올림픽공원,4647,3712
2022-11-27,5호선,둔촌동,4824,4850
2022-11-27,5호선,상일동,6702,6650
2022-11-27,5호선,고덕,4525,4543
2022-11-27,5호선,명일,5296,5334
2022-11-27,5호선,굽은다리,5559,5305
2022-11-27,5호선,길동,4299,4382
2022-11-27,5호선,강동,9764,9649
2022-11-27,5호선,천호,13592,12575
2022-11-27,5호선,광나루,9284,9089
2022-11-27,5호선,아차산,10434,10217
2022-11-27,5호선,군자,7009,7974
2022-11-27,5호선,장한평,8889,8791
2022-11-27,5호선,답십리,8156,7516
2022-11-27,5호선,마장,3155,3074
2022-11-27,5호선,왕십리,2637,3141
2022-11-27,5호선,행당,4356,3965
2022-11-27,5호선,신금호,3095,3447
2022-11-27,5호선,청구,1937,1858
2022-11-27,5호선,동대문역사문화공원,1068,1194
2022-11-27,5호선,을지로4가,2192,2216
2022-11-27,5호선,종로3가,10945,9695
2022-11-27,5호선,광화문,14813,15083
2022-11-27,5호선,서대문,6009,5922
2022-11-27,5호선,충정로,1673,1565
2022-11-27,5호선,애오개,2809,2863
2022-11-27,5호선,공덕,5319,5571
2022-11-27,5호선,마포,5559,5801
2022-11-27,5호선,여의나루,10634,13158
2022-11-27,5호선,여의도,10867,10645
2022-11-27,5호선,신길,2179,2329
2022-11-27,5호선,영등포시장,6656,7131
2022-11-27,5호선,영등포구청,1567,1425
2022-11-27,5호선,양평,2889,2859
2022-11-27,5호선,오목교,11941,12309
2022-11-27,5호선,목동,8187,8464
2022-11-27,5호선,신정,6688,5962
2022-11-27,5호선,까치산,16393,15771
2022-11-27,5호선,화곡,14908,14169
2022-11-27,5호선,우장산,7249,7362
2022-11-27,5호선,발산,10778,11136
2022-11-27,5호선,마곡,3872,4036
2022-11-27,5호선,송정,3743,3715
2022-11-27,5호선,김포공항,6418,6620
2022-11-27,5호선,개화산,2775,2741
2022-11-28,5호선,방화,6967,6700
2022-11-28,5호선,개화산,5887,5707
2022-11-28,5호선,김포공항,7432,6730
2022-11-28,5호선,송정,6530,6249
2022-11-28,5호선,마곡,11615,11496
2022-11-28,5호선,발산,22041,22278
2022-11-28,5호선,우장산,15414,15429
2022-11-28,5호선,화곡,29773,28163
2022-11-28,5호선,까치산,29510,28954
2022-11-28,5호선,신정,14495,12045
2022-11-28,5호선,목동,17310,18889
2022-11-28,5호선,오목교,21800,23129
2022-11-28,5호선,양평,7971,8007
2022-11-28,5호선,영등포구청,5521,4554
2022-11-28,5호선,영등포시장,10385,10879
2022-11-28,5호선,신길,4394,4967
2022-11-28,5호선,여의도,33649,33195
2022-11-28,5호선,여의나루,10758,13181
2022-11-28,5호선,마포,15726,16000
2022-11-28,5호선,공덕,15229,16165
2022-11-28,5호선,애오개,7323,7490
2022-11-28,5호선,충정로,5072,5226
2022-11-28,5호선,서대문,22915,22610
2022-11-28,5호선,광화문,33909,34073
2022-11-28,5호선,종로3가,11943,11834
2022-11-28,5호선,을지로4가,6660,6666
2022-11-28,5호선,동대문역사문화공원,3504,3853
2022-11-28,5호선,청구,4246,3787
2022-11-28,5호선,신금호,6614,7084
2022-11-28,5호선,행당,8625,7940
2022-11-28,5호선,왕십리,4622,5140
2022-11-28,5호선,마장,6276,5943
2022-11-28,5호선,답십리,16424,15571
2022-11-28,5호선,장한평,19387,19564
2022-11-28,5호선,군자,11309,12500
2022-11-28,5호선,아차산,14204,13921
2022-11-28,5호선,광나루,13799,12878
2022-11-28,5호선,천호,17532,17776
2022-11-28,5호선,강동,19323,18907
2022-11-28,5호선,길동,8173,8720
2022-11-28,5호선,굽은다리,9723,9350
2022-11-28,5호선,명일,8911,9556
2022-11-28,5호선,고덕,10367,10311
2022-11-28,5호선,상일동,15402,15005
2022-11-28,5호선,둔촌동,8647,8756
2022-11-28,5호선,올림픽공원,4750,4078
2022-11-28,5호선,방이,7325,7616
2022-11-28,5호선,오금,4002,4072
2022-11-28,5호선,개롱,6845,7232
2022-11-28,5호선,거여,10646,10437
2022-11-28,5호선,마천,7737,7364
2022-11-28,5호선,강일,5490,5091
2022-11-28,5호선,미사,16907,17281
2022-11-28,5호선,하남풍산,4376,4365
2022-11-28,5호선,하남시청,7353,7143
2022-11-28,5호선,하남검단산,5873,5619
2022-11-29,5호선,방화,7207,6951
2022-11-29,5호선,하남검단산,6092,5925
2022-11-29,5호선,하남시청,7888,7727
2022-11-29,5호선,하남풍산,4520,4408
2022-11-29,5호선,미사,17284,17649
2022-11-29,5호선,강일,5446,5138
2022-11-29,5호선,마천,8039,7657
2022-11-29,5호선,거여,11139,10898
2022-11-29,5호선,개롱,7075,7465
2022-11-29,5호선,오금,3971,4045
2022-11-29,5호선,방이,7537,7971
2022-11-29,5호선,올림픽공원,4970,4277
2022-11-29,5호선,둔촌동,8864,8979
2022-11-29,5호선,상일동,15842,14845
2022-11-29,5호선,고덕,10542,10517
2022-11-29,5호선,명일,9253,9713
2022-11-29,5호선,굽은다리,9897,9475
2022-11-29,5호선,길동,8329,8626
2022-11-29,5호선,강동,19640,19147
2022-11-29,5호선,천호,18517,18594
2022-11-29,5호선,광나루,14742,13909
2022-11-29,5호선,아차산,14938,14576
2022-11-29,5호선,군자,12112,13270
2022-11-29,5호선,장한평,20219,20075
2022-11-29,5호선,답십리,17129,15716
2022-11-29,5호선,마장,6513,6214
2022-11-29,5호선,왕십리,4845,5436
2022-11-29,5호선,행당,8932,7999
2022-11-29,5호선,신금호,7014,7329
2022-11-29,5호선,청구,4232,3830
2022-11-29,5호선,동대문역사문화공원,3452,4036
2022-11-29,5호선,을지로4가,6832,7085
2022-11-29,5호선,종로3가,13421,12975
2022-11-29,5호선,광화문,34827,36425
2022-11-29,5호선,서대문,22896,23048
2022-11-29,5호선,충정로,5276,5369
2022-11-29,5호선,애오개,7421,7481
2022-11-29,5호선,공덕,15926,16653
2022-11-29,5호선,마포,16006,16119
2022-11-29,5호선,여의나루,10997,13474
2022-11-29,5호선,여의도,33359,33948
2022-11-29,5호선,신길,4607,5166
2022-11-29,5호선,영등포시장,10998,11248
2022-11-29,5호선,영등포구청,5414,4613
2022-11-29,5호선,양평,8090,7975
2022-11-29,5호선,오목교,23303,24719
2022-11-29,5호선,목동,17775,19477
2022-11-29,5호선,신정,14882,12402
2022-11-29,5호선,까치산,30561,29446
2022-11-29,5호선,화곡,30804,29086
2022-11-29,5호선,우장산,15920,15846
2022-11-29,5호선,발산,23065,23367
2022-11-29,5호선,마곡,11960,11967
2022-11-29,5호선,송정,6784,6340
2022-11-29,5호선,김포공항,7229,6863
2022-11-29,5호선,개화산,6054,5793
2022-11-30,5호선,하남검단산,5889,5550
2022-11-30,5호선,하남시청,7093,6698
2022-11-30,5호선,하남풍산,4242,4143
2022-11-30,5호선,미사,16452,16360
2022-11-30,5호선,강일,5023,4475
2022-11-30,5호선,마천,7773,7169
2022-11-30,5호선,거여,10590,10176
2022-11-30,5호선,개롱,6597,6978
2022-11-30,5호선,오금,3848,4240
2022-11-30,5호선,방이,7181,7493
2022-11-30,5호선,올림픽공원,4620,4119
2022-11-30,5호선,둔촌동,8469,8452
2022-11-30,5호선,상일동,14972,14204
2022-11-30,5호선,고덕,9941,9608
2022-11-30,5호선,명일,8754,8992
2022-11-30,5호선,굽은다리,9636,9161
2022-11-30,5호선,길동,7796,7962
2022-11-30,5호선,강동,19235,18964
2022-11-30,5호선,천호,17732,18101
2022-11-30,5호선,광나루,14169,12864
2022-11-30,5호선,아차산,14407,13880
2022-11-30,5호선,군자,11828,13422
2022-11-30,5호선,장한평,19952,19786
2022-11-30,5호선,답십리,16346,15036
2022-11-30,5호선,마장,6316,5983
2022-11-30,5호선,왕십리,4640,5449
2022-11-30,5호선,행당,8802,7971
2022-11-30,5호선,신금호,6798,7082
2022-11-30,5호선,청구,4223,3757
2022-11-30,5호선,동대문역사문화공원,3473,3908
2022-11-30,5호선,을지로4가,6672,6525
2022-11-30,5호선,종로3가,13454,12894
2022-11-30,5호선,광화문,34400,35681
2022-11-30,5호선,서대문,22805,22737
2022-11-30,5호선,충정로,5217,5349
2022-11-30,5호선,애오개,7278,7354
2022-11-30,5호선,공덕,15672,16304
2022-11-30,5호선,마포,15630,15966
2022-11-30,5호선,여의나루,10703,13028
2022-11-30,5호선,여의도,33258,33732
2022-11-30,5호선,신길,4536,5094
2022-11-30,5호선,영등포시장,10678,10901
2022-11-30,5호선,영등포구청,4983,4529
2022-11-30,5호선,양평,7869,7812
2022-11-30,5호선,오목교,21858,23352
2022-11-30,5호선,목동,17230,18580
2022-11-30,5호선,신정,14528,12133
2022-11-30,5호선,까치산,29737,28377
2022-11-30,5호선,화곡,30022,27718
2022-11-30,5호선,우장산,15752,15472
2022-11-30,5호선,발산,22405,22863
2022-11-30,5호선,마곡,11444,11372
2022-11-30,5호선,송정,6629,6244
2022-11-30,5호선,김포공항,7544,7079
2022-11-30,5호선,개화산,5928,5684
2022-11-30,5호선,방화,6947,6706
2022-12-01,5호선,하남검단산,5844,5497
2022-12-01,5호선,하남시청,7137,6853
2022-12-01,5호선,하남풍산,4318,4298
2022-12-01,5호선,미사,16815,16702
2022-12-01,5호선,강일,5150,4806
2022-12-01,5호선,마천,7705,7153
2022-12-01,5호선,거여,10580,9969
2022-12-01,5호선,개롱,6774,6950
2022-12-01,5호선,오금,3978,4010
2022-12-01,5호선,방이,7498,7716
2022-12-01,5호선,올림픽공원,4724,3970
2022-12-01,5호선,둔촌동,9216,9278
2022-12-01,5호선,상일동,15164,13944
2022-12-01,5호선,고덕,10088,10008
2022-12-01,5호선,명일,8793,8953
2022-12-01,5호선,굽은다리,9725,9269
2022-12-01,5호선,길동,7874,8037
2022-12-01,5호선,강동,19208,18506
2022-12-01,5호선,천호,18081,18063
2022-12-01,5호선,광나루,14258,12856
2022-12-01,5호선,아차산,14694,13954
2022-12-01,5호선,군자,11855,12852
2022-12-01,5호선,장한평,19815,19426
2022-12-01,5호선,답십리,16638,15181
2022-12-01,5호선,마장,6320,6105
2022-12-01,5호선,왕십리,4718,5515
2022-12-01,5호선,행당,8791,7666
2022-12-01,5호선,신금호,6772,6857
2022-12-01,5호선,청구,4220,3843
2022-12-01,5호선,동대문역사문화공원,3306,3851
2022-12-01,5호선,을지로4가,6539,6684
2022-12-01,5호선,종로3가,13397,13048
2022-12-01,5호선,광화문,34292,37005
2022-12-01,5호선,서대문,22024,22975
2022-12-01,5호선,충정로,5110,5324
2022-12-01,5호선,애오개,7091,7005
2022-12-01,5호선,공덕,15351,16245
2022-12-01,5호선,마포,15608,16182
2022-12-01,5호선,여의나루,10487,13008
2022-12-01,5호선,여의도,32464,34339
2022-12-01,5호선,신길,4480,4824
2022-12-01,5호선,영등포시장,10440,10635
2022-12-01,5호선,영등포구청,4840,4401
2022-12-01,5호선,양평,7974,7839
2022-12-01,5호선,오목교,21877,23449
2022-12-01,5호선,목동,17178,18503
2022-12-01,5호선,신정,14125,11701
2022-12-01,5호선,까치산,29753,28461
2022-12-01,5호선,화곡,29827,27963
2022-12-01,5호선,우장산,15360,15238
2022-12-01,5호선,발산,21780,22145
2022-12-01,5호선,마곡,11321,11346
2022-12-01,5호선,송정,6630,6211
2022-12-01,5호선,김포공항,7272,6918
2022-12-01,5호선,개화산,5960,5629
2022-12-01,5호선,방화,6910,6788
2022-12-02,5호선,하남검단산,6404,6071
2022-12-02,5호선,하남시청,7644,7489
2022-12-02,5호선,하남풍산,4515,4456
2022-12-02,5호선,미사,17588,18136
2022-12-02,5호선,강일,5521,5074
2022-12-02,5호선,마천,8006,7455
2022-12-02,5호선,거여,10943,10473
2022-12-02,5호선,개롱,7127,7270
2022-12-02,5호선,오금,4138,4177
2022-12-02,5호선,방이,7718,8121
2022-12-02,5호선,올림픽공원,5054,4517
2022-12-02,5호선,둔촌동,9849,9992
2022-12-02,5호선,상일동,15701,14547
2022-12-02,5호선,고덕,10972,10731
2022-12-02,5호선,명일,9436,9784
2022-12-02,5호선,굽은다리,10153,9576
2022-12-02,5호선,길동,8594,9086
2022-12-02,5호선,강동,19855,18782
2022-12-02,5호선,천호,19762,20129
2022-12-02,5호선,광나루,14875,13369
2022-12-02,5호선,아차산,15504,14621
2022-12-02,5호선,군자,12516,13988
2022-12-02,5호선,장한평,20443,20326
2022-12-02,5호선,답십리,17352,15799
2022-12-02,5호선,마장,6581,6141
2022-12-02,5호선,왕십리,4908,5914
2022-12-02,5호선,행당,9021,7765
2022-12-02,5호선,신금호,7158,7270
2022-12-02,5호선,청구,4275,3842
2022-12-02,5호선,동대문역사문화공원,3413,4121
2022-12-02,5호선,을지로4가,6746,6927
2022-12-02,5호선,종로3가,15211,15220
2022-12-02,5호선,광화문,36512,38778
2022-12-02,5호선,서대문,22073,21716
2022-12-02,5호선,충정로,5064,5159
2022-12-02,5호선,애오개,7284,7357
2022-12-02,5호선,공덕,15819,16936
2022-12-02,5호선,마포,15981,16658
2022-12-02,5호선,여의나루,11539,13960
2022-12-02,5호선,여의도,32898,34165
2022-12-02,5호선,신길,4703,4881
2022-12-02,5호선,영등포시장,11286,11843
2022-12-02,5호선,영등포구청,5122,4568
2022-12-02,5호선,양평,8033,7751
2022-12-02,5호선,오목교,23378,24983
2022-12-02,5호선,목동,17675,19469
2022-12-02,5호선,신정,15009,12139
2022-12-02,5호선,까치산,30837,29571
2022-12-02,5호선,화곡,31326,28943
2022-12-02,5호선,우장산,15877,15580
2022-12-02,5호선,발산,22042,23382
2022-12-02,5호선,마곡,11709,11761
2022-12-02,5호선,송정,6996,6535
2022-12-02,5호선,김포공항,8342,7823
2022-12-02,5호선,개화산,6122,5787
2022-12-02,5호선,방화,7485,7108
2022-12-03,5호선,방화,4933,4658
2022-12-03,5호선,개화산,3896,3809
2022-12-03,5호선,김포공항,7418,7554
2022-12-03,5호선,송정,5268,5014
2022-12-03,5호선,마곡,6033,6091
2022-12-03,5호선,발산,16027,17517
2022-12-03,5호선,우장산,10209,10095
2022-12-03,5호선,화곡,21121,19080
2022-12-03,5호선,까치산,22247,20734
2022-12-03,5호선,신정,9545,8115
2022-12-03,5호선,목동,11727,11668
2022-12-03,5호선,오목교,16669,17322
2022-12-03,5호선,양평,3880,3610
2022-12-03,5호선,영등포구청,2792,2227
2022-12-03,5호선,영등포시장,9916,10260
2022-12-03,5호선,신길,2957,3014
2022-12-03,5호선,여의도,15382,16185
2022-12-03,5호선,여의나루,9580,13309
2022-12-03,5호선,마포,9292,9422
2022-12-03,5호선,공덕,8598,9155
2022-12-03,5호선,애오개,3849,3654
2022-12-03,5호선,충정로,2103,1922
2022-12-03,5호선,서대문,8604,8313
2022-12-03,5호선,광화문,19126,19169
2022-12-03,5호선,종로3가,14701,15127
2022-12-03,5호선,을지로4가,3810,4318
2022-12-03,5호선,동대문역사문화공원,1406,1746
2022-12-03,5호선,청구,2555,2373
2022-12-03,5호선,신금호,4378,4555
2022-12-03,5호선,행당,5803,5016
2022-12-03,5호선,왕십리,3675,4592
2022-12-03,5호선,마장,4422,4248
2022-12-03,5호선,답십리,11249,10148
2022-12-03,5호선,장한평,12772,12547
2022-12-03,5호선,군자,9020,10103
2022-12-03,5호선,아차산,11912,11621
2022-12-03,5호선,광나루,11157,10441
2022-12-03,5호선,천호,17785,16923
2022-12-03,5호선,강동,14402,13819
2022-12-03,5호선,길동,6281,6434
2022-12-03,5호선,굽은다리,7493,7008
2022-12-03,5호선,명일,6438,6119
2022-12-03,5호선,고덕,6873,6458
2022-12-03,5호선,상일동,9584,9079
2022-12-03,5호선,둔촌동,6810,6975
2022-12-03,5호선,올림픽공원,4937,4359
2022-12-03,5호선,방이,5705,5562
2022-12-03,5호선,오금,2206,2018
2022-12-03,5호선,개롱,4318,4621
2022-12-03,5호선,거여,6883,6384
2022-12-03,5호선,마천,4990,5105
2022-12-03,5호선,강일,3555,3172
2022-12-03,5호선,미사,12962,12876
2022-12-03,5호선,하남풍산,2800,2872
2022-12-03,5호선,하남시청,5964,5663
2022-12-03,5호선,하남검단산,5700,5531
2022-12-04,5호선,방화,3516,3591
2022-12-04,5호선,하남검단산,4544,4561
2022-12-04,5호선,하남시청,4506,4417
2022-12-04,5호선,하남풍산,2589,2633
2022-12-04,5호선,미사,8905,9156
2022-12-04,5호선,강일,2653,2469
2022-12-04,5호선,마천,3798,4058
2022-12-04,5호선,거여,4845,4717
2022-12-04,5호선,개롱,3068,3416
2022-12-04,5호선,오금,1619,1577
2022-12-04,5호선,방이,4315,3995
2022-12-04,5호선,올림픽공원,3923,3697
2022-12-04,5호선,둔촌동,5322,5316
2022-12-04,5호선,상일동,6480,6513
2022-12-04,5호선,고덕,4545,4491
2022-12-04,5호선,명일,5147,5230
2022-12-04,5호선,굽은다리,5743,5577
2022-12-04,5호선,길동,4428,4482
2022-12-04,5호선,강동,9692,9572
2022-12-04,5호선,천호,13406,12515
2022-12-04,5호선,광나루,7647,7487
2022-12-04,5호선,아차산,9936,9618
2022-12-04,5호선,군자,6463,7327
2022-12-04,5호선,장한평,8857,8645
2022-12-04,5호선,답십리,8279,7707
2022-12-04,5호선,마장,3186,3113
2022-12-04,5호선,왕십리,2704,3235
2022-12-04,5호선,행당,4218,3920
2022-12-04,5호선,신금호,2997,3314
2022-12-04,5호선,청구,1801,1801
2022-12-04,5호선,동대문역사문화공원,998,1138
2022-12-04,5호선,을지로4가,1728,1935
2022-12-04,5호선,종로3가,10579,8920
2022-12-04,5호선,광화문,12791,13109
2022-12-04,5호선,서대문,5924,5817
2022-12-04,5호선,충정로,1566,1660
2022-12-04,5호선,애오개,2674,2785
2022-12-04,5호선,공덕,5062,5173
2022-12-04,5호선,마포,5521,5582
2022-12-04,5호선,여의나루,7126,10208
2022-12-04,5호선,여의도,11206,10798
2022-12-04,5호선,신길,2042,2341
2022-12-04,5호선,영등포시장,6716,7159
2022-12-04,5호선,영등포구청,1871,1510
2022-12-04,5호선,양평,2916,2974
2022-12-04,5호선,오목교,11325,11866
2022-12-04,5호선,목동,7914,8052
2022-12-04,5호선,신정,6417,5782
2022-12-04,5호선,까치산,15970,15372
2022-12-04,5호선,화곡,14842,14059
2022-12-04,5호선,우장산,7035,7247
2022-12-04,5호선,발산,10655,10951
2022-12-04,5호선,마곡,3804,4002
2022-12-04,5호선,송정,3804,3762
2022-12-04,5호선,김포공항,6861,6996
2022-12-04,5호선,개화산,2767,2796
2022-12-05,5호선,방화,7181,6867
2022-12-05,5호선,개화산,5957,5772
2022-12-05,5호선,김포공항,7471,6938
2022-12-05,5호선,송정,6681,6286
2022-12-05,5호선,마곡,11619,11554
2022-12-05,5호선,발산,22497,23015
2022-12-05,5호선,우장산,15620,15327
2022-12-05,5호선,화곡,29914,28061
2022-12-05,5호선,까치산,29824,28912
2022-12-05,5호선,신정,14501,11824
2022-12-05,5호선,목동,17217,18849
2022-12-05,5호선,오목교,21705,23040
2022-12-05,5호선,양평,7896,7880
2022-12-05,5호선,영등포구청,4471,4436
2022-12-05,5호선,영등포시장,10612,10990
2022-12-05,5호선,신길,4460,4986
2022-12-05,5호선,여의도,32601,33344
2022-12-05,5호선,여의나루,10920,13004
2022-12-05,5호선,마포,15631,15989
2022-12-05,5호선,공덕,15267,16166
2022-12-05,5호선,애오개,7125,7169
2022-12-05,5호선,충정로,5099,5252
2022-12-05,5호선,서대문,22410,22457
2022-12-05,5호선,광화문,33910,37076
2022-12-05,5호선,종로3가,12532,12289
2022-12-05,5호선,을지로4가,6755,6704
2022-12-05,5호선,동대문역사문화공원,3474,3908
2022-12-05,5호선,청구,4203,3743
2022-12-05,5호선,신금호,6848,7149
2022-12-05,5호선,행당,8794,7828
2022-12-05,5호선,왕십리,4663,5330
2022-12-05,5호선,마장,6225,5967
2022-12-05,5호선,답십리,16696,15413
2022-12-05,5호선,장한평,19697,19506
2022-12-05,5호선,군자,11494,12576
2022-12-05,5호선,아차산,14580,14048
2022-12-05,5호선,광나루,15238,14158
2022-12-05,5호선,천호,17960,18240
2022-12-05,5호선,강동,19118,18557
2022-12-05,5호선,길동,8294,8474
2022-12-05,5호선,굽은다리,10040,9621
2022-12-05,5호선,명일,8945,9451
2022-12-05,5호선,고덕,10347,10465
2022-12-05,5호선,상일동,15729,14766
2022-12-05,5호선,둔촌동,8771,9016
2022-12-05,5호선,올림픽공원,4825,4058
2022-12-05,5호선,방이,7391,7644
2022-12-05,5호선,오금,4059,4018
2022-12-05,5호선,개롱,6969,7311
2022-12-05,5호선,거여,10796,10418
2022-12-05,5호선,마천,7970,7586
2022-12-05,5호선,강일,5467,5171
2022-12-05,5호선,미사,16750,17135
2022-12-05,5호선,하남풍산,4446,4300
2022-12-05,5호선,하남시청,7412,7364
2022-12-05,5호선,하남검단산,6020,5722
2022-12-06,5호선,방화,7150,6958
2022-12-06,5호선,개화산,6035,5803
2022-12-06,5호선,김포공항,7185,6892
2022-12-06,5호선,송정,6898,6485
2022-12-06,5호선,마곡,11677,11718
2022-12-06,5호선,발산,22796,23352
2022-12-06,5호선,우장산,15180,15214
2022-12-06,5호선,화곡,30353,28571
2022-12-06,5호선,까치산,30494,29303
2022-12-06,5호선,신정,14646,12138
2022-12-06,5호선,목동,17918,19309
2022-12-06,5호선,오목교,22604,24197
2022-12-06,5호선,양평,8126,7985
2022-12-06,5호선,영등포구청,4389,4557
2022-12-06,5호선,영등포시장,11111,11337
2022-12-06,5호선,신길,4596,4941
2022-12-06,5호선,여의도,32668,34192
2022-12-06,5호선,여의나루,10977,13171
2022-12-06,5호선,마포,15883,16346
2022-12-06,5호선,공덕,15916,16799
2022-12-06,5호선,애오개,7463,7374
2022-12-06,5호선,충정로,5292,5412
2022-12-06,5호선,서대문,23095,23380
2022-12-06,5호선,광화문,37851,36690
2022-12-06,5호선,종로3가,13717,13104
2022-12-06,5호선,을지로4가,6988,6960
2022-12-06,5호선,동대문역사문화공원,3437,3937
2022-12-06,5호선,청구,4271,3822
2022-12-06,5호선,신금호,6885,7284
2022-12-06,5호선,행당,8838,7945
2022-12-06,5호선,왕십리,4678,5205
2022-12-06,5호선,마장,6572,6218
2022-12-06,5호선,답십리,17248,15737
2022-12-06,5호선,장한평,19911,19746
2022-12-06,5호선,군자,12096,13208
2022-12-06,5호선,아차산,15121,14619
2022-12-06,5호선,광나루,15607,14681
2022-12-06,5호선,천호,18853,18868
2022-12-06,5호선,강동,19876,19115
2022-12-06,5호선,길동,8296,8772
2022-12-06,5호선,굽은다리,9932,9488
2022-12-06,5호선,명일,9266,9650
2022-12-06,5호선,고덕,10710,10952
2022-12-06,5호선,상일동,15863,15285
2022-12-06,5호선,둔촌동,8966,9138
2022-12-06,5호선,올림픽공원,4791,3967
2022-12-06,5호선,방이,7768,8021
2022-12-06,5호선,오금,3998,4060
2022-12-06,5호선,개롱,7023,7436
2022-12-06,5호선,거여,11072,10733
2022-12-06,5호선,마천,7923,7476
2022-12-06,5호선,강일,5478,5197
2022-12-06,5호선,미사,17220,17475
2022-12-06,5호선,하남풍산,4590,4543
2022-12-06,5호선,하남시청,7549,7396
2022-12-06,5호선,하남검단산,6211,5961
2022-12-07,5호선,방화,7425,7125
2022-12-07,5호선,개화산,6172,5816
2022-12-07,5호선,김포공항,7248,7103
2022-12-07,5호선,송정,7145,6542
2022-12-07,5호선,마곡,11802,11899
2022-12-07,5호선,발산,22918,23499
2022-12-07,5호선,우장산,16030,15957
2022-12-07,5호선,화곡,31091,29012
2022-12-07,5호선,까치산,31049,29869
2022-12-07,5호선,신정,15095,12168
2022-12-07,5호선,목동,18030,19613
2022-12-07,5호선,오목교,23369,24699
2022-12-07,5호선,양평,8198,7993
2022-12-07,5호선,영등포구청,4515,4580
2022-12-07,5호선,영등포시장,11165,11571
2022-12-07,5호선,신길,4535,4918
2022-12-07,5호선,여의도,33184,34631
2022-12-07,5호선,여의나루,11615,14052
2022-12-07,5호선,마포,16319,16873
2022-12-07,5호선,공덕,16107,17070
2022-12-07,5호선,애오개,7525,7547
2022-12-07,5호선,충정로,5236,5455
2022-12-07,5호선,서대문,23750,24060
2022-12-07,5호선,광화문,35766,37678
2022-12-07,5호선,종로3가,14329,14064
2022-12-07,5호선,을지로4가,7154,7161
2022-12-07,5호선,동대문역사문화공원,3367,4029
2022-12-07,5호선,청구,4390,4012
2022-12-07,5호선,신금호,7104,7479
2022-12-07,5호선,행당,9229,8024
2022-12-07,5호선,왕십리,4968,5607
2022-12-07,5호선,마장,6667,6258
2022-12-07,5호선,답십리,17647,15968
2022-12-07,5호선,장한평,20740,20524
2022-12-07,5호선,군자,12422,13405
2022-12-07,5호선,아차산,15402,14642
2022-12-07,5호선,광나루,14814,13601
2022-12-07,5호선,천호,19256,19178
2022-12-07,5호선,강동,20169,19295
2022-12-07,5호선,길동,8450,8815
2022-12-07,5호선,굽은다리,10454,10086
2022-12-07,5호선,명일,9585,10041
2022-12-07,5호선,고덕,11107,11137
2022-12-07,5호선,상일동,16706,15542
2022-12-07,5호선,둔촌동,9130,9216
2022-12-07,5호선,올림픽공원,4936,4182
2022-12-07,5호선,방이,7878,8253
2022-12-07,5호선,오금,4066,4121
2022-12-07,5호선,개롱,7138,7502
2022-12-07,5호선,거여,11560,10968
2022-12-07,5호선,마천,8226,7814
2022-12-07,5호선,강일,5776,5334
2022-12-07,5호선,미사,17919,18063
2022-12-07,5호선,하남풍산,4609,4544
2022-12-07,5호선,하남시청,7917,7592
2022-12-07,5호선,하남검단산,6640,6345
2022-12-08,5호선,하남검단산,6771,6357
2022-12-08,5호선,하남시청,7949,7745
2022-12-08,5호선,하남풍산,4549,4607
2022-12-08,5호선,미사,17870,18188
2022-12-08,5호선,강일,5642,5313
2022-12-08,5호선,마천,8312,7786
2022-12-08,5호선,거여,11286,10803
2022-12-08,5호선,개롱,7401,7577
2022-12-08,5호선,오금,4165,4190
2022-12-08,5호선,방이,7603,7921
2022-12-08,5호선,올림픽공원,5030,4256
2022-12-08,5호선,둔촌동,9289,9187
2022-12-08,5호선,상일동,15992,14925
2022-12-08,5호선,고덕,10785,10720
2022-12-08,5호선,명일,9433,9625
2022-12-08,5호선,굽은다리,10258,9600
2022-12-08,5호선,길동,8486,8881
2022-12-08,5호선,강동,20253,19421
2022-12-08,5호선,천호,18988,19382
2022-12-08,5호선,광나루,15596,14616
2022-12-08,5호선,아차산,15942,15451
2022-12-08,5호선,군자,12574,13769
2022-12-08,5호선,장한평,20581,20356
2022-12-08,5호선,답십리,17595,15894
2022-12-08,5호선,마장,6686,6348
2022-12-08,5호선,왕십리,4889,5781
2022-12-08,5호선,행당,9124,8019
2022-12-08,5호선,신금호,7066,7356
2022-12-08,5호선,청구,4448,3976
2022-12-08,5호선,동대문역사문화공원,3345,4063
2022-12-08,5호선,을지로4가,7198,7321
2022-12-08,5호선,종로3가,14921,14720
2022-12-08,5호선,광화문,35820,37858
2022-12-08,5호선,서대문,22899,23422
2022-12-08,5호선,충정로,5242,5430
2022-12-08,5호선,애오개,7499,7460
2022-12-08,5호선,공덕,16316,17218
2022-12-08,5호선,마포,16478,16985
2022-12-08,5호선,여의나루,12440,15079
2022-12-08,5호선,여의도,33812,35261
2022-12-08,5호선,신길,4606,4999
2022-12-08,5호선,영등포시장,11207,11567
2022-12-08,5호선,영등포구청,4590,4638
2022-12-08,5호선,양평,8231,8098
2022-12-08,5호선,오목교,24143,25545
2022-12-08,5호선,목동,18439,19789
2022-12-08,5호선,신정,15070,12343
2022-12-08,5호선,까치산,31219,29963
2022-12-08,5호선,화곡,31025,28950
2022-12-08,5호선,우장산,15917,15591
2022-12-08,5호선,발산,23364,24044
2022-12-08,5호선,마곡,12016,12067
2022-12-08,5호선,송정,7034,6554
2022-12-08,5호선,김포공항,7475,7313
2022-12-08,5호선,개화산,6142,5799
2022-12-08,5호선,방화,7390,7090
2022-12-09,5호선,발산,23089,24592
2022-12-09,5호선,우장산,16632,16166
2022-12-09,5호선,화곡,31969,29181
2022-12-09,5호선,까치산,31774,29888
2022-12-09,5호선,신정,15297,12260
2022-12-09,5호선,목동,18695,19877
2022-12-09,5호선,오목교,24143,25988
2022-12-09,5호선,양평,8294,7860
2022-12-09,5호선,영등포구청,4675,4686
2022-12-09,5호선,영등포시장,12145,12620
2022-12-09,5호선,신길,4808,4955
2022-12-09,5호선,여의도,33248,35004
2022-12-09,5호선,여의나루,12782,15356
2022-12-09,5호선,마포,16939,17594
2022-12-09,5호선,공덕,16518,17663
2022-12-09,5호선,애오개,7520,7402
2022-12-09,5호선,충정로,5046,5112
2022-12-09,5호선,서대문,22168,22392
2022-12-09,5호선,광화문,34827,37170
2022-12-09,5호선,종로3가,16095,16514
2022-12-09,5호선,을지로4가,7137,7421
2022-12-09,5호선,동대문역사문화공원,3402,4106
2022-12-09,5호선,청구,4277,4010
2022-12-09,5호선,신금호,7203,7368
2022-12-09,5호선,행당,9082,7936
2022-12-09,5호선,왕십리,5006,6004
2022-12-09,5호선,마장,6675,6298
2022-12-09,5호선,답십리,17909,16140
2022-12-09,5호선,장한평,20835,20533
2022-12-09,5호선,군자,12880,14092
2022-12-09,5호선,아차산,15764,15037
2022-12-09,5호선,광나루,15092,13523
2022-12-09,5호선,천호,20700,20703
2022-12-09,5호선,강동,20425,19395
2022-12-09,5호선,길동,9056,9449
2022-12-09,5호선,굽은다리,10779,10325
2022-12-09,5호선,명일,9850,10118
2022-12-09,5호선,고덕,11166,10895
2022-12-09,5호선,상일동,16545,15046
2022-12-09,5호선,둔촌동,9644,9743
2022-12-09,5호선,올림픽공원,6777,6290
2022-12-09,5호선,방이,7854,8461
2022-12-09,5호선,오금,4175,4196
2022-12-09,5호선,개롱,7282,7464
2022-12-09,5호선,거여,11286,10695
2022-12-09,5호선,마천,8260,7815
2022-12-09,5호선,강일,5720,5187
2022-12-09,5호선,미사,18416,18883
2022-12-09,5호선,하남풍산,4792,4646
2022-12-09,5호선,하남시청,8442,8246
2022-12-09,5호선,하남검단산,7066,6635
2022-12-09,5호선,방화,7433,6978
2022-12-09,5호선,개화산,6282,5875
2022-12-09,5호선,김포공항,8154,7805
2022-12-09,5호선,송정,7219,6557
2022-12-09,5호선,마곡,11965,12133
2022-12-10,5호선,신금호,4737,4776
2022-12-10,5호선,행당,6041,5251
2022-12-10,5호선,왕십리,3797,4778
2022-12-10,5호선,마장,4995,4701
2022-12-10,5호선,답십리,11847,10613
2022-12-10,5호선,장한평,13081,12797
2022-12-10,5호선,군자,9797,11149
2022-12-10,5호선,아차산,13126,12386
2022-12-10,5호선,광나루,11456,10702
2022-12-10,5호선,천호,18753,18128
2022-12-10,5호선,강동,14925,14017
2022-12-10,5호선,길동,6481,6920
2022-12-10,5호선,굽은다리,7889,7262
2022-12-10,5호선,명일,7061,6792
2022-12-10,5호선,고덕,7243,6778
2022-12-10,5호선,상일동,10267,9572
2022-12-10,5호선,둔촌동,7043,7136
2022-12-10,5호선,올림픽공원,4778,4490
2022-12-10,5호선,방이,6020,5955
2022-12-10,5호선,오금,2384,2124
2022-12-10,5호선,개롱,4668,4762
2022-12-10,5호선,거여,7152,6611
2022-12-10,5호선,마천,5409,5404
2022-12-10,5호선,강일,3947,3406
2022-12-10,5호선,미사,13885,13750
2022-12-10,5호선,하남풍산,3212,3210
2022-12-10,5호선,하남시청,6776,6196
2022-12-10,5호선,하남검단산,6009,5730
2022-12-10,5호선,방화,5082,4793
2022-12-10,5호선,개화산,4188,4047
2022-12-10,5호선,김포공항,7950,7751
2022-12-10,5호선,송정,5537,5145
2022-12-10,5호선,마곡,6437,6443
2022-12-10,5호선,발산,16791,18527
2022-12-10,5호선,우장산,10982,10544
2022-12-10,5호선,화곡,22794,20463
2022-12-10,5호선,까치산,23550,21932
2022-12-10,5호선,신정,9998,8481
2022-12-10,5호선,목동,12587,12673
2022-12-10,5호선,오목교,18313,18756
2022-12-10,5호선,양평,4185,3853
2022-12-10,5호선,영등포구청,2368,2244
2022-12-10,5호선,영등포시장,10225,10921
2022-12-10,5호선,신길,3188,3228
2022-12-10,5호선,여의도,16257,16593
2022-12-10,5호선,여의나루,10896,15557
2022-12-10,5호선,마포,9545,9932
2022-12-10,5호선,공덕,8974,9360
2022-12-10,5호선,애오개,4264,4048
2022-12-10,5호선,충정로,2267,2168
2022-12-10,5호선,서대문,9243,8870
2022-12-10,5호선,광화문,21470,22442
2022-12-10,5호선,종로3가,16420,17041
2022-12-10,5호선,을지로4가,4312,4983
2022-12-10,5호선,동대문역사문화공원,1497,1844
2022-12-10,5호선,청구,2771,2621
2022-12-11,5호선,개화산,2930,2849
2022-12-11,5호선,김포공항,6556,6725
2022-12-11,5호선,송정,3805,3827
2022-12-11,5호선,마곡,4058,4238
2022-12-11,5호선,발산,10655,11228
2022-12-11,5호선,우장산,7461,7562
2022-12-11,5호선,화곡,15478,14599
2022-12-11,5호선,까치산,16724,16408
2022-12-11,5호선,신정,6692,6133
2022-12-11,5호선,목동,8557,8927
2022-12-11,5호선,오목교,12313,12504
2022-12-11,5호선,양평,3122,3142
2022-12-11,5호선,영등포구청,1574,1535
2022-12-11,5호선,영등포시장,6990,7377
2022-12-11,5호선,신길,2113,2349
2022-12-11,5호선,여의도,10965,10937
2022-12-11,5호선,여의나루,9111,12073
2022-12-11,5호선,마포,5822,5943
2022-12-11,5호선,공덕,5594,5688
2022-12-11,5호선,애오개,2808,2888
2022-12-11,5호선,충정로,1630,1586
2022-12-11,5호선,서대문,5772,5950
2022-12-11,5호선,광화문,14425,14893
2022-12-11,5호선,종로3가,11482,10189
2022-12-11,5호선,을지로4가,2055,2203
2022-12-11,5호선,동대문역사문화공원,1110,1299
2022-12-11,5호선,청구,1900,1836
2022-12-11,5호선,신금호,3161,3492
2022-12-11,5호선,행당,4557,4083
2022-12-11,5호선,왕십리,2762,3228
2022-12-11,5호선,마장,3435,3369
2022-12-11,5호선,답십리,8355,7712
2022-12-11,5호선,장한평,9147,9028
2022-12-11,5호선,군자,6979,7801
2022-12-11,5호선,아차산,10413,10267
2022-12-11,5호선,광나루,8759,8332
2022-12-11,5호선,천호,13741,13019
2022-12-11,5호선,강동,10211,10109
2022-12-11,5호선,길동,4571,4600
2022-12-11,5호선,굽은다리,5703,5399
2022-12-11,5호선,명일,5470,5354
2022-12-11,5호선,고덕,4395,4252
2022-12-11,5호선,상일동,6870,6855
2022-12-11,5호선,둔촌동,5294,5332
2022-12-11,5호선,올림픽공원,4084,3780
2022-12-11,5호선,방이,4341,4191
2022-12-11,5호선,오금,1667,1633
2022-12-11,5호선,개롱,3171,3425
2022-12-11,5호선,거여,5062,4846
2022-12-11,5호선,마천,3905,4271
2022-12-11,5호선,강일,2741,2638
2022-12-11,5호선,미사,9575,9642
2022-12-11,5호선,하남풍산,2709,2750
2022-12-11,5호선,하남시청,4594,4386
2022-12-11,5호선,하남검단산,4850,4774
2022-12-11,5호선,방화,3891,3858
2022-12-12,5호선,목동,17442,19122
2022-12-12,5호선,오목교,22580,23790
2022-12-12,5호선,양평,7986,8069
2022-12-12,5호선,영등포구청,4443,4600
2022-12-12,5호선,영등포시장,10507,11010
2022-12-12,5호선,신길,4521,5072
2022-12-12,5호선,여의도,34423,33819
2022-12-12,5호선,여의나루,10874,13909
2022-12-12,5호선,마포,16117,16406
2022-12-12,5호선,공덕,15609,16471
2022-12-12,5호선,애오개,7191,7398
2022-12-12,5호선,충정로,5283,5379
2022-12-12,5호선,서대문,22778,22596
2022-12-12,5호선,광화문,34945,35806
2022-12-12,5호선,종로3가,13303,12809
2022-12-12,5호선,을지로4가,7080,7014
2022-12-12,5호선,동대문역사문화공원,3535,3876
2022-12-12,5호선,청구,4265,3822
2022-12-12,5호선,신금호,6844,7245
2022-12-12,5호선,행당,8646,8004
2022-12-12,5호선,왕십리,4832,5361
2022-12-12,5호선,마장,6339,6192
2022-12-12,5호선,답십리,16810,15563
2022-12-12,5호선,장한평,19695,19583
2022-12-12,5호선,군자,11662,12864
2022-12-12,5호선,아차산,14744,14358
2022-12-12,5호선,광나루,14575,13309
2022-12-12,5호선,천호,18638,18882
2022-12-12,5호선,강동,19865,19396
2022-12-12,5호선,길동,8375,8833
2022-12-12,5호선,굽은다리,10097,9786
2022-12-12,5호선,명일,9163,9610
2022-12-12,5호선,고덕,10734,10543
2022-12-12,5호선,상일동,15861,15087
2022-12-12,5호선,둔촌동,8955,8885
2022-12-12,5호선,올림픽공원,4685,3995
2022-12-12,5호선,방이,7441,7775
2022-12-12,5호선,오금,4000,4081
2022-12-12,5호선,개롱,6842,7323
2022-12-12,5호선,거여,10960,10725
2022-12-12,5호선,마천,8045,7790
2022-12-12,5호선,강일,5596,5161
2022-12-12,5호선,미사,17275,17562
2022-12-12,5호선,하남풍산,4456,4441
2022-12-12,5호선,하남시청,7756,7479
2022-12-12,5호선,하남검단산,6257,6042
2022-12-12,5호선,방화,7117,6941
2022-12-12,5호선,개화산,6128,5810
2022-12-12,5호선,김포공항,7556,7180
2022-12-12,5호선,송정,6987,6536
2022-12-12,5호선,마곡,11769,11648
2022-12-12,5호선,발산,22303,22746
2022-12-12,5호선,우장산,15433,15370
2022-12-12,5호선,화곡,30424,28730
2022-12-12,5호선,까치산,30305,29490
2022-12-12,5호선,신정,14645,12264
2022-12-13,5호선,개화산,6223,5993
2022-12-13,5호선,김포공항,7819,7219
2022-12-13,5호선,송정,7035,6641
2022-12-13,5호선,마곡,12515,12399
2022-12-13,5호선,발산,24112,24227
2022-12-13,5호선,우장산,16113,16222
2022-12-13,5호선,화곡,31110,29913
2022-12-13,5호선,까치산,31132,30281
2022-12-13,5호선,신정,14973,12754
2022-12-13,5호선,목동,18315,20363
2022-12-13,5호선,오목교,24110,25459
2022-12-13,5호선,양평,8348,8314
2022-12-13,5호선,영등포구청,4532,4704
2022-12-13,5호선,영등포시장,11482,11949
2022-12-13,5호선,신길,4655,5247
2022-12-13,5호선,여의도,36301,35151
2022-12-13,5호선,여의나루,11900,14523
2022-12-13,5호선,마포,17337,17806
2022-12-13,5호선,공덕,16664,17766
2022-12-13,5호선,애오개,7726,7818
2022-12-13,5호선,충정로,5411,5570
2022-12-13,5호선,서대문,24144,23926
2022-12-13,5호선,광화문,38477,38750
2022-12-13,5호선,종로3가,15000,14847
2022-12-13,5호선,을지로4가,7264,7213
2022-12-13,5호선,동대문역사문화공원,3623,4051
2022-12-13,5호선,청구,4426,4003
2022-12-13,5호선,신금호,7173,7618
2022-12-13,5호선,행당,9301,8446
2022-12-13,5호선,왕십리,4931,5595
2022-12-13,5호선,마장,6776,6383
2022-12-13,5호선,답십리,17595,16366
2022-12-13,5호선,장한평,20361,20523
2022-12-13,5호선,군자,12298,13553
2022-12-13,5호선,아차산,15629,15328
2022-12-13,5호선,광나루,14876,13708
2022-12-13,5호선,천호,19849,19574
2022-12-13,5호선,강동,20230,19442
2022-12-13,5호선,길동,8553,9078
2022-12-13,5호선,굽은다리,10353,10200
2022-12-13,5호선,명일,9719,10258
2022-12-13,5호선,고덕,11336,11216
2022-12-13,5호선,상일동,16269,15736
2022-12-13,5호선,둔촌동,9342,9500
2022-12-13,5호선,올림픽공원,4884,4126
2022-12-13,5호선,방이,8032,8366
2022-12-13,5호선,오금,4147,4221
2022-12-13,5호선,개롱,6898,7421
2022-12-13,5호선,거여,11556,11335
2022-12-13,5호선,마천,8295,7874
2022-12-13,5호선,강일,5731,5377
2022-12-13,5호선,미사,18036,18658
2022-12-13,5호선,하남풍산,4776,4712
2022-12-13,5호선,하남시청,7711,7635
2022-12-13,5호선,하남검단산,6460,6253
2022-12-13,5호선,방화,7354,7240
2022-12-14,5호선,공덕,15969,17161
2022-12-14,5호선,마포,15942,16572
2022-12-14,5호선,여의나루,10956,14209
2022-12-14,5호선,여의도,35294,35675
2022-12-14,5호선,신길,4559,4939
2022-12-14,5호선,영등포시장,10797,11082
2022-12-14,5호선,영등포구청,4259,4378
2022-12-14,5호선,양평,8273,8055
2022-12-14,5호선,오목교,22760,24199
2022-12-14,5호선,목동,17490,18917
2022-12-14,5호선,신정,14797,12156
2022-12-14,5호선,까치산,29958,29036
2022-12-14,5호선,화곡,30241,28379
2022-12-14,5호선,우장산,15281,15106
2022-12-14,5호선,발산,22901,23566
2022-12-14,5호선,마곡,12110,12011
2022-12-14,5호선,송정,6651,6263
2022-12-14,5호선,김포공항,7928,7433
2022-12-14,5호선,개화산,5932,5648
2022-12-14,5호선,방화,7292,6956
2022-12-14,5호선,애오개,7432,7476
2022-12-14,5호선,충정로,5438,5577
2022-12-14,5호선,서대문,22839,22795
2022-12-14,5호선,광화문,35933,37536
2022-12-14,5호선,종로3가,14462,13856
2022-12-14,5호선,을지로4가,6727,6875
2022-12-14,5호선,동대문역사문화공원,3511,4124
2022-12-14,5호선,청구,4280,4001
2022-12-14,5호선,신금호,6782,7142
2022-12-14,5호선,행당,8750,7839
2022-12-14,5호선,왕십리,4851,5341
2022-12-14,5호선,마장,6212,5948
2022-12-14,5호선,답십리,17060,15667
2022-12-14,5호선,장한평,20599,20377
2022-12-14,5호선,군자,11976,13106
2022-12-14,5호선,아차산,14598,14323
2022-12-14,5호선,광나루,13921,12882
2022-12-14,5호선,천호,18621,18566
2022-12-14,5호선,강동,19703,19010
2022-12-14,5호선,길동,8409,8632
2022-12-14,5호선,굽은다리,10549,10378
2022-12-14,5호선,명일,9197,9650
2022-12-14,5호선,고덕,10421,10100
2022-12-14,5호선,상일동,15681,14876
2022-12-14,5호선,둔촌동,8988,9096
2022-12-14,5호선,올림픽공원,4375,3759
2022-12-14,5호선,방이,7710,7918
2022-12-14,5호선,오금,3955,4005
2022-12-14,5호선,개롱,6672,7028
2022-12-14,5호선,거여,10982,10573
2022-12-14,5호선,마천,7760,7338
2022-12-14,5호선,강일,5550,5134
2022-12-14,5호선,미사,17587,17574
2022-12-14,5호선,하남풍산,4436,4458
2022-12-14,5호선,하남시청,7541,7374
2022-12-14,5호선,하남검단산,6389,6026
2022-12-15,5호선,하남검단산,6594,6450
2022-12-15,5호선,하남시청,7961,7762
2022-12-15,5호선,하남풍산,4903,4855
2022-12-15,5호선,미사,18968,19192
2022-12-15,5호선,강일,5802,5405
2022-12-15,5호선,마천,8096,7825
2022-12-15,5호선,거여,11328,11061
2022-12-15,5호선,개롱,7121,7505
2022-12-15,5호선,오금,4157,4175
2022-12-15,5호선,방이,8152,8571
2022-12-15,5호선,올림픽공원,4834,4259
2022-12-15,5호선,둔촌동,9359,9550
2022-12-15,5호선,상일동,16462,15875
2022-12-15,5호선,고덕,11071,11029
2022-12-15,5호선,명일,9587,10106
2022-12-15,5호선,굽은다리,10690,10448
2022-12-15,5호선,길동,8801,9217
2022-12-15,5호선,강동,20597,19995
2022-12-15,5호선,천호,19581,19367
2022-12-15,5호선,광나루,14804,13797
2022-12-15,5호선,아차산,15404,14921
2022-12-15,5호선,군자,12394,13773
2022-12-15,5호선,장한평,21015,21118
2022-12-15,5호선,답십리,17939,16602
2022-12-15,5호선,마장,6887,6639
2022-12-15,5호선,왕십리,5057,5903
2022-12-15,5호선,행당,9257,8537
2022-12-15,5호선,신금호,7291,7743
2022-12-15,5호선,청구,4488,4129
2022-12-15,5호선,동대문역사문화공원,3856,4163
2022-12-15,5호선,을지로4가,7053,7080
2022-12-15,5호선,종로3가,15500,14434
2022-12-15,5호선,광화문,38439,39387
2022-12-15,5호선,서대문,24455,24195
2022-12-15,5호선,충정로,5482,5503
2022-12-15,5호선,애오개,7815,8064
2022-12-15,5호선,공덕,16986,17827
2022-12-15,5호선,마포,17929,18186
2022-12-15,5호선,여의나루,11487,14557
2022-12-15,5호선,여의도,37241,37004
2022-12-15,5호선,신길,4724,5202
2022-12-15,5호선,영등포시장,11487,11923
2022-12-15,5호선,영등포구청,4442,4613
2022-12-15,5호선,양평,8340,8407
2022-12-15,5호선,오목교,24438,25960
2022-12-15,5호선,목동,17878,20061
2022-12-15,5호선,신정,14985,12507
2022-12-15,5호선,까치산,30915,30040
2022-12-15,5호선,화곡,31035,29522
2022-12-15,5호선,우장산,16172,16092
2022-12-15,5호선,발산,25171,24976
2022-12-15,5호선,마곡,13135,12945
2022-12-15,5호선,송정,6889,6538
2022-12-15,5호선,김포공항,8624,8104
2022-12-15,5호선,개화산,6135,5807
2022-12-15,5호선,방화,7331,7216
2022-12-16,5호선,방화,7348,7025
2022-12-16,5호선,개화산,6088,5751
2022-12-16,5호선,김포공항,8761,8351
2022-12-16,5호선,송정,7081,6546
2022-12-16,5호선,마곡,12208,12265
2022-12-16,5호선,발산,23584,25315
2022-12-16,5호선,우장산,16213,15683
2022-12-16,5호선,화곡,31752,29393
2022-12-16,5호선,까치산,31300,29585
2022-12-16,5호선,신정,15065,12058
2022-12-16,5호선,목동,18924,19897
2022-12-16,5호선,오목교,24684,26597
2022-12-16,5호선,양평,8131,8111
2022-12-16,5호선,영등포구청,4493,4577
2022-12-16,5호선,영등포시장,11763,12154
2022-12-16,5호선,신길,4913,5009
2022-12-16,5호선,여의도,34916,36466
2022-12-16,5호선,여의나루,12123,15589
2022-12-16,5호선,마포,17065,17851
2022-12-16,5호선,공덕,16574,17705
2022-12-16,5호선,애오개,7681,7607
2022-12-16,5호선,충정로,5266,5324
2022-12-16,5호선,서대문,22856,23055
2022-12-16,5호선,광화문,38219,40202
2022-12-16,5호선,종로3가,16940,16994
2022-12-16,5호선,을지로4가,6987,7541
2022-12-16,5호선,동대문역사문화공원,3458,4141
2022-12-16,5호선,청구,4421,4233
2022-12-16,5호선,신금호,7318,7291
2022-12-16,5호선,행당,9231,8037
2022-12-16,5호선,왕십리,5121,6421
2022-12-16,5호선,마장,6773,6391
2022-12-16,5호선,답십리,18020,16210
2022-12-16,5호선,장한평,21077,21072
2022-12-16,5호선,군자,12949,14525
2022-12-16,5호선,아차산,15458,14692
2022-12-16,5호선,광나루,15961,14439
2022-12-16,5호선,천호,21024,20757
2022-12-16,5호선,강동,20432,19227
2022-12-16,5호선,길동,8902,9340
2022-12-16,5호선,굽은다리,10965,10487
2022-12-16,5호선,명일,9832,9995
2022-12-16,5호선,고덕,11640,11071
2022-12-16,5호선,상일동,16330,15273
2022-12-16,5호선,둔촌동,9776,9879
2022-12-16,5호선,올림픽공원,5259,4401
2022-12-16,5호선,방이,8117,8563
2022-12-16,5호선,오금,4028,3998
2022-12-16,5호선,개롱,7048,7237
2022-12-16,5호선,거여,11362,10784
2022-12-16,5호선,마천,8067,7626
2022-12-16,5호선,강일,5553,5077
2022-12-16,5호선,미사,18834,18917
2022-12-16,5호선,하남풍산,4831,4870
2022-12-16,5호선,하남시청,8057,7737
2022-12-16,5호선,하남검단산,6910,6428
2022-12-17,5호선,방화,5154,4921
2022-12-17,5호선,개화산,4184,4018
2022-12-17,5호선,김포공항,8342,8567
2022-12-17,5호선,송정,5527,5254
2022-12-17,5호선,마곡,6517,6673
2022-12-17,5호선,발산,17166,18957
2022-12-17,5호선,우장산,11245,11078
2022-12-17,5호선,화곡,23280,20849
2022-12-17,5호선,까치산,23414,21576
2022-12-17,5호선,신정,10313,8719
2022-12-17,5호선,목동,13047,13292
2022-12-17,5호선,오목교,18602,19303
2022-12-17,5호선,양평,4223,3930
2022-12-17,5호선,영등포구청,2370,2284
2022-12-17,5호선,영등포시장,10740,11502
2022-12-17,5호선,신길,3173,3332
2022-12-17,5호선,여의도,18100,17650
2022-12-17,5호선,여의나루,9405,14873
2022-12-17,5호선,마포,9993,10451
2022-12-17,5호선,공덕,9184,9589
2022-12-17,5호선,애오개,4206,4091
2022-12-17,5호선,충정로,2311,2177
2022-12-17,5호선,서대문,9509,9142
2022-12-17,5호선,광화문,23638,24404
2022-12-17,5호선,종로3가,16668,16741
2022-12-17,5호선,을지로4가,3718,4396
2022-12-17,5호선,동대문역사문화공원,1647,2122
2022-12-17,5호선,청구,2759,2611
2022-12-17,5호선,신금호,4834,4874
2022-12-17,5호선,행당,6203,5367
2022-12-17,5호선,왕십리,4057,5243
2022-12-17,5호선,마장,4821,4965
2022-12-17,5호선,답십리,11835,10867
2022-12-17,5호선,장한평,13477,13129
2022-12-17,5호선,군자,9736,11237
2022-12-17,5호선,아차산,12765,12098
2022-12-17,5호선,광나루,11479,10486
2022-12-17,5호선,천호,19285,18144
2022-12-17,5호선,강동,14960,13973
2022-12-17,5호선,길동,7054,7183
2022-12-17,5호선,굽은다리,8673,8302
2022-12-17,5호선,명일,6914,6890
2022-12-17,5호선,고덕,7110,6853
2022-12-17,5호선,상일동,10696,10224
2022-12-17,5호선,둔촌동,7015,7223
2022-12-17,5호선,올림픽공원,5762,4839
2022-12-17,5호선,방이,5816,5810
2022-12-17,5호선,오금,2275,2148
2022-12-17,5호선,개롱,4678,4887
2022-12-17,5호선,거여,7354,6817
2022-12-17,5호선,마천,5354,5336
2022-12-17,5호선,강일,3859,3246
2022-12-17,5호선,미사,13981,13846
2022-12-17,5호선,하남풍산,3192,3192
2022-12-17,5호선,하남시청,6589,6212
2022-12-17,5호선,하남검단산,5937,5709
2022-12-18,5호선,방화,3446,3591
2022-12-18,5호선,개화산,2773,2716
2022-12-18,5호선,김포공항,6865,7282
2022-12-18,5호선,송정,3923,3723
2022-12-18,5호선,마곡,4042,4144
2022-12-18,5호선,발산,10432,10977
2022-12-18,5호선,우장산,7050,7142
2022-12-18,5호선,화곡,15213,14297
2022-12-18,5호선,까치산,15893,15400
2022-12-18,5호선,신정,6576,5936
2022-12-18,5호선,목동,8035,8325
2022-12-18,5호선,오목교,12209,12416
2022-12-18,5호선,양평,2736,2913
2022-12-18,5호선,영등포구청,1579,1459
2022-12-18,5호선,영등포시장,6714,6932
2022-12-18,5호선,신길,2213,2457
2022-12-18,5호선,여의도,12074,11374
2022-12-18,5호선,여의나루,7060,10718
2022-12-18,5호선,마포,5643,5701
2022-12-18,5호선,공덕,5267,5528
2022-12-18,5호선,애오개,2623,2763
2022-12-18,5호선,충정로,1706,1680
2022-12-18,5호선,서대문,5403,5323
2022-12-18,5호선,광화문,13357,13508
2022-12-18,5호선,종로3가,10575,9144
2022-12-18,5호선,을지로4가,1838,1965
2022-12-18,5호선,동대문역사문화공원,1209,1318
2022-12-18,5호선,청구,1819,1790
2022-12-18,5호선,신금호,2981,3184
2022-12-18,5호선,행당,4048,3677
2022-12-18,5호선,왕십리,2645,3350
2022-12-18,5호선,마장,3112,3119
2022-12-18,5호선,답십리,8118,7623
2022-12-18,5호선,장한평,8696,8673
2022-12-18,5호선,군자,6514,7384
2022-12-18,5호선,아차산,8688,8736
2022-12-18,5호선,광나루,7657,7165
2022-12-18,5호선,천호,13576,12482
2022-12-18,5호선,강동,9680,9595
2022-12-18,5호선,길동,4534,4591
2022-12-18,5호선,굽은다리,6170,5924
2022-12-18,5호선,명일,4973,5009
2022-12-18,5호선,고덕,4287,4452
2022-12-18,5호선,상일동,6445,6635
2022-12-18,5호선,둔촌동,4961,5052
2022-12-18,5호선,올림픽공원,3175,2925
2022-12-18,5호선,방이,3925,3708
2022-12-18,5호선,오금,1574,1531
2022-12-18,5호선,개롱,2838,3115
2022-12-18,5호선,거여,4639,4511
2022-12-18,5호선,마천,3595,3809
2022-12-18,5호선,강일,2505,2276
2022-12-18,5호선,미사,9092,9224
2022-12-18,5호선,하남풍산,2825,2860
2022-12-18,5호선,하남시청,4194,4109
2022-12-18,5호선,하남검단산,4440,4378
2022-12-19,5호선,하남검단산,6278,6067
2022-12-19,5호선,하남시청,7521,7455
2022-12-19,5호선,하남풍산,4398,4329
2022-12-19,5호선,미사,16941,17348
2022-12-19,5호선,강일,5416,5022
2022-12-19,5호선,마천,7662,7314
2022-12-19,5호선,거여,10515,10256
2022-12-19,5호선,개롱,6463,6808
2022-12-19,5호선,오금,3893,3934
2022-12-19,5호선,방이,7401,7589
2022-12-19,5호선,올림픽공원,4618,3915
2022-12-19,5호선,둔촌동,8641,8738
2022-12-19,5호선,상일동,15332,14710
2022-12-19,5호선,고덕,10138,9979
2022-12-19,5호선,명일,8900,9318
2022-12-19,5호선,굽은다리,10041,9864
2022-12-19,5호선,길동,8200,8595
2022-12-19,5호선,강동,19322,18660
2022-12-19,5호선,천호,17948,17965
2022-12-19,5호선,광나루,13310,12353
2022-12-19,5호선,아차산,14434,14008
2022-12-19,5호선,군자,11780,12727
2022-12-19,5호선,장한평,19351,19356
2022-12-19,5호선,답십리,16701,15366
2022-12-19,5호선,마장,6199,5945
2022-12-19,5호선,왕십리,4723,5429
2022-12-19,5호선,행당,8422,7656
2022-12-19,5호선,신금호,6659,7094
2022-12-19,5호선,청구,4110,3793
2022-12-19,5호선,동대문역사문화공원,3491,4038
2022-12-19,5호선,을지로4가,6748,6881
2022-12-19,5호선,종로3가,13880,13304
2022-12-19,5호선,광화문,35394,36415
2022-12-19,5호선,서대문,21498,22113
2022-12-19,5호선,충정로,5064,5094
2022-12-19,5호선,애오개,7078,7135
2022-12-19,5호선,공덕,15618,16582
2022-12-19,5호선,마포,15958,16405
2022-12-19,5호선,여의나루,11257,14548
2022-12-19,5호선,여의도,33437,33920
2022-12-19,5호선,신길,4528,4971
2022-12-19,5호선,영등포시장,10716,11098
2022-12-19,5호선,영등포구청,4295,4242
2022-12-19,5호선,양평,7764,7823
2022-12-19,5호선,오목교,22479,23553
2022-12-19,5호선,목동,17072,18704
2022-12-19,5호선,신정,14178,11733
2022-12-19,5호선,까치산,29539,28463
2022-12-19,5호선,화곡,29529,27727
2022-12-19,5호선,우장산,15259,15027
2022-12-19,5호선,발산,22177,22589
2022-12-19,5호선,마곡,11375,11352
2022-12-19,5호선,송정,6512,5990
2022-12-19,5호선,김포공항,7857,7562
2022-12-19,5호선,개화산,5756,5548
2022-12-19,5호선,방화,6818,6512
2022-12-20,5호선,방화,7234,6961
2022-12-20,5호선,개화산,6176,5933
2022-12-20,5호선,김포공항,8191,7700
2022-12-20,5호선,송정,6884,6435
2022-12-20,5호선,마곡,12124,12010
2022-12-20,5호선,발산,23906,24070
2022-12-20,5호선,우장산,15811,15737
2022-12-20,5호선,화곡,30431,28869
2022-12-20,5호선,까치산,30940,29785
2022-12-20,5호선,신정,14651,12115
2022-12-20,5호선,목동,18020,19633
2022-12-20,5호선,오목교,23759,25117
2022-12-20,5호선,양평,8056,8062
2022-12-20,5호선,영등포구청,4547,4557
2022-12-20,5호선,영등포시장,11357,11797
2022-12-20,5호선,신길,4620,4979
2022-12-20,5호선,여의도,35095,35249
2022-12-20,5호선,여의나루,12517,15395
2022-12-20,5호선,마포,16891,17276
2022-12-20,5호선,공덕,16510,17265
2022-12-20,5호선,애오개,7388,7411
2022-12-20,5호선,충정로,5155,5298
2022-12-20,5호선,서대문,23038,23101
2022-12-20,5호선,광화문,38906,39218
2022-12-20,5호선,종로3가,15615,15025
2022-12-20,5호선,을지로4가,7388,7423
2022-12-20,5호선,동대문역사문화공원,3525,4101
2022-12-20,5호선,청구,4314,3935
2022-12-20,5호선,신금호,6944,7296
2022-12-20,5호선,행당,8814,7865
2022-12-20,5호선,왕십리,5054,5791
2022-12-20,5호선,마장,6439,6218
2022-12-20,5호선,답십리,17759,16204
2022-12-20,5호선,장한평,20382,20457
2022-12-20,5호선,군자,12102,13366
2022-12-20,5호선,아차산,15484,14835
2022-12-20,5호선,광나루,14431,13205
2022-12-20,5호선,천호,20049,19485
2022-12-20,5호선,강동,20061,19261
2022-12-20,5호선,길동,8611,9092
2022-12-20,5호선,굽은다리,10468,10207
2022-12-20,5호선,명일,9414,9847
2022-12-20,5호선,고덕,11187,11039
2022-12-20,5호선,상일동,15986,15056
2022-12-20,5호선,둔촌동,9492,9603
2022-12-20,5호선,올림픽공원,4800,4079
2022-12-20,5호선,방이,7735,7932
2022-12-20,5호선,오금,4129,4270
2022-12-20,5호선,개롱,6944,7194
2022-12-20,5호선,거여,10990,10629
2022-12-20,5호선,마천,8112,7848
2022-12-20,5호선,강일,5563,5279
2022-12-20,5호선,미사,17715,17895
2022-12-20,5호선,하남풍산,4573,4597
2022-12-20,5호선,하남시청,7732,7544
2022-12-20,5호선,하남검단산,6653,6457
2022-12-21,5호선,하남검단산,7586,7204
2022-12-21,5호선,하남시청,8566,8199
2022-12-21,5호선,하남풍산,5127,5163
2022-12-21,5호선,미사,20399,19992
2022-12-21,5호선,강일,6168,5504
2022-12-21,5호선,마천,8623,8041
2022-12-21,5호선,거여,12218,11432
2022-12-21,5호선,개롱,7581,7738
2022-12-21,5호선,오금,4341,4514
2022-12-21,5호선,방이,8561,8687
2022-12-21,5호선,올림픽공원,5210,4306
2022-12-21,5호선,둔촌동,10040,10352
2022-12-21,5호선,상일동,17781,16393
2022-12-21,5호선,고덕,11553,11250
2022-12-21,5호선,명일,10403,10745
2022-12-21,5호선,굽은다리,11200,10842
2022-12-21,5호선,길동,9110,9419
2022-12-21,5호선,강동,21465,20860
2022-12-21,5호선,천호,20386,20214
2022-12-21,5호선,광나루,15763,14326
2022-12-21,5호선,아차산,16202,15641
2022-12-21,5호선,군자,13228,14657
2022-12-21,5호선,장한평,22290,22368
2022-12-21,5호선,답십리,18589,16992
2022-12-21,5호선,마장,7088,6510
2022-12-21,5호선,왕십리,5453,6301
2022-12-21,5호선,행당,9998,8659
2022-12-21,5호선,신금호,7509,7732
2022-12-21,5호선,청구,4532,4206
2022-12-21,5호선,동대문역사문화공원,3747,4318
2022-12-21,5호선,을지로4가,7227,7330
2022-12-21,5호선,종로3가,15773,15304
2022-12-21,5호선,광화문,40531,42858
2022-12-21,5호선,서대문,23417,24398
2022-12-21,5호선,충정로,5486,5549
2022-12-21,5호선,애오개,8271,8014
2022-12-21,5호선,공덕,17443,18505
2022-12-21,5호선,마포,18225,18628
2022-12-21,5호선,여의나루,12872,16776
2022-12-21,5호선,여의도,37423,38927
2022-12-21,5호선,신길,4955,5440
2022-12-21,5호선,영등포시장,12167,12425
2022-12-21,5호선,영등포구청,4718,4713
2022-12-21,5호선,양평,8662,8599
2022-12-21,5호선,오목교,25358,27028
2022-12-21,5호선,목동,19028,20635
2022-12-21,5호선,신정,15714,12794
2022-12-21,5호선,까치산,32214,30309
2022-12-21,5호선,화곡,32358,30217
2022-12-21,5호선,우장산,17423,16918
2022-12-21,5호선,발산,25442,26353
2022-12-21,5호선,마곡,13134,13110
2022-12-21,5호선,송정,7090,6629
2022-12-21,5호선,김포공항,8476,8507
2022-12-21,5호선,개화산,6378,6080
2022-12-21,5호선,방화,7810,7496
2022-12-22,5호선,하남검단산,6773,6467
2022-12-22,5호선,하남시청,7824,7586
2022-12-22,5호선,하남풍산,4791,4834
2022-12-22,5호선,미사,18352,18162
2022-12-22,5호선,강일,5501,5096
2022-12-22,5호선,마천,7990,7575
2022-12-22,5호선,거여,11115,10756
2022-12-22,5호선,개롱,6819,7100
2022-12-22,5호선,오금,4174,4170
2022-12-22,5호선,방이,8162,8440
2022-12-22,5호선,올림픽공원,4889,5543
2022-12-22,5호선,둔촌동,9607,9985
2022-12-22,5호선,상일동,16130,15251
2022-12-22,5호선,고덕,10840,10551
2022-12-22,5호선,명일,9384,9689
2022-12-22,5호선,굽은다리,10669,10437
2022-12-22,5호선,길동,8762,9199
2022-12-22,5호선,강동,20513,19482
2022-12-22,5호선,천호,20017,19358
2022-12-22,5호선,광나루,15043,13986
2022-12-22,5호선,아차산,15963,15441
2022-12-22,5호선,군자,14768,16005
2022-12-22,5호선,장한평,21079,20997
2022-12-22,5호선,답십리,17929,16269
2022-12-22,5호선,마장,6592,6157
2022-12-22,5호선,왕십리,5218,6118
2022-12-22,5호선,행당,9236,8194
2022-12-22,5호선,신금호,6844,7274
2022-12-22,5호선,청구,4430,4140
2022-12-22,5호선,동대문역사문화공원,3614,4305
2022-12-22,5호선,을지로4가,7199,7308
2022-12-22,5호선,종로3가,16205,15428
2022-12-22,5호선,광화문,41333,42031
2022-12-22,5호선,서대문,22671,23019
2022-12-22,5호선,충정로,5408,5528
2022-12-22,5호선,애오개,7501,7707
2022-12-22,5호선,공덕,16835,17746
2022-12-22,5호선,마포,17452,17813
2022-12-22,5호선,여의나루,12118,16134
2022-12-22,5호선,여의도,37049,36817
2022-12-22,5호선,신길,4815,5220
2022-12-22,5호선,영등포시장,11314,11828
2022-12-22,5호선,영등포구청,4420,4480
2022-12-22,5호선,양평,8119,8215
2022-12-22,5호선,오목교,24312,25612
2022-12-22,5호선,목동,17884,19304
2022-12-22,5호선,신정,14944,12322
2022-12-22,5호선,까치산,30800,29529
2022-12-22,5호선,화곡,30763,28734
2022-12-22,5호선,우장산,15854,15753
2022-12-22,5호선,발산,24047,24750
2022-12-22,5호선,마곡,12242,12318
2022-12-22,5호선,송정,7094,6621
2022-12-22,5호선,김포공항,8331,7347
2022-12-22,5호선,개화산,6021,5748
2022-12-22,5호선,방화,7336,7118
2022-12-23,5호선,하남검단산,6635,6131
2022-12-23,5호선,하남시청,7417,7195
2022-12-23,5호선,하남풍산,4443,4576
2022-12-23,5호선,미사,16860,17586
2022-12-23,5호선,강일,5297,4693
2022-12-23,5호선,마천,7684,7097
2022-12-23,5호선,거여,10701,10127
2022-12-23,5호선,개롱,6713,6932
2022-12-23,5호선,오금,4008,3957
2022-12-23,5호선,방이,7876,8358
2022-12-23,5호선,올림픽공원,5677,5729
2022-12-23,5호선,둔촌동,9099,9317
2022-12-23,5호선,상일동,15422,14409
2022-12-23,5호선,고덕,10553,10272
2022-12-23,5호선,명일,9032,9354
2022-12-23,5호선,굽은다리,10593,10333
2022-12-23,5호선,길동,8536,9081
2022-12-23,5호선,강동,19498,18386
2022-12-23,5호선,천호,20600,20263
2022-12-23,5호선,광나루,14186,12872
2022-12-23,5호선,아차산,15039,14320
2022-12-23,5호선,군자,12280,13475
2022-12-23,5호선,장한평,19916,19963
2022-12-23,5호선,답십리,16823,15204
2022-12-23,5호선,마장,6125,5824
2022-12-23,5호선,왕십리,5022,5948
2022-12-23,5호선,행당,8565,7601
2022-12-23,5호선,신금호,7049,7003
2022-12-23,5호선,청구,4244,3894
2022-12-23,5호선,동대문역사문화공원,3683,4197
2022-12-23,5호선,을지로4가,6677,6969
2022-12-23,5호선,종로3가,16276,17098
2022-12-23,5호선,광화문,38815,40642
2022-12-23,5호선,서대문,22638,21023
2022-12-23,5호선,충정로,4854,4688
2022-12-23,5호선,애오개,7249,7186
2022-12-23,5호선,공덕,15049,15747
2022-12-23,5호선,마포,16015,16428
2022-12-23,5호선,여의나루,11666,15574
2022-12-23,5호선,여의도,35338,34821
2022-12-23,5호선,신길,4650,4967
2022-12-23,5호선,영등포시장,11437,11639
2022-12-23,5호선,영등포구청,4154,4203
2022-12-23,5호선,양평,8114,7812
2022-12-23,5호선,오목교,23781,25456
2022-12-23,5호선,목동,17126,18320
2022-12-23,5호선,신정,14362,11710
2022-12-23,5호선,까치산,30012,28749
2022-12-23,5호선,화곡,30088,27884
2022-12-23,5호선,우장산,15510,15022
2022-12-23,5호선,발산,22100,23791
2022-12-23,5호선,마곡,11846,11748
2022-12-23,5호선,송정,6810,6364
2022-12-23,5호선,김포공항,7340,6805
2022-12-23,5호선,개화산,5848,5578
2022-12-23,5호선,방화,6883,6576
2022-12-24,5호선,하남검단산,5893,5673
2022-12-24,5호선,하남시청,5892,5533
2022-12-24,5호선,하남풍산,2860,2863
2022-12-24,5호선,미사,12516,12721
2022-12-24,5호선,강일,3412,2870
2022-12-24,5호선,마천,4433,4414
2022-12-24,5호선,거여,6163,5686
2022-12-24,5호선,개롱,3779,3960
2022-12-24,5호선,오금,1931,1786
2022-12-24,5호선,방이,4880,5032
2022-12-24,5호선,올림픽공원,3673,3883
2022-12-24,5호선,둔촌동,6186,6155
2022-12-24,5호선,상일동,9117,8700
2022-12-24,5호선,고덕,6729,6483
2022-12-24,5호선,명일,5908,5742
2022-12-24,5호선,굽은다리,7820,7411
2022-12-24,5호선,길동,6229,6508
2022-12-24,5호선,강동,12526,11662
2022-12-24,5호선,천호,18006,16901
2022-12-24,5호선,광나루,9328,8657
2022-12-24,5호선,아차산,11539,10991
2022-12-24,5호선,군자,8639,9616
2022-12-24,5호선,장한평,11697,11581
2022-12-24,5호선,답십리,10620,9641
2022-12-24,5호선,마장,4130,3885
2022-12-24,5호선,왕십리,3705,4556
2022-12-24,5호선,행당,5335,4458
2022-12-24,5호선,신금호,4223,4244
2022-12-24,5호선,청구,2498,2355
2022-12-24,5호선,동대문역사문화공원,1607,1960
2022-12-24,5호선,을지로4가,3671,4234
2022-12-24,5호선,종로3가,14566,14772
2022-12-24,5호선,광화문,29171,28246
2022-12-24,5호선,서대문,7370,6851
2022-12-24,5호선,충정로,1924,1867
2022-12-24,5호선,애오개,3767,3587
2022-12-24,5호선,공덕,6836,7020
2022-12-24,5호선,마포,7818,8133
2022-12-24,5호선,여의나루,10723,15959
2022-12-24,5호선,여의도,16449,15426
2022-12-24,5호선,신길,2951,2970
2022-12-24,5호선,영등포시장,8768,9120
2022-12-24,5호선,영등포구청,1924,1908
2022-12-24,5호선,양평,3784,3486
2022-12-24,5호선,오목교,16386,17218
2022-12-24,5호선,목동,10520,10390
2022-12-24,5호선,신정,9018,7552
2022-12-24,5호선,까치산,20989,19801
2022-12-24,5호선,화곡,20854,18796
2022-12-24,5호선,우장산,9875,9492
2022-12-24,5호선,발산,14557,15991
2022-12-24,5호선,마곡,5731,5859
2022-12-24,5호선,송정,4941,4567
2022-12-24,5호선,김포공항,8839,8700
2022-12-24,5호선,개화산,3640,3483
2022-12-24,5호선,방화,4386,4227
2022-12-25,5호선,방화,3598,3548
2022-12-25,5호선,개화산,2783,2708
2022-12-25,5호선,김포공항,7359,7086
2022-12-25,5호선,송정,3801,3727
2022-12-25,5호선,마곡,3983,4186
2022-12-25,5호선,발산,11001,11880
2022-12-25,5호선,우장산,7276,7430
2022-12-25,5호선,화곡,15896,14850
2022-12-25,5호선,까치산,16532,16102
2022-12-25,5호선,신정,6603,6097
2022-12-25,5호선,목동,7659,7912
2022-12-25,5호선,오목교,12329,12527
2022-12-25,5호선,양평,2828,2808
2022-12-25,5호선,영등포구청,1352,1196
2022-12-25,5호선,영등포시장,6420,6629
2022-12-25,5호선,신길,2215,2499
2022-12-25,5호선,여의도,13496,11892
2022-12-25,5호선,여의나루,12838,17869
2022-12-25,5호선,마포,5330,5515
2022-12-25,5호선,공덕,4792,4807
2022-12-25,5호선,애오개,2602,2711
2022-12-25,5호선,충정로,1584,1516
2022-12-25,5호선,서대문,4948,4882
2022-12-25,5호선,광화문,24099,22495
2022-12-25,5호선,종로3가,13493,11952
2022-12-25,5호선,을지로4가,2135,2519
2022-12-25,5호선,동대문역사문화공원,1295,1522
2022-12-25,5호선,청구,1879,1798
2022-12-25,5호선,신금호,3049,3327
2022-12-25,5호선,행당,4366,3976
2022-12-25,5호선,왕십리,2867,3324
2022-12-25,5호선,마장,3183,3123
2022-12-25,5호선,답십리,8189,7752
2022-12-25,5호선,장한평,8666,8673
2022-12-25,5호선,군자,6857,7495
2022-12-25,5호선,아차산,9361,9220
2022-12-25,5호선,광나루,7565,7231
2022-12-25,5호선,천호,13888,12832
2022-12-25,5호선,강동,8765,8447
2022-12-25,5호선,길동,4579,4562
2022-12-25,5호선,굽은다리,6064,5834
2022-12-25,5호선,명일,5322,5283
2022-12-25,5호선,고덕,4835,4724
2022-12-25,5호선,상일동,6604,6606
2022-12-25,5호선,둔촌동,4921,5009
2022-12-25,5호선,올림픽공원,2988,2126
2022-12-25,5호선,방이,4019,3806
2022-12-25,5호선,오금,1454,1449
2022-12-25,5호선,개롱,2900,3124
2022-12-25,5호선,거여,4638,4565
2022-12-25,5호선,마천,3690,3758
2022-12-25,5호선,강일,2588,2377
2022-12-25,5호선,미사,10108,10092
2022-12-25,5호선,하남풍산,2725,2785
2022-12-25,5호선,하남시청,4601,4247
2022-12-25,5호선,하남검단산,5533,5360
2022-12-26,5호선,방화,6834,6601
2022-12-26,5호선,개화산,5732,5492
2022-12-26,5호선,김포공항,7455,7558
2022-12-26,5호선,송정,6865,6404
2022-12-26,5호선,마곡,11233,11205
2022-12-26,5호선,발산,21292,21874
2022-12-26,5호선,우장산,15089,14677
2022-12-26,5호선,화곡,29850,27806
2022-12-26,5호선,까치산,29023,28060
2022-12-26,5호선,신정,13855,11497
2022-12-26,5호선,목동,16488,17957
2022-12-26,5호선,오목교,22523,23939
2022-12-26,5호선,양평,7335,7500
2022-12-26,5호선,영등포구청,4251,4328
2022-12-26,5호선,영등포시장,10525,10768
2022-12-26,5호선,신길,4478,4828
2022-12-26,5호선,여의도,31516,32286
2022-12-26,5호선,여의나루,10637,13819
2022-12-26,5호선,마포,15389,15655
2022-12-26,5호선,공덕,14980,15443
2022-12-26,5호선,애오개,6726,6871
2022-12-26,5호선,충정로,4789,4804
2022-12-26,5호선,서대문,20491,21056
2022-12-26,5호선,광화문,34872,35199
2022-12-26,5호선,종로3가,15355,14589
2022-12-26,5호선,을지로4가,6895,7193
2022-12-26,5호선,동대문역사문화공원,3394,3938
2022-12-26,5호선,청구,4067,3743
2022-12-26,5호선,신금호,6435,6824
2022-12-26,5호선,행당,8301,7343
2022-12-26,5호선,왕십리,4760,5412
2022-12-26,5호선,마장,5862,5605
2022-12-26,5호선,답십리,16427,15018
2022-12-26,5호선,장한평,18892,18931
2022-12-26,5호선,군자,11688,12727
2022-12-26,5호선,아차산,14299,13922
2022-12-26,5호선,광나루,13206,12289
2022-12-26,5호선,천호,18510,18378
2022-12-26,5호선,강동,18853,18083
2022-12-26,5호선,길동,8235,8648
2022-12-26,5호선,굽은다리,9870,9592
2022-12-26,5호선,명일,8531,8802
2022-12-26,5호선,고덕,9927,9958
2022-12-26,5호선,상일동,15077,14014
2022-12-26,5호선,둔촌동,8586,8758
2022-12-26,5호선,올림픽공원,4380,3749
2022-12-26,5호선,방이,7065,7314
2022-12-26,5호선,오금,3847,3820
2022-12-26,5호선,개롱,6489,6840
2022-12-26,5호선,거여,10427,10147
2022-12-26,5호선,마천,7362,7057
2022-12-26,5호선,강일,5143,4850
2022-12-26,5호선,미사,17216,17169
2022-12-26,5호선,하남풍산,4362,4326
2022-12-26,5호선,하남시청,7352,7248
2022-12-26,5호선,하남검단산,6416,6103
2022-12-27,5호선,하남검단산,6636,6332
2022-12-27,5호선,하남시청,7604,7531
2022-12-27,5호선,하남풍산,4519,4483
2022-12-27,5호선,미사,17432,17328
2022-12-27,5호선,강일,5474,5043
2022-12-27,5호선,마천,7867,7428
2022-12-27,5호선,거여,10726,10341
2022-12-27,5호선,개롱,6819,7013
2022-12-27,5호선,오금,3954,4065
2022-12-27,5호선,방이,7488,7734
2022-12-27,5호선,올림픽공원,4565,3898
2022-12-27,5호선,둔촌동,8978,9098
2022-12-27,5호선,상일동,15328,14315
2022-12-27,5호선,고덕,10320,10157
2022-12-27,5호선,명일,8943,9206
2022-12-27,5호선,굽은다리,10278,9896
2022-12-27,5호선,길동,8415,8832
2022-12-27,5호선,강동,19430,18696
2022-12-27,5호선,천호,19504,19346
2022-12-27,5호선,광나루,14153,13042
2022-12-27,5호선,아차산,15403,14758
2022-12-27,5호선,군자,12232,13767
2022-12-27,5호선,장한평,19765,19856
2022-12-27,5호선,답십리,17199,15630
2022-12-27,5호선,마장,6395,6066
2022-12-27,5호선,왕십리,4859,5695
2022-12-27,5호선,행당,8698,7635
2022-12-27,5호선,신금호,6704,7016
2022-12-27,5호선,청구,4136,3791
2022-12-27,5호선,동대문역사문화공원,3455,3991
2022-12-27,5호선,을지로4가,7270,7520
2022-12-27,5호선,종로3가,16333,15617
2022-12-27,5호선,광화문,37585,38666
2022-12-27,5호선,서대문,21796,22418
2022-12-27,5호선,충정로,4859,4927
2022-12-27,5호선,애오개,7194,7067
2022-12-27,5호선,공덕,15911,16488
2022-12-27,5호선,마포,16204,16720
2022-12-27,5호선,여의나루,10926,13895
2022-12-27,5호선,여의도,32445,33339
2022-12-27,5호선,신길,4659,5073
2022-12-27,5호선,영등포시장,11010,11373
2022-12-27,5호선,영등포구청,4428,4439
2022-12-27,5호선,양평,7792,7625
2022-12-27,5호선,오목교,23432,24718
2022-12-27,5호선,목동,17467,18962
2022-12-27,5호선,신정,14587,11980
2022-12-27,5호선,까치산,30275,29060
2022-12-27,5호선,화곡,30341,28531
2022-12-27,5호선,우장산,15532,15125
2022-12-27,5호선,발산,21921,22905
2022-12-27,5호선,마곡,11773,11732
2022-12-27,5호선,송정,6883,6254
2022-12-27,5호선,김포공항,7945,7807
2022-12-27,5호선,개화산,5976,5598
2022-12-27,5호선,방화,7169,6965
2022-12-28,5호선,하남검단산,6658,6252
2022-12-28,5호선,하남시청,7749,7544
2022-12-28,5호선,하남풍산,4544,4455
2022-12-28,5호선,미사,17920,18031
2022-12-28,5호선,강일,5637,5108
2022-12-28,5호선,마천,7656,7211
2022-12-28,5호선,거여,10977,10541
2022-12-28,5호선,개롱,6830,7037
2022-12-28,5호선,오금,3900,3911
2022-12-28,5호선,방이,7654,7900
2022-12-28,5호선,올림픽공원,4614,3970
2022-12-28,5호선,둔촌동,8978,9006
2022-12-28,5호선,상일동,15500,14429
2022-12-28,5호선,고덕,10575,10178
2022-12-28,5호선,명일,9113,9543
2022-12-28,5호선,굽은다리,10511,10161
2022-12-28,5호선,길동,8460,8844
2022-12-28,5호선,강동,19273,18398
2022-12-28,5호선,천호,19950,19545
2022-12-28,5호선,광나루,15329,14226
2022-12-28,5호선,아차산,15430,14847
2022-12-28,5호선,군자,12372,13554
2022-12-28,5호선,장한평,20153,19949
2022-12-28,5호선,답십리,17173,15617
2022-12-28,5호선,마장,6487,6218
2022-12-28,5호선,왕십리,5017,5962
2022-12-28,5호선,행당,8490,7588
2022-12-28,5호선,신금호,6784,7022
2022-12-28,5호선,청구,4197,3869
2022-12-28,5호선,동대문역사문화공원,3426,4039
2022-12-28,5호선,을지로4가,7313,7571
2022-12-28,5호선,종로3가,17187,16379
2022-12-28,5호선,광화문,38824,40067
2022-12-28,5호선,서대문,21737,22209
2022-12-28,5호선,충정로,4956,5039
2022-12-28,5호선,애오개,7285,7183
2022-12-28,5호선,공덕,15873,16594
2022-12-28,5호선,마포,16257,16687
2022-12-28,5호선,여의나루,10449,13543
2022-12-28,5호선,여의도,33277,33924
2022-12-28,5호선,신길,4713,5156
2022-12-28,5호선,영등포시장,11412,11694
2022-12-28,5호선,영등포구청,4525,4447
2022-12-28,5호선,양평,7906,7839
2022-12-28,5호선,오목교,23641,24987
2022-12-28,5호선,목동,17481,18914
2022-12-28,5호선,신정,14586,11983
2022-12-28,5호선,까치산,30403,29003
2022-12-28,5호선,화곡,30586,28373
2022-12-28,5호선,우장산,15479,15015
2022-12-28,5호선,발산,21897,22897
2022-12-28,5호선,마곡,11551,11639
2022-12-28,5호선,송정,6928,6331
2022-12-28,5호선,김포공항,7965,7951
2022-12-28,5호선,개화산,6105,5766
2022-12-28,5호선,방화,7031,6811
2022-12-29,5호선,하남검단산,6921,6612
2022-12-29,5호선,하남시청,7976,7643
2022-12-29,5호선,미사,17731,17702
2022-12-29,5호선,강일,5279,4857
2022-12-29,5호선,마천,7581,7196
2022-12-29,5호선,거여,10411,9949
2022-12-29,5호선,개롱,6777,7024
2022-12-29,5호선,오금,3774,3882
2022-12-29,5호선,방이,7386,7505
2022-12-29,5호선,올림픽공원,4484,3931
2022-12-29,5호선,둔촌동,8982,9051
2022-12-29,5호선,상일동,15186,13885
2022-12-29,5호선,고덕,10204,9786
2022-12-29,5호선,명일,8982,9098
2022-12-29,5호선,굽은다리,10203,9820
2022-12-29,5호선,길동,8429,8815
2022-12-29,5호선,강동,18841,17918
2022-12-29,5호선,천호,19442,19195
2022-12-29,5호선,광나루,13800,12720
2022-12-29,5호선,아차산,15126,14539
2022-12-29,5호선,군자,12199,13489
2022-12-29,5호선,장한평,19453,19479
2022-12-29,5호선,답십리,17023,15446
2022-12-29,5호선,마장,6395,5984
2022-12-29,5호선,왕십리,4870,5700
2022-12-29,5호선,행당,8297,7385
2022-12-29,5호선,신금호,6625,6831
2022-12-29,5호선,청구,4052,3824
2022-12-29,5호선,동대문역사문화공원,3285,3839
2022-12-29,5호선,을지로4가,7281,7513
2022-12-29,5호선,종로3가,16649,16338
2022-12-29,5호선,광화문,37083,37978
2022-12-29,5호선,서대문,20782,21373
2022-12-29,5호선,충정로,4822,4826
2022-12-29,5호선,애오개,7088,7058
2022-12-29,5호선,공덕,15249,16063
2022-12-29,5호선,마포,15542,16299
2022-12-29,5호선,여의나루,10612,13628
2022-12-29,5호선,여의도,31916,32901
2022-12-29,5호선,신길,4684,4893
2022-12-29,5호선,영등포시장,11319,11380
2022-12-29,5호선,영등포구청,4346,4416
2022-12-29,5호선,양평,7652,7614
2022-12-29,5호선,오목교,23294,24739
2022-12-29,5호선,목동,16823,18076
2022-12-29,5호선,신정,14131,11775
2022-12-29,5호선,까치산,29880,28373
2022-12-29,5호선,화곡,30070,27771
2022-12-29,5호선,우장산,14980,14343
2022-12-29,5호선,발산,21000,22461
2022-12-29,5호선,마곡,11195,11336
2022-12-29,5호선,송정,6782,6332
2022-12-29,5호선,김포공항,8170,7753
2022-12-29,5호선,개화산,5826,5620
2022-12-29,5호선,방화,6902,6559
2022-12-29,5호선,하남풍산,4491,4597
2022-12-30,5호선,하남검단산,7158,6662
2022-12-30,5호선,하남시청,7773,7461
2022-12-30,5호선,하남풍산,4490,4420
2022-12-30,5호선,미사,17576,17692
2022-12-30,5호선,강일,5340,4658
2022-12-30,5호선,마천,7424,6964
2022-12-30,5호선,거여,10272,9582
2022-12-30,5호선,개롱,6302,6565
2022-12-30,5호선,오금,3643,3627
2022-12-30,5호선,방이,7030,7381
2022-12-30,5호선,올림픽공원,6212,5695
2022-12-30,5호선,둔촌동,8891,8866
2022-12-30,5호선,상일동,14676,13596
2022-12-30,5호선,고덕,9967,9772
2022-12-30,5호선,명일,8779,8910
2022-12-30,5호선,굽은다리,10309,9802
2022-12-30,5호선,길동,8640,9127
2022-12-30,5호선,강동,18201,16849
2022-12-30,5호선,천호,20490,20219
2022-12-30,5호선,광나루,14415,13236
2022-12-30,5호선,아차산,15492,14626
2022-12-30,5호선,군자,12340,13666
2022-12-30,5호선,장한평,19599,19223
2022-12-30,5호선,답십리,16668,15064
2022-12-30,5호선,마장,6291,5919
2022-12-30,5호선,왕십리,4773,5883
2022-12-30,5호선,행당,8179,7000
2022-12-30,5호선,신금호,6669,6779
2022-12-30,5호선,청구,3942,3682
2022-12-30,5호선,동대문역사문화공원,3085,3540
2022-12-30,5호선,을지로4가,7064,7606
2022-12-30,5호선,종로3가,16961,16948
2022-12-30,5호선,광화문,37549,38506
2022-12-30,5호선,서대문,18626,18746
2022-12-30,5호선,충정로,4241,4299
2022-12-30,5호선,애오개,6865,6625
2022-12-30,5호선,공덕,14182,14829
2022-12-30,5호선,마포,14200,14604
2022-12-30,5호선,여의나루,10191,13204
2022-12-30,5호선,여의도,29291,29821
2022-12-30,5호선,신길,4598,4640
2022-12-30,5호선,영등포시장,11080,11277
2022-12-30,5호선,영등포구청,4159,4117
2022-12-30,5호선,양평,7158,6869
2022-12-30,5호선,오목교,23073,24736
2022-12-30,5호선,목동,16979,17945
2022-12-30,5호선,신정,14133,11527
2022-12-30,5호선,까치산,30082,28176
2022-12-30,5호선,화곡,30287,27725
2022-12-30,5호선,우장산,15153,14674
2022-12-30,5호선,발산,20701,22560
2022-12-30,5호선,마곡,10600,10790
2022-12-30,5호선,송정,6934,6451
2022-12-30,5호선,김포공항,8582,8675
2022-12-30,5호선,개화산,5741,5371
2022-12-30,5호선,방화,7168,6596
2022-12-31,5호선,천호,16129,15289
2022-12-31,5호선,강동,10710,9946
2022-12-31,5호선,길동,5955,5982
2022-12-31,5호선,굽은다리,7408,6803
2022-12-31,5호선,명일,5540,5429
2022-12-31,5호선,고덕,6006,5708
2022-12-31,5호선,상일동,8531,7977
2022-12-31,5호선,둔촌동,5656,5703
2022-12-31,5호선,올림픽공원,4594,4353
2022-12-31,5호선,방이,4986,4748
2022-12-31,5호선,오금,1790,1678
2022-12-31,5호선,개롱,3822,3948
2022-12-31,5호선,방화,4288,4049
2022-12-31,5호선,개화산,3584,3420
2022-12-31,5호선,김포공항,7242,7176
2022-12-31,5호선,송정,4795,4608
2022-12-31,5호선,마곡,4977,5054
2022-12-31,5호선,발산,12065,13642
2022-12-31,5호선,우장산,9106,8812
2022-12-31,5호선,화곡,19414,17342
2022-12-31,5호선,까치산,20428,18712
2022-12-31,5호선,신정,8482,6949
2022-12-31,5호선,목동,10121,10083
2022-12-31,5호선,오목교,14531,15375
2022-12-31,5호선,양평,3464,3114
2022-12-31,5호선,영등포구청,1806,1765
2022-12-31,5호선,영등포시장,6998,7210
2022-12-31,5호선,신길,2638,2702
2022-12-31,5호선,여의도,10997,11316
2022-12-31,5호선,여의나루,7585,10060
2022-12-31,5호선,마포,7215,7219
2022-12-31,5호선,공덕,6367,6558
2022-12-31,5호선,애오개,3480,3385
2022-12-31,5호선,충정로,1773,1529
2022-12-31,5호선,서대문,7329,6591
2022-12-31,5호선,광화문,28365,26608
2022-12-31,5호선,종로3가,13951,13584
2022-12-31,5호선,을지로4가,3516,4107
2022-12-31,5호선,동대문역사문화공원,1336,1672
2022-12-31,5호선,청구,2333,2130
2022-12-31,5호선,신금호,3965,4050
2022-12-31,5호선,행당,5009,4297
2022-12-31,5호선,왕십리,3183,4091
2022-12-31,5호선,마장,3995,3825
2022-12-31,5호선,답십리,9962,8917
2022-12-31,5호선,장한평,11263,10844
2022-12-31,5호선,군자,7831,8620
2022-12-31,5호선,아차산,11344,10690
2022-12-31,5호선,광나루,9299,9218
2022-12-31,5호선,하남검단산,5360,5163
2022-12-31,5호선,하남시청,5633,5134
2022-12-31,5호선,하남풍산,2934,3078
2022-12-31,5호선,미사,11666,12101
2022-12-31,5호선,강일,3358,2804
2022-12-31,5호선,마천,4408,4426
2022-12-31,5호선,거여,5878,5411
2022-01-01,6호선,봉화산,2943,2985
2022-01-01,6호선,화랑대,3640,3191
2022-01-01,6호선,태릉입구,2249,2439
2022-01-01,6호선,석계,5057,5057
2022-01-01,6호선,돌곶이,3505,3169
2022-01-01,6호선,상월곡,2265,1980
2022-01-01,6호선,월곡,4090,4232
2022-01-01,6호선,고려대,2874,2802
2022-01-01,6호선,안암,3170,3182
2022-01-01,6호선,보문,2841,2727
2022-01-01,6호선,창신,1309,1104
2022-01-01,6호선,동묘앞,4065,3980
2022-01-01,6호선,신당,3539,3001
2022-01-01,6호선,청구,1258,1237
2022-01-01,6호선,약수,1197,1206
2022-01-01,6호선,버티고개,782,870
2022-01-01,6호선,한강진,5417,6074
2022-01-01,6호선,이태원,7952,7914
2022-01-01,6호선,녹사평,2710,2610
2022-01-01,6호선,삼각지,2519,1941
2022-01-01,6호선,효창공원앞,2388,2105
2022-01-01,6호선,공덕,5045,4766
2022-01-01,6호선,대흥,2752,2770
2022-01-01,6호선,광흥창,2822,2715
2022-01-01,6호선,상수,4796,5142
2022-01-01,6호선,합정,6695,6122
2022-01-01,6호선,망원,7118,7554
2022-01-01,6호선,마포구청,5295,4801
2022-01-01,6호선,월드컵경기장,2867,2883
2022-01-01,6호선,디지털미디어시티,3843,3953
2022-01-01,6호선,증산,4364,4537
2022-01-01,6호선,새절,4975,5010
2022-01-01,6호선,구산,2969,2258
2022-01-01,6호선,독바위,1225,1442
2022-01-01,6호선,불광,2301,2062
2022-01-01,6호선,역촌,1514,1880
2022-01-01,6호선,응암,7342,7591
2022-01-02,6호선,봉화산,3366,3339
2022-01-02,6호선,화랑대,4146,3548
2022-01-02,6호선,태릉입구,2554,2678
2022-01-02,6호선,석계,5373,5513
2022-01-02,6호선,돌곶이,4200,4174
2022-01-02,6호선,상월곡,2565,2421
2022-01-02,6호선,월곡,4455,4723
2022-01-02,6호선,고려대,3120,3291
2022-01-02,6호선,안암,3458,4006
2022-01-02,6호선,보문,3177,3249
2022-01-02,6호선,창신,1373,1290
2022-01-02,6호선,동묘앞,4739,4619
2022-01-02,6호선,신당,3218,3066
2022-01-02,6호선,청구,1380,1370
2022-01-02,6호선,약수,1382,1418
2022-01-02,6호선,버티고개,809,986
2022-01-02,6호선,한강진,4733,5372
2022-01-02,6호선,이태원,7271,6801
2022-01-02,6호선,녹사평,2831,2791
2022-01-02,6호선,삼각지,2536,2135
2022-01-02,6호선,효창공원앞,2712,2467
2022-01-02,6호선,공덕,5531,5440
2022-01-02,6호선,대흥,2953,3301
2022-01-02,6호선,광흥창,3415,3501
2022-01-02,6호선,상수,4789,5742
2022-01-02,6호선,합정,7529,6658
2022-01-02,6호선,망원,7652,8426
2022-01-02,6호선,마포구청,5788,5772
2022-01-02,6호선,월드컵경기장,2599,2599
2022-01-02,6호선,디지털미디어시티,4125,4423
2022-01-02,6호선,증산,4621,4830
2022-01-02,6호선,새절,5473,5506
2022-01-02,6호선,구산,3210,2523
2022-01-02,6호선,독바위,1230,1526
2022-01-02,6호선,불광,2574,2272
2022-01-02,6호선,역촌,1735,2022
2022-01-02,6호선,응암,7938,8201
2022-01-03,6호선,응암,16321,16410
2022-01-03,6호선,역촌,3610,4250
2022-01-03,6호선,불광,3883,3917
2022-01-03,6호선,독바위,2463,2663
2022-01-03,6호선,연신내,2,0
2022-01-03,6호선,구산,6961,5385
2022-01-03,6호선,새절,11837,11078
2022-01-03,6호선,증산,9426,9497
2022-01-03,6호선,디지털미디어시티,13226,14571
2022-01-03,6호선,월드컵경기장,3421,3602
2022-01-03,6호선,마포구청,13313,12155
2022-01-03,6호선,망원,12210,13134
2022-01-03,6호선,합정,11344,11057
2022-01-03,6호선,상수,6945,7552
2022-01-03,6호선,광흥창,8375,8114
2022-01-03,6호선,대흥,7202,7407
2022-01-03,6호선,공덕,17273,16744
2022-01-03,6호선,효창공원앞,6300,5852
2022-01-03,6호선,삼각지,5231,4806
2022-01-03,6호선,녹사평,4000,3956
2022-01-03,6호선,이태원,8093,7947
2022-01-03,6호선,한강진,6140,6952
2022-01-03,6호선,버티고개,1873,1983
2022-01-03,6호선,약수,3364,3323
2022-01-03,6호선,청구,3392,3658
2022-01-03,6호선,신당,5812,6822
2022-01-03,6호선,동묘앞,6101,6813
2022-01-03,6호선,창신,3159,2613
2022-01-03,6호선,보문,6594,6221
2022-01-03,6호선,안암,8854,9229
2022-01-03,6호선,고려대,6962,6818
2022-01-03,6호선,월곡,10636,10673
2022-01-03,6호선,상월곡,5713,5234
2022-01-03,6호선,돌곶이,8639,8211
2022-01-03,6호선,석계,11245,11892
2022-01-03,6호선,태릉입구,4979,5399
2022-01-03,6호선,화랑대,10857,8535
2022-01-03,6호선,봉화산,8407,7900
2022-01-04,6호선,응암,17051,17020
2022-01-04,6호선,역촌,3719,4404
2022-01-04,6호선,불광,3898,3859
2022-01-04,6호선,독바위,2568,2751
2022-01-04,6호선,구산,7333,5703
2022-01-04,6호선,새절,12264,11535
2022-01-04,6호선,증산,9621,9703
2022-01-04,6호선,디지털미디어시티,13520,14944
2022-01-04,6호선,월드컵경기장,3529,3780
2022-01-04,6호선,마포구청,13748,12838
2022-01-04,6호선,망원,12918,13941
2022-01-04,6호선,합정,12215,11759
2022-01-04,6호선,상수,7491,8322
2022-01-04,6호선,광흥창,8728,8729
2022-01-04,6호선,대흥,7329,7667
2022-01-04,6호선,공덕,17842,17129
2022-01-04,6호선,효창공원앞,6629,6061
2022-01-04,6호선,삼각지,5772,5377
2022-01-04,6호선,녹사평,4233,4194
2022-01-04,6호선,이태원,8286,8343
2022-01-04,6호선,한강진,7421,8319
2022-01-04,6호선,버티고개,1869,2049
2022-01-04,6호선,약수,3501,3471
2022-01-04,6호선,청구,3651,3836
2022-01-04,6호선,신당,7830,8290
2022-01-04,6호선,동묘앞,7318,7522
2022-01-04,6호선,창신,3410,2841
2022-01-04,6호선,보문,6799,6388
2022-01-04,6호선,안암,9613,9531
2022-01-04,6호선,고려대,7339,7222
2022-01-04,6호선,월곡,10803,10909
2022-01-04,6호선,상월곡,5890,5281
2022-01-04,6호선,돌곶이,8913,8472
2022-01-04,6호선,석계,11665,12199
2022-01-04,6호선,태릉입구,5101,5554
2022-01-04,6호선,화랑대,11173,8901
2022-01-04,6호선,봉화산,8658,8105
2022-01-05,6호선,응암,17158,17436
2022-01-05,6호선,역촌,3713,4377
2022-01-05,6호선,불광,4122,4132
2022-01-05,6호선,독바위,2581,2762
2022-01-05,6호선,연신내,2,0
2022-01-05,6호선,구산,7356,5616
2022-01-05,6호선,새절,12184,11429
2022-01-05,6호선,증산,9721,9712
2022-01-05,6호선,디지털미디어시티,13492,14895
2022-01-05,6호선,월드컵경기장,3537,3639
2022-01-05,6호선,마포구청,13790,12695
2022-01-05,6호선,망원,13186,14043
2022-01-05,6호선,합정,12358,12086
2022-01-05,6호선,상수,7788,8476
2022-01-05,6호선,광흥창,8674,8487
2022-01-05,6호선,대흥,7353,7644
2022-01-05,6호선,공덕,17668,17131
2022-01-05,6호선,효창공원앞,6696,6220
2022-01-05,6호선,삼각지,5929,5439
2022-01-05,6호선,녹사평,4400,4421
2022-01-05,6호선,이태원,8686,8739
2022-01-05,6호선,한강진,8466,9404
2022-01-05,6호선,버티고개,1824,1925
2022-01-05,6호선,약수,3468,3425
2022-01-05,6호선,청구,3585,3838
2022-01-05,6호선,신당,8606,8903
2022-01-05,6호선,동묘앞,7187,7318
2022-01-05,6호선,창신,3435,2923
2022-01-05,6호선,보문,6950,6481
2022-01-05,6호선,안암,9699,9645
2022-01-05,6호선,고려대,7396,7178
2022-01-05,6호선,월곡,10960,11025
2022-01-05,6호선,상월곡,5933,5321
2022-01-05,6호선,돌곶이,9086,8476
2022-01-05,6호선,석계,11696,12053
2022-01-05,6호선,태릉입구,5136,5650
2022-01-05,6호선,화랑대,11320,8930
2022-01-05,6호선,봉화산,8590,8077
2022-01-06,6호선,응암,17117,16966
2022-01-06,6호선,역촌,3676,4470
2022-01-06,6호선,불광,4123,4049
2022-01-06,6호선,독바위,2660,2782
2022-01-06,6호선,구산,7321,5632
2022-01-06,6호선,새절,12307,11552
2022-01-06,6호선,증산,9906,10109
2022-01-06,6호선,디지털미디어시티,13675,14847
2022-01-06,6호선,월드컵경기장,3613,3761
2022-01-06,6호선,마포구청,13805,12754
2022-01-06,6호선,망원,13440,14694
2022-01-06,6호선,합정,12685,12255
2022-01-06,6호선,상수,7835,8655
2022-01-06,6호선,광흥창,8869,8507
2022-01-06,6호선,대흥,7565,7769
2022-01-06,6호선,공덕,17767,17189
2022-01-06,6호선,효창공원앞,6767,6185
2022-01-06,6호선,삼각지,6052,5482
2022-01-06,6호선,녹사평,4500,4406
2022-01-06,6호선,이태원,8726,8881
2022-01-06,6호선,한강진,8139,9133
2022-01-06,6호선,버티고개,1877,1990
2022-01-06,6호선,약수,3553,3431
2022-01-06,6호선,청구,3681,3974
2022-01-06,6호선,신당,8214,8605
2022-01-06,6호선,동묘앞,7253,7450
2022-01-06,6호선,창신,3388,2811
2022-01-06,6호선,보문,6967,6481
2022-01-06,6호선,안암,9558,9654
2022-01-06,6호선,고려대,7346,7120
2022-01-06,6호선,월곡,10914,11020
2022-01-06,6호선,상월곡,6034,5415
2022-01-06,6호선,돌곶이,9032,8422
2022-01-06,6호선,석계,11713,12007
2022-01-06,6호선,태릉입구,5273,5739
2022-01-06,6호선,화랑대,11240,8860
2022-01-06,6호선,봉화산,8666,8260
2022-01-06,6호선,신내,1,0
2022-01-07,6호선,고려대,7476,7256
2022-01-07,6호선,공덕,18272,17640
2022-01-07,6호선,광흥창,8955,8652
2022-01-07,6호선,구산,7535,5675
2022-01-07,6호선,녹사평,4634,4670
2022-01-07,6호선,대흥,7522,7885
2022-01-07,6호선,독바위,2663,2724
2022-01-07,6호선,돌곶이,9202,8524
2022-01-07,6호선,동묘앞,7516,7658
2022-01-07,6호선,디지털미디어시티,13359,14693
2022-01-07,6호선,마포구청,13907,12873
2022-01-07,6호선,망원,14046,15362
2022-01-07,6호선,버티고개,1948,1976
2022-01-07,6호선,보문,7070,6554
2022-01-07,6호선,봉화산,8635,8185
2022-01-07,6호선,불광,4150,4015
2022-01-07,6호선,삼각지,6423,5582
2022-01-07,6호선,상수,9978,10849
2022-01-07,6호선,상월곡,6103,5386
2022-01-07,6호선,새절,12479,11715
2022-01-07,6호선,석계,12016,12433
2022-01-07,6호선,신당,8636,8819
2022-01-07,6호선,안암,9716,9553
2022-01-07,6호선,약수,3483,3513
2022-01-07,6호선,역촌,3794,4445
2022-01-07,6호선,월곡,11208,11179
2022-01-07,6호선,월드컵경기장,3764,3882
2022-01-07,6호선,응암,17375,17305
2022-01-07,6호선,이태원,9853,10342
2022-01-07,6호선,증산,10051,9912
2022-01-07,6호선,창신,3439,2731
2022-01-07,6호선,청구,3687,3812
2022-01-07,6호선,태릉입구,5260,5850
2022-01-07,6호선,한강진,9020,10025
2022-01-07,6호선,합정,13134,12764
2022-01-07,6호선,화랑대,11391,8902
2022-01-07,6호선,효창공원앞,6773,6282
2022-01-08,6호선,응암,11598,11665
2022-01-08,6호선,역촌,2530,2985
2022-01-08,6호선,불광,3505,3159
2022-01-08,6호선,독바위,1845,2103
2022-01-08,6호선,연신내,3,0
2022-01-08,6호선,구산,5015,3841
2022-01-08,6호선,새절,8020,7814
2022-01-08,6호선,증산,6890,6900
2022-01-08,6호선,디지털미디어시티,6649,6884
2022-01-08,6호선,월드컵경기장,3215,3367
2022-01-08,6호선,마포구청,8824,7835
2022-01-08,6호선,망원,12270,13368
2022-01-08,6호선,합정,12072,10638
2022-01-08,6호선,상수,7459,8686
2022-01-08,6호선,광흥창,4885,4530
2022-01-08,6호선,대흥,4761,4829
2022-01-08,6호선,공덕,9200,8684
2022-01-08,6호선,효창공원앞,4350,3915
2022-01-08,6호선,삼각지,4741,3786
2022-01-08,6호선,녹사평,4345,4746
2022-01-08,6호선,이태원,11231,11397
2022-01-08,6호선,한강진,8670,10212
2022-01-08,6호선,버티고개,1307,1391
2022-01-08,6호선,약수,2290,2366
2022-01-08,6호선,청구,2212,2202
2022-01-08,6호선,신당,6370,5441
2022-01-08,6호선,동묘앞,7453,7028
2022-01-08,6호선,창신,1988,1663
2022-01-08,6호선,보문,4738,4357
2022-01-08,6호선,안암,5611,5462
2022-01-08,6호선,고려대,4689,4530
2022-01-08,6호선,월곡,6874,6827
2022-01-08,6호선,상월곡,3773,3245
2022-01-08,6호선,돌곶이,5561,5140
2022-01-08,6호선,석계,8104,8196
2022-01-08,6호선,태릉입구,3708,3987
2022-01-08,6호선,화랑대,6577,5535
2022-01-08,6호선,봉화산,4861,4773
2022-01-09,6호선,망원,8817,9613
2022-01-09,6호선,응암,8355,8421
2022-01-09,6호선,역촌,1776,2065
2022-01-09,6호선,불광,2717,2441
2022-01-09,6호선,독바위,1345,1674
2022-01-09,6호선,구산,3584,2712
2022-01-09,6호선,새절,5808,5594
2022-01-09,6호선,증산,4981,5150
2022-01-09,6호선,디지털미디어시티,4616,4891
2022-01-09,6호선,월드컵경기장,2251,2312
2022-01-09,6호선,마포구청,6481,6064
2022-01-09,6호선,합정,8581,7755
2022-01-09,6호선,상수,5678,6461
2022-01-09,6호선,광흥창,3820,3738
2022-01-09,6호선,대흥,3762,3887
2022-01-09,6호선,공덕,6054,5690
2022-01-09,6호선,효창공원앞,3137,2827
2022-01-09,6호선,삼각지,3240,2686
2022-01-09,6호선,녹사평,3443,3403
2022-01-09,6호선,이태원,8129,7632
2022-01-09,6호선,한강진,6544,7342
2022-01-09,6호선,버티고개,838,1020
2022-01-09,6호선,약수,1543,1561
2022-01-09,6호선,청구,1541,1546
2022-01-09,6호선,신당,3677,4250
2022-01-09,6호선,동묘앞,5408,5349
2022-01-09,6호선,창신,1454,1370
2022-01-09,6호선,보문,3752,3455
2022-01-09,6호선,안암,4155,4396
2022-01-09,6호선,고려대,3564,3479
2022-01-09,6호선,월곡,4811,4835
2022-01-09,6호선,상월곡,2854,2617
2022-01-09,6호선,돌곶이,4534,4201
2022-01-09,6호선,석계,5715,5966
2022-01-09,6호선,태릉입구,2763,2899
2022-01-09,6호선,화랑대,4705,4104
2022-01-09,6호선,봉화산,3537,3499
2022-01-09,6호선,신내,1,0
2022-01-10,6호선,봉화산,8823,8311
2022-01-10,6호선,화랑대,11252,8771
2022-01-10,6호선,태릉입구,5186,5728
2022-01-10,6호선,석계,11605,12156
2022-01-10,6호선,돌곶이,9207,8827
2022-01-10,6호선,상월곡,6069,5396
2022-01-10,6호선,월곡,11091,11068
2022-01-10,6호선,고려대,7195,7057
2022-01-10,6호선,안암,9346,9518
2022-01-10,6호선,보문,6862,6360
2022-01-10,6호선,창신,3516,2945
2022-01-10,6호선,동묘앞,7491,7575
2022-01-10,6호선,신당,7269,7785
2022-01-10,6호선,청구,3558,3873
2022-01-10,6호선,약수,3409,3395
2022-01-10,6호선,버티고개,1922,1995
2022-01-10,6호선,한강진,7129,7984
2022-01-10,6호선,이태원,8466,8509
2022-01-10,6호선,녹사평,4140,4039
2022-01-10,6호선,삼각지,5560,5015
2022-01-10,6호선,효창공원앞,6875,6250
2022-01-10,6호선,독바위,2578,2696
2022-01-10,6호선,불광,3813,3877
2022-01-10,6호선,월드컵경기장,3525,3789
2022-01-10,6호선,디지털미디어시티,13666,14916
2022-01-10,6호선,증산,9923,9938
2022-01-10,6호선,새절,12195,11534
2022-01-10,6호선,역촌,3775,4502
2022-01-10,6호선,구산,7409,5741
2022-01-10,6호선,연신내,2,0
2022-01-10,6호선,공덕,17894,17401
2022-01-10,6호선,응암,16873,17008
2022-01-10,6호선,대흥,7629,7826
2022-01-10,6호선,광흥창,8715,8493
2022-01-10,6호선,상수,7570,8289
2022-01-10,6호선,합정,12073,11762
2022-01-10,6호선,망원,12993,14055
2022-01-10,6호선,마포구청,13727,12650
2022-01-11,6호선,봉화산,8897,8385
2022-01-11,6호선,화랑대,11367,8937
2022-01-11,6호선,태릉입구,5170,5645
2022-01-11,6호선,석계,11696,12316
2022-01-11,6호선,돌곶이,9205,8761
2022-01-11,6호선,상월곡,5960,5423
2022-01-11,6호선,월곡,11088,11049
2022-01-11,6호선,고려대,7452,7274
2022-01-11,6호선,안암,9677,9732
2022-01-11,6호선,보문,6851,6552
2022-01-11,6호선,창신,3424,2935
2022-01-11,6호선,동묘앞,7224,7342
2022-01-11,6호선,신당,8249,8467
2022-01-11,6호선,청구,3568,3828
2022-01-11,6호선,약수,3434,3455
2022-01-11,6호선,버티고개,1909,1987
2022-01-11,6호선,한강진,7971,9059
2022-01-11,6호선,이태원,8609,8570
2022-01-11,6호선,녹사평,4272,4294
2022-01-11,6호선,삼각지,6163,5651
2022-01-11,6호선,효창공원앞,6894,6329
2022-01-11,6호선,공덕,18256,17385
2022-01-11,6호선,대흥,7648,7928
2022-01-11,6호선,광흥창,8919,8881
2022-01-11,6호선,상수,7994,8690
2022-01-11,6호선,합정,12728,12125
2022-01-11,6호선,망원,13352,14402
2022-01-11,6호선,마포구청,14066,13116
2022-01-11,6호선,월드컵경기장,3308,3564
2022-01-11,6호선,디지털미디어시티,13583,15262
2022-01-11,6호선,증산,9612,9775
2022-01-11,6호선,새절,12245,11488
2022-01-11,6호선,구산,7384,5695
2022-01-11,6호선,독바위,2620,2776
2022-01-11,6호선,불광,4077,4142
2022-01-11,6호선,역촌,3720,4468
2022-01-11,6호선,응암,16897,17027
2022-01-12,6호선,응암,16780,16821
2022-01-12,6호선,역촌,3582,4342
2022-01-12,6호선,불광,3973,3943
2022-01-12,6호선,독바위,2585,2703
2022-01-12,6호선,구산,7145,5600
2022-01-12,6호선,새절,12063,11362
2022-01-12,6호선,증산,9702,9756
2022-01-12,6호선,디지털미디어시티,13344,14946
2022-01-12,6호선,월드컵경기장,3368,3554
2022-01-12,6호선,마포구청,13704,12740
2022-01-12,6호선,망원,13371,14254
2022-01-12,6호선,합정,12727,12413
2022-01-12,6호선,상수,8124,8910
2022-01-12,6호선,광흥창,8770,8645
2022-01-12,6호선,대흥,7601,7765
2022-01-12,6호선,공덕,18107,17385
2022-01-12,6호선,효창공원앞,6693,5984
2022-01-12,6호선,삼각지,6060,5479
2022-01-12,6호선,녹사평,4203,4223
2022-01-12,6호선,이태원,8869,8885
2022-01-12,6호선,한강진,8463,9324
2022-01-12,6호선,버티고개,1828,1896
2022-01-12,6호선,약수,3459,3436
2022-01-12,6호선,청구,3740,3903
2022-01-12,6호선,신당,8420,8719
2022-01-12,6호선,동묘앞,7097,7345
2022-01-12,6호선,창신,3410,2800
2022-01-12,6호선,보문,6799,6412
2022-01-12,6호선,안암,9659,9525
2022-01-12,6호선,고려대,7257,7057
2022-01-12,6호선,월곡,10840,11033
2022-01-12,6호선,상월곡,5913,5330
2022-01-12,6호선,돌곶이,9286,8760
2022-01-12,6호선,석계,11703,12283
2022-01-12,6호선,태릉입구,5200,5768
2022-01-12,6호선,화랑대,11117,8725
2022-01-12,6호선,봉화산,8650,8199
2022-01-12,6호선,신내,1,0
2022-01-13,6호선,봉화산,8661,8229
2022-01-13,6호선,화랑대,11181,8761
2022-01-13,6호선,태릉입구,5201,5655
2022-01-13,6호선,석계,11497,12037
2022-01-13,6호선,돌곶이,9217,8655
2022-01-13,6호선,상월곡,6039,5461
2022-01-13,6호선,월곡,10962,10982
2022-01-13,6호선,고려대,7443,7229
2022-01-13,6호선,안암,9823,9672
2022-01-13,6호선,보문,6852,6431
2022-01-13,6호선,창신,3252,2694
2022-01-13,6호선,동묘앞,7275,7343
2022-01-13,6호선,신당,8351,8577
2022-01-13,6호선,청구,3667,3810
2022-01-13,6호선,약수,3544,3430
2022-01-13,6호선,버티고개,1874,1995
2022-01-13,6호선,한강진,7256,8282
2022-01-13,6호선,이태원,8925,8872
2022-01-13,6호선,녹사평,4431,4334
2022-01-13,6호선,삼각지,6085,5597
2022-01-13,6호선,효창공원앞,6657,6178
2022-01-13,6호선,공덕,17944,17323
2022-01-13,6호선,대흥,7587,7932
2022-01-13,6호선,광흥창,8768,8666
2022-01-13,6호선,상수,8556,9256
2022-01-13,6호선,합정,13123,12431
2022-01-13,6호선,망원,14303,15507
2022-01-13,6호선,마포구청,14034,12849
2022-01-13,6호선,월드컵경기장,3316,3514
2022-01-13,6호선,디지털미디어시티,13215,14815
2022-01-13,6호선,증산,9723,9869
2022-01-13,6호선,새절,12049,11244
2022-01-13,6호선,구산,7267,5710
2022-01-13,6호선,연신내,1,0
2022-01-13,6호선,독바위,2575,2796
2022-01-13,6호선,불광,3945,3842
2022-01-13,6호선,역촌,3744,4349
2022-01-13,6호선,응암,16750,17036
2022-01-14,6호선,응암,17156,17224
2022-01-14,6호선,역촌,3682,4341
2022-01-14,6호선,불광,3985,4050
2022-01-14,6호선,독바위,2672,2703
2022-01-14,6호선,연신내,1,0
2022-01-14,6호선,구산,7418,5609
2022-01-14,6호선,새절,12248,11628
2022-01-14,6호선,증산,9830,9874
2022-01-14,6호선,디지털미디어시티,13170,14350
2022-01-14,6호선,월드컵경기장,3742,3871
2022-01-14,6호선,마포구청,14068,12789
2022-01-14,6호선,망원,14958,16289
2022-01-14,6호선,합정,13603,13059
2022-01-14,6호선,상수,8977,10098
2022-01-14,6호선,광흥창,8915,8699
2022-01-14,6호선,대흥,7863,8073
2022-01-14,6호선,공덕,18550,17876
2022-01-14,6호선,효창공원앞,6872,6229
2022-01-14,6호선,삼각지,6454,5743
2022-01-14,6호선,녹사평,4583,4794
2022-01-14,6호선,이태원,10061,10348
2022-01-14,6호선,한강진,9067,10180
2022-01-14,6호선,버티고개,2008,2024
2022-01-14,6호선,약수,3560,3587
2022-01-14,6호선,청구,3728,3908
2022-01-14,6호선,신당,8554,8766
2022-01-14,6호선,동묘앞,7629,7565
2022-01-14,6호선,창신,3271,2686
2022-01-14,6호선,보문,7035,6434
2022-01-14,6호선,안암,9561,9378
2022-01-14,6호선,고려대,7535,7294
2022-01-14,6호선,월곡,11188,11055
2022-01-14,6호선,상월곡,6041,5354
2022-01-14,6호선,돌곶이,9382,8790
2022-01-14,6호선,석계,11845,12216
2022-01-14,6호선,태릉입구,5347,5894
2022-01-14,6호선,화랑대,11308,8790
2022-01-14,6호선,봉화산,8699,8153
2022-01-14,6호선,신내,1,0
2022-01-15,6호선,봉화산,5042,4878
2022-01-15,6호선,화랑대,6430,5383
2022-01-15,6호선,태릉입구,3898,4151
2022-01-15,6호선,석계,8068,8291
2022-01-15,6호선,돌곶이,5666,5227
2022-01-15,6호선,상월곡,3921,3386
2022-01-15,6호선,월곡,6885,6813
2022-01-15,6호선,고려대,4777,4651
2022-01-15,6호선,안암,5554,5354
2022-01-15,6호선,보문,4919,4611
2022-01-15,6호선,창신,2009,1803
2022-01-15,6호선,동묘앞,7002,6658
2022-01-15,6호선,신당,6385,5328
2022-01-15,6호선,청구,2364,2333
2022-01-15,6호선,약수,2327,2428
2022-01-15,6호선,버티고개,1272,1376
2022-01-15,6호선,한강진,9451,10805
2022-01-15,6호선,이태원,11486,11737
2022-01-15,6호선,녹사평,4440,4635
2022-01-15,6호선,삼각지,4820,3938
2022-01-15,6호선,효창공원앞,4369,3862
2022-01-15,6호선,공덕,9679,9077
2022-01-15,6호선,대흥,5164,5092
2022-01-15,6호선,광흥창,4974,4743
2022-01-15,6호선,상수,8051,9549
2022-01-15,6호선,합정,12343,11007
2022-01-15,6호선,망원,13148,14568
2022-01-15,6호선,마포구청,8848,8096
2022-01-15,6호선,월드컵경기장,3267,3294
2022-01-15,6호선,디지털미디어시티,6543,6795
2022-01-15,6호선,증산,6833,6932
2022-01-15,6호선,새절,8188,7978
2022-01-15,6호선,구산,5102,3743
2022-01-15,6호선,독바위,1880,2124
2022-01-15,6호선,불광,3438,3059
2022-01-15,6호선,역촌,2516,2867
2022-01-15,6호선,응암,11734,11820
2022-01-16,6호선,봉화산,3685,3697
2022-01-16,6호선,화랑대,4686,4068
2022-01-16,6호선,태릉입구,2918,3050
2022-01-16,6호선,석계,5810,6081
2022-01-16,6호선,돌곶이,4595,4294
2022-01-16,6호선,상월곡,2901,2711
2022-01-16,6호선,월곡,5035,5049
2022-01-16,6호선,고려대,3491,3458
2022-01-16,6호선,안암,4184,4355
2022-01-16,6호선,보문,3607,3430
2022-01-16,6호선,창신,1569,1463
2022-01-16,6호선,동묘앞,5463,5439
2022-01-16,6호선,신당,4263,4611
2022-01-16,6호선,청구,1666,1590
2022-01-16,6호선,약수,1538,1681
2022-01-16,6호선,버티고개,979,1109
2022-01-16,6호선,한강진,6218,6892
2022-01-16,6호선,이태원,8810,8001
2022-01-16,6호선,녹사평,3572,3523
2022-01-16,6호선,삼각지,3460,2819
2022-01-16,6호선,효창공원앞,3132,2813
2022-01-16,6호선,공덕,6453,6146
2022-01-16,6호선,대흥,3430,3535
2022-01-16,6호선,광흥창,3994,4064
2022-01-16,6호선,상수,6237,7111
2022-01-16,6호선,합정,9228,8104
2022-01-16,6호선,망원,9877,10478
2022-01-16,6호선,마포구청,6442,6060
2022-01-16,6호선,월드컵경기장,2783,2756
2022-01-16,6호선,디지털미디어시티,4638,5027
2022-01-16,6호선,증산,4977,5309
2022-01-16,6호선,새절,5925,5890
2022-01-16,6호선,구산,3568,2794
2022-01-16,6호선,연신내,1,0
2022-01-16,6호선,독바위,1341,1595
2022-01-16,6호선,불광,2794,2337
2022-01-16,6호선,역촌,1818,2151
2022-01-16,6호선,응암,8848,8921
2022-01-17,6호선,응암,16930,17148
2022-01-17,6호선,역촌,3764,4433
2022-01-17,6호선,불광,3934,3915
2022-01-17,6호선,독바위,2596,2840
2022-01-17,6호선,연신내,1,0
2022-01-17,6호선,구산,7162,5838
2022-01-17,6호선,새절,12306,11763
2022-01-17,6호선,증산,9766,9955
2022-01-17,6호선,디지털미디어시티,13574,14977
2022-01-17,6호선,월드컵경기장,3319,3454
2022-01-17,6호선,마포구청,14018,13028
2022-01-17,6호선,망원,13085,14089
2022-01-17,6호선,합정,12272,11662
2022-01-17,6호선,상수,7771,8183
2022-01-17,6호선,광흥창,8773,8774
2022-01-17,6호선,대흥,7813,8084
2022-01-17,6호선,공덕,18240,17562
2022-01-17,6호선,효창공원앞,6797,6196
2022-01-17,6호선,삼각지,5641,5092
2022-01-17,6호선,녹사평,4057,4049
2022-01-17,6호선,이태원,8471,8392
2022-01-17,6호선,한강진,6714,7328
2022-01-17,6호선,버티고개,1978,2035
2022-01-17,6호선,약수,3503,3527
2022-01-17,6호선,청구,3634,3838
2022-01-17,6호선,신당,7307,7846
2022-01-17,6호선,동묘앞,7380,7586
2022-01-17,6호선,창신,3187,2798
2022-01-17,6호선,보문,6777,6403
2022-01-17,6호선,안암,9594,9593
2022-01-17,6호선,고려대,7527,7383
2022-01-17,6호선,월곡,11035,11136
2022-01-17,6호선,상월곡,5982,5483
2022-01-17,6호선,돌곶이,9108,8726
2022-01-17,6호선,석계,11543,12319
2022-01-17,6호선,태릉입구,5246,5642
2022-01-17,6호선,화랑대,11250,8910
2022-01-17,6호선,봉화산,8834,8431
2022-01-18,6호선,신내,1,0
2022-01-18,6호선,봉화산,8986,8361
2022-01-18,6호선,화랑대,11474,9069
2022-01-18,6호선,태릉입구,5195,5711
2022-01-18,6호선,석계,11911,12361
2022-01-18,6호선,돌곶이,9157,8627
2022-01-18,6호선,상월곡,6078,5486
2022-01-18,6호선,월곡,11150,11147
2022-01-18,6호선,고려대,7587,7359
2022-01-18,6호선,안암,9716,9665
2022-01-18,6호선,보문,6909,6505
2022-01-18,6호선,창신,3521,3037
2022-01-18,6호선,동묘앞,7376,7607
2022-01-18,6호선,신당,7831,8295
2022-01-18,6호선,청구,3773,4065
2022-01-18,6호선,약수,3469,3443
2022-01-18,6호선,버티고개,1907,2058
2022-01-18,6호선,한강진,7669,8754
2022-01-18,6호선,이태원,8625,8440
2022-01-18,6호선,녹사평,4305,4207
2022-01-18,6호선,삼각지,6111,5544
2022-01-18,6호선,효창공원앞,6912,6246
2022-01-18,6호선,공덕,18616,17756
2022-01-18,6호선,대흥,7932,8215
2022-01-18,6호선,광흥창,9125,9038
2022-01-18,6호선,상수,8113,8760
2022-01-18,6호선,합정,12434,12057
2022-01-18,6호선,망원,13560,14731
2022-01-18,6호선,마포구청,14396,13244
2022-01-18,6호선,월드컵경기장,3681,3843
2022-01-18,6호선,디지털미디어시티,13681,15176
2022-01-18,6호선,증산,9842,10012
2022-01-18,6호선,새절,12406,11653
2022-01-18,6호선,구산,7366,5576
2022-01-18,6호선,독바위,2689,2793
2022-01-18,6호선,불광,3988,3962
2022-01-18,6호선,역촌,3773,4437
2022-01-18,6호선,응암,17199,17343
2022-01-19,6호선,봉화산,9183,8735
2022-01-19,6호선,화랑대,11933,9401
2022-01-19,6호선,태릉입구,5322,5891
2022-01-19,6호선,석계,12309,12795
2022-01-19,6호선,돌곶이,9590,9105
2022-01-19,6호선,상월곡,6296,5660
2022-01-19,6호선,월곡,11533,11751
2022-01-19,6호선,고려대,7765,7638
2022-01-19,6호선,안암,10500,10242
2022-01-19,6호선,보문,7294,6676
2022-01-19,6호선,창신,3419,2824
2022-01-19,6호선,동묘앞,7243,7551
2022-01-19,6호선,신당,8764,9091
2022-01-19,6호선,청구,3792,4075
2022-01-19,6호선,약수,3667,3710
2022-01-19,6호선,버티고개,2053,2165
2022-01-19,6호선,한강진,9329,10226
2022-01-19,6호선,이태원,8920,8882
2022-01-19,6호선,녹사평,4363,4428
2022-01-19,6호선,삼각지,6576,6058
2022-01-19,6호선,효창공원앞,6984,6459
2022-01-19,6호선,공덕,18999,18218
2022-01-19,6호선,대흥,8147,8398
2022-01-19,6호선,광흥창,9323,9164
2022-01-19,6호선,상수,8393,9089
2022-01-19,6호선,합정,13004,12668
2022-01-19,6호선,망원,13901,14994
2022-01-19,6호선,마포구청,14403,13320
2022-01-19,6호선,월드컵경기장,3660,3789
2022-01-19,6호선,디지털미디어시티,14006,15630
2022-01-19,6호선,증산,9915,10158
2022-01-19,6호선,새절,12587,12042
2022-01-19,6호선,구산,7426,5773
2022-01-19,6호선,연신내,1,0
2022-01-19,6호선,독바위,2678,2884
2022-01-19,6호선,불광,4103,4063
2022-01-19,6호선,역촌,3810,4520
2022-01-19,6호선,응암,17393,17508
2022-01-20,6호선,응암,17363,17471
2022-01-20,6호선,역촌,3844,4542
2022-01-20,6호선,불광,4215,4068
2022-01-20,6호선,독바위,2685,2732
2022-01-20,6호선,연신내,1,0
2022-01-20,6호선,구산,7512,5655
2022-01-20,6호선,새절,12521,11698
2022-01-20,6호선,증산,10070,10155
2022-01-20,6호선,디지털미디어시티,13693,15318
2022-01-20,6호선,월드컵경기장,3638,3885
2022-01-20,6호선,마포구청,14170,13038
2022-01-20,6호선,망원,14184,15184
2022-01-20,6호선,합정,12802,12416
2022-01-20,6호선,상수,8419,9163
2022-01-20,6호선,광흥창,9009,8837
2022-01-20,6호선,대흥,7858,8270
2022-01-20,6호선,공덕,18684,17990
2022-01-20,6호선,효창공원앞,6904,6281
2022-01-20,6호선,삼각지,6403,5695
2022-01-20,6호선,녹사평,4515,4342
2022-01-20,6호선,이태원,9339,9290
2022-01-20,6호선,한강진,8468,9603
2022-01-20,6호선,버티고개,1936,2094
2022-01-20,6호선,약수,3594,3669
2022-01-20,6호선,청구,3755,4096
2022-01-20,6호선,신당,8275,8556
2022-01-20,6호선,동묘앞,7616,7673
2022-01-20,6호선,창신,3375,2727
2022-01-20,6호선,보문,7125,6596
2022-01-20,6호선,안암,9724,9727
2022-01-20,6호선,고려대,7648,7379
2022-01-20,6호선,월곡,11585,11688
2022-01-20,6호선,상월곡,6291,5662
2022-01-20,6호선,돌곶이,9381,8762
2022-01-20,6호선,석계,11961,12416
2022-01-20,6호선,태릉입구,5341,5862
2022-01-20,6호선,화랑대,11581,9022
2022-01-20,6호선,봉화산,9048,8481
2022-01-21,6호선,봉화산,8965,8437
2022-01-21,6호선,화랑대,11713,9125
2022-01-21,6호선,태릉입구,5574,6047
2022-01-21,6호선,석계,12312,12577
2022-01-21,6호선,돌곶이,9525,8887
2022-01-21,6호선,상월곡,6262,5645
2022-01-21,6호선,월곡,11716,11612
2022-01-21,6호선,고려대,7839,7426
2022-01-21,6호선,안암,9928,9698
2022-01-21,6호선,보문,7417,6763
2022-01-21,6호선,창신,3382,2658
2022-01-21,6호선,동묘앞,7935,7935
2022-01-21,6호선,신당,9013,9299
2022-01-21,6호선,청구,3805,4032
2022-01-21,6호선,약수,3646,3779
2022-01-21,6호선,버티고개,2043,2097
2022-01-21,6호선,한강진,9800,11026
2022-01-21,6호선,이태원,10468,10844
2022-01-21,6호선,녹사평,4886,4840
2022-01-21,6호선,삼각지,6590,5888
2022-01-21,6호선,효창공원앞,7010,6386
2022-01-21,6호선,공덕,19074,18364
2022-01-21,6호선,대흥,8082,8272
2022-01-21,6호선,광흥창,9056,8916
2022-01-21,6호선,상수,8694,9740
2022-01-21,6호선,합정,13760,13356
2022-01-21,6호선,망원,14931,16154
2022-01-21,6호선,마포구청,14566,13233
2022-01-21,6호선,월드컵경기장,3831,3997
2022-01-21,6호선,디지털미디어시티,13449,14760
2022-01-21,6호선,증산,10174,10018
2022-01-21,6호선,새절,12788,11938
2022-01-21,6호선,구산,7574,5718
2022-01-21,6호선,연신내,1,0
2022-01-21,6호선,독바위,2662,2754
2022-01-21,6호선,불광,4283,4048
2022-01-21,6호선,역촌,3830,4528
2022-01-21,6호선,응암,17614,17676
2022-01-22,6호선,응암,12279,12418
2022-01-22,6호선,역촌,2506,3044
2022-01-22,6호선,불광,3524,3234
2022-01-22,6호선,독바위,1862,2001
2022-01-22,6호선,구산,5298,3927
2022-01-22,6호선,새절,8503,8125
2022-01-22,6호선,증산,6986,7211
2022-01-22,6호선,디지털미디어시티,6789,6888
2022-01-22,6호선,월드컵경기장,3513,3492
2022-01-22,6호선,마포구청,9287,8373
2022-01-22,6호선,망원,13357,14805
2022-01-22,6호선,합정,12796,11456
2022-01-22,6호선,상수,8115,9264
2022-01-22,6호선,광흥창,5075,4668
2022-01-22,6호선,대흥,5062,5149
2022-01-22,6호선,공덕,10039,9442
2022-01-22,6호선,효창공원앞,4496,4056
2022-01-22,6호선,삼각지,5109,4147
2022-01-22,6호선,녹사평,4453,4834
2022-01-22,6호선,이태원,11825,12072
2022-01-22,6호선,한강진,9879,11362
2022-01-22,6호선,버티고개,1353,1452
2022-01-22,6호선,약수,2450,2492
2022-01-22,6호선,청구,2329,2362
2022-01-22,6호선,신당,6667,5764
2022-01-22,6호선,동묘앞,7456,7049
2022-01-22,6호선,창신,2088,1762
2022-01-22,6호선,보문,4951,4436
2022-01-22,6호선,안암,5907,5847
2022-01-22,6호선,고려대,4794,4621
2022-01-22,6호선,월곡,7633,7341
2022-01-22,6호선,상월곡,4003,3636
2022-01-22,6호선,돌곶이,6019,5617
2022-01-22,6호선,석계,8603,8716
2022-01-22,6호선,태릉입구,4175,4416
2022-01-22,6호선,화랑대,7767,6270
2022-01-22,6호선,봉화산,5153,5102
2022-01-23,6호선,응암,8867,8777
2022-01-23,6호선,역촌,1920,2235
2022-01-23,6호선,불광,2759,2533
2022-01-23,6호선,독바위,1380,1854
2022-01-23,6호선,구산,3602,2713
2022-01-23,6호선,새절,6150,6004
2022-01-23,6호선,증산,5134,5261
2022-01-23,6호선,디지털미디어시티,4847,5103
2022-01-23,6호선,월드컵경기장,2593,2527
2022-01-23,6호선,마포구청,6807,6400
2022-01-23,6호선,망원,9860,10674
2022-01-23,6호선,합정,9078,8198
2022-01-23,6호선,상수,6123,7024
2022-01-23,6호선,광흥창,3989,4056
2022-01-23,6호선,대흥,3504,3708
2022-01-23,6호선,공덕,6622,6106
2022-01-23,6호선,효창공원앞,3196,2900
2022-01-23,6호선,삼각지,3462,2786
2022-01-23,6호선,녹사평,3582,3544
2022-01-23,6호선,이태원,8819,8171
2022-01-23,6호선,한강진,7227,8077
2022-01-23,6호선,버티고개,970,1073
2022-01-23,6호선,약수,1591,1639
2022-01-23,6호선,청구,1609,1587
2022-01-23,6호선,신당,3958,4453
2022-01-23,6호선,동묘앞,5661,5472
2022-01-23,6호선,창신,1503,1390
2022-01-23,6호선,보문,3860,3581
2022-01-23,6호선,안암,4355,4500
2022-01-23,6호선,고려대,3847,3808
2022-01-23,6호선,월곡,5510,5279
2022-01-23,6호선,상월곡,3126,2854
2022-01-23,6호선,돌곶이,4810,4590
2022-01-23,6호선,석계,5985,6438
2022-01-23,6호선,태릉입구,2976,3175
2022-01-23,6호선,화랑대,5133,4461
2022-01-23,6호선,봉화산,3742,3697
2022-01-24,6호선,마포구청,14081,12956
2022-01-24,6호선,응암,17196,17173
2022-01-24,6호선,역촌,3757,4477
2022-01-24,6호선,불광,3961,3926
2022-01-24,6호선,독바위,2676,2836
2022-01-24,6호선,연신내,1,0
2022-01-24,6호선,구산,7436,5707
2022-01-24,6호선,새절,12260,11537
2022-01-24,6호선,증산,10008,9969
2022-01-24,6호선,디지털미디어시티,13604,14960
2022-01-24,6호선,월드컵경기장,4014,4141
2022-01-24,6호선,망원,13569,14367
2022-01-24,6호선,합정,12189,11914
2022-01-24,6호선,상수,7475,8242
2022-01-24,6호선,광흥창,8872,8634
2022-01-24,6호선,대흥,7796,8114
2022-01-24,6호선,공덕,18532,17850
2022-01-24,6호선,효창공원앞,6712,6153
2022-01-24,6호선,삼각지,5657,5034
2022-01-24,6호선,녹사평,4259,4183
2022-01-24,6호선,이태원,8430,8598
2022-01-24,6호선,한강진,6690,7427
2022-01-24,6호선,버티고개,2005,2058
2022-01-24,6호선,약수,3519,3543
2022-01-24,6호선,청구,3517,3908
2022-01-24,6호선,신당,7344,7788
2022-01-24,6호선,동묘앞,7493,7736
2022-01-24,6호선,창신,3215,2655
2022-01-24,6호선,보문,6914,6420
2022-01-24,6호선,안암,9656,9796
2022-01-24,6호선,고려대,7412,7260
2022-01-24,6호선,월곡,11584,11494
2022-01-24,6호선,상월곡,6204,5666
2022-01-24,6호선,돌곶이,9313,8749
2022-01-24,6호선,석계,11820,12321
2022-01-24,6호선,태릉입구,5233,5581
2022-01-24,6호선,화랑대,11493,8985
2022-01-24,6호선,봉화산,8778,8125
2022-01-25,6호선,봉화산,9003,8393
2022-01-25,6호선,화랑대,11461,9126
2022-01-25,6호선,태릉입구,5322,5817
2022-01-25,6호선,석계,12039,12369
2022-01-25,6호선,돌곶이,9234,8730
2022-01-25,6호선,상월곡,6200,5621
2022-01-25,6호선,월곡,11375,11263
2022-01-25,6호선,고려대,7542,7353
2022-01-25,6호선,안암,9939,9861
2022-01-25,6호선,보문,7095,6557
2022-01-25,6호선,창신,3317,2696
2022-01-25,6호선,동묘앞,7282,7403
2022-01-25,6호선,신당,8121,8415
2022-01-25,6호선,청구,3735,3992
2022-01-25,6호선,약수,3660,3609
2022-01-25,6호선,버티고개,1935,2025
2022-01-25,6호선,한강진,7886,8879
2022-01-25,6호선,이태원,8646,8697
2022-01-25,6호선,녹사평,4361,4285
2022-01-25,6호선,삼각지,6350,5731
2022-01-25,6호선,효창공원앞,6908,6261
2022-01-25,6호선,공덕,18884,18189
2022-01-25,6호선,대흥,7940,8169
2022-01-25,6호선,광흥창,8954,8777
2022-01-25,6호선,상수,8026,8704
2022-01-25,6호선,합정,12598,12329
2022-01-25,6호선,망원,14144,15268
2022-01-25,6호선,마포구청,14537,13117
2022-01-25,6호선,월드컵경기장,3772,3939
2022-01-25,6호선,디지털미디어시티,13689,15289
2022-01-25,6호선,증산,10202,10139
2022-01-25,6호선,새절,12629,11814
2022-01-25,6호선,구산,7429,5717
2022-01-25,6호선,독바위,2686,2856
2022-01-25,6호선,불광,4002,4108
2022-01-25,6호선,역촌,3837,4588
2022-01-25,6호선,응암,17570,17413
2022-01-26,6호선,한강진,9310,10302
2022-01-26,6호선,버티고개,1907,2051
2022-01-26,6호선,약수,3536,3501
2022-01-26,6호선,청구,3743,4032
2022-01-26,6호선,신당,8580,8758
2022-01-26,6호선,동묘앞,7769,7944
2022-01-26,6호선,창신,3365,2703
2022-01-26,6호선,보문,7310,6723
2022-01-26,6호선,안암,9883,10051
2022-01-26,6호선,고려대,7635,7412
2022-01-26,6호선,월곡,11680,11661
2022-01-26,6호선,상월곡,6288,5570
2022-01-26,6호선,돌곶이,9541,9053
2022-01-26,6호선,석계,12251,12512
2022-01-26,6호선,태릉입구,5567,6010
2022-01-26,6호선,화랑대,12041,9336
2022-01-26,6호선,봉화산,9013,8398
2022-01-26,6호선,응암,17732,17728
2022-01-26,6호선,역촌,3852,4544
2022-01-26,6호선,불광,4442,4381
2022-01-26,6호선,독바위,2682,2829
2022-01-26,6호선,연신내,2,0
2022-01-26,6호선,구산,7467,5686
2022-01-26,6호선,새절,12674,12028
2022-01-26,6호선,증산,10188,10067
2022-01-26,6호선,디지털미디어시티,13946,15240
2022-01-26,6호선,월드컵경기장,4063,4206
2022-01-26,6호선,마포구청,14609,13390
2022-01-26,6호선,망원,14701,15522
2022-01-26,6호선,합정,12953,12431
2022-01-26,6호선,상수,8263,9115
2022-01-26,6호선,광흥창,9309,9089
2022-01-26,6호선,대흥,7911,8253
2022-01-26,6호선,공덕,19040,18078
2022-01-26,6호선,효창공원앞,6935,6230
2022-01-26,6호선,삼각지,6408,5687
2022-01-26,6호선,녹사평,4444,4446
2022-01-26,6호선,이태원,9021,9133
2022-01-27,6호선,청구,3791,4048
2022-01-27,6호선,봉화산,8969,8342
2022-01-27,6호선,화랑대,11464,8937
2022-01-27,6호선,태릉입구,5579,5874
2022-01-27,6호선,석계,12066,12295
2022-01-27,6호선,돌곶이,9314,8624
2022-01-27,6호선,상월곡,6064,5476
2022-01-27,6호선,월곡,11591,11444
2022-01-27,6호선,고려대,7502,7168
2022-01-27,6호선,안암,9736,9486
2022-01-27,6호선,보문,7165,6594
2022-01-27,6호선,창신,3309,2719
2022-01-27,6호선,동묘앞,7583,7581
2022-01-27,6호선,신당,8117,8541
2022-01-27,6호선,약수,3604,3556
2022-01-27,6호선,버티고개,1972,2042
2022-01-27,6호선,한강진,8045,9175
2022-01-27,6호선,이태원,9181,9099
2022-01-27,6호선,녹사평,4448,4512
2022-01-27,6호선,삼각지,6079,5587
2022-01-27,6호선,효창공원앞,7022,6356
2022-01-27,6호선,공덕,18581,17623
2022-01-27,6호선,대흥,7776,8089
2022-01-27,6호선,광흥창,9038,8677
2022-01-27,6호선,상수,8038,8693
2022-01-27,6호선,합정,12776,12272
2022-01-27,6호선,망원,14263,15174
2022-01-27,6호선,마포구청,14300,12945
2022-01-27,6호선,월드컵경기장,3841,3976
2022-01-27,6호선,디지털미디어시티,13456,15044
2022-01-27,6호선,증산,10015,10013
2022-01-27,6호선,새절,12349,11604
2022-01-27,6호선,구산,7528,5695
2022-01-27,6호선,독바위,2731,2853
2022-01-27,6호선,불광,4192,4090
2022-01-27,6호선,역촌,3926,4488
2022-01-27,6호선,응암,17286,17110
2022-01-28,6호선,응암,17221,17010
2022-01-28,6호선,역촌,3864,4559
2022-01-28,6호선,불광,4230,4051
2022-01-28,6호선,독바위,2587,2692
2022-01-28,6호선,연신내,2,0
2022-01-28,6호선,구산,7337,5482
2022-01-28,6호선,새절,12204,11182
2022-01-28,6호선,증산,9862,9695
2022-01-28,6호선,디지털미디어시티,12635,13959
2022-01-28,6호선,월드컵경기장,4050,4211
2022-01-28,6호선,마포구청,14204,12604
2022-01-28,6호선,망원,14868,15716
2022-01-28,6호선,합정,13100,12760
2022-01-28,6호선,상수,8568,9518
2022-01-28,6호선,광흥창,8796,8527
2022-01-28,6호선,대흥,7755,7811
2022-01-28,6호선,공덕,17952,17403
2022-01-28,6호선,효창공원앞,6774,6205
2022-01-28,6호선,삼각지,5957,5336
2022-01-28,6호선,녹사평,4608,4642
2022-01-28,6호선,이태원,9978,10307
2022-01-28,6호선,한강진,9338,10577
2022-01-28,6호선,버티고개,1919,2006
2022-01-28,6호선,약수,3433,3537
2022-01-28,6호선,청구,3688,3814
2022-01-28,6호선,신당,8306,7890
2022-01-28,6호선,동묘앞,7675,7443
2022-01-28,6호선,창신,3269,2537
2022-01-28,6호선,보문,7234,6354
2022-01-28,6호선,안암,9465,8792
2022-01-28,6호선,고려대,7445,7046
2022-01-28,6호선,월곡,11497,11124
2022-01-28,6호선,상월곡,6062,5270
2022-01-28,6호선,돌곶이,9035,8235
2022-01-28,6호선,석계,11795,12001
2022-01-28,6호선,태릉입구,5392,5728
2022-01-28,6호선,화랑대,10999,8621
2022-01-28,6호선,봉화산,8541,8169
2022-01-29,6호선,봉화산,4354,4284
2022-01-29,6호선,화랑대,5404,4540
2022-01-29,6호선,태릉입구,3222,3373
2022-01-29,6호선,석계,7137,7152
2022-01-29,6호선,돌곶이,4923,4415
2022-01-29,6호선,상월곡,3390,2939
2022-01-29,6호선,월곡,6302,5843
2022-01-29,6호선,고려대,4283,3778
2022-01-29,6호선,안암,4901,4087
2022-01-29,6호선,보문,4061,3395
2022-01-29,6호선,창신,1720,1532
2022-01-29,6호선,동묘앞,5847,5522
2022-01-29,6호선,신당,4895,4281
2022-01-29,6호선,청구,1883,1890
2022-01-29,6호선,약수,2043,2087
2022-01-29,6호선,버티고개,1159,1204
2022-01-29,6호선,한강진,7576,8604
2022-01-29,6호선,이태원,9278,9679
2022-01-29,6호선,녹사평,3518,3799
2022-01-29,6호선,삼각지,3434,2831
2022-01-29,6호선,효창공원앞,3707,3216
2022-01-29,6호선,공덕,8080,7329
2022-01-29,6호선,대흥,4340,4189
2022-01-29,6호선,광흥창,4153,3895
2022-01-29,6호선,상수,6459,6881
2022-01-29,6호선,합정,9653,8668
2022-01-29,6호선,망원,11278,12032
2022-01-29,6호선,마포구청,7536,6481
2022-01-29,6호선,월드컵경기장,3120,3107
2022-01-29,6호선,디지털미디어시티,5589,5713
2022-01-29,6호선,증산,6075,5940
2022-01-29,6호선,새절,7223,6829
2022-01-29,6호선,구산,4330,3330
2022-01-29,6호선,연신내,1,0
2022-01-29,6호선,독바위,1629,1896
2022-01-29,6호선,불광,3175,2814
2022-01-29,6호선,역촌,2229,2519
2022-01-29,6호선,응암,10658,10314
2022-01-30,6호선,봉화산,3141,3269
2022-01-30,6호선,화랑대,3894,3302
2022-01-30,6호선,태릉입구,2434,2383
2022-01-30,6호선,석계,5336,5407
2022-01-30,6호선,돌곶이,4274,3870
2022-01-30,6호선,상월곡,2619,2304
2022-01-30,6호선,월곡,4579,4250
2022-01-30,6호선,고려대,3189,2769
2022-01-30,6호선,안암,3075,2636
2022-01-30,6호선,보문,3155,2543
2022-01-30,6호선,창신,1352,1229
2022-01-30,6호선,동묘앞,4810,4308
2022-01-30,6호선,신당,3211,2890
2022-01-30,6호선,청구,1421,1357
2022-01-30,6호선,약수,1314,1416
2022-01-30,6호선,버티고개,839,905
2022-01-30,6호선,한강진,4604,5461
2022-01-30,6호선,이태원,7644,7660
2022-01-30,6호선,녹사평,2953,2859
2022-01-30,6호선,삼각지,2705,2029
2022-01-30,6호선,효창공원앞,2711,2332
2022-01-30,6호선,공덕,5531,5148
2022-01-30,6호선,대흥,2867,2785
2022-01-30,6호선,광흥창,3360,3178
2022-01-30,6호선,상수,4599,5055
2022-01-30,6호선,합정,7065,6248
2022-01-30,6호선,망원,8612,8865
2022-01-30,6호선,마포구청,5605,4682
2022-01-30,6호선,월드컵경기장,2556,2580
2022-01-30,6호선,디지털미디어시티,4135,4318
2022-01-30,6호선,증산,4587,4496
2022-01-30,6호선,새절,5321,5065
2022-01-30,6호선,구산,3217,2395
2022-01-30,6호선,독바위,1247,1593
2022-01-30,6호선,불광,2431,2140
2022-01-30,6호선,역촌,1742,1849
2022-01-30,6호선,응암,7976,7559
2022-01-31,6호선,봉화산,2424,2547
2022-01-31,6호선,화랑대,3073,2662
2022-01-31,6호선,태릉입구,1795,1899
2022-01-31,6호선,석계,4134,4275
2022-01-31,6호선,돌곶이,2991,2880
2022-01-31,6호선,상월곡,2051,1787
2022-01-31,6호선,월곡,3636,3477
2022-01-31,6호선,고려대,2662,2294
2022-01-31,6호선,안암,2475,2092
2022-01-31,6호선,보문,2414,1966
2022-01-31,6호선,창신,1041,923
2022-01-31,6호선,동묘앞,3389,3169
2022-01-31,6호선,신당,2039,1787
2022-01-31,6호선,청구,1023,1047
2022-01-31,6호선,약수,1117,1147
2022-01-31,6호선,버티고개,659,729
2022-01-31,6호선,한강진,3454,3926
2022-01-31,6호선,이태원,6436,6097
2022-01-31,6호선,녹사평,1935,1978
2022-01-31,6호선,삼각지,1920,1394
2022-01-31,6호선,효창공원앞,1957,1711
2022-01-31,6호선,공덕,4221,3821
2022-01-31,6호선,대흥,2178,2141
2022-01-31,6호선,광흥창,2220,2118
2022-01-31,6호선,상수,3162,3213
2022-01-31,6호선,합정,5050,4500
2022-01-31,6호선,마포구청,4231,3709
2022-01-31,6호선,월드컵경기장,2359,2216
2022-01-31,6호선,디지털미디어시티,3262,3414
2022-01-31,6호선,증산,3707,3614
2022-01-31,6호선,새절,4280,4239
2022-01-31,6호선,구산,2560,1896
2022-01-31,6호선,독바위,1016,1226
2022-01-31,6호선,불광,1864,1649
2022-01-31,6호선,역촌,1267,1483
2022-01-31,6호선,응암,6302,6375
2022-01-31,6호선,망원,6428,6691
2022-02-01,6호선,봉화산,2543,2554
2022-02-01,6호선,화랑대,2884,2600
2022-02-01,6호선,태릉입구,1658,1868
2022-02-01,6호선,석계,4275,4287
2022-02-01,6호선,돌곶이,2884,2956
2022-02-01,6호선,상월곡,2021,1933
2022-02-01,6호선,월곡,3301,3423
2022-02-01,6호선,고려대,2391,2585
2022-02-01,6호선,안암,1998,2204
2022-02-01,6호선,보문,2618,2724
2022-02-01,6호선,창신,1054,999
2022-02-01,6호선,동묘앞,2419,2519
2022-02-01,6호선,신당,1734,1783
2022-02-01,6호선,청구,1117,1102
2022-02-01,6호선,약수,1003,1041
2022-02-01,6호선,버티고개,564,662
2022-02-01,6호선,한강진,1445,1811
2022-02-01,6호선,이태원,5200,5447
2022-02-01,6호선,녹사평,1759,1669
2022-02-01,6호선,삼각지,1597,1189
2022-02-01,6호선,효창공원앞,1825,1723
2022-02-01,6호선,공덕,3382,3440
2022-02-01,6호선,대흥,1861,2071
2022-02-01,6호선,광흥창,1973,2015
2022-02-01,6호선,상수,2406,2870
2022-02-01,6호선,합정,4105,3624
2022-02-01,6호선,망원,4243,4870
2022-02-01,6호선,마포구청,4134,4230
2022-02-01,6호선,월드컵경기장,1909,1794
2022-02-01,6호선,디지털미디어시티,3213,3400
2022-02-01,6호선,증산,3625,3783
2022-02-01,6호선,새절,4227,4394
2022-02-01,6호선,구산,2484,1996
2022-02-01,6호선,독바위,1079,1171
2022-02-01,6호선,불광,1321,1239
2022-02-01,6호선,역촌,1395,1839
2022-02-01,6호선,응암,5918,6290
2022-02-02,6호선,마포구청,4961,5200
2022-02-02,6호선,월드컵경기장,2706,2676
2022-02-02,6호선,디지털미디어시티,3790,4016
2022-02-02,6호선,증산,4062,4373
2022-02-02,6호선,새절,4794,4852
2022-02-02,6호선,구산,2886,2240
2022-02-02,6호선,독바위,1118,1389
2022-02-02,6호선,불광,2291,1960
2022-02-02,6호선,역촌,1468,1887
2022-02-02,6호선,응암,6754,7183
2022-02-02,6호선,망원,6227,7252
2022-02-02,6호선,합정,6660,5965
2022-02-02,6호선,상수,3806,4550
2022-02-02,6호선,광흥창,2647,2738
2022-02-02,6호선,대흥,2461,2844
2022-02-02,6호선,공덕,4744,4723
2022-02-02,6호선,효창공원앞,2159,2076
2022-02-02,6호선,삼각지,2290,2009
2022-02-02,6호선,녹사평,2408,2370
2022-02-02,6호선,이태원,6314,5667
2022-02-02,6호선,한강진,4852,5539
2022-02-02,6호선,버티고개,714,850
2022-02-02,6호선,약수,1180,1244
2022-02-02,6호선,청구,1284,1242
2022-02-02,6호선,신당,2745,2691
2022-02-02,6호선,동묘앞,3666,3675
2022-02-02,6호선,창신,1147,1108
2022-02-02,6호선,보문,2722,2972
2022-02-02,6호선,안암,2699,3612
2022-02-02,6호선,고려대,2580,3017
2022-02-02,6호선,월곡,4306,4481
2022-02-02,6호선,상월곡,2177,2149
2022-02-02,6호선,돌곶이,3339,3287
2022-02-02,6호선,석계,4834,5217
2022-02-02,6호선,태릉입구,2149,2412
2022-02-02,6호선,화랑대,3620,3185
2022-02-02,6호선,봉화산,2902,2931
2022-02-03,6호선,봉화산,8025,7541
2022-02-03,6호선,화랑대,10151,8363
2022-02-03,6호선,태릉입구,4885,5349
2022-02-03,6호선,석계,10656,11262
2022-02-03,6호선,돌곶이,8275,7842
2022-02-03,6호선,상월곡,5459,5009
2022-02-03,6호선,월곡,9545,9773
2022-02-03,6호선,고려대,6654,6720
2022-02-03,6호선,안암,8210,8688
2022-02-03,6호선,보문,6415,6129
2022-02-03,6호선,창신,2939,2462
2022-02-03,6호선,동묘앞,6129,6702
2022-02-03,6호선,신당,5828,6710
2022-02-03,6호선,청구,3325,3472
2022-02-03,6호선,약수,3190,3210
2022-02-03,6호선,버티고개,1738,1858
2022-02-03,6호선,한강진,7379,8284
2022-02-03,6호선,이태원,8116,8135
2022-02-03,6호선,녹사평,3904,3916
2022-02-03,6호선,삼각지,4994,4565
2022-02-03,6호선,효창공원앞,5987,5487
2022-02-03,6호선,공덕,15343,15096
2022-02-03,6호선,대흥,6911,7339
2022-02-03,6호선,광흥창,8076,7942
2022-02-03,6호선,상수,7024,7892
2022-02-03,6호선,합정,11209,10935
2022-02-03,6호선,망원,11993,13144
2022-02-03,6호선,마포구청,12661,11902
2022-02-03,6호선,월드컵경기장,3333,3496
2022-02-03,6호선,디지털미디어시티,11940,13262
2022-02-03,6호선,증산,8919,9210
2022-02-03,6호선,새절,11180,10430
2022-02-03,6호선,구산,6947,5557
2022-02-03,6호선,독바위,2379,2532
2022-02-03,6호선,불광,3760,3672
2022-02-03,6호선,역촌,3568,4288
2022-02-03,6호선,응암,15688,16029
2022-02-04,6호선,봉화산,8384,7892
2022-02-04,6호선,화랑대,10722,8466
2022-02-04,6호선,태릉입구,4971,5545
2022-02-04,6호선,석계,11391,11882
2022-02-04,6호선,돌곶이,8680,8181
2022-02-04,6호선,상월곡,5642,5047
2022-02-04,6호선,월곡,10686,10630
2022-02-04,6호선,고려대,7068,7058
2022-02-04,6호선,안암,8725,8731
2022-02-04,6호선,보문,7083,6543
2022-02-04,6호선,창신,3110,2535
2022-02-04,6호선,동묘앞,7214,7438
2022-02-04,6호선,신당,7366,7729
2022-02-04,6호선,청구,3492,3766
2022-02-04,6호선,약수,3457,3492
2022-02-04,6호선,버티고개,1881,1930
2022-02-04,6호선,한강진,8192,9186
2022-02-04,6호선,이태원,8915,9476
2022-02-04,6호선,녹사평,4231,4288
2022-02-04,6호선,삼각지,5692,5097
2022-02-04,6호선,효창공원앞,6350,5887
2022-02-04,6호선,공덕,16849,16136
2022-02-04,6호선,대흥,7391,7638
2022-02-04,6호선,광흥창,8227,8153
2022-02-04,6호선,상수,8147,8913
2022-02-04,6호선,합정,12742,12106
2022-02-04,6호선,망원,13603,14671
2022-02-04,6호선,마포구청,13331,12495
2022-02-04,6호선,월드컵경기장,3409,3442
2022-02-04,6호선,디지털미디어시티,12331,13606
2022-02-04,6호선,증산,9270,9350
2022-02-04,6호선,새절,11780,11185
2022-02-04,6호선,구산,7190,5592
2022-02-04,6호선,독바위,2529,2652
2022-02-04,6호선,불광,3989,3869
2022-02-04,6호선,역촌,3690,4351
2022-02-04,6호선,응암,16329,16419
2022-02-05,6호선,응암,10389,10542
2022-02-05,6호선,역촌,2270,2605
2022-02-05,6호선,불광,3137,2832
2022-02-05,6호선,독바위,1606,1834
2022-02-05,6호선,연신내,1,0
2022-02-05,6호선,구산,4615,3601
2022-02-05,6호선,새절,7150,7016
2022-02-05,6호선,증산,5947,6097
2022-02-05,6호선,디지털미디어시티,5780,5951
2022-02-05,6호선,월드컵경기장,2830,2966
2022-02-05,6호선,마포구청,8039,7367
2022-02-05,6호선,망원,11340,12395
2022-02-05,6호선,합정,10980,9739
2022-02-05,6호선,상수,7279,8457
2022-02-05,6호선,광흥창,4380,4272
2022-02-05,6호선,대흥,4621,4584
2022-02-05,6호선,공덕,8384,7885
2022-02-05,6호선,효창공원앞,3752,3477
2022-02-05,6호선,삼각지,3811,3306
2022-02-05,6호선,녹사평,3508,3764
2022-02-05,6호선,이태원,9587,9722
2022-02-05,6호선,한강진,8327,9302
2022-02-05,6호선,버티고개,1180,1268
2022-02-05,6호선,약수,2077,2041
2022-02-05,6호선,청구,1992,2107
2022-02-05,6호선,신당,4795,4101
2022-02-05,6호선,동묘앞,6184,5616
2022-02-05,6호선,창신,1810,1623
2022-02-05,6호선,보문,4284,4000
2022-02-05,6호선,안암,4897,4817
2022-02-05,6호선,고려대,4291,4312
2022-02-05,6호선,월곡,6064,6071
2022-02-05,6호선,상월곡,3381,3061
2022-02-05,6호선,돌곶이,5143,4781
2022-02-05,6호선,석계,6997,7253
2022-02-05,6호선,태릉입구,3346,3708
2022-02-05,6호선,화랑대,5563,4762
2022-02-05,6호선,봉화산,4375,4295
2022-02-06,6호선,봉화산,3167,3173
2022-02-06,6호선,화랑대,4496,3851
2022-02-06,6호선,태릉입구,2473,2585
2022-02-06,6호선,석계,5264,5410
2022-02-06,6호선,돌곶이,4192,4007
2022-02-06,6호선,상월곡,2676,2429
2022-02-06,6호선,월곡,4561,4554
2022-02-06,6호선,고려대,3320,3273
2022-02-06,6호선,안암,3616,3961
2022-02-06,6호선,보문,3349,3207
2022-02-06,6호선,창신,1403,1256
2022-02-06,6호선,동묘앞,4534,4479
2022-02-06,6호선,신당,3197,3776
2022-02-06,6호선,청구,1404,1353
2022-02-06,6호선,약수,1439,1465
2022-02-06,6호선,버티고개,776,926
2022-02-06,6호선,한강진,6191,6796
2022-02-06,6호선,이태원,7028,6439
2022-02-06,6호선,녹사평,2716,2807
2022-02-06,6호선,삼각지,2794,2269
2022-02-06,6호선,효창공원앞,2783,2527
2022-02-06,6호선,공덕,5543,5196
2022-02-06,6호선,대흥,3134,3257
2022-02-06,6호선,광흥창,3522,3585
2022-02-06,6호선,상수,5477,6304
2022-02-06,6호선,합정,8357,7292
2022-02-06,6호선,망원,8028,8488
2022-02-06,6호선,마포구청,6080,5627
2022-02-06,6호선,월드컵경기장,2537,2559
2022-02-06,6호선,디지털미디어시티,4345,4557
2022-02-06,6호선,증산,4479,4687
2022-02-06,6호선,새절,5146,5096
2022-02-06,6호선,구산,3257,2517
2022-02-06,6호선,연신내,1,0
2022-02-06,6호선,독바위,1210,1460
2022-02-06,6호선,불광,2422,2027
2022-02-06,6호선,역촌,1641,2008
2022-02-06,6호선,응암,7751,7884
2022-02-07,6호선,응암,16520,16648
2022-02-07,6호선,역촌,3692,4387
2022-02-07,6호선,불광,3811,3876
2022-02-07,6호선,독바위,2514,2709
2022-02-07,6호선,연신내,1,0
2022-02-07,6호선,구산,7179,5476
2022-02-07,6호선,새절,11998,11448
2022-02-07,6호선,증산,9377,9503
2022-02-07,6호선,디지털미디어시티,13066,14258
2022-02-07,6호선,월드컵경기장,3556,3586
2022-02-07,6호선,마포구청,13691,12422
2022-02-07,6호선,망원,12542,13531
2022-02-07,6호선,합정,11349,11216
2022-02-07,6호선,상수,7219,7822
2022-02-07,6호선,광흥창,8621,8413
2022-02-07,6호선,대흥,7536,7818
2022-02-07,6호선,공덕,17632,17004
2022-02-07,6호선,효창공원앞,6424,5847
2022-02-07,6호선,삼각지,5325,4768
2022-02-07,6호선,녹사평,3871,3907
2022-02-07,6호선,이태원,7996,8040
2022-02-07,6호선,한강진,6159,6840
2022-02-07,6호선,버티고개,1876,1992
2022-02-07,6호선,약수,3394,3452
2022-02-07,6호선,청구,3517,3837
2022-02-07,6호선,신당,7296,7811
2022-02-07,6호선,동묘앞,7215,7405
2022-02-07,6호선,창신,3146,2582
2022-02-07,6호선,보문,6643,6236
2022-02-07,6호선,안암,9168,9177
2022-02-07,6호선,고려대,7189,7041
2022-02-07,6호선,월곡,10847,10810
2022-02-07,6호선,상월곡,5743,5351
2022-02-07,6호선,돌곶이,9036,8621
2022-02-07,6호선,석계,11338,11880
2022-02-07,6호선,태릉입구,4988,5433
2022-02-07,6호선,화랑대,10989,8842
2022-02-07,6호선,봉화산,8581,7912
2022-02-08,6호선,봉화산,8641,8102
2022-02-08,6호선,화랑대,11117,8793
2022-02-08,6호선,태릉입구,5160,5597
2022-02-08,6호선,석계,11455,11896
2022-02-08,6호선,돌곶이,8879,8432
2022-02-08,6호선,상월곡,5798,5301
2022-02-08,6호선,월곡,10830,10882
2022-02-08,6호선,고려대,7261,7095
2022-02-08,6호선,안암,9220,9084
2022-02-08,6호선,보문,6864,6529
2022-02-08,6호선,창신,3208,2612
2022-02-08,6호선,동묘앞,7276,7305
2022-02-08,6호선,신당,7405,7875
2022-02-08,6호선,청구,3632,3893
2022-02-08,6호선,약수,3507,3358
2022-02-08,6호선,버티고개,1879,1992
2022-02-08,6호선,한강진,6848,7648
2022-02-08,6호선,이태원,8117,8122
2022-02-08,6호선,녹사평,4087,4105
2022-02-08,6호선,삼각지,5649,5113
2022-02-08,6호선,효창공원앞,6472,6042
2022-02-08,6호선,공덕,17656,17061
2022-02-08,6호선,대흥,7514,7800
2022-02-08,6호선,광흥창,8755,8563
2022-02-08,6호선,상수,7487,8137
2022-02-08,6호선,합정,11710,11238
2022-02-08,6호선,망원,12891,13807
2022-02-08,6호선,마포구청,13732,12616
2022-02-08,6호선,월드컵경기장,3664,3855
2022-02-08,6호선,디지털미디어시티,13254,14541
2022-02-08,6호선,증산,9573,9618
2022-02-08,6호선,새절,12044,11478
2022-02-08,6호선,구산,7207,5565
2022-02-08,6호선,연신내,2,0
2022-02-08,6호선,독바위,2575,2734
2022-02-08,6호선,불광,3996,3816
2022-02-08,6호선,역촌,3578,4239
2022-02-08,6호선,응암,16767,16822
2022-02-09,6호선,합정,11886,11504
2022-02-09,6호선,응암,16772,16890
2022-02-09,6호선,역촌,3965,4642
2022-02-09,6호선,불광,4089,3975
2022-02-09,6호선,독바위,2526,2696
2022-02-09,6호선,구산,7133,5530
2022-02-09,6호선,새절,12237,11583
2022-02-09,6호선,증산,9718,9776
2022-02-09,6호선,디지털미디어시티,13223,14548
2022-02-09,6호선,월드컵경기장,3789,3969
2022-02-09,6호선,마포구청,13657,12652
2022-02-09,6호선,망원,13208,13933
2022-02-09,6호선,상수,7432,8258
2022-02-09,6호선,광흥창,8654,8558
2022-02-09,6호선,대흥,7599,7958
2022-02-09,6호선,공덕,17922,17228
2022-02-09,6호선,효창공원앞,6516,6000
2022-02-09,6호선,삼각지,5724,5083
2022-02-09,6호선,녹사평,4067,4088
2022-02-09,6호선,이태원,8512,8620
2022-02-09,6호선,한강진,6857,7692
2022-02-09,6호선,버티고개,1847,1959
2022-02-09,6호선,약수,3427,3380
2022-02-09,6호선,청구,3688,3985
2022-02-09,6호선,신당,7292,7767
2022-02-09,6호선,동묘앞,7225,7322
2022-02-09,6호선,창신,3148,2619
2022-02-09,6호선,보문,6952,6424
2022-02-09,6호선,안암,9300,9253
2022-02-09,6호선,고려대,7209,7269
2022-02-09,6호선,월곡,10990,11029
2022-02-09,6호선,상월곡,5885,5325
2022-02-09,6호선,돌곶이,9009,8624
2022-02-09,6호선,석계,11442,11906
2022-02-09,6호선,태릉입구,5128,5596
2022-02-09,6호선,화랑대,10991,8656
2022-02-09,6호선,봉화산,8573,8027
2022-02-10,6호선,응암,16695,16797
2022-02-10,6호선,역촌,3650,4233
2022-02-10,6호선,불광,4000,3919
2022-02-10,6호선,독바위,2611,2723
2022-02-10,6호선,연신내,1,0
2022-02-10,6호선,구산,7223,5634
2022-02-10,6호선,새절,12095,11423
2022-02-10,6호선,증산,9599,9673
2022-02-10,6호선,디지털미디어시티,13088,14402
2022-02-10,6호선,월드컵경기장,3761,3929
2022-02-10,6호선,마포구청,13584,12273
2022-02-10,6호선,망원,13384,14367
2022-02-10,6호선,합정,12038,11673
2022-02-10,6호선,상수,7471,8293
2022-02-10,6호선,광흥창,8606,8456
2022-02-10,6호선,대흥,7562,7818
2022-02-10,6호선,공덕,17463,16952
2022-02-10,6호선,효창공원앞,6512,5902
2022-02-10,6호선,삼각지,5886,5181
2022-02-10,6호선,녹사평,4193,4147
2022-02-10,6호선,이태원,8548,8443
2022-02-10,6호선,한강진,7067,7956
2022-02-10,6호선,버티고개,1937,1977
2022-02-10,6호선,약수,3427,3366
2022-02-10,6호선,청구,3653,3994
2022-02-10,6호선,신당,7264,7724
2022-02-10,6호선,동묘앞,7405,7443
2022-02-10,6호선,창신,3136,2600
2022-02-10,6호선,보문,6845,6349
2022-02-10,6호선,안암,9138,9132
2022-02-10,6호선,고려대,7188,7022
2022-02-10,6호선,월곡,10945,10909
2022-02-10,6호선,상월곡,5765,5281
2022-02-10,6호선,돌곶이,8974,8305
2022-02-10,6호선,석계,11471,11826
2022-02-10,6호선,태릉입구,5105,5631
2022-02-10,6호선,화랑대,10960,8704
2022-02-10,6호선,봉화산,8509,8024
2022-02-11,6호선,응암,16865,17081
2022-02-11,6호선,역촌,3844,4484
2022-02-11,6호선,불광,3999,4070
2022-02-11,6호선,독바위,2641,2632
2022-02-11,6호선,연신내,3,0
2022-02-11,6호선,구산,7384,5622
2022-02-11,6호선,새절,12059,11428
2022-02-11,6호선,증산,9579,9519
2022-02-11,6호선,디지털미디어시티,13024,13967
2022-02-11,6호선,월드컵경기장,3955,4074
2022-02-11,6호선,마포구청,13936,12611
2022-02-11,6호선,망원,14038,15029
2022-02-11,6호선,합정,12853,12314
2022-02-11,6호선,상수,8026,9029
2022-02-11,6호선,광흥창,8551,8413
2022-02-11,6호선,대흥,7671,7866
2022-02-11,6호선,공덕,17844,17124
2022-02-11,6호선,효창공원앞,6718,6082
2022-02-11,6호선,삼각지,5955,5280
2022-02-11,6호선,녹사평,4360,4430
2022-02-11,6호선,이태원,9314,9726
2022-02-11,6호선,한강진,7460,8291
2022-02-11,6호선,버티고개,1938,1966
2022-02-11,6호선,약수,3556,3535
2022-02-11,6호선,청구,3638,3897
2022-02-11,6호선,신당,7405,7668
2022-02-11,6호선,동묘앞,7579,7658
2022-02-11,6호선,창신,3174,2499
2022-02-11,6호선,보문,7034,6431
2022-02-11,6호선,안암,9201,8948
2022-02-11,6호선,고려대,7518,7070
2022-02-11,6호선,월곡,11025,10672
2022-02-11,6호선,상월곡,5772,5235
2022-02-11,6호선,돌곶이,8889,8293
2022-02-11,6호선,석계,11527,11844
2022-02-11,6호선,태릉입구,5199,5732
2022-02-11,6호선,화랑대,11111,8747
2022-02-11,6호선,봉화산,8542,8034
2022-02-12,6호선,효창공원앞,4302,3912
2022-02-12,6호선,응암,11658,11448
2022-02-12,6호선,역촌,2450,2901
2022-02-12,6호선,불광,3361,3023
2022-02-12,6호선,독바위,1810,2033
2022-02-12,6호선,구산,4924,3710
2022-02-12,6호선,새절,8012,7632
2022-02-12,6호선,증산,6733,6811
2022-02-12,6호선,디지털미디어시티,6642,6844
2022-02-12,6호선,월드컵경기장,3444,3502
2022-02-12,6호선,마포구청,8754,7933
2022-02-12,6호선,망원,12088,13104
2022-02-12,6호선,합정,11309,10284
2022-02-12,6호선,상수,7330,8344
2022-02-12,6호선,광흥창,4794,4510
2022-02-12,6호선,대흥,4796,4834
2022-02-12,6호선,공덕,9077,8545
2022-02-12,6호선,삼각지,4479,3540
2022-02-12,6호선,녹사평,4138,4392
2022-02-12,6호선,이태원,10395,10769
2022-02-12,6호선,한강진,6345,7686
2022-02-12,6호선,버티고개,1288,1361
2022-02-12,6호선,약수,2218,2341
2022-02-12,6호선,청구,2240,2206
2022-02-12,6호선,신당,5769,4963
2022-02-12,6호선,동묘앞,7046,6658
2022-02-12,6호선,창신,2008,1609
2022-02-12,6호선,보문,4839,4399
2022-02-12,6호선,안암,5444,5376
2022-02-12,6호선,고려대,5043,4931
2022-02-12,6호선,월곡,6650,6647
2022-02-12,6호선,상월곡,3667,3259
2022-02-12,6호선,돌곶이,5483,5132
2022-02-12,6호선,석계,7870,7956
2022-02-12,6호선,태릉입구,3722,3990
2022-02-12,6호선,화랑대,6360,5437
2022-02-12,6호선,봉화산,4822,4657
2022-02-13,6호선,봉화산,3401,3321
2022-02-13,6호선,화랑대,4549,3948
2022-02-13,6호선,태릉입구,2803,2915
2022-02-13,6호선,석계,5644,5808
2022-02-13,6호선,돌곶이,4616,4421
2022-02-13,6호선,상월곡,2826,2480
2022-02-13,6호선,월곡,4775,4687
2022-02-13,6호선,고려대,3594,3507
2022-02-13,6호선,안암,3877,4134
2022-02-13,6호선,보문,3666,3409
2022-02-13,6호선,창신,1485,1330
2022-02-13,6호선,동묘앞,5246,5172
2022-02-13,6호선,신당,3845,4387
2022-02-13,6호선,청구,1439,1402
2022-02-13,6호선,약수,1557,1569
2022-02-13,6호선,버티고개,872,958
2022-02-13,6호선,한강진,4598,5413
2022-02-13,6호선,이태원,7917,7358
2022-02-13,6호선,녹사평,3203,3282
2022-02-13,6호선,삼각지,3143,2398
2022-02-13,6호선,효창공원앞,3021,2748
2022-02-13,6호선,공덕,5998,5643
2022-02-13,6호선,대흥,3470,3484
2022-02-13,6호선,광흥창,3682,3670
2022-02-13,6호선,상수,5541,6350
2022-02-13,6호선,합정,8457,7421
2022-02-13,6호선,망원,9055,9481
2022-02-13,6호선,마포구청,6318,5818
2022-02-13,6호선,월드컵경기장,2611,2574
2022-02-13,6호선,디지털미디어시티,4686,4854
2022-02-13,6호선,증산,4898,5001
2022-02-13,6호선,새절,5536,5465
2022-02-13,6호선,구산,3362,2516
2022-02-13,6호선,연신내,2,0
2022-02-13,6호선,독바위,1364,1646
2022-02-13,6호선,불광,2585,2341
2022-02-13,6호선,역촌,1806,2164
2022-02-13,6호선,응암,8242,8218
2022-02-14,6호선,응암,16427,16623
2022-02-14,6호선,역촌,3656,4329
2022-02-14,6호선,불광,3900,3910
2022-02-14,6호선,독바위,2542,2654
2022-02-14,6호선,연신내,1,0
2022-02-14,6호선,구산,6991,5505
2022-02-14,6호선,새절,11602,11095
2022-02-14,6호선,증산,9590,9526
2022-02-14,6호선,디지털미디어시티,12892,14318
2022-02-14,6호선,월드컵경기장,3580,3677
2022-02-14,6호선,마포구청,13477,12441
2022-02-14,6호선,망원,12737,13602
2022-02-14,6호선,합정,11740,11162
2022-02-14,6호선,상수,7423,8155
2022-02-14,6호선,광흥창,8332,8226
2022-02-14,6호선,대흥,7392,7737
2022-02-14,6호선,공덕,17308,16927
2022-02-14,6호선,효창공원앞,6409,6012
2022-02-14,6호선,삼각지,5312,4772
2022-02-14,6호선,녹사평,3918,3915
2022-02-14,6호선,이태원,8118,8104
2022-02-14,6호선,한강진,6359,7072
2022-02-14,6호선,버티고개,1881,1981
2022-02-14,6호선,약수,3346,3376
2022-02-14,6호선,청구,3611,3880
2022-02-14,6호선,신당,7803,8142
2022-02-14,6호선,동묘앞,7216,7506
2022-02-14,6호선,창신,3133,2598
2022-02-14,6호선,보문,6736,6278
2022-02-14,6호선,안암,8999,9119
2022-02-14,6호선,고려대,7203,7096
2022-02-14,6호선,월곡,10884,10830
2022-02-14,6호선,상월곡,5721,5315
2022-02-14,6호선,돌곶이,8828,8502
2022-02-14,6호선,석계,11230,11793
2022-02-14,6호선,태릉입구,5056,5433
2022-02-14,6호선,화랑대,10961,8682
2022-02-14,6호선,봉화산,8456,8038
2022-02-14,6호선,신내,1,0
2022-02-15,6호선,응암,16663,16657
2022-02-15,6호선,역촌,3648,4440
2022-02-15,6호선,불광,3904,3831
2022-02-15,6호선,독바위,2493,2622
2022-02-15,6호선,연신내,1,0
2022-02-15,6호선,구산,6952,5477
2022-02-15,6호선,새절,11834,11254
2022-02-15,6호선,증산,9480,9638
2022-02-15,6호선,디지털미디어시티,12612,14194
2022-02-15,6호선,월드컵경기장,3501,3695
2022-02-15,6호선,마포구청,13565,12591
2022-02-15,6호선,망원,12564,13588
2022-02-15,6호선,합정,11765,11385
2022-02-15,6호선,상수,7430,8094
2022-02-15,6호선,광흥창,8476,8318
2022-02-15,6호선,대흥,7346,7701
2022-02-15,6호선,공덕,17476,16997
2022-02-15,6호선,효창공원앞,6492,5978
2022-02-15,6호선,삼각지,5765,5142
2022-02-15,6호선,녹사평,3983,3909
2022-02-15,6호선,이태원,8182,8069
2022-02-15,6호선,한강진,7666,8596
2022-02-15,6호선,버티고개,1865,1923
2022-02-15,6호선,약수,3279,3336
2022-02-15,6호선,청구,3667,3797
2022-02-15,6호선,신당,7950,8146
2022-02-15,6호선,동묘앞,7281,7402
2022-02-15,6호선,창신,3218,2600
2022-02-15,6호선,보문,6645,6256
2022-02-15,6호선,안암,9154,9099
2022-02-15,6호선,고려대,7125,7108
2022-02-15,6호선,월곡,10728,10653
2022-02-15,6호선,상월곡,5802,5200
2022-02-15,6호선,돌곶이,8718,8360
2022-02-15,6호선,석계,11355,11815
2022-02-15,6호선,태릉입구,4970,5381
2022-02-15,6호선,화랑대,10799,8700
2022-02-15,6호선,봉화산,8394,7998
2022-02-16,6호선,상수,7609,8125
2022-02-16,6호선,광흥창,8324,8198
2022-02-16,6호선,대흥,7134,7531
2022-02-16,6호선,공덕,16824,16466
2022-02-16,6호선,효창공원앞,6321,5875
2022-02-16,6호선,삼각지,5622,5145
2022-02-16,6호선,녹사평,3877,3859
2022-02-16,6호선,이태원,7997,8098
2022-02-16,6호선,한강진,8678,9569
2022-02-16,6호선,버티고개,1787,1875
2022-02-16,6호선,약수,3337,3316
2022-02-16,6호선,청구,3531,3848
2022-02-16,6호선,신당,7910,8298
2022-02-16,6호선,동묘앞,6972,7202
2022-02-16,6호선,창신,3198,2689
2022-02-16,6호선,보문,6672,6180
2022-02-16,6호선,안암,9046,9091
2022-02-16,6호선,고려대,7123,7045
2022-02-16,6호선,월곡,10414,10362
2022-02-16,6호선,상월곡,5680,5257
2022-02-16,6호선,돌곶이,8620,8237
2022-02-16,6호선,석계,11110,11618
2022-02-16,6호선,태릉입구,4907,5411
2022-02-16,6호선,화랑대,10855,8598
2022-02-16,6호선,봉화산,8306,7889
2022-02-16,6호선,신내,2,0
2022-02-16,6호선,응암,15998,16132
2022-02-16,6호선,역촌,3561,4315
2022-02-16,6호선,불광,4019,3860
2022-02-16,6호선,독바위,2435,2602
2022-02-16,6호선,연신내,3,0
2022-02-16,6호선,구산,6991,5334
2022-02-16,6호선,새절,11535,10958
2022-02-16,6호선,증산,9219,9386
2022-02-16,6호선,디지털미디어시티,12442,13694
2022-02-16,6호선,월드컵경기장,3230,3432
2022-02-16,6호선,마포구청,13104,12187
2022-02-16,6호선,망원,12635,13423
2022-02-16,6호선,합정,11775,11237
2022-02-17,6호선,신내,2,0
2022-02-17,6호선,봉화산,8193,7803
2022-02-17,6호선,화랑대,10633,8537
2022-02-17,6호선,태릉입구,5042,5344
2022-02-17,6호선,석계,10815,11450
2022-02-17,6호선,돌곶이,8679,7882
2022-02-17,6호선,상월곡,5621,5074
2022-02-17,6호선,월곡,10422,10363
2022-02-17,6호선,고려대,6956,6894
2022-02-17,6호선,안암,8999,8856
2022-02-17,6호선,보문,6716,6201
2022-02-17,6호선,창신,3068,2599
2022-02-17,6호선,동묘앞,7751,7751
2022-02-17,6호선,신당,7832,8136
2022-02-17,6호선,청구,3571,3769
2022-02-17,6호선,약수,3226,3190
2022-02-17,6호선,버티고개,1753,1893
2022-02-17,6호선,한강진,7492,8327
2022-02-17,6호선,이태원,8065,8151
2022-02-17,6호선,녹사평,3953,3973
2022-02-17,6호선,삼각지,5506,5065
2022-02-17,6호선,효창공원앞,6260,5767
2022-02-17,6호선,공덕,16713,16103
2022-02-17,6호선,대흥,7019,7459
2022-02-17,6호선,광흥창,8254,8057
2022-02-17,6호선,상수,7665,8271
2022-02-17,6호선,합정,11675,11184
2022-02-17,6호선,망원,12466,13479
2022-02-17,6호선,마포구청,13182,12178
2022-02-17,6호선,월드컵경기장,3708,3861
2022-02-17,6호선,디지털미디어시티,12174,13664
2022-02-17,6호선,증산,9153,9156
2022-02-17,6호선,새절,11383,10743
2022-02-17,6호선,구산,6814,5327
2022-02-17,6호선,연신내,1,0
2022-02-17,6호선,독바위,2389,2506
2022-02-17,6호선,불광,3934,3851
2022-02-17,6호선,역촌,3605,4262
2022-02-17,6호선,응암,15856,16051
2022-02-18,6호선,봉화산,8278,7748
2022-02-18,6호선,화랑대,11051,8756
2022-02-18,6호선,태릉입구,5110,5645
2022-02-18,6호선,석계,11281,11685
2022-02-18,6호선,돌곶이,8656,8121
2022-02-18,6호선,상월곡,5796,5077
2022-02-18,6호선,월곡,10725,10667
2022-02-18,6호선,고려대,7307,7248
2022-02-18,6호선,안암,9519,9217
2022-02-18,6호선,보문,7073,6357
2022-02-18,6호선,창신,3078,2476
2022-02-18,6호선,동묘앞,7350,7434
2022-02-18,6호선,신당,8016,8288
2022-02-18,6호선,청구,3599,3778
2022-02-18,6호선,약수,3340,3360
2022-02-18,6호선,버티고개,1888,1915
2022-02-18,6호선,한강진,8972,10047
2022-02-18,6호선,이태원,9297,9752
2022-02-18,6호선,녹사평,4269,4385
2022-02-18,6호선,삼각지,5900,5264
2022-02-18,6호선,효창공원앞,6456,5814
2022-02-18,6호선,공덕,17175,16550
2022-02-18,6호선,대흥,7436,7700
2022-02-18,6호선,광흥창,8325,8042
2022-02-18,6호선,상수,8396,9566
2022-02-18,6호선,합정,12438,11828
2022-02-18,6호선,망원,13384,14460
2022-02-18,6호선,마포구청,13456,12231
2022-02-18,6호선,월드컵경기장,3777,3872
2022-02-18,6호선,디지털미디어시티,12218,13385
2022-02-18,6호선,증산,9531,9466
2022-02-18,6호선,새절,11779,11104
2022-02-18,6호선,구산,7030,5425
2022-02-18,6호선,독바위,2496,2541
2022-02-18,6호선,불광,4039,3984
2022-02-18,6호선,역촌,3717,4338
2022-02-18,6호선,응암,16427,16421
2022-02-19,6호선,합정,11067,10118
2022-02-19,6호선,상수,7899,8632
2022-02-19,6호선,광흥창,4660,4502
2022-02-19,6호선,대흥,4835,4889
2022-02-19,6호선,공덕,8750,8316
2022-02-19,6호선,효창공원앞,4060,3813
2022-02-19,6호선,삼각지,4307,3537
2022-02-19,6호선,녹사평,3948,4266
2022-02-19,6호선,이태원,10550,10640
2022-02-19,6호선,한강진,6523,7849
2022-02-19,6호선,버티고개,1209,1294
2022-02-19,6호선,약수,2334,2292
2022-02-19,6호선,청구,2161,2262
2022-02-19,6호선,신당,6216,5170
2022-02-19,6호선,동묘앞,7056,6338
2022-02-19,6호선,창신,1860,1642
2022-02-19,6호선,보문,4596,4206
2022-02-19,6호선,안암,5896,5740
2022-02-19,6호선,고려대,4908,4905
2022-02-19,6호선,월곡,6648,6540
2022-02-19,6호선,상월곡,3726,3403
2022-02-19,6호선,돌곶이,5287,5017
2022-02-19,6호선,석계,7886,8014
2022-02-19,6호선,태릉입구,3663,3852
2022-02-19,6호선,화랑대,5957,5041
2022-02-19,6호선,봉화산,4706,4713
2022-02-19,6호선,망원,11861,12626
2022-02-19,6호선,마포구청,8582,7746
2022-02-19,6호선,월드컵경기장,3258,3304
2022-02-19,6호선,응암,11156,11205
2022-02-19,6호선,역촌,2489,2864
2022-02-19,6호선,불광,3329,3026
2022-02-19,6호선,독바위,1682,1985
2022-02-19,6호선,구산,4934,3784
2022-02-19,6호선,새절,7604,7429
2022-02-19,6호선,증산,6505,6593
2022-02-19,6호선,디지털미디어시티,6264,6531
2022-02-20,6호선,응암,7688,8013
2022-02-20,6호선,역촌,1756,1964
2022-02-20,6호선,불광,2469,2077
2022-02-20,6호선,독바위,1210,1595
2022-02-20,6호선,구산,3302,2542
2022-02-20,6호선,새절,5214,5122
2022-02-20,6호선,증산,4557,4752
2022-02-20,6호선,디지털미디어시티,4266,4561
2022-02-20,6호선,월드컵경기장,2567,2560
2022-02-20,6호선,마포구청,5820,5539
2022-02-20,6호선,망원,8126,8553
2022-02-20,6호선,합정,8041,7052
2022-02-20,6호선,상수,5508,6173
2022-02-20,6호선,광흥창,3440,3441
2022-02-20,6호선,대흥,3238,3334
2022-02-20,6호선,효창공원앞,2861,2625
2022-02-20,6호선,삼각지,2942,2411
2022-02-20,6호선,녹사평,2973,2939
2022-02-20,6호선,이태원,7517,7041
2022-02-20,6호선,한강진,4761,5466
2022-02-20,6호선,버티고개,870,922
2022-02-20,6호선,약수,1515,1432
2022-02-20,6호선,청구,1483,1441
2022-02-20,6호선,신당,3824,4220
2022-02-20,6호선,동묘앞,4710,4641
2022-02-20,6호선,창신,1396,1294
2022-02-20,6호선,보문,3372,3205
2022-02-20,6호선,안암,4340,4475
2022-02-20,6호선,고려대,3733,3767
2022-02-20,6호선,월곡,4651,4654
2022-02-20,6호선,상월곡,2721,2421
2022-02-20,6호선,돌곶이,4463,4248
2022-02-20,6호선,석계,5570,5840
2022-02-20,6호선,태릉입구,2666,2687
2022-02-20,6호선,화랑대,4282,3624
2022-02-20,6호선,봉화산,3272,3308
2022-02-20,6호선,공덕,6047,5629
2022-02-21,6호선,응암,16076,16092
2022-02-21,6호선,역촌,3575,4297
2022-02-21,6호선,불광,3776,3626
2022-02-21,6호선,독바위,2417,2611
2022-02-21,6호선,구산,6907,5359
2022-02-21,6호선,새절,11387,10660
2022-02-21,6호선,증산,9147,9191
2022-02-21,6호선,디지털미디어시티,12155,13621
2022-02-21,6호선,월드컵경기장,3310,3462
2022-02-21,6호선,마포구청,13140,12110
2022-02-21,6호선,망원,11997,12883
2022-02-21,6호선,합정,11102,10693
2022-02-21,6호선,상수,7073,7597
2022-02-21,6호선,광흥창,8087,7971
2022-02-21,6호선,대흥,7272,7784
2022-02-21,6호선,공덕,16654,16169
2022-02-21,6호선,효창공원앞,6183,5643
2022-02-21,6호선,삼각지,5040,4462
2022-02-21,6호선,녹사평,3838,3833
2022-02-21,6호선,이태원,7895,7831
2022-02-21,6호선,한강진,6102,6962
2022-02-21,6호선,버티고개,1775,1830
2022-02-21,6호선,약수,3258,3230
2022-02-21,6호선,청구,3404,3747
2022-02-21,6호선,신당,7007,7589
2022-02-21,6호선,동묘앞,6930,7180
2022-02-21,6호선,창신,3061,2542
2022-02-21,6호선,보문,6557,6099
2022-02-21,6호선,안암,9729,9680
2022-02-21,6호선,고려대,7204,7149
2022-02-21,6호선,월곡,10736,10597
2022-02-21,6호선,상월곡,5578,5182
2022-02-21,6호선,돌곶이,8478,8001
2022-02-21,6호선,석계,11104,11727
2022-02-21,6호선,태릉입구,4856,5332
2022-02-21,6호선,화랑대,10605,8305
2022-02-21,6호선,봉화산,8201,7671
2022-02-22,6호선,봉화산,8269,7740
2022-02-22,6호선,화랑대,10576,8334
2022-02-22,6호선,태릉입구,4952,5325
2022-02-22,6호선,석계,11231,11843
2022-02-22,6호선,돌곶이,8488,8062
2022-02-22,6호선,상월곡,5609,5101
2022-02-22,6호선,월곡,10563,10537
2022-02-22,6호선,고려대,6998,6919
2022-02-22,6호선,안암,9455,9336
2022-02-22,6호선,보문,6560,6201
2022-02-22,6호선,동묘앞,7037,7199
2022-02-22,6호선,신당,7692,7998
2022-02-22,6호선,청구,3465,3783
2022-02-22,6호선,약수,3231,3246
2022-02-22,6호선,버티고개,1772,1885
2022-02-22,6호선,한강진,6617,7594
2022-02-22,6호선,이태원,8100,7960
2022-02-22,6호선,녹사평,4051,4022
2022-02-22,6호선,삼각지,5443,4926
2022-02-22,6호선,효창공원앞,6385,5844
2022-02-22,6호선,공덕,16867,16199
2022-02-22,6호선,대흥,7027,7421
2022-02-22,6호선,광흥창,8202,8099
2022-02-22,6호선,상수,7588,8133
2022-02-22,6호선,합정,11355,11033
2022-02-22,6호선,망원,12302,13103
2022-02-22,6호선,마포구청,13259,12114
2022-02-22,6호선,월드컵경기장,3510,3760
2022-02-22,6호선,디지털미디어시티,12431,13739
2022-02-22,6호선,증산,9368,9424
2022-02-22,6호선,새절,11714,10904
2022-02-22,6호선,구산,6908,5447
2022-02-22,6호선,독바위,2470,2612
2022-02-22,6호선,불광,3926,3760
2022-02-22,6호선,역촌,3584,4296
2022-02-22,6호선,응암,16183,16135
2022-02-22,6호선,창신,3148,2645
2022-02-23,6호선,봉화산,8066,7583
2022-02-23,6호선,화랑대,10522,8387
2022-02-23,6호선,태릉입구,4941,5347
2022-02-23,6호선,석계,11346,11800
2022-02-23,6호선,돌곶이,8648,8176
2022-02-23,6호선,상월곡,5643,5142
2022-02-23,6호선,월곡,10509,10602
2022-02-23,6호선,고려대,6993,6918
2022-02-23,6호선,안암,9529,9548
2022-02-23,6호선,보문,6615,6123
2022-02-23,6호선,창신,3082,2558
2022-02-23,6호선,동묘앞,7039,7156
2022-02-23,6호선,신당,8072,8342
2022-02-23,6호선,청구,3492,3805
2022-02-23,6호선,약수,3245,3196
2022-02-23,6호선,버티고개,1801,1857
2022-02-23,6호선,한강진,6630,7587
2022-02-23,6호선,이태원,7925,8076
2022-02-23,6호선,녹사평,4033,4009
2022-02-23,6호선,삼각지,5339,4950
2022-02-23,6호선,효창공원앞,6287,5792
2022-02-23,6호선,공덕,16669,16100
2022-02-23,6호선,대흥,7161,7530
2022-02-23,6호선,광흥창,8100,8119
2022-02-23,6호선,상수,7345,7962
2022-02-23,6호선,합정,11464,10979
2022-02-23,6호선,망원,12476,13391
2022-02-23,6호선,마포구청,13219,12087
2022-02-23,6호선,월드컵경기장,3512,3668
2022-02-23,6호선,디지털미디어시티,12255,13530
2022-02-23,6호선,증산,9061,9139
2022-02-23,6호선,새절,11447,10808
2022-02-23,6호선,구산,6801,5342
2022-02-23,6호선,독바위,2430,2585
2022-02-23,6호선,불광,3957,3891
2022-02-23,6호선,역촌,3572,4226
2022-02-23,6호선,응암,15908,16163
2022-02-24,6호선,응암,15998,16066
2022-02-24,6호선,역촌,3608,4194
2022-02-24,6호선,불광,3836,3790
2022-02-24,6호선,독바위,2456,2639
2022-02-24,6호선,연신내,1,0
2022-02-24,6호선,구산,6832,5338
2022-02-24,6호선,새절,11588,10921
2022-02-24,6호선,증산,9293,9261
2022-02-24,6호선,디지털미디어시티,12326,13490
2022-02-24,6호선,월드컵경기장,3707,3833
2022-02-24,6호선,마포구청,13112,12190
2022-02-24,6호선,망원,12755,13449
2022-02-24,6호선,합정,11558,11212
2022-02-24,6호선,상수,7474,8287
2022-02-24,6호선,광흥창,8068,7896
2022-02-24,6호선,대흥,7261,7562
2022-02-24,6호선,공덕,16650,15966
2022-02-24,6호선,효창공원앞,6364,5852
2022-02-24,6호선,삼각지,5533,4875
2022-02-24,6호선,녹사평,4050,4099
2022-02-24,6호선,이태원,8265,8242
2022-02-24,6호선,한강진,6471,7426
2022-02-24,6호선,버티고개,1807,1840
2022-02-24,6호선,약수,3201,3252
2022-02-24,6호선,청구,3564,3756
2022-02-24,6호선,신당,7692,7996
2022-02-24,6호선,동묘앞,7126,7240
2022-02-24,6호선,창신,3095,2463
2022-02-24,6호선,보문,6751,6176
2022-02-24,6호선,안암,9675,9602
2022-02-24,6호선,고려대,7205,7203
2022-02-24,6호선,월곡,10470,10440
2022-02-24,6호선,상월곡,5621,5042
2022-02-24,6호선,돌곶이,8585,8053
2022-02-24,6호선,석계,11304,11778
2022-02-24,6호선,태릉입구,4999,5416
2022-02-24,6호선,화랑대,10554,8457
2022-02-24,6호선,봉화산,8036,7593
2022-02-25,6호선,응암,16456,16272
2022-02-25,6호선,역촌,3678,4306
2022-02-25,6호선,불광,3973,3905
2022-02-25,6호선,독바위,2508,2554
2022-02-25,6호선,구산,7121,5295
2022-02-25,6호선,새절,11943,11381
2022-02-25,6호선,증산,9628,9411
2022-02-25,6호선,디지털미디어시티,12348,13501
2022-02-25,6호선,월드컵경기장,3826,3934
2022-02-25,6호선,마포구청,13476,12118
2022-02-25,6호선,망원,13614,14649
2022-02-25,6호선,합정,12328,12250
2022-02-25,6호선,상수,8184,9067
2022-02-25,6호선,광흥창,8321,8033
2022-02-25,6호선,대흥,7570,7815
2022-02-25,6호선,공덕,17342,16635
2022-02-25,6호선,효창공원앞,6577,6024
2022-02-25,6호선,삼각지,5809,5189
2022-02-25,6호선,녹사평,4447,4456
2022-02-25,6호선,이태원,9672,10288
2022-02-25,6호선,한강진,8181,9208
2022-02-25,6호선,버티고개,1844,1884
2022-02-25,6호선,약수,3335,3376
2022-02-25,6호선,청구,3470,3794
2022-02-25,6호선,신당,7936,8247
2022-02-25,6호선,동묘앞,7549,7448
2022-02-25,6호선,창신,3094,2440
2022-02-25,6호선,보문,6847,6206
2022-02-25,6호선,안암,11328,11076
2022-02-25,6호선,고려대,8396,8534
2022-02-25,6호선,월곡,10822,10731
2022-02-25,6호선,상월곡,5741,5076
2022-02-25,6호선,돌곶이,8802,8239
2022-02-25,6호선,석계,11518,11946
2022-02-25,6호선,태릉입구,5077,5411
2022-02-25,6호선,화랑대,10675,8438
2022-02-25,6호선,봉화산,8233,7687
2022-02-26,6호선,상수,7093,8171
2022-02-26,6호선,봉화산,4441,4362
2022-02-26,6호선,화랑대,5847,4802
2022-02-26,6호선,태릉입구,3661,3729
2022-02-26,6호선,석계,7450,7573
2022-02-26,6호선,돌곶이,5282,4907
2022-02-26,6호선,상월곡,3573,3148
2022-02-26,6호선,월곡,6413,6383
2022-02-26,6호선,고려대,4892,4990
2022-02-26,6호선,안암,6324,6001
2022-02-26,6호선,보문,4284,3941
2022-02-26,6호선,창신,1803,1471
2022-02-26,6호선,동묘앞,6563,5971
2022-02-26,6호선,신당,5763,4835
2022-02-26,6호선,청구,2116,2198
2022-02-26,6호선,약수,2199,2222
2022-02-26,6호선,버티고개,1216,1291
2022-02-26,6호선,한강진,6693,7835
2022-02-26,6호선,이태원,10342,10556
2022-02-26,6호선,녹사평,3666,3872
2022-02-26,6호선,삼각지,4023,3231
2022-02-26,6호선,효창공원앞,4085,3719
2022-02-26,6호선,공덕,8689,8133
2022-02-26,6호선,대흥,4771,4824
2022-02-26,6호선,광흥창,4407,4286
2022-02-26,6호선,합정,10267,9283
2022-02-26,6호선,망원,10738,11614
2022-02-26,6호선,마포구청,8204,7364
2022-02-26,6호선,월드컵경기장,3085,3216
2022-02-26,6호선,디지털미디어시티,6127,6262
2022-02-26,6호선,증산,6367,6438
2022-02-26,6호선,새절,7563,7221
2022-02-26,6호선,구산,4766,3684
2022-02-26,6호선,연신내,3,0
2022-02-26,6호선,독바위,1641,1893
2022-02-26,6호선,불광,3381,2876
2022-02-26,6호선,역촌,2387,2909
2022-02-26,6호선,응암,11768,11582
2022-02-27,6호선,봉화산,3354,3315
2022-02-27,6호선,화랑대,4712,4147
2022-02-27,6호선,태릉입구,2745,2829
2022-02-27,6호선,석계,5730,6262
2022-02-27,6호선,돌곶이,4568,4258
2022-02-27,6호선,상월곡,2777,2499
2022-02-27,6호선,월곡,4834,4708
2022-02-27,6호선,고려대,4008,4130
2022-02-27,6호선,안암,5218,5451
2022-02-27,6호선,보문,3443,3241
2022-02-27,6호선,창신,1536,1326
2022-02-27,6호선,동묘앞,5500,5339
2022-02-27,6호선,신당,4214,4626
2022-02-27,6호선,청구,1517,1478
2022-02-27,6호선,약수,1573,1581
2022-02-27,6호선,버티고개,897,997
2022-02-27,6호선,한강진,5956,6816
2022-02-27,6호선,이태원,8357,8126
2022-02-27,6호선,녹사평,3330,3320
2022-02-27,6호선,삼각지,3164,2431
2022-02-27,6호선,효창공원앞,3116,2920
2022-02-27,6호선,공덕,5969,5652
2022-02-27,6호선,대흥,3650,3651
2022-02-27,6호선,광흥창,3597,3621
2022-02-27,6호선,상수,5646,6253
2022-02-27,6호선,합정,8485,7344
2022-02-27,6호선,망원,8553,9170
2022-02-27,6호선,마포구청,6364,5845
2022-02-27,6호선,월드컵경기장,2654,2697
2022-02-27,6호선,디지털미디어시티,4301,4594
2022-02-27,6호선,증산,4913,4948
2022-02-27,6호선,새절,5533,5323
2022-02-27,6호선,구산,3332,2580
2022-02-27,6호선,독바위,1349,1712
2022-02-27,6호선,불광,2659,2477
2022-02-27,6호선,역촌,1826,2130
2022-02-27,6호선,응암,7770,7975
2022-02-28,6호선,응암,15693,15570
2022-02-28,6호선,역촌,3549,4088
2022-02-28,6호선,불광,3944,3803
2022-02-28,6호선,독바위,2353,2478
2022-02-28,6호선,연신내,1,0
2022-02-28,6호선,구산,6721,5162
2022-02-28,6호선,새절,11117,10425
2022-02-28,6호선,증산,9085,8905
2022-02-28,6호선,디지털미디어시티,11497,12485
2022-02-28,6호선,월드컵경기장,3748,3845
2022-02-28,6호선,마포구청,12693,11490
2022-02-28,6호선,망원,12259,13287
2022-02-28,6호선,합정,11528,11232
2022-02-28,6호선,상수,7365,8148
2022-02-28,6호선,광흥창,7837,7469
2022-02-28,6호선,대흥,6908,7121
2022-02-28,6호선,공덕,15919,15378
2022-02-28,6호선,효창공원앞,6199,5689
2022-02-28,6호선,삼각지,5074,4445
2022-02-28,6호선,녹사평,4050,4079
2022-02-28,6호선,이태원,8826,9202
2022-02-28,6호선,한강진,6019,7177
2022-02-28,6호선,버티고개,1737,1830
2022-02-28,6호선,약수,3259,3237
2022-02-28,6호선,청구,3293,3534
2022-02-28,6호선,신당,7625,8013
2022-02-28,6호선,동묘앞,7297,7441
2022-02-28,6호선,창신,2864,2355
2022-02-28,6호선,보문,6482,5941
2022-02-28,6호선,안암,10232,10174
2022-02-28,6호선,고려대,7200,7175
2022-02-28,6호선,월곡,10571,10473
2022-02-28,6호선,상월곡,5432,4820
2022-02-28,6호선,돌곶이,8223,7718
2022-02-28,6호선,석계,11000,11454
2022-02-28,6호선,태릉입구,4944,5364
2022-02-28,6호선,화랑대,10097,7898
2022-02-28,6호선,봉화산,7731,7290
2022-03-01,6호선,봉화산,3578,3583
2022-03-01,6호선,화랑대,4714,4078
2022-03-01,6호선,태릉입구,2915,3188
2022-03-01,6호선,석계,6193,6350
2022-03-01,6호선,돌곶이,4443,4282
2022-03-01,6호선,상월곡,3037,2752
2022-03-01,6호선,월곡,5704,5747
2022-03-01,6호선,고려대,3840,3888
2022-03-01,6호선,안암,5385,5679
2022-03-01,6호선,보문,3678,3507
2022-03-01,6호선,창신,1529,1396
2022-03-01,6호선,동묘앞,5024,4769
2022-03-01,6호선,신당,4703,4796
2022-03-01,6호선,청구,1880,1993
2022-03-01,6호선,약수,1636,1602
2022-03-01,6호선,버티고개,864,972
2022-03-01,6호선,한강진,5359,6261
2022-03-01,6호선,이태원,7714,7258
2022-03-01,6호선,녹사평,3028,3108
2022-03-01,6호선,삼각지,3277,2517
2022-03-01,6호선,효창공원앞,3183,2947
2022-03-01,6호선,공덕,6560,5982
2022-03-01,6호선,대흥,3590,3670
2022-03-01,6호선,광흥창,3414,3272
2022-03-01,6호선,상수,5553,5959
2022-03-01,6호선,합정,8223,7699
2022-03-01,6호선,망원,8620,9325
2022-03-01,6호선,마포구청,6581,5946
2022-03-01,6호선,월드컵경기장,3593,3626
2022-03-01,6호선,디지털미디어시티,4885,5073
2022-03-01,6호선,증산,5299,5554
2022-03-01,6호선,새절,6165,6062
2022-03-01,6호선,구산,3731,2851
2022-03-01,6호선,독바위,1405,1558
2022-03-01,6호선,불광,2887,2602
2022-03-01,6호선,역촌,1915,2266
2022-03-01,6호선,응암,8725,8681
2022-03-02,6호선,응암,16564,16591
2022-03-02,6호선,역촌,3635,4234
2022-03-02,6호선,불광,4000,4038
2022-03-02,6호선,독바위,2503,2686
2022-03-02,6호선,연신내,1,0
2022-03-02,6호선,구산,7380,5730
2022-03-02,6호선,새절,12389,11621
2022-03-02,6호선,증산,9561,9702
2022-03-02,6호선,디지털미디어시티,13010,14051
2022-03-02,6호선,월드컵경기장,4121,4303
2022-03-02,6호선,마포구청,13622,12512
2022-03-02,6호선,망원,12614,13268
2022-03-02,6호선,합정,11528,11242
2022-03-02,6호선,상수,7584,8295
2022-03-02,6호선,광흥창,8692,8530
2022-03-02,6호선,대흥,7777,8172
2022-03-02,6호선,공덕,16790,16359
2022-03-02,6호선,효창공원앞,6589,6234
2022-03-02,6호선,삼각지,5637,5022
2022-03-02,6호선,녹사평,4139,4106
2022-03-02,6호선,이태원,7966,7960
2022-03-02,6호선,한강진,6957,7939
2022-03-02,6호선,버티고개,1870,1962
2022-03-02,6호선,약수,3390,3298
2022-03-02,6호선,청구,3575,3958
2022-03-02,6호선,신당,7417,8011
2022-03-02,6호선,동묘앞,7376,7361
2022-03-02,6호선,창신,3399,2871
2022-03-02,6호선,보문,6916,6405
2022-03-02,6호선,안암,11604,11747
2022-03-02,6호선,고려대,7685,7756
2022-03-02,6호선,월곡,10822,10893
2022-03-02,6호선,상월곡,5899,5351
2022-03-02,6호선,돌곶이,9133,8705
2022-03-02,6호선,석계,11913,12628
2022-03-02,6호선,태릉입구,5208,5686
2022-03-02,6호선,화랑대,11536,9052
2022-03-02,6호선,봉화산,8322,7939
2022-03-03,6호선,봉화산,8409,7952
2022-03-03,6호선,화랑대,11261,8882
2022-03-03,6호선,태릉입구,5164,5658
2022-03-03,6호선,석계,11814,12419
2022-03-03,6호선,돌곶이,9128,8512
2022-03-03,6호선,상월곡,5839,5291
2022-03-03,6호선,월곡,10741,10866
2022-03-03,6호선,고려대,7673,7531
2022-03-03,6호선,안암,11400,11426
2022-03-03,6호선,보문,6987,6505
2022-03-03,6호선,창신,3268,2667
2022-03-03,6호선,동묘앞,7296,7454
2022-03-03,6호선,신당,7361,7759
2022-03-03,6호선,청구,3565,3832
2022-03-03,6호선,약수,3329,3356
2022-03-03,6호선,버티고개,1871,2013
2022-03-03,6호선,한강진,6619,7527
2022-03-03,6호선,이태원,8071,8183
2022-03-03,6호선,녹사평,4159,4140
2022-03-03,6호선,삼각지,5607,4945
2022-03-03,6호선,효창공원앞,6758,6347
2022-03-03,6호선,공덕,16551,16048
2022-03-03,6호선,대흥,7890,8255
2022-03-03,6호선,광흥창,8459,8187
2022-03-03,6호선,상수,7655,8394
2022-03-03,6호선,합정,11566,11306
2022-03-03,6호선,망원,12480,13275
2022-03-03,6호선,마포구청,13452,12245
2022-03-03,6호선,월드컵경기장,4077,4247
2022-03-03,6호선,디지털미디어시티,12746,13966
2022-03-03,6호선,증산,9660,9843
2022-03-03,6호선,새절,12461,11830
2022-03-03,6호선,구산,7317,5689
2022-03-03,6호선,독바위,2544,2770
2022-03-03,6호선,불광,3913,3868
2022-03-03,6호선,역촌,3613,4303
2022-03-03,6호선,응암,16509,16581
2022-03-04,6호선,봉화산,8112,7761
2022-03-04,6호선,화랑대,11354,8795
2022-03-04,6호선,태릉입구,5232,5671
2022-03-04,6호선,석계,11724,12268
2022-03-04,6호선,돌곶이,8972,8503
2022-03-04,6호선,상월곡,5998,5393
2022-03-04,6호선,월곡,11001,11085
2022-03-04,6호선,고려대,7646,7339
2022-03-04,6호선,안암,11473,11053
2022-03-04,6호선,보문,7191,6560
2022-03-04,6호선,창신,3199,2733
2022-03-04,6호선,동묘앞,7361,7259
2022-03-04,6호선,신당,7584,7642
2022-03-04,6호선,청구,3543,3826
2022-03-04,6호선,약수,3436,3420
2022-03-04,6호선,버티고개,1863,1933
2022-03-04,6호선,한강진,7006,8065
2022-03-04,6호선,이태원,9299,9619
2022-03-04,6호선,녹사평,4292,4347
2022-03-04,6호선,삼각지,5692,4925
2022-03-04,6호선,효창공원앞,6499,6062
2022-03-04,6호선,공덕,16756,16187
2022-03-04,6호선,대흥,7873,8021
2022-03-04,6호선,광흥창,8579,8453
2022-03-04,6호선,상수,8609,9216
2022-03-04,6호선,합정,12159,11840
2022-03-04,6호선,망원,12879,13705
2022-03-04,6호선,마포구청,13366,12249
2022-03-04,6호선,월드컵경기장,3835,4000
2022-03-04,6호선,디지털미디어시티,12395,13432
2022-03-04,6호선,증산,9472,9514
2022-03-04,6호선,새절,11893,11329
2022-03-04,6호선,구산,7151,5477
2022-03-04,6호선,연신내,2,0
2022-03-04,6호선,독바위,2461,2595
2022-03-04,6호선,불광,3823,3862
2022-03-04,6호선,역촌,3663,4238
2022-03-04,6호선,응암,16466,16504
2022-03-05,6호선,광흥창,4918,4717
2022-03-05,6호선,상수,7585,8651
2022-03-05,6호선,대흥,5004,5028
2022-03-05,6호선,공덕,8489,7947
2022-03-05,6호선,효창공원앞,3902,3569
2022-03-05,6호선,삼각지,4098,3296
2022-03-05,6호선,녹사평,4083,4518
2022-03-05,6호선,이태원,11729,12149
2022-03-05,6호선,한강진,6444,7860
2022-03-05,6호선,버티고개,1114,1242
2022-03-05,6호선,약수,2240,2230
2022-03-05,6호선,청구,2191,2135
2022-03-05,6호선,신당,4614,3940
2022-03-05,6호선,동묘앞,6581,6221
2022-03-05,6호선,창신,1948,1663
2022-03-05,6호선,보문,4828,4455
2022-03-05,6호선,안암,6597,6354
2022-03-05,6호선,고려대,4772,4724
2022-03-05,6호선,월곡,6617,6492
2022-03-05,6호선,상월곡,3986,3532
2022-03-05,6호선,돌곶이,5469,5066
2022-03-05,6호선,석계,7915,7859
2022-03-05,6호선,태릉입구,3547,3742
2022-03-05,6호선,화랑대,6170,5152
2022-03-05,6호선,봉화산,4435,4444
2022-03-05,6호선,합정,11119,10099
2022-03-05,6호선,망원,11156,12096
2022-03-05,6호선,마포구청,8233,7448
2022-03-05,6호선,월드컵경기장,3570,3708
2022-03-05,6호선,디지털미디어시티,5970,6363
2022-03-05,6호선,증산,6554,6646
2022-03-05,6호선,응암,11153,10931
2022-03-05,6호선,역촌,2353,2740
2022-03-05,6호선,불광,3384,3055
2022-03-05,6호선,독바위,1744,2182
2022-03-05,6호선,구산,4769,3703
2022-03-05,6호선,새절,7496,7142
2022-03-06,6호선,신내,1,0
2022-03-06,6호선,봉화산,3294,3297
2022-03-06,6호선,화랑대,4350,3771
2022-03-06,6호선,태릉입구,2596,2804
2022-03-06,6호선,석계,5669,5868
2022-03-06,6호선,돌곶이,4585,4366
2022-03-06,6호선,상월곡,2744,2510
2022-03-06,6호선,월곡,4869,4751
2022-03-06,6호선,고려대,3392,3459
2022-03-06,6호선,안암,4893,5237
2022-03-06,6호선,보문,3306,3136
2022-03-06,6호선,창신,1373,1278
2022-03-06,6호선,동묘앞,5341,5144
2022-03-06,6호선,신당,3092,3578
2022-03-06,6호선,청구,1398,1381
2022-03-06,6호선,약수,1448,1472
2022-03-06,6호선,버티고개,869,949
2022-03-06,6호선,한강진,4783,5568
2022-03-06,6호선,이태원,7940,7270
2022-03-06,6호선,녹사평,3074,3160
2022-03-06,6호선,삼각지,2893,2194
2022-03-06,6호선,효창공원앞,2815,2528
2022-03-06,6호선,공덕,5842,5484
2022-03-06,6호선,대흥,3405,3597
2022-03-06,6호선,광흥창,3430,3411
2022-03-06,6호선,상수,5433,6148
2022-03-06,6호선,합정,7962,7269
2022-03-06,6호선,망원,8113,8554
2022-03-06,6호선,마포구청,6000,5543
2022-03-06,6호선,월드컵경기장,3215,3243
2022-03-06,6호선,디지털미디어시티,4208,4412
2022-03-06,6호선,증산,4594,4732
2022-03-06,6호선,새절,5394,5199
2022-03-06,6호선,구산,3180,2508
2022-03-06,6호선,독바위,1279,1669
2022-03-06,6호선,불광,2557,2286
2022-03-06,6호선,역촌,1753,1980
2022-03-06,6호선,응암,8525,8663
2022-03-07,6호선,신내,1,0
2022-03-07,6호선,봉화산,8224,7708
2022-03-07,6호선,화랑대,11090,8771
2022-03-07,6호선,태릉입구,5070,5520
2022-03-07,6호선,석계,11597,12321
2022-03-07,6호선,돌곶이,8702,8422
2022-03-07,6호선,상월곡,5657,5063
2022-03-07,6호선,월곡,10878,10881
2022-03-07,6호선,고려대,7347,7209
2022-03-07,6호선,안암,10974,11178
2022-03-07,6호선,보문,6731,6271
2022-03-07,6호선,창신,3257,2669
2022-03-07,6호선,동묘앞,7039,7188
2022-03-07,6호선,신당,7441,7897
2022-03-07,6호선,청구,3406,3760
2022-03-07,6호선,약수,3307,3348
2022-03-07,6호선,버티고개,1835,1850
2022-03-07,6호선,한강진,5725,6539
2022-03-07,6호선,이태원,7560,7626
2022-03-07,6호선,녹사평,3792,3769
2022-03-07,6호선,삼각지,5262,4685
2022-03-07,6호선,효창공원앞,6398,6045
2022-03-07,6호선,공덕,16161,15748
2022-03-07,6호선,대흥,7542,7793
2022-03-07,6호선,광흥창,8209,8121
2022-03-07,6호선,상수,7225,8117
2022-03-07,6호선,합정,10964,10737
2022-03-07,6호선,망원,12019,12683
2022-03-07,6호선,마포구청,13229,12001
2022-03-07,6호선,월드컵경기장,3764,3897
2022-03-07,6호선,디지털미디어시티,12502,13743
2022-03-07,6호선,증산,9249,9280
2022-03-07,6호선,새절,12209,11591
2022-03-07,6호선,구산,7097,5448
2022-03-07,6호선,연신내,1,0
2022-03-07,6호선,독바위,2450,2601
2022-03-07,6호선,불광,3736,3623
2022-03-07,6호선,역촌,3590,4074
2022-03-07,6호선,응암,16005,16053
2022-03-08,6호선,약수,3336,3322
2022-03-08,6호선,응암,16569,16211
2022-03-08,6호선,역촌,3562,4102
2022-03-08,6호선,불광,3891,3782
2022-03-08,6호선,독바위,2519,2617
2022-03-08,6호선,구산,7309,5550
2022-03-08,6호선,새절,12329,11675
2022-03-08,6호선,증산,9434,9540
2022-03-08,6호선,디지털미디어시티,12660,13900
2022-03-08,6호선,월드컵경기장,3937,4103
2022-03-08,6호선,마포구청,13412,12164
2022-03-08,6호선,망원,12458,13376
2022-03-08,6호선,합정,11645,11567
2022-03-08,6호선,상수,7984,8937
2022-03-08,6호선,광흥창,8260,7986
2022-03-08,6호선,대흥,7733,7957
2022-03-08,6호선,공덕,16918,16486
2022-03-08,6호선,효창공원앞,6493,6117
2022-03-08,6호선,삼각지,5691,4994
2022-03-08,6호선,녹사평,4104,4192
2022-03-08,6호선,이태원,8852,9319
2022-03-08,6호선,한강진,6512,7686
2022-03-08,6호선,버티고개,1884,1919
2022-03-08,6호선,청구,3581,3832
2022-03-08,6호선,신당,7585,8037
2022-03-08,6호선,동묘앞,7456,7539
2022-03-08,6호선,창신,3295,2684
2022-03-08,6호선,보문,6852,6331
2022-03-08,6호선,안암,11550,11363
2022-03-08,6호선,고려대,7567,7305
2022-03-08,6호선,월곡,10882,10828
2022-03-08,6호선,상월곡,5790,5215
2022-03-08,6호선,돌곶이,9622,8936
2022-03-08,6호선,석계,11751,12384
2022-03-08,6호선,태릉입구,5227,5770
2022-03-08,6호선,화랑대,11285,8718
2022-03-08,6호선,봉화산,8410,7872
2022-03-08,6호선,신내,3,0
2022-03-09,6호선,봉화산,3801,3820
2022-03-09,6호선,화랑대,5233,4447
2022-03-09,6호선,태릉입구,3079,3377
2022-03-09,6호선,석계,6759,6662
2022-03-09,6호선,돌곶이,4800,4563
2022-03-09,6호선,상월곡,3234,2909
2022-03-09,6호선,월곡,6024,5875
2022-03-09,6호선,고려대,3882,3947
2022-03-09,6호선,안암,5499,5530
2022-03-09,6호선,보문,4026,3741
2022-03-09,6호선,창신,1592,1530
2022-03-09,6호선,동묘앞,5481,5157
2022-03-09,6호선,신당,4804,4944
2022-03-09,6호선,청구,2065,2257
2022-03-09,6호선,약수,1871,1820
2022-03-09,6호선,버티고개,966,1084
2022-03-09,6호선,한강진,5129,6199
2022-03-09,6호선,이태원,8524,8066
2022-03-09,6호선,녹사평,3471,3523
2022-03-09,6호선,삼각지,3539,2710
2022-03-09,6호선,효창공원앞,3418,3137
2022-03-09,6호선,공덕,6927,6572
2022-03-09,6호선,대흥,3841,4026
2022-03-09,6호선,광흥창,3893,3790
2022-03-09,6호선,상수,6005,6717
2022-03-09,6호선,합정,8549,8049
2022-03-09,6호선,망원,9852,10550
2022-03-09,6호선,마포구청,7115,6426
2022-03-09,6호선,월드컵경기장,3677,3582
2022-03-09,6호선,디지털미디어시티,5100,5415
2022-03-09,6호선,증산,5560,5624
2022-03-09,6호선,새절,6592,6320
2022-03-09,6호선,구산,3892,3038
2022-03-09,6호선,연신내,1,0
2022-03-09,6호선,독바위,1389,1728
2022-03-09,6호선,응암,9309,9117
2022-03-09,6호선,역촌,2053,2408
2022-03-09,6호선,불광,2817,2593
2022-03-10,6호선,봉화산,8001,7608
2022-03-10,6호선,화랑대,11236,8861
2022-03-10,6호선,태릉입구,4992,5531
2022-03-10,6호선,석계,11508,12164
2022-03-10,6호선,돌곶이,8853,8407
2022-03-10,6호선,상월곡,5708,5124
2022-03-10,6호선,월곡,10477,10677
2022-03-10,6호선,고려대,7446,7316
2022-03-10,6호선,안암,11029,10975
2022-03-10,6호선,보문,6700,6296
2022-03-10,6호선,창신,3149,2541
2022-03-10,6호선,동묘앞,6994,7119
2022-03-10,6호선,신당,7199,7614
2022-03-10,6호선,청구,3429,3697
2022-03-10,6호선,약수,3182,3159
2022-03-10,6호선,버티고개,1851,1850
2022-03-10,6호선,한강진,6273,7229
2022-03-10,6호선,이태원,7907,8068
2022-03-10,6호선,녹사평,4021,4008
2022-03-10,6호선,삼각지,5490,4825
2022-03-10,6호선,효창공원앞,6577,6118
2022-03-10,6호선,공덕,16138,15622
2022-03-10,6호선,대흥,7623,7834
2022-03-10,6호선,광흥창,8170,8056
2022-03-10,6호선,상수,7485,8174
2022-03-10,6호선,합정,10914,10717
2022-03-10,6호선,망원,12169,13037
2022-03-10,6호선,마포구청,13104,11735
2022-03-10,6호선,월드컵경기장,3680,3840
2022-03-10,6호선,디지털미디어시티,12410,13576
2022-03-10,6호선,증산,9238,9332
2022-03-10,6호선,새절,11900,11518
2022-03-10,6호선,구산,7060,5284
2022-03-10,6호선,연신내,2,0
2022-03-10,6호선,독바위,2433,2575
2022-03-10,6호선,불광,3685,3680
2022-03-10,6호선,역촌,3487,4194
2022-03-10,6호선,응암,15940,15842
2022-03-11,6호선,봉화산,8169,7773
2022-03-11,6호선,화랑대,11381,8800
2022-03-11,6호선,태릉입구,5325,5803
2022-03-11,6호선,석계,11710,12179
2022-03-11,6호선,돌곶이,9011,8174
2022-03-11,6호선,상월곡,5812,5141
2022-03-11,6호선,월곡,10860,10869
2022-03-11,6호선,고려대,7596,7379
2022-03-11,6호선,안암,11255,10726
2022-03-11,6호선,보문,6912,6334
2022-03-11,6호선,창신,3275,2653
2022-03-11,6호선,동묘앞,7395,7294
2022-03-11,6호선,신당,7438,7366
2022-03-11,6호선,청구,3479,3710
2022-03-11,6호선,약수,3240,3381
2022-03-11,6호선,버티고개,1891,1860
2022-03-11,6호선,한강진,7547,8959
2022-03-11,6호선,이태원,9949,10739
2022-03-11,6호선,녹사평,4464,4583
2022-03-11,6호선,삼각지,5775,5073
2022-03-11,6호선,효창공원앞,6706,6147
2022-03-11,6호선,공덕,16776,16428
2022-03-11,6호선,대흥,7786,7996
2022-03-11,6호선,광흥창,8248,7948
2022-03-11,6호선,상수,8388,9380
2022-03-11,6호선,합정,11935,11934
2022-03-11,6호선,망원,13120,14195
2022-03-11,6호선,마포구청,13383,12094
2022-03-11,6호선,월드컵경기장,4099,4166
2022-03-11,6호선,디지털미디어시티,12386,13334
2022-03-11,6호선,증산,9466,9309
2022-03-11,6호선,새절,11908,11252
2022-03-11,6호선,구산,7349,5312
2022-03-11,6호선,독바위,2528,2638
2022-03-11,6호선,불광,3891,3880
2022-03-11,6호선,역촌,3640,4288
2022-03-11,6호선,응암,16512,16343
2022-03-12,6호선,신내,1,0
2022-03-12,6호선,봉화산,4465,4330
2022-03-12,6호선,화랑대,6132,5052
2022-03-12,6호선,태릉입구,3766,3918
2022-03-12,6호선,석계,7915,7788
2022-03-12,6호선,돌곶이,5501,5050
2022-03-12,6호선,상월곡,3698,3327
2022-03-12,6호선,월곡,6701,6527
2022-03-12,6호선,고려대,4866,4717
2022-03-12,6호선,안암,6524,6071
2022-03-12,6호선,보문,4447,4218
2022-03-12,6호선,창신,1785,1635
2022-03-12,6호선,동묘앞,6896,6565
2022-03-12,6호선,신당,4602,4128
2022-03-12,6호선,청구,2132,2166
2022-03-12,6호선,약수,2158,2153
2022-03-12,6호선,버티고개,1274,1403
2022-03-12,6호선,한강진,7476,9148
2022-03-12,6호선,이태원,11997,12656
2022-03-12,6호선,녹사평,4155,4509
2022-03-12,6호선,삼각지,4495,3560
2022-03-12,6호선,효창공원앞,4150,3677
2022-03-12,6호선,공덕,8540,8031
2022-03-12,6호선,대흥,5061,5049
2022-03-12,6호선,광흥창,4460,4297
2022-03-12,6호선,상수,7442,8607
2022-03-12,6호선,합정,10838,9991
2022-03-12,6호선,망원,11373,12408
2022-03-12,6호선,마포구청,8202,7427
2022-03-12,6호선,월드컵경기장,3953,3969
2022-03-12,6호선,디지털미디어시티,6140,6231
2022-03-12,6호선,증산,6573,6435
2022-03-12,6호선,새절,7639,7382
2022-03-12,6호선,구산,4698,3669
2022-03-12,6호선,독바위,1776,2152
2022-03-12,6호선,불광,3208,2902
2022-03-12,6호선,역촌,2360,2777
2022-03-12,6호선,응암,11141,10902
2022-03-13,6호선,봉화산,2846,2794
2022-03-13,6호선,화랑대,3733,3170
2022-03-13,6호선,태릉입구,2362,2540
2022-03-13,6호선,석계,4854,5146
2022-03-13,6호선,돌곶이,3986,3751
2022-03-13,6호선,상월곡,2487,2334
2022-03-13,6호선,월곡,4227,4028
2022-03-13,6호선,고려대,3251,3306
2022-03-13,6호선,안암,4347,4911
2022-03-13,6호선,보문,3062,2933
2022-03-13,6호선,창신,1223,1129
2022-03-13,6호선,동묘앞,3580,3718
2022-03-13,6호선,신당,2563,3130
2022-03-13,6호선,청구,1302,1304
2022-03-13,6호선,약수,1224,1221
2022-03-13,6호선,버티고개,747,818
2022-03-13,6호선,한강진,4903,5523
2022-03-13,6호선,이태원,6904,6415
2022-03-13,6호선,녹사평,2671,2637
2022-03-13,6호선,삼각지,2593,2193
2022-03-13,6호선,효창공원앞,2475,2278
2022-03-13,6호선,공덕,5076,4721
2022-03-13,6호선,대흥,3145,3210
2022-03-13,6호선,광흥창,3195,3020
2022-03-13,6호선,상수,4790,5630
2022-03-13,6호선,합정,6940,6226
2022-03-13,6호선,망원,7321,7852
2022-03-13,6호선,마포구청,5225,4856
2022-03-13,6호선,월드컵경기장,1992,1888
2022-03-13,6호선,디지털미디어시티,3691,3976
2022-03-13,6호선,증산,4078,4148
2022-03-13,6호선,새절,4719,4551
2022-03-13,6호선,구산,2889,2145
2022-03-13,6호선,연신내,1,0
2022-03-13,6호선,독바위,1052,1212
2022-03-13,6호선,불광,2117,1836
2022-03-13,6호선,역촌,1634,1874
2022-03-13,6호선,응암,6922,7022
2022-03-14,6호선,응암,15326,15497
2022-03-14,6호선,역촌,3392,4026
2022-03-14,6호선,불광,3575,3536
2022-03-14,6호선,독바위,2396,2483
2022-03-14,6호선,연신내,1,0
2022-03-14,6호선,구산,6806,5128
2022-03-14,6호선,새절,11653,10959
2022-03-14,6호선,증산,8814,8933
2022-03-14,6호선,디지털미디어시티,11980,13198
2022-03-14,6호선,월드컵경기장,3126,3344
2022-03-14,6호선,마포구청,12578,11521
2022-03-14,6호선,망원,11264,12028
2022-03-14,6호선,합정,10396,10202
2022-03-14,6호선,상수,7030,7630
2022-03-14,6호선,광흥창,8041,7844
2022-03-14,6호선,대흥,7416,7614
2022-03-14,6호선,공덕,15771,15532
2022-03-14,6호선,효창공원앞,6316,6074
2022-03-14,6호선,삼각지,5032,4480
2022-03-14,6호선,녹사평,3691,3672
2022-03-14,6호선,이태원,7273,7311
2022-03-14,6호선,한강진,5325,6199
2022-03-14,6호선,버티고개,1731,1800
2022-03-14,6호선,약수,3211,3000
2022-03-14,6호선,청구,3276,3715
2022-03-14,6호선,동묘앞,6780,6911
2022-03-14,6호선,창신,3324,2761
2022-03-14,6호선,보문,6402,5946
2022-03-14,6호선,안암,10766,10848
2022-03-14,6호선,고려대,7146,7065
2022-03-14,6호선,월곡,10074,10281
2022-03-14,6호선,상월곡,5555,4929
2022-03-14,6호선,돌곶이,8357,8142
2022-03-14,6호선,석계,11013,11920
2022-03-14,6호선,태릉입구,4894,5404
2022-03-14,6호선,화랑대,11032,8775
2022-03-14,6호선,봉화산,7963,7493
2022-03-14,6호선,신당,7181,7637
2022-03-15,6호선,응암,16218,16112
2022-03-15,6호선,역촌,3513,4048
2022-03-15,6호선,불광,3727,3689
2022-03-15,6호선,독바위,2467,2678
2022-03-15,6호선,구산,7224,5425
2022-03-15,6호선,새절,12060,11339
2022-03-15,6호선,증산,9194,9281
2022-03-15,6호선,디지털미디어시티,12374,13590
2022-03-15,6호선,월드컵경기장,3956,4193
2022-03-15,6호선,마포구청,13117,11869
2022-03-15,6호선,망원,12266,13059
2022-03-15,6호선,합정,11086,10797
2022-03-15,6호선,상수,7395,8336
2022-03-15,6호선,광흥창,8372,8171
2022-03-15,6호선,대흥,7756,7930
2022-03-15,6호선,공덕,16528,15896
2022-03-15,6호선,효창공원앞,6612,6231
2022-03-15,6호선,삼각지,5500,4911
2022-03-15,6호선,녹사평,4057,4001
2022-03-15,6호선,이태원,8007,8088
2022-03-15,6호선,한강진,6319,7415
2022-03-15,6호선,버티고개,1836,1852
2022-03-15,6호선,약수,3139,3163
2022-03-15,6호선,청구,3426,3618
2022-03-15,6호선,신당,7224,7788
2022-03-15,6호선,동묘앞,7237,7260
2022-03-15,6호선,창신,3301,2808
2022-03-15,6호선,보문,6642,6139
2022-03-15,6호선,안암,11447,11456
2022-03-15,6호선,고려대,7365,7280
2022-03-15,6호선,월곡,10621,10576
2022-03-15,6호선,상월곡,5634,5103
2022-03-15,6호선,돌곶이,8658,8089
2022-03-15,6호선,석계,11523,12181
2022-03-15,6호선,태릉입구,5050,5651
2022-03-15,6호선,화랑대,11317,8982
2022-03-15,6호선,봉화산,8122,7624
2022-03-16,6호선,응암,15946,15881
2022-03-16,6호선,역촌,3519,4125
2022-03-16,6호선,불광,4000,3886
2022-03-16,6호선,독바위,2526,2680
2022-03-16,6호선,연신내,1,0
2022-03-16,6호선,구산,7041,5369
2022-03-16,6호선,새절,11891,11233
2022-03-16,6호선,증산,9233,9376
2022-03-16,6호선,디지털미디어시티,12500,13613
2022-03-16,6호선,월드컵경기장,3855,4043
2022-03-16,6호선,마포구청,13012,11727
2022-03-16,6호선,망원,12501,13283
2022-03-16,6호선,합정,11063,10986
2022-03-16,6호선,상수,7553,8289
2022-03-16,6호선,광흥창,8291,7966
2022-03-16,6호선,대흥,7715,7898
2022-03-16,6호선,공덕,16382,15886
2022-03-16,6호선,효창공원앞,6501,6071
2022-03-16,6호선,삼각지,5535,4943
2022-03-16,6호선,녹사평,4114,4005
2022-03-16,6호선,이태원,8498,8559
2022-03-16,6호선,한강진,6741,7948
2022-03-16,6호선,버티고개,1869,1863
2022-03-16,6호선,약수,3201,3138
2022-03-16,6호선,청구,3412,3764
2022-03-16,6호선,신당,7241,7796
2022-03-16,6호선,동묘앞,6975,7216
2022-03-16,6호선,창신,3385,2916
2022-03-16,6호선,보문,6716,6192
2022-03-16,6호선,안암,13173,13337
2022-03-16,6호선,고려대,7823,7503
2022-03-16,6호선,월곡,11955,11641
2022-03-16,6호선,상월곡,6020,5595
2022-03-16,6호선,돌곶이,8676,8145
2022-03-16,6호선,석계,11541,12067
2022-03-16,6호선,태릉입구,5145,5736
2022-03-16,6호선,화랑대,11585,9150
2022-03-16,6호선,봉화산,8110,7626
2022-03-17,6호선,응암,15733,15819
2022-03-17,6호선,역촌,3444,4149
2022-03-17,6호선,불광,3711,3754
2022-03-17,6호선,독바위,2404,2663
2022-03-17,6호선,구산,7031,5326
2022-03-17,6호선,새절,11658,10955
2022-03-17,6호선,증산,9122,9162
2022-03-17,6호선,디지털미디어시티,12076,13353
2022-03-17,6호선,월드컵경기장,3748,3933
2022-03-17,6호선,마포구청,12875,11694
2022-03-17,6호선,망원,12214,12817
2022-03-17,6호선,합정,10962,10819
2022-03-17,6호선,상수,7756,8409
2022-03-17,6호선,광흥창,8201,8088
2022-03-17,6호선,대흥,7781,7971
2022-03-17,6호선,공덕,16070,15531
2022-03-17,6호선,효창공원앞,6428,6158
2022-03-17,6호선,삼각지,5435,4916
2022-03-17,6호선,녹사평,3932,4079
2022-03-17,6호선,이태원,8332,8468
2022-03-17,6호선,한강진,6391,7569
2022-03-17,6호선,버티고개,1823,1866
2022-03-17,6호선,약수,3306,3249
2022-03-17,6호선,청구,3401,3648
2022-03-17,6호선,신당,7277,7688
2022-03-17,6호선,동묘앞,6952,7150
2022-03-17,6호선,창신,3412,2861
2022-03-17,6호선,보문,6654,6162
2022-03-17,6호선,안암,13137,12819
2022-03-17,6호선,고려대,8153,8007
2022-03-17,6호선,월곡,11276,11083
2022-03-17,6호선,상월곡,5871,5455
2022-03-17,6호선,돌곶이,8786,7949
2022-03-17,6호선,석계,11175,11965
2022-03-17,6호선,태릉입구,5150,5672
2022-03-17,6호선,화랑대,11540,8971
2022-03-17,6호선,봉화산,7989,7629
2022-03-17,6호선,신내,2,0
2022-03-18,6호선,봉화산,7859,7488
2022-03-18,6호선,화랑대,11163,8629
2022-03-18,6호선,태릉입구,5127,5568
2022-03-18,6호선,석계,11406,11826
2022-03-18,6호선,돌곶이,8622,7923
2022-03-18,6호선,상월곡,5928,5294
2022-03-18,6호선,월곡,11147,10961
2022-03-18,6호선,고려대,7564,7356
2022-03-18,6호선,안암,11480,10792
2022-03-18,6호선,보문,6765,6202
2022-03-18,6호선,창신,3297,2825
2022-03-18,6호선,동묘앞,7066,7046
2022-03-18,6호선,신당,7356,7346
2022-03-18,6호선,청구,3427,3695
2022-03-18,6호선,약수,3295,3346
2022-03-18,6호선,버티고개,1834,1900
2022-03-18,6호선,한강진,7408,8844
2022-03-18,6호선,이태원,10235,11070
2022-03-18,6호선,녹사평,4452,4599
2022-03-18,6호선,삼각지,5770,5002
2022-03-18,6호선,효창공원앞,6400,5940
2022-03-18,6호선,공덕,16635,16098
2022-03-18,6호선,대흥,7873,8043
2022-03-18,6호선,광흥창,8241,8174
2022-03-18,6호선,상수,8529,9601
2022-03-18,6호선,합정,12161,12166
2022-03-18,6호선,망원,12602,13569
2022-03-18,6호선,마포구청,12995,11642
2022-03-18,6호선,월드컵경기장,3546,3697
2022-03-18,6호선,디지털미디어시티,11940,12982
2022-03-18,6호선,증산,9080,8967
2022-03-18,6호선,새절,11501,10878
2022-03-18,6호선,구산,7049,5268
2022-03-18,6호선,연신내,2,0
2022-03-18,6호선,독바위,2433,2503
2022-03-18,6호선,불광,3764,3743
2022-03-18,6호선,역촌,3416,4022
2022-03-18,6호선,응암,15819,15614
2022-03-19,6호선,신내,1,0
2022-03-19,6호선,봉화산,4060,3944
2022-03-19,6호선,화랑대,5240,4286
2022-03-19,6호선,태릉입구,3457,3463
2022-03-19,6호선,석계,6940,6803
2022-03-19,6호선,돌곶이,4938,4495
2022-03-19,6호선,상월곡,3434,2971
2022-03-19,6호선,월곡,6047,6017
2022-03-19,6호선,고려대,4392,4195
2022-03-19,6호선,안암,6171,5798
2022-03-19,6호선,보문,4258,3872
2022-03-19,6호선,창신,1771,1532
2022-03-19,6호선,동묘앞,5240,5319
2022-03-19,6호선,신당,4742,4146
2022-03-19,6호선,청구,1977,2032
2022-03-19,6호선,약수,2036,2044
2022-03-19,6호선,버티고개,1167,1182
2022-03-19,6호선,한강진,6415,7752
2022-03-19,6호선,이태원,11496,12042
2022-03-19,6호선,녹사평,3666,4005
2022-03-19,6호선,삼각지,4447,3578
2022-03-19,6호선,효창공원앞,3550,3205
2022-03-19,6호선,공덕,8005,7654
2022-03-19,6호선,대흥,4685,4732
2022-03-19,6호선,광흥창,4269,3998
2022-03-19,6호선,상수,7526,8771
2022-03-19,6호선,합정,10215,9644
2022-03-19,6호선,망원,10107,11061
2022-03-19,6호선,마포구청,7438,6848
2022-03-19,6호선,월드컵경기장,4760,4891
2022-03-19,6호선,디지털미디어시티,5506,5541
2022-03-19,6호선,증산,5789,5735
2022-03-19,6호선,새절,6853,6517
2022-03-19,6호선,구산,4346,3321
2022-03-19,6호선,독바위,1570,1679
2022-03-19,6호선,불광,2955,2703
2022-03-19,6호선,역촌,2218,2534
2022-03-19,6호선,응암,10105,10035
2022-03-20,6호선,봉화산,3242,3223
2022-03-20,6호선,화랑대,4339,3851
2022-03-20,6호선,태릉입구,2728,2837
2022-03-20,6호선,석계,5578,5847
2022-03-20,6호선,돌곶이,4515,4236
2022-03-20,6호선,상월곡,2882,2491
2022-03-20,6호선,월곡,4668,4792
2022-03-20,6호선,고려대,3500,3633
2022-03-20,6호선,안암,4829,5411
2022-03-20,6호선,보문,3294,3276
2022-03-20,6호선,창신,1401,1265
2022-03-20,6호선,동묘앞,5338,5183
2022-03-20,6호선,신당,3343,3877
2022-03-20,6호선,청구,1453,1418
2022-03-20,6호선,약수,1487,1408
2022-03-20,6호선,버티고개,883,1013
2022-03-20,6호선,한강진,5841,6815
2022-03-20,6호선,이태원,8637,7945
2022-03-20,6호선,녹사평,3340,3391
2022-03-20,6호선,삼각지,3353,2622
2022-03-20,6호선,효창공원앞,2810,2532
2022-03-20,6호선,공덕,5785,5520
2022-03-20,6호선,대흥,3409,3522
2022-03-20,6호선,광흥창,3598,3487
2022-03-20,6호선,상수,6099,6789
2022-03-20,6호선,합정,8298,7384
2022-03-20,6호선,망원,8601,9270
2022-03-20,6호선,마포구청,5966,5491
2022-03-20,6호선,월드컵경기장,3300,3192
2022-03-20,6호선,디지털미디어시티,4373,4552
2022-03-20,6호선,증산,4579,4822
2022-03-20,6호선,새절,5470,5251
2022-03-20,6호선,구산,3322,2437
2022-03-20,6호선,연신내,1,0
2022-03-20,6호선,독바위,1378,1777
2022-03-20,6호선,불광,2717,2319
2022-03-20,6호선,역촌,1647,2055
2022-03-20,6호선,응암,8119,8126
2022-03-21,6호선,응암,15939,16063
2022-03-21,6호선,역촌,3512,4178
2022-03-21,6호선,불광,3738,3726
2022-03-21,6호선,독바위,2437,2613
2022-03-21,6호선,연신내,2,0
2022-03-21,6호선,구산,7086,5126
2022-03-21,6호선,새절,11841,11157
2022-03-21,6호선,증산,9107,9077
2022-03-21,6호선,디지털미디어시티,12392,13592
2022-03-21,6호선,월드컵경기장,3517,3678
2022-03-21,6호선,마포구청,12803,11689
2022-03-21,6호선,망원,11768,12491
2022-03-21,6호선,합정,10962,10734
2022-03-21,6호선,상수,7201,7832
2022-03-21,6호선,광흥창,8202,8049
2022-03-21,6호선,대흥,7618,8020
2022-03-21,6호선,공덕,16492,15761
2022-03-21,6호선,효창공원앞,6422,6149
2022-03-21,6호선,삼각지,5224,4694
2022-03-21,6호선,녹사평,3856,3825
2022-03-21,6호선,이태원,7900,8094
2022-03-21,6호선,한강진,5727,6514
2022-03-21,6호선,버티고개,1872,1886
2022-03-21,6호선,약수,3233,3189
2022-03-21,6호선,청구,3305,3645
2022-03-21,6호선,신당,7063,7659
2022-03-21,6호선,동묘앞,7008,7299
2022-03-21,6호선,창신,3324,2838
2022-03-21,6호선,보문,6682,6212
2022-03-21,6호선,안암,12967,13344
2022-03-21,6호선,고려대,7690,7583
2022-03-21,6호선,월곡,11861,11693
2022-03-21,6호선,상월곡,5907,5543
2022-03-21,6호선,돌곶이,8623,8162
2022-03-21,6호선,석계,11309,11970
2022-03-21,6호선,태릉입구,5043,5516
2022-03-21,6호선,화랑대,11139,8839
2022-03-21,6호선,봉화산,8053,7557
2022-03-21,6호선,신내,1,0
2022-03-22,6호선,응암,16201,16135
2022-03-22,6호선,역촌,3487,4056
2022-03-22,6호선,불광,3735,3710
2022-03-22,6호선,독바위,2578,2687
2022-03-22,6호선,구산,7199,5329
2022-03-22,6호선,새절,12036,11357
2022-03-22,6호선,증산,9162,9212
2022-03-22,6호선,디지털미디어시티,12620,13797
2022-03-22,6호선,월드컵경기장,3878,3995
2022-03-22,6호선,마포구청,13002,11642
2022-03-22,6호선,망원,12259,13036
2022-03-22,6호선,합정,11346,11091
2022-03-22,6호선,상수,7791,8560
2022-03-22,6호선,광흥창,8381,8164
2022-03-22,6호선,대흥,7742,8179
2022-03-22,6호선,공덕,16638,15979
2022-03-22,6호선,효창공원앞,6643,6296
2022-03-22,6호선,삼각지,5824,5209
2022-03-22,6호선,녹사평,4079,4038
2022-03-22,6호선,이태원,8393,8429
2022-03-22,6호선,한강진,6372,7448
2022-03-22,6호선,버티고개,1899,1915
2022-03-22,6호선,약수,3280,3342
2022-03-22,6호선,청구,3436,3723
2022-03-22,6호선,신당,7253,7830
2022-03-22,6호선,동묘앞,6961,7114
2022-03-22,6호선,창신,3429,2958
2022-03-22,6호선,보문,6847,6316
2022-03-22,6호선,안암,13865,13728
2022-03-22,6호선,고려대,8077,8032
2022-03-22,6호선,월곡,11790,11692
2022-03-22,6호선,상월곡,6012,5618
2022-03-22,6호선,돌곶이,8610,8020
2022-03-22,6호선,석계,11629,12159
2022-03-22,6호선,태릉입구,5000,5545
2022-03-22,6호선,화랑대,11608,9190
2022-03-22,6호선,봉화산,8300,7827
2022-03-23,6호선,응암,16074,16151
2022-03-23,6호선,역촌,3415,4049
2022-03-23,6호선,불광,3770,3807
2022-03-23,6호선,독바위,2452,2671
2022-03-23,6호선,구산,7068,5316
2022-03-23,6호선,새절,11608,10984
2022-03-23,6호선,증산,9193,9189
2022-03-23,6호선,디지털미디어시티,12496,13642
2022-03-23,6호선,월드컵경기장,3823,3987
2022-03-23,6호선,마포구청,13166,11797
2022-03-23,6호선,망원,12278,13056
2022-03-23,6호선,합정,11293,11152
2022-03-23,6호선,상수,7796,8672
2022-03-23,6호선,광흥창,8154,8113
2022-03-23,6호선,대흥,7753,8036
2022-03-23,6호선,공덕,16632,16055
2022-03-23,6호선,효창공원앞,6591,6248
2022-03-23,6호선,삼각지,5774,5224
2022-03-23,6호선,녹사평,4132,4128
2022-03-23,6호선,이태원,8364,8441
2022-03-23,6호선,한강진,6668,7604
2022-03-23,6호선,버티고개,1825,1799
2022-03-23,6호선,약수,3263,3157
2022-03-23,6호선,청구,3448,3734
2022-03-23,6호선,신당,7245,7828
2022-03-23,6호선,동묘앞,6907,7149
2022-03-23,6호선,창신,3490,2948
2022-03-23,6호선,보문,6837,6292
2022-03-23,6호선,안암,13383,13345
2022-03-23,6호선,고려대,7815,7730
2022-03-23,6호선,월곡,11886,11726
2022-03-23,6호선,상월곡,6092,5751
2022-03-23,6호선,돌곶이,8757,8284
2022-03-23,6호선,석계,11625,12222
2022-03-23,6호선,태릉입구,5076,5554
2022-03-23,6호선,화랑대,11353,8888
2022-03-23,6호선,봉화산,8147,7753
2022-03-24,6호선,봉화산,8170,7748
2022-03-24,6호선,화랑대,11522,8955
2022-03-24,6호선,태릉입구,5302,5910
2022-03-24,6호선,석계,11561,12102
2022-03-24,6호선,돌곶이,8837,8286
2022-03-24,6호선,상월곡,6036,5531
2022-03-24,6호선,월곡,11637,11385
2022-03-24,6호선,고려대,8362,8197
2022-03-24,6호선,안암,13527,13308
2022-03-24,6호선,보문,6910,6332
2022-03-24,6호선,창신,3363,2852
2022-03-24,6호선,동묘앞,7145,7191
2022-03-24,6호선,신당,7317,7901
2022-03-24,6호선,청구,3469,3708
2022-03-24,6호선,약수,3367,3290
2022-03-24,6호선,버티고개,1885,1892
2022-03-24,6호선,한강진,6868,7862
2022-03-24,6호선,이태원,8872,8875
2022-03-24,6호선,녹사평,4409,4231
2022-03-24,6호선,삼각지,6368,5415
2022-03-24,6호선,효창공원앞,6690,6255
2022-03-24,6호선,공덕,17193,16401
2022-03-24,6호선,대흥,8145,8503
2022-03-24,6호선,광흥창,8517,8085
2022-03-24,6호선,상수,8404,9112
2022-03-24,6호선,합정,14393,15438
2022-03-24,6호선,응암,16279,16042
2022-03-24,6호선,역촌,3473,4131
2022-03-24,6호선,불광,3828,3745
2022-03-24,6호선,독바위,2515,2651
2022-03-24,6호선,연신내,1,0
2022-03-24,6호선,새절,11942,11147
2022-03-24,6호선,증산,9552,9251
2022-03-24,6호선,디지털미디어시티,16216,14155
2022-03-24,6호선,월드컵경기장,25648,37069
2022-03-24,6호선,마포구청,15722,13167
2022-03-24,6호선,망원,13358,13625
2022-03-24,6호선,구산,7352,5329
2022-03-25,6호선,이태원,10972,11426
2022-03-25,6호선,녹사평,4625,4771
2022-03-25,6호선,삼각지,5961,5384
2022-03-25,6호선,효창공원앞,6669,6087
2022-03-25,6호선,공덕,17190,16671
2022-03-25,6호선,대흥,8118,8308
2022-03-25,6호선,광흥창,8299,8184
2022-03-25,6호선,상수,9839,10336
2022-03-25,6호선,합정,12626,12668
2022-03-25,6호선,망원,13690,14468
2022-03-25,6호선,마포구청,13317,12110
2022-03-25,6호선,월드컵경기장,3961,4067
2022-03-25,6호선,디지털미디어시티,12299,13437
2022-03-25,6호선,증산,9502,9546
2022-03-25,6호선,새절,11870,11191
2022-03-25,6호선,구산,7189,5469
2022-03-25,6호선,연신내,1,0
2022-03-25,6호선,독바위,2511,2596
2022-03-25,6호선,불광,3929,3994
2022-03-25,6호선,역촌,3562,4233
2022-03-25,6호선,응암,16550,16392
2022-03-25,6호선,한강진,7274,8612
2022-03-25,6호선,버티고개,1947,1955
2022-03-25,6호선,약수,3404,3472
2022-03-25,6호선,청구,3451,3766
2022-03-25,6호선,신당,7671,7584
2022-03-25,6호선,동묘앞,7536,7396
2022-03-25,6호선,창신,3418,2854
2022-03-25,6호선,보문,7255,6604
2022-03-25,6호선,안암,12111,11209
2022-03-25,6호선,고려대,7959,7573
2022-03-25,6호선,봉화산,8090,7733
2022-03-25,6호선,화랑대,11083,8696
2022-03-25,6호선,태릉입구,5208,5777
2022-03-25,6호선,석계,11721,12236
2022-03-25,6호선,돌곶이,9043,8407
2022-03-25,6호선,상월곡,6028,5515
2022-03-25,6호선,월곡,11549,11269
2022-03-26,6호선,봉화산,4346,4482
2022-03-26,6호선,화랑대,5660,4788
2022-03-26,6호선,태릉입구,3600,3769
2022-03-26,6호선,석계,7494,7523
2022-03-26,6호선,돌곶이,5217,4775
2022-03-26,6호선,상월곡,3643,3073
2022-03-26,6호선,월곡,6306,6155
2022-03-26,6호선,고려대,4799,4678
2022-03-26,6호선,안암,6503,6202
2022-03-26,6호선,보문,4454,4068
2022-03-26,6호선,창신,1829,1482
2022-03-26,6호선,동묘앞,6023,5858
2022-03-26,6호선,상수,7780,8928
2022-03-26,6호선,합정,10563,10153
2022-03-26,6호선,망원,10613,11641
2022-03-26,6호선,마포구청,8078,7116
2022-03-26,6호선,월드컵경기장,3296,3298
2022-03-26,6호선,디지털미디어시티,5970,6174
2022-03-26,6호선,증산,6514,6268
2022-03-26,6호선,새절,7766,7291
2022-03-26,6호선,구산,4590,3442
2022-03-26,6호선,연신내,1,0
2022-03-26,6호선,독바위,1619,1672
2022-03-26,6호선,불광,3018,2856
2022-03-26,6호선,역촌,2265,2634
2022-03-26,6호선,응암,10664,10589
2022-03-26,6호선,광흥창,4459,4048
2022-03-26,6호선,대흥,4721,4679
2022-03-26,6호선,공덕,8563,7997
2022-03-26,6호선,효창공원앞,3953,3540
2022-03-26,6호선,삼각지,5017,4059
2022-03-26,6호선,녹사평,4333,4712
2022-03-26,6호선,이태원,13144,13816
2022-03-26,6호선,한강진,6915,8684
2022-03-26,6호선,버티고개,1223,1248
2022-03-26,6호선,약수,2239,2263
2022-03-26,6호선,청구,2039,2076
2022-03-26,6호선,신당,4416,3988
2022-03-27,6호선,신내,1,0
2022-03-27,6호선,봉화산,3560,3489
2022-03-27,6호선,화랑대,4569,4055
2022-03-27,6호선,태릉입구,2767,3055
2022-03-27,6호선,석계,6010,6236
2022-03-27,6호선,돌곶이,4853,4632
2022-03-27,6호선,상월곡,3032,2770
2022-03-27,6호선,월곡,4927,4949
2022-03-27,6호선,고려대,3857,4029
2022-03-27,6호선,안암,5155,5852
2022-03-27,6호선,보문,3606,3436
2022-03-27,6호선,창신,1537,1361
2022-03-27,6호선,동묘앞,5857,5587
2022-03-27,6호선,신당,3444,3950
2022-03-27,6호선,청구,1523,1479
2022-03-27,6호선,약수,1569,1578
2022-03-27,6호선,버티고개,1013,1042
2022-03-27,6호선,한강진,5796,6613
2022-03-27,6호선,이태원,9460,8910
2022-03-27,6호선,녹사평,3757,3790
2022-03-27,6호선,삼각지,3464,2779
2022-03-27,6호선,효창공원앞,3087,2888
2022-03-27,6호선,공덕,6019,5605
2022-03-27,6호선,대흥,3455,3657
2022-03-27,6호선,광흥창,3586,3489
2022-03-27,6호선,상수,6109,6752
2022-03-27,6호선,합정,8766,7875
2022-03-27,6호선,망원,9026,9805
2022-03-27,6호선,마포구청,6434,5863
2022-03-27,6호선,월드컵경기장,3104,3119
2022-03-27,6호선,디지털미디어시티,4462,4797
2022-03-27,6호선,증산,4958,5036
2022-03-27,6호선,새절,5854,5624
2022-03-27,6호선,구산,3407,2621
2022-03-27,6호선,독바위,1446,2044
2022-03-27,6호선,불광,2879,2526
2022-03-27,6호선,역촌,1814,2119
2022-03-27,6호선,응암,8056,8307
2022-03-28,6호선,구산,7278,5385
2022-03-28,6호선,응암,16275,16304
2022-03-28,6호선,역촌,3481,4045
2022-03-28,6호선,불광,3781,3790
2022-03-28,6호선,독바위,2520,2683
2022-03-28,6호선,연신내,2,0
2022-03-28,6호선,새절,11724,10997
2022-03-28,6호선,증산,9409,9333
2022-03-28,6호선,디지털미디어시티,12699,14132
2022-03-28,6호선,월드컵경기장,4033,4181
2022-03-28,6호선,마포구청,13023,11700
2022-03-28,6호선,망원,12301,13003
2022-03-28,6호선,합정,11097,11011
2022-03-28,6호선,상수,7453,8018
2022-03-28,6호선,광흥창,8290,8094
2022-03-28,6호선,대흥,7728,8119
2022-03-28,6호선,공덕,16791,16036
2022-03-28,6호선,효창공원앞,6637,6370
2022-03-28,6호선,삼각지,5535,4881
2022-03-28,6호선,녹사평,4030,3942
2022-03-28,6호선,이태원,8196,8309
2022-03-28,6호선,한강진,5831,6836
2022-03-28,6호선,버티고개,1938,1943
2022-03-28,6호선,약수,3347,3391
2022-03-28,6호선,청구,3448,3737
2022-03-28,6호선,신당,7224,7820
2022-03-28,6호선,동묘앞,7280,7451
2022-03-28,6호선,창신,3370,2947
2022-03-28,6호선,보문,6855,6313
2022-03-28,6호선,안암,12940,13288
2022-03-28,6호선,고려대,7881,7776
2022-03-28,6호선,월곡,11978,11757
2022-03-28,6호선,상월곡,6000,5636
2022-03-28,6호선,돌곶이,8821,8267
2022-03-28,6호선,석계,11720,12502
2022-03-28,6호선,태릉입구,5186,5677
2022-03-28,6호선,화랑대,11291,8975
2022-03-28,6호선,봉화산,8205,7797
2022-03-29,6호선,응암,16597,16368
2022-03-29,6호선,역촌,3497,4188
2022-03-29,6호선,불광,3910,3976
2022-03-29,6호선,독바위,2631,2688
2022-03-29,6호선,구산,7321,5420
2022-03-29,6호선,새절,12086,11350
2022-03-29,6호선,증산,9561,9633
2022-03-29,6호선,디지털미디어시티,12835,14142
2022-03-29,6호선,월드컵경기장,4333,4484
2022-03-29,6호선,마포구청,13288,12040
2022-03-29,6호선,망원,12650,13360
2022-03-29,6호선,합정,11858,11596
2022-03-29,6호선,상수,7909,8766
2022-03-29,6호선,광흥창,8458,8167
2022-03-29,6호선,대흥,7947,8280
2022-03-29,6호선,공덕,17110,16421
2022-03-29,6호선,효창공원앞,6885,6492
2022-03-29,6호선,삼각지,5985,5235
2022-03-29,6호선,녹사평,4315,4240
2022-03-29,6호선,이태원,8520,8695
2022-03-29,6호선,한강진,6619,7575
2022-03-29,6호선,버티고개,2002,1961
2022-03-29,6호선,약수,3352,3377
2022-03-29,6호선,청구,3456,3832
2022-03-29,6호선,신당,7519,8033
2022-03-29,6호선,동묘앞,7286,7378
2022-03-29,6호선,창신,3495,2956
2022-03-29,6호선,보문,6982,6417
2022-03-29,6호선,안암,13509,13627
2022-03-29,6호선,고려대,8263,8210
2022-03-29,6호선,월곡,12049,11766
2022-03-29,6호선,상월곡,6096,5697
2022-03-29,6호선,돌곶이,8872,8214
2022-03-29,6호선,석계,11813,12514
2022-03-29,6호선,태릉입구,5195,5787
2022-03-29,6호선,화랑대,11729,9238
2022-03-29,6호선,봉화산,8293,7917
2022-03-30,6호선,응암,16240,15981
2022-03-30,6호선,역촌,3508,4241
2022-03-30,6호선,불광,3792,3826
2022-03-30,6호선,독바위,2449,2649
2022-03-30,6호선,구산,7184,5265
2022-03-30,6호선,새절,11784,11265
2022-03-30,6호선,증산,9455,9359
2022-03-30,6호선,디지털미디어시티,12819,13935
2022-03-30,6호선,월드컵경기장,3753,3875
2022-03-30,6호선,마포구청,13130,11960
2022-03-30,6호선,망원,12219,13068
2022-03-30,6호선,합정,11606,11495
2022-03-30,6호선,상수,7952,8704
2022-03-30,6호선,광흥창,8376,8274
2022-03-30,6호선,대흥,7857,8134
2022-03-30,6호선,공덕,16977,16199
2022-03-30,6호선,효창공원앞,6715,6437
2022-03-30,6호선,삼각지,5797,5269
2022-03-30,6호선,녹사평,4106,4107
2022-03-30,6호선,이태원,8601,8697
2022-03-30,6호선,한강진,6755,7911
2022-03-30,6호선,버티고개,1932,1968
2022-03-30,6호선,약수,3437,3311
2022-03-30,6호선,청구,3408,3810
2022-03-30,6호선,신당,7553,8078
2022-03-30,6호선,동묘앞,6959,7166
2022-03-30,6호선,창신,3401,2939
2022-03-30,6호선,보문,6893,6394
2022-03-30,6호선,안암,13295,13337
2022-03-30,6호선,고려대,7933,7778
2022-03-30,6호선,월곡,11957,11701
2022-03-30,6호선,상월곡,6074,5707
2022-03-30,6호선,돌곶이,8876,8326
2022-03-30,6호선,석계,11763,12330
2022-03-30,6호선,태릉입구,5124,5663
2022-03-30,6호선,화랑대,11517,9122
2022-03-30,6호선,봉화산,8235,7820
2022-03-31,6호선,응암,16660,16465
2022-03-31,6호선,역촌,3513,4092
2022-03-31,6호선,불광,3881,3859
2022-03-31,6호선,독바위,2625,2758
2022-03-31,6호선,연신내,1,0
2022-03-31,6호선,구산,7336,5466
2022-03-31,6호선,새절,12268,11457
2022-03-31,6호선,증산,9444,9562
2022-03-31,6호선,디지털미디어시티,12878,14228
2022-03-31,6호선,월드컵경기장,4361,4499
2022-03-31,6호선,마포구청,13289,12032
2022-03-31,6호선,망원,12861,13754
2022-03-31,6호선,합정,12082,11898
2022-03-31,6호선,상수,8256,9075
2022-03-31,6호선,광흥창,8405,8190
2022-03-31,6호선,대흥,8054,8418
2022-03-31,6호선,공덕,16994,16453
2022-03-31,6호선,효창공원앞,6766,6395
2022-03-31,6호선,삼각지,5978,5270
2022-03-31,6호선,녹사평,4285,4360
2022-03-31,6호선,이태원,9138,9300
2022-03-31,6호선,한강진,6834,8121
2022-03-31,6호선,버티고개,1962,1980
2022-03-31,6호선,약수,3440,3347
2022-03-31,6호선,청구,3502,3834
2022-03-31,6호선,신당,7472,8085
2022-03-31,6호선,동묘앞,7238,7533
2022-03-31,6호선,창신,3498,2981
2022-03-31,6호선,보문,7024,6389
2022-03-31,6호선,안암,13711,13596
2022-03-31,6호선,고려대,8408,8231
2022-03-31,6호선,월곡,11668,11476
2022-03-31,6호선,상월곡,6189,5672
2022-03-31,6호선,돌곶이,9027,8302
2022-03-31,6호선,석계,11769,12241
2022-03-31,6호선,태릉입구,5307,5912
2022-03-31,6호선,화랑대,11694,9114
2022-03-31,6호선,봉화산,8359,7883
2022-03-31,6호선,신내,1,0
2022-04-01,6호선,응암,17127,16978
2022-04-01,6호선,역촌,3568,4277
2022-04-01,6호선,불광,4194,4057
2022-04-01,6호선,독바위,2614,2606
2022-04-01,6호선,연신내,1,0
2022-04-01,6호선,구산,7504,5402
2022-04-01,6호선,새절,12419,11494
2022-04-01,6호선,증산,9831,9700
2022-04-01,6호선,디지털미디어시티,12810,14005
2022-04-01,6호선,월드컵경기장,4510,4641
2022-04-01,6호선,마포구청,13621,12244
2022-04-01,6호선,망원,13850,14919
2022-04-01,6호선,합정,13615,13376
2022-04-01,6호선,상수,9476,10826
2022-04-01,6호선,광흥창,8658,8415
2022-04-01,6호선,대흥,8418,8637
2022-04-01,6호선,공덕,17441,16985
2022-04-01,6호선,효창공원앞,6979,6430
2022-04-01,6호선,삼각지,6343,5560
2022-04-01,6호선,녹사평,4944,4994
2022-04-01,6호선,이태원,12384,13248
2022-04-01,6호선,한강진,7621,9094
2022-04-01,6호선,버티고개,2031,2007
2022-04-01,6호선,약수,3585,3578
2022-04-01,6호선,청구,3553,3845
2022-04-01,6호선,신당,8502,8536
2022-04-01,6호선,동묘앞,7636,7535
2022-04-01,6호선,창신,3522,2878
2022-04-01,6호선,보문,7392,6605
2022-04-01,6호선,안암,13225,12625
2022-04-01,6호선,고려대,8608,8375
2022-04-01,6호선,월곡,11707,11303
2022-04-01,6호선,상월곡,6132,5502
2022-04-01,6호선,돌곶이,9294,8512
2022-04-01,6호선,석계,12127,12487
2022-04-01,6호선,태릉입구,5563,6043
2022-04-01,6호선,화랑대,11524,8863
2022-04-01,6호선,봉화산,8464,8043
2022-04-02,6호선,봉화산,4978,4839
2022-04-02,6호선,화랑대,6956,5747
2022-04-02,6호선,태릉입구,4029,4322
2022-04-02,6호선,석계,8194,8282
2022-04-02,6호선,돌곶이,5997,5550
2022-04-02,6호선,상월곡,4000,3465
2022-04-02,6호선,월곡,7310,6988
2022-04-02,6호선,고려대,5319,5287
2022-04-02,6호선,안암,7520,7108
2022-04-02,6호선,보문,5004,4448
2022-04-02,6호선,창신,2159,1840
2022-04-02,6호선,동묘앞,7162,7097
2022-04-02,6호선,신당,6343,5564
2022-04-02,6호선,청구,2213,2358
2022-04-02,6호선,약수,2446,2508
2022-04-02,6호선,버티고개,1349,1463
2022-04-02,6호선,한강진,7991,10127
2022-04-02,6호선,이태원,15246,15657
2022-04-02,6호선,녹사평,5188,5383
2022-04-02,6호선,삼각지,5257,4108
2022-04-02,6호선,효창공원앞,4654,4135
2022-04-02,6호선,공덕,9449,8972
2022-04-02,6호선,대흥,5420,5342
2022-04-02,6호선,광흥창,4984,4641
2022-04-02,6호선,상수,8868,10088
2022-04-02,6호선,합정,12286,11448
2022-04-02,6호선,망원,12668,13875
2022-04-02,6호선,마포구청,8808,7775
2022-04-02,6호선,월드컵경기장,4521,4516
2022-04-02,6호선,디지털미디어시티,6664,6901
2022-04-02,6호선,증산,7373,7199
2022-04-02,6호선,새절,8665,8151
2022-04-02,6호선,구산,5275,3903
2022-04-02,6호선,연신내,1,0
2022-04-02,6호선,독바위,1892,2214
2022-04-02,6호선,불광,3502,3280
2022-04-02,6호선,역촌,2460,2899
2022-04-02,6호선,응암,11963,11897
2022-04-03,6호선,응암,8873,9059
2022-04-03,6호선,역촌,1810,2123
2022-04-03,6호선,불광,2806,2564
2022-04-03,6호선,독바위,1447,1861
2022-04-03,6호선,구산,3703,2723
2022-04-03,6호선,새절,5984,5914
2022-04-03,6호선,증산,5199,5375
2022-04-03,6호선,디지털미디어시티,4764,5104
2022-04-03,6호선,월드컵경기장,3965,3939
2022-04-03,6호선,마포구청,6532,5919
2022-04-03,6호선,망원,9635,10188
2022-04-03,6호선,합정,9045,8248
2022-04-03,6호선,상수,6043,6748
2022-04-03,6호선,광흥창,3780,3687
2022-04-03,6호선,대흥,3720,3840
2022-04-03,6호선,공덕,6522,6121
2022-04-03,6호선,효창공원앞,3280,2921
2022-04-03,6호선,삼각지,3678,2849
2022-04-03,6호선,녹사평,3805,3604
2022-04-03,6호선,이태원,9646,8754
2022-04-03,6호선,한강진,6088,7131
2022-04-03,6호선,버티고개,1003,1034
2022-04-03,6호선,약수,1555,1483
2022-04-03,6호선,청구,1576,1614
2022-04-03,6호선,신당,4788,5126
2022-04-03,6호선,동묘앞,5950,5652
2022-04-03,6호선,창신,1551,1420
2022-04-03,6호선,보문,3802,3659
2022-04-03,6호선,안암,5513,6230
2022-04-03,6호선,고려대,4028,4171
2022-04-03,6호선,월곡,5125,5196
2022-04-03,6호선,상월곡,3165,2878
2022-04-03,6호선,돌곶이,4935,4822
2022-04-03,6호선,석계,6132,6441
2022-04-03,6호선,태릉입구,2937,3231
2022-04-03,6호선,화랑대,4817,4275
2022-04-03,6호선,봉화산,3738,3627
2022-04-04,6호선,응암,16729,16687
2022-04-04,6호선,역촌,3501,4224
2022-04-04,6호선,불광,3895,4004
2022-04-04,6호선,독바위,2553,2728
2022-04-04,6호선,연신내,1,0
2022-04-04,6호선,구산,7420,5569
2022-04-04,6호선,새절,12226,11385
2022-04-04,6호선,증산,9766,9731
2022-04-04,6호선,디지털미디어시티,13261,14452
2022-04-04,6호선,월드컵경기장,4189,4335
2022-04-04,6호선,마포구청,13595,12110
2022-04-04,6호선,망원,12579,13359
2022-04-04,6호선,합정,11569,11217
2022-04-04,6호선,상수,7591,8708
2022-04-04,6호선,광흥창,8566,8430
2022-04-04,6호선,대흥,7865,8224
2022-04-04,6호선,공덕,17242,16711
2022-04-04,6호선,효창공원앞,7072,6605
2022-04-04,6호선,삼각지,5639,4963
2022-04-04,6호선,녹사평,4106,4104
2022-04-04,6호선,이태원,8287,8479
2022-04-04,6호선,한강진,6119,7117
2022-04-04,6호선,버티고개,1999,1962
2022-04-04,6호선,약수,3511,3519
2022-04-04,6호선,청구,3582,3865
2022-04-04,6호선,신당,7324,7857
2022-04-04,6호선,동묘앞,7418,7631
2022-04-04,6호선,창신,3526,2951
2022-04-04,6호선,보문,6936,6385
2022-04-04,6호선,안암,13398,13983
2022-04-04,6호선,고려대,8105,7851
2022-04-04,6호선,월곡,12297,12060
2022-04-04,6호선,상월곡,6275,5905
2022-04-04,6호선,돌곶이,9043,8357
2022-04-04,6호선,석계,11870,12661
2022-04-04,6호선,태릉입구,5238,5871
2022-04-04,6호선,화랑대,11642,9066
2022-04-04,6호선,봉화산,8472,8032
2022-04-04,6호선,신내,1,0
2022-04-05,6호선,응암,17217,16979
2022-04-05,6호선,역촌,3599,4195
2022-04-05,6호선,불광,4157,4074
2022-04-05,6호선,독바위,2599,2776
2022-04-05,6호선,연신내,1,0
2022-04-05,6호선,구산,7518,5559
2022-04-05,6호선,새절,12622,11771
2022-04-05,6호선,증산,9795,9950
2022-04-05,6호선,디지털미디어시티,13379,14629
2022-04-05,6호선,월드컵경기장,4198,4450
2022-04-05,6호선,마포구청,13715,12400
2022-04-05,6호선,망원,12787,13600
2022-04-05,6호선,합정,12139,11659
2022-04-05,6호선,상수,8062,9132
2022-04-05,6호선,광흥창,8831,8584
2022-04-05,6호선,대흥,8139,8464
2022-04-05,6호선,공덕,17709,17090
2022-04-05,6호선,효창공원앞,7068,6688
2022-04-05,6호선,삼각지,6087,5334
2022-04-05,6호선,녹사평,4288,4215
2022-04-05,6호선,이태원,8651,8921
2022-04-05,6호선,한강진,6978,8130
2022-04-05,6호선,버티고개,2097,2080
2022-04-05,6호선,약수,3593,3563
2022-04-05,6호선,청구,3677,3974
2022-04-05,6호선,신당,8296,8664
2022-04-05,6호선,동묘앞,7422,7555
2022-04-05,6호선,창신,3617,3037
2022-04-05,6호선,보문,7115,6561
2022-04-05,6호선,안암,13979,13997
2022-04-05,6호선,고려대,8424,8317
2022-04-05,6호선,월곡,12389,12017
2022-04-05,6호선,상월곡,6364,5897
2022-04-05,6호선,돌곶이,9191,8453
2022-04-05,6호선,석계,12295,12837
2022-04-05,6호선,태릉입구,5356,5968
2022-04-05,6호선,화랑대,12226,9587
2022-04-05,6호선,봉화산,8708,8245
2022-04-06,6호선,창신,3588,2947
2022-04-06,6호선,동묘앞,7521,7695
2022-04-06,6호선,신당,8312,8631
2022-04-06,6호선,청구,3659,3943
2022-04-06,6호선,약수,3547,3602
2022-04-06,6호선,버티고개,2092,2029
2022-04-06,6호선,한강진,7128,8303
2022-04-06,6호선,이태원,8941,9231
2022-04-06,6호선,녹사평,4468,4475
2022-04-06,6호선,삼각지,6114,5541
2022-04-06,6호선,효창공원앞,7156,6658
2022-04-06,6호선,공덕,17622,17310
2022-04-06,6호선,대흥,8270,8595
2022-04-06,6호선,광흥창,8777,8645
2022-04-06,6호선,상수,8065,9308
2022-04-06,6호선,합정,12321,12254
2022-04-06,6호선,망원,13350,13894
2022-04-06,6호선,마포구청,13657,12344
2022-04-06,6호선,디지털미디어시티,13588,14790
2022-04-06,6호선,증산,10050,10146
2022-04-06,6호선,새절,12877,12266
2022-04-06,6호선,구산,7850,5733
2022-04-06,6호선,독바위,2680,2797
2022-04-06,6호선,불광,4225,4230
2022-04-06,6호선,역촌,3631,4266
2022-04-06,6호선,응암,17511,17353
2022-04-06,6호선,월드컵경기장,6084,6249
2022-04-06,6호선,신내,1,0
2022-04-06,6호선,봉화산,8859,8245
2022-04-06,6호선,화랑대,12319,9671
2022-04-06,6호선,태릉입구,5518,6151
2022-04-06,6호선,석계,12515,12903
2022-04-06,6호선,돌곶이,9269,8625
2022-04-06,6호선,상월곡,6422,5967
2022-04-06,6호선,월곡,12550,12209
2022-04-06,6호선,고려대,8133,8099
2022-04-06,6호선,안암,14238,14223
2022-04-06,6호선,보문,7226,6587
2022-04-07,6호선,독바위,2663,2820
2022-04-07,6호선,불광,4125,4189
2022-04-07,6호선,역촌,3606,4301
2022-04-07,6호선,응암,17583,17445
2022-04-07,6호선,봉화산,8875,8430
2022-04-07,6호선,화랑대,12240,9445
2022-04-07,6호선,태릉입구,5608,6078
2022-04-07,6호선,석계,12344,12801
2022-04-07,6호선,돌곶이,9273,8521
2022-04-07,6호선,상월곡,6320,5777
2022-04-07,6호선,월곡,12184,11902
2022-04-07,6호선,고려대,8610,8446
2022-04-07,6호선,안암,14082,13946
2022-04-07,6호선,보문,7322,6688
2022-04-07,6호선,창신,3685,3082
2022-04-07,6호선,동묘앞,7492,7748
2022-04-07,6호선,신당,8488,8791
2022-04-07,6호선,청구,3643,3904
2022-04-07,6호선,약수,3538,3534
2022-04-07,6호선,버티고개,2048,2050
2022-04-07,6호선,한강진,6940,8082
2022-04-07,6호선,이태원,9157,9580
2022-04-07,6호선,녹사평,4531,4546
2022-04-07,6호선,삼각지,6137,5384
2022-04-07,6호선,효창공원앞,7174,6839
2022-04-07,6호선,공덕,18100,17482
2022-04-07,6호선,대흥,8415,8757
2022-04-07,6호선,광흥창,8964,8630
2022-04-07,6호선,상수,8143,9293
2022-04-07,6호선,합정,12402,12335
2022-04-07,6호선,망원,13328,14099
2022-04-07,6호선,마포구청,13666,12381
2022-04-07,6호선,월드컵경기장,4381,4514
2022-04-07,6호선,디지털미디어시티,13641,14906
2022-04-07,6호선,증산,10094,10118
2022-04-07,6호선,새절,13533,12676
2022-04-07,6호선,구산,7748,5723
2022-04-07,6호선,연신내,3,0
2022-04-08,6호선,응암,18402,18205
2022-04-08,6호선,역촌,3656,4270
2022-04-08,6호선,불광,4404,4338
2022-04-08,6호선,독바위,2795,2887
2022-04-08,6호선,연신내,1,0
2022-04-08,6호선,구산,7932,5649
2022-04-08,6호선,새절,13738,12859
2022-04-08,6호선,증산,10571,10597
2022-04-08,6호선,디지털미디어시티,13217,14166
2022-04-08,6호선,월드컵경기장,4923,5018
2022-04-08,6호선,마포구청,14127,12478
2022-04-08,6호선,망원,14376,15523
2022-04-08,6호선,합정,13772,13675
2022-04-08,6호선,상수,9169,10856
2022-04-08,6호선,광흥창,9185,8871
2022-04-08,6호선,대흥,8921,9050
2022-04-08,6호선,공덕,18357,17849
2022-04-08,6호선,효창공원앞,7309,6658
2022-04-08,6호선,삼각지,6569,5675
2022-04-08,6호선,녹사평,5090,5352
2022-04-08,6호선,이태원,11240,13671
2022-04-08,6호선,한강진,8164,9882
2022-04-08,6호선,버티고개,2130,2062
2022-04-08,6호선,약수,3677,3810
2022-04-08,6호선,청구,3706,3895
2022-04-08,6호선,신당,8742,8510
2022-04-08,6호선,동묘앞,7774,7795
2022-04-08,6호선,창신,3587,2996
2022-04-08,6호선,보문,7606,6740
2022-04-08,6호선,안암,13092,12342
2022-04-08,6호선,고려대,8436,8232
2022-04-08,6호선,월곡,12298,11766
2022-04-08,6호선,상월곡,6264,5597
2022-04-08,6호선,돌곶이,9410,8440
2022-04-08,6호선,석계,12539,12789
2022-04-08,6호선,태릉입구,5724,6290
2022-04-08,6호선,화랑대,12177,9337
2022-04-08,6호선,봉화산,8852,8307
2022-04-09,6호선,봉화산,5599,5373
2022-04-09,6호선,화랑대,7910,6446
2022-04-09,6호선,태릉입구,4332,4595
2022-04-09,6호선,석계,8975,8986
2022-04-09,6호선,돌곶이,6289,5772
2022-04-09,6호선,상월곡,4305,3750
2022-04-09,6호선,월곡,7575,7351
2022-04-09,6호선,고려대,5680,5688
2022-04-09,6호선,안암,7726,7423
2022-04-09,6호선,보문,5205,4702
2022-04-09,6호선,창신,2220,1794
2022-04-09,6호선,동묘앞,7325,7226
2022-04-09,6호선,신당,6306,5604
2022-04-09,6호선,청구,2422,2395
2022-04-09,6호선,약수,2504,2537
2022-04-09,6호선,버티고개,1484,1537
2022-04-09,6호선,한강진,7379,9651
2022-04-09,6호선,이태원,13604,16745
2022-04-09,6호선,녹사평,5384,5891
2022-04-09,6호선,삼각지,5813,4287
2022-04-09,6호선,효창공원앞,4840,4248
2022-04-09,6호선,공덕,10866,10313
2022-04-09,6호선,대흥,6048,6230
2022-04-09,6호선,광흥창,5873,5151
2022-04-09,6호선,상수,8399,10190
2022-04-09,6호선,합정,13293,12047
2022-04-09,6호선,망원,13271,14446
2022-04-09,6호선,마포구청,9457,7998
2022-04-09,6호선,월드컵경기장,5313,5115
2022-04-09,6호선,디지털미디어시티,7692,7623
2022-04-09,6호선,증산,8478,8559
2022-04-09,6호선,새절,11044,10083
2022-04-09,6호선,구산,5904,4147
2022-04-09,6호선,연신내,1,0
2022-04-09,6호선,독바위,2329,2484
2022-04-09,6호선,불광,4051,3714
2022-04-09,6호선,역촌,2664,3051
2022-04-09,6호선,응암,16461,16958
2022-04-10,6호선,창신,1732,1444
2022-04-10,6호선,응암,11098,12075
2022-04-10,6호선,역촌,2034,2368
2022-04-10,6호선,불광,3300,3110
2022-04-10,6호선,독바위,1794,2117
2022-04-10,6호선,연신내,2,0
2022-04-10,6호선,구산,4243,3005
2022-04-10,6호선,새절,7943,7481
2022-04-10,6호선,증산,6574,6710
2022-04-10,6호선,디지털미디어시티,5843,5746
2022-04-10,6호선,월드컵경기장,9166,9217
2022-04-10,6호선,마포구청,7682,6667
2022-04-10,6호선,망원,10641,11449
2022-04-10,6호선,합정,10586,9396
2022-04-10,6호선,상수,6253,7275
2022-04-10,6호선,광흥창,4726,4337
2022-04-10,6호선,대흥,4560,4800
2022-04-10,6호선,공덕,7753,7074
2022-04-10,6호선,효창공원앞,3864,3391
2022-04-10,6호선,삼각지,4364,3226
2022-04-10,6호선,녹사평,4264,4038
2022-04-10,6호선,이태원,9761,9550
2022-04-10,6호선,한강진,5862,7021
2022-04-10,6호선,버티고개,1086,1215
2022-04-10,6호선,약수,1744,1738
2022-04-10,6호선,청구,1726,1766
2022-04-10,6호선,신당,4753,5095
2022-04-10,6호선,동묘앞,6131,5994
2022-04-10,6호선,보문,4237,3943
2022-04-10,6호선,안암,5653,6352
2022-04-10,6호선,고려대,4456,4350
2022-04-10,6호선,월곡,5502,5368
2022-04-10,6호선,상월곡,3349,3066
2022-04-10,6호선,돌곶이,5441,5129
2022-04-10,6호선,석계,6583,6999
2022-04-10,6호선,태릉입구,3257,3635
2022-04-10,6호선,화랑대,5834,4997
2022-04-10,6호선,봉화산,4003,3869
2022-04-11,6호선,봉화산,8827,8338
2022-04-11,6호선,화랑대,12261,9584
2022-04-11,6호선,태릉입구,5573,6247
2022-04-11,6호선,석계,12286,13044
2022-04-11,6호선,돌곶이,9843,9366
2022-04-11,6호선,상월곡,6448,5972
2022-04-11,6호선,월곡,12707,12391
2022-04-11,6호선,고려대,8330,8046
2022-04-11,6호선,안암,13592,13997
2022-04-11,6호선,보문,7115,6570
2022-04-11,6호선,창신,3679,3101
2022-04-11,6호선,동묘앞,7468,7762
2022-04-11,6호선,신당,7291,7932
2022-04-11,6호선,청구,3714,3968
2022-04-11,6호선,약수,3597,3597
2022-04-11,6호선,불광,4124,4163
2022-04-11,6호선,역촌,3701,4352
2022-04-11,6호선,응암,17957,17923
2022-04-11,6호선,독바위,2730,2901
2022-04-11,6호선,연신내,1,0
2022-04-11,6호선,구산,7814,5705
2022-04-11,6호선,새절,13624,13015
2022-04-11,6호선,증산,10440,10379
2022-04-11,6호선,디지털미디어시티,13777,14947
2022-04-11,6호선,월드컵경기장,4402,4569
2022-04-11,6호선,마포구청,13877,12266
2022-04-11,6호선,망원,13114,13729
2022-04-11,6호선,합정,12192,12038
2022-04-11,6호선,상수,7432,8450
2022-04-11,6호선,광흥창,9033,8715
2022-04-11,6호선,대흥,8322,8750
2022-04-11,6호선,공덕,18101,17769
2022-04-11,6호선,효창공원앞,7217,6690
2022-04-11,6호선,삼각지,5995,5213
2022-04-11,6호선,녹사평,4375,4152
2022-04-11,6호선,이태원,8849,8993
2022-04-11,6호선,한강진,6319,7294
2022-04-11,6호선,버티고개,2120,2070
2022-04-12,6호선,응암,17793,17644
2022-04-12,6호선,역촌,3650,4341
2022-04-12,6호선,불광,4129,4067
2022-04-12,6호선,독바위,2729,2924
2022-04-12,6호선,연신내,2,0
2022-04-12,6호선,구산,7718,5759
2022-04-12,6호선,새절,13633,12707
2022-04-12,6호선,증산,10209,10367
2022-04-12,6호선,디지털미디어시티,14012,15187
2022-04-12,6호선,월드컵경기장,4273,4384
2022-04-12,6호선,마포구청,14091,12836
2022-04-12,6호선,망원,13148,13841
2022-04-12,6호선,합정,12410,12221
2022-04-12,6호선,상수,8220,9257
2022-04-12,6호선,광흥창,9183,8888
2022-04-12,6호선,대흥,8598,8962
2022-04-12,6호선,공덕,18412,17935
2022-04-12,6호선,효창공원앞,7178,6898
2022-04-12,6호선,삼각지,6289,5543
2022-04-12,6호선,녹사평,4523,4416
2022-04-12,6호선,이태원,8803,9168
2022-04-12,6호선,한강진,6805,8024
2022-04-12,6호선,버티고개,2189,2163
2022-04-12,6호선,약수,3556,3603
2022-04-12,6호선,청구,3718,4024
2022-04-12,6호선,신당,8372,8869
2022-04-12,6호선,동묘앞,7515,7788
2022-04-12,6호선,창신,3734,3182
2022-04-12,6호선,보문,7236,6572
2022-04-12,6호선,안암,14031,14074
2022-04-12,6호선,고려대,8591,8397
2022-04-12,6호선,월곡,12607,12148
2022-04-12,6호선,상월곡,6426,6103
2022-04-12,6호선,돌곶이,9924,9318
2022-04-12,6호선,석계,12613,13263
2022-04-12,6호선,태릉입구,5544,6283
2022-04-12,6호선,화랑대,12809,9813
2022-04-12,6호선,봉화산,9066,8559
2022-04-13,6호선,봉화산,8837,8233
2022-04-13,6호선,화랑대,12195,9576
2022-04-13,6호선,태릉입구,5500,6010
2022-04-13,6호선,석계,12200,12918
2022-04-13,6호선,돌곶이,10059,9353
2022-04-13,6호선,상월곡,6501,5992
2022-04-13,6호선,월곡,12357,12044
2022-04-13,6호선,고려대,8248,8048
2022-04-13,6호선,안암,13709,13766
2022-04-13,6호선,보문,7225,6596
2022-04-13,6호선,창신,3806,3231
2022-04-13,6호선,동묘앞,7326,7521
2022-04-13,6호선,신당,9196,9359
2022-04-13,6호선,청구,3761,4049
2022-04-13,6호선,약수,3579,3544
2022-04-13,6호선,버티고개,2107,2026
2022-04-13,6호선,한강진,7063,8220
2022-04-13,6호선,이태원,8945,9348
2022-04-13,6호선,녹사평,4231,4333
2022-04-13,6호선,삼각지,6512,5802
2022-04-13,6호선,효창공원앞,7178,6747
2022-04-13,6호선,공덕,18039,17522
2022-04-13,6호선,대흥,8303,8497
2022-04-13,6호선,광흥창,9062,8753
2022-04-13,6호선,상수,7966,8976
2022-04-13,6호선,합정,12490,12350
2022-04-13,6호선,망원,12947,13678
2022-04-13,6호선,마포구청,13967,12735
2022-04-13,6호선,월드컵경기장,3793,3979
2022-04-13,6호선,디지털미디어시티,13599,15161
2022-04-13,6호선,증산,9984,10044
2022-04-13,6호선,새절,13066,12306
2022-04-13,6호선,구산,7571,5730
2022-04-13,6호선,연신내,1,0
2022-04-13,6호선,독바위,2644,2755
2022-04-13,6호선,불광,4107,4127
2022-04-13,6호선,역촌,3681,4285
2022-04-13,6호선,응암,17332,17126
2022-04-14,6호선,녹사평,4655,4570
2022-04-14,6호선,삼각지,6491,5802
2022-04-14,6호선,효창공원앞,7226,6729
2022-04-14,6호선,공덕,18415,17911
2022-04-14,6호선,대흥,8524,8707
2022-04-14,6호선,광흥창,9128,8732
2022-04-14,6호선,상수,8155,9260
2022-04-14,6호선,합정,12606,12587
2022-04-14,6호선,망원,13410,14250
2022-04-14,6호선,마포구청,14089,12455
2022-04-14,6호선,월드컵경기장,4023,4321
2022-04-14,6호선,디지털미디어시티,13893,15182
2022-04-14,6호선,증산,10004,9928
2022-04-14,6호선,새절,13404,12384
2022-04-14,6호선,구산,7750,5677
2022-04-14,6호선,연신내,1,0
2022-04-14,6호선,독바위,2689,2918
2022-04-14,6호선,불광,4060,3922
2022-04-14,6호선,역촌,3583,4322
2022-04-14,6호선,청구,3753,3964
2022-04-14,6호선,약수,3605,3592
2022-04-14,6호선,동묘앞,7439,7662
2022-04-14,6호선,창신,3661,3116
2022-04-14,6호선,보문,7313,6674
2022-04-14,6호선,안암,13696,13744
2022-04-14,6호선,고려대,8739,8479
2022-04-14,6호선,월곡,12306,11978
2022-04-14,6호선,상월곡,6415,5887
2022-04-14,6호선,돌곶이,9974,9200
2022-04-14,6호선,석계,12428,13060
2022-04-14,6호선,태릉입구,5609,6131
2022-04-14,6호선,화랑대,12418,9380
2022-04-14,6호선,봉화산,8923,8400
2022-04-14,6호선,응암,17420,17268
2022-04-14,6호선,신당,8287,8923
2022-04-14,6호선,버티고개,2156,2065
2022-04-14,6호선,한강진,7100,8471
2022-04-14,6호선,이태원,9479,10097
2022-04-15,6호선,한강진,8525,10381
2022-04-15,6호선,버티고개,2095,2111
2022-04-15,6호선,약수,3828,3892
2022-04-15,6호선,이태원,12121,14602
2022-04-15,6호선,봉화산,8907,8403
2022-04-15,6호선,화랑대,12363,9354
2022-04-15,6호선,태릉입구,5796,6293
2022-04-15,6호선,석계,12482,12928
2022-04-15,6호선,돌곶이,9671,8694
2022-04-15,6호선,상월곡,6532,5755
2022-04-15,6호선,월곡,12096,11688
2022-04-15,6호선,고려대,8381,8026
2022-04-15,6호선,안암,12241,11581
2022-04-15,6호선,보문,7652,6874
2022-04-15,6호선,창신,3740,3110
2022-04-15,6호선,동묘앞,8134,7852
2022-04-15,6호선,신당,8480,8331
2022-04-15,6호선,청구,3790,4099
2022-04-15,6호선,응암,17964,17532
2022-04-15,6호선,역촌,3798,4284
2022-04-15,6호선,불광,4276,4248
2022-04-15,6호선,독바위,2770,2877
2022-04-15,6호선,연신내,1,0
2022-04-15,6호선,구산,8009,5795
2022-04-15,6호선,새절,13178,12287
2022-04-15,6호선,증산,10397,10112
2022-04-15,6호선,디지털미디어시티,13918,14824
2022-04-15,6호선,월드컵경기장,4764,4993
2022-04-15,6호선,마포구청,14389,12705
2022-04-15,6호선,망원,14597,15724
2022-04-15,6호선,합정,13929,13853
2022-04-15,6호선,상수,9072,11048
2022-04-15,6호선,광흥창,9223,8807
2022-04-15,6호선,대흥,8315,8452
2022-04-15,6호선,공덕,19011,18638
2022-04-15,6호선,효창공원앞,7444,6711
2022-04-15,6호선,삼각지,6882,5900
2022-04-15,6호선,녹사평,5268,5600
2022-04-16,6호선,봉화산,5460,5219
2022-04-16,6호선,화랑대,7165,5919
2022-04-16,6호선,태릉입구,4353,4529
2022-04-16,6호선,석계,8950,8860
2022-04-16,6호선,돌곶이,6184,5708
2022-04-16,6호선,상월곡,4183,3686
2022-04-16,6호선,월곡,7871,7712
2022-04-16,6호선,고려대,5433,5232
2022-04-16,6호선,안암,6711,6439
2022-04-16,6호선,보문,5238,4761
2022-04-16,6호선,창신,2107,1778
2022-04-16,6호선,동묘앞,7737,7610
2022-04-16,6호선,신당,6251,5612
2022-04-16,6호선,청구,2462,2470
2022-04-16,6호선,약수,2613,2645
2022-04-16,6호선,버티고개,1418,1507
2022-04-16,6호선,한강진,8262,10745
2022-04-16,6호선,이태원,15121,17537
2022-04-16,6호선,녹사평,5928,6319
2022-04-16,6호선,삼각지,6184,4704
2022-04-16,6호선,효창공원앞,4750,4226
2022-04-16,6호선,공덕,10240,9665
2022-04-16,6호선,대흥,5715,5706
2022-04-16,6호선,광흥창,5400,4863
2022-04-16,6호선,상수,8367,10622
2022-04-16,6호선,합정,12887,12105
2022-04-16,6호선,망원,13375,14883
2022-04-16,6호선,마포구청,9447,8165
2022-04-16,6호선,월드컵경기장,4859,5044
2022-04-16,6호선,디지털미디어시티,7424,7475
2022-04-16,6호선,증산,7541,7391
2022-04-16,6호선,새절,8855,8222
2022-04-16,6호선,구산,5395,3996
2022-04-16,6호선,독바위,2045,2452
2022-04-16,6호선,불광,3979,3649
2022-04-16,6호선,역촌,2684,2858
2022-04-16,6호선,응암,12994,12610
2022-04-17,6호선,응암,9633,9567
2022-04-17,6호선,역촌,1918,2309
2022-04-17,6호선,불광,2840,2683
2022-04-17,6호선,독바위,1586,1935
2022-04-17,6호선,구산,3944,2915
2022-04-17,6호선,새절,6406,6288
2022-04-17,6호선,증산,5621,5674
2022-04-17,6호선,디지털미디어시티,5496,5602
2022-04-17,6호선,월드컵경기장,4099,4219
2022-04-17,6호선,마포구청,6927,6380
2022-04-17,6호선,망원,9943,10622
2022-04-17,6호선,합정,9458,8791
2022-04-17,6호선,상수,5930,7122
2022-04-17,6호선,광흥창,4159,3939
2022-04-17,6호선,대흥,3867,4001
2022-04-17,6호선,공덕,7111,6557
2022-04-17,6호선,효창공원앞,3569,3213
2022-04-17,6호선,삼각지,4368,3313
2022-04-17,6호선,녹사평,4134,4092
2022-04-17,6호선,이태원,9936,9897
2022-04-17,6호선,한강진,6241,7478
2022-04-17,6호선,버티고개,1058,1157
2022-04-17,6호선,약수,1743,1738
2022-04-17,6호선,청구,1761,1636
2022-04-17,6호선,신당,4487,4896
2022-04-17,6호선,동묘앞,6574,6299
2022-04-17,6호선,창신,1653,1487
2022-04-17,6호선,보문,4233,3990
2022-04-17,6호선,안암,4717,5182
2022-04-17,6호선,고려대,4016,4078
2022-04-17,6호선,월곡,5430,5331
2022-04-17,6호선,상월곡,3257,3008
2022-04-17,6호선,돌곶이,5413,4908
2022-04-17,6호선,석계,6570,6854
2022-04-17,6호선,태릉입구,3201,3463
2022-04-17,6호선,화랑대,5092,4404
2022-04-17,6호선,봉화산,3952,3892
2022-04-17,6호선,신내,2,0
2022-04-18,6호선,봉화산,8858,8348
2022-04-18,6호선,화랑대,12414,9738
2022-04-18,6호선,태릉입구,5559,6143
2022-04-18,6호선,석계,12407,13202
2022-04-18,6호선,돌곶이,9451,8690
2022-04-18,6호선,상월곡,6484,5963
2022-04-18,6호선,월곡,12647,12397
2022-04-18,6호선,고려대,8546,8268
2022-04-18,6호선,안암,13231,13823
2022-04-18,6호선,보문,7186,6680
2022-04-18,6호선,창신,3709,3036
2022-04-18,6호선,동묘앞,7533,7896
2022-04-18,6호선,신당,7492,8121
2022-04-18,6호선,청구,3642,3995
2022-04-18,6호선,약수,3625,3714
2022-04-18,6호선,버티고개,2130,2099
2022-04-18,6호선,한강진,6497,7445
2022-04-18,6호선,이태원,9135,9603
2022-04-18,6호선,녹사평,4412,4278
2022-04-18,6호선,삼각지,5904,5265
2022-04-18,6호선,효창공원앞,7123,6583
2022-04-18,6호선,공덕,18412,17902
2022-04-18,6호선,대흥,8320,8602
2022-04-18,6호선,광흥창,8949,8567
2022-04-18,6호선,상수,7639,8720
2022-04-18,6호선,합정,12114,12030
2022-04-18,6호선,망원,12976,13722
2022-04-18,6호선,마포구청,13869,12450
2022-04-18,6호선,월드컵경기장,3964,4246
2022-04-18,6호선,디지털미디어시티,14115,15243
2022-04-18,6호선,증산,10092,9968
2022-04-18,6호선,새절,13425,12662
2022-04-18,6호선,구산,7795,5796
2022-04-18,6호선,독바위,2772,2908
2022-04-18,6호선,불광,4101,4089
2022-04-18,6호선,역촌,3623,4370
2022-04-18,6호선,응암,17502,17494
2022-04-19,6호선,응암,17929,17733
2022-04-19,6호선,역촌,3765,4388
2022-04-19,6호선,불광,4143,4181
2022-04-19,6호선,독바위,2793,2960
2022-04-19,6호선,연신내,3,0
2022-04-19,6호선,구산,7853,5894
2022-04-19,6호선,새절,13832,12657
2022-04-19,6호선,증산,10362,10347
2022-04-19,6호선,디지털미디어시티,14461,15725
2022-04-19,6호선,월드컵경기장,4448,4644
2022-04-19,6호선,마포구청,14459,12924
2022-04-19,6호선,망원,13570,14359
2022-04-19,6호선,합정,12539,12452
2022-04-19,6호선,상수,8366,9425
2022-04-19,6호선,광흥창,9394,9090
2022-04-19,6호선,대흥,8614,8812
2022-04-19,6호선,공덕,18849,18466
2022-04-19,6호선,효창공원앞,7484,6879
2022-04-19,6호선,삼각지,6443,5743
2022-04-19,6호선,녹사평,4648,4647
2022-04-19,6호선,이태원,9300,9531
2022-04-19,6호선,한강진,7213,8330
2022-04-19,6호선,버티고개,2187,2125
2022-04-19,6호선,약수,3631,3483
2022-04-19,6호선,청구,3799,4075
2022-04-19,6호선,신당,8522,8913
2022-04-19,6호선,동묘앞,7580,7915
2022-04-19,6호선,창신,3797,3191
2022-04-19,6호선,보문,7339,6712
2022-04-19,6호선,안암,13357,13654
2022-04-19,6호선,고려대,8856,8603
2022-04-19,6호선,월곡,12583,12188
2022-04-19,6호선,상월곡,6618,6046
2022-04-19,6호선,돌곶이,9626,8977
2022-04-19,6호선,석계,12807,13625
2022-04-19,6호선,태릉입구,5750,6266
2022-04-19,6호선,화랑대,12984,10090
2022-04-19,6호선,봉화산,9259,8668
2022-04-19,6호선,신내,1,0
2022-04-20,6호선,응암,18184,17913
2022-04-20,6호선,역촌,3809,4455
2022-04-20,6호선,불광,4946,4862
2022-04-20,6호선,독바위,2791,2960
2022-04-20,6호선,구산,7979,5846
2022-04-20,6호선,새절,13711,12584
2022-04-20,6호선,증산,10600,10430
2022-04-20,6호선,디지털미디어시티,14512,15856
2022-04-20,6호선,월드컵경기장,4599,4758
2022-04-20,6호선,마포구청,14669,13047
2022-04-20,6호선,망원,13753,14546
2022-04-20,6호선,합정,12789,12755
2022-04-20,6호선,상수,8166,9326
2022-04-20,6호선,광흥창,9280,9044
2022-04-20,6호선,대흥,8414,8626
2022-04-20,6호선,공덕,19057,18371
2022-04-20,6호선,효창공원앞,7512,6878
2022-04-20,6호선,삼각지,6718,5964
2022-04-20,6호선,녹사평,4840,4765
2022-04-20,6호선,이태원,9632,10276
2022-04-20,6호선,한강진,7558,8816
2022-04-20,6호선,버티고개,2135,2107
2022-04-20,6호선,약수,3606,3566
2022-04-20,6호선,청구,3931,4218
2022-04-20,6호선,신당,9031,9514
2022-04-20,6호선,동묘앞,7866,7938
2022-04-20,6호선,창신,3758,3163
2022-04-20,6호선,보문,7431,6814
2022-04-20,6호선,안암,12669,12810
2022-04-20,6호선,고려대,8609,8494
2022-04-20,6호선,월곡,12222,11942
2022-04-20,6호선,상월곡,6571,5792
2022-04-20,6호선,돌곶이,9821,9034
2022-04-20,6호선,석계,13052,13610
2022-04-20,6호선,태릉입구,5646,6406
2022-04-20,6호선,화랑대,13043,10233
2022-04-20,6호선,봉화산,9340,8709
2022-04-21,6호선,봉화산,9147,8513
2022-04-21,6호선,화랑대,13170,10243
2022-04-21,6호선,태릉입구,5839,6463
2022-04-21,6호선,석계,12841,13439
2022-04-21,6호선,돌곶이,9774,8857
2022-04-21,6호선,상월곡,6455,5724
2022-04-21,6호선,월곡,11969,11589
2022-04-21,6호선,고려대,9069,8659
2022-04-21,6호선,안암,13207,12714
2022-04-21,6호선,보문,7742,6953
2022-04-21,6호선,창신,3738,3061
2022-04-21,6호선,동묘앞,7824,7936
2022-04-21,6호선,신당,8291,9073
2022-04-21,6호선,청구,3970,4139
2022-04-21,6호선,약수,3764,3993
2022-04-21,6호선,버티고개,2250,2075
2022-04-21,6호선,한강진,7609,9100
2022-04-21,6호선,이태원,10024,10720
2022-04-21,6호선,녹사평,4939,4938
2022-04-21,6호선,삼각지,6807,6047
2022-04-21,6호선,효창공원앞,7574,6871
2022-04-21,6호선,공덕,19076,18407
2022-04-21,6호선,대흥,8438,8623
2022-04-21,6호선,광흥창,9112,8759
2022-04-21,6호선,상수,8476,9480
2022-04-21,6호선,합정,13445,14247
2022-04-21,6호선,망원,13859,14755
2022-04-21,6호선,마포구청,14476,12853
2022-04-21,6호선,월드컵경기장,4640,4779
2022-04-21,6호선,디지털미디어시티,14332,15629
2022-04-21,6호선,증산,10453,10229
2022-04-21,6호선,새절,13887,12805
2022-04-21,6호선,구산,8080,5700
2022-04-21,6호선,독바위,2828,2941
2022-04-21,6호선,불광,4644,4446
2022-04-21,6호선,역촌,3777,4462
2022-04-21,6호선,응암,18322,17566
2022-04-22,6호선,봉화산,8991,8398
2022-04-22,6호선,화랑대,12751,9392
2022-04-22,6호선,태릉입구,5774,6075
2022-04-22,6호선,석계,12787,13142
2022-04-22,6호선,돌곶이,9663,8690
2022-04-22,6호선,상월곡,6428,5525
2022-04-22,6호선,월곡,12035,11412
2022-04-22,6호선,고려대,8419,8109
2022-04-22,6호선,안암,11302,10796
2022-04-22,6호선,보문,7607,6810
2022-04-22,6호선,창신,3642,2931
2022-04-22,6호선,동묘앞,7774,7654
2022-04-22,6호선,신당,8744,8257
2022-04-22,6호선,청구,3890,4108
2022-04-22,6호선,약수,3750,3946
2022-04-22,6호선,버티고개,2159,2097
2022-04-22,6호선,한강진,8909,10871
2022-04-22,6호선,이태원,11709,16050
2022-04-22,6호선,녹사평,5019,5525
2022-04-22,6호선,삼각지,7014,6198
2022-04-22,6호선,효창공원앞,7329,6661
2022-04-22,6호선,공덕,19097,18695
2022-04-22,6호선,대흥,8477,8635
2022-04-22,6호선,광흥창,9149,8782
2022-04-22,6호선,상수,9369,11652
2022-04-22,6호선,합정,13698,14068
2022-04-22,6호선,망원,14432,15652
2022-04-22,6호선,마포구청,14449,12773
2022-04-22,6호선,월드컵경기장,4166,4339
2022-04-22,6호선,디지털미디어시티,14155,15002
2022-04-22,6호선,증산,10287,9932
2022-04-22,6호선,새절,13558,12178
2022-04-22,6호선,구산,8090,5718
2022-04-22,6호선,연신내,1,0
2022-04-22,6호선,독바위,2853,2761
2022-04-22,6호선,불광,4501,4270
2022-04-22,6호선,역촌,3688,4309
2022-04-22,6호선,응암,18093,17464
2022-04-23,6호선,봉화산,5567,5385
2022-04-23,6호선,화랑대,7190,5807
2022-04-23,6호선,태릉입구,4308,4565
2022-04-23,6호선,돌곶이,6279,5778
2022-04-23,6호선,상월곡,4215,3672
2022-04-23,6호선,월곡,7416,7210
2022-04-23,6호선,고려대,5596,5199
2022-04-23,6호선,안암,7258,6893
2022-04-23,6호선,보문,5330,4698
2022-04-23,6호선,창신,2122,1729
2022-04-23,6호선,동묘앞,8047,7714
2022-04-23,6호선,신당,6054,5728
2022-04-23,6호선,청구,2432,2413
2022-04-23,6호선,약수,2586,2653
2022-04-23,6호선,버티고개,1676,1789
2022-04-23,6호선,한강진,8847,11411
2022-04-23,6호선,이태원,14953,20096
2022-04-23,6호선,녹사평,5685,6480
2022-04-23,6호선,삼각지,6441,5010
2022-04-23,6호선,효창공원앞,4946,4325
2022-04-23,6호선,공덕,10309,9653
2022-04-23,6호선,대흥,5603,5544
2022-04-23,6호선,광흥창,5343,4821
2022-04-23,6호선,상수,8161,10430
2022-04-23,6호선,합정,12860,12155
2022-04-23,6호선,망원,13899,15493
2022-04-23,6호선,마포구청,9792,8152
2022-04-23,6호선,월드컵경기장,4959,5153
2022-04-23,6호선,디지털미디어시티,7577,7515
2022-04-23,6호선,증산,7645,7283
2022-04-23,6호선,새절,9049,8358
2022-04-23,6호선,구산,5644,4096
2022-04-23,6호선,독바위,2025,2198
2022-04-23,6호선,불광,3869,3631
2022-04-23,6호선,역촌,2675,3059
2022-04-23,6호선,응암,13143,12673
2022-04-23,6호선,석계,9107,8813
2022-04-24,6호선,응암,9505,9529
2022-04-24,6호선,역촌,2024,2355
2022-04-24,6호선,불광,2966,2739
2022-04-24,6호선,독바위,1718,2051
2022-04-24,6호선,구산,3968,2969
2022-04-24,6호선,새절,6368,6273
2022-04-24,6호선,증산,5775,5848
2022-04-24,6호선,디지털미디어시티,5348,5607
2022-04-24,6호선,월드컵경기장,3416,3449
2022-04-24,6호선,마포구청,7001,6330
2022-04-24,6호선,망원,10020,10944
2022-04-24,6호선,합정,9272,8693
2022-04-24,6호선,상수,6155,6766
2022-04-24,6호선,광흥창,4027,3787
2022-04-24,6호선,대흥,3765,3963
2022-04-24,6호선,공덕,6869,6375
2022-04-24,6호선,효창공원앞,3574,3190
2022-04-24,6호선,삼각지,4472,3524
2022-04-24,6호선,녹사평,4181,4102
2022-04-24,6호선,이태원,12496,9917
2022-04-24,6호선,한강진,6773,7809
2022-04-24,6호선,버티고개,1160,1315
2022-04-24,6호선,약수,1764,1671
2022-04-24,6호선,청구,1726,1602
2022-04-24,6호선,신당,4772,5276
2022-04-24,6호선,동묘앞,6401,6289
2022-04-24,6호선,창신,1674,1432
2022-04-24,6호선,보문,3952,3754
2022-04-24,6호선,안암,4362,4952
2022-04-24,6호선,고려대,4040,4077
2022-04-24,6호선,월곡,5256,5104
2022-04-24,6호선,상월곡,3308,2993
2022-04-24,6호선,돌곶이,5419,5146
2022-04-24,6호선,석계,6422,6747
2022-04-24,6호선,태릉입구,3206,3308
2022-04-24,6호선,화랑대,5111,4497
2022-04-24,6호선,봉화산,3960,3957
2022-04-25,6호선,상수,7744,8741
2022-04-25,6호선,응암,17812,17615
2022-04-25,6호선,역촌,3686,4323
2022-04-25,6호선,불광,4238,4167
2022-04-25,6호선,독바위,2727,2828
2022-04-25,6호선,연신내,1,0
2022-04-25,6호선,구산,7806,5763
2022-04-25,6호선,새절,13672,12716
2022-04-25,6호선,증산,10339,10297
2022-04-25,6호선,디지털미디어시티,14534,15790
2022-04-25,6호선,월드컵경기장,4203,4520
2022-04-25,6호선,마포구청,14191,12749
2022-04-25,6호선,망원,12869,13587
2022-04-25,6호선,합정,12287,12517
2022-04-25,6호선,광흥창,9175,8801
2022-04-25,6호선,대흥,8219,8513
2022-04-25,6호선,공덕,18696,18039
2022-04-25,6호선,효창공원앞,7390,6833
2022-04-25,6호선,삼각지,6074,5453
2022-04-25,6호선,녹사평,4422,4304
2022-04-25,6호선,이태원,9296,9627
2022-04-25,6호선,한강진,6628,7702
2022-04-25,6호선,버티고개,2170,2122
2022-04-25,6호선,약수,3630,3643
2022-04-25,6호선,청구,3713,4064
2022-04-25,6호선,신당,7877,8527
2022-04-25,6호선,동묘앞,7609,7870
2022-04-25,6호선,창신,3767,3165
2022-04-25,6호선,보문,7365,6754
2022-04-25,6호선,안암,12825,13178
2022-04-25,6호선,고려대,8699,8479
2022-04-25,6호선,월곡,12069,11901
2022-04-25,6호선,상월곡,6516,5889
2022-04-25,6호선,돌곶이,9686,9020
2022-04-25,6호선,석계,12795,13551
2022-04-25,6호선,태릉입구,5593,6319
2022-04-25,6호선,화랑대,12543,9916
2022-04-25,6호선,봉화산,9213,8599
2022-04-26,6호선,봉화산,9539,8799
2022-04-26,6호선,화랑대,13244,10848
2022-04-26,6호선,태릉입구,5792,6538
2022-04-26,6호선,석계,13149,13686
2022-04-26,6호선,돌곶이,9818,8968
2022-04-26,6호선,상월곡,6480,5816
2022-04-26,6호선,월곡,12167,12001
2022-04-26,6호선,고려대,8839,8772
2022-04-26,6호선,안암,13385,13440
2022-04-26,6호선,보문,7659,7008
2022-04-26,6호선,창신,3814,3192
2022-04-26,6호선,동묘앞,7874,8033
2022-04-26,6호선,신당,8923,9482
2022-04-26,6호선,청구,3773,4092
2022-04-26,6호선,약수,3606,3676
2022-04-26,6호선,버티고개,2118,2135
2022-04-26,6호선,한강진,7604,8923
2022-04-26,6호선,이태원,9861,10378
2022-04-26,6호선,녹사평,4746,4763
2022-04-26,6호선,삼각지,6560,5612
2022-04-26,6호선,효창공원앞,7755,7082
2022-04-26,6호선,공덕,19280,18648
2022-04-26,6호선,대흥,8660,8850
2022-04-26,6호선,광흥창,9520,9144
2022-04-26,6호선,상수,8487,9866
2022-04-26,6호선,합정,12826,12746
2022-04-26,6호선,망원,13586,14674
2022-04-26,6호선,마포구청,14769,13152
2022-04-26,6호선,월드컵경기장,4507,4696
2022-04-26,6호선,디지털미디어시티,14662,16111
2022-04-26,6호선,증산,10516,10234
2022-04-26,6호선,새절,13978,12943
2022-04-26,6호선,구산,8013,5791
2022-04-26,6호선,독바위,2817,2908
2022-04-26,6호선,불광,4304,4393
2022-04-26,6호선,역촌,3780,4416
2022-04-26,6호선,응암,18253,17870
2022-04-27,6호선,응암,18481,18064
2022-04-27,6호선,역촌,3858,4601
2022-04-27,6호선,불광,4617,4607
2022-04-27,6호선,독바위,2851,2943
2022-04-27,6호선,구산,8192,5868
2022-04-27,6호선,새절,13819,12926
2022-04-27,6호선,증산,10652,10479
2022-04-27,6호선,디지털미디어시티,14977,16327
2022-04-27,6호선,월드컵경기장,4589,4759
2022-04-27,6호선,마포구청,14816,13195
2022-04-27,6호선,망원,14137,15076
2022-04-27,6호선,합정,13528,13298
2022-04-27,6호선,상수,8659,9835
2022-04-27,6호선,광흥창,9615,9336
2022-04-27,6호선,대흥,8930,9127
2022-04-27,6호선,공덕,19538,19046
2022-04-27,6호선,효창공원앞,7734,7110
2022-04-27,6호선,삼각지,6744,6009
2022-04-27,6호선,녹사평,5062,5150
2022-04-27,6호선,이태원,10452,11032
2022-04-27,6호선,한강진,8031,9544
2022-04-27,6호선,버티고개,2360,2205
2022-04-27,6호선,약수,3847,3657
2022-04-27,6호선,청구,3920,4223
2022-04-27,6호선,신당,9703,10006
2022-04-27,6호선,동묘앞,7997,8289
2022-04-27,6호선,창신,3886,3324
2022-04-27,6호선,보문,7820,7135
2022-04-27,6호선,안암,13773,13824
2022-04-27,6호선,고려대,9004,8893
2022-04-27,6호선,월곡,13241,12756
2022-04-27,6호선,상월곡,7010,6401
2022-04-27,6호선,돌곶이,9972,9354
2022-04-27,6호선,석계,13383,13878
2022-04-27,6호선,태릉입구,5913,6575
2022-04-27,6호선,화랑대,13360,10304
2022-04-27,6호선,봉화산,9462,8816
2022-04-28,6호선,응암,18932,18404
2022-04-28,6호선,역촌,3824,4533
2022-04-28,6호선,불광,4410,4356
2022-04-28,6호선,독바위,2808,2956
2022-04-28,6호선,구산,8033,5802
2022-04-28,6호선,새절,14203,13089
2022-04-28,6호선,증산,10704,10594
2022-04-28,6호선,디지털미디어시티,14865,16421
2022-04-28,6호선,월드컵경기장,4907,5191
2022-04-28,6호선,마포구청,14908,13249
2022-04-28,6호선,망원,14528,15561
2022-04-28,6호선,합정,13738,13555
2022-04-28,6호선,상수,9121,10514
2022-04-28,6호선,광흥창,9646,9271
2022-04-28,6호선,대흥,9271,9569
2022-04-28,6호선,공덕,19525,19041
2022-04-28,6호선,효창공원앞,7732,7200
2022-04-28,6호선,삼각지,7026,6144
2022-04-28,6호선,녹사평,5270,5069
2022-04-28,6호선,이태원,10941,11852
2022-04-28,6호선,한강진,8160,9703
2022-04-28,6호선,버티고개,2266,2281
2022-04-28,6호선,약수,3695,3748
2022-04-28,6호선,청구,3815,4144
2022-04-28,6호선,신당,8804,9043
2022-04-28,6호선,동묘앞,8164,8414
2022-04-28,6호선,창신,3926,3233
2022-04-28,6호선,보문,7831,7077
2022-04-28,6호선,안암,14108,13830
2022-04-28,6호선,고려대,9294,9077
2022-04-28,6호선,월곡,13071,12619
2022-04-28,6호선,상월곡,6893,6367
2022-04-28,6호선,돌곶이,9948,9048
2022-04-28,6호선,석계,13406,13781
2022-04-28,6호선,태릉입구,6009,6745
2022-04-28,6호선,화랑대,13433,10421
2022-04-28,6호선,봉화산,9583,8998
2022-04-28,6호선,신내,1,0
2022-04-29,6호선,응암,18766,18085
2022-04-29,6호선,역촌,3908,4545
2022-04-29,6호선,불광,4675,4451
2022-04-29,6호선,독바위,2808,2846
2022-04-29,6호선,구산,8318,5858
2022-04-29,6호선,새절,13899,12626
2022-04-29,6호선,증산,10873,10464
2022-04-29,6호선,디지털미디어시티,14498,15720
2022-04-29,6호선,월드컵경기장,4389,4792
2022-04-29,6호선,마포구청,15094,13192
2022-04-29,6호선,망원,15339,16354
2022-04-29,6호선,합정,14728,14761
2022-04-29,6호선,상수,10134,12481
2022-04-29,6호선,광흥창,9711,9188
2022-04-29,6호선,대흥,9218,9192
2022-04-29,6호선,공덕,20093,19506
2022-04-29,6호선,효창공원앞,7838,6938
2022-04-29,6호선,삼각지,7285,6251
2022-04-29,6호선,녹사평,5502,6038
2022-04-29,6호선,이태원,12924,17603
2022-04-29,6호선,한강진,8838,11065
2022-04-29,6호선,버티고개,2272,2172
2022-04-29,6호선,약수,3861,3927
2022-04-29,6호선,청구,3964,4118
2022-04-29,6호선,신당,8998,8613
2022-04-29,6호선,동묘앞,8435,8293
2022-04-29,6호선,창신,3945,3163
2022-04-29,6호선,보문,8214,7092
2022-04-29,6호선,안암,13359,12536
2022-04-29,6호선,고려대,9177,8744
2022-04-29,6호선,월곡,13054,12289
2022-04-29,6호선,상월곡,6795,5999
2022-04-29,6호선,돌곶이,10059,8962
2022-04-29,6호선,석계,13446,13747
2022-04-29,6호선,태릉입구,5975,6482
2022-04-29,6호선,화랑대,13241,9977
2022-04-29,6호선,봉화산,9269,8645
2022-04-30,6호선,응암,13393,12970
2022-04-30,6호선,역촌,2750,3043
2022-04-30,6호선,불광,4190,3734
2022-04-30,6호선,독바위,2107,2350
2022-04-30,6호선,구산,5671,4132
2022-04-30,6호선,새절,9097,8609
2022-04-30,6호선,증산,7638,7388
2022-04-30,6호선,디지털미디어시티,7852,8055
2022-04-30,6호선,월드컵경기장,4578,4862
2022-04-30,6호선,마포구청,10267,8877
2022-04-30,6호선,망원,14230,16038
2022-04-30,6호선,합정,13941,13548
2022-04-30,6호선,상수,9504,11601
2022-04-30,6호선,광흥창,5730,5125
2022-04-30,6호선,대흥,5890,6082
2022-04-30,6호선,공덕,10828,10011
2022-04-30,6호선,효창공원앞,5122,4440
2022-04-30,6호선,삼각지,6174,4738
2022-04-30,6호선,녹사평,6132,7288
2022-04-30,6호선,이태원,17292,22478
2022-04-30,6호선,한강진,9786,12717
2022-04-30,6호선,버티고개,1597,1580
2022-04-30,6호선,약수,2684,2705
2022-04-30,6호선,청구,2655,2635
2022-04-30,6호선,신당,6866,6177
2022-04-30,6호선,동묘앞,9598,8733
2022-04-30,6호선,창신,2347,2002
2022-04-30,6호선,보문,5642,5160
2022-04-30,6호선,안암,7811,7373
2022-04-30,6호선,고려대,6163,5917
2022-04-30,6호선,월곡,8176,7844
2022-04-30,6호선,상월곡,4485,3848
2022-04-30,6호선,돌곶이,6536,5959
2022-04-30,6호선,석계,9270,9380
2022-04-30,6호선,태릉입구,4492,4904
2022-04-30,6호선,화랑대,8030,6354
2022-04-30,6호선,봉화산,5711,5617
2022-05-01,6호선,응암,10003,10349
2022-05-01,6호선,역촌,2091,2434
2022-05-01,6호선,불광,3264,2897
2022-05-01,6호선,독바위,1596,1972
2022-05-01,6호선,연신내,2,0
2022-05-01,6호선,구산,3998,3061
2022-05-01,6호선,새절,6777,6715
2022-05-01,6호선,증산,5918,6177
2022-05-01,6호선,디지털미디어시티,5678,6085
2022-05-01,6호선,월드컵경기장,4139,4210
2022-05-01,6호선,마포구청,7472,6688
2022-05-01,6호선,망원,10964,11741
2022-05-01,6호선,합정,10453,9471
2022-05-01,6호선,상수,7162,7745
2022-05-01,6호선,광흥창,4403,4281
2022-05-01,6호선,대흥,4175,4357
2022-05-01,6호선,공덕,7489,7027
2022-05-01,6호선,효창공원앞,3636,3373
2022-05-01,6호선,삼각지,4529,3418
2022-05-01,6호선,녹사평,4980,4960
2022-05-01,6호선,이태원,14759,11603
2022-05-01,6호선,한강진,7413,8782
2022-05-01,6호선,버티고개,1220,1303
2022-05-01,6호선,약수,1909,2015
2022-05-01,6호선,청구,1914,1889
2022-05-01,6호선,신당,5042,5344
2022-05-01,6호선,동묘앞,6989,6883
2022-05-01,6호선,창신,1735,1630
2022-05-01,6호선,보문,4487,4434
2022-05-01,6호선,안암,5593,6607
2022-05-01,6호선,고려대,4395,4507
2022-05-01,6호선,월곡,5896,5997
2022-05-01,6호선,상월곡,3545,3290
2022-05-01,6호선,돌곶이,5745,5471
2022-05-01,6호선,석계,6927,7179
2022-05-01,6호선,태릉입구,3504,3830
2022-05-01,6호선,화랑대,5603,5148
2022-05-01,6호선,봉화산,4214,4181
2022-05-01,6호선,신내,1,0
2022-05-02,6호선,신내,2,0
2022-05-02,6호선,봉화산,9472,8778
2022-05-02,6호선,화랑대,13293,10397
2022-05-02,6호선,태릉입구,5789,6482
2022-05-02,6호선,석계,13123,13867
2022-05-02,6호선,돌곶이,9940,9305
2022-05-02,6호선,상월곡,6813,6413
2022-05-02,6호선,월곡,13584,13015
2022-05-02,6호선,고려대,8931,8773
2022-05-02,6호선,안암,13908,14438
2022-05-02,6호선,보문,7585,7009
2022-05-02,6호선,창신,3955,3302
2022-05-02,6호선,동묘앞,7965,8293
2022-05-02,6호선,신당,7815,8376
2022-05-02,6호선,청구,3756,4048
2022-05-02,6호선,약수,3732,3721
2022-05-02,6호선,버티고개,2184,2156
2022-05-02,6호선,한강진,7079,8110
2022-05-02,6호선,이태원,11245,11493
2022-05-02,6호선,녹사평,4800,4736
2022-05-02,6호선,삼각지,6609,5752
2022-05-02,6호선,효창공원앞,7884,7238
2022-05-02,6호선,공덕,19347,18937
2022-05-02,6호선,대흥,8981,9319
2022-05-02,6호선,광흥창,9557,9140
2022-05-02,6호선,상수,8734,9850
2022-05-02,6호선,합정,13049,12927
2022-05-02,6호선,망원,13756,14445
2022-05-02,6호선,마포구청,14683,13156
2022-05-02,6호선,월드컵경기장,4635,4815
2022-05-02,6호선,디지털미디어시티,14918,16396
2022-05-02,6호선,증산,10615,10577
2022-05-02,6호선,새절,13897,12986
2022-05-02,6호선,구산,8233,5955
2022-05-02,6호선,연신내,1,0
2022-05-02,6호선,독바위,2815,2926
2022-05-02,6호선,불광,4310,4346
2022-05-02,6호선,역촌,3836,4507
2022-05-02,6호선,응암,18393,18076
2022-05-03,6호선,응암,18716,18221
2022-05-03,6호선,역촌,3915,4565
2022-05-03,6호선,불광,4513,4538
2022-05-03,6호선,독바위,2927,2976
2022-05-03,6호선,구산,8234,5926
2022-05-03,6호선,새절,14354,13322
2022-05-03,6호선,증산,10830,10907
2022-05-03,6호선,디지털미디어시티,15220,16922
2022-05-03,6호선,월드컵경기장,4635,4859
2022-05-03,6호선,마포구청,15099,13366
2022-05-03,6호선,망원,14115,15112
2022-05-03,6호선,합정,13613,13397
2022-05-03,6호선,상수,9138,10290
2022-05-03,6호선,광흥창,9955,9672
2022-05-03,6호선,대흥,9284,9562
2022-05-03,6호선,공덕,19973,19421
2022-05-03,6호선,효창공원앞,7842,7291
2022-05-03,6호선,삼각지,7470,6614
2022-05-03,6호선,녹사평,5004,4947
2022-05-03,6호선,이태원,10385,10716
2022-05-03,6호선,한강진,7937,9357
2022-05-03,6호선,버티고개,2392,2307
2022-05-03,6호선,약수,3962,3937
2022-05-03,6호선,청구,3926,4171
2022-05-03,6호선,신당,8776,9239
2022-05-03,6호선,동묘앞,8197,8643
2022-05-03,6호선,창신,4017,3437
2022-05-03,6호선,보문,8020,7326
2022-05-03,6호선,안암,14223,14416
2022-05-03,6호선,고려대,9182,9000
2022-05-03,6호선,월곡,13604,13053
2022-05-03,6호선,상월곡,6980,6529
2022-05-03,6호선,돌곶이,10120,9243
2022-05-03,6호선,석계,13678,14341
2022-05-03,6호선,태릉입구,6163,6955
2022-05-03,6호선,화랑대,13835,10835
2022-05-03,6호선,봉화산,9547,8986
2022-05-04,6호선,응암,19551,18307
2022-05-04,6호선,역촌,4121,4676
2022-05-04,6호선,불광,5008,4969
2022-05-04,6호선,독바위,2961,3057
2022-05-04,6호선,연신내,1,0
2022-05-04,6호선,구산,8766,5963
2022-05-04,6호선,새절,14561,13368
2022-05-04,6호선,증산,11438,10965
2022-05-04,6호선,디지털미디어시티,15857,17057
2022-05-04,6호선,월드컵경기장,5969,6241
2022-05-04,6호선,마포구청,15801,13521
2022-05-04,6호선,망원,15211,16097
2022-05-04,6호선,합정,14708,15315
2022-05-04,6호선,상수,9739,11865
2022-05-04,6호선,광흥창,10160,9948
2022-05-04,6호선,대흥,9515,9756
2022-05-04,6호선,공덕,20613,19971
2022-05-04,6호선,효창공원앞,8114,7260
2022-05-04,6호선,삼각지,7517,6462
2022-05-04,6호선,녹사평,5541,5851
2022-05-04,6호선,이태원,11599,16212
2022-05-04,6호선,한강진,8857,10873
2022-05-04,6호선,버티고개,2459,2272
2022-05-04,6호선,약수,4045,4016
2022-05-04,6호선,청구,4015,4223
2022-05-04,6호선,신당,8955,9555
2022-05-04,6호선,동묘앞,8581,8778
2022-05-04,6호선,창신,4157,3481
2022-05-04,6호선,보문,8156,7248
2022-05-04,6호선,안암,16241,15628
2022-05-04,6호선,고려대,9970,9263
2022-05-04,6호선,월곡,14176,13246
2022-05-04,6호선,상월곡,7394,6666
2022-05-04,6호선,돌곶이,10623,9369
2022-05-04,6호선,석계,14493,14723
2022-05-04,6호선,태릉입구,6502,7063
2022-05-04,6호선,화랑대,14531,10901
2022-05-04,6호선,봉화산,9894,9086
2022-05-05,6호선,월곡,7313,6927
2022-05-05,6호선,상월곡,3935,3453
2022-05-05,6호선,돌곶이,5805,5269
2022-05-05,6호선,석계,8217,8058
2022-05-05,6호선,태릉입구,4364,4785
2022-05-05,6호선,화랑대,7038,5685
2022-05-05,6호선,봉화산,5069,4880
2022-05-05,6호선,신내,1,0
2022-05-05,6호선,응암,11713,11913
2022-05-05,6호선,역촌,2406,2694
2022-05-05,6호선,불광,3794,3583
2022-05-05,6호선,독바위,1900,2150
2022-05-05,6호선,구산,4792,3379
2022-05-05,6호선,새절,8326,7498
2022-05-05,6호선,증산,7271,7077
2022-05-05,6호선,디지털미디어시티,6602,6826
2022-05-05,6호선,월드컵경기장,6311,6538
2022-05-05,6호선,마포구청,8365,7147
2022-05-05,6호선,망원,13532,15058
2022-05-05,6호선,합정,12459,11481
2022-05-05,6호선,상수,8227,9170
2022-05-05,6호선,광흥창,4543,4085
2022-05-05,6호선,대흥,4862,4752
2022-05-05,6호선,공덕,8566,7937
2022-05-05,6호선,효창공원앞,4257,3733
2022-05-05,6호선,삼각지,5509,4253
2022-05-05,6호선,녹사평,5578,5768
2022-05-05,6호선,이태원,14204,13903
2022-05-05,6호선,한강진,7471,9246
2022-05-05,6호선,버티고개,1279,1347
2022-05-05,6호선,약수,2066,2114
2022-05-05,6호선,청구,2452,2432
2022-05-05,6호선,신당,6919,6461
2022-05-05,6호선,동묘앞,7883,7969
2022-05-05,6호선,창신,1905,1724
2022-05-05,6호선,보문,4905,4349
2022-05-05,6호선,안암,7534,6808
2022-05-05,6호선,고려대,5213,5135
2022-05-06,6호선,응암,17852,17097
2022-05-06,6호선,역촌,3710,4170
2022-05-06,6호선,불광,4652,4521
2022-05-06,6호선,독바위,2616,2655
2022-05-06,6호선,연신내,1,0
2022-05-06,6호선,구산,7564,5516
2022-05-06,6호선,새절,12911,11735
2022-05-06,6호선,증산,10201,9806
2022-05-06,6호선,디지털미디어시티,12832,13486
2022-05-06,6호선,월드컵경기장,5179,5574
2022-05-06,6호선,마포구청,13961,11959
2022-05-06,6호선,망원,15219,16614
2022-05-06,6호선,합정,14497,14594
2022-05-06,6호선,상수,10556,12526
2022-05-06,6호선,광흥창,8658,7936
2022-05-06,6호선,대흥,8206,8184
2022-05-06,6호선,공덕,16901,16287
2022-05-06,6호선,효창공원앞,7195,6304
2022-05-06,6호선,삼각지,6965,5766
2022-05-06,6호선,녹사평,5672,6320
2022-05-06,6호선,이태원,12890,17106
2022-05-06,6호선,한강진,8659,10506
2022-05-06,6호선,버티고개,2167,2069
2022-05-06,6호선,청구,3764,3833
2022-05-06,6호선,신당,8357,7905
2022-05-06,6호선,동묘앞,8647,8427
2022-05-06,6호선,창신,3337,2626
2022-05-06,6호선,보문,7502,6559
2022-05-06,6호선,안암,12962,12011
2022-05-06,6호선,고려대,8826,8214
2022-05-06,6호선,월곡,11991,11377
2022-05-06,6호선,상월곡,6387,5593
2022-05-06,6호선,돌곶이,9146,8205
2022-05-06,6호선,석계,12290,12660
2022-05-06,6호선,태릉입구,5842,6471
2022-05-06,6호선,화랑대,11137,8478
2022-05-06,6호선,봉화산,8593,7946
2022-05-06,6호선,약수,3558,3597
2022-05-07,6호선,응암,13153,12703
2022-05-07,6호선,역촌,2534,2851
2022-05-07,6호선,불광,3856,3548
2022-05-07,6호선,독바위,2109,2239
2022-05-07,6호선,연신내,1,0
2022-05-07,6호선,구산,5531,4052
2022-05-07,6호선,새절,9017,8470
2022-05-07,6호선,증산,7623,7192
2022-05-07,6호선,디지털미디어시티,7544,7566
2022-05-07,6호선,월드컵경기장,4748,5064
2022-05-07,6호선,마포구청,9423,7952
2022-05-07,6호선,망원,12914,14232
2022-05-07,6호선,합정,12347,11847
2022-05-07,6호선,상수,8378,10274
2022-05-07,6호선,광흥창,5201,4698
2022-05-07,6호선,대흥,5446,5414
2022-05-07,6호선,공덕,9827,9070
2022-05-07,6호선,효창공원앞,4614,4049
2022-05-07,6호선,삼각지,5592,4070
2022-05-07,6호선,녹사평,5313,5978
2022-05-07,6호선,이태원,14475,19446
2022-05-07,6호선,한강진,7659,9997
2022-05-07,6호선,버티고개,1430,1482
2022-05-07,6호선,약수,2452,2508
2022-05-07,6호선,청구,2309,2325
2022-05-07,6호선,신당,6441,5765
2022-05-07,6호선,동묘앞,7685,7314
2022-05-07,6호선,창신,2098,1744
2022-05-07,6호선,보문,5398,4604
2022-05-07,6호선,안암,7208,6480
2022-05-07,6호선,고려대,5600,5270
2022-05-07,6호선,월곡,7586,7061
2022-05-07,6호선,상월곡,4212,3580
2022-05-07,6호선,돌곶이,6253,5701
2022-05-07,6호선,석계,8992,8914
2022-05-07,6호선,태릉입구,4583,4997
2022-05-07,6호선,화랑대,7293,5797
2022-05-07,6호선,봉화산,5567,5506
2022-05-08,6호선,봉화산,4024,4019
2022-05-08,6호선,화랑대,5446,4946
2022-05-08,6호선,태릉입구,3425,3895
2022-05-08,6호선,석계,6557,6944
2022-05-08,6호선,돌곶이,5688,5428
2022-05-08,6호선,상월곡,3332,3118
2022-05-08,6호선,월곡,5491,5590
2022-05-08,6호선,고려대,3986,4259
2022-05-08,6호선,안암,4894,6122
2022-05-08,6호선,보문,4495,4685
2022-05-08,6호선,창신,1730,1544
2022-05-08,6호선,동묘앞,5955,5946
2022-05-08,6호선,신당,4421,5061
2022-05-08,6호선,청구,1700,1726
2022-05-08,6호선,약수,1735,1791
2022-05-08,6호선,버티고개,1035,1208
2022-05-08,6호선,한강진,5319,6035
2022-05-08,6호선,이태원,11557,8803
2022-05-08,6호선,녹사평,3720,3485
2022-05-08,6호선,삼각지,3848,2875
2022-05-08,6호선,효창공원앞,3440,3150
2022-05-08,6호선,공덕,6370,6372
2022-05-08,6호선,대흥,3757,4034
2022-05-08,6호선,광흥창,4231,4131
2022-05-08,6호선,상수,5976,6451
2022-05-08,6호선,합정,8640,8000
2022-05-08,6호선,망원,9047,9907
2022-05-08,6호선,마포구청,7026,6650
2022-05-08,6호선,월드컵경기장,7613,7529
2022-05-08,6호선,디지털미디어시티,5477,5754
2022-05-08,6호선,증산,5440,5786
2022-05-08,6호선,새절,6690,6702
2022-05-08,6호선,구산,3936,3235
2022-05-08,6호선,독바위,1595,1906
2022-05-08,6호선,불광,3131,2749
2022-05-08,6호선,역촌,1976,2370
2022-05-08,6호선,응암,9464,9823
2022-05-09,6호선,응암,18497,18180
2022-05-09,6호선,역촌,3846,4535
2022-05-09,6호선,불광,4326,4326
2022-05-09,6호선,독바위,2940,3031
2022-05-09,6호선,구산,8150,5916
2022-05-09,6호선,새절,14021,12978
2022-05-09,6호선,증산,10686,10648
2022-05-09,6호선,디지털미디어시티,15201,16485
2022-05-09,6호선,월드컵경기장,4774,5053
2022-05-09,6호선,마포구청,14605,13110
2022-05-09,6호선,망원,13714,14525
2022-05-09,6호선,합정,12833,12999
2022-05-09,6호선,상수,8624,9948
2022-05-09,6호선,광흥창,9731,9266
2022-05-09,6호선,대흥,9064,9454
2022-05-09,6호선,공덕,19576,19242
2022-05-09,6호선,효창공원앞,7727,7035
2022-05-09,6호선,삼각지,6738,5866
2022-05-09,6호선,녹사평,4759,4747
2022-05-09,6호선,이태원,9852,10313
2022-05-09,6호선,한강진,6996,8270
2022-05-09,6호선,버티고개,2352,2197
2022-05-09,6호선,약수,3912,3886
2022-05-09,6호선,청구,3784,3989
2022-05-09,6호선,신당,8014,8515
2022-05-09,6호선,동묘앞,7952,8336
2022-05-09,6호선,창신,3921,3314
2022-05-09,6호선,보문,7795,7203
2022-05-09,6호선,안암,14572,15454
2022-05-09,6호선,고려대,9148,8933
2022-05-09,6호선,월곡,13488,13128
2022-05-09,6호선,상월곡,6910,6411
2022-05-09,6호선,돌곶이,9980,9320
2022-05-09,6호선,석계,13093,14092
2022-05-09,6호선,태릉입구,6041,6722
2022-05-09,6호선,화랑대,13285,10395
2022-05-09,6호선,봉화산,9523,8844
2022-05-09,6호선,신내,2,0
2022-05-10,6호선,봉화산,9700,9019
2022-05-10,6호선,화랑대,14563,10863
2022-05-10,6호선,태릉입구,6265,7058
2022-05-10,6호선,석계,13585,14126
2022-05-10,6호선,돌곶이,10036,9257
2022-05-10,6호선,상월곡,7056,6606
2022-05-10,6호선,월곡,13537,12986
2022-05-10,6호선,고려대,9782,9625
2022-05-10,6호선,안암,15075,15379
2022-05-10,6호선,보문,7957,7396
2022-05-10,6호선,창신,4051,3317
2022-05-10,6호선,동묘앞,8193,8293
2022-05-10,6호선,신당,8722,9229
2022-05-10,6호선,청구,3923,4131
2022-05-10,6호선,약수,3839,3889
2022-05-10,6호선,버티고개,2478,2370
2022-05-10,6호선,한강진,8816,10119
2022-05-10,6호선,이태원,10272,10967
2022-05-10,6호선,녹사평,5023,5010
2022-05-10,6호선,삼각지,8093,6879
2022-05-10,6호선,효창공원앞,8292,7576
2022-05-10,6호선,공덕,20562,20086
2022-05-10,6호선,대흥,9531,9786
2022-05-10,6호선,광흥창,10295,9464
2022-05-10,6호선,상수,9455,10830
2022-05-10,6호선,합정,13758,13614
2022-05-10,6호선,망원,14187,15038
2022-05-10,6호선,마포구청,15444,13835
2022-05-10,6호선,월드컵경기장,4790,5102
2022-05-10,6호선,디지털미디어시티,15314,16839
2022-05-10,6호선,증산,10966,10868
2022-05-10,6호선,새절,14414,13233
2022-05-10,6호선,구산,8452,6114
2022-05-10,6호선,독바위,2925,3039
2022-05-10,6호선,불광,4505,4424
2022-05-10,6호선,역촌,3959,4626
2022-05-10,6호선,응암,18935,18383
2022-05-11,6호선,봉화산,9754,8962
2022-05-11,6호선,화랑대,14056,10800
2022-05-11,6호선,태릉입구,6339,7254
2022-05-11,6호선,석계,13682,14245
2022-05-11,6호선,돌곶이,10222,9545
2022-05-11,6호선,상월곡,7095,6646
2022-05-11,6호선,월곡,13707,13143
2022-05-11,6호선,고려대,9556,9233
2022-05-11,6호선,안암,15457,15723
2022-05-11,6호선,보문,8060,7294
2022-05-11,6호선,창신,4124,3505
2022-05-11,6호선,동묘앞,8339,8587
2022-05-11,6호선,신당,9460,9762
2022-05-11,6호선,청구,3981,4218
2022-05-11,6호선,약수,3836,3868
2022-05-11,6호선,버티고개,2465,2351
2022-05-11,6호선,한강진,8925,10420
2022-05-11,6호선,이태원,10669,11467
2022-05-11,6호선,녹사평,5396,5265
2022-05-11,6호선,삼각지,7819,6859
2022-05-11,6호선,효창공원앞,8186,7486
2022-05-11,6호선,공덕,20423,19996
2022-05-11,6호선,대흥,9521,9863
2022-05-11,6호선,광흥창,10120,9644
2022-05-11,6호선,상수,9389,10794
2022-05-11,6호선,합정,13747,13403
2022-05-11,6호선,망원,14318,15139
2022-05-11,6호선,마포구청,15374,13821
2022-05-11,6호선,월드컵경기장,4939,5276
2022-05-11,6호선,디지털미디어시티,15760,17047
2022-05-11,6호선,증산,10973,10973
2022-05-11,6호선,새절,14276,13191
2022-05-11,6호선,구산,8273,6017
2022-05-11,6호선,독바위,2868,3029
2022-05-11,6호선,불광,4677,4538
2022-05-11,6호선,역촌,4039,4810
2022-05-11,6호선,응암,18972,18388
2022-05-12,6호선,대흥,9481,9620
2022-05-12,6호선,신내,1,0
2022-05-12,6호선,봉화산,9847,9212
2022-05-12,6호선,화랑대,13917,10799
2022-05-12,6호선,태릉입구,6370,7157
2022-05-12,6호선,석계,13683,14193
2022-05-12,6호선,돌곶이,10514,9444
2022-05-12,6호선,상월곡,7103,6522
2022-05-12,6호선,월곡,13235,12737
2022-05-12,6호선,고려대,10045,9664
2022-05-12,6호선,안암,15136,14966
2022-05-12,6호선,보문,8084,7356
2022-05-12,6호선,창신,3971,3328
2022-05-12,6호선,동묘앞,8231,8490
2022-05-12,6호선,신당,8915,9435
2022-05-12,6호선,청구,4002,4190
2022-05-12,6호선,약수,3838,3924
2022-05-12,6호선,버티고개,2431,2373
2022-05-12,6호선,한강진,8896,10392
2022-05-12,6호선,이태원,10854,11769
2022-05-12,6호선,녹사평,5351,5263
2022-05-12,6호선,삼각지,7807,6753
2022-05-12,6호선,효창공원앞,8139,7416
2022-05-12,6호선,공덕,20482,19931
2022-05-12,6호선,광흥창,10157,9803
2022-05-12,6호선,상수,9522,11038
2022-05-12,6호선,합정,14177,13787
2022-05-12,6호선,망원,14307,15275
2022-05-12,6호선,마포구청,15374,13618
2022-05-12,6호선,월드컵경기장,4847,5175
2022-05-12,6호선,디지털미디어시티,15358,17042
2022-05-12,6호선,증산,10878,10677
2022-05-12,6호선,새절,14366,13181
2022-05-12,6호선,구산,8413,5958
2022-05-12,6호선,독바위,2901,3050
2022-05-12,6호선,불광,4576,4505
2022-05-12,6호선,역촌,3961,4604
2022-05-12,6호선,응암,18765,18399
2022-05-13,6호선,봉화산,9865,9224
2022-05-13,6호선,화랑대,14092,10597
2022-05-13,6호선,태릉입구,6742,7500
2022-05-13,6호선,석계,13541,13922
2022-05-13,6호선,돌곶이,10631,9551
2022-05-13,6호선,상월곡,7122,6213
2022-05-13,6호선,월곡,13022,12531
2022-05-13,6호선,고려대,9422,8828
2022-05-13,6호선,안암,14185,13334
2022-05-13,6호선,보문,8395,7494
2022-05-13,6호선,창신,4068,3191
2022-05-13,6호선,동묘앞,8637,8418
2022-05-13,6호선,신당,9093,8700
2022-05-13,6호선,청구,3994,4210
2022-05-13,6호선,약수,4004,4103
2022-05-13,6호선,버티고개,2466,2345
2022-05-13,6호선,한강진,10297,12462
2022-05-13,6호선,이태원,13204,18488
2022-05-13,6호선,녹사평,5953,6506
2022-05-13,6호선,삼각지,8471,7087
2022-05-13,6호선,효창공원앞,8232,7352
2022-05-13,6호선,공덕,20849,20271
2022-05-13,6호선,대흥,9763,9788
2022-05-13,6호선,광흥창,9918,9535
2022-05-13,6호선,상수,10658,12731
2022-05-13,6호선,합정,15334,15527
2022-05-13,6호선,망원,15664,17042
2022-05-13,6호선,마포구청,15426,13331
2022-05-13,6호선,월드컵경기장,5511,5661
2022-05-13,6호선,디지털미디어시티,15445,16547
2022-05-13,6호선,증산,11118,10761
2022-05-13,6호선,새절,14338,12880
2022-05-13,6호선,구산,8601,6042
2022-05-13,6호선,연신내,1,0
2022-05-13,6호선,독바위,2934,2959
2022-05-13,6호선,불광,4662,4665
2022-05-13,6호선,역촌,3992,4562
2022-05-13,6호선,응암,19177,18396
2022-05-14,6호선,응암,14275,13807
2022-05-14,6호선,역촌,3039,3478
2022-05-14,6호선,불광,4241,3839
2022-05-14,6호선,독바위,2152,2323
2022-05-14,6호선,연신내,1,0
2022-05-14,6호선,구산,6192,4469
2022-05-14,6호선,새절,9825,9146
2022-05-14,6호선,증산,8329,7933
2022-05-14,6호선,디지털미디어시티,8555,8708
2022-05-14,6호선,월드컵경기장,5110,5315
2022-05-14,6호선,마포구청,10781,9226
2022-05-14,6호선,망원,15194,16994
2022-05-14,6호선,합정,15628,14590
2022-05-14,6호선,상수,9986,12392
2022-05-14,6호선,광흥창,6062,5671
2022-05-14,6호선,대흥,6633,6658
2022-05-14,6호선,공덕,11952,11293
2022-05-14,6호선,효창공원앞,5436,4888
2022-05-14,6호선,삼각지,7976,5879
2022-05-14,6호선,녹사평,6819,7617
2022-05-14,6호선,이태원,18197,23212
2022-05-14,6호선,한강진,11106,14243
2022-05-14,6호선,버티고개,1688,1711
2022-05-14,6호선,약수,2831,2916
2022-05-14,6호선,청구,2651,2528
2022-05-14,6호선,신당,7075,6583
2022-05-14,6호선,동묘앞,8906,8614
2022-05-14,6호선,창신,2328,1910
2022-05-14,6호선,보문,6066,5177
2022-05-14,6호선,안암,9065,8396
2022-05-14,6호선,고려대,6403,6292
2022-05-14,6호선,월곡,8572,8027
2022-05-14,6호선,상월곡,4633,4075
2022-05-14,6호선,돌곶이,6994,6312
2022-05-14,6호선,석계,9898,9979
2022-05-14,6호선,태릉입구,6210,7154
2022-05-14,6호선,화랑대,8358,6638
2022-05-14,6호선,봉화산,6087,5778
2022-05-14,6호선,신내,1,0
2022-05-15,6호선,봉화산,4513,4570
2022-05-15,6호선,화랑대,6044,5660
2022-05-15,6호선,태릉입구,5591,6651
2022-05-15,6호선,석계,7263,7577
2022-05-15,6호선,돌곶이,6304,5972
2022-05-15,6호선,상월곡,3846,3496
2022-05-15,6호선,월곡,6538,6503
2022-05-15,6호선,고려대,5532,5513
2022-05-15,6호선,안암,6019,6668
2022-05-15,6호선,보문,4699,4413
2022-05-15,6호선,창신,1892,1735
2022-05-15,6호선,동묘앞,7599,7315
2022-05-15,6호선,신당,5389,5787
2022-05-15,6호선,청구,1857,1884
2022-05-15,6호선,약수,2066,2092
2022-05-15,6호선,버티고개,1252,1318
2022-05-15,6호선,한강진,8244,9753
2022-05-15,6호선,이태원,14646,11270
2022-05-15,6호선,녹사평,5027,5011
2022-05-15,6호선,삼각지,5644,4401
2022-05-15,6호선,효창공원앞,4219,3711
2022-05-15,6호선,공덕,8364,7847
2022-05-15,6호선,대흥,4554,4837
2022-05-15,6호선,광흥창,4799,4574
2022-05-15,6호선,상수,7615,8406
2022-05-15,6호선,합정,11825,10723
2022-05-15,6호선,망원,11038,11860
2022-05-15,6호선,마포구청,7828,7137
2022-05-15,6호선,월드컵경기장,7842,7806
2022-05-15,6호선,디지털미디어시티,6044,6404
2022-05-15,6호선,증산,6128,6314
2022-05-15,6호선,새절,7275,7072
2022-05-15,6호선,구산,4320,3161
2022-05-15,6호선,독바위,1611,2066
2022-05-15,6호선,불광,3276,2951
2022-05-15,6호선,역촌,2201,2550
2022-05-15,6호선,응암,10685,10629
2022-05-16,6호선,보문,7783,7181
2022-05-16,6호선,응암,18423,18043
2022-05-16,6호선,역촌,3989,4574
2022-05-16,6호선,불광,4346,4360
2022-05-16,6호선,독바위,2859,3003
2022-05-16,6호선,구산,8250,5960
2022-05-16,6호선,새절,14158,13061
2022-05-16,6호선,증산,10747,10705
2022-05-16,6호선,디지털미디어시티,15416,16723
2022-05-16,6호선,월드컵경기장,4405,4734
2022-05-16,6호선,마포구청,15286,13547
2022-05-16,6호선,망원,13835,14615
2022-05-16,6호선,합정,13346,13071
2022-05-16,6호선,상수,8897,10282
2022-05-16,6호선,광흥창,9798,9459
2022-05-16,6호선,대흥,9201,9614
2022-05-16,6호선,공덕,19816,19268
2022-05-16,6호선,효창공원앞,7900,7366
2022-05-16,6호선,삼각지,7265,6326
2022-05-16,6호선,녹사평,4765,4735
2022-05-16,6호선,이태원,10195,10426
2022-05-16,6호선,한강진,7500,8603
2022-05-16,6호선,버티고개,2366,2319
2022-05-16,6호선,약수,3869,3923
2022-05-16,6호선,청구,3737,4013
2022-05-16,6호선,신당,7955,8438
2022-05-16,6호선,동묘앞,8188,8482
2022-05-16,6호선,창신,3986,3305
2022-05-16,6호선,안암,14780,15499
2022-05-16,6호선,고려대,9238,8966
2022-05-16,6호선,월곡,13691,13189
2022-05-16,6호선,상월곡,6926,6388
2022-05-16,6호선,돌곶이,9887,9215
2022-05-16,6호선,석계,13466,14102
2022-05-16,6호선,태릉입구,7181,8256
2022-05-16,6호선,화랑대,13219,10244
2022-05-16,6호선,봉화산,9527,8814
2022-05-16,6호선,신내,2,0
2022-05-17,6호선,창신,4037,3372
2022-05-17,6호선,응암,18907,18403
2022-05-17,6호선,역촌,4036,4578
2022-05-17,6호선,불광,4470,4552
2022-05-17,6호선,독바위,2997,3185
2022-05-17,6호선,연신내,1,0
2022-05-17,6호선,구산,8299,6031
2022-05-17,6호선,새절,14406,13237
2022-05-17,6호선,증산,10834,10756
2022-05-17,6호선,디지털미디어시티,15560,17107
2022-05-17,6호선,월드컵경기장,4619,4978
2022-05-17,6호선,마포구청,15502,13648
2022-05-17,6호선,망원,14582,15566
2022-05-17,6호선,합정,13568,13417
2022-05-17,6호선,상수,9363,10758
2022-05-17,6호선,광흥창,10064,9532
2022-05-17,6호선,대흥,9393,9779
2022-05-17,6호선,공덕,20490,19817
2022-05-17,6호선,효창공원앞,8155,7442
2022-05-17,6호선,삼각지,8305,7274
2022-05-17,6호선,녹사평,5173,5177
2022-05-17,6호선,이태원,10309,10893
2022-05-17,6호선,한강진,9011,10445
2022-05-17,6호선,버티고개,2398,2443
2022-05-17,6호선,약수,3953,3880
2022-05-17,6호선,청구,3969,4118
2022-05-17,6호선,신당,8811,9488
2022-05-17,6호선,동묘앞,8284,8542
2022-05-17,6호선,보문,8057,7330
2022-05-17,6호선,안암,15368,15522
2022-05-17,6호선,고려대,9779,9464
2022-05-17,6호선,월곡,13595,13218
2022-05-17,6호선,상월곡,7049,6499
2022-05-17,6호선,돌곶이,10203,9453
2022-05-17,6호선,석계,13722,14276
2022-05-17,6호선,태릉입구,7394,8664
2022-05-17,6호선,화랑대,14141,11040
2022-05-17,6호선,봉화산,9802,9147
2022-05-18,6호선,상월곡,7038,6612
2022-05-18,6호선,돌곶이,10277,9489
2022-05-18,6호선,석계,13641,14130
2022-05-18,6호선,태릉입구,7097,8323
2022-05-18,6호선,화랑대,13886,10736
2022-05-18,6호선,봉화산,9615,8868
2022-05-18,6호선,동묘앞,8123,8408
2022-05-18,6호선,신당,9412,9776
2022-05-18,6호선,청구,3950,4161
2022-05-18,6호선,약수,3768,3851
2022-05-18,6호선,버티고개,2395,2249
2022-05-18,6호선,한강진,8616,10019
2022-05-18,6호선,이태원,10562,11298
2022-05-18,6호선,녹사평,5054,5127
2022-05-18,6호선,삼각지,7962,6986
2022-05-18,6호선,효창공원앞,8029,7367
2022-05-18,6호선,공덕,20000,19536
2022-05-18,6호선,대흥,9482,9864
2022-05-18,6호선,광흥창,10167,9600
2022-05-18,6호선,상수,9363,10949
2022-05-18,6호선,합정,13780,13752
2022-05-18,6호선,망원,14246,15094
2022-05-18,6호선,마포구청,15417,13802
2022-05-18,6호선,월드컵경기장,4438,4885
2022-05-18,6호선,디지털미디어시티,15531,16764
2022-05-18,6호선,증산,10937,10704
2022-05-18,6호선,새절,13999,13073
2022-05-18,6호선,구산,8278,5926
2022-05-18,6호선,독바위,2928,3004
2022-05-18,6호선,창신,4093,3358
2022-05-18,6호선,보문,8110,7253
2022-05-18,6호선,안암,15439,15656
2022-05-18,6호선,고려대,9451,9176
2022-05-18,6호선,월곡,13577,12895
2022-05-18,6호선,불광,4730,4669
2022-05-18,6호선,역촌,3920,4603
2022-05-18,6호선,응암,18892,18121
2022-05-19,6호선,응암,19110,18387
2022-05-19,6호선,역촌,4049,4607
2022-05-19,6호선,불광,4484,4545
2022-05-19,6호선,독바위,2924,3087
2022-05-19,6호선,연신내,1,0
2022-05-19,6호선,구산,8352,6019
2022-05-19,6호선,새절,14464,13270
2022-05-19,6호선,증산,10926,10918
2022-05-19,6호선,디지털미디어시티,15633,17064
2022-05-19,6호선,월드컵경기장,5328,5730
2022-05-19,6호선,마포구청,15358,13639
2022-05-19,6호선,망원,14695,15637
2022-05-19,6호선,합정,14214,14125
2022-05-19,6호선,상수,9504,10958
2022-05-19,6호선,광흥창,10243,9737
2022-05-19,6호선,대흥,9752,10172
2022-05-19,6호선,공덕,20335,19820
2022-05-19,6호선,효창공원앞,8201,7498
2022-05-19,6호선,삼각지,8067,7046
2022-05-19,6호선,녹사평,5339,5368
2022-05-19,6호선,이태원,10883,11954
2022-05-19,6호선,한강진,8759,10306
2022-05-19,6호선,버티고개,2453,2327
2022-05-19,6호선,약수,3931,3992
2022-05-19,6호선,청구,3808,4173
2022-05-19,6호선,신당,8748,9332
2022-05-19,6호선,동묘앞,8222,8555
2022-05-19,6호선,창신,4035,3365
2022-05-19,6호선,보문,8070,7186
2022-05-19,6호선,안암,15447,15388
2022-05-19,6호선,고려대,10037,9625
2022-05-19,6호선,월곡,13379,12917
2022-05-19,6호선,상월곡,7038,6368
2022-05-19,6호선,돌곶이,11408,10556
2022-05-19,6호선,석계,13838,14192
2022-05-19,6호선,태릉입구,7760,9175
2022-05-19,6호선,화랑대,14021,10924
2022-05-19,6호선,봉화산,9828,9078
2022-05-20,6호선,응암,19317,18337
2022-05-20,6호선,역촌,4095,4627
2022-05-20,6호선,불광,4752,4694
2022-05-20,6호선,독바위,3009,3026
2022-05-20,6호선,연신내,1,0
2022-05-20,6호선,구산,8459,5853
2022-05-20,6호선,새절,14240,13094
2022-05-20,6호선,증산,11180,10720
2022-05-20,6호선,디지털미디어시티,15338,16461
2022-05-20,6호선,월드컵경기장,5696,5989
2022-05-20,6호선,마포구청,15636,13535
2022-05-20,6호선,망원,15622,16955
2022-05-20,6호선,합정,15014,15251
2022-05-20,6호선,상수,10138,12649
2022-05-20,6호선,광흥창,10199,9607
2022-05-20,6호선,대흥,9960,10178
2022-05-20,6호선,공덕,20870,20399
2022-05-20,6호선,효창공원앞,8278,7378
2022-05-20,6호선,삼각지,8430,7105
2022-05-20,6호선,녹사평,6128,6567
2022-05-20,6호선,이태원,12770,17882
2022-05-20,6호선,한강진,9869,11696
2022-05-20,6호선,버티고개,2472,2309
2022-05-20,6호선,약수,4002,4201
2022-05-20,6호선,청구,4039,4170
2022-05-20,6호선,신당,8617,8268
2022-05-20,6호선,동묘앞,8722,8424
2022-05-20,6호선,창신,3979,3232
2022-05-20,6호선,보문,8416,7321
2022-05-20,6호선,안암,14585,13740
2022-05-20,6호선,고려대,9812,9095
2022-05-20,6호선,월곡,13518,12654
2022-05-20,6호선,상월곡,6995,6149
2022-05-20,6호선,돌곶이,10505,9410
2022-05-20,6호선,석계,14021,14053
2022-05-20,6호선,태릉입구,8138,9497
2022-05-20,6호선,화랑대,14145,10591
2022-05-20,6호선,봉화산,9811,9297
2022-05-20,6호선,신내,2,0
2022-05-21,6호선,응암,14287,13738
2022-05-21,6호선,역촌,2897,3265
2022-05-21,6호선,불광,4406,4002
2022-05-21,6호선,독바위,2320,2520
2022-05-21,6호선,구산,6216,4348
2022-05-21,6호선,새절,9888,9260
2022-05-21,6호선,증산,8257,7757
2022-05-21,6호선,디지털미디어시티,8983,8916
2022-05-21,6호선,월드컵경기장,12350,13926
2022-05-21,6호선,마포구청,11242,9166
2022-05-21,6호선,망원,15011,16484
2022-05-21,6호선,합정,14924,14486
2022-05-21,6호선,상수,9587,11710
2022-05-21,6호선,광흥창,6181,5663
2022-05-21,6호선,대흥,6922,6765
2022-05-21,6호선,공덕,12093,11568
2022-05-21,6호선,효창공원앞,5843,5187
2022-05-21,6호선,삼각지,8636,6586
2022-05-21,6호선,녹사평,6944,7696
2022-05-21,6호선,이태원,17306,23024
2022-05-21,6호선,한강진,10936,13658
2022-05-21,6호선,버티고개,1833,1781
2022-05-21,6호선,약수,2800,2815
2022-05-21,6호선,청구,2686,2591
2022-05-21,6호선,신당,6924,6429
2022-05-21,6호선,동묘앞,8698,8610
2022-05-21,6호선,창신,2409,1950
2022-05-21,6호선,보문,6000,5260
2022-05-21,6호선,안암,8315,7940
2022-05-21,6호선,고려대,6962,6517
2022-05-21,6호선,월곡,8647,8081
2022-05-21,6호선,상월곡,4741,3981
2022-05-21,6호선,돌곶이,7196,6419
2022-05-21,6호선,석계,10006,9810
2022-05-21,6호선,태릉입구,8427,10256
2022-05-21,6호선,화랑대,8610,6788
2022-05-21,6호선,봉화산,6266,6106
2022-05-22,6호선,응암,10158,10106
2022-05-22,6호선,역촌,2069,2478
2022-05-22,6호선,불광,3478,3211
2022-05-22,6호선,독바위,1623,1959
2022-05-22,6호선,구산,4308,3218
2022-05-22,6호선,새절,7192,7002
2022-05-22,6호선,증산,6111,6079
2022-05-22,6호선,디지털미디어시티,6067,6530
2022-05-22,6호선,월드컵경기장,6852,7126
2022-05-22,6호선,마포구청,7866,6925
2022-05-22,6호선,망원,10634,11436
2022-05-22,6호선,합정,10794,10086
2022-05-22,6호선,상수,6876,7751
2022-05-22,6호선,광흥창,4605,4462
2022-05-22,6호선,대흥,4496,4561
2022-05-22,6호선,공덕,7678,7220
2022-05-22,6호선,효창공원앞,4139,3712
2022-05-22,6호선,삼각지,5386,4425
2022-05-22,6호선,녹사평,4966,4833
2022-05-22,6호선,이태원,13965,11116
2022-05-22,6호선,한강진,8094,9539
2022-05-22,6호선,버티고개,1255,1378
2022-05-22,6호선,약수,1946,2022
2022-05-22,6호선,청구,1900,1654
2022-05-22,6호선,신당,5602,5855
2022-05-22,6호선,동묘앞,7209,7179
2022-05-22,6호선,창신,1927,1680
2022-05-22,6호선,보문,4631,4382
2022-05-22,6호선,안암,5883,6877
2022-05-22,6호선,고려대,4730,4694
2022-05-22,6호선,월곡,6176,6035
2022-05-22,6호선,상월곡,3614,3318
2022-05-22,6호선,돌곶이,6220,5725
2022-05-22,6호선,석계,7115,7552
2022-05-22,6호선,태릉입구,6997,8611
2022-05-22,6호선,화랑대,5757,5169
2022-05-22,6호선,봉화산,4389,4388
2022-05-23,6호선,신내,1,0
2022-05-23,6호선,봉화산,9573,8867
2022-05-23,6호선,화랑대,13045,10147
2022-05-23,6호선,태릉입구,7275,8186
2022-05-23,6호선,석계,13210,14032
2022-05-23,6호선,돌곶이,10127,9306
2022-05-23,6호선,상월곡,7013,6606
2022-05-23,6호선,월곡,13516,13056
2022-05-23,6호선,고려대,10010,9236
2022-05-23,6호선,안암,15554,18246
2022-05-23,6호선,보문,7807,7052
2022-05-23,6호선,창신,3912,3324
2022-05-23,6호선,동묘앞,8139,8330
2022-05-23,6호선,신당,7758,8416
2022-05-23,6호선,청구,3709,3979
2022-05-23,6호선,약수,3893,3852
2022-05-23,6호선,버티고개,2409,2297
2022-05-23,6호선,한강진,7288,8299
2022-05-23,6호선,이태원,9903,10242
2022-05-23,6호선,녹사평,4763,4717
2022-05-23,6호선,삼각지,7212,6192
2022-05-23,6호선,효창공원앞,7662,7089
2022-05-23,6호선,공덕,19774,19154
2022-05-23,6호선,대흥,9096,9436
2022-05-23,6호선,광흥창,9747,9439
2022-05-23,6호선,상수,8724,9646
2022-05-23,6호선,합정,13138,12938
2022-05-23,6호선,망원,13763,14560
2022-05-23,6호선,마포구청,15091,13396
2022-05-23,6호선,월드컵경기장,4558,4912
2022-05-23,6호선,디지털미디어시티,15388,16732
2022-05-23,6호선,증산,10712,10538
2022-05-23,6호선,새절,13893,12845
2022-05-23,6호선,구산,8141,5917
2022-05-23,6호선,연신내,2,0
2022-05-23,6호선,독바위,2855,2991
2022-05-23,6호선,불광,4587,4422
2022-05-23,6호선,역촌,4036,4533
2022-05-23,6호선,응암,18373,18167
2022-05-24,6호선,봉화산,9631,8883
2022-05-24,6호선,화랑대,13813,10443
2022-05-24,6호선,태릉입구,7103,8308
2022-05-24,6호선,석계,13732,14121
2022-05-24,6호선,돌곶이,10146,9308
2022-05-24,6호선,상월곡,7043,6545
2022-05-24,6호선,월곡,13479,12895
2022-05-24,6호선,고려대,10210,10066
2022-05-24,6호선,안암,16510,19473
2022-05-24,6호선,보문,8047,7318
2022-05-24,6호선,창신,4123,3380
2022-05-24,6호선,동묘앞,8192,8483
2022-05-24,6호선,신당,8821,9343
2022-05-24,6호선,청구,3868,4130
2022-05-24,6호선,약수,3943,3906
2022-05-24,6호선,버티고개,2497,2349
2022-05-24,6호선,한강진,8625,9957
2022-05-24,6호선,이태원,10395,10852
2022-05-24,6호선,녹사평,5094,4942
2022-05-24,6호선,삼각지,8037,7039
2022-05-24,6호선,효창공원앞,7949,7223
2022-05-24,6호선,공덕,20381,19703
2022-05-24,6호선,대흥,9350,9374
2022-05-24,6호선,광흥창,10220,9618
2022-05-24,6호선,상수,8966,10372
2022-05-24,6호선,합정,13517,13553
2022-05-24,6호선,망원,14258,15014
2022-05-24,6호선,마포구청,15639,13772
2022-05-24,6호선,월드컵경기장,4715,5024
2022-05-24,6호선,디지털미디어시티,15580,17097
2022-05-24,6호선,증산,10747,10722
2022-05-24,6호선,새절,14467,13309
2022-05-24,6호선,구산,8407,5867
2022-05-24,6호선,연신내,1,0
2022-05-24,6호선,독바위,2987,3093
2022-05-24,6호선,불광,4522,4707
2022-05-24,6호선,역촌,3923,4820
2022-05-24,6호선,응암,19075,18862
2022-05-25,6호선,봉화산,9942,9272
2022-05-25,6호선,화랑대,13967,10560
2022-05-25,6호선,태릉입구,7176,8280
2022-05-25,6호선,석계,13830,14462
2022-05-25,6호선,돌곶이,10528,9805
2022-05-25,6호선,상월곡,7122,6733
2022-05-25,6호선,월곡,13770,13241
2022-05-25,6호선,고려대,10433,9823
2022-05-25,6호선,안암,16988,19701
2022-05-25,6호선,보문,8180,7456
2022-05-25,6호선,창신,4231,3692
2022-05-25,6호선,동묘앞,8338,8601
2022-05-25,6호선,신당,9792,9912
2022-05-25,6호선,청구,3866,4259
2022-05-25,6호선,약수,4034,4100
2022-05-25,6호선,버티고개,2461,2346
2022-05-25,6호선,한강진,8867,10056
2022-05-25,6호선,이태원,10672,11130
2022-05-25,6호선,녹사평,5164,5185
2022-05-25,6호선,삼각지,8274,7345
2022-05-25,6호선,효창공원앞,7947,7525
2022-05-25,6호선,공덕,20436,20029
2022-05-25,6호선,대흥,9591,9803
2022-05-25,6호선,광흥창,10144,9848
2022-05-25,6호선,상수,9661,10796
2022-05-25,6호선,합정,14241,14008
2022-05-25,6호선,망원,14662,15497
2022-05-25,6호선,마포구청,15736,14188
2022-05-25,6호선,월드컵경기장,5797,6137
2022-05-25,6호선,디지털미디어시티,15746,17169
2022-05-25,6호선,증산,10960,10944
2022-05-25,6호선,새절,14315,13290
2022-05-25,6호선,구산,8442,6202
2022-05-25,6호선,연신내,2,0
2022-05-25,6호선,독바위,2994,3192
2022-05-25,6호선,불광,4895,4669
2022-05-25,6호선,역촌,4032,4809
2022-05-25,6호선,응암,19112,18714
2022-05-26,6호선,응암,19037,18423
2022-05-26,6호선,역촌,3969,4626
2022-05-26,6호선,불광,4617,4566
2022-05-26,6호선,독바위,2926,3047
2022-05-26,6호선,구산,8406,5852
2022-05-26,6호선,새절,14478,13333
2022-05-26,6호선,증산,11031,10817
2022-05-26,6호선,디지털미디어시티,15779,17279
2022-05-26,6호선,월드컵경기장,5198,5531
2022-05-26,6호선,마포구청,15487,13604
2022-05-26,6호선,망원,14477,15409
2022-05-26,6호선,합정,14126,14117
2022-05-26,6호선,상수,9670,10995
2022-05-26,6호선,광흥창,10207,9898
2022-05-26,6호선,대흥,9828,10073
2022-05-26,6호선,공덕,20582,20137
2022-05-26,6호선,효창공원앞,8131,7399
2022-05-26,6호선,삼각지,8874,7520
2022-05-26,6호선,녹사평,5310,5306
2022-05-26,6호선,이태원,11235,12413
2022-05-26,6호선,한강진,8795,10317
2022-05-26,6호선,버티고개,2539,2338
2022-05-26,6호선,약수,3957,4007
2022-05-26,6호선,청구,3844,4184
2022-05-26,6호선,신당,9018,9470
2022-05-26,6호선,동묘앞,8606,8925
2022-05-26,6호선,창신,4071,3399
2022-05-26,6호선,보문,8312,7372
2022-05-26,6호선,안암,22768,29758
2022-05-26,6호선,고려대,14191,12611
2022-05-26,6호선,월곡,13637,13051
2022-05-26,6호선,상월곡,7732,7195
2022-05-26,6호선,돌곶이,10488,9413
2022-05-26,6호선,석계,13941,14596
2022-05-26,6호선,태릉입구,6892,8015
2022-05-26,6호선,화랑대,14369,10881
2022-05-26,6호선,봉화산,9922,9182
2022-05-26,6호선,신내,1,0
2022-05-27,6호선,봉화산,9876,9252
2022-05-27,6호선,화랑대,14621,10562
2022-05-27,6호선,태릉입구,6992,7789
2022-05-27,6호선,석계,14058,14410
2022-05-27,6호선,돌곶이,10728,9622
2022-05-27,6호선,상월곡,6995,6285
2022-05-27,6호선,월곡,13161,12309
2022-05-27,6호선,고려대,8873,9264
2022-05-27,6호선,안암,16360,21447
2022-05-27,6호선,보문,8405,7450
2022-05-27,6호선,창신,3829,3139
2022-05-27,6호선,동묘앞,9237,9101
2022-05-27,6호선,신당,9289,8811
2022-05-27,6호선,청구,3999,4179
2022-05-27,6호선,약수,4120,4085
2022-05-27,6호선,버티고개,2549,2344
2022-05-27,6호선,한강진,9364,11504
2022-05-27,6호선,이태원,13213,18302
2022-05-27,6호선,녹사평,5950,6350
2022-05-27,6호선,삼각지,8940,7593
2022-05-27,6호선,효창공원앞,8223,7338
2022-05-27,6호선,공덕,21404,20772
2022-05-27,6호선,대흥,9579,9503
2022-05-27,6호선,광흥창,10298,9748
2022-05-27,6호선,상수,10107,12020
2022-05-27,6호선,합정,15186,15561
2022-05-27,6호선,망원,15460,16651
2022-05-27,6호선,마포구청,15606,13429
2022-05-27,6호선,월드컵경기장,5246,5630
2022-05-27,6호선,디지털미디어시티,16076,16709
2022-05-27,6호선,증산,11052,10611
2022-05-27,6호선,새절,14104,12804
2022-05-27,6호선,구산,8618,5942
2022-05-27,6호선,독바위,2953,3019
2022-05-27,6호선,불광,4741,4622
2022-05-27,6호선,역촌,4064,4645
2022-05-27,6호선,응암,19247,18507
2022-05-28,6호선,응암,14056,13449
2022-05-28,6호선,역촌,2881,3282
2022-05-28,6호선,불광,4472,4016
2022-05-28,6호선,독바위,2282,2541
2022-05-28,6호선,연신내,2,0
2022-05-28,6호선,구산,6055,4296
2022-05-28,6호선,새절,9742,9012
2022-05-28,6호선,증산,8383,7870
2022-05-28,6호선,디지털미디어시티,8595,8659
2022-05-28,6호선,월드컵경기장,13158,15038
2022-05-28,6호선,마포구청,11030,9378
2022-05-28,6호선,망원,14349,15799
2022-05-28,6호선,합정,14979,14271
2022-05-28,6호선,상수,9070,11434
2022-05-28,6호선,광흥창,6280,5671
2022-05-28,6호선,대흥,6315,6233
2022-05-28,6호선,공덕,11516,10816
2022-05-28,6호선,효창공원앞,5699,4824
2022-05-28,6호선,삼각지,8091,5927
2022-05-28,6호선,녹사평,6574,7525
2022-05-28,6호선,이태원,16783,22903
2022-05-28,6호선,한강진,10133,12922
2022-05-28,6호선,버티고개,1588,1709
2022-05-28,6호선,약수,2693,2785
2022-05-28,6호선,청구,2539,2585
2022-05-28,6호선,신당,6921,6371
2022-05-28,6호선,동묘앞,8553,8212
2022-05-28,6호선,창신,2498,2028
2022-05-28,6호선,보문,6053,5177
2022-05-28,6호선,안암,9365,6730
2022-05-28,6호선,고려대,6416,5500
2022-05-28,6호선,월곡,8153,7857
2022-05-28,6호선,상월곡,4815,4151
2022-05-28,6호선,돌곶이,6857,6297
2022-05-28,6호선,석계,9853,9846
2022-05-28,6호선,태릉입구,5661,6297
2022-05-28,6호선,화랑대,8010,6663
2022-05-28,6호선,봉화산,6073,5937
2022-05-29,6호선,봉화산,4318,4265
2022-05-29,6호선,화랑대,5610,5160
2022-05-29,6호선,태릉입구,4179,4713
2022-05-29,6호선,석계,6938,7327
2022-05-29,6호선,돌곶이,5893,5589
2022-05-29,6호선,상월곡,3570,3350
2022-05-29,6호선,월곡,5989,5694
2022-05-29,6호선,고려대,4505,4359
2022-05-29,6호선,안암,5301,5655
2022-05-29,6호선,보문,4594,4279
2022-05-29,6호선,창신,1768,1602
2022-05-29,6호선,동묘앞,6708,6824
2022-05-29,6호선,신당,4710,5171
2022-05-29,6호선,청구,1761,1665
2022-05-29,6호선,약수,1884,1844
2022-05-29,6호선,버티고개,1180,1287
2022-05-29,6호선,한강진,7696,8507
2022-05-29,6호선,이태원,14057,10918
2022-05-29,6호선,녹사평,4514,4605
2022-05-29,6호선,삼각지,5208,3965
2022-05-29,6호선,효창공원앞,3888,3567
2022-05-29,6호선,공덕,7479,7034
2022-05-29,6호선,대흥,4436,4594
2022-05-29,6호선,광흥창,4499,4267
2022-05-29,6호선,상수,6752,7422
2022-05-29,6호선,합정,10229,9775
2022-05-29,6호선,망원,10246,11072
2022-05-29,6호선,마포구청,7784,6819
2022-05-29,6호선,월드컵경기장,4496,4618
2022-05-29,6호선,디지털미디어시티,6084,6354
2022-05-29,6호선,증산,5956,6022
2022-05-29,6호선,새절,6924,6656
2022-05-29,6호선,구산,4269,3149
2022-05-29,6호선,연신내,1,0
2022-05-29,6호선,독바위,1660,2004
2022-05-29,6호선,불광,3200,2928
2022-05-29,6호선,역촌,2133,2467
2022-05-29,6호선,응암,10167,10198
2022-05-30,6호선,봉화산,9537,8950
2022-05-30,6호선,화랑대,12885,9939
2022-05-30,6호선,태릉입구,6067,6900
2022-05-30,6호선,석계,13155,13988
2022-05-30,6호선,돌곶이,9981,9489
2022-05-30,6호선,상월곡,6868,6400
2022-05-30,6호선,월곡,13279,12684
2022-05-30,6호선,고려대,8824,8478
2022-05-30,6호선,안암,14087,14873
2022-05-30,6호선,보문,7899,7210
2022-05-30,6호선,창신,3894,3204
2022-05-30,6호선,동묘앞,7752,8131
2022-05-30,6호선,신당,7849,8480
2022-05-30,6호선,청구,3747,3970
2022-05-30,6호선,약수,3855,3932
2022-05-30,6호선,버티고개,2333,2273
2022-05-30,6호선,한강진,6828,7920
2022-05-30,6호선,이태원,9869,10050
2022-05-30,6호선,녹사평,4667,4603
2022-05-30,6호선,삼각지,6838,6077
2022-05-30,6호선,효창공원앞,7876,7112
2022-05-30,6호선,공덕,19609,18848
2022-05-30,6호선,대흥,8902,9275
2022-05-30,6호선,광흥창,9830,9433
2022-05-30,6호선,상수,8528,9659
2022-05-30,6호선,합정,13029,12831
2022-05-30,6호선,망원,13452,14214
2022-05-30,6호선,마포구청,15147,13361
2022-05-30,6호선,월드컵경기장,4336,4545
2022-05-30,6호선,디지털미디어시티,15521,16960
2022-05-30,6호선,증산,10628,10558
2022-05-30,6호선,새절,13953,12958
2022-05-30,6호선,구산,8265,5984
2022-05-30,6호선,연신내,1,0
2022-05-30,6호선,독바위,2855,2958
2022-05-30,6호선,불광,4271,4225
2022-05-30,6호선,역촌,3758,4557
2022-05-30,6호선,응암,18418,17886
2022-05-31,6호선,봉화산,9888,8980
2022-05-31,6호선,화랑대,13985,10390
2022-05-31,6호선,태릉입구,6450,7322
2022-05-31,6호선,석계,13906,14150
2022-05-31,6호선,돌곶이,10251,9159
2022-05-31,6호선,상월곡,7190,6444
2022-05-31,6호선,월곡,13796,13103
2022-05-31,6호선,고려대,9566,9109
2022-05-31,6호선,안암,15229,15149
2022-05-31,6호선,보문,8395,7324
2022-05-31,6호선,창신,4148,3394
2022-05-31,6호선,동묘앞,8633,8933
2022-05-31,6호선,신당,9188,9649
2022-05-31,6호선,청구,3896,4191
2022-05-31,6호선,약수,3956,3955
2022-05-31,6호선,버티고개,2416,2260
2022-05-31,6호선,한강진,8498,10339
2022-05-31,6호선,이태원,11076,14696
2022-05-31,6호선,녹사평,5259,5567
2022-05-31,6호선,삼각지,8306,7131
2022-05-31,6호선,효창공원앞,8216,7218
2022-05-31,6호선,공덕,20468,20342
2022-05-31,6호선,대흥,9595,9802
2022-05-31,6호선,광흥창,10029,9545
2022-05-31,6호선,상수,9548,11550
2022-05-31,6호선,합정,14646,14906
2022-05-31,6호선,망원,14870,15967
2022-05-31,6호선,마포구청,15647,13680
2022-05-31,6호선,월드컵경기장,5171,5522
2022-05-31,6호선,디지털미디어시티,16118,17145
2022-05-31,6호선,증산,11197,10740
2022-05-31,6호선,새절,14690,13231
2022-05-31,6호선,구산,8584,6018
2022-05-31,6호선,연신내,1,0
2022-05-31,6호선,독바위,3019,3005
2022-05-31,6호선,불광,4655,4583
2022-05-31,6호선,역촌,4068,4677
2022-05-31,6호선,응암,19180,18329
2022-06-01,6호선,봉화산,4822,4650
2022-06-01,6호선,화랑대,6433,5327
2022-06-01,6호선,태릉입구,4145,4757
2022-06-01,6호선,석계,8003,8048
2022-06-01,6호선,돌곶이,5813,5458
2022-06-01,6호선,상월곡,4010,3477
2022-06-01,6호선,월곡,7030,6865
2022-06-01,6호선,고려대,4715,4715
2022-06-01,6호선,안암,6093,6142
2022-06-01,6호선,보문,4692,4268
2022-06-01,6호선,창신,2041,1786
2022-06-01,6호선,동묘앞,6704,6239
2022-06-01,6호선,신당,6726,6588
2022-06-01,6호선,청구,2366,2442
2022-06-01,6호선,약수,2227,2282
2022-06-01,6호선,버티고개,1251,1425
2022-06-01,6호선,한강진,7272,8575
2022-06-01,6호선,이태원,11994,10725
2022-06-01,6호선,녹사평,4622,4627
2022-06-01,6호선,삼각지,5649,4589
2022-06-01,6호선,효창공원앞,4504,3863
2022-06-01,6호선,공덕,8648,8018
2022-06-01,6호선,대흥,4757,4738
2022-06-01,6호선,광흥창,4809,4594
2022-06-01,6호선,상수,7248,8101
2022-06-01,6호선,합정,11212,10160
2022-06-01,6호선,망원,11713,12742
2022-06-01,6호선,마포구청,8317,7336
2022-06-01,6호선,월드컵경기장,6071,6195
2022-06-01,6호선,디지털미디어시티,6636,7131
2022-06-01,6호선,증산,6980,6857
2022-06-01,6호선,새절,8081,7821
2022-06-01,6호선,구산,4895,3725
2022-06-01,6호선,연신내,2,0
2022-06-01,6호선,독바위,1811,2167
2022-06-01,6호선,불광,3988,3587
2022-06-01,6호선,역촌,2331,2742
2022-06-01,6호선,응암,11595,11556
2022-06-02,6호선,봉화산,9651,8881
2022-06-02,6호선,화랑대,13266,10107
2022-06-02,6호선,태릉입구,6446,7018
2022-06-02,6호선,석계,13003,13814
2022-06-02,6호선,돌곶이,10242,9267
2022-06-02,6호선,상월곡,7448,6881
2022-06-02,6호선,월곡,13035,12617
2022-06-02,6호선,고려대,9487,9159
2022-06-02,6호선,안암,14449,14514
2022-06-02,6호선,보문,7936,7065
2022-06-02,6호선,창신,3954,3346
2022-06-02,6호선,동묘앞,8351,8553
2022-06-02,6호선,신당,8628,9193
2022-06-02,6호선,청구,3848,3998
2022-06-02,6호선,약수,3952,3850
2022-06-02,6호선,버티고개,2385,2261
2022-06-02,6호선,한강진,8820,9788
2022-06-02,6호선,이태원,10807,11706
2022-06-02,6호선,녹사평,5091,5024
2022-06-02,6호선,삼각지,8100,6997
2022-06-02,6호선,효창공원앞,7782,7234
2022-06-02,6호선,공덕,20368,19474
2022-06-02,6호선,대흥,9252,9685
2022-06-02,6호선,광흥창,10224,9686
2022-06-02,6호선,상수,9635,10773
2022-06-02,6호선,합정,16175,17282
2022-06-02,6호선,망원,15301,15829
2022-06-02,6호선,마포구청,17720,14730
2022-06-02,6호선,월드컵경기장,26198,43706
2022-06-02,6호선,디지털미디어시티,20751,17488
2022-06-02,6호선,증산,10736,10340
2022-06-02,6호선,새절,14296,13127
2022-06-02,6호선,구산,8459,6033
2022-06-02,6호선,독바위,2895,3061
2022-06-02,6호선,불광,4571,4515
2022-06-02,6호선,역촌,3953,4570
2022-06-02,6호선,응암,18774,18080
2022-06-03,6호선,신내,1,0
2022-06-03,6호선,봉화산,9538,8949
2022-06-03,6호선,화랑대,12897,9792
2022-06-03,6호선,태릉입구,6275,6851
2022-06-03,6호선,석계,13366,13839
2022-06-03,6호선,돌곶이,10228,9152
2022-06-03,6호선,상월곡,6852,6087
2022-06-03,6호선,월곡,12849,12199
2022-06-03,6호선,고려대,8887,8350
2022-06-03,6호선,안암,12983,12083
2022-06-03,6호선,보문,8191,7090
2022-06-03,6호선,독바위,2880,2806
2022-06-03,6호선,불광,4799,4612
2022-06-03,6호선,역촌,4038,4512
2022-06-03,6호선,응암,19020,18197
2022-06-03,6호선,창신,4050,3320
2022-06-03,6호선,동묘앞,8699,8578
2022-06-03,6호선,신당,8868,8475
2022-06-03,6호선,청구,3914,3981
2022-06-03,6호선,약수,3932,3970
2022-06-03,6호선,버티고개,2345,2334
2022-06-03,6호선,한강진,9510,11794
2022-06-03,6호선,이태원,11742,16657
2022-06-03,6호선,녹사평,5404,5839
2022-06-03,6호선,삼각지,8277,6946
2022-06-03,6호선,효창공원앞,7915,6837
2022-06-03,6호선,공덕,20189,19862
2022-06-03,6호선,대흥,9457,9369
2022-06-03,6호선,광흥창,10099,9498
2022-06-03,6호선,상수,9672,11604
2022-06-03,6호선,합정,14382,14715
2022-06-03,6호선,망원,15078,16173
2022-06-03,6호선,마포구청,15107,13132
2022-06-03,6호선,월드컵경기장,5569,5734
2022-06-03,6호선,디지털미디어시티,15144,16289
2022-06-03,6호선,증산,10810,10419
2022-06-03,6호선,새절,13889,12601
2022-06-03,6호선,구산,8426,5931
2022-06-04,6호선,봉화산,5758,5484
2022-06-04,6호선,화랑대,7564,5667
2022-06-04,6호선,태릉입구,4577,5036
2022-06-04,6호선,석계,8974,8784
2022-06-04,6호선,돌곶이,6392,5509
2022-06-04,6호선,상월곡,4346,3716
2022-06-04,6호선,월곡,7745,7172
2022-06-04,6호선,고려대,5444,5158
2022-06-04,6호선,안암,6960,6629
2022-06-04,6호선,보문,5251,4556
2022-06-04,6호선,창신,2238,1799
2022-06-04,6호선,동묘앞,8076,7834
2022-06-04,6호선,신당,6494,5990
2022-06-04,6호선,청구,2388,2298
2022-06-04,6호선,약수,2626,2549
2022-06-04,6호선,버티고개,1619,1667
2022-06-04,6호선,한강진,9210,11678
2022-06-04,6호선,이태원,14731,20006
2022-06-04,6호선,녹사평,5514,6204
2022-06-04,6호선,삼각지,6975,5297
2022-06-04,6호선,효창공원앞,4843,4276
2022-06-04,6호선,공덕,10480,9876
2022-06-04,6호선,대흥,6105,5901
2022-06-04,6호선,광흥창,5326,4772
2022-06-04,6호선,상수,8155,10187
2022-06-04,6호선,합정,12860,12182
2022-06-04,6호선,망원,13008,14362
2022-06-04,6호선,마포구청,9664,8190
2022-06-04,6호선,월드컵경기장,5460,5628
2022-06-04,6호선,디지털미디어시티,7815,7759
2022-06-04,6호선,증산,7632,7203
2022-06-04,6호선,새절,9196,8397
2022-06-04,6호선,구산,5737,4118
2022-06-04,6호선,연신내,2,0
2022-06-04,6호선,독바위,2024,2243
2022-06-04,6호선,불광,3785,3569
2022-06-04,6호선,역촌,2605,2951
2022-06-04,6호선,응암,13241,12456
2022-06-05,6호선,봉화산,4284,4124
2022-06-05,6호선,화랑대,5202,4766
2022-06-05,6호선,태릉입구,3687,3747
2022-06-05,6호선,석계,6704,7039
2022-06-05,6호선,돌곶이,5735,5118
2022-06-05,6호선,상월곡,3384,2957
2022-06-05,6호선,월곡,5675,5392
2022-06-05,6호선,고려대,4212,4043
2022-06-05,6호선,안암,4804,4776
2022-06-05,6호선,보문,4192,3738
2022-06-05,6호선,창신,1779,1518
2022-06-05,6호선,동묘앞,6587,6394
2022-06-05,6호선,신당,4996,5415
2022-06-05,6호선,청구,1770,1699
2022-06-05,6호선,약수,1874,1945
2022-06-05,6호선,버티고개,1159,1234
2022-06-05,6호선,한강진,7914,9630
2022-06-05,6호선,이태원,14518,15218
2022-06-05,6호선,녹사평,4514,4734
2022-06-05,6호선,삼각지,5461,4136
2022-06-05,6호선,효창공원앞,3763,3176
2022-06-05,6호선,공덕,7433,6929
2022-06-05,6호선,대흥,4171,4284
2022-06-05,6호선,광흥창,4314,4017
2022-06-05,6호선,상수,7362,9424
2022-06-05,6호선,합정,10435,9759
2022-06-05,6호선,망원,9861,10999
2022-06-05,6호선,마포구청,7389,6402
2022-06-05,6호선,월드컵경기장,4529,4602
2022-06-05,6호선,디지털미디어시티,5812,5908
2022-06-05,6호선,증산,5797,5635
2022-06-05,6호선,새절,7004,6587
2022-06-05,6호선,구산,4043,2928
2022-06-05,6호선,연신내,1,0
2022-06-05,6호선,독바위,1571,1910
2022-06-05,6호선,불광,3196,2765
2022-06-05,6호선,역촌,2072,2306
2022-06-05,6호선,응암,10031,9813
2022-06-06,6호선,봉화산,4057,3975
2022-06-06,6호선,화랑대,5169,4429
2022-06-06,6호선,태릉입구,3333,3592
2022-06-06,6호선,석계,6610,6856
2022-06-06,6호선,돌곶이,4609,4520
2022-06-06,6호선,상월곡,3194,2930
2022-06-06,6호선,월곡,5590,5759
2022-06-06,6호선,고려대,3842,3945
2022-06-06,6호선,안암,4665,5380
2022-06-06,6호선,보문,3792,3580
2022-06-06,6호선,창신,1655,1534
2022-06-06,6호선,동묘앞,5942,5627
2022-06-06,6호선,신당,4892,5018
2022-06-06,6호선,청구,1948,2062
2022-06-06,6호선,약수,1850,2020
2022-06-06,6호선,버티고개,1085,1131
2022-06-06,6호선,한강진,5002,5931
2022-06-06,6호선,이태원,10530,8899
2022-06-06,6호선,녹사평,3683,3562
2022-06-06,6호선,삼각지,4456,3446
2022-06-06,6호선,효창공원앞,3492,3239
2022-06-06,6호선,공덕,7025,6636
2022-06-06,6호선,대흥,4046,4205
2022-06-06,6호선,광흥창,3875,3704
2022-06-06,6호선,상수,6247,6799
2022-06-06,6호선,합정,8895,8090
2022-06-06,6호선,망원,9149,10013
2022-06-06,6호선,마포구청,6657,6290
2022-06-06,6호선,월드컵경기장,4329,4381
2022-06-06,6호선,디지털미디어시티,5513,5842
2022-06-06,6호선,증산,5550,5542
2022-06-06,6호선,새절,6652,6485
2022-06-06,6호선,구산,4153,3139
2022-06-06,6호선,독바위,1456,1640
2022-06-06,6호선,불광,2942,2709
2022-06-06,6호선,역촌,1970,2270
2022-06-06,6호선,응암,9485,9745
2022-06-07,6호선,삼각지,7295,6453
2022-06-07,6호선,녹사평,4745,4539
2022-06-07,6호선,이태원,9810,10145
2022-06-07,6호선,한강진,7447,8574
2022-06-07,6호선,버티고개,2373,2364
2022-06-07,6호선,약수,3754,3817
2022-06-07,6호선,청구,3810,4045
2022-06-07,6호선,신당,8815,9279
2022-06-07,6호선,동묘앞,8224,8524
2022-06-07,6호선,보문,7906,7309
2022-06-07,6호선,안암,14353,14904
2022-06-07,6호선,고려대,9200,9063
2022-06-07,6호선,월곡,13375,13055
2022-06-07,6호선,상월곡,6958,6524
2022-06-07,6호선,돌곶이,10179,9329
2022-06-07,6호선,석계,13082,13845
2022-06-07,6호선,태릉입구,6070,6971
2022-06-07,6호선,화랑대,13408,10306
2022-06-07,6호선,봉화산,9678,9010
2022-06-07,6호선,창신,4013,3389
2022-06-07,6호선,응암,18854,18664
2022-06-07,6호선,역촌,3915,4625
2022-06-07,6호선,불광,4619,4588
2022-06-07,6호선,독바위,2954,3130
2022-06-07,6호선,연신내,1,0
2022-06-07,6호선,구산,8412,6200
2022-06-07,6호선,새절,14170,13169
2022-06-07,6호선,증산,10869,10774
2022-06-07,6호선,디지털미디어시티,15560,17101
2022-06-07,6호선,월드컵경기장,4712,4965
2022-06-07,6호선,마포구청,15437,13727
2022-06-07,6호선,망원,14052,14821
2022-06-07,6호선,합정,13284,12923
2022-06-07,6호선,상수,8976,10217
2022-06-07,6호선,광흥창,9943,9654
2022-06-07,6호선,대흥,9064,9380
2022-06-07,6호선,공덕,19964,19463
2022-06-07,6호선,효창공원앞,7922,7131
2022-06-08,6호선,역촌,4045,4700
2022-06-08,6호선,응암,19131,18824
2022-06-08,6호선,불광,4643,4753
2022-06-08,6호선,독바위,2936,3013
2022-06-08,6호선,구산,8455,6105
2022-06-08,6호선,새절,14194,12907
2022-06-08,6호선,증산,10905,10707
2022-06-08,6호선,디지털미디어시티,15660,17314
2022-06-08,6호선,월드컵경기장,4617,4991
2022-06-08,6호선,마포구청,15469,13608
2022-06-08,6호선,망원,14095,15005
2022-06-08,6호선,합정,13638,13476
2022-06-08,6호선,상수,9286,10448
2022-06-08,6호선,광흥창,10453,10148
2022-06-08,6호선,대흥,9289,9583
2022-06-08,6호선,공덕,20269,19703
2022-06-08,6호선,효창공원앞,7961,7384
2022-06-08,6호선,삼각지,8204,6969
2022-06-08,6호선,녹사평,4968,5053
2022-06-08,6호선,이태원,10114,10750
2022-06-08,6호선,한강진,8264,9396
2022-06-08,6호선,버티고개,2336,2246
2022-06-08,6호선,약수,3969,3899
2022-06-08,6호선,청구,3896,4054
2022-06-08,6호선,신당,9503,9820
2022-06-08,6호선,동묘앞,8193,8512
2022-06-08,6호선,창신,4193,3501
2022-06-08,6호선,보문,7960,7183
2022-06-08,6호선,안암,14384,14875
2022-06-08,6호선,고려대,9395,8967
2022-06-08,6호선,월곡,13084,12963
2022-06-08,6호선,상월곡,7030,6377
2022-06-08,6호선,돌곶이,10225,9411
2022-06-08,6호선,석계,13332,13975
2022-06-08,6호선,태릉입구,6252,7008
2022-06-08,6호선,화랑대,13299,10368
2022-06-08,6호선,봉화산,9700,9111
2022-06-09,6호선,봉화산,9626,9118
2022-06-09,6호선,화랑대,13252,10109
2022-06-09,6호선,태릉입구,5944,6725
2022-06-09,6호선,석계,13153,13523
2022-06-09,6호선,돌곶이,10244,9419
2022-06-09,6호선,상월곡,7407,6785
2022-06-09,6호선,월곡,12812,12640
2022-06-09,6호선,고려대,9263,8948
2022-06-09,6호선,안암,13714,13813
2022-06-09,6호선,보문,8071,7249
2022-06-09,6호선,창신,4080,3500
2022-06-09,6호선,동묘앞,8210,8404
2022-06-09,6호선,신당,9037,9519
2022-06-09,6호선,청구,3815,4089
2022-06-09,6호선,약수,3908,3819
2022-06-09,6호선,버티고개,2315,2223
2022-06-09,6호선,한강진,8135,9573
2022-06-09,6호선,이태원,10421,11175
2022-06-09,6호선,녹사평,5045,5033
2022-06-09,6호선,삼각지,7865,6839
2022-06-09,6호선,효창공원앞,7915,7259
2022-06-09,6호선,공덕,20171,19595
2022-06-09,6호선,대흥,9453,9586
2022-06-09,6호선,광흥창,10016,9621
2022-06-09,6호선,상수,9192,10557
2022-06-09,6호선,합정,13729,13388
2022-06-09,6호선,망원,14101,15029
2022-06-09,6호선,마포구청,15337,13734
2022-06-09,6호선,월드컵경기장,4624,5002
2022-06-09,6호선,디지털미디어시티,15627,17344
2022-06-09,6호선,증산,10793,10718
2022-06-09,6호선,새절,14310,13009
2022-06-09,6호선,구산,8404,6048
2022-06-09,6호선,연신내,3,0
2022-06-09,6호선,독바위,3018,3073
2022-06-09,6호선,불광,4472,4579
2022-06-09,6호선,역촌,4023,4739
2022-06-09,6호선,응암,18778,18275
2022-06-10,6호선,역촌,4015,4882
2022-06-10,6호선,응암,19504,19056
2022-06-10,6호선,불광,4757,4680
2022-06-10,6호선,독바위,3013,3149
2022-06-10,6호선,구산,8757,6154
2022-06-10,6호선,새절,14180,13096
2022-06-10,6호선,증산,11025,10916
2022-06-10,6호선,디지털미디어시티,15493,16742
2022-06-10,6호선,월드컵경기장,5469,5543
2022-06-10,6호선,마포구청,15672,13764
2022-06-10,6호선,망원,14989,16161
2022-06-10,6호선,합정,15014,15041
2022-06-10,6호선,상수,10047,12057
2022-06-10,6호선,광흥창,9961,9757
2022-06-10,6호선,대흥,9559,9521
2022-06-10,6호선,공덕,20670,20078
2022-06-10,6호선,효창공원앞,8327,7477
2022-06-10,6호선,삼각지,8346,7139
2022-06-10,6호선,녹사평,5680,6075
2022-06-10,6호선,이태원,12543,16887
2022-06-10,6호선,한강진,8741,10473
2022-06-10,6호선,버티고개,2434,2347
2022-06-10,6호선,약수,4145,4088
2022-06-10,6호선,청구,3964,4139
2022-06-10,6호선,신당,9134,8738
2022-06-10,6호선,동묘앞,8573,8599
2022-06-10,6호선,창신,4114,3400
2022-06-10,6호선,보문,8286,7374
2022-06-10,6호선,안암,12390,12082
2022-06-10,6호선,고려대,8815,8458
2022-06-10,6호선,월곡,12870,12428
2022-06-10,6호선,상월곡,6914,6164
2022-06-10,6호선,돌곶이,10363,9425
2022-06-10,6호선,석계,13711,13791
2022-06-10,6호선,태릉입구,6196,6757
2022-06-10,6호선,화랑대,13005,9874
2022-06-10,6호선,봉화산,9686,9118
2022-06-11,6호선,응암,13960,13183
2022-06-11,6호선,역촌,2883,3220
2022-06-11,6호선,불광,4257,3710
2022-06-11,6호선,독바위,2269,2506
2022-06-11,6호선,연신내,1,0
2022-06-11,6호선,구산,5990,4303
2022-06-11,6호선,새절,9655,8870
2022-06-11,6호선,증산,7910,7651
2022-06-11,6호선,디지털미디어시티,8373,8385
2022-06-11,6호선,월드컵경기장,5200,5456
2022-06-11,6호선,마포구청,10078,8596
2022-06-11,6호선,망원,13186,14622
2022-06-11,6호선,합정,13692,13198
2022-06-11,6호선,상수,9104,11660
2022-06-11,6호선,광흥창,5788,5261
2022-06-11,6호선,대흥,6287,6213
2022-06-11,6호선,공덕,11019,10333
2022-06-11,6호선,효창공원앞,5375,4723
2022-06-11,6호선,삼각지,7267,5394
2022-06-11,6호선,녹사평,5817,6436
2022-06-11,6호선,이태원,15225,20234
2022-06-11,6호선,한강진,9376,12225
2022-06-11,6호선,버티고개,1638,1727
2022-06-11,6호선,약수,2806,2862
2022-06-11,6호선,청구,2514,2505
2022-06-11,6호선,신당,6545,6106
2022-06-11,6호선,동묘앞,8158,8113
2022-06-11,6호선,창신,2257,1899
2022-06-11,6호선,보문,5641,4873
2022-06-11,6호선,안암,6564,6291
2022-06-11,6호선,고려대,5827,5513
2022-06-11,6호선,월곡,7912,7348
2022-06-11,6호선,상월곡,4543,3829
2022-06-11,6호선,돌곶이,6839,6111
2022-06-11,6호선,석계,9403,9208
2022-06-11,6호선,태릉입구,4691,5010
2022-06-11,6호선,화랑대,7960,6193
2022-06-11,6호선,봉화산,5928,5602
2022-06-12,6호선,봉화산,4349,4297
2022-06-12,6호선,화랑대,5504,4944
2022-06-12,6호선,태릉입구,3546,3650
2022-06-12,6호선,석계,6769,7077
2022-06-12,6호선,돌곶이,5842,5642
2022-06-12,6호선,상월곡,3508,3209
2022-06-12,6호선,월곡,5657,5542
2022-06-12,6호선,고려대,4171,4138
2022-06-12,6호선,안암,4709,5157
2022-06-12,6호선,보문,4315,4075
2022-06-12,6호선,창신,1660,1547
2022-06-12,6호선,동묘앞,6604,6293
2022-06-12,6호선,신당,4606,5204
2022-06-12,6호선,청구,1845,1661
2022-06-12,6호선,약수,1860,1833
2022-06-12,6호선,버티고개,1200,1308
2022-06-12,6호선,한강진,6984,7893
2022-06-12,6호선,이태원,12485,10061
2022-06-12,6호선,녹사평,4235,4174
2022-06-12,6호선,삼각지,5070,3693
2022-06-12,6호선,효창공원앞,3807,3481
2022-06-12,6호선,공덕,7022,6664
2022-06-12,6호선,대흥,4242,4343
2022-06-12,6호선,광흥창,4528,4300
2022-06-12,6호선,상수,6828,7682
2022-06-12,6호선,합정,9735,9002
2022-06-12,6호선,망원,9599,10555
2022-06-12,6호선,마포구청,7258,6516
2022-06-12,6호선,월드컵경기장,3837,4012
2022-06-12,6호선,디지털미디어시티,5910,5955
2022-06-12,6호선,증산,5943,5839
2022-06-12,6호선,새절,6904,6769
2022-06-12,6호선,구산,4212,3163
2022-06-12,6호선,연신내,4,0
2022-06-12,6호선,독바위,1620,2010
2022-06-12,6호선,불광,3326,2959
2022-06-12,6호선,역촌,2119,2410
2022-06-12,6호선,응암,10006,9938
2022-06-13,6호선,응암,18158,18063
2022-06-13,6호선,역촌,3942,4595
2022-06-13,6호선,불광,4440,4406
2022-06-13,6호선,독바위,2899,3028
2022-06-13,6호선,구산,8144,6036
2022-06-13,6호선,새절,13862,12636
2022-06-13,6호선,증산,10396,10482
2022-06-13,6호선,디지털미디어시티,15495,16935
2022-06-13,6호선,월드컵경기장,4552,4694
2022-06-13,6호선,마포구청,14916,13359
2022-06-13,6호선,망원,13484,14231
2022-06-13,6호선,합정,12908,12839
2022-06-13,6호선,상수,8775,9803
2022-06-13,6호선,광흥창,9782,9489
2022-06-13,6호선,대흥,8843,9038
2022-06-13,6호선,공덕,19839,19101
2022-06-13,6호선,효창공원앞,7831,7222
2022-06-13,6호선,삼각지,7268,6423
2022-06-13,6호선,녹사평,4562,4476
2022-06-13,6호선,이태원,9758,10001
2022-06-13,6호선,한강진,7017,8154
2022-06-13,6호선,버티고개,2276,2269
2022-06-13,6호선,약수,3879,3891
2022-06-13,6호선,청구,3849,4080
2022-06-13,6호선,신당,7976,8463
2022-06-13,6호선,동묘앞,8047,8408
2022-06-13,6호선,창신,4007,3344
2022-06-13,6호선,보문,7938,6989
2022-06-13,6호선,안암,13103,13676
2022-06-13,6호선,고려대,9037,8616
2022-06-13,6호선,월곡,12692,12523
2022-06-13,6호선,상월곡,6674,6124
2022-06-13,6호선,돌곶이,10035,9289
2022-06-13,6호선,석계,13180,13504
2022-06-13,6호선,태릉입구,5802,6463
2022-06-13,6호선,화랑대,12646,9829
2022-06-13,6호선,봉화산,9466,8769
2022-06-14,6호선,응암,19099,18723
2022-06-14,6호선,역촌,4047,4739
2022-06-14,6호선,불광,4530,4733
2022-06-14,6호선,독바위,3011,3092
2022-06-14,6호선,연신내,2,0
2022-06-14,6호선,구산,8546,6152
2022-06-14,6호선,새절,14242,12999
2022-06-14,6호선,증산,10855,10643
2022-06-14,6호선,디지털미디어시티,19073,17838
2022-06-14,6호선,월드컵경기장,24877,35102
2022-06-14,6호선,마포구청,17014,14660
2022-06-14,6호선,망원,14828,15229
2022-06-14,6호선,합정,15325,15904
2022-06-14,6호선,상수,9564,10733
2022-06-14,6호선,광흥창,10232,9855
2022-06-14,6호선,대흥,9399,9620
2022-06-14,6호선,공덕,20779,20149
2022-06-14,6호선,효창공원앞,8139,7485
2022-06-14,6호선,삼각지,8185,7167
2022-06-14,6호선,녹사평,5148,4991
2022-06-14,6호선,이태원,10283,10913
2022-06-14,6호선,한강진,8400,9646
2022-06-14,6호선,버티고개,2394,2302
2022-06-14,6호선,약수,3895,3955
2022-06-14,6호선,청구,3887,4055
2022-06-14,6호선,신당,8787,9393
2022-06-14,6호선,동묘앞,8332,8771
2022-06-14,6호선,창신,4177,3648
2022-06-14,6호선,보문,8103,7496
2022-06-14,6호선,안암,13965,14271
2022-06-14,6호선,고려대,9351,9078
2022-06-14,6호선,월곡,13002,12715
2022-06-14,6호선,상월곡,6899,6444
2022-06-14,6호선,돌곶이,10126,9359
2022-06-14,6호선,석계,13343,13958
2022-06-14,6호선,태릉입구,6047,6826
2022-06-14,6호선,화랑대,13494,10435
2022-06-14,6호선,봉화산,9756,9337
2022-06-15,6호선,응암,18826,18611
2022-06-15,6호선,역촌,4039,4748
2022-06-15,6호선,불광,4918,5113
2022-06-15,6호선,독바위,2945,3065
2022-06-15,6호선,연신내,2,0
2022-06-15,6호선,구산,8488,6217
2022-06-15,6호선,새절,13925,12955
2022-06-15,6호선,증산,10747,10583
2022-06-15,6호선,디지털미디어시티,15501,17194
2022-06-15,6호선,월드컵경기장,4415,4613
2022-06-15,6호선,마포구청,15475,13780
2022-06-15,6호선,망원,14054,14819
2022-06-15,6호선,합정,13825,13594
2022-06-15,6호선,상수,8851,10070
2022-06-15,6호선,광흥창,10086,9819
2022-06-15,6호선,대흥,8900,9153
2022-06-15,6호선,공덕,20175,19538
2022-06-15,6호선,효창공원앞,7811,6975
2022-06-15,6호선,삼각지,7765,6893
2022-06-15,6호선,녹사평,5050,5069
2022-06-15,6호선,이태원,10338,10771
2022-06-15,6호선,한강진,8679,9926
2022-06-15,6호선,버티고개,2359,2186
2022-06-15,6호선,약수,3871,3988
2022-06-15,6호선,청구,3879,4172
2022-06-15,6호선,신당,9639,10013
2022-06-15,6호선,동묘앞,7884,8015
2022-06-15,6호선,창신,3980,3283
2022-06-15,6호선,보문,8014,7112
2022-06-15,6호선,안암,14355,14314
2022-06-15,6호선,고려대,9413,9050
2022-06-15,6호선,월곡,12422,12150
2022-06-15,6호선,상월곡,6752,6128
2022-06-15,6호선,돌곶이,10298,9497
2022-06-15,6호선,석계,13236,13667
2022-06-15,6호선,태릉입구,5925,6647
2022-06-15,6호선,화랑대,13170,10176
2022-06-15,6호선,봉화산,9599,9015
2022-06-16,6호선,응암,18818,18530
2022-06-16,6호선,역촌,4030,4721
2022-06-16,6호선,불광,4666,4825
2022-06-16,6호선,독바위,2967,3107
2022-06-16,6호선,연신내,1,0
2022-06-16,6호선,구산,8730,6197
2022-06-16,6호선,새절,14465,13243
2022-06-16,6호선,증산,10742,10640
2022-06-16,6호선,디지털미디어시티,15831,17617
2022-06-16,6호선,월드컵경기장,4808,5208
2022-06-16,6호선,마포구청,15538,13728
2022-06-16,6호선,망원,14617,15711
2022-06-16,6호선,합정,14299,14097
2022-06-16,6호선,상수,9122,10518
2022-06-16,6호선,광흥창,10173,9822
2022-06-16,6호선,대흥,9269,9384
2022-06-16,6호선,공덕,20523,19752
2022-06-16,6호선,효창공원앞,7969,7159
2022-06-16,6호선,삼각지,8475,7012
2022-06-16,6호선,녹사평,5316,5169
2022-06-16,6호선,이태원,11071,12177
2022-06-16,6호선,한강진,8599,10112
2022-06-16,6호선,버티고개,2394,2339
2022-06-16,6호선,약수,3933,3925
2022-06-16,6호선,청구,3878,4128
2022-06-16,6호선,신당,8842,9559
2022-06-16,6호선,동묘앞,8321,8289
2022-06-16,6호선,창신,3841,3138
2022-06-16,6호선,보문,8324,7486
2022-06-16,6호선,안암,14532,14418
2022-06-16,6호선,고려대,9548,9159
2022-06-16,6호선,월곡,12925,12583
2022-06-16,6호선,상월곡,7440,6907
2022-06-16,6호선,돌곶이,10551,9518
2022-06-16,6호선,석계,13178,13504
2022-06-16,6호선,태릉입구,6058,6915
2022-06-16,6호선,화랑대,13490,10353
2022-06-16,6호선,봉화산,9756,9154
2022-06-17,6호선,응암,19154,18466
2022-06-17,6호선,역촌,4049,4630
2022-06-17,6호선,불광,4829,4805
2022-06-17,6호선,독바위,3006,3120
2022-06-17,6호선,구산,8795,6307
2022-06-17,6호선,새절,14092,12809
2022-06-17,6호선,증산,10978,10431
2022-06-17,6호선,디지털미디어시티,15610,16847
2022-06-17,6호선,월드컵경기장,5127,5311
2022-06-17,6호선,마포구청,15874,13982
2022-06-17,6호선,망원,15468,16647
2022-06-17,6호선,합정,15267,15510
2022-06-17,6호선,상수,9850,12237
2022-06-17,6호선,광흥창,10155,9630
2022-06-17,6호선,대흥,9288,9289
2022-06-17,6호선,공덕,20639,20259
2022-06-17,6호선,효창공원앞,8111,7124
2022-06-17,6호선,삼각지,8462,7246
2022-06-17,6호선,녹사평,5840,6486
2022-06-17,6호선,이태원,13276,18607
2022-06-17,6호선,한강진,9099,10964
2022-06-17,6호선,버티고개,2400,2372
2022-06-17,6호선,약수,4087,4140
2022-06-17,6호선,청구,4006,4056
2022-06-17,6호선,신당,9113,8631
2022-06-17,6호선,동묘앞,8644,8482
2022-06-17,6호선,창신,3923,3146
2022-06-17,6호선,보문,8508,7476
2022-06-17,6호선,안암,12908,12424
2022-06-17,6호선,고려대,9056,8607
2022-06-17,6호선,월곡,12561,12050
2022-06-17,6호선,상월곡,6822,6064
2022-06-17,6호선,돌곶이,10244,9153
2022-06-17,6호선,석계,13539,13731
2022-06-17,6호선,태릉입구,6204,6732
2022-06-17,6호선,화랑대,12994,9897
2022-06-17,6호선,봉화산,9686,9028
2022-06-18,6호선,봉화산,5769,5589
2022-06-18,6호선,화랑대,7881,6417
2022-06-18,6호선,태릉입구,4827,4933
2022-06-18,6호선,석계,9494,9552
2022-06-18,6호선,돌곶이,6813,6110
2022-06-18,6호선,상월곡,4592,3837
2022-06-18,6호선,월곡,7985,7419
2022-06-18,6호선,고려대,5831,5495
2022-06-18,6호선,안암,7683,7355
2022-06-18,6호선,보문,5568,4827
2022-06-18,6호선,창신,2316,1809
2022-06-18,6호선,동묘앞,7875,7607
2022-06-18,6호선,신당,6422,5861
2022-06-18,6호선,청구,2469,2404
2022-06-18,6호선,약수,2795,2891
2022-06-18,6호선,버티고개,1574,1584
2022-06-18,6호선,한강진,8867,11288
2022-06-18,6호선,이태원,15629,20885
2022-06-18,6호선,녹사평,5621,6510
2022-06-18,6호선,삼각지,7265,5273
2022-06-18,6호선,효창공원앞,5289,4532
2022-06-18,6호선,공덕,11315,10492
2022-06-18,6호선,대흥,6253,6225
2022-06-18,6호선,광흥창,5619,5224
2022-06-18,6호선,상수,8524,10973
2022-06-18,6호선,합정,13559,13177
2022-06-18,6호선,망원,13755,15118
2022-06-18,6호선,마포구청,10486,8812
2022-06-18,6호선,월드컵경기장,4621,4744
2022-06-18,6호선,디지털미디어시티,8289,8438
2022-06-18,6호선,증산,8226,7681
2022-06-18,6호선,새절,9734,8926
2022-06-18,6호선,구산,6102,4400
2022-06-18,6호선,연신내,1,0
2022-06-18,6호선,독바위,2260,2300
2022-06-18,6호선,불광,4014,3670
2022-06-18,6호선,역촌,2882,3328
2022-06-18,6호선,응암,13611,13064
2022-06-19,6호선,봉화산,4207,4109
2022-06-19,6호선,화랑대,5029,4436
2022-06-19,6호선,태릉입구,3309,3581
2022-06-19,6호선,석계,6612,6898
2022-06-19,6호선,돌곶이,5827,5528
2022-06-19,6호선,상월곡,3372,3024
2022-06-19,6호선,월곡,5800,5752
2022-06-19,6호선,고려대,4123,4113
2022-06-19,6호선,창신,1670,1502
2022-06-19,6호선,동묘앞,6266,6286
2022-06-19,6호선,신당,5082,5753
2022-06-19,6호선,청구,1745,1642
2022-06-19,6호선,약수,1830,1821
2022-06-19,6호선,버티고개,1180,1240
2022-06-19,6호선,한강진,7374,8368
2022-06-19,6호선,이태원,13608,10816
2022-06-19,6호선,녹사평,4632,4263
2022-06-19,6호선,삼각지,5250,4044
2022-06-19,6호선,효창공원앞,3721,3389
2022-06-19,6호선,공덕,7488,6913
2022-06-19,6호선,대흥,4164,4402
2022-06-19,6호선,광흥창,4397,4164
2022-06-19,6호선,상수,6436,7167
2022-06-19,6호선,합정,9534,8856
2022-06-19,6호선,망원,9379,10114
2022-06-19,6호선,마포구청,7459,6716
2022-06-19,6호선,월드컵경기장,4622,4701
2022-06-19,6호선,디지털미디어시티,5863,6163
2022-06-19,6호선,증산,5754,5776
2022-06-19,6호선,새절,6818,6649
2022-06-19,6호선,구산,4071,3083
2022-06-19,6호선,연신내,2,0
2022-06-19,6호선,독바위,1623,1945
2022-06-19,6호선,불광,3083,2902
2022-06-19,6호선,역촌,2139,2432
2022-06-19,6호선,응암,9748,9930
2022-06-19,6호선,보문,4102,3973
2022-06-19,6호선,안암,4658,5067
2022-06-20,6호선,응암,18550,18205
2022-06-20,6호선,역촌,3984,4603
2022-06-20,6호선,불광,4496,4602
2022-06-20,6호선,독바위,2905,3023
2022-06-20,6호선,연신내,1,0
2022-06-20,6호선,구산,8340,6159
2022-06-20,6호선,새절,13974,12932
2022-06-20,6호선,증산,10574,10474
2022-06-20,6호선,디지털미디어시티,15368,16905
2022-06-20,6호선,월드컵경기장,4273,4665
2022-06-20,6호선,마포구청,15393,13712
2022-06-20,6호선,망원,13847,14687
2022-06-20,6호선,합정,13171,13045
2022-06-20,6호선,상수,8436,9280
2022-06-20,6호선,광흥창,9763,9395
2022-06-20,6호선,대흥,8801,9050
2022-06-20,6호선,공덕,19837,19237
2022-06-20,6호선,효창공원앞,7854,7013
2022-06-20,6호선,삼각지,6990,6164
2022-06-20,6호선,녹사평,4889,4787
2022-06-20,6호선,이태원,10307,10604
2022-06-20,6호선,한강진,7220,8383
2022-06-20,6호선,버티고개,2263,2313
2022-06-20,6호선,약수,3837,3820
2022-06-20,6호선,청구,3810,4056
2022-06-20,6호선,신당,8207,8948
2022-06-20,6호선,동묘앞,8198,8270
2022-06-20,6호선,창신,3882,3210
2022-06-20,6호선,보문,8195,7312
2022-06-20,6호선,안암,13867,14098
2022-06-20,6호선,고려대,9157,8780
2022-06-20,6호선,월곡,12676,12368
2022-06-20,6호선,상월곡,6664,6105
2022-06-20,6호선,돌곶이,9944,9212
2022-06-20,6호선,석계,12653,13292
2022-06-20,6호선,태릉입구,5924,6664
2022-06-20,6호선,화랑대,12877,9944
2022-06-20,6호선,봉화산,9528,8909
2022-06-21,6호선,삼각지,7937,6923
2022-06-21,6호선,응암,18839,18710
2022-06-21,6호선,역촌,4185,4927
2022-06-21,6호선,불광,4687,4672
2022-06-21,6호선,독바위,3029,3102
2022-06-21,6호선,연신내,3,0
2022-06-21,6호선,구산,8454,6326
2022-06-21,6호선,새절,14167,13300
2022-06-21,6호선,증산,10620,10540
2022-06-21,6호선,디지털미디어시티,15775,17399
2022-06-21,6호선,월드컵경기장,4701,5071
2022-06-21,6호선,마포구청,15464,13862
2022-06-21,6호선,망원,14676,15597
2022-06-21,6호선,합정,13997,13641
2022-06-21,6호선,상수,8859,10236
2022-06-21,6호선,광흥창,10171,9772
2022-06-21,6호선,대흥,9227,9432
2022-06-21,6호선,공덕,20862,20082
2022-06-21,6호선,효창공원앞,7973,7098
2022-06-21,6호선,녹사평,5440,5432
2022-06-21,6호선,이태원,11032,11585
2022-06-21,6호선,한강진,9113,10601
2022-06-21,6호선,버티고개,2381,2336
2022-06-21,6호선,약수,3834,3824
2022-06-21,6호선,청구,3871,4150
2022-06-21,6호선,신당,8352,8949
2022-06-21,6호선,동묘앞,8178,8427
2022-06-21,6호선,창신,3970,3233
2022-06-21,6호선,보문,8190,7375
2022-06-21,6호선,안암,14012,13887
2022-06-21,6호선,고려대,9042,9013
2022-06-21,6호선,월곡,12604,12296
2022-06-21,6호선,상월곡,6755,6083
2022-06-21,6호선,돌곶이,9897,9594
2022-06-21,6호선,석계,12914,13660
2022-06-21,6호선,태릉입구,6076,6795
2022-06-21,6호선,화랑대,13458,10288
2022-06-21,6호선,봉화산,9711,9070
2022-06-22,6호선,봉화산,9636,9008
2022-06-22,6호선,화랑대,12729,9750
2022-06-22,6호선,태릉입구,5947,6412
2022-06-22,6호선,석계,13123,13559
2022-06-22,6호선,돌곶이,10073,9284
2022-06-22,6호선,상월곡,6748,6107
2022-06-22,6호선,월곡,12492,12170
2022-06-22,6호선,고려대,9055,8756
2022-06-22,6호선,안암,12753,12416
2022-06-22,6호선,보문,8273,7584
2022-06-22,6호선,창신,3865,3117
2022-06-22,6호선,동묘앞,8247,8470
2022-06-22,6호선,신당,8522,9037
2022-06-22,6호선,청구,3962,4224
2022-06-22,6호선,약수,3964,3998
2022-06-22,6호선,버티고개,2340,2243
2022-06-22,6호선,한강진,9092,10608
2022-06-22,6호선,이태원,11640,12508
2022-06-22,6호선,녹사평,5682,5706
2022-06-22,6호선,삼각지,8252,6969
2022-06-22,6호선,효창공원앞,7990,7201
2022-06-22,6호선,공덕,20511,19786
2022-06-22,6호선,대흥,9516,9642
2022-06-22,6호선,광흥창,10217,9979
2022-06-22,6호선,상수,9182,10550
2022-06-22,6호선,합정,14471,14161
2022-06-22,6호선,망원,15035,16029
2022-06-22,6호선,마포구청,15571,13963
2022-06-22,6호선,월드컵경기장,8404,9274
2022-06-22,6호선,디지털미디어시티,15965,17646
2022-06-22,6호선,증산,10938,10697
2022-06-22,6호선,새절,13736,12560
2022-06-22,6호선,구산,8429,6183
2022-06-22,6호선,독바위,2944,3152
2022-06-22,6호선,불광,4740,4848
2022-06-22,6호선,역촌,4106,4918
2022-06-22,6호선,응암,19133,18690
2022-06-23,6호선,봉화산,9319,8959
2022-06-23,6호선,화랑대,11877,9338
2022-06-23,6호선,태릉입구,5665,6038
2022-06-23,6호선,석계,12507,13404
2022-06-23,6호선,돌곶이,9489,8702
2022-06-23,6호선,상월곡,7112,6608
2022-06-23,6호선,월곡,11806,11638
2022-06-23,6호선,고려대,8434,8387
2022-06-23,6호선,안암,12147,11754
2022-06-23,6호선,보문,7881,7265
2022-06-23,6호선,창신,3762,3259
2022-06-23,6호선,동묘앞,7670,7926
2022-06-23,6호선,신당,8551,9057
2022-06-23,6호선,청구,3853,4070
2022-06-23,6호선,약수,3769,3814
2022-06-23,6호선,버티고개,2248,2347
2022-06-23,6호선,한강진,8390,9745
2022-06-23,6호선,이태원,10533,11243
2022-06-23,6호선,녹사평,4718,4870
2022-06-23,6호선,삼각지,7888,7091
2022-06-23,6호선,효창공원앞,7517,6960
2022-06-23,6호선,공덕,19764,19443
2022-06-23,6호선,대흥,9078,9524
2022-06-23,6호선,광흥창,9814,9852
2022-06-23,6호선,상수,9253,10540
2022-06-23,6호선,합정,13473,13167
2022-06-23,6호선,망원,14030,14864
2022-06-23,6호선,마포구청,15163,13924
2022-06-23,6호선,월드컵경기장,3890,4046
2022-06-23,6호선,디지털미디어시티,14949,17054
2022-06-23,6호선,증산,10073,10187
2022-06-23,6호선,새절,12735,12095
2022-06-23,6호선,구산,8026,6221
2022-06-23,6호선,연신내,1,0
2022-06-23,6호선,독바위,2848,3178
2022-06-23,6호선,불광,4423,4284
2022-06-23,6호선,역촌,3812,4729
2022-06-23,6호선,응암,17623,17657
2022-06-24,6호선,응암,19265,18713
2022-06-24,6호선,역촌,4042,4638
2022-06-24,6호선,불광,4671,4760
2022-06-24,6호선,독바위,2996,2983
2022-06-24,6호선,연신내,1,0
2022-06-24,6호선,구산,8600,6162
2022-06-24,6호선,새절,13747,12261
2022-06-24,6호선,증산,10739,10385
2022-06-24,6호선,디지털미디어시티,15508,16759
2022-06-24,6호선,월드컵경기장,4578,4935
2022-06-24,6호선,마포구청,15582,13718
2022-06-24,6호선,망원,15497,16920
2022-06-24,6호선,합정,15417,15270
2022-06-24,6호선,상수,9812,12464
2022-06-24,6호선,광흥창,10273,9774
2022-06-24,6호선,대흥,9308,9275
2022-06-24,6호선,공덕,20694,19944
2022-06-24,6호선,효창공원앞,7880,6978
2022-06-24,6호선,삼각지,8325,6999
2022-06-24,6호선,녹사평,5895,6268
2022-06-24,6호선,이태원,13390,18832
2022-06-24,6호선,한강진,9339,11182
2022-06-24,6호선,버티고개,2402,2277
2022-06-24,6호선,약수,4041,4045
2022-06-24,6호선,청구,3850,3935
2022-06-24,6호선,신당,8704,8214
2022-06-24,6호선,동묘앞,8611,8284
2022-06-24,6호선,창신,3811,2986
2022-06-24,6호선,보문,8459,7493
2022-06-24,6호선,안암,12395,11937
2022-06-24,6호선,고려대,8988,8359
2022-06-24,6호선,월곡,12644,12160
2022-06-24,6호선,상월곡,6791,5870
2022-06-24,6호선,돌곶이,10362,8982
2022-06-24,6호선,석계,13071,13491
2022-06-24,6호선,태릉입구,5991,6460
2022-06-24,6호선,화랑대,12426,9514
2022-06-24,6호선,봉화산,9666,8961
2022-06-25,6호선,돌곶이,6743,5968
2022-06-25,6호선,응암,13815,13298
2022-06-25,6호선,역촌,2914,3342
2022-06-25,6호선,불광,4267,3767
2022-06-25,6호선,독바위,2267,2471
2022-06-25,6호선,연신내,1,0
2022-06-25,6호선,구산,6029,4410
2022-06-25,6호선,새절,9693,8804
2022-06-25,6호선,증산,8061,7705
2022-06-25,6호선,디지털미디어시티,8378,8475
2022-06-25,6호선,월드컵경기장,8251,8617
2022-06-25,6호선,마포구청,10337,8785
2022-06-25,6호선,망원,13381,14725
2022-06-25,6호선,합정,14115,13714
2022-06-25,6호선,상수,9260,12058
2022-06-25,6호선,광흥창,5892,5394
2022-06-25,6호선,대흥,6135,6152
2022-06-25,6호선,공덕,11315,10677
2022-06-25,6호선,효창공원앞,5307,4469
2022-06-25,6호선,삼각지,7882,6166
2022-06-25,6호선,녹사평,6097,6830
2022-06-25,6호선,이태원,16459,20893
2022-06-25,6호선,한강진,8691,11402
2022-06-25,6호선,버티고개,1698,1687
2022-06-25,6호선,약수,2684,2841
2022-06-25,6호선,청구,2392,2411
2022-06-25,6호선,신당,5790,5243
2022-06-25,6호선,동묘앞,8009,7737
2022-06-25,6호선,창신,2341,1848
2022-06-25,6호선,보문,5693,4933
2022-06-25,6호선,안암,7044,6660
2022-06-25,6호선,고려대,5992,5518
2022-06-25,6호선,월곡,8168,7530
2022-06-25,6호선,상월곡,4526,3724
2022-06-25,6호선,석계,9595,9501
2022-06-25,6호선,태릉입구,4661,4920
2022-06-25,6호선,화랑대,7428,6030
2022-06-25,6호선,봉화산,5867,5735
2022-06-25,6호선,신내,1,0
2022-06-26,6호선,응암,9359,9324
2022-06-26,6호선,역촌,2086,2423
2022-06-26,6호선,불광,2931,2671
2022-06-26,6호선,독바위,1594,1822
2022-06-26,6호선,구산,4138,3089
2022-06-26,6호선,새절,6522,6295
2022-06-26,6호선,증산,5548,5547
2022-06-26,6호선,디지털미디어시티,5488,5930
2022-06-26,6호선,월드컵경기장,2964,3058
2022-06-26,6호선,마포구청,7103,6556
2022-06-26,6호선,망원,8787,9430
2022-06-26,6호선,합정,9318,8694
2022-06-26,6호선,상수,6543,7451
2022-06-26,6호선,광흥창,4243,4146
2022-06-26,6호선,대흥,3983,4157
2022-06-26,6호선,공덕,7085,6542
2022-06-26,6호선,효창공원앞,3496,3185
2022-06-26,6호선,삼각지,4849,3786
2022-06-26,6호선,녹사평,3963,3809
2022-06-26,6호선,이태원,12644,10241
2022-06-26,6호선,한강진,6820,7916
2022-06-26,6호선,버티고개,1087,1165
2022-06-26,6호선,약수,1702,1758
2022-06-26,6호선,청구,1635,1570
2022-06-26,6호선,신당,3587,4303
2022-06-26,6호선,동묘앞,5771,5609
2022-06-26,6호선,창신,1670,1559
2022-06-26,6호선,보문,4104,3979
2022-06-26,6호선,안암,4761,5289
2022-06-26,6호선,고려대,4191,3906
2022-06-26,6호선,월곡,5291,5332
2022-06-26,6호선,상월곡,3352,2921
2022-06-26,6호선,돌곶이,5599,5386
2022-06-26,6호선,석계,6795,6860
2022-06-26,6호선,태릉입구,3257,3490
2022-06-26,6호선,화랑대,5144,4258
2022-06-26,6호선,봉화산,3988,3880
2022-06-27,6호선,봉화산,9238,8680
2022-06-27,6호선,화랑대,11804,8982
2022-06-27,6호선,태릉입구,5453,5949
2022-06-27,6호선,석계,12219,12865
2022-06-27,6호선,돌곶이,9659,8839
2022-06-27,6호선,상월곡,6431,5886
2022-06-27,6호선,월곡,12090,11800
2022-06-27,6호선,고려대,8445,8158
2022-06-27,6호선,안암,11784,11869
2022-06-27,6호선,보문,7891,7181
2022-06-27,6호선,창신,3822,3125
2022-06-27,6호선,동묘앞,7581,7900
2022-06-27,6호선,신당,8097,8767
2022-06-27,6호선,청구,3657,3896
2022-06-27,6호선,약수,3839,3860
2022-06-27,6호선,버티고개,2151,2178
2022-06-27,6호선,한강진,6875,7946
2022-06-27,6호선,이태원,10165,10407
2022-06-27,6호선,녹사평,4602,4492
2022-06-27,6호선,삼각지,6607,5937
2022-06-27,6호선,효창공원앞,7336,6538
2022-06-27,6호선,공덕,19089,18359
2022-06-27,6호선,대흥,8710,8992
2022-06-27,6호선,광흥창,9950,9561
2022-06-27,6호선,상수,7688,8717
2022-06-27,6호선,합정,12822,12645
2022-06-27,6호선,망원,13206,14099
2022-06-27,6호선,마포구청,14882,13381
2022-06-27,6호선,월드컵경기장,4102,4314
2022-06-27,6호선,디지털미디어시티,15263,16948
2022-06-27,6호선,증산,10136,10038
2022-06-27,6호선,새절,13007,12050
2022-06-27,6호선,구산,8033,6068
2022-06-27,6호선,독바위,2834,2954
2022-06-27,6호선,불광,4069,4307
2022-06-27,6호선,역촌,3924,4480
2022-06-27,6호선,응암,18011,17813
2022-06-28,6호선,응암,17923,17911
2022-06-28,6호선,역촌,3820,4505
2022-06-28,6호선,불광,4265,4416
2022-06-28,6호선,독바위,2923,3049
2022-06-28,6호선,구산,8078,5967
2022-06-28,6호선,새절,13014,11883
2022-06-28,6호선,증산,10122,10077
2022-06-28,6호선,디지털미디어시티,15334,17203
2022-06-28,6호선,월드컵경기장,3990,4220
2022-06-28,6호선,마포구청,15063,13422
2022-06-28,6호선,망원,13565,14629
2022-06-28,6호선,합정,13062,13099
2022-06-28,6호선,상수,8912,9995
2022-06-28,6호선,광흥창,9776,9571
2022-06-28,6호선,대흥,9100,9411
2022-06-28,6호선,공덕,19726,19056
2022-06-28,6호선,효창공원앞,7444,6666
2022-06-28,6호선,삼각지,8380,6809
2022-06-28,6호선,녹사평,4757,4691
2022-06-28,6호선,이태원,10250,10649
2022-06-28,6호선,한강진,8305,9525
2022-06-28,6호선,버티고개,2159,2186
2022-06-28,6호선,약수,3804,3840
2022-06-28,6호선,청구,3787,3949
2022-06-28,6호선,신당,7957,8564
2022-06-28,6호선,동묘앞,7683,7874
2022-06-28,6호선,창신,3835,3197
2022-06-28,6호선,보문,7852,7239
2022-06-28,6호선,안암,11563,11541
2022-06-28,6호선,고려대,8550,8465
2022-06-28,6호선,월곡,11902,11534
2022-06-28,6호선,상월곡,6521,6106
2022-06-28,6호선,돌곶이,9553,8781
2022-06-28,6호선,석계,12307,13021
2022-06-28,6호선,태릉입구,5653,6075
2022-06-28,6호선,화랑대,11878,9185
2022-06-28,6호선,봉화산,9434,8868
2022-06-29,6호선,응암,18158,18090
2022-06-29,6호선,역촌,4011,4559
2022-06-29,6호선,불광,4755,4733
2022-06-29,6호선,독바위,2801,3014
2022-06-29,6호선,연신내,2,0
2022-06-29,6호선,구산,8060,6042
2022-06-29,6호선,새절,13095,12253
2022-06-29,6호선,증산,10210,10378
2022-06-29,6호선,디지털미디어시티,14984,17090
2022-06-29,6호선,월드컵경기장,4166,4350
2022-06-29,6호선,마포구청,15123,13730
2022-06-29,6호선,망원,13907,14701
2022-06-29,6호선,합정,13471,13387
2022-06-29,6호선,상수,9145,10149
2022-06-29,6호선,광흥창,9939,9733
2022-06-29,6호선,대흥,9044,9273
2022-06-29,6호선,공덕,20050,19362
2022-06-29,6호선,효창공원앞,7549,6783
2022-06-29,6호선,삼각지,7599,6660
2022-06-29,6호선,녹사평,4912,4897
2022-06-29,6호선,이태원,10316,10791
2022-06-29,6호선,한강진,8442,9841
2022-06-29,6호선,버티고개,2184,2200
2022-06-29,6호선,약수,3633,3698
2022-06-29,6호선,청구,3866,4149
2022-06-29,6호선,신당,8284,8694
2022-06-29,6호선,동묘앞,7617,7933
2022-06-29,6호선,창신,3820,3301
2022-06-29,6호선,보문,7867,7158
2022-06-29,6호선,안암,11490,11262
2022-06-29,6호선,고려대,8587,8510
2022-06-29,6호선,월곡,11986,11835
2022-06-29,6호선,상월곡,6437,5921
2022-06-29,6호선,돌곶이,9779,9059
2022-06-29,6호선,석계,12510,13089
2022-06-29,6호선,태릉입구,5749,6150
2022-06-29,6호선,화랑대,11790,9131
2022-06-29,6호선,봉화산,9483,8907
2022-06-29,6호선,신내,1,0
2022-06-30,6호선,신내,1,0
2022-06-30,6호선,봉화산,9388,8997
2022-06-30,6호선,화랑대,12020,9496
2022-06-30,6호선,태릉입구,5698,6098
2022-06-30,6호선,석계,12705,13253
2022-06-30,6호선,돌곶이,9876,9086
2022-06-30,6호선,상월곡,7098,6579
2022-06-30,6호선,월곡,12001,12045
2022-06-30,6호선,고려대,8764,8732
2022-06-30,6호선,안암,11378,11194
2022-06-30,6호선,보문,7891,7465
2022-06-30,6호선,창신,3931,3294
2022-06-30,6호선,동묘앞,7499,7784
2022-06-30,6호선,신당,8556,9058
2022-06-30,6호선,청구,3762,3994
2022-06-30,6호선,약수,3818,3802
2022-06-30,6호선,버티고개,2331,2228
2022-06-30,6호선,한강진,8111,9287
2022-06-30,6호선,이태원,10249,11184
2022-06-30,6호선,녹사평,4785,4771
2022-06-30,6호선,삼각지,7891,6774
2022-06-30,6호선,효창공원앞,7136,6503
2022-06-30,6호선,공덕,19346,18751
2022-06-30,6호선,대흥,9062,9351
2022-06-30,6호선,광흥창,9787,9527
2022-06-30,6호선,상수,9003,10162
2022-06-30,6호선,합정,13210,12815
2022-06-30,6호선,망원,13661,14357
2022-06-30,6호선,마포구청,14855,13396
2022-06-30,6호선,월드컵경기장,3535,3805
2022-06-30,6호선,디지털미디어시티,14646,16851
2022-06-30,6호선,증산,10044,10051
2022-06-30,6호선,새절,12657,11873
2022-06-30,6호선,구산,7976,5978
2022-06-30,6호선,독바위,2852,2901
2022-06-30,6호선,불광,4250,4290
2022-06-30,6호선,역촌,3945,4565
2022-06-30,6호선,응암,17328,17332
2022-07-01,6호선,응암,19043,18702
2022-07-01,6호선,역촌,4125,4673
2022-07-01,6호선,불광,4982,4901
2022-07-01,6호선,독바위,3042,2992
2022-07-01,6호선,구산,8584,6202
2022-07-01,6호선,새절,13859,12331
2022-07-01,6호선,증산,10781,10382
2022-07-01,6호선,디지털미디어시티,15154,16719
2022-07-01,6호선,월드컵경기장,4861,5148
2022-07-01,6호선,마포구청,15596,13800
2022-07-01,6호선,망원,15472,16616
2022-07-01,6호선,합정,15245,15235
2022-07-01,6호선,상수,9962,12185
2022-07-01,6호선,광흥창,10396,9724
2022-07-01,6호선,대흥,9548,9400
2022-07-01,6호선,공덕,20350,19657
2022-07-01,6호선,효창공원앞,7856,6964
2022-07-01,6호선,삼각지,8454,7060
2022-07-01,6호선,녹사평,5700,6141
2022-07-01,6호선,이태원,13222,18188
2022-07-01,6호선,한강진,9120,11069
2022-07-01,6호선,버티고개,2315,2307
2022-07-01,6호선,약수,4031,4235
2022-07-01,6호선,청구,4009,4048
2022-07-01,6호선,신당,9043,8641
2022-07-01,6호선,동묘앞,9015,8709
2022-07-01,6호선,창신,3950,3135
2022-07-01,6호선,보문,8931,7760
2022-07-01,6호선,안암,11825,11405
2022-07-01,6호선,고려대,9219,8418
2022-07-01,6호선,월곡,12828,12416
2022-07-01,6호선,상월곡,6853,5964
2022-07-01,6호선,돌곶이,10047,8985
2022-07-01,6호선,석계,13189,13580
2022-07-01,6호선,태릉입구,6072,6501
2022-07-01,6호선,화랑대,12538,9507
2022-07-01,6호선,봉화산,9792,9007
2022-07-01,6호선,신내,2,0
2022-07-02,6호선,응암,13262,12972
2022-07-02,6호선,역촌,2866,3210
2022-07-02,6호선,불광,4127,3744
2022-07-02,6호선,독바위,2256,2468
2022-07-02,6호선,연신내,1,0
2022-07-02,6호선,구산,5719,4290
2022-07-02,6호선,새절,9161,8515
2022-07-02,6호선,증산,7795,7494
2022-07-02,6호선,디지털미디어시티,7871,8119
2022-07-02,6호선,월드컵경기장,4625,4874
2022-07-02,6호선,마포구청,9856,8516
2022-07-02,6호선,망원,13218,14464
2022-07-02,6호선,합정,13379,13218
2022-07-02,6호선,상수,8776,11238
2022-07-02,6호선,광흥창,5741,5288
2022-07-02,6호선,대흥,5917,6087
2022-07-02,6호선,공덕,11282,10549
2022-07-02,6호선,효창공원앞,5207,4427
2022-07-02,6호선,삼각지,9757,5309
2022-07-02,6호선,녹사평,6340,6831
2022-07-02,6호선,이태원,16805,21962
2022-07-02,6호선,한강진,9961,12453
2022-07-02,6호선,버티고개,1644,1600
2022-07-02,6호선,약수,2697,2712
2022-07-02,6호선,봉화산,5820,5786
2022-07-02,6호선,화랑대,7098,5791
2022-07-02,6호선,태릉입구,4490,4649
2022-07-02,6호선,석계,9075,8953
2022-07-02,6호선,돌곶이,6491,5781
2022-07-02,6호선,상월곡,4259,3663
2022-07-02,6호선,월곡,7710,7338
2022-07-02,6호선,고려대,5731,5392
2022-07-02,6호선,안암,7137,6864
2022-07-02,6호선,보문,5429,4895
2022-07-02,6호선,창신,2398,2048
2022-07-02,6호선,동묘앞,8094,7867
2022-07-02,6호선,신당,5183,4896
2022-07-02,6호선,청구,2403,2353
2022-07-03,6호선,증산,5805,5847
2022-07-03,6호선,디지털미디어시티,5609,5860
2022-07-03,6호선,월드컵경기장,3896,4044
2022-07-03,6호선,응암,9523,9761
2022-07-03,6호선,역촌,2130,2385
2022-07-03,6호선,불광,3215,2958
2022-07-03,6호선,독바위,1731,1987
2022-07-03,6호선,구산,4014,3069
2022-07-03,6호선,새절,6708,6447
2022-07-03,6호선,마포구청,7177,6596
2022-07-03,6호선,망원,9393,10196
2022-07-03,6호선,합정,9739,8872
2022-07-03,6호선,상수,6618,7638
2022-07-03,6호선,광흥창,4370,4200
2022-07-03,6호선,대흥,4093,4321
2022-07-03,6호선,공덕,7269,6845
2022-07-03,6호선,효창공원앞,3466,3036
2022-07-03,6호선,삼각지,4219,3229
2022-07-03,6호선,녹사평,4140,3993
2022-07-03,6호선,이태원,13327,11032
2022-07-03,6호선,한강진,6652,7601
2022-07-03,6호선,버티고개,1114,1150
2022-07-03,6호선,약수,1783,1796
2022-07-03,6호선,청구,1628,1621
2022-07-03,6호선,신당,3659,4448
2022-07-03,6호선,동묘앞,5813,5871
2022-07-03,6호선,창신,1689,1614
2022-07-03,6호선,보문,4197,3914
2022-07-03,6호선,안암,5114,5422
2022-07-03,6호선,고려대,4155,4144
2022-07-03,6호선,월곡,5443,5544
2022-07-03,6호선,상월곡,3375,3048
2022-07-03,6호선,돌곶이,5705,5310
2022-07-03,6호선,석계,6685,6755
2022-07-03,6호선,태릉입구,3195,3426
2022-07-03,6호선,화랑대,5081,4542
2022-07-03,6호선,봉화산,4152,4136
2022-07-03,6호선,신내,1,0
2022-07-04,6호선,응암,18063,18067
2022-07-04,6호선,역촌,3990,4631
2022-07-04,6호선,불광,4637,4637
2022-07-04,6호선,독바위,2915,3042
2022-07-04,6호선,구산,8341,6256
2022-07-04,6호선,새절,13127,12129
2022-07-04,6호선,증산,10248,10187
2022-07-04,6호선,디지털미디어시티,15213,16945
2022-07-04,6호선,월드컵경기장,4595,4874
2022-07-04,6호선,마포구청,15018,13555
2022-07-04,6호선,망원,13881,14956
2022-07-04,6호선,합정,13185,13007
2022-07-04,6호선,상수,8623,9566
2022-07-04,6호선,광흥창,9989,9546
2022-07-04,6호선,대흥,9020,9213
2022-07-04,6호선,공덕,19774,19097
2022-07-04,6호선,효창공원앞,7349,6692
2022-07-04,6호선,삼각지,6789,5986
2022-07-04,6호선,녹사평,4643,4643
2022-07-04,6호선,이태원,9906,10135
2022-07-04,6호선,한강진,7044,8092
2022-07-04,6호선,버티고개,2247,2274
2022-07-04,6호선,약수,3838,3830
2022-07-04,6호선,청구,3761,3908
2022-07-04,6호선,신당,8223,8782
2022-07-04,6호선,동묘앞,8197,8464
2022-07-04,6호선,창신,3844,3200
2022-07-04,6호선,보문,8137,7266
2022-07-04,6호선,안암,11625,11624
2022-07-04,6호선,고려대,8661,8412
2022-07-04,6호선,월곡,12338,12168
2022-07-04,6호선,상월곡,6503,5828
2022-07-04,6호선,돌곶이,9940,9228
2022-07-04,6호선,석계,12659,13409
2022-07-04,6호선,태릉입구,5720,6137
2022-07-04,6호선,화랑대,12428,9571
2022-07-04,6호선,봉화산,9583,9089
2022-07-05,6호선,응암,18641,18381
2022-07-05,6호선,역촌,4092,4735
2022-07-05,6호선,불광,4607,4657
2022-07-05,6호선,독바위,2948,3051
2022-07-05,6호선,구산,8441,6354
2022-07-05,6호선,새절,13433,12581
2022-07-05,6호선,증산,10563,10532
2022-07-05,6호선,디지털미디어시티,15640,17765
2022-07-05,6호선,월드컵경기장,4617,4882
2022-07-05,6호선,마포구청,15864,14240
2022-07-05,6호선,망원,14136,14923
2022-07-05,6호선,합정,13915,13620
2022-07-05,6호선,상수,9045,10128
2022-07-05,6호선,광흥창,10160,9840
2022-07-05,6호선,대흥,9135,9404
2022-07-05,6호선,공덕,20113,19431
2022-07-05,6호선,효창공원앞,7512,6720
2022-07-05,6호선,삼각지,7986,7007
2022-07-05,6호선,녹사평,5021,4842
2022-07-05,6호선,이태원,10296,10549
2022-07-05,6호선,한강진,8048,9243
2022-07-05,6호선,버티고개,2360,2350
2022-07-05,6호선,약수,3846,3835
2022-07-05,6호선,청구,3797,3985
2022-07-05,6호선,신당,8171,8758
2022-07-05,6호선,동묘앞,8043,8271
2022-07-05,6호선,창신,3852,3145
2022-07-05,6호선,보문,8131,7328
2022-07-05,6호선,안암,11639,11598
2022-07-05,6호선,고려대,8730,8481
2022-07-05,6호선,월곡,12494,12154
2022-07-05,6호선,상월곡,6629,5842
2022-07-05,6호선,돌곶이,9800,9111
2022-07-05,6호선,석계,12952,13436
2022-07-05,6호선,태릉입구,5671,6075
2022-07-05,6호선,화랑대,12506,9742
2022-07-05,6호선,봉화산,9625,9230
2022-07-06,6호선,봉화산,9481,8941
2022-07-06,6호선,화랑대,12566,9841
2022-07-06,6호선,태릉입구,5825,6180
2022-07-06,6호선,석계,13120,13656
2022-07-06,6호선,돌곶이,10001,9267
2022-07-06,6호선,상월곡,6591,6009
2022-07-06,6호선,월곡,12404,12335
2022-07-06,6호선,고려대,8865,8766
2022-07-06,6호선,안암,11866,11857
2022-07-06,6호선,보문,8201,7569
2022-07-06,6호선,창신,3874,3174
2022-07-06,6호선,동묘앞,8111,8405
2022-07-06,6호선,신당,8603,9098
2022-07-06,6호선,청구,3834,4073
2022-07-06,6호선,약수,3836,3841
2022-07-06,6호선,버티고개,2268,2285
2022-07-06,6호선,한강진,8717,9829
2022-07-06,6호선,이태원,10618,11120
2022-07-06,6호선,녹사평,5119,5077
2022-07-06,6호선,삼각지,7690,6950
2022-07-06,6호선,효창공원앞,7622,6949
2022-07-06,6호선,공덕,20357,19634
2022-07-06,6호선,대흥,9350,9643
2022-07-06,6호선,광흥창,10326,10058
2022-07-06,6호선,상수,9470,10246
2022-07-06,6호선,합정,14298,14155
2022-07-06,6호선,망원,14521,15312
2022-07-06,6호선,마포구청,15637,14348
2022-07-06,6호선,월드컵경기장,9107,9182
2022-07-06,6호선,디지털미디어시티,15744,17735
2022-07-06,6호선,증산,10738,10816
2022-07-06,6호선,새절,13671,12645
2022-07-06,6호선,구산,8397,6413
2022-07-06,6호선,연신내,1,0
2022-07-06,6호선,독바위,3016,3233
2022-07-06,6호선,불광,5184,5052
2022-07-06,6호선,역촌,4221,4747
2022-07-06,6호선,응암,18594,18615
2022-07-07,6호선,신내,1,0
2022-07-07,6호선,봉화산,9555,9143
2022-07-07,6호선,화랑대,12280,9505
2022-07-07,6호선,태릉입구,5764,6215
2022-07-07,6호선,증산,10216,10203
2022-07-07,6호선,새절,13165,12158
2022-07-07,6호선,구산,8165,6189
2022-07-07,6호선,연신내,2,0
2022-07-07,6호선,독바위,2870,3059
2022-07-07,6호선,불광,4661,4694
2022-07-07,6호선,역촌,4021,4416
2022-07-07,6호선,응암,18046,17905
2022-07-07,6호선,디지털미디어시티,15369,17116
2022-07-07,6호선,월드컵경기장,4251,4626
2022-07-07,6호선,마포구청,15224,13718
2022-07-07,6호선,망원,14169,15055
2022-07-07,6호선,합정,13828,13517
2022-07-07,6호선,상수,8846,10324
2022-07-07,6호선,광흥창,9960,9600
2022-07-07,6호선,대흥,9171,9350
2022-07-07,6호선,공덕,19934,19241
2022-07-07,6호선,효창공원앞,7507,6792
2022-07-07,6호선,삼각지,7221,6456
2022-07-07,6호선,녹사평,4910,4918
2022-07-07,6호선,이태원,10439,11314
2022-07-07,6호선,한강진,8209,9273
2022-07-07,6호선,버티고개,2215,2239
2022-07-07,6호선,약수,3840,3905
2022-07-07,6호선,청구,3797,3987
2022-07-07,6호선,신당,8334,8764
2022-07-07,6호선,동묘앞,7882,8154
2022-07-07,6호선,창신,3817,3147
2022-07-07,6호선,보문,8113,7266
2022-07-07,6호선,안암,11321,11232
2022-07-07,6호선,고려대,8751,8535
2022-07-07,6호선,월곡,12166,11728
2022-07-07,6호선,상월곡,7067,6493
2022-07-07,6호선,돌곶이,9755,9097
2022-07-07,6호선,석계,12586,13196
2022-07-08,6호선,봉화산,9470,8956
2022-07-08,6호선,화랑대,12350,9294
2022-07-08,6호선,태릉입구,5994,6372
2022-07-08,6호선,석계,13094,13378
2022-07-08,6호선,돌곶이,9863,8841
2022-07-08,6호선,상월곡,6630,5840
2022-07-08,6호선,월곡,12387,11909
2022-07-08,6호선,고려대,8859,8524
2022-07-08,6호선,안암,11514,11026
2022-07-08,6호선,보문,8529,7452
2022-07-08,6호선,창신,3825,3026
2022-07-08,6호선,동묘앞,8425,8198
2022-07-08,6호선,신당,8385,8058
2022-07-08,6호선,청구,3941,4032
2022-07-08,6호선,약수,3955,3982
2022-07-08,6호선,버티고개,2277,2170
2022-07-08,6호선,한강진,8555,10211
2022-07-08,6호선,이태원,12770,17658
2022-07-08,6호선,녹사평,5666,5989
2022-07-08,6호선,삼각지,7733,6513
2022-07-08,6호선,효창공원앞,7660,6774
2022-07-08,6호선,공덕,20548,19794
2022-07-08,6호선,대흥,9353,9367
2022-07-08,6호선,광흥창,9904,9504
2022-07-08,6호선,상수,9906,12041
2022-07-08,6호선,합정,14901,15081
2022-07-08,6호선,망원,14853,16080
2022-07-08,6호선,마포구청,15307,13481
2022-07-08,6호선,월드컵경기장,4792,5031
2022-07-08,6호선,디지털미디어시티,15081,16664
2022-07-08,6호선,증산,10671,10319
2022-07-08,6호선,새절,13500,12292
2022-07-08,6호선,구산,8509,6368
2022-07-08,6호선,독바위,2996,3014
2022-07-08,6호선,불광,4689,4703
2022-07-08,6호선,역촌,4097,4481
2022-07-08,6호선,응암,18690,18111
2022-07-09,6호선,봉화산,5781,5548
2022-07-09,6호선,화랑대,7141,5910
2022-07-09,6호선,태릉입구,4375,4477
2022-07-09,6호선,석계,8944,8852
2022-07-09,6호선,돌곶이,6350,5874
2022-07-09,6호선,상월곡,4312,3653
2022-07-09,6호선,월곡,7657,7198
2022-07-09,6호선,고려대,5628,5349
2022-07-09,6호선,안암,6784,6365
2022-07-09,6호선,보문,5281,4681
2022-07-09,6호선,창신,2221,1807
2022-07-09,6호선,동묘앞,7654,7337
2022-07-09,6호선,신당,4882,4620
2022-07-09,6호선,청구,2420,2373
2022-07-09,6호선,약수,2621,2618
2022-07-09,6호선,버티고개,1567,1673
2022-07-09,6호선,한강진,9321,11488
2022-07-09,6호선,이태원,15191,20343
2022-07-09,6호선,녹사평,5370,6040
2022-07-09,6호선,삼각지,6011,4466
2022-07-09,6호선,효창공원앞,4892,4073
2022-07-09,6호선,공덕,10961,10376
2022-07-09,6호선,대흥,5918,6001
2022-07-09,6호선,광흥창,5471,4983
2022-07-09,6호선,상수,9143,11479
2022-07-09,6호선,합정,13286,12966
2022-07-09,6호선,망원,12650,13668
2022-07-09,6호선,마포구청,9723,8345
2022-07-09,6호선,월드컵경기장,4742,4967
2022-07-09,6호선,디지털미디어시티,8173,8025
2022-07-09,6호선,증산,7810,7339
2022-07-09,6호선,새절,9161,8409
2022-07-09,6호선,구산,5983,4428
2022-07-09,6호선,연신내,1,0
2022-07-09,6호선,독바위,2176,2248
2022-07-09,6호선,불광,4144,3707
2022-07-09,6호선,역촌,2765,2927
2022-07-09,6호선,응암,13321,12884
2022-07-10,6호선,봉화산,3977,4035
2022-07-10,6호선,화랑대,5168,4544
2022-07-10,6호선,태릉입구,3140,3510
2022-07-10,6호선,석계,6552,6912
2022-07-10,6호선,돌곶이,5725,5369
2022-07-10,6호선,상월곡,3284,3003
2022-07-10,6호선,월곡,5304,5264
2022-07-10,6호선,고려대,4136,4047
2022-07-10,6호선,안암,4900,5246
2022-07-10,6호선,보문,4067,3933
2022-07-10,6호선,창신,1623,1519
2022-07-10,6호선,동묘앞,5608,5807
2022-07-10,6호선,신당,3439,4157
2022-07-10,6호선,청구,1632,1536
2022-07-10,6호선,약수,1751,1757
2022-07-10,6호선,버티고개,1042,1148
2022-07-10,6호선,한강진,6749,7464
2022-07-10,6호선,이태원,13710,11372
2022-07-10,6호선,녹사평,3939,3756
2022-07-10,6호선,삼각지,4260,3132
2022-07-10,6호선,효창공원앞,3455,3103
2022-07-10,6호선,공덕,6797,6392
2022-07-10,6호선,대흥,4010,4173
2022-07-10,6호선,광흥창,4338,4208
2022-07-10,6호선,상수,6755,7814
2022-07-10,6호선,합정,9991,9042
2022-07-10,6호선,망원,9203,9952
2022-07-10,6호선,마포구청,6969,6395
2022-07-10,6호선,월드컵경기장,3277,3486
2022-07-10,6호선,디지털미디어시티,5381,5773
2022-07-10,6호선,증산,5638,5664
2022-07-10,6호선,새절,6550,6304
2022-07-10,6호선,구산,3975,3228
2022-07-10,6호선,독바위,1569,1857
2022-07-10,6호선,불광,3318,2994
2022-07-10,6호선,역촌,2116,2145
2022-07-10,6호선,응암,9481,9566
2022-07-11,6호선,봉화산,9317,8783
2022-07-11,6호선,화랑대,12106,9453
2022-07-11,6호선,태릉입구,5566,6021
2022-07-11,6호선,석계,12338,13006
2022-07-11,6호선,돌곶이,9708,8910
2022-07-11,6호선,상월곡,6348,5681
2022-07-11,6호선,월곡,11937,11811
2022-07-11,6호선,고려대,8502,8360
2022-07-11,6호선,안암,11308,11406
2022-07-11,6호선,보문,7749,7066
2022-07-11,6호선,창신,3793,3063
2022-07-11,6호선,동묘앞,7837,8196
2022-07-11,6호선,신당,8007,8728
2022-07-11,6호선,청구,3665,3908
2022-07-11,6호선,약수,3809,3723
2022-07-11,6호선,버티고개,2150,2183
2022-07-11,6호선,한강진,6945,7938
2022-07-11,6호선,이태원,9920,10330
2022-07-11,6호선,녹사평,4527,4504
2022-07-11,6호선,삼각지,6607,5995
2022-07-11,6호선,효창공원앞,7128,6441
2022-07-11,6호선,공덕,19577,18806
2022-07-11,6호선,대흥,8795,9187
2022-07-11,6호선,광흥창,9704,9401
2022-07-11,6호선,상수,8271,9191
2022-07-11,6호선,합정,13021,12848
2022-07-11,6호선,망원,13538,14382
2022-07-11,6호선,마포구청,14720,13373
2022-07-11,6호선,월드컵경기장,5814,6071
2022-07-11,6호선,디지털미디어시티,15310,16994
2022-07-11,6호선,증산,10216,10227
2022-07-11,6호선,새절,13028,12086
2022-07-11,6호선,구산,8569,6411
2022-07-11,6호선,연신내,1,0
2022-07-11,6호선,독바위,2932,3060
2022-07-11,6호선,불광,4425,4539
2022-07-11,6호선,역촌,3972,4341
2022-07-11,6호선,응암,18186,18093
2022-07-12,6호선,봉화산,9567,9032
2022-07-12,6호선,화랑대,12410,9609
2022-07-12,6호선,태릉입구,5841,6314
2022-07-12,6호선,석계,12953,13289
2022-07-12,6호선,돌곶이,9765,9038
2022-07-12,6호선,상월곡,6631,5971
2022-07-12,6호선,월곡,12417,12255
2022-07-12,6호선,고려대,8612,8367
2022-07-12,6호선,안암,11365,11391
2022-07-12,6호선,보문,8093,7248
2022-07-12,6호선,창신,3879,3092
2022-07-12,6호선,동묘앞,8159,8407
2022-07-12,6호선,신당,8425,8970
2022-07-12,6호선,청구,3803,4030
2022-07-12,6호선,약수,3936,3909
2022-07-12,6호선,버티고개,2235,2304
2022-07-12,6호선,한강진,8404,9674
2022-07-12,6호선,이태원,10381,10689
2022-07-12,6호선,녹사평,4915,4935
2022-07-12,6호선,삼각지,7879,6736
2022-07-12,6호선,효창공원앞,7557,6811
2022-07-12,6호선,공덕,20083,19313
2022-07-12,6호선,대흥,9022,9255
2022-07-12,6호선,광흥창,9938,9640
2022-07-12,6호선,상수,8873,9935
2022-07-12,6호선,합정,13744,13559
2022-07-12,6호선,망원,14577,15499
2022-07-12,6호선,마포구청,15161,13797
2022-07-12,6호선,월드컵경기장,5241,5401
2022-07-12,6호선,디지털미디어시티,15537,17584
2022-07-12,6호선,증산,10317,10306
2022-07-12,6호선,새절,13342,12153
2022-07-12,6호선,구산,8405,6392
2022-07-12,6호선,독바위,2982,3108
2022-07-12,6호선,불광,4645,4699
2022-07-12,6호선,역촌,4055,4400
2022-07-12,6호선,응암,18464,18133
2022-07-13,6호선,응암,17304,17220
2022-07-13,6호선,역촌,3906,4523
2022-07-13,6호선,불광,4434,4268
2022-07-13,6호선,독바위,2797,2997
2022-07-13,6호선,연신내,3,0
2022-07-13,6호선,구산,8021,6235
2022-07-13,6호선,새절,12633,11714
2022-07-13,6호선,증산,10094,9930
2022-07-13,6호선,디지털미디어시티,20417,17153
2022-07-13,6호선,월드컵경기장,26970,45405
2022-07-13,6호선,마포구청,18292,14401
2022-07-13,6호선,망원,14534,14596
2022-07-13,6호선,합정,15531,16346
2022-07-13,6호선,상수,9175,10004
2022-07-13,6호선,광흥창,9973,9603
2022-07-13,6호선,대흥,8830,9113
2022-07-13,6호선,공덕,19825,19425
2022-07-13,6호선,효창공원앞,7248,6555
2022-07-13,6호선,삼각지,7544,6717
2022-07-13,6호선,녹사평,4627,4692
2022-07-13,6호선,이태원,9425,9900
2022-07-13,6호선,한강진,8299,9378
2022-07-13,6호선,버티고개,2169,2127
2022-07-13,6호선,약수,3744,3794
2022-07-13,6호선,청구,3794,3949
2022-07-13,6호선,신당,8329,8966
2022-07-13,6호선,동묘앞,7288,7520
2022-07-13,6호선,창신,3995,3415
2022-07-13,6호선,보문,7835,7261
2022-07-13,6호선,안암,11351,10993
2022-07-13,6호선,고려대,8584,8431
2022-07-13,6호선,월곡,11879,11758
2022-07-13,6호선,상월곡,6399,5825
2022-07-13,6호선,돌곶이,9313,8730
2022-07-13,6호선,석계,12438,13096
2022-07-13,6호선,태릉입구,5549,5964
2022-07-13,6호선,화랑대,12101,9476
2022-07-13,6호선,봉화산,9143,8624
2022-07-14,6호선,상수,9235,10458
2022-07-14,6호선,응암,18502,18172
2022-07-14,6호선,역촌,4021,4466
2022-07-14,6호선,불광,4794,4684
2022-07-14,6호선,독바위,2937,3037
2022-07-14,6호선,연신내,1,0
2022-07-14,6호선,구산,8395,6244
2022-07-14,6호선,새절,13484,12316
2022-07-14,6호선,증산,10464,10458
2022-07-14,6호선,디지털미디어시티,15372,17206
2022-07-14,6호선,월드컵경기장,4873,5163
2022-07-14,6호선,마포구청,15517,13734
2022-07-14,6호선,망원,14772,15736
2022-07-14,6호선,합정,14009,14071
2022-07-14,6호선,광흥창,10001,9695
2022-07-14,6호선,대흥,9160,9368
2022-07-14,6호선,공덕,20296,19561
2022-07-14,6호선,효창공원앞,7557,6825
2022-07-14,6호선,삼각지,7562,6557
2022-07-14,6호선,녹사평,5238,5228
2022-07-14,6호선,이태원,11285,12090
2022-07-14,6호선,한강진,8477,9870
2022-07-14,6호선,버티고개,2192,2223
2022-07-14,6호선,약수,3951,3938
2022-07-14,6호선,청구,3852,4097
2022-07-14,6호선,신당,8587,9158
2022-07-14,6호선,동묘앞,8224,8519
2022-07-14,6호선,창신,3832,3165
2022-07-14,6호선,보문,8107,7327
2022-07-14,6호선,안암,11767,11473
2022-07-14,6호선,고려대,8907,8701
2022-07-14,6호선,월곡,12536,12252
2022-07-14,6호선,상월곡,7262,6601
2022-07-14,6호선,돌곶이,9924,9046
2022-07-14,6호선,석계,12753,13222
2022-07-14,6호선,태릉입구,5888,6222
2022-07-14,6호선,화랑대,12303,9669
2022-07-14,6호선,봉화산,9712,9272
2022-07-14,6호선,신내,1,0
2022-07-15,6호선,응암,19140,18593
2022-07-15,6호선,역촌,4176,4607
2022-07-15,6호선,불광,5007,4964
2022-07-15,6호선,독바위,3060,3094
2022-07-15,6호선,연신내,1,0
2022-07-15,6호선,구산,8496,6208
2022-07-15,6호선,새절,13633,12278
2022-07-15,6호선,증산,10732,10297
2022-07-15,6호선,디지털미디어시티,15355,16612
2022-07-15,6호선,월드컵경기장,4826,5077
2022-07-15,6호선,마포구청,15848,14034
2022-07-15,6호선,망원,15322,16788
2022-07-15,6호선,합정,15330,15345
2022-07-15,6호선,상수,10115,12522
2022-07-15,6호선,광흥창,10100,9622
2022-07-15,6호선,대흥,9188,9272
2022-07-15,6호선,공덕,20159,19472
2022-07-15,6호선,효창공원앞,7738,6692
2022-07-15,6호선,삼각지,7998,6705
2022-07-15,6호선,녹사평,5741,6155
2022-07-15,6호선,이태원,13274,18233
2022-07-15,6호선,한강진,10308,12337
2022-07-15,6호선,버티고개,2370,2299
2022-07-15,6호선,약수,4033,4172
2022-07-15,6호선,청구,4038,4173
2022-07-15,6호선,신당,8700,8257
2022-07-15,6호선,동묘앞,8445,8422
2022-07-15,6호선,창신,3917,3077
2022-07-15,6호선,보문,8461,7508
2022-07-15,6호선,안암,11327,11113
2022-07-15,6호선,고려대,8896,8476
2022-07-15,6호선,월곡,12727,12378
2022-07-15,6호선,상월곡,6837,5983
2022-07-15,6호선,돌곶이,10071,9030
2022-07-15,6호선,석계,13114,13489
2022-07-15,6호선,태릉입구,6028,6399
2022-07-15,6호선,화랑대,12488,9486
2022-07-15,6호선,봉화산,9724,9087
2022-07-16,6호선,봉화산,5459,5244
2022-07-16,6호선,화랑대,6905,5736
2022-07-16,6호선,태릉입구,4268,4471
2022-07-16,6호선,석계,8796,8722
2022-07-16,6호선,돌곶이,6370,5825
2022-07-16,6호선,상월곡,4231,3634
2022-07-16,6호선,월곡,7399,7074
2022-07-16,6호선,고려대,5559,5165
2022-07-16,6호선,안암,6420,6277
2022-07-16,6호선,보문,5369,4668
2022-07-16,6호선,창신,2208,1842
2022-07-16,6호선,동묘앞,7417,7157
2022-07-16,6호선,신당,5157,4910
2022-07-16,6호선,청구,2577,2425
2022-07-16,6호선,약수,2688,2741
2022-07-16,6호선,버티고개,1495,1559
2022-07-16,6호선,한강진,9808,11945
2022-07-16,6호선,이태원,15452,20938
2022-07-16,6호선,녹사평,5396,6435
2022-07-16,6호선,삼각지,7266,4713
2022-07-16,6호선,효창공원앞,4754,4260
2022-07-16,6호선,공덕,10601,9773
2022-07-16,6호선,대흥,6017,6122
2022-07-16,6호선,광흥창,5465,5009
2022-07-16,6호선,상수,9041,11747
2022-07-16,6호선,합정,13298,12355
2022-07-16,6호선,망원,12256,13587
2022-07-16,6호선,마포구청,9791,8382
2022-07-16,6호선,디지털미디어시티,7969,8021
2022-07-16,6호선,월드컵경기장,7806,8065
2022-07-16,6호선,증산,7582,7127
2022-07-16,6호선,새절,9002,8335
2022-07-16,6호선,구산,5790,4347
2022-07-16,6호선,연신내,1,0
2022-07-16,6호선,독바위,2104,2308
2022-07-16,6호선,불광,3908,3643
2022-07-16,6호선,역촌,2908,3078
2022-07-16,6호선,응암,13180,12860
2022-07-17,6호선,응암,9554,9527
2022-07-17,6호선,역촌,2149,2389
2022-07-17,6호선,불광,3165,2853
2022-07-17,6호선,독바위,1582,1921
2022-07-17,6호선,구산,4112,3068
2022-07-17,6호선,새절,6514,6267
2022-07-17,6호선,증산,5536,5608
2022-07-17,6호선,디지털미디어시티,5525,5885
2022-07-17,6호선,월드컵경기장,3602,3765
2022-07-17,6호선,마포구청,6851,6246
2022-07-17,6호선,망원,9331,10107
2022-07-17,6호선,합정,9768,8957
2022-07-17,6호선,상수,7089,8223
2022-07-17,6호선,광흥창,4345,4172
2022-07-17,6호선,대흥,3985,4215
2022-07-17,6호선,공덕,6782,6442
2022-07-17,6호선,효창공원앞,3525,3016
2022-07-17,6호선,삼각지,4178,3172
2022-07-17,6호선,녹사평,4156,4123
2022-07-17,6호선,이태원,12793,10420
2022-07-17,6호선,한강진,7627,8805
2022-07-17,6호선,버티고개,1033,1116
2022-07-17,6호선,약수,1798,1725
2022-07-17,6호선,청구,1674,1679
2022-07-17,6호선,신당,3640,4269
2022-07-17,6호선,동묘앞,5931,5842
2022-07-17,6호선,창신,1579,1463
2022-07-17,6호선,보문,3982,3746
2022-07-17,6호선,안암,4791,5040
2022-07-17,6호선,고려대,4010,3882
2022-07-17,6호선,월곡,5606,5484
2022-07-17,6호선,상월곡,3292,2965
2022-07-17,6호선,돌곶이,5571,5300
2022-07-17,6호선,석계,6445,6761
2022-07-17,6호선,태릉입구,3239,3406
2022-07-17,6호선,화랑대,4947,4202
2022-07-17,6호선,봉화산,4077,3945
2022-07-17,6호선,신내,1,0
2022-07-18,6호선,응암,18099,17955
2022-07-18,6호선,역촌,3987,4394
2022-07-18,6호선,불광,4114,4352
2022-07-18,6호선,독바위,2893,3004
2022-07-18,6호선,구산,7907,6064
2022-07-18,6호선,새절,12802,11948
2022-07-18,6호선,증산,10303,10042
2022-07-18,6호선,디지털미디어시티,15231,16713
2022-07-18,6호선,월드컵경기장,4081,4300
2022-07-18,6호선,마포구청,14739,13263
2022-07-18,6호선,망원,13408,14449
2022-07-18,6호선,합정,13075,12747
2022-07-18,6호선,상수,8501,9497
2022-07-18,6호선,광흥창,9800,9439
2022-07-18,6호선,대흥,8468,8703
2022-07-18,6호선,공덕,19309,18670
2022-07-18,6호선,효창공원앞,7251,6486
2022-07-18,6호선,삼각지,6527,5692
2022-07-18,6호선,녹사평,4677,4640
2022-07-18,6호선,이태원,9991,10238
2022-07-18,6호선,한강진,6922,8006
2022-07-18,6호선,버티고개,2119,2181
2022-07-18,6호선,약수,3869,3716
2022-07-18,6호선,청구,3764,3965
2022-07-18,6호선,신당,7843,8560
2022-07-18,6호선,동묘앞,7993,8172
2022-07-18,6호선,창신,3553,2731
2022-07-18,6호선,보문,7695,6959
2022-07-18,6호선,안암,11161,11171
2022-07-18,6호선,고려대,8135,7812
2022-07-18,6호선,월곡,12086,11802
2022-07-18,6호선,상월곡,6369,5685
2022-07-18,6호선,돌곶이,9498,8850
2022-07-18,6호선,석계,12209,12936
2022-07-18,6호선,태릉입구,5493,5896
2022-07-18,6호선,화랑대,11922,9345
2022-07-18,6호선,봉화산,9228,8727
2022-07-18,6호선,신내,2,0
2022-07-19,6호선,독바위,3048,3161
2022-07-19,6호선,불광,4515,4641
2022-07-19,6호선,역촌,4006,4324
2022-07-19,6호선,응암,18147,18005
2022-07-19,6호선,망원,14275,15321
2022-07-19,6호선,연신내,1,0
2022-07-19,6호선,구산,8050,6113
2022-07-19,6호선,새절,13088,12062
2022-07-19,6호선,증산,10371,10260
2022-07-19,6호선,디지털미디어시티,15324,17109
2022-07-19,6호선,월드컵경기장,4368,4619
2022-07-19,6호선,마포구청,15199,13626
2022-07-19,6호선,합정,13476,13350
2022-07-19,6호선,상수,8634,9794
2022-07-19,6호선,광흥창,9842,9523
2022-07-19,6호선,대흥,8785,9133
2022-07-19,6호선,공덕,19977,19272
2022-07-19,6호선,효창공원앞,7331,6504
2022-07-19,6호선,삼각지,7801,6643
2022-07-19,6호선,녹사평,4926,4925
2022-07-19,6호선,이태원,10141,10791
2022-07-19,6호선,한강진,8355,9619
2022-07-19,6호선,버티고개,2230,2264
2022-07-19,6호선,약수,3816,3835
2022-07-19,6호선,청구,3918,4040
2022-07-19,6호선,신당,8214,8824
2022-07-19,6호선,동묘앞,8161,8408
2022-07-19,6호선,창신,3539,2817
2022-07-19,6호선,보문,7934,7088
2022-07-19,6호선,안암,11469,11200
2022-07-19,6호선,고려대,8341,8104
2022-07-19,6호선,월곡,12015,11809
2022-07-19,6호선,상월곡,6495,5770
2022-07-19,6호선,돌곶이,9650,9043
2022-07-19,6호선,석계,12555,13196
2022-07-19,6호선,태릉입구,5597,6009
2022-07-19,6호선,화랑대,12166,9410
2022-07-19,6호선,봉화산,9453,8941
2022-07-19,6호선,신내,2,0
2022-07-20,6호선,봉화산,9335,8851
2022-07-20,6호선,화랑대,12038,9332
2022-07-20,6호선,태릉입구,5651,6123
2022-07-20,6호선,석계,12667,13194
2022-07-20,6호선,돌곶이,9744,9093
2022-07-20,6호선,상월곡,6479,5843
2022-07-20,6호선,월곡,12188,11942
2022-07-20,6호선,고려대,8511,8145
2022-07-20,6호선,안암,11220,11098
2022-07-20,6호선,보문,7968,7313
2022-07-20,6호선,창신,3562,2994
2022-07-20,6호선,동묘앞,8171,8439
2022-07-20,6호선,신당,8995,9360
2022-07-20,6호선,청구,4084,4034
2022-07-20,6호선,약수,3910,3916
2022-07-20,6호선,버티고개,2129,2201
2022-07-20,6호선,한강진,9023,9994
2022-07-20,6호선,이태원,10882,11349
2022-07-20,6호선,녹사평,5226,5172
2022-07-20,6호선,삼각지,7996,6699
2022-07-20,6호선,효창공원앞,7401,6620
2022-07-20,6호선,공덕,19898,19335
2022-07-20,6호선,대흥,8774,9037
2022-07-20,6호선,광흥창,9994,9614
2022-07-20,6호선,상수,9064,10082
2022-07-20,6호선,합정,13690,13515
2022-07-20,6호선,망원,14870,15617
2022-07-20,6호선,마포구청,15102,13779
2022-07-20,6호선,월드컵경기장,4725,4904
2022-07-20,6호선,디지털미디어시티,15359,17305
2022-07-20,6호선,증산,10402,10519
2022-07-20,6호선,새절,13133,12286
2022-07-20,6호선,구산,8048,6142
2022-07-20,6호선,연신내,1,0
2022-07-20,6호선,독바위,3024,3074
2022-07-20,6호선,불광,5006,4824
2022-07-20,6호선,역촌,4042,4326
2022-07-20,6호선,응암,18375,18409
2022-07-21,6호선,응암,17923,17574
2022-07-21,6호선,역촌,3934,4326
2022-07-21,6호선,불광,4528,4509
2022-07-21,6호선,독바위,2896,2888
2022-07-21,6호선,연신내,1,0
2022-07-21,6호선,구산,7984,5968
2022-07-21,6호선,새절,12905,11945
2022-07-21,6호선,증산,10116,10016
2022-07-21,6호선,디지털미디어시티,15010,16561
2022-07-21,6호선,월드컵경기장,4336,4541
2022-07-21,6호선,마포구청,14762,13252
2022-07-21,6호선,망원,14265,15504
2022-07-21,6호선,합정,14185,13830
2022-07-21,6호선,상수,8637,10103
2022-07-21,6호선,광흥창,9717,9250
2022-07-21,6호선,대흥,8618,8888
2022-07-21,6호선,공덕,19864,19061
2022-07-21,6호선,효창공원앞,7365,6551
2022-07-21,6호선,삼각지,7499,6379
2022-07-21,6호선,녹사평,5148,5183
2022-07-21,6호선,이태원,10618,11687
2022-07-21,6호선,한강진,8526,9801
2022-07-21,6호선,버티고개,2150,2070
2022-07-21,6호선,약수,3812,3855
2022-07-21,6호선,청구,3922,3934
2022-07-21,6호선,신당,8427,8964
2022-07-21,6호선,동묘앞,7950,8020
2022-07-21,6호선,창신,3578,2833
2022-07-21,6호선,보문,7780,6996
2022-07-21,6호선,안암,10865,11021
2022-07-21,6호선,고려대,8312,7931
2022-07-21,6호선,월곡,11946,11772
2022-07-21,6호선,상월곡,6937,6332
2022-07-21,6호선,돌곶이,9628,8701
2022-07-21,6호선,석계,12436,12814
2022-07-21,6호선,태릉입구,5670,6050
2022-07-21,6호선,화랑대,11785,9042
2022-07-21,6호선,봉화산,9198,8696
2022-07-22,6호선,응암,18157,17687
2022-07-22,6호선,역촌,4065,4284
2022-07-22,6호선,불광,4676,4650
2022-07-22,6호선,독바위,2975,2998
2022-07-22,6호선,연신내,1,0
2022-07-22,6호선,구산,8143,5961
2022-07-22,6호선,새절,13227,11989
2022-07-22,6호선,증산,10291,10216
2022-07-22,6호선,디지털미디어시티,14830,16090
2022-07-22,6호선,월드컵경기장,4619,4864
2022-07-22,6호선,마포구청,15103,13170
2022-07-22,6호선,망원,15013,16121
2022-07-22,6호선,합정,14947,14781
2022-07-22,6호선,상수,9491,11542
2022-07-22,6호선,광흥창,9903,9410
2022-07-22,6호선,대흥,8894,9059
2022-07-22,6호선,공덕,19657,19109
2022-07-22,6호선,효창공원앞,7538,6716
2022-07-22,6호선,삼각지,7873,6387
2022-07-22,6호선,녹사평,5478,5806
2022-07-22,6호선,이태원,12453,16844
2022-07-22,6호선,한강진,8718,10424
2022-07-22,6호선,버티고개,2153,2096
2022-07-22,6호선,약수,3826,3978
2022-07-22,6호선,청구,3896,3994
2022-07-22,6호선,신당,8851,8392
2022-07-22,6호선,동묘앞,8364,8046
2022-07-22,6호선,창신,3534,2773
2022-07-22,6호선,보문,8024,7195
2022-07-22,6호선,안암,11074,10606
2022-07-22,6호선,고려대,8554,8043
2022-07-22,6호선,월곡,12071,11672
2022-07-22,6호선,상월곡,6441,5627
2022-07-22,6호선,돌곶이,9526,8543
2022-07-22,6호선,석계,12657,12866
2022-07-22,6호선,태릉입구,5877,6302
2022-07-22,6호선,화랑대,11849,8884
2022-07-22,6호선,봉화산,9265,8724
2022-07-23,6호선,합정,13451,12491
2022-07-23,6호선,상수,8998,11119
2022-07-23,6호선,광흥창,5331,4954
2022-07-23,6호선,대흥,5987,5970
2022-07-23,6호선,공덕,10188,9675
2022-07-23,6호선,효창공원앞,4750,4080
2022-07-23,6호선,삼각지,6016,4421
2022-07-23,6호선,녹사평,4868,5639
2022-07-23,6호선,이태원,14371,17837
2022-07-23,6호선,한강진,9279,10748
2022-07-23,6호선,버티고개,1447,1570
2022-07-23,6호선,약수,2490,2461
2022-07-23,6호선,청구,2415,2336
2022-07-23,6호선,신당,6611,5994
2022-07-23,6호선,동묘앞,7301,7015
2022-07-23,6호선,창신,2117,1825
2022-07-23,6호선,보문,5147,4654
2022-07-23,6호선,안암,6539,6164
2022-07-23,6호선,고려대,5294,5108
2022-07-23,6호선,월곡,7289,7035
2022-07-23,6호선,상월곡,4146,3568
2022-07-23,6호선,돌곶이,6114,5591
2022-07-23,6호선,석계,8336,8541
2022-07-23,6호선,태릉입구,4264,4364
2022-07-23,6호선,화랑대,6672,5351
2022-07-23,6호선,봉화산,5509,5414
2022-07-23,6호선,망원,12458,13512
2022-07-23,6호선,마포구청,9408,8266
2022-07-23,6호선,월드컵경기장,4755,4748
2022-07-23,6호선,디지털미디어시티,7451,7597
2022-07-23,6호선,증산,7263,7159
2022-07-23,6호선,새절,8774,8243
2022-07-23,6호선,구산,5461,4258
2022-07-23,6호선,독바위,2062,2302
2022-07-23,6호선,불광,3966,3407
2022-07-23,6호선,역촌,2746,2867
2022-07-23,6호선,응암,12725,12321
2022-07-24,6호선,봉화산,3843,3856
2022-07-24,6호선,화랑대,4742,4183
2022-07-24,6호선,태릉입구,3227,3419
2022-07-24,6호선,석계,6160,6432
2022-07-24,6호선,돌곶이,5386,5208
2022-07-24,6호선,상월곡,3125,2876
2022-07-24,6호선,월곡,5266,5176
2022-07-24,6호선,고려대,3993,3868
2022-07-24,6호선,안암,4793,5010
2022-07-24,6호선,보문,3950,3798
2022-07-24,6호선,창신,1628,1447
2022-07-24,6호선,동묘앞,5792,5544
2022-07-24,6호선,신당,4926,5524
2022-07-24,6호선,청구,1702,1599
2022-07-24,6호선,약수,1707,1628
2022-07-24,6호선,버티고개,1048,1122
2022-07-24,6호선,한강진,6964,7700
2022-07-24,6호선,이태원,11272,9804
2022-07-24,6호선,녹사평,3907,3837
2022-07-24,6호선,삼각지,3928,3022
2022-07-24,6호선,효창공원앞,3431,3135
2022-07-24,6호선,공덕,6705,6170
2022-07-24,6호선,대흥,3657,3901
2022-07-24,6호선,광흥창,4232,3984
2022-07-24,6호선,상수,6511,7419
2022-07-24,6호선,합정,9989,8985
2022-07-24,6호선,망원,9079,9996
2022-07-24,6호선,마포구청,6865,6218
2022-07-24,6호선,월드컵경기장,3115,3200
2022-07-24,6호선,디지털미디어시티,5468,5851
2022-07-24,6호선,증산,5320,5332
2022-07-24,6호선,새절,6387,6134
2022-07-24,6호선,구산,3895,2984
2022-07-24,6호선,연신내,1,0
2022-07-24,6호선,독바위,1396,1692
2022-07-24,6호선,불광,3056,2719
2022-07-24,6호선,역촌,1995,2201
2022-07-24,6호선,응암,9103,9206
2022-07-25,6호선,효창공원앞,7020,6235
2022-07-25,6호선,공덕,18934,18374
2022-07-25,6호선,대흥,8391,8519
2022-07-25,6호선,광흥창,9373,9017
2022-07-25,6호선,상수,8348,9347
2022-07-25,6호선,합정,13027,12737
2022-07-25,6호선,망원,13564,14545
2022-07-25,6호선,마포구청,14357,13069
2022-07-25,6호선,월드컵경기장,4371,4609
2022-07-25,6호선,디지털미디어시티,14536,16118
2022-07-25,6호선,증산,10012,9908
2022-07-25,6호선,새절,12413,11482
2022-07-25,6호선,구산,7674,5971
2022-07-25,6호선,독바위,2788,2909
2022-07-25,6호선,불광,4572,4499
2022-07-25,6호선,역촌,3890,4072
2022-07-25,6호선,응암,17575,17648
2022-07-25,6호선,삼각지,6476,5710
2022-07-25,6호선,녹사평,4570,4525
2022-07-25,6호선,이태원,9898,10297
2022-07-25,6호선,한강진,7020,8092
2022-07-25,6호선,버티고개,2135,2108
2022-07-25,6호선,약수,3676,3689
2022-07-25,6호선,청구,3636,3863
2022-07-25,6호선,신당,7551,8237
2022-07-25,6호선,동묘앞,7852,8168
2022-07-25,6호선,창신,3407,2734
2022-07-25,6호선,보문,7451,6669
2022-07-25,6호선,안암,10454,10627
2022-07-25,6호선,고려대,7903,7517
2022-07-25,6호선,월곡,11743,11554
2022-07-25,6호선,상월곡,6095,5449
2022-07-25,6호선,돌곶이,9839,9230
2022-07-25,6호선,석계,11994,12542
2022-07-25,6호선,태릉입구,5421,5781
2022-07-25,6호선,화랑대,11224,8661
2022-07-25,6호선,봉화산,8988,8475
2022-07-25,6호선,신내,1,0
2022-07-26,6호선,응암,17598,17484
2022-07-26,6호선,역촌,4017,4239
2022-07-26,6호선,불광,4559,4327
2022-07-26,6호선,독바위,2831,2933
2022-07-26,6호선,구산,7692,6001
2022-07-26,6호선,새절,12446,11505
2022-07-26,6호선,증산,10071,9846
2022-07-26,6호선,디지털미디어시티,14864,16445
2022-07-26,6호선,월드컵경기장,4296,4635
2022-07-26,6호선,마포구청,14710,13281
2022-07-26,6호선,망원,13878,14933
2022-07-26,6호선,합정,13314,13131
2022-07-26,6호선,상수,8579,9720
2022-07-26,6호선,광흥창,9425,9215
2022-07-26,6호선,대흥,8433,8643
2022-07-26,6호선,공덕,18966,18384
2022-07-26,6호선,효창공원앞,7106,6286
2022-07-26,6호선,삼각지,7343,6349
2022-07-26,6호선,녹사평,4790,4832
2022-07-26,6호선,이태원,10081,10723
2022-07-26,6호선,한강진,8261,9506
2022-07-26,6호선,버티고개,2124,2144
2022-07-26,6호선,약수,3805,3776
2022-07-26,6호선,청구,3813,3915
2022-07-26,6호선,신당,8598,9002
2022-07-26,6호선,동묘앞,7853,8082
2022-07-26,6호선,창신,3441,2723
2022-07-26,6호선,보문,7607,6793
2022-07-26,6호선,안암,10996,10774
2022-07-26,6호선,고려대,7961,7783
2022-07-26,6호선,월곡,11791,11691
2022-07-26,6호선,상월곡,6288,5493
2022-07-26,6호선,돌곶이,9443,8930
2022-07-26,6호선,석계,12085,12506
2022-07-26,6호선,태릉입구,5440,5949
2022-07-26,6호선,화랑대,11483,8908
2022-07-26,6호선,봉화산,9069,8449
2022-07-26,6호선,신내,1,0
2022-07-27,6호선,신내,1,0
2022-07-27,6호선,봉화산,9090,8389
2022-07-27,6호선,화랑대,11391,8904
2022-07-27,6호선,태릉입구,5600,6026
2022-07-27,6호선,석계,12138,12269
2022-07-27,6호선,돌곶이,9424,8774
2022-07-27,6호선,상월곡,6239,5630
2022-07-27,6호선,월곡,11562,11379
2022-07-27,6호선,고려대,8054,7645
2022-07-27,6호선,안암,10485,10324
2022-07-27,6호선,보문,7602,6787
2022-07-27,6호선,창신,3493,2803
2022-07-27,6호선,동묘앞,7888,8160
2022-07-27,6호선,신당,8311,8871
2022-07-27,6호선,청구,3747,3921
2022-07-27,6호선,약수,3660,3746
2022-07-27,6호선,버티고개,2098,2067
2022-07-27,6호선,한강진,8821,9979
2022-07-27,6호선,이태원,10456,11388
2022-07-27,6호선,녹사평,5030,4997
2022-07-27,6호선,삼각지,7615,6587
2022-07-27,6호선,효창공원앞,7084,6300
2022-07-27,6호선,공덕,18985,18491
2022-07-27,6호선,대흥,8203,8414
2022-07-27,6호선,광흥창,9424,9042
2022-07-27,6호선,상수,8783,10204
2022-07-27,6호선,합정,13701,13369
2022-07-27,6호선,망원,14042,15144
2022-07-27,6호선,마포구청,14432,13060
2022-07-27,6호선,월드컵경기장,4360,4687
2022-07-27,6호선,디지털미디어시티,14520,16150
2022-07-27,6호선,증산,10065,9940
2022-07-27,6호선,새절,12457,11490
2022-07-27,6호선,구산,7588,5896
2022-07-27,6호선,연신내,1,0
2022-07-27,6호선,독바위,2736,2810
2022-07-27,6호선,불광,4572,4524
2022-07-27,6호선,역촌,3940,4346
2022-07-27,6호선,응암,17372,17162
2022-07-28,6호선,응암,17365,17014
2022-07-28,6호선,역촌,3826,4266
2022-07-28,6호선,불광,4416,4269
2022-07-28,6호선,독바위,2749,2874
2022-07-28,6호선,연신내,1,0
2022-07-28,6호선,구산,7736,5917
2022-07-28,6호선,새절,12328,11329
2022-07-28,6호선,증산,9780,9609
2022-07-28,6호선,디지털미디어시티,14507,16109
2022-07-28,6호선,월드컵경기장,4362,4539
2022-07-28,6호선,마포구청,14597,12988
2022-07-28,6호선,망원,14512,15475
2022-07-28,6호선,합정,13633,13422
2022-07-28,6호선,상수,8978,10432
2022-07-28,6호선,광흥창,9375,8961
2022-07-28,6호선,대흥,8269,8579
2022-07-28,6호선,공덕,18738,18157
2022-07-28,6호선,효창공원앞,7043,6173
2022-07-28,6호선,삼각지,7636,6599
2022-07-28,6호선,녹사평,5019,5105
2022-07-28,6호선,이태원,10932,11969
2022-07-28,6호선,한강진,8400,9612
2022-07-28,6호선,버티고개,2091,2110
2022-07-28,6호선,약수,3697,3799
2022-07-28,6호선,청구,3724,3803
2022-07-28,6호선,신당,8517,8937
2022-07-28,6호선,동묘앞,7697,7997
2022-07-28,6호선,창신,3348,2700
2022-07-28,6호선,보문,7549,6830
2022-07-28,6호선,안암,10612,10382
2022-07-28,6호선,고려대,7910,7647
2022-07-28,6호선,월곡,11454,11242
2022-07-28,6호선,상월곡,6899,6294
2022-07-28,6호선,돌곶이,9419,8621
2022-07-28,6호선,석계,12030,12430
2022-07-28,6호선,태릉입구,5665,6005
2022-07-28,6호선,화랑대,11753,9047
2022-07-28,6호선,봉화산,8983,8535
2022-07-29,6호선,응암,17464,16907
2022-07-29,6호선,역촌,3889,4314
2022-07-29,6호선,불광,4565,4403
2022-07-29,6호선,독바위,2784,2813
2022-07-29,6호선,구산,7625,5861
2022-07-29,6호선,새절,12541,11338
2022-07-29,6호선,증산,9845,9506
2022-07-29,6호선,디지털미디어시티,14069,15375
2022-07-29,6호선,월드컵경기장,4293,4590
2022-07-29,6호선,마포구청,14266,12668
2022-07-29,6호선,망원,14588,15661
2022-07-29,6호선,합정,14477,14441
2022-07-29,6호선,상수,9860,11989
2022-07-29,6호선,광흥창,8890,8482
2022-07-29,6호선,대흥,8301,8434
2022-07-29,6호선,공덕,18674,18122
2022-07-29,6호선,효창공원앞,7200,6184
2022-07-29,6호선,삼각지,8108,7103
2022-07-29,6호선,녹사평,5436,5794
2022-07-29,6호선,이태원,12590,17509
2022-07-29,6호선,한강진,8614,10149
2022-07-29,6호선,버티고개,2109,2098
2022-07-29,6호선,약수,3766,3878
2022-07-29,6호선,청구,3840,3826
2022-07-29,6호선,신당,8746,8153
2022-07-29,6호선,동묘앞,7942,7838
2022-07-29,6호선,창신,3413,2688
2022-07-29,6호선,보문,7697,6717
2022-07-29,6호선,안암,10715,10219
2022-07-29,6호선,고려대,8180,7553
2022-07-29,6호선,월곡,11623,11277
2022-07-29,6호선,상월곡,6193,5366
2022-07-29,6호선,돌곶이,9256,8394
2022-07-29,6호선,석계,12042,12502
2022-07-29,6호선,태릉입구,5557,5997
2022-07-29,6호선,화랑대,11278,8568
2022-07-29,6호선,봉화산,8930,8285
2022-07-30,6호선,신내,2,0
2022-07-30,6호선,봉화산,4925,4685
2022-07-30,6호선,화랑대,6621,4962
2022-07-30,6호선,태릉입구,3944,4079
2022-07-30,6호선,석계,7958,7787
2022-07-30,6호선,돌곶이,5711,5223
2022-07-30,6호선,상월곡,3805,3253
2022-07-30,6호선,월곡,6811,6414
2022-07-30,6호선,고려대,4962,4521
2022-07-30,6호선,안암,6144,5732
2022-07-30,6호선,보문,4775,4187
2022-07-30,6호선,창신,1989,1625
2022-07-30,6호선,동묘앞,6308,6085
2022-07-30,6호선,신당,6056,5625
2022-07-30,6호선,청구,2302,2186
2022-07-30,6호선,약수,2287,2301
2022-07-30,6호선,버티고개,1511,1543
2022-07-30,6호선,한강진,9083,11152
2022-07-30,6호선,이태원,14038,18427
2022-07-30,6호선,녹사평,4637,5480
2022-07-30,6호선,삼각지,5450,3973
2022-07-30,6호선,효창공원앞,4309,3746
2022-07-30,6호선,공덕,9129,8834
2022-07-30,6호선,대흥,5391,5279
2022-07-30,6호선,광흥창,4725,4326
2022-07-30,6호선,상수,8653,10838
2022-07-30,6호선,합정,11778,11033
2022-07-30,6호선,망원,11324,12418
2022-07-30,6호선,마포구청,8694,7503
2022-07-30,6호선,월드컵경기장,3937,4130
2022-07-30,6호선,디지털미디어시티,6804,6737
2022-07-30,6호선,증산,6795,6415
2022-07-30,6호선,새절,8080,7398
2022-07-30,6호선,구산,5024,3847
2022-07-30,6호선,독바위,1832,1994
2022-07-30,6호선,불광,3710,3257
2022-07-30,6호선,역촌,2534,2782
2022-07-30,6호선,응암,11414,11069
2022-07-31,6호선,봉화산,3529,3424
2022-07-31,6호선,화랑대,4180,3685
2022-07-31,6호선,태릉입구,2709,2876
2022-07-31,6호선,석계,5783,5931
2022-07-31,6호선,돌곶이,5100,4873
2022-07-31,6호선,상월곡,2955,2646
2022-07-31,6호선,월곡,5031,5131
2022-07-31,6호선,고려대,3618,3619
2022-07-31,6호선,안암,4463,4545
2022-07-31,6호선,보문,3705,3387
2022-07-31,6호선,창신,1482,1360
2022-07-31,6호선,동묘앞,4485,4599
2022-07-31,6호선,신당,4667,5156
2022-07-31,6호선,청구,1508,1570
2022-07-31,6호선,약수,1671,1630
2022-07-31,6호선,버티고개,997,1103
2022-07-31,6호선,한강진,6865,7393
2022-07-31,6호선,이태원,11472,9337
2022-07-31,6호선,녹사평,3497,3530
2022-07-31,6호선,삼각지,3712,2939
2022-07-31,6호선,효창공원앞,2969,2756
2022-07-31,6호선,공덕,6252,5921
2022-07-31,6호선,대흥,3692,3875
2022-07-31,6호선,광흥창,3639,3577
2022-07-31,6호선,상수,6547,7318
2022-07-31,6호선,합정,8629,7886
2022-07-31,6호선,망원,8058,8698
2022-07-31,6호선,마포구청,6163,5788
2022-07-31,6호선,월드컵경기장,3097,3015
2022-07-31,6호선,디지털미디어시티,4726,5277
2022-07-31,6호선,증산,4889,5113
2022-07-31,6호선,새절,5623,5540
2022-07-31,6호선,구산,3355,2880
2022-07-31,6호선,독바위,1373,1573
2022-07-31,6호선,불광,2754,2452
2022-07-31,6호선,역촌,1980,2148
2022-07-31,6호선,응암,8186,8499
2022-08-01,6호선,응암,15930,15820
2022-08-01,6호선,역촌,3604,4047
2022-08-01,6호선,불광,4262,4048
2022-08-01,6호선,독바위,2514,2577
2022-08-01,6호선,구산,7059,5542
2022-08-01,6호선,새절,11484,10630
2022-08-01,6호선,증산,9022,8914
2022-08-01,6호선,디지털미디어시티,13307,14975
2022-08-01,6호선,월드컵경기장,4171,4457
2022-08-01,6호선,마포구청,13226,11860
2022-08-01,6호선,망원,12663,13690
2022-08-01,6호선,합정,12254,11971
2022-08-01,6호선,상수,8289,9208
2022-08-01,6호선,광흥창,8373,8025
2022-08-01,6호선,대흥,7440,7763
2022-08-01,6호선,공덕,17205,17867
2022-08-01,6호선,효창공원앞,6502,5700
2022-08-01,6호선,삼각지,6611,5847
2022-08-01,6호선,녹사평,4395,4326
2022-08-01,6호선,이태원,9970,10244
2022-08-01,6호선,한강진,6603,7551
2022-08-01,6호선,버티고개,1911,1962
2022-08-01,6호선,약수,3373,3431
2022-08-01,6호선,청구,3340,3392
2022-08-01,6호선,신당,7189,7489
2022-08-01,6호선,동묘앞,7563,7578
2022-08-01,6호선,창신,3138,2500
2022-08-01,6호선,보문,6758,6121
2022-08-01,6호선,안암,9761,9758
2022-08-01,6호선,고려대,7291,6985
2022-08-01,6호선,월곡,10569,10432
2022-08-01,6호선,상월곡,5500,4934
2022-08-01,6호선,돌곶이,8404,7800
2022-08-01,6호선,석계,11038,11536
2022-08-01,6호선,태릉입구,4981,5310
2022-08-01,6호선,화랑대,10200,7897
2022-08-01,6호선,봉화산,8254,7697
2022-08-02,6호선,신내,1,0
2022-08-02,6호선,봉화산,8242,7779
2022-08-02,6호선,화랑대,10306,8141
2022-08-02,6호선,태릉입구,5205,5362
2022-08-02,6호선,석계,11161,11823
2022-08-02,6호선,돌곶이,8471,7858
2022-08-02,6호선,상월곡,5596,5095
2022-08-02,6호선,월곡,10653,10440
2022-08-02,6호선,고려대,7365,7286
2022-08-02,6호선,안암,10144,9904
2022-08-02,6호선,보문,6941,6455
2022-08-02,6호선,창신,3217,2661
2022-08-02,6호선,동묘앞,7362,7472
2022-08-02,6호선,신당,8025,8235
2022-08-02,6호선,청구,3368,3485
2022-08-02,6호선,약수,3407,3418
2022-08-02,6호선,버티고개,1930,1962
2022-08-02,6호선,한강진,8202,9304
2022-08-02,6호선,이태원,9999,10470
2022-08-02,6호선,녹사평,4463,4423
2022-08-02,6호선,삼각지,7331,6449
2022-08-02,6호선,효창공원앞,6547,5792
2022-08-02,6호선,공덕,17246,16918
2022-08-02,6호선,대흥,7698,7952
2022-08-02,6호선,광흥창,8506,8281
2022-08-02,6호선,상수,8658,9599
2022-08-02,6호선,합정,12658,12460
2022-08-02,6호선,망원,12837,13786
2022-08-02,6호선,마포구청,13455,12299
2022-08-02,6호선,월드컵경기장,4083,4308
2022-08-02,6호선,디지털미디어시티,13487,15046
2022-08-02,6호선,증산,9092,9089
2022-08-02,6호선,새절,11328,10639
2022-08-02,6호선,구산,7106,5679
2022-08-02,6호선,독바위,2536,2605
2022-08-02,6호선,불광,4102,4036
2022-08-02,6호선,역촌,3613,4142
2022-08-02,6호선,응암,15927,15978
2022-08-03,6호선,태릉입구,5216,5600
2022-08-03,6호선,석계,11229,11592
2022-08-03,6호선,돌곶이,8640,7959
2022-08-03,6호선,상월곡,5775,5179
2022-08-03,6호선,월곡,10634,10505
2022-08-03,6호선,고려대,7531,7200
2022-08-03,6호선,안암,10163,9972
2022-08-03,6호선,보문,7126,6369
2022-08-03,6호선,창신,3183,2557
2022-08-03,6호선,동묘앞,7349,7506
2022-08-03,6호선,신당,8665,8762
2022-08-03,6호선,청구,3424,3396
2022-08-03,6호선,약수,3490,3540
2022-08-03,6호선,버티고개,2075,2022
2022-08-03,6호선,한강진,8523,9597
2022-08-03,6호선,이태원,10354,11164
2022-08-03,6호선,녹사평,4705,4527
2022-08-03,6호선,삼각지,7314,6415
2022-08-03,6호선,효창공원앞,6542,5766
2022-08-03,6호선,공덕,17449,16897
2022-08-03,6호선,대흥,7860,8067
2022-08-03,6호선,광흥창,8799,8246
2022-08-03,6호선,상수,8660,9708
2022-08-03,6호선,합정,12934,12683
2022-08-03,6호선,망원,13386,14394
2022-08-03,6호선,마포구청,13683,12326
2022-08-03,6호선,월드컵경기장,4323,4542
2022-08-03,6호선,디지털미디어시티,13442,15237
2022-08-03,6호선,증산,9336,9033
2022-08-03,6호선,새절,11635,10813
2022-08-03,6호선,구산,7064,5460
2022-08-03,6호선,연신내,2,0
2022-08-03,6호선,독바위,2611,2629
2022-08-03,6호선,불광,4342,4224
2022-08-03,6호선,역촌,3744,4071
2022-08-03,6호선,응암,16276,15994
2022-08-03,6호선,화랑대,10326,8077
2022-08-03,6호선,봉화산,8422,7855
2022-08-04,6호선,응암,16912,16533
2022-08-04,6호선,역촌,3828,4368
2022-08-04,6호선,불광,4567,4253
2022-08-04,6호선,독바위,2756,2845
2022-08-04,6호선,구산,7419,5574
2022-08-04,6호선,새절,12092,11224
2022-08-04,6호선,증산,9513,9306
2022-08-04,6호선,디지털미디어시티,13862,15547
2022-08-04,6호선,월드컵경기장,4309,4596
2022-08-04,6호선,마포구청,14221,12691
2022-08-04,6호선,망원,13745,14854
2022-08-04,6호선,합정,13029,12962
2022-08-04,6호선,상수,9112,10381
2022-08-04,6호선,광흥창,9077,8645
2022-08-04,6호선,대흥,8001,8289
2022-08-04,6호선,공덕,17873,17574
2022-08-04,6호선,효창공원앞,6549,5898
2022-08-04,6호선,삼각지,7607,6462
2022-08-04,6호선,녹사평,4888,4923
2022-08-04,6호선,이태원,10899,11880
2022-08-04,6호선,한강진,8634,9879
2022-08-04,6호선,버티고개,2080,2000
2022-08-04,6호선,약수,3558,3572
2022-08-04,6호선,청구,3659,3643
2022-08-04,6호선,신당,8059,8443
2022-08-04,6호선,동묘앞,7764,7734
2022-08-04,6호선,창신,3367,2777
2022-08-04,6호선,보문,7278,6495
2022-08-04,6호선,안암,10081,10167
2022-08-04,6호선,고려대,7626,7427
2022-08-04,6호선,월곡,11164,10951
2022-08-04,6호선,상월곡,6692,6138
2022-08-04,6호선,돌곶이,8981,8266
2022-08-04,6호선,석계,11792,12165
2022-08-04,6호선,태릉입구,5416,5769
2022-08-04,6호선,화랑대,11019,8405
2022-08-04,6호선,봉화산,8705,8160
2022-08-05,6호선,버티고개,2063,1974
2022-08-05,6호선,봉화산,8688,8181
2022-08-05,6호선,화랑대,10761,8188
2022-08-05,6호선,태릉입구,5530,5807
2022-08-05,6호선,석계,11790,12285
2022-08-05,6호선,돌곶이,8877,7988
2022-08-05,6호선,상월곡,6078,5242
2022-08-05,6호선,월곡,11251,10813
2022-08-05,6호선,고려대,7768,7480
2022-08-05,6호선,안암,10253,10097
2022-08-05,6호선,보문,7355,6530
2022-08-05,6호선,창신,3238,2503
2022-08-05,6호선,동묘앞,7753,7558
2022-08-05,6호선,신당,7476,6945
2022-08-05,6호선,청구,3682,3696
2022-08-05,6호선,약수,3534,3527
2022-08-05,6호선,한강진,9055,10799
2022-08-05,6호선,이태원,12202,16597
2022-08-05,6호선,녹사평,5099,5348
2022-08-05,6호선,삼각지,8450,7291
2022-08-05,6호선,효창공원앞,6650,5797
2022-08-05,6호선,공덕,18256,17658
2022-08-05,6호선,대흥,8110,8279
2022-08-05,6호선,광흥창,9067,8592
2022-08-05,6호선,상수,9742,12295
2022-08-05,6호선,합정,14009,14155
2022-08-05,6호선,망원,14446,15691
2022-08-05,6호선,마포구청,14100,12499
2022-08-05,6호선,월드컵경기장,7568,8157
2022-08-05,6호선,디지털미디어시티,13814,14920
2022-08-05,6호선,증산,9570,9406
2022-08-05,6호선,새절,12174,11021
2022-08-05,6호선,구산,7529,5642
2022-08-05,6호선,연신내,2,0
2022-08-05,6호선,독바위,2725,2725
2022-08-05,6호선,불광,4626,4219
2022-08-05,6호선,역촌,3829,4369
2022-08-05,6호선,응암,17086,16674
2022-08-06,6호선,응암,11586,11175
2022-08-06,6호선,역촌,2558,2712
2022-08-06,6호선,불광,3646,3226
2022-08-06,6호선,독바위,1874,2043
2022-08-06,6호선,연신내,1,0
2022-08-06,6호선,구산,4983,3837
2022-08-06,6호선,새절,8097,7475
2022-08-06,6호선,증산,6665,6468
2022-08-06,6호선,디지털미디어시티,7114,7288
2022-08-06,6호선,월드컵경기장,4100,4186
2022-08-06,6호선,마포구청,8808,7474
2022-08-06,6호선,망원,11924,12913
2022-08-06,6호선,합정,11913,11528
2022-08-06,6호선,상수,8469,10977
2022-08-06,6호선,광흥창,4949,4435
2022-08-06,6호선,대흥,5327,5302
2022-08-06,6호선,공덕,9169,8706
2022-08-06,6호선,효창공원앞,4417,3874
2022-08-06,6호선,삼각지,5382,4155
2022-08-06,6호선,녹사평,4228,4866
2022-08-06,6호선,이태원,12760,16937
2022-08-06,6호선,한강진,8172,10077
2022-08-06,6호선,버티고개,1473,1555
2022-08-06,6호선,약수,2402,2430
2022-08-06,6호선,청구,2192,2121
2022-08-06,6호선,신당,5875,5573
2022-08-06,6호선,동묘앞,6416,6029
2022-08-06,6호선,창신,1959,1659
2022-08-06,6호선,보문,4790,4041
2022-08-06,6호선,안암,5904,5461
2022-08-06,6호선,고려대,5097,4638
2022-08-06,6호선,월곡,7131,6820
2022-08-06,6호선,상월곡,3928,3454
2022-08-06,6호선,돌곶이,5760,5201
2022-08-06,6호선,석계,8143,8192
2022-08-06,6호선,태릉입구,3965,3901
2022-08-06,6호선,화랑대,6137,4960
2022-08-06,6호선,봉화산,5018,4736
2022-08-07,6호선,응암,8583,8705
2022-08-07,6호선,역촌,2020,2196
2022-08-07,6호선,불광,2959,2612
2022-08-07,6호선,독바위,1403,1591
2022-08-07,6호선,연신내,1,0
2022-08-07,6호선,구산,3626,2798
2022-08-07,6호선,새절,6079,5842
2022-08-07,6호선,증산,5050,5151
2022-08-07,6호선,디지털미디어시티,5155,5436
2022-08-07,6호선,월드컵경기장,3560,3615
2022-08-07,6호선,마포구청,6454,5903
2022-08-07,6호선,망원,8627,9276
2022-08-07,6호선,합정,9132,8359
2022-08-07,6호선,상수,6609,7688
2022-08-07,6호선,광흥창,3797,3756
2022-08-07,6호선,대흥,3891,4032
2022-08-07,6호선,공덕,6311,6092
2022-08-07,6호선,효창공원앞,3202,2945
2022-08-07,6호선,삼각지,3771,2878
2022-08-07,6호선,녹사평,3473,3375
2022-08-07,6호선,이태원,11029,9419
2022-08-07,6호선,한강진,7283,8058
2022-08-07,6호선,버티고개,1070,1143
2022-08-07,6호선,약수,1637,1648
2022-08-07,6호선,청구,1612,1486
2022-08-07,6호선,신당,4200,3724
2022-08-07,6호선,동묘앞,5284,4870
2022-08-07,6호선,창신,1540,1423
2022-08-07,6호선,보문,3688,3482
2022-08-07,6호선,안암,4456,4785
2022-08-07,6호선,고려대,3523,3574
2022-08-07,6호선,월곡,5058,4974
2022-08-07,6호선,상월곡,3044,2767
2022-08-07,6호선,돌곶이,5564,5278
2022-08-07,6호선,석계,5932,6247
2022-08-07,6호선,태릉입구,2951,3142
2022-08-07,6호선,화랑대,4588,3886
2022-08-07,6호선,봉화산,3646,3817
2022-08-08,6호선,응암,15648,15950
2022-08-08,6호선,역촌,3641,4241
2022-08-08,6호선,불광,4042,3861
2022-08-08,6호선,독바위,2520,2708
2022-08-08,6호선,구산,6825,5590
2022-08-08,6호선,새절,11162,10789
2022-08-08,6호선,증산,8962,9061
2022-08-08,6호선,디지털미디어시티,13320,15182
2022-08-08,6호선,월드컵경기장,3481,3633
2022-08-08,6호선,마포구청,13182,12162
2022-08-08,6호선,망원,12585,13357
2022-08-08,6호선,합정,12006,11643
2022-08-08,6호선,상수,8513,9341
2022-08-08,6호선,광흥창,8704,8717
2022-08-08,6호선,대흥,7446,7869
2022-08-08,6호선,공덕,17137,17031
2022-08-08,6호선,효창공원앞,6443,6043
2022-08-08,6호선,삼각지,5982,5371
2022-08-08,6호선,녹사평,3777,3809
2022-08-08,6호선,이태원,8684,8949
2022-08-08,6호선,한강진,6267,7081
2022-08-08,6호선,버티고개,2060,2164
2022-08-08,6호선,약수,3409,3372
2022-08-08,6호선,청구,3106,3280
2022-08-08,6호선,신당,5762,5580
2022-08-08,6호선,동묘앞,5901,6252
2022-08-08,6호선,창신,3154,2669
2022-08-08,6호선,보문,6597,6269
2022-08-08,6호선,안암,9944,9805
2022-08-08,6호선,고려대,7324,7318
2022-08-08,6호선,월곡,10486,10464
2022-08-08,6호선,상월곡,5503,5034
2022-08-08,6호선,돌곶이,8344,7899
2022-08-08,6호선,석계,11121,12266
2022-08-08,6호선,태릉입구,4972,5135
2022-08-08,6호선,화랑대,10255,8178
2022-08-08,6호선,봉화산,8203,7834
2022-08-09,6호선,응암,15312,15694
2022-08-09,6호선,역촌,3564,4160
2022-08-09,6호선,불광,4065,3815
2022-08-09,6호선,독바위,2467,2688
2022-08-09,6호선,연신내,1,0
2022-08-09,6호선,구산,6686,5492
2022-08-09,6호선,새절,10959,10603
2022-08-09,6호선,증산,8730,8944
2022-08-09,6호선,디지털미디어시티,13294,15494
2022-08-09,6호선,월드컵경기장,3598,3696
2022-08-09,6호선,마포구청,13371,12385
2022-08-09,6호선,망원,11624,12423
2022-08-09,6호선,합정,11155,11081
2022-08-09,6호선,상수,7703,8325
2022-08-09,6호선,광흥창,8665,8438
2022-08-09,6호선,대흥,7559,8058
2022-08-09,6호선,공덕,17594,17231
2022-08-09,6호선,효창공원앞,6727,5991
2022-08-09,6호선,삼각지,6634,5783
2022-08-09,6호선,녹사평,4214,3973
2022-08-09,6호선,이태원,8289,8252
2022-08-09,6호선,한강진,6788,7385
2022-08-09,6호선,버티고개,1920,1989
2022-08-09,6호선,약수,3244,3206
2022-08-09,6호선,청구,3144,3250
2022-08-09,6호선,신당,6265,6052
2022-08-09,6호선,동묘앞,5439,5829
2022-08-09,6호선,창신,3090,2604
2022-08-09,6호선,보문,6437,5971
2022-08-09,6호선,안암,9304,9220
2022-08-09,6호선,고려대,7067,7004
2022-08-09,6호선,월곡,10280,10310
2022-08-09,6호선,상월곡,5377,4994
2022-08-09,6호선,돌곶이,8152,7882
2022-08-09,6호선,석계,11593,11790
2022-08-09,6호선,태릉입구,4871,5322
2022-08-09,6호선,화랑대,9847,8099
2022-08-09,6호선,봉화산,8090,7863
2022-08-10,6호선,청구,3541,3551
2022-08-10,6호선,약수,3659,3635
2022-08-10,6호선,신당,6561,6354
2022-08-10,6호선,응암,17204,17240
2022-08-10,6호선,역촌,3874,4405
2022-08-10,6호선,불광,4824,4638
2022-08-10,6호선,독바위,2669,2862
2022-08-10,6호선,구산,7334,5786
2022-08-10,6호선,새절,12172,11545
2022-08-10,6호선,증산,9836,9917
2022-08-10,6호선,디지털미디어시티,14312,16070
2022-08-10,6호선,월드컵경기장,4797,4893
2022-08-10,6호선,마포구청,14355,13012
2022-08-10,6호선,망원,13915,14772
2022-08-10,6호선,합정,13005,13065
2022-08-10,6호선,상수,8634,9908
2022-08-10,6호선,광흥창,9622,9232
2022-08-10,6호선,대흥,8321,8846
2022-08-10,6호선,공덕,19414,19122
2022-08-10,6호선,효창공원앞,7790,6825
2022-08-10,6호선,삼각지,8138,7071
2022-08-10,6호선,녹사평,6270,4954
2022-08-10,6호선,이태원,11396,11293
2022-08-10,6호선,한강진,8109,9065
2022-08-10,6호선,버티고개,2152,2198
2022-08-10,6호선,동묘앞,6602,6875
2022-08-10,6호선,창신,3295,2583
2022-08-10,6호선,보문,7023,6452
2022-08-10,6호선,안암,10456,10610
2022-08-10,6호선,고려대,7703,7463
2022-08-10,6호선,월곡,11448,11402
2022-08-10,6호선,상월곡,5944,5242
2022-08-10,6호선,돌곶이,9132,8652
2022-08-10,6호선,석계,12257,12471
2022-08-10,6호선,태릉입구,5484,5812
2022-08-10,6호선,화랑대,11005,8551
2022-08-10,6호선,봉화산,8733,8212
2022-08-11,6호선,응암,17015,16800
2022-08-11,6호선,역촌,3770,4261
2022-08-11,6호선,불광,4493,4214
2022-08-11,6호선,독바위,2685,2767
2022-08-11,6호선,연신내,1,0
2022-08-11,6호선,구산,7478,5656
2022-08-11,6호선,새절,12098,11178
2022-08-11,6호선,증산,9615,9427
2022-08-11,6호선,디지털미디어시티,14378,15875
2022-08-11,6호선,월드컵경기장,4429,4634
2022-08-11,6호선,마포구청,14196,12871
2022-08-11,6호선,망원,13669,14727
2022-08-11,6호선,합정,12746,12969
2022-08-11,6호선,상수,8513,9794
2022-08-11,6호선,광흥창,9192,8967
2022-08-11,6호선,대흥,8086,8375
2022-08-11,6호선,공덕,18929,18343
2022-08-11,6호선,효창공원앞,7208,6445
2022-08-11,6호선,삼각지,7436,6289
2022-08-11,6호선,녹사평,4809,4755
2022-08-11,6호선,이태원,10667,11558
2022-08-11,6호선,한강진,7626,8928
2022-08-11,6호선,버티고개,2051,2044
2022-08-11,6호선,약수,3480,3416
2022-08-11,6호선,청구,3550,3515
2022-08-11,6호선,신당,6589,6529
2022-08-11,6호선,동묘앞,6404,6717
2022-08-11,6호선,창신,3281,2546
2022-08-11,6호선,보문,7042,6321
2022-08-11,6호선,안암,10031,10144
2022-08-11,6호선,고려대,7664,7222
2022-08-11,6호선,월곡,11354,11091
2022-08-11,6호선,상월곡,6512,6071
2022-08-11,6호선,돌곶이,8985,8147
2022-08-11,6호선,석계,11616,11999
2022-08-11,6호선,태릉입구,5310,5680
2022-08-11,6호선,화랑대,11091,8580
2022-08-11,6호선,봉화산,8788,8217
2022-08-11,6호선,신내,1,0
2022-08-12,6호선,응암,17809,17286
2022-08-12,6호선,역촌,3970,4333
2022-08-12,6호선,불광,4675,4436
2022-08-12,6호선,독바위,2863,2903
2022-08-12,6호선,연신내,1,0
2022-08-12,6호선,구산,7688,5723
2022-08-12,6호선,새절,12686,11513
2022-08-12,6호선,증산,10135,9853
2022-08-12,6호선,디지털미디어시티,14098,15308
2022-08-12,6호선,월드컵경기장,4678,4855
2022-08-12,6호선,마포구청,14651,12821
2022-08-12,6호선,망원,15207,16418
2022-08-12,6호선,합정,14683,14560
2022-08-12,6호선,상수,9983,12222
2022-08-12,6호선,광흥창,9484,9065
2022-08-12,6호선,대흥,8396,8490
2022-08-12,6호선,공덕,18572,18062
2022-08-12,6호선,효창공원앞,7438,6418
2022-08-12,6호선,삼각지,7647,6358
2022-08-12,6호선,녹사평,5301,5871
2022-08-12,6호선,이태원,13205,17701
2022-08-12,6호선,한강진,8445,10189
2022-08-12,6호선,버티고개,2217,2135
2022-08-12,6호선,약수,3614,3789
2022-08-12,6호선,청구,3714,3709
2022-08-12,6호선,신당,7001,6866
2022-08-12,6호선,동묘앞,7118,7348
2022-08-12,6호선,창신,3297,2594
2022-08-12,6호선,보문,7534,6564
2022-08-12,6호선,안암,10602,10251
2022-08-12,6호선,고려대,8036,7380
2022-08-12,6호선,월곡,11747,11241
2022-08-12,6호선,상월곡,6228,5415
2022-08-12,6호선,돌곶이,9265,8556
2022-08-12,6호선,석계,12209,12164
2022-08-12,6호선,태릉입구,5638,6005
2022-08-12,6호선,화랑대,11245,8661
2022-08-12,6호선,봉화산,8897,8326
2022-08-13,6호선,봉화산,4770,4659
2022-08-13,6호선,화랑대,5863,4748
2022-08-13,6호선,태릉입구,3802,3889
2022-08-13,6호선,석계,7678,7701
2022-08-13,6호선,돌곶이,5624,5104
2022-08-13,6호선,상월곡,3865,3178
2022-08-13,6호선,월곡,6554,6112
2022-08-13,6호선,고려대,4632,4162
2022-08-13,6호선,안암,5445,5061
2022-08-13,6호선,보문,4637,3977
2022-08-13,6호선,창신,2032,1642
2022-08-13,6호선,동묘앞,6021,6044
2022-08-13,6호선,신당,5247,4980
2022-08-13,6호선,청구,2158,2110
2022-08-13,6호선,약수,2341,2315
2022-08-13,6호선,버티고개,1358,1415
2022-08-13,6호선,한강진,6629,8291
2022-08-13,6호선,이태원,12566,16146
2022-08-13,6호선,녹사평,4086,4717
2022-08-13,6호선,삼각지,6174,3696
2022-08-13,6호선,효창공원앞,4208,3614
2022-08-13,6호선,공덕,9192,8719
2022-08-13,6호선,대흥,5264,5179
2022-08-13,6호선,광흥창,4968,4400
2022-08-13,6호선,상수,7707,9732
2022-08-13,6호선,합정,11028,10594
2022-08-13,6호선,망원,11192,12251
2022-08-13,6호선,마포구청,8782,7653
2022-08-13,6호선,월드컵경기장,5002,5320
2022-08-13,6호선,디지털미디어시티,6885,6860
2022-08-13,6호선,증산,6611,6237
2022-08-13,6호선,새절,7709,7013
2022-08-13,6호선,구산,4980,3763
2022-08-13,6호선,독바위,1793,1889
2022-08-13,6호선,불광,3474,3149
2022-08-13,6호선,역촌,2492,2775
2022-08-13,6호선,응암,11432,10825
2022-08-14,6호선,응암,9055,8791
2022-08-14,6호선,역촌,2180,2323
2022-08-14,6호선,불광,3207,2852
2022-08-14,6호선,독바위,1508,1641
2022-08-14,6호선,연신내,1,0
2022-08-14,6호선,구산,3773,2868
2022-08-14,6호선,새절,6230,5943
2022-08-14,6호선,증산,5206,5211
2022-08-14,6호선,디지털미디어시티,5506,5585
2022-08-14,6호선,월드컵경기장,4712,4722
2022-08-14,6호선,마포구청,7011,6291
2022-08-14,6호선,망원,9566,10550
2022-08-14,6호선,합정,9464,9090
2022-08-14,6호선,상수,7020,8748
2022-08-14,6호선,광흥창,4100,3903
2022-08-14,6호선,대흥,3870,3871
2022-08-14,6호선,공덕,6680,6230
2022-08-14,6호선,효창공원앞,3375,2855
2022-08-14,6호선,삼각지,4489,3195
2022-08-14,6호선,녹사평,3667,3912
2022-08-14,6호선,이태원,12643,14327
2022-08-14,6호선,한강진,5582,7034
2022-08-14,6호선,버티고개,1025,1082
2022-08-14,6호선,약수,1702,1708
2022-08-14,6호선,청구,1718,1654
2022-08-14,6호선,신당,4619,4294
2022-08-14,6호선,동묘앞,5957,5396
2022-08-14,6호선,창신,1599,1325
2022-08-14,6호선,보문,3737,3426
2022-08-14,6호선,안암,4471,4458
2022-08-14,6호선,고려대,3814,3545
2022-08-14,6호선,월곡,4889,4687
2022-08-14,6호선,상월곡,3088,2770
2022-08-14,6호선,돌곶이,5488,5034
2022-08-14,6호선,석계,6256,6345
2022-08-14,6호선,태릉입구,3145,3247
2022-08-14,6호선,화랑대,4636,3994
2022-08-14,6호선,봉화산,3812,3771
2022-08-14,6호선,신내,1,0
2022-08-15,6호선,신내,1,0
2022-08-15,6호선,봉화산,3690,3701
2022-08-15,6호선,화랑대,4664,4000
2022-08-15,6호선,태릉입구,3075,3180
2022-08-15,6호선,석계,6103,6315
2022-08-15,6호선,돌곶이,4397,4203
2022-08-15,6호선,상월곡,3021,2809
2022-08-15,6호선,월곡,5419,5518
2022-08-15,6호선,고려대,3562,3705
2022-08-15,6호선,안암,4436,4821
2022-08-15,6호선,보문,3586,3583
2022-08-15,6호선,창신,1516,1366
2022-08-15,6호선,동묘앞,4681,4927
2022-08-15,6호선,신당,4556,5440
2022-08-15,6호선,청구,1925,1938
2022-08-15,6호선,약수,1642,1583
2022-08-15,6호선,버티고개,971,1054
2022-08-15,6호선,한강진,5142,5728
2022-08-15,6호선,이태원,9633,8478
2022-08-15,6호선,녹사평,2827,2907
2022-08-15,6호선,삼각지,3595,2801
2022-08-15,6호선,효창공원앞,3249,2953
2022-08-15,6호선,공덕,6593,6320
2022-08-15,6호선,대흥,3833,3922
2022-08-15,6호선,광흥창,3525,3428
2022-08-15,6호선,상수,5533,6404
2022-08-15,6호선,합정,8266,7793
2022-08-15,6호선,망원,8027,8874
2022-08-15,6호선,마포구청,6436,6056
2022-08-15,6호선,월드컵경기장,4092,4003
2022-08-15,6호선,디지털미디어시티,4967,5586
2022-08-15,6호선,증산,5178,5375
2022-08-15,6호선,새절,6122,6033
2022-08-15,6호선,구산,3562,2959
2022-08-15,6호선,독바위,1448,1664
2022-08-15,6호선,불광,2736,2520
2022-08-15,6호선,역촌,1936,2213
2022-08-15,6호선,응암,8794,8997
2022-08-16,6호선,신당,7725,8261
2022-08-16,6호선,봉화산,8877,8427
2022-08-16,6호선,화랑대,11100,8760
2022-08-16,6호선,태릉입구,5431,5788
2022-08-16,6호선,석계,12030,12439
2022-08-16,6호선,돌곶이,9284,8632
2022-08-16,6호선,상월곡,6063,5447
2022-08-16,6호선,월곡,11579,11552
2022-08-16,6호선,고려대,7813,7523
2022-08-16,6호선,안암,10482,10583
2022-08-16,6호선,보문,7274,6697
2022-08-16,6호선,창신,3353,2642
2022-08-16,6호선,동묘앞,8039,8189
2022-08-16,6호선,응암,16948,17189
2022-08-16,6호선,역촌,3861,4271
2022-08-16,6호선,불광,4370,4285
2022-08-16,6호선,독바위,2785,2903
2022-08-16,6호선,연신내,1,0
2022-08-16,6호선,구산,7832,6009
2022-08-16,6호선,새절,12242,11474
2022-08-16,6호선,증산,9740,9725
2022-08-16,6호선,디지털미디어시티,14325,16005
2022-08-16,6호선,월드컵경기장,4391,4643
2022-08-16,6호선,마포구청,14278,12879
2022-08-16,6호선,망원,13650,14690
2022-08-16,6호선,합정,12903,12663
2022-08-16,6호선,상수,8513,9740
2022-08-16,6호선,광흥창,9511,9063
2022-08-16,6호선,대흥,8409,8683
2022-08-16,6호선,공덕,18617,18357
2022-08-16,6호선,효창공원앞,6972,6190
2022-08-16,6호선,삼각지,6732,5515
2022-08-16,6호선,녹사평,4692,4680
2022-08-16,6호선,이태원,10367,10842
2022-08-16,6호선,한강진,8511,9687
2022-08-16,6호선,버티고개,2042,2117
2022-08-16,6호선,약수,3472,3580
2022-08-16,6호선,청구,3598,3750
2022-08-17,6호선,화랑대,11551,8944
2022-08-17,6호선,봉화산,9086,8500
2022-08-17,6호선,응암,17415,17275
2022-08-17,6호선,역촌,4006,4449
2022-08-17,6호선,불광,4595,4470
2022-08-17,6호선,독바위,2738,2912
2022-08-17,6호선,구산,7884,6066
2022-08-17,6호선,새절,12694,11647
2022-08-17,6호선,증산,10000,9916
2022-08-17,6호선,디지털미디어시티,14668,16141
2022-08-17,6호선,월드컵경기장,4430,4674
2022-08-17,6호선,마포구청,14539,13000
2022-08-17,6호선,망원,14196,15216
2022-08-17,6호선,합정,13482,13369
2022-08-17,6호선,상수,8783,10175
2022-08-17,6호선,광흥창,9483,9225
2022-08-17,6호선,대흥,8549,8755
2022-08-17,6호선,공덕,19043,18563
2022-08-17,6호선,효창공원앞,7303,6534
2022-08-17,6호선,삼각지,7707,6449
2022-08-17,6호선,녹사평,4883,4951
2022-08-17,6호선,이태원,10661,11471
2022-08-17,6호선,한강진,8012,9226
2022-08-17,6호선,버티고개,2094,2177
2022-08-17,6호선,약수,3665,3729
2022-08-17,6호선,청구,3759,3874
2022-08-17,6호선,신당,8655,9234
2022-08-17,6호선,동묘앞,7845,8125
2022-08-17,6호선,창신,3700,3043
2022-08-17,6호선,보문,7746,6993
2022-08-17,6호선,안암,10590,10793
2022-08-17,6호선,고려대,8259,7823
2022-08-17,6호선,월곡,11805,11735
2022-08-17,6호선,상월곡,6311,5567
2022-08-17,6호선,돌곶이,9671,8964
2022-08-17,6호선,석계,12210,12732
2022-08-17,6호선,태릉입구,5551,5926
2022-08-18,6호선,봉화산,9226,8733
2022-08-18,6호선,화랑대,11534,9008
2022-08-18,6호선,태릉입구,5640,6068
2022-08-18,6호선,석계,12237,12585
2022-08-18,6호선,돌곶이,9573,8693
2022-08-18,6호선,상월곡,7071,6400
2022-08-18,6호선,월곡,11859,11774
2022-08-18,6호선,고려대,8215,7844
2022-08-18,6호선,안암,10858,10834
2022-08-18,6호선,보문,7806,6960
2022-08-18,6호선,창신,3642,3012
2022-08-18,6호선,동묘앞,7956,8053
2022-08-18,6호선,신당,8745,9322
2022-08-18,6호선,청구,3935,4006
2022-08-18,6호선,약수,3660,3606
2022-08-18,6호선,버티고개,2105,2168
2022-08-18,6호선,한강진,8211,9603
2022-08-18,6호선,이태원,11257,12193
2022-08-18,6호선,녹사평,5062,5166
2022-08-18,6호선,삼각지,7437,6374
2022-08-18,6호선,효창공원앞,7301,6515
2022-08-18,6호선,공덕,19192,18568
2022-08-18,6호선,대흥,8604,8781
2022-08-18,6호선,광흥창,9565,9213
2022-08-18,6호선,상수,8934,10570
2022-08-18,6호선,합정,13630,13411
2022-08-18,6호선,망원,14226,15367
2022-08-18,6호선,마포구청,14872,13154
2022-08-18,6호선,월드컵경기장,4377,4682
2022-08-18,6호선,디지털미디어시티,14633,16270
2022-08-18,6호선,증산,10036,9882
2022-08-18,6호선,새절,12754,11814
2022-08-18,6호선,구산,7890,6071
2022-08-18,6호선,연신내,1,0
2022-08-18,6호선,독바위,2855,3006
2022-08-18,6호선,불광,4613,4436
2022-08-18,6호선,역촌,3909,4435
2022-08-18,6호선,응암,17565,17210
2022-08-19,6호선,역촌,3844,4481
2022-08-19,6호선,응암,17503,17341
2022-08-19,6호선,봉화산,8963,8564
2022-08-19,6호선,화랑대,11682,9210
2022-08-19,6호선,태릉입구,5723,5997
2022-08-19,6호선,석계,12308,12995
2022-08-19,6호선,돌곶이,9608,8637
2022-08-19,6호선,상월곡,6315,5708
2022-08-19,6호선,월곡,11793,11520
2022-08-19,6호선,고려대,8279,7992
2022-08-19,6호선,안암,11017,10524
2022-08-19,6호선,보문,7835,7094
2022-08-19,6호선,창신,3745,3203
2022-08-19,6호선,동묘앞,8056,7964
2022-08-19,6호선,신당,8926,8559
2022-08-19,6호선,청구,3831,3998
2022-08-19,6호선,약수,3742,3682
2022-08-19,6호선,버티고개,2218,2225
2022-08-19,6호선,한강진,8464,9718
2022-08-19,6호선,이태원,11967,16072
2022-08-19,6호선,녹사평,5047,5416
2022-08-19,6호선,삼각지,7671,6321
2022-08-19,6호선,효창공원앞,7328,6548
2022-08-19,6호선,공덕,19054,18625
2022-08-19,6호선,대흥,8694,8665
2022-08-19,6호선,광흥창,9506,9483
2022-08-19,6호선,상수,9511,11866
2022-08-19,6호선,합정,14294,14081
2022-08-19,6호선,망원,14279,15454
2022-08-19,6호선,마포구청,14735,13243
2022-08-19,6호선,월드컵경기장,4301,4329
2022-08-19,6호선,디지털미디어시티,14253,15881
2022-08-19,6호선,증산,9891,9875
2022-08-19,6호선,새절,12626,11777
2022-08-19,6호선,구산,8043,6163
2022-08-19,6호선,연신내,1,0
2022-08-19,6호선,독바위,2760,2998
2022-08-19,6호선,불광,4564,4414
2022-08-20,6호선,봉화산,5435,5151
2022-08-20,6호선,화랑대,6805,5395
2022-08-20,6호선,태릉입구,4394,4406
2022-08-20,6호선,석계,8682,8703
2022-08-20,6호선,돌곶이,6473,5776
2022-08-20,6호선,상월곡,4160,3504
2022-08-20,6호선,월곡,7563,7179
2022-08-20,6호선,고려대,5478,4989
2022-08-20,6호선,안암,6577,6376
2022-08-20,6호선,보문,5161,4484
2022-08-20,6호선,창신,2062,1749
2022-08-20,6호선,동묘앞,7339,7106
2022-08-20,6호선,신당,6235,5749
2022-08-20,6호선,청구,2536,2350
2022-08-20,6호선,약수,2532,2567
2022-08-20,6호선,버티고개,1485,1572
2022-08-20,6호선,한강진,8565,11167
2022-08-20,6호선,이태원,14255,19700
2022-08-20,6호선,녹사평,5197,6074
2022-08-20,6호선,삼각지,6161,4283
2022-08-20,6호선,효창공원앞,4662,3903
2022-08-20,6호선,공덕,10549,9882
2022-08-20,6호선,대흥,5680,5652
2022-08-20,6호선,광흥창,5615,5160
2022-08-20,6호선,상수,8851,11292
2022-08-20,6호선,합정,12729,12445
2022-08-20,6호선,망원,12838,14186
2022-08-20,6호선,마포구청,9891,8523
2022-08-20,6호선,월드컵경기장,4820,4993
2022-08-20,6호선,디지털미디어시티,7604,7769
2022-08-20,6호선,증산,7280,7044
2022-08-20,6호선,새절,8867,7952
2022-08-20,6호선,구산,5699,4286
2022-08-20,6호선,연신내,1,0
2022-08-20,6호선,독바위,1997,2225
2022-08-20,6호선,불광,3868,3528
2022-08-20,6호선,역촌,2827,3041
2022-08-20,6호선,응암,12577,12187
2022-08-21,6호선,응암,9202,9473
2022-08-21,6호선,역촌,2179,2410
2022-08-21,6호선,불광,3081,2734
2022-08-21,6호선,독바위,1598,1868
2022-08-21,6호선,연신내,1,0
2022-08-21,6호선,구산,3951,3182
2022-08-21,6호선,새절,6520,6105
2022-08-21,6호선,증산,5541,5613
2022-08-21,6호선,디지털미디어시티,5602,5998
2022-08-21,6호선,월드컵경기장,6700,6824
2022-08-21,6호선,마포구청,7239,6541
2022-08-21,6호선,망원,9527,10475
2022-08-21,6호선,합정,9926,9285
2022-08-21,6호선,상수,6670,7723
2022-08-21,6호선,광흥창,4471,4186
2022-08-21,6호선,대흥,3752,3997
2022-08-21,6호선,공덕,6982,6684
2022-08-21,6호선,효창공원앞,3580,3261
2022-08-21,6호선,삼각지,4317,3059
2022-08-21,6호선,녹사평,4037,3884
2022-08-21,6호선,이태원,12556,10407
2022-08-21,6호선,한강진,5750,6796
2022-08-21,6호선,버티고개,1056,1155
2022-08-21,6호선,약수,1761,1762
2022-08-21,6호선,청구,1710,1693
2022-08-21,6호선,신당,4433,5147
2022-08-21,6호선,동묘앞,5674,5776
2022-08-21,6호선,창신,1628,1479
2022-08-21,6호선,보문,4109,3763
2022-08-21,6호선,안암,4761,4868
2022-08-21,6호선,고려대,4209,4127
2022-08-21,6호선,월곡,5484,5389
2022-08-21,6호선,상월곡,3267,2993
2022-08-21,6호선,돌곶이,5590,5292
2022-08-21,6호선,석계,6530,6796
2022-08-21,6호선,태릉입구,3267,3354
2022-08-21,6호선,화랑대,5207,4434
2022-08-21,6호선,봉화산,4046,3948
2022-08-22,6호선,봉화산,9064,8497
2022-08-22,6호선,화랑대,11318,8775
2022-08-22,6호선,태릉입구,5403,5843
2022-08-22,6호선,석계,12023,12680
2022-08-22,6호선,돌곶이,10736,10072
2022-08-22,6호선,상월곡,6280,5756
2022-08-22,6호선,월곡,11943,12012
2022-08-22,6호선,고려대,8251,7968
2022-08-22,6호선,안암,10580,10909
2022-08-22,6호선,보문,7491,6878
2022-08-22,6호선,창신,3627,2913
2022-08-22,6호선,동묘앞,7786,7904
2022-08-22,6호선,신당,8125,8570
2022-08-22,6호선,청구,3697,3822
2022-08-22,6호선,약수,3715,3705
2022-08-22,6호선,버티고개,2138,2195
2022-08-22,6호선,한강진,7044,8098
2022-08-22,6호선,이태원,10615,10960
2022-08-22,6호선,녹사평,4664,4586
2022-08-22,6호선,삼각지,6217,5434
2022-08-22,6호선,효창공원앞,6995,6382
2022-08-22,6호선,공덕,18410,17928
2022-08-22,6호선,대흥,8236,8409
2022-08-22,6호선,광흥창,9331,9189
2022-08-22,6호선,상수,8430,9300
2022-08-22,6호선,합정,12627,12294
2022-08-22,6호선,망원,13418,14355
2022-08-22,6호선,마포구청,14502,13233
2022-08-22,6호선,월드컵경기장,4230,4443
2022-08-22,6호선,디지털미디어시티,14403,16214
2022-08-22,6호선,증산,9772,9794
2022-08-22,6호선,새절,12387,11418
2022-08-22,6호선,구산,7904,6165
2022-08-22,6호선,연신내,1,0
2022-08-22,6호선,독바위,2783,2965
2022-08-22,6호선,불광,4147,4190
2022-08-22,6호선,역촌,3947,4534
2022-08-22,6호선,응암,17275,17289
2022-08-23,6호선,응암,17657,17551
2022-08-23,6호선,역촌,3898,4473
2022-08-23,6호선,불광,4418,4372
2022-08-23,6호선,독바위,2857,2909
2022-08-23,6호선,연신내,2,0
2022-08-23,6호선,구산,8174,6310
2022-08-23,6호선,새절,12689,11755
2022-08-23,6호선,증산,10023,10006
2022-08-23,6호선,디지털미디어시티,14919,16695
2022-08-23,6호선,월드컵경기장,4469,4754
2022-08-23,6호선,마포구청,14860,13239
2022-08-23,6호선,망원,13969,15020
2022-08-23,6호선,합정,13081,13128
2022-08-23,6호선,상수,8450,9540
2022-08-23,6호선,광흥창,9641,9313
2022-08-23,6호선,대흥,8673,8671
2022-08-23,6호선,공덕,19049,18578
2022-08-23,6호선,효창공원앞,7230,6364
2022-08-23,6호선,삼각지,7204,6177
2022-08-23,6호선,녹사평,4995,5031
2022-08-23,6호선,이태원,10992,11737
2022-08-23,6호선,한강진,8018,9244
2022-08-23,6호선,버티고개,2138,2209
2022-08-23,6호선,약수,3788,3693
2022-08-23,6호선,청구,3891,4030
2022-08-23,6호선,신당,8680,9225
2022-08-23,6호선,동묘앞,7935,8059
2022-08-23,6호선,창신,3684,2998
2022-08-23,6호선,보문,7641,6935
2022-08-23,6호선,안암,11053,11010
2022-08-23,6호선,고려대,8212,7835
2022-08-23,6호선,월곡,11918,11904
2022-08-23,6호선,상월곡,6275,5634
2022-08-23,6호선,돌곶이,9686,8881
2022-08-23,6호선,석계,12418,12897
2022-08-23,6호선,태릉입구,5632,5970
2022-08-23,6호선,화랑대,11671,9100
2022-08-23,6호선,봉화산,9165,8626
2022-08-23,6호선,신내,1,0
2022-08-24,6호선,신내,1,0
2022-08-24,6호선,봉화산,9244,8741
2022-08-24,6호선,화랑대,11714,8967
2022-08-24,6호선,태릉입구,5658,6249
2022-08-24,6호선,석계,12394,12937
2022-08-24,6호선,돌곶이,9990,9205
2022-08-24,6호선,상월곡,6310,5675
2022-08-24,6호선,월곡,12131,11921
2022-08-24,6호선,고려대,8371,8157
2022-08-24,6호선,안암,11111,11322
2022-08-24,6호선,보문,7857,7138
2022-08-24,6호선,창신,3650,2973
2022-08-24,6호선,동묘앞,8031,8186
2022-08-24,6호선,신당,9247,9699
2022-08-24,6호선,청구,3889,4049
2022-08-24,6호선,약수,3743,3700
2022-08-24,6호선,버티고개,2154,2166
2022-08-24,6호선,한강진,7949,9437
2022-08-24,6호선,이태원,11534,12194
2022-08-24,6호선,녹사평,5203,5204
2022-08-24,6호선,삼각지,7215,6141
2022-08-24,6호선,효창공원앞,7494,6608
2022-08-24,6호선,공덕,19501,18893
2022-08-24,6호선,대흥,8339,8594
2022-08-24,6호선,광흥창,9733,9571
2022-08-24,6호선,상수,8604,10093
2022-08-24,6호선,합정,13434,13373
2022-08-24,6호선,망원,14548,15551
2022-08-24,6호선,마포구청,15009,13297
2022-08-24,6호선,월드컵경기장,4536,4793
2022-08-24,6호선,디지털미디어시티,15234,16686
2022-08-24,6호선,증산,10087,10127
2022-08-24,6호선,새절,12813,11796
2022-08-24,6호선,구산,8283,6296
2022-08-24,6호선,독바위,2840,3073
2022-08-24,6호선,불광,4594,4676
2022-08-24,6호선,역촌,3874,4453
2022-08-24,6호선,응암,17679,17727
2022-08-25,6호선,역촌,3911,4443
2022-08-25,6호선,봉화산,9179,8771
2022-08-25,6호선,화랑대,11869,9414
2022-08-25,6호선,태릉입구,5682,6147
2022-08-25,6호선,석계,12364,12831
2022-08-25,6호선,돌곶이,9816,9034
2022-08-25,6호선,상월곡,6963,6355
2022-08-25,6호선,월곡,12087,11779
2022-08-25,6호선,고려대,8447,8084
2022-08-25,6호선,안암,11201,11250
2022-08-25,6호선,보문,7887,7060
2022-08-25,6호선,창신,3700,2995
2022-08-25,6호선,동묘앞,7953,8076
2022-08-25,6호선,신당,8958,9394
2022-08-25,6호선,청구,3832,4062
2022-08-25,6호선,약수,3785,3825
2022-08-25,6호선,버티고개,2167,2211
2022-08-25,6호선,한강진,8078,9434
2022-08-25,6호선,이태원,11435,12675
2022-08-25,6호선,녹사평,5215,5199
2022-08-25,6호선,삼각지,7203,5966
2022-08-25,6호선,효창공원앞,7285,6653
2022-08-25,6호선,공덕,19549,19004
2022-08-25,6호선,대흥,8449,8628
2022-08-25,6호선,광흥창,9740,9456
2022-08-25,6호선,상수,8812,10402
2022-08-25,6호선,합정,13569,13603
2022-08-25,6호선,망원,14336,15540
2022-08-25,6호선,마포구청,14953,13184
2022-08-25,6호선,월드컵경기장,4476,4865
2022-08-25,6호선,디지털미디어시티,14986,16726
2022-08-25,6호선,증산,10065,9951
2022-08-25,6호선,새절,12742,11711
2022-08-25,6호선,구산,8087,6081
2022-08-25,6호선,연신내,33,0
2022-08-25,6호선,독바위,2793,2930
2022-08-25,6호선,불광,4359,4219
2022-08-25,6호선,응암,17706,17447
2022-08-26,6호선,응암,18314,17897
2022-08-26,6호선,역촌,3953,4586
2022-08-26,6호선,불광,4667,4656
2022-08-26,6호선,독바위,2902,2974
2022-08-26,6호선,구산,8418,6215
2022-08-26,6호선,새절,13374,12096
2022-08-26,6호선,증산,10506,10225
2022-08-26,6호선,디지털미디어시티,15024,16498
2022-08-26,6호선,월드컵경기장,5183,5495
2022-08-26,6호선,마포구청,15486,13607
2022-08-26,6호선,망원,15785,17016
2022-08-26,6호선,합정,14883,15215
2022-08-26,6호선,상수,9799,12008
2022-08-26,6호선,광흥창,9837,9262
2022-08-26,6호선,대흥,9400,9478
2022-08-26,6호선,공덕,20318,19815
2022-08-26,6호선,효창공원앞,7667,6811
2022-08-26,6호선,삼각지,7955,6366
2022-08-26,6호선,녹사평,6376,7049
2022-08-26,6호선,이태원,14145,19976
2022-08-26,6호선,한강진,8891,10632
2022-08-26,6호선,버티고개,2246,2266
2022-08-26,6호선,약수,3912,3929
2022-08-26,6호선,청구,4000,4033
2022-08-26,6호선,신당,9200,8576
2022-08-26,6호선,동묘앞,8547,8220
2022-08-26,6호선,창신,3748,3023
2022-08-26,6호선,보문,8351,7600
2022-08-26,6호선,안암,11537,11352
2022-08-26,6호선,고려대,8694,8273
2022-08-26,6호선,월곡,12420,12045
2022-08-26,6호선,상월곡,6483,5650
2022-08-26,6호선,돌곶이,10119,9198
2022-08-26,6호선,석계,12864,13122
2022-08-26,6호선,태릉입구,5915,6343
2022-08-26,6호선,화랑대,11967,9175
2022-08-26,6호선,봉화산,9338,8761
2022-08-26,6호선,신내,3,0
2022-08-27,6호선,신내,1,0
2022-08-27,6호선,봉화산,5870,5519
2022-08-27,6호선,화랑대,7860,6299
2022-08-27,6호선,태릉입구,4584,4881
2022-08-27,6호선,석계,9257,9047
2022-08-27,6호선,돌곶이,6758,6006
2022-08-27,6호선,상월곡,4348,3805
2022-08-27,6호선,월곡,8089,7610
2022-08-27,6호선,고려대,5818,5446
2022-08-27,6호선,안암,7288,7179
2022-08-27,6호선,보문,5687,4977
2022-08-27,6호선,창신,2345,1921
2022-08-27,6호선,동묘앞,8170,7921
2022-08-27,6호선,신당,6096,5831
2022-08-27,6호선,청구,2708,2580
2022-08-27,6호선,약수,2589,2639
2022-08-27,6호선,버티고개,1538,1646
2022-08-27,6호선,한강진,8755,11592
2022-08-27,6호선,이태원,17334,22659
2022-08-27,6호선,녹사평,6458,7984
2022-08-27,6호선,삼각지,6758,4814
2022-08-27,6호선,효창공원앞,4966,4413
2022-08-27,6호선,공덕,10927,10601
2022-08-27,6호선,대흥,5958,5987
2022-08-27,6호선,광흥창,5649,5216
2022-08-27,6호선,상수,9330,12116
2022-08-27,6호선,합정,13950,12973
2022-08-27,6호선,망원,14749,16164
2022-08-27,6호선,마포구청,10558,8991
2022-08-27,6호선,월드컵경기장,6073,6074
2022-08-27,6호선,디지털미디어시티,8441,8526
2022-08-27,6호선,증산,7665,7396
2022-08-27,6호선,새절,9013,8249
2022-08-27,6호선,구산,5954,4285
2022-08-27,6호선,독바위,2128,2378
2022-08-27,6호선,불광,3880,3713
2022-08-27,6호선,역촌,3030,3188
2022-08-27,6호선,응암,12972,12752
2022-08-28,6호선,응암,9713,9676
2022-08-28,6호선,역촌,2136,2450
2022-08-28,6호선,불광,3221,2958
2022-08-28,6호선,독바위,1637,2019
2022-08-28,6호선,연신내,1,0
2022-08-28,6호선,구산,4246,3180
2022-08-28,6호선,새절,6634,6542
2022-08-28,6호선,증산,5797,5797
2022-08-28,6호선,디지털미디어시티,5872,6252
2022-08-28,6호선,월드컵경기장,4428,4437
2022-08-28,6호선,마포구청,7649,6888
2022-08-28,6호선,망원,10803,11676
2022-08-28,6호선,합정,10355,9516
2022-08-28,6호선,상수,7494,8201
2022-08-28,6호선,광흥창,4742,4521
2022-08-28,6호선,대흥,4191,4336
2022-08-28,6호선,공덕,7134,6728
2022-08-28,6호선,효창공원앞,3739,3281
2022-08-28,6호선,삼각지,4800,3550
2022-08-28,6호선,녹사평,4717,4782
2022-08-28,6호선,이태원,14371,11742
2022-08-28,6호선,한강진,7082,8331
2022-08-28,6호선,버티고개,1118,1300
2022-08-28,6호선,약수,1874,1849
2022-08-28,6호선,청구,1786,1734
2022-08-28,6호선,신당,5019,5510
2022-08-28,6호선,동묘앞,6789,6821
2022-08-28,6호선,창신,1664,1557
2022-08-28,6호선,보문,4266,4035
2022-08-28,6호선,안암,5452,5689
2022-08-28,6호선,고려대,4481,4463
2022-08-28,6호선,월곡,5684,5570
2022-08-28,6호선,상월곡,3477,3111
2022-08-28,6호선,돌곶이,5801,5477
2022-08-28,6호선,석계,6639,7006
2022-08-28,6호선,태릉입구,3503,3694
2022-08-28,6호선,화랑대,5520,4755
2022-08-28,6호선,봉화산,4083,4020
2022-08-29,6호선,신내,1,0
2022-08-29,6호선,봉화산,9219,8712
2022-08-29,6호선,화랑대,11829,9077
2022-08-29,6호선,태릉입구,5474,5941
2022-08-29,6호선,석계,12285,12717
2022-08-29,6호선,돌곶이,9561,8913
2022-08-29,6호선,상월곡,6503,5751
2022-08-29,6호선,월곡,12167,11862
2022-08-29,6호선,고려대,8382,8162
2022-08-29,6호선,안암,10946,11313
2022-08-29,6호선,보문,7834,7166
2022-08-29,6호선,창신,3846,3252
2022-08-29,6호선,동묘앞,7885,8094
2022-08-29,6호선,신당,8067,8700
2022-08-29,6호선,청구,3815,3859
2022-08-29,6호선,약수,3734,3672
2022-08-29,6호선,버티고개,2205,2172
2022-08-29,6호선,한강진,7079,8269
2022-08-29,6호선,이태원,10715,11002
2022-08-29,6호선,녹사평,4875,4726
2022-08-29,6호선,삼각지,6633,5530
2022-08-29,6호선,효창공원앞,7300,6562
2022-08-29,6호선,공덕,19186,18743
2022-08-29,6호선,대흥,8631,8875
2022-08-29,6호선,광흥창,9607,9376
2022-08-29,6호선,상수,8230,8865
2022-08-29,6호선,합정,12753,12633
2022-08-29,6호선,망원,13698,14631
2022-08-29,6호선,마포구청,15144,13487
2022-08-29,6호선,월드컵경기장,4682,4914
2022-08-29,6호선,디지털미디어시티,15280,16742
2022-08-29,6호선,증산,10155,9933
2022-08-29,6호선,새절,12925,11817
2022-08-29,6호선,구산,8106,6230
2022-08-29,6호선,독바위,2797,2905
2022-08-29,6호선,불광,4264,4418
2022-08-29,6호선,역촌,3830,4547
2022-08-29,6호선,응암,17965,17884
2022-08-30,6호선,응암,17706,17585
2022-08-30,6호선,역촌,3891,4552
2022-08-30,6호선,불광,4296,4284
2022-08-30,6호선,독바위,2836,2929
2022-08-30,6호선,연신내,1,0
2022-08-30,6호선,구산,7983,6155
2022-08-30,6호선,새절,12719,11837
2022-08-30,6호선,증산,10018,9972
2022-08-30,6호선,디지털미디어시티,15066,16961
2022-08-30,6호선,월드컵경기장,4155,4398
2022-08-30,6호선,마포구청,14754,13401
2022-08-30,6호선,망원,13439,14441
2022-08-30,6호선,합정,12582,12625
2022-08-30,6호선,상수,8588,9639
2022-08-30,6호선,광흥창,9719,9449
2022-08-30,6호선,대흥,8624,8912
2022-08-30,6호선,공덕,19321,18773
2022-08-30,6호선,효창공원앞,7279,6537
2022-08-30,6호선,삼각지,7651,6714
2022-08-30,6호선,녹사평,4679,4790
2022-08-30,6호선,이태원,10225,10797
2022-08-30,6호선,한강진,8460,9532
2022-08-30,6호선,버티고개,2164,2257
2022-08-30,6호선,약수,3761,3692
2022-08-30,6호선,청구,3936,4055
2022-08-30,6호선,신당,8944,9554
2022-08-30,6호선,동묘앞,7622,8042
2022-08-30,6호선,창신,4027,3544
2022-08-30,6호선,보문,7829,7109
2022-08-30,6호선,안암,11162,11378
2022-08-30,6호선,고려대,8278,8112
2022-08-30,6호선,월곡,11603,11635
2022-08-30,6호선,상월곡,6342,5731
2022-08-30,6호선,돌곶이,9359,8744
2022-08-30,6호선,석계,12263,12807
2022-08-30,6호선,태릉입구,5511,5961
2022-08-30,6호선,화랑대,11751,9037
2022-08-30,6호선,봉화산,9168,8632
2022-08-31,6호선,응암,18616,18494
2022-08-31,6호선,역촌,4024,4601
2022-08-31,6호선,불광,4960,4834
2022-08-31,6호선,독바위,2837,2975
2022-08-31,6호선,연신내,1,0
2022-08-31,6호선,구산,8459,6258
2022-08-31,6호선,새절,13202,12231
2022-08-31,6호선,증산,10350,10135
2022-08-31,6호선,디지털미디어시티,15724,17626
2022-08-31,6호선,월드컵경기장,4830,5028
2022-08-31,6호선,마포구청,15326,13662
2022-08-31,6호선,망원,14738,15509
2022-08-31,6호선,합정,13636,13747
2022-08-31,6호선,상수,8899,10270
2022-08-31,6호선,광흥창,10014,9717
2022-08-31,6호선,대흥,9104,9260
2022-08-31,6호선,공덕,20097,19531
2022-08-31,6호선,효창공원앞,7646,6863
2022-08-31,6호선,삼각지,8017,6450
2022-08-31,6호선,녹사평,5441,5245
2022-08-31,6호선,이태원,11443,12448
2022-08-31,6호선,한강진,9595,10871
2022-08-31,6호선,버티고개,2210,2265
2022-08-31,6호선,약수,3915,3873
2022-08-31,6호선,청구,3965,4091
2022-08-31,6호선,신당,8993,9608
2022-08-31,6호선,동묘앞,8278,8533
2022-08-31,6호선,창신,4065,3478
2022-08-31,6호선,보문,8054,7376
2022-08-31,6호선,안암,11858,12527
2022-08-31,6호선,고려대,8473,8530
2022-08-31,6호선,월곡,12029,12008
2022-08-31,6호선,상월곡,6643,5924
2022-08-31,6호선,돌곶이,9885,9144
2022-08-31,6호선,석계,13028,13456
2022-08-31,6호선,태릉입구,5863,6235
2022-08-31,6호선,화랑대,12047,9422
2022-08-31,6호선,봉화산,9533,9026
2022-09-01,6호선,봉화산,9874,9172
2022-09-01,6호선,화랑대,13985,10827
2022-09-01,6호선,태릉입구,6291,7023
2022-09-01,6호선,석계,13607,14419
2022-09-01,6호선,돌곶이,10355,9435
2022-09-01,6호선,상월곡,7881,7425
2022-09-01,6호선,월곡,14309,13911
2022-09-01,6호선,고려대,10289,10034
2022-09-01,6호선,안암,16259,16494
2022-09-01,6호선,보문,8386,7590
2022-09-01,6호선,창신,4020,3546
2022-09-01,6호선,동묘앞,8444,8714
2022-09-01,6호선,신당,9033,9613
2022-09-01,6호선,청구,3955,4124
2022-09-01,6호선,약수,3979,3850
2022-09-01,6호선,버티고개,2488,2439
2022-09-01,6호선,한강진,9356,10964
2022-09-01,6호선,이태원,11594,12989
2022-09-01,6호선,녹사평,5376,5318
2022-09-01,6호선,삼각지,8013,6598
2022-09-01,6호선,효창공원앞,8109,7775
2022-09-01,6호선,공덕,20381,19735
2022-09-01,6호선,대흥,10509,10784
2022-09-01,6호선,광흥창,10196,9905
2022-09-01,6호선,상수,10266,12037
2022-09-01,6호선,합정,14124,14088
2022-09-01,6호선,망원,14941,15975
2022-09-01,6호선,마포구청,15795,14128
2022-09-01,6호선,월드컵경기장,5135,5377
2022-09-01,6호선,디지털미디어시티,15911,17519
2022-09-01,6호선,증산,10785,10705
2022-09-01,6호선,새절,14083,13011
2022-09-01,6호선,구산,8504,6346
2022-09-01,6호선,연신내,1,0
2022-09-01,6호선,독바위,2995,3136
2022-09-01,6호선,불광,4675,4652
2022-09-01,6호선,역촌,4082,4789
2022-09-01,6호선,응암,19034,18836
2022-09-02,6호선,봉화산,9943,9303
2022-09-02,6호선,화랑대,13447,10141
2022-09-02,6호선,태릉입구,6404,6991
2022-09-02,6호선,석계,13806,14406
2022-09-02,6호선,돌곶이,10459,9489
2022-09-02,6호선,상월곡,7194,6473
2022-09-02,6호선,월곡,13987,13406
2022-09-02,6호선,고려대,9776,9331
2022-09-02,6호선,안암,14572,14083
2022-09-02,6호선,보문,8863,7674
2022-09-02,6호선,창신,4045,3383
2022-09-02,6호선,동묘앞,8587,8799
2022-09-02,6호선,신당,9219,8919
2022-09-02,6호선,청구,4076,4255
2022-09-02,6호선,약수,3992,3993
2022-09-02,6호선,버티고개,2440,2356
2022-09-02,6호선,한강진,10797,12869
2022-09-02,6호선,이태원,14308,19805
2022-09-02,6호선,녹사평,6301,6712
2022-09-02,6호선,삼각지,8515,6779
2022-09-02,6호선,효창공원앞,8273,7520
2022-09-02,6호선,공덕,20633,20176
2022-09-02,6호선,대흥,10512,10766
2022-09-02,6호선,광흥창,10061,9627
2022-09-02,6호선,상수,10897,13502
2022-09-02,6호선,합정,15248,15177
2022-09-02,6호선,망원,16035,17726
2022-09-02,6호선,마포구청,15877,13837
2022-09-02,6호선,월드컵경기장,4971,5187
2022-09-02,6호선,디지털미디어시티,15776,17188
2022-09-02,6호선,증산,10896,10721
2022-09-02,6호선,새절,14228,13022
2022-09-02,6호선,구산,8790,6392
2022-09-02,6호선,연신내,2,0
2022-09-02,6호선,독바위,3106,3077
2022-09-02,6호선,불광,4888,4737
2022-09-02,6호선,역촌,4208,4716
2022-09-02,6호선,응암,19105,18764
2022-09-03,6호선,석계,9440,9646
2022-09-03,6호선,응암,13466,12999
2022-09-03,6호선,역촌,2874,3236
2022-09-03,6호선,불광,4107,3833
2022-09-03,6호선,독바위,2178,2450
2022-09-03,6호선,구산,6128,4632
2022-09-03,6호선,새절,9181,8621
2022-09-03,6호선,증산,7959,7619
2022-09-03,6호선,디지털미디어시티,8473,8695
2022-09-03,6호선,월드컵경기장,8622,9020
2022-09-03,6호선,마포구청,10435,8865
2022-09-03,6호선,망원,14881,16909
2022-09-03,6호선,합정,14188,13801
2022-09-03,6호선,상수,9770,12675
2022-09-03,6호선,광흥창,5971,5362
2022-09-03,6호선,대흥,6761,6572
2022-09-03,6호선,공덕,11536,10958
2022-09-03,6호선,효창공원앞,5291,4540
2022-09-03,6호선,삼각지,7185,5025
2022-09-03,6호선,녹사평,6326,7238
2022-09-03,6호선,이태원,17139,23018
2022-09-03,6호선,한강진,11399,14417
2022-09-03,6호선,버티고개,1686,1742
2022-09-03,6호선,약수,2715,2668
2022-09-03,6호선,청구,2742,2617
2022-09-03,6호선,신당,6801,6320
2022-09-03,6호선,동묘앞,8534,8484
2022-09-03,6호선,창신,2275,1876
2022-09-03,6호선,보문,5732,5039
2022-09-03,6호선,안암,8364,7792
2022-09-03,6호선,고려대,6888,6386
2022-09-03,6호선,월곡,8422,7902
2022-09-03,6호선,상월곡,4519,3816
2022-09-03,6호선,돌곶이,6851,6072
2022-09-03,6호선,태릉입구,4643,4752
2022-09-03,6호선,화랑대,8153,6284
2022-09-03,6호선,봉화산,5855,5664
2022-09-04,6호선,응암,8849,8823
2022-09-04,6호선,역촌,1992,2361
2022-09-04,6호선,불광,2850,2488
2022-09-04,6호선,독바위,1375,1547
2022-09-04,6호선,구산,3925,3064
2022-09-04,6호선,새절,6009,5950
2022-09-04,6호선,증산,5097,5091
2022-09-04,6호선,디지털미디어시티,5364,5635
2022-09-04,6호선,월드컵경기장,12916,12336
2022-09-04,6호선,마포구청,7203,6433
2022-09-04,6호선,망원,9516,10153
2022-09-04,6호선,합정,9718,9377
2022-09-04,6호선,상수,6937,7641
2022-09-04,6호선,광흥창,4052,4046
2022-09-04,6호선,대흥,4093,4249
2022-09-04,6호선,공덕,6899,6674
2022-09-04,6호선,효창공원앞,3261,3007
2022-09-04,6호선,삼각지,4231,3218
2022-09-04,6호선,녹사평,3642,3458
2022-09-04,6호선,이태원,12761,9416
2022-09-04,6호선,한강진,6977,7789
2022-09-04,6호선,버티고개,1017,1148
2022-09-04,6호선,약수,1755,1741
2022-09-04,6호선,청구,1647,1601
2022-09-04,6호선,신당,4738,5332
2022-09-04,6호선,동묘앞,4680,5029
2022-09-04,6호선,창신,1639,1443
2022-09-04,6호선,보문,3951,3820
2022-09-04,6호선,안암,5599,6319
2022-09-04,6호선,고려대,4170,4155
2022-09-04,6호선,월곡,5285,5311
2022-09-04,6호선,상월곡,3156,2912
2022-09-04,6호선,돌곶이,5444,5166
2022-09-04,6호선,석계,6242,6586
2022-09-04,6호선,태릉입구,3273,3328
2022-09-04,6호선,화랑대,4684,4408
2022-09-04,6호선,봉화산,3744,3743
2022-09-04,6호선,신내,1,0
2022-09-05,6호선,봉화산,9110,8759
2022-09-05,6호선,화랑대,12989,10129
2022-09-05,6호선,태릉입구,5697,6254
2022-09-05,6호선,석계,12692,13967
2022-09-05,6호선,돌곶이,9650,9034
2022-09-05,6호선,상월곡,6923,6705
2022-09-05,6호선,월곡,13179,13027
2022-09-05,6호선,고려대,9426,9383
2022-09-05,6호선,안암,15343,15688
2022-09-05,6호선,보문,7697,7200
2022-09-05,6호선,창신,4016,3551
2022-09-05,6호선,동묘앞,7364,8083
2022-09-05,6호선,신당,8326,9003
2022-09-05,6호선,청구,3796,4016
2022-09-05,6호선,약수,3515,3448
2022-09-05,6호선,버티고개,2282,2265
2022-09-05,6호선,한강진,6254,7132
2022-09-05,6호선,이태원,8731,8948
2022-09-05,6호선,녹사평,4209,4064
2022-09-05,6호선,삼각지,6333,5850
2022-09-05,6호선,효창공원앞,7370,7368
2022-09-05,6호선,공덕,18215,18126
2022-09-05,6호선,대흥,9271,9874
2022-09-05,6호선,광흥창,9244,9258
2022-09-05,6호선,상수,9103,9916
2022-09-05,6호선,합정,11591,11385
2022-09-05,6호선,망원,12466,13142
2022-09-05,6호선,마포구청,14622,13354
2022-09-05,6호선,월드컵경기장,3427,3614
2022-09-05,6호선,디지털미디어시티,14460,16414
2022-09-05,6호선,증산,9777,10069
2022-09-05,6호선,새절,12808,12045
2022-09-05,6호선,구산,7732,6173
2022-09-05,6호선,독바위,2833,2987
2022-09-05,6호선,불광,4031,3943
2022-09-05,6호선,역촌,3912,4512
2022-09-05,6호선,응암,16885,17116
2022-09-06,6호선,봉화산,9131,8505
2022-09-06,6호선,화랑대,12662,9810
2022-09-06,6호선,태릉입구,5915,6541
2022-09-06,6호선,석계,13092,13656
2022-09-06,6호선,돌곶이,9703,8840
2022-09-06,6호선,상월곡,6846,6385
2022-09-06,6호선,월곡,13800,13107
2022-09-06,6호선,고려대,9500,9230
2022-09-06,6호선,안암,15077,15459
2022-09-06,6호선,보문,7853,7145
2022-09-06,6호선,창신,3464,2782
2022-09-06,6호선,동묘앞,7939,8016
2022-09-06,6호선,신당,8691,9031
2022-09-06,6호선,청구,3799,4008
2022-09-06,6호선,약수,3763,3690
2022-09-06,6호선,버티고개,2292,2205
2022-09-06,6호선,한강진,8079,9503
2022-09-06,6호선,이태원,10222,10498
2022-09-06,6호선,녹사평,5575,4930
2022-09-06,6호선,삼각지,7395,6364
2022-09-06,6호선,효창공원앞,8055,7500
2022-09-06,6호선,공덕,18821,18112
2022-09-06,6호선,대흥,9947,10515
2022-09-06,6호선,광흥창,9611,9022
2022-09-06,6호선,상수,9404,10985
2022-09-06,6호선,합정,12364,12700
2022-09-06,6호선,망원,13958,14976
2022-09-06,6호선,마포구청,14970,13185
2022-09-06,6호선,월드컵경기장,4752,4991
2022-09-06,6호선,디지털미디어시티,14679,15904
2022-09-06,6호선,증산,10232,10071
2022-09-06,6호선,새절,13043,12014
2022-09-06,6호선,구산,7699,5824
2022-09-06,6호선,독바위,2761,2840
2022-09-06,6호선,불광,4327,4283
2022-09-06,6호선,역촌,3890,4425
2022-09-06,6호선,응암,17660,17341
2022-09-07,6호선,응암,19420,19015
2022-09-07,6호선,역촌,4165,4738
2022-09-07,6호선,불광,4873,4831
2022-09-07,6호선,독바위,3071,3202
2022-09-07,6호선,연신내,1,0
2022-09-07,6호선,구산,8952,6563
2022-09-07,6호선,새절,14521,13187
2022-09-07,6호선,증산,11043,10940
2022-09-07,6호선,디지털미디어시티,16457,17987
2022-09-07,6호선,월드컵경기장,4988,5277
2022-09-07,6호선,마포구청,16302,14137
2022-09-07,6호선,망원,16122,16957
2022-09-07,6호선,합정,14234,14245
2022-09-07,6호선,상수,10504,12165
2022-09-07,6호선,광흥창,10550,10182
2022-09-07,6호선,대흥,10863,11310
2022-09-07,6호선,공덕,20932,20398
2022-09-07,6호선,효창공원앞,8459,8017
2022-09-07,6호선,삼각지,8138,7002
2022-09-07,6호선,녹사평,5740,5683
2022-09-07,6호선,이태원,11797,12918
2022-09-07,6호선,한강진,10490,12024
2022-09-07,6호선,버티고개,2541,2552
2022-09-07,6호선,약수,4122,4034
2022-09-07,6호선,청구,4144,4344
2022-09-07,6호선,신당,9942,10394
2022-09-07,6호선,동묘앞,8755,9046
2022-09-07,6호선,창신,4347,3712
2022-09-07,6호선,보문,8765,7899
2022-09-07,6호선,안암,17281,17233
2022-09-07,6호선,고려대,10851,10526
2022-09-07,6호선,월곡,15517,14704
2022-09-07,6호선,상월곡,7774,7179
2022-09-07,6호선,돌곶이,10812,9984
2022-09-07,6호선,석계,14273,14855
2022-09-07,6호선,태릉입구,6453,7306
2022-09-07,6호선,화랑대,14627,11005
2022-09-07,6호선,봉화산,10149,9458
2022-09-08,6호선,응암,19079,18224
2022-09-08,6호선,역촌,4044,4509
2022-09-08,6호선,불광,4734,4612
2022-09-08,6호선,독바위,2920,2868
2022-09-08,6호선,연신내,2,0
2022-09-08,6호선,구산,8611,6250
2022-09-08,6호선,새절,13873,12539
2022-09-08,6호선,증산,10863,10442
2022-09-08,6호선,디지털미디어시티,15389,16922
2022-09-08,6호선,월드컵경기장,5234,5517
2022-09-08,6호선,마포구청,15666,13163
2022-09-08,6호선,망원,16567,17970
2022-09-08,6호선,합정,14426,14376
2022-09-08,6호선,상수,10914,12578
2022-09-08,6호선,광흥창,9798,9002
2022-09-08,6호선,대흥,10457,10429
2022-09-08,6호선,공덕,19656,19017
2022-09-08,6호선,효창공원앞,8131,7562
2022-09-08,6호선,삼각지,7620,6179
2022-09-08,6호선,녹사평,5754,6255
2022-09-08,6호선,이태원,12674,17026
2022-09-08,6호선,한강진,9691,11782
2022-09-08,6호선,버티고개,2442,2307
2022-09-08,6호선,약수,4137,3867
2022-09-08,6호선,청구,3833,3949
2022-09-08,6호선,신당,8671,8197
2022-09-08,6호선,동묘앞,8673,8500
2022-09-08,6호선,창신,4032,3453
2022-09-08,6호선,보문,8742,7257
2022-09-08,6호선,안암,18171,16168
2022-09-08,6호선,고려대,10974,9717
2022-09-08,6호선,월곡,14619,13453
2022-09-08,6호선,상월곡,7903,7205
2022-09-08,6호선,돌곶이,10428,9017
2022-09-08,6호선,석계,13952,14435
2022-09-08,6호선,태릉입구,6427,6869
2022-09-08,6호선,화랑대,14675,10420
2022-09-08,6호선,봉화산,9729,8930
2022-09-08,6호선,신내,1,0
2022-09-09,6호선,돌곶이,4250,3629
2022-09-09,6호선,상월곡,2942,2169
2022-09-09,6호선,월곡,5250,4602
2022-09-09,6호선,고려대,4400,3368
2022-09-09,6호선,안암,5811,3823
2022-09-09,6호선,보문,3892,2730
2022-09-09,6호선,창신,1461,1161
2022-09-09,6호선,동묘앞,5349,4576
2022-09-09,6호선,신당,3118,2466
2022-09-09,6호선,청구,1592,1471
2022-09-09,6호선,약수,1575,1479
2022-09-09,6호선,버티고개,953,1033
2022-09-09,6호선,한강진,5722,7308
2022-09-09,6호선,이태원,12779,15675
2022-09-09,6호선,녹사평,3580,3970
2022-09-09,6호선,삼각지,3616,2431
2022-09-09,6호선,석계,5836,5693
2022-09-09,6호선,태릉입구,2750,2765
2022-09-09,6호선,화랑대,4516,3556
2022-09-09,6호선,봉화산,3541,3500
2022-09-09,6호선,효창공원앞,3007,2498
2022-09-09,6호선,공덕,6356,5684
2022-09-09,6호선,대흥,3677,3191
2022-09-09,6호선,광흥창,3436,2954
2022-09-09,6호선,상수,5690,6089
2022-09-09,6호선,합정,7970,7357
2022-09-09,6호선,망원,10535,11050
2022-09-09,6호선,마포구청,6665,4725
2022-09-09,6호선,월드컵경기장,3764,3833
2022-09-09,6호선,디지털미디어시티,4993,4908
2022-09-09,6호선,증산,5115,4666
2022-09-09,6호선,새절,5913,5368
2022-09-09,6호선,구산,3728,2624
2022-09-09,6호선,연신내,1,0
2022-09-09,6호선,독바위,1465,1639
2022-09-09,6호선,불광,2640,2442
2022-09-09,6호선,역촌,1804,1937
2022-09-09,6호선,응암,8865,8158
2022-09-10,6호선,봉화산,3105,3022
2022-09-10,6호선,화랑대,3690,3072
2022-09-10,6호선,태릉입구,2248,2217
2022-09-10,6호선,석계,4877,4977
2022-09-10,6호선,돌곶이,3525,3270
2022-09-10,6호선,상월곡,2404,2171
2022-09-10,6호선,월곡,4178,3849
2022-09-10,6호선,고려대,3374,3094
2022-09-10,6호선,안암,3297,3048
2022-09-10,6호선,보문,3088,2713
2022-09-10,6호선,창신,1233,1126
2022-09-10,6호선,동묘앞,4287,3830
2022-09-10,6호선,신당,2171,1850
2022-09-10,6호선,청구,1367,1228
2022-09-10,6호선,약수,1064,1115
2022-09-10,6호선,버티고개,865,927
2022-09-10,6호선,한강진,3837,4432
2022-09-10,6호선,이태원,10857,15038
2022-09-10,6호선,녹사평,3143,3417
2022-09-10,6호선,삼각지,3436,2210
2022-09-10,6호선,효창공원앞,2411,2041
2022-09-10,6호선,공덕,4591,4342
2022-09-10,6호선,대흥,2541,2500
2022-09-10,6호선,광흥창,2431,2315
2022-09-10,6호선,상수,3898,4713
2022-09-10,6호선,합정,5694,5333
2022-09-10,6호선,망원,6169,6416
2022-09-10,6호선,마포구청,5276,4578
2022-09-10,6호선,월드컵경기장,7141,7304
2022-09-10,6호선,디지털미디어시티,4203,4231
2022-09-10,6호선,증산,4236,4211
2022-09-10,6호선,새절,5194,4970
2022-09-10,6호선,구산,3086,2259
2022-09-10,6호선,독바위,1313,1481
2022-09-10,6호선,불광,1697,1758
2022-09-10,6호선,역촌,1600,1762
2022-09-10,6호선,응암,7287,7188
2022-09-11,6호선,봉화산,3756,3654
2022-09-11,6호선,화랑대,4537,3940
2022-09-11,6호선,태릉입구,2729,2913
2022-09-11,6호선,석계,5687,6000
2022-09-11,6호선,돌곶이,4971,4818
2022-09-11,6호선,상월곡,2882,2577
2022-09-11,6호선,월곡,4516,4669
2022-09-11,6호선,고려대,3467,3699
2022-09-11,6호선,안암,3339,4164
2022-09-11,6호선,보문,3295,3439
2022-09-11,6호선,창신,1409,1285
2022-09-11,6호선,동묘앞,5845,5492
2022-09-11,6호선,신당,4323,4081
2022-09-11,6호선,청구,1726,1632
2022-09-11,6호선,약수,1376,1392
2022-09-11,6호선,버티고개,1011,1042
2022-09-11,6호선,한강진,5849,7073
2022-09-11,6호선,이태원,13042,15526
2022-09-11,6호선,녹사평,3726,4261
2022-09-11,6호선,삼각지,3997,2661
2022-09-11,6호선,효창공원앞,2751,2469
2022-09-11,6호선,공덕,5847,5526
2022-09-11,6호선,대흥,3072,3285
2022-09-11,6호선,광흥창,3337,3238
2022-09-11,6호선,상수,5562,7339
2022-09-11,6호선,합정,8141,7840
2022-09-11,6호선,망원,7695,9244
2022-09-11,6호선,마포구청,5866,5509
2022-09-11,6호선,월드컵경기장,4221,4140
2022-09-11,6호선,디지털미디어시티,5045,5256
2022-09-11,6호선,증산,4980,4979
2022-09-11,6호선,새절,5902,5719
2022-09-11,6호선,구산,3591,2599
2022-09-11,6호선,연신내,1,0
2022-09-11,6호선,독바위,1533,1788
2022-09-11,6호선,불광,2725,2592
2022-09-11,6호선,역촌,1778,2093
2022-09-11,6호선,응암,8246,8296
2022-09-12,6호선,월곡,5200,5452
2022-09-12,6호선,고려대,3765,4367
2022-09-12,6호선,안암,4612,6721
2022-09-12,6호선,보문,3273,3576
2022-09-12,6호선,창신,1481,1287
2022-09-12,6호선,동묘앞,5246,5588
2022-09-12,6호선,신당,3927,4526
2022-09-12,6호선,청구,1683,1606
2022-09-12,6호선,약수,1631,1639
2022-09-12,6호선,버티고개,1087,1139
2022-09-12,6호선,한강진,5642,6460
2022-09-12,6호선,이태원,10990,9293
2022-09-12,6호선,녹사평,3575,3455
2022-09-12,6호선,삼각지,3573,2681
2022-09-12,6호선,효창공원앞,3339,2933
2022-09-12,6호선,공덕,6440,6394
2022-09-12,6호선,대흥,3669,4190
2022-09-12,6호선,광흥창,3498,3287
2022-09-12,6호선,상수,6081,7527
2022-09-12,6호선,합정,9032,8167
2022-09-12,6호선,망원,8643,9814
2022-09-12,6호선,마포구청,6495,6302
2022-09-12,6호선,월드컵경기장,5588,5810
2022-09-12,6호선,디지털미디어시티,5326,5367
2022-09-12,6호선,증산,5340,5528
2022-09-12,6호선,새절,6233,6044
2022-09-12,6호선,구산,3973,3104
2022-09-12,6호선,신내,1,0
2022-09-12,6호선,봉화산,3815,3707
2022-09-12,6호선,화랑대,4788,4655
2022-09-12,6호선,연신내,1,0
2022-09-12,6호선,독바위,1555,1846
2022-09-12,6호선,불광,2966,2846
2022-09-12,6호선,역촌,1942,2279
2022-09-12,6호선,응암,9015,9208
2022-09-12,6호선,태릉입구,2836,3443
2022-09-12,6호선,석계,6213,6803
2022-09-12,6호선,돌곶이,4151,4027
2022-09-12,6호선,상월곡,2892,2809
2022-09-13,6호선,구산,8300,6311
2022-09-13,6호선,신내,2,0
2022-09-13,6호선,봉화산,9252,8713
2022-09-13,6호선,화랑대,13494,10723
2022-09-13,6호선,태릉입구,5914,6780
2022-09-13,6호선,석계,13070,14030
2022-09-13,6호선,돌곶이,9787,9177
2022-09-13,6호선,상월곡,6898,6757
2022-09-13,6호선,월곡,14037,13523
2022-09-13,6호선,고려대,10049,10028
2022-09-13,6호선,안암,16042,17013
2022-09-13,6호선,보문,7985,7353
2022-09-13,6호선,창신,3772,3223
2022-09-13,6호선,동묘앞,7734,8506
2022-09-13,6호선,신당,7731,8675
2022-09-13,6호선,청구,3679,3879
2022-09-13,6호선,약수,3613,3591
2022-09-13,6호선,버티고개,2341,2314
2022-09-13,6호선,한강진,7871,9013
2022-09-13,6호선,이태원,9977,10554
2022-09-13,6호선,녹사평,4743,4789
2022-09-13,6호선,삼각지,7027,5927
2022-09-13,6호선,효창공원앞,7904,7480
2022-09-13,6호선,공덕,18524,18086
2022-09-13,6호선,대흥,9933,10413
2022-09-13,6호선,광흥창,9426,9185
2022-09-13,6호선,상수,10038,11663
2022-09-13,6호선,합정,12892,13093
2022-09-13,6호선,망원,13346,14368
2022-09-13,6호선,마포구청,14862,13470
2022-09-13,6호선,월드컵경기장,6416,6911
2022-09-13,6호선,디지털미디어시티,15302,16662
2022-09-13,6호선,증산,10387,10451
2022-09-13,6호선,새절,13362,12536
2022-09-13,6호선,독바위,2844,2948
2022-09-13,6호선,불광,4461,4463
2022-09-13,6호선,역촌,4012,4644
2022-09-13,6호선,응암,18125,18010
2022-09-14,6호선,봉화산,9884,9242
2022-09-14,6호선,화랑대,14173,10920
2022-09-14,6호선,태릉입구,6078,7158
2022-09-14,6호선,석계,13645,14313
2022-09-14,6호선,돌곶이,10376,9596
2022-09-14,6호선,상월곡,7448,7120
2022-09-14,6호선,월곡,14614,13955
2022-09-14,6호선,고려대,10658,10601
2022-09-14,6호선,안암,16217,16637
2022-09-14,6호선,보문,8305,7769
2022-09-14,6호선,창신,4092,3695
2022-09-14,6호선,동묘앞,8396,8712
2022-09-14,6호선,신당,9391,9941
2022-09-14,6호선,청구,3997,4166
2022-09-14,6호선,망원,14057,14945
2022-09-14,6호선,마포구청,15431,13920
2022-09-14,6호선,월드컵경기장,4747,5098
2022-09-14,6호선,디지털미디어시티,16113,17752
2022-09-14,6호선,증산,10944,10927
2022-09-14,6호선,새절,13912,12960
2022-09-14,6호선,구산,8463,6342
2022-09-14,6호선,독바위,2966,3023
2022-09-14,6호선,불광,4566,4597
2022-09-14,6호선,역촌,4007,4658
2022-09-14,6호선,응암,18826,18584
2022-09-14,6호선,약수,3784,3678
2022-09-14,6호선,버티고개,2421,2319
2022-09-14,6호선,한강진,8798,10168
2022-09-14,6호선,이태원,10424,11447
2022-09-14,6호선,녹사평,5196,5116
2022-09-14,6호선,삼각지,7843,6767
2022-09-14,6호선,효창공원앞,8102,7899
2022-09-14,6호선,공덕,20086,19461
2022-09-14,6호선,대흥,10207,10647
2022-09-14,6호선,광흥창,10055,9724
2022-09-14,6호선,상수,10110,11925
2022-09-14,6호선,합정,13175,13282
2022-09-15,6호선,응암,19068,18617
2022-09-15,6호선,역촌,4108,4718
2022-09-15,6호선,불광,4548,4516
2022-09-15,6호선,독바위,3065,3146
2022-09-15,6호선,구산,8465,6342
2022-09-15,6호선,새절,14083,13066
2022-09-15,6호선,증산,10761,10760
2022-09-15,6호선,디지털미디어시티,16076,17919
2022-09-15,6호선,월드컵경기장,4817,5056
2022-09-15,6호선,마포구청,15916,14195
2022-09-15,6호선,망원,14566,15619
2022-09-15,6호선,합정,13803,13828
2022-09-15,6호선,상수,10438,12018
2022-09-15,6호선,광흥창,10078,9724
2022-09-15,6호선,대흥,10558,10965
2022-09-15,6호선,공덕,20343,19992
2022-09-15,6호선,효창공원앞,8379,7880
2022-09-15,6호선,삼각지,7956,6839
2022-09-15,6호선,녹사평,5337,5287
2022-09-15,6호선,이태원,11063,12717
2022-09-15,6호선,한강진,8933,10418
2022-09-15,6호선,버티고개,2418,2367
2022-09-15,6호선,약수,3842,3835
2022-09-15,6호선,청구,4069,4262
2022-09-15,6호선,신당,9196,9733
2022-09-15,6호선,동묘앞,8385,8748
2022-09-15,6호선,창신,4212,3677
2022-09-15,6호선,보문,8614,7901
2022-09-15,6호선,안암,16588,16690
2022-09-15,6호선,고려대,10766,10367
2022-09-15,6호선,월곡,14464,13838
2022-09-15,6호선,상월곡,7766,7446
2022-09-15,6호선,돌곶이,10368,9501
2022-09-15,6호선,석계,13802,14461
2022-09-15,6호선,태릉입구,6254,7169
2022-09-15,6호선,화랑대,14183,10812
2022-09-15,6호선,봉화산,9861,9295
2022-09-16,6호선,봉화산,9946,9409
2022-09-16,6호선,화랑대,13857,10456
2022-09-16,6호선,태릉입구,6534,7055
2022-09-16,6호선,석계,13799,14622
2022-09-16,6호선,돌곶이,13775,12831
2022-09-16,6호선,상월곡,7178,6565
2022-09-16,6호선,월곡,14074,13497
2022-09-16,6호선,고려대,10109,10032
2022-09-16,6호선,안암,15334,14948
2022-09-16,6호선,보문,8735,7868
2022-09-16,6호선,창신,3896,3165
2022-09-16,6호선,동묘앞,8618,8671
2022-09-16,6호선,신당,9546,9090
2022-09-16,6호선,청구,4182,4186
2022-09-16,6호선,약수,4084,4108
2022-09-16,6호선,버티고개,2405,2390
2022-09-16,6호선,한강진,9807,11654
2022-09-16,6호선,이태원,14008,19097
2022-09-16,6호선,녹사평,5881,6569
2022-09-16,6호선,삼각지,10348,7410
2022-09-16,6호선,효창공원앞,8250,7820
2022-09-16,6호선,공덕,20974,20834
2022-09-16,6호선,대흥,10537,10817
2022-09-16,6호선,광흥창,10119,9860
2022-09-16,6호선,상수,11716,14158
2022-09-16,6호선,합정,15392,15831
2022-09-16,6호선,망원,15357,16678
2022-09-16,6호선,마포구청,16092,14473
2022-09-16,6호선,월드컵경기장,4877,5195
2022-09-16,6호선,디지털미디어시티,15816,17392
2022-09-16,6호선,증산,10707,10605
2022-09-16,6호선,새절,14057,13036
2022-09-16,6호선,구산,8825,6527
2022-09-16,6호선,연신내,1,0
2022-09-16,6호선,독바위,2985,3103
2022-09-16,6호선,불광,4616,4490
2022-09-16,6호선,역촌,4154,4962
2022-09-16,6호선,응암,19075,18524
2022-09-17,6호선,녹사평,6374,7625
2022-09-17,6호선,봉화산,5952,5611
2022-09-17,6호선,화랑대,8006,6247
2022-09-17,6호선,태릉입구,4763,4965
2022-09-17,6호선,석계,9375,9288
2022-09-17,6호선,돌곶이,6621,5945
2022-09-17,6호선,상월곡,4474,3741
2022-09-17,6호선,월곡,8152,7521
2022-09-17,6호선,고려대,6769,6241
2022-09-17,6호선,안암,8499,7961
2022-09-17,6호선,보문,5780,5190
2022-09-17,6호선,창신,2405,1924
2022-09-17,6호선,동묘앞,8424,8220
2022-09-17,6호선,신당,7011,6588
2022-09-17,6호선,청구,2833,2686
2022-09-17,6호선,약수,2702,2694
2022-09-17,6호선,버티고개,1738,1681
2022-09-17,6호선,한강진,11009,13952
2022-09-17,6호선,이태원,17072,22444
2022-09-17,6호선,마포구청,11043,9610
2022-09-17,6호선,응암,13497,13062
2022-09-17,6호선,역촌,2840,3256
2022-09-17,6호선,불광,4161,3746
2022-09-17,6호선,독바위,2174,2404
2022-09-17,6호선,연신내,1,0
2022-09-17,6호선,구산,6177,4469
2022-09-17,6호선,새절,9376,8553
2022-09-17,6호선,증산,7929,7723
2022-09-17,6호선,디지털미디어시티,8515,9694
2022-09-17,6호선,월드컵경기장,6448,6843
2022-09-17,6호선,망원,14209,15856
2022-09-17,6호선,합정,14432,14180
2022-09-17,6호선,상수,9777,12329
2022-09-17,6호선,광흥창,5864,5308
2022-09-17,6호선,대흥,6679,6703
2022-09-17,6호선,공덕,11564,11035
2022-09-17,6호선,효창공원앞,5407,4708
2022-09-17,6호선,삼각지,6864,4955
2022-09-18,6호선,응암,10188,9921
2022-09-18,6호선,역촌,2166,2550
2022-09-18,6호선,불광,3149,2933
2022-09-18,6호선,독바위,1730,2028
2022-09-18,6호선,구산,4214,3168
2022-09-18,6호선,새절,6894,6606
2022-09-18,6호선,증산,5954,5864
2022-09-18,6호선,디지털미디어시티,6145,7790
2022-09-18,6호선,월드컵경기장,5363,5546
2022-09-18,6호선,마포구청,8021,7175
2022-09-18,6호선,망원,10308,11374
2022-09-18,6호선,합정,10821,9880
2022-09-18,6호선,상수,7823,8610
2022-09-18,6호선,광흥창,4339,4115
2022-09-18,6호선,대흥,4439,4580
2022-09-18,6호선,공덕,7718,7121
2022-09-18,6호선,효창공원앞,3785,3359
2022-09-18,6호선,삼각지,5129,3743
2022-09-18,6호선,녹사평,4728,4843
2022-09-18,6호선,이태원,14238,11536
2022-09-18,6호선,한강진,8303,9673
2022-09-18,6호선,버티고개,1246,1366
2022-09-18,6호선,약수,1848,1832
2022-09-18,6호선,청구,1937,1784
2022-09-18,6호선,신당,5357,5913
2022-09-18,6호선,동묘앞,6890,7062
2022-09-18,6호선,창신,1730,1605
2022-09-18,6호선,보문,4465,4307
2022-09-18,6호선,안암,5882,6606
2022-09-18,6호선,고려대,4603,4631
2022-09-18,6호선,월곡,6086,5917
2022-09-18,6호선,상월곡,3515,3203
2022-09-18,6호선,돌곶이,6184,5779
2022-09-18,6호선,석계,6859,7185
2022-09-18,6호선,태릉입구,3502,3737
2022-09-18,6호선,화랑대,5642,5131
2022-09-18,6호선,봉화산,4181,4183
2022-09-19,6호선,응암,18406,18262
2022-09-19,6호선,역촌,4068,4776
2022-09-19,6호선,불광,4369,4396
2022-09-19,6호선,독바위,2958,3077
2022-09-19,6호선,연신내,1,0
2022-09-19,6호선,구산,8423,6237
2022-09-19,6호선,새절,13876,12726
2022-09-19,6호선,증산,10689,10733
2022-09-19,6호선,디지털미디어시티,15869,17621
2022-09-19,6호선,월드컵경기장,4416,4748
2022-09-19,6호선,마포구청,15473,13717
2022-09-19,6호선,망원,14033,14891
2022-09-19,6호선,합정,13163,14053
2022-09-19,6호선,상수,9474,10736
2022-09-19,6호선,광흥창,9793,9589
2022-09-19,6호선,대흥,10045,10643
2022-09-19,6호선,공덕,20012,19473
2022-09-19,6호선,효창공원앞,8365,7949
2022-09-19,6호선,삼각지,7132,6063
2022-09-19,6호선,녹사평,5017,4874
2022-09-19,6호선,이태원,10394,10873
2022-09-19,6호선,한강진,7442,8622
2022-09-19,6호선,버티고개,2438,2401
2022-09-19,6호선,약수,3837,3747
2022-09-19,6호선,청구,3951,4133
2022-09-19,6호선,신당,8511,9146
2022-09-19,6호선,동묘앞,8263,8646
2022-09-19,6호선,창신,4093,3503
2022-09-19,6호선,보문,8298,7463
2022-09-19,6호선,안암,16352,16905
2022-09-19,6호선,고려대,10153,10057
2022-09-19,6호선,월곡,14215,13909
2022-09-19,6호선,상월곡,7360,6932
2022-09-19,6호선,돌곶이,10205,9457
2022-09-19,6호선,석계,13409,14378
2022-09-19,6호선,태릉입구,6012,6826
2022-09-19,6호선,화랑대,14061,10972
2022-09-19,6호선,봉화산,9741,9167
2022-09-20,6호선,응암,19089,18790
2022-09-20,6호선,역촌,4058,4781
2022-09-20,6호선,불광,4519,4689
2022-09-20,6호선,독바위,3006,3115
2022-09-20,6호선,구산,8765,6565
2022-09-20,6호선,새절,14315,13142
2022-09-20,6호선,증산,11045,10978
2022-09-20,6호선,디지털미디어시티,16392,18137
2022-09-20,6호선,월드컵경기장,4995,5295
2022-09-20,6호선,마포구청,15854,14012
2022-09-20,6호선,망원,14803,15768
2022-09-20,6호선,합정,13786,13959
2022-09-20,6호선,상수,10164,11626
2022-09-20,6호선,광흥창,10125,9692
2022-09-20,6호선,대흥,10513,10896
2022-09-20,6호선,공덕,20639,19991
2022-09-20,6호선,효창공원앞,8618,8307
2022-09-20,6호선,삼각지,7879,6831
2022-09-20,6호선,녹사평,5325,5395
2022-09-20,6호선,이태원,10786,11443
2022-09-20,6호선,한강진,9080,10564
2022-09-20,6호선,버티고개,2461,2371
2022-09-20,6호선,약수,3960,3904
2022-09-20,6호선,청구,4155,4245
2022-09-20,6호선,신당,9450,9688
2022-09-20,6호선,동묘앞,8651,9073
2022-09-20,6호선,창신,4013,3738
2022-09-20,6호선,보문,8564,7877
2022-09-20,6호선,안암,16224,16703
2022-09-20,6호선,고려대,10646,10357
2022-09-20,6호선,월곡,14913,14311
2022-09-20,6호선,상월곡,7573,7150
2022-09-20,6호선,돌곶이,10493,9729
2022-09-20,6호선,석계,13813,14764
2022-09-20,6호선,태릉입구,6249,7243
2022-09-20,6호선,화랑대,14768,11358
2022-09-20,6호선,봉화산,10010,9313
2022-09-21,6호선,봉화산,9828,9205
2022-09-21,6호선,화랑대,14845,11428
2022-09-21,6호선,태릉입구,6330,7315
2022-09-21,6호선,석계,13942,14806
2022-09-21,6호선,돌곶이,10690,9952
2022-09-21,6호선,상월곡,7602,7177
2022-09-21,6호선,월곡,14932,14399
2022-09-21,6호선,고려대,10581,10547
2022-09-21,6호선,안암,16401,16828
2022-09-21,6호선,보문,8603,7907
2022-09-21,6호선,창신,4089,3456
2022-09-21,6호선,동묘앞,8702,8991
2022-09-21,6호선,신당,9875,10231
2022-09-21,6호선,청구,4161,4294
2022-09-21,6호선,약수,3919,3802
2022-09-21,6호선,버티고개,2495,2438
2022-09-21,6호선,한강진,10177,11676
2022-09-21,6호선,이태원,11316,12048
2022-09-21,6호선,녹사평,5401,5330
2022-09-21,6호선,삼각지,8315,7030
2022-09-21,6호선,효창공원앞,8539,8094
2022-09-21,6호선,공덕,20645,20152
2022-09-21,6호선,대흥,10529,11077
2022-09-21,6호선,광흥창,10343,9836
2022-09-21,6호선,상수,10303,11828
2022-09-21,6호선,합정,14121,13946
2022-09-21,6호선,망원,14906,15806
2022-09-21,6호선,마포구청,15723,14158
2022-09-21,6호선,월드컵경기장,5165,5416
2022-09-21,6호선,디지털미디어시티,16411,18203
2022-09-21,6호선,증산,10915,10983
2022-09-21,6호선,새절,14595,13381
2022-09-21,6호선,구산,8675,6448
2022-09-21,6호선,독바위,3052,3215
2022-09-21,6호선,불광,4960,4904
2022-09-21,6호선,역촌,4137,4730
2022-09-21,6호선,응암,19161,19097
2022-09-22,6호선,응암,19279,18732
2022-09-22,6호선,역촌,4170,4853
2022-09-22,6호선,불광,4719,4761
2022-09-22,6호선,독바위,3012,3100
2022-09-22,6호선,연신내,1,0
2022-09-22,6호선,구산,8609,6427
2022-09-22,6호선,새절,14232,13016
2022-09-22,6호선,증산,10911,10976
2022-09-22,6호선,디지털미디어시티,16263,17929
2022-09-22,6호선,월드컵경기장,6448,6892
2022-09-22,6호선,마포구청,16084,14360
2022-09-22,6호선,망원,15020,16035
2022-09-22,6호선,합정,14060,13982
2022-09-22,6호선,상수,10898,12644
2022-09-22,6호선,광흥창,10598,10029
2022-09-22,6호선,대흥,11097,11707
2022-09-22,6호선,공덕,20485,20213
2022-09-22,6호선,효창공원앞,8456,8033
2022-09-22,6호선,삼각지,8115,6840
2022-09-22,6호선,녹사평,5415,5351
2022-09-22,6호선,이태원,11229,12637
2022-09-22,6호선,한강진,9539,11062
2022-09-22,6호선,버티고개,2375,2356
2022-09-22,6호선,약수,3885,3881
2022-09-22,6호선,청구,3989,4197
2022-09-22,6호선,신당,9199,9679
2022-09-22,6호선,동묘앞,8668,9070
2022-09-22,6호선,창신,4197,3465
2022-09-22,6호선,보문,8728,7894
2022-09-22,6호선,안암,16606,16720
2022-09-22,6호선,고려대,10728,10440
2022-09-22,6호선,월곡,14310,13696
2022-09-22,6호선,상월곡,7839,7445
2022-09-22,6호선,돌곶이,10500,9612
2022-09-22,6호선,석계,13903,14632
2022-09-22,6호선,태릉입구,6318,7228
2022-09-22,6호선,화랑대,14604,11098
2022-09-22,6호선,봉화산,10051,9326
2022-09-22,6호선,신내,2,0
2022-09-23,6호선,응암,19509,19046
2022-09-23,6호선,역촌,4071,4724
2022-09-23,6호선,불광,4794,4702
2022-09-23,6호선,독바위,3026,3175
2022-09-23,6호선,구산,8856,6470
2022-09-23,6호선,새절,14355,13171
2022-09-23,6호선,증산,10992,10814
2022-09-23,6호선,디지털미디어시티,15954,17592
2022-09-23,6호선,월드컵경기장,5218,5512
2022-09-23,6호선,마포구청,16348,14574
2022-09-23,6호선,망원,16054,17312
2022-09-23,6호선,합정,15647,15750
2022-09-23,6호선,상수,11369,13960
2022-09-23,6호선,광흥창,10265,9882
2022-09-23,6호선,대흥,10711,11144
2022-09-23,6호선,공덕,21127,20531
2022-09-23,6호선,효창공원앞,8302,7672
2022-09-23,6호선,삼각지,8545,7127
2022-09-23,6호선,녹사평,6347,7005
2022-09-23,6호선,이태원,14471,19646
2022-09-23,6호선,한강진,10917,12898
2022-09-23,6호선,버티고개,2440,2355
2022-09-23,6호선,약수,4047,4061
2022-09-23,6호선,청구,4125,4336
2022-09-23,6호선,신당,9619,9025
2022-09-23,6호선,동묘앞,8689,8686
2022-09-23,6호선,창신,3843,3148
2022-09-23,6호선,보문,9093,7896
2022-09-23,6호선,안암,15146,14311
2022-09-23,6호선,고려대,10286,9906
2022-09-23,6호선,월곡,14141,13486
2022-09-23,6호선,상월곡,7144,6442
2022-09-23,6호선,돌곶이,10557,9703
2022-09-23,6호선,석계,13812,14385
2022-09-23,6호선,태릉입구,6295,7039
2022-09-23,6호선,화랑대,13791,10382
2022-09-23,6호선,봉화산,9975,9212
2022-09-23,6호선,신내,1,0
2022-09-24,6호선,응암,14426,14038
2022-09-24,6호선,역촌,2985,3460
2022-09-24,6호선,불광,4212,3766
2022-09-24,6호선,독바위,2470,2722
2022-09-24,6호선,연신내,2,0
2022-09-24,6호선,구산,6406,4605
2022-09-24,6호선,새절,9610,8922
2022-09-24,6호선,증산,8287,8114
2022-09-24,6호선,디지털미디어시티,9132,10313
2022-09-24,6호선,월드컵경기장,7186,7682
2022-09-24,6호선,마포구청,11187,9471
2022-09-24,6호선,망원,14935,16652
2022-09-24,6호선,합정,14743,14126
2022-09-24,6호선,상수,9651,11887
2022-09-24,6호선,광흥창,6249,5512
2022-09-24,6호선,대흥,6489,6418
2022-09-24,6호선,공덕,12107,11790
2022-09-24,6호선,효창공원앞,5845,5048
2022-09-24,6호선,삼각지,8184,5858
2022-09-24,6호선,녹사평,7075,8436
2022-09-24,6호선,이태원,17804,23529
2022-09-24,6호선,한강진,11361,14940
2022-09-24,6호선,버티고개,1699,1762
2022-09-24,6호선,약수,2821,2870
2022-09-24,6호선,청구,2759,2717
2022-09-24,6호선,신당,6820,6388
2022-09-24,6호선,동묘앞,9010,8899
2022-09-24,6호선,창신,2539,2139
2022-09-24,6호선,보문,6161,5614
2022-09-24,6호선,안암,8448,8036
2022-09-24,6호선,고려대,7032,6606
2022-09-24,6호선,월곡,8555,8094
2022-09-24,6호선,상월곡,5095,4442
2022-09-24,6호선,돌곶이,7277,6482
2022-09-24,6호선,석계,9966,10047
2022-09-24,6호선,태릉입구,5010,5223
2022-09-24,6호선,화랑대,10077,8371
2022-09-24,6호선,봉화산,6338,6059
2022-09-25,6호선,응암,10185,10193
2022-09-25,6호선,역촌,2204,2587
2022-09-25,6호선,불광,3287,2980
2022-09-25,6호선,독바위,1702,2115
2022-09-25,6호선,연신내,1,0
2022-09-25,6호선,구산,4453,3403
2022-09-25,6호선,새절,7161,7076
2022-09-25,6호선,증산,6047,6067
2022-09-25,6호선,디지털미디어시티,6440,7794
2022-09-25,6호선,월드컵경기장,5453,5620
2022-09-25,6호선,마포구청,8113,7186
2022-09-25,6호선,망원,11027,11976
2022-09-25,6호선,합정,10678,9866
2022-09-25,6호선,상수,7005,7885
2022-09-25,6호선,광흥창,4775,4549
2022-09-25,6호선,대흥,4501,4724
2022-09-25,6호선,공덕,7957,7439
2022-09-25,6호선,효창공원앞,3947,3526
2022-09-25,6호선,삼각지,5215,3827
2022-09-25,6호선,녹사평,4841,5010
2022-09-25,6호선,이태원,14732,11715
2022-09-25,6호선,한강진,9053,10550
2022-09-25,6호선,버티고개,1174,1345
2022-09-25,6호선,약수,1947,1927
2022-09-25,6호선,청구,2067,1942
2022-09-25,6호선,신당,5258,5673
2022-09-25,6호선,동묘앞,7573,7416
2022-09-25,6호선,창신,1847,1691
2022-09-25,6호선,보문,4408,4222
2022-09-25,6호선,안암,5685,6378
2022-09-25,6호선,고려대,4953,4986
2022-09-25,6호선,월곡,5973,6023
2022-09-25,6호선,상월곡,3561,3257
2022-09-25,6호선,돌곶이,6391,5936
2022-09-25,6호선,석계,7177,7539
2022-09-25,6호선,태릉입구,3567,3816
2022-09-25,6호선,화랑대,5976,5395
2022-09-25,6호선,봉화산,4528,4453
2022-09-25,6호선,신내,1,0
2022-09-26,6호선,응암,18926,18508
2022-09-26,6호선,역촌,3992,4626
2022-09-26,6호선,불광,4473,4496
2022-09-26,6호선,독바위,2982,3147
2022-09-26,6호선,구산,8249,6219
2022-09-26,6호선,새절,13773,12753
2022-09-26,6호선,증산,10711,10740
2022-09-26,6호선,디지털미디어시티,16015,17570
2022-09-26,6호선,월드컵경기장,4946,5314
2022-09-26,6호선,마포구청,15432,13931
2022-09-26,6호선,망원,14212,15012
2022-09-26,6호선,합정,12947,12995
2022-09-26,6호선,상수,9412,10688
2022-09-26,6호선,광흥창,9929,9603
2022-09-26,6호선,대흥,10321,10776
2022-09-26,6호선,공덕,19765,19191
2022-09-26,6호선,효창공원앞,8223,7902
2022-09-26,6호선,삼각지,8643,7545
2022-09-26,6호선,녹사평,5312,5072
2022-09-26,6호선,이태원,10630,10976
2022-09-26,6호선,한강진,7480,8756
2022-09-26,6호선,버티고개,2382,2295
2022-09-26,6호선,약수,3736,3678
2022-09-26,6호선,청구,3966,4181
2022-09-26,6호선,신당,8575,9083
2022-09-26,6호선,동묘앞,8494,8889
2022-09-26,6호선,창신,4037,3516
2022-09-26,6호선,보문,8388,7739
2022-09-26,6호선,안암,16047,16957
2022-09-26,6호선,고려대,10286,10026
2022-09-26,6호선,월곡,14337,13913
2022-09-26,6호선,상월곡,7274,6911
2022-09-26,6호선,돌곶이,10471,9726
2022-09-26,6호선,석계,13520,14397
2022-09-26,6호선,태릉입구,6165,6912
2022-09-26,6호선,화랑대,14229,10995
2022-09-26,6호선,봉화산,9779,9239
2022-09-26,6호선,신내,1,0
2022-09-27,6호선,신내,2,0
2022-09-27,6호선,봉화산,10124,9507
2022-09-27,6호선,화랑대,14871,11302
2022-09-27,6호선,태릉입구,6288,7318
2022-09-27,6호선,석계,14235,14833
2022-09-27,6호선,돌곶이,10879,9999
2022-09-27,6호선,상월곡,7517,7142
2022-09-27,6호선,월곡,14783,14141
2022-09-27,6호선,고려대,10580,10463
2022-09-27,6호선,안암,16329,16730
2022-09-27,6호선,보문,8699,7946
2022-09-27,6호선,창신,4225,3534
2022-09-27,6호선,동묘앞,8561,8941
2022-09-27,6호선,신당,9290,9941
2022-09-27,6호선,청구,4131,4209
2022-09-27,6호선,약수,4044,4017
2022-09-27,6호선,버티고개,2490,2363
2022-09-27,6호선,한강진,9200,10415
2022-09-27,6호선,이태원,10981,11631
2022-09-27,6호선,녹사평,5585,5484
2022-09-27,6호선,삼각지,8497,7263
2022-09-27,6호선,효창공원앞,8603,8194
2022-09-27,6호선,공덕,21195,20574
2022-09-27,6호선,대흥,10938,11420
2022-09-27,6호선,광흥창,10505,10055
2022-09-27,6호선,상수,10495,11847
2022-09-27,6호선,합정,15110,16219
2022-09-27,6호선,망원,15384,16032
2022-09-27,6호선,마포구청,17907,15254
2022-09-27,6호선,월드컵경기장,24513,36410
2022-09-27,6호선,디지털미디어시티,20281,18323
2022-09-27,6호선,증산,11115,10927
2022-09-27,6호선,새절,14312,13013
2022-09-27,6호선,구산,8761,6421
2022-09-27,6호선,연신내,1,0
2022-09-27,6호선,독바위,3084,3237
2022-09-27,6호선,불광,4730,4616
2022-09-27,6호선,역촌,4168,4979
2022-09-27,6호선,응암,19248,18917
2022-09-28,6호선,응암,19286,18862
2022-09-28,6호선,역촌,4230,4794
2022-09-28,6호선,불광,4675,4769
2022-09-28,6호선,독바위,3191,3188
2022-09-28,6호선,구산,8740,6389
2022-09-28,6호선,새절,14244,13164
2022-09-28,6호선,증산,10986,11054
2022-09-28,6호선,디지털미디어시티,16564,18145
2022-09-28,6호선,월드컵경기장,5452,5875
2022-09-28,6호선,마포구청,15828,13930
2022-09-28,6호선,망원,15019,15690
2022-09-28,6호선,합정,14142,13966
2022-09-28,6호선,상수,10015,11570
2022-09-28,6호선,광흥창,10117,9843
2022-09-28,6호선,대흥,10653,10920
2022-09-28,6호선,공덕,20934,21335
2022-09-28,6호선,효창공원앞,8421,7822
2022-09-28,6호선,삼각지,8163,7167
2022-09-28,6호선,녹사평,5358,5349
2022-09-28,6호선,이태원,11179,11852
2022-09-28,6호선,한강진,9825,11404
2022-09-28,6호선,버티고개,2374,2250
2022-09-28,6호선,약수,3876,3896
2022-09-28,6호선,청구,4130,4252
2022-09-28,6호선,신당,9418,9919
2022-09-28,6호선,동묘앞,8493,8826
2022-09-28,6호선,창신,4170,3610
2022-09-28,6호선,보문,8596,7693
2022-09-28,6호선,안암,16010,16360
2022-09-28,6호선,고려대,10614,10560
2022-09-28,6호선,월곡,14695,14155
2022-09-28,6호선,상월곡,7538,7227
2022-09-28,6호선,돌곶이,10687,9897
2022-09-28,6호선,석계,13932,14557
2022-09-28,6호선,태릉입구,6237,7232
2022-09-28,6호선,화랑대,14558,10998
2022-09-28,6호선,봉화산,9988,9397
2022-09-29,6호선,신내,2,0
2022-09-29,6호선,봉화산,9956,9325
2022-09-29,6호선,화랑대,14605,11002
2022-09-29,6호선,태릉입구,6303,7188
2022-09-29,6호선,석계,13798,14368
2022-09-29,6호선,돌곶이,10653,9662
2022-09-29,6호선,상월곡,7972,7484
2022-09-29,6호선,월곡,14139,13456
2022-09-29,6호선,고려대,10994,10792
2022-09-29,6호선,안암,16471,16664
2022-09-29,6호선,보문,8747,7854
2022-09-29,6호선,창신,4252,3743
2022-09-29,6호선,동묘앞,8555,8907
2022-09-29,6호선,신당,9374,9798
2022-09-29,6호선,청구,4061,4270
2022-09-29,6호선,약수,3925,3909
2022-09-29,6호선,버티고개,2411,2338
2022-09-29,6호선,한강진,9367,10892
2022-09-29,6호선,이태원,11499,12603
2022-09-29,6호선,녹사평,5427,5445
2022-09-29,6호선,삼각지,8594,7246
2022-09-29,6호선,효창공원앞,8448,7823
2022-09-29,6호선,공덕,20738,20181
2022-09-29,6호선,대흥,10685,11227
2022-09-29,6호선,광흥창,10162,9739
2022-09-29,6호선,상수,10354,11924
2022-09-29,6호선,합정,13846,13965
2022-09-29,6호선,망원,15043,15923
2022-09-29,6호선,마포구청,15760,14009
2022-09-29,6호선,월드컵경기장,5382,5740
2022-09-29,6호선,디지털미디어시티,16413,18047
2022-09-29,6호선,증산,11207,11108
2022-09-29,6호선,새절,14101,13086
2022-09-29,6호선,구산,8667,6325
2022-09-29,6호선,연신내,1,0
2022-09-29,6호선,독바위,3073,3226
2022-09-29,6호선,불광,4793,4720
2022-09-29,6호선,역촌,4057,4841
2022-09-29,6호선,응암,19229,18862
2022-09-30,6호선,응암,19381,18629
2022-09-30,6호선,역촌,4099,4759
2022-09-30,6호선,불광,4771,4628
2022-09-30,6호선,독바위,3055,3006
2022-09-30,6호선,연신내,1,0
2022-09-30,6호선,구산,8729,6310
2022-09-30,6호선,새절,14218,13162
2022-09-30,6호선,증산,11159,10924
2022-09-30,6호선,디지털미디어시티,16129,17257
2022-09-30,6호선,월드컵경기장,6623,6911
2022-09-30,6호선,마포구청,16149,14112
2022-09-30,6호선,망원,15964,17141
2022-09-30,6호선,합정,15367,15409
2022-09-30,6호선,상수,11303,13799
2022-09-30,6호선,광흥창,10086,9583
2022-09-30,6호선,대흥,10721,10678
2022-09-30,6호선,공덕,20711,20190
2022-09-30,6호선,효창공원앞,8544,7919
2022-09-30,6호선,삼각지,8770,7399
2022-09-30,6호선,녹사평,6186,6570
2022-09-30,6호선,이태원,13517,19495
2022-09-30,6호선,한강진,10031,11899
2022-09-30,6호선,버티고개,2379,2288
2022-09-30,6호선,약수,4014,4060
2022-09-30,6호선,청구,4045,4240
2022-09-30,6호선,신당,9446,8953
2022-09-30,6호선,동묘앞,8927,8753
2022-09-30,6호선,창신,4145,3618
2022-09-30,6호선,보문,8971,8083
2022-09-30,6호선,안암,14544,13862
2022-09-30,6호선,고려대,10821,10214
2022-09-30,6호선,월곡,13939,13223
2022-09-30,6호선,상월곡,7139,6423
2022-09-30,6호선,돌곶이,10961,9847
2022-09-30,6호선,석계,14197,14579
2022-09-30,6호선,태릉입구,6545,7108
2022-09-30,6호선,화랑대,14251,10549
2022-09-30,6호선,봉화산,10031,9305
2022-09-30,6호선,신내,1,0
2022-10-01,6호선,화랑대,8185,6410
2022-10-01,6호선,태릉입구,4685,4638
2022-10-01,6호선,석계,9439,9475
2022-10-01,6호선,돌곶이,6912,6156
2022-10-01,6호선,상월곡,4590,3803
2022-10-01,6호선,월곡,8122,7400
2022-10-01,6호선,고려대,6641,6071
2022-10-01,6호선,안암,8087,7368
2022-10-01,6호선,보문,5724,5144
2022-10-01,6호선,창신,2341,1822
2022-10-01,6호선,동묘앞,8306,8277
2022-10-01,6호선,신당,6619,6198
2022-10-01,6호선,청구,2639,2540
2022-10-01,6호선,약수,2688,2608
2022-10-01,6호선,버티고개,1698,1692
2022-10-01,6호선,한강진,10639,13498
2022-10-01,6호선,이태원,17707,22510
2022-10-01,6호선,녹사평,5996,6802
2022-10-01,6호선,삼각지,7406,5303
2022-10-01,6호선,효창공원앞,5075,4350
2022-10-01,6호선,공덕,11231,10658
2022-10-01,6호선,대흥,6519,6271
2022-10-01,6호선,광흥창,5645,5007
2022-10-01,6호선,응암,14384,13739
2022-10-01,6호선,역촌,2775,3153
2022-10-01,6호선,불광,4154,3762
2022-10-01,6호선,독바위,2196,2499
2022-10-01,6호선,연신내,1,0
2022-10-01,6호선,구산,6117,4502
2022-10-01,6호선,새절,9582,8770
2022-10-01,6호선,증산,8278,7757
2022-10-01,6호선,디지털미디어시티,8795,8710
2022-10-01,6호선,월드컵경기장,10731,11492
2022-10-01,6호선,마포구청,10724,8843
2022-10-01,6호선,망원,14240,15486
2022-10-01,6호선,합정,13523,13460
2022-10-01,6호선,상수,9350,11454
2022-10-01,6호선,봉화산,5971,5707
2022-10-02,6호선,응암,10444,10347
2022-10-02,6호선,역촌,2134,2501
2022-10-02,6호선,불광,3195,2882
2022-10-02,6호선,독바위,1610,1795
2022-10-02,6호선,구산,4339,3347
2022-10-02,6호선,새절,6978,6618
2022-10-02,6호선,증산,5834,6008
2022-10-02,6호선,디지털미디어시티,5946,6326
2022-10-02,6호선,월드컵경기장,5042,5320
2022-10-02,6호선,신내,1,0
2022-10-02,6호선,봉화산,4474,4373
2022-10-02,6호선,화랑대,5640,4720
2022-10-02,6호선,태릉입구,3373,3552
2022-10-02,6호선,석계,6920,7183
2022-10-02,6호선,돌곶이,6052,5647
2022-10-02,6호선,상월곡,3550,3138
2022-10-02,6호선,월곡,5855,5681
2022-10-02,6호선,고려대,4690,4508
2022-10-02,6호선,안암,5580,5850
2022-10-02,6호선,보문,4504,4177
2022-10-02,6호선,창신,1686,1574
2022-10-02,6호선,동묘앞,6722,6738
2022-10-02,6호선,신당,5479,5877
2022-10-02,6호선,청구,1895,1777
2022-10-02,6호선,약수,1935,1870
2022-10-02,6호선,버티고개,1178,1255
2022-10-02,6호선,한강진,9569,11102
2022-10-02,6호선,이태원,15632,15899
2022-10-02,6호선,녹사평,4511,4998
2022-10-02,6호선,삼각지,5646,4090
2022-10-02,6호선,효창공원앞,3625,3267
2022-10-02,6호선,공덕,7643,7307
2022-10-02,6호선,대흥,4342,4528
2022-10-02,6호선,광흥창,4513,4435
2022-10-02,6호선,합정,10998,10103
2022-10-02,6호선,망원,10836,11623
2022-10-02,6호선,마포구청,7682,6844
2022-10-02,6호선,상수,7833,9050
2022-10-03,6호선,응암,8332,8700
2022-10-03,6호선,역촌,1927,2196
2022-10-03,6호선,불광,2666,2302
2022-10-03,6호선,독바위,1337,1429
2022-10-03,6호선,구산,3658,2924
2022-10-03,6호선,새절,5795,5763
2022-10-03,6호선,증산,5054,5229
2022-10-03,6호선,디지털미디어시티,5021,5563
2022-10-03,6호선,월드컵경기장,2935,2999
2022-10-03,6호선,마포구청,6470,6124
2022-10-03,6호선,망원,7507,8086
2022-10-03,6호선,합정,8027,7183
2022-10-03,6호선,상수,6478,7065
2022-10-03,6호선,광흥창,3471,3383
2022-10-03,6호선,대흥,3737,4094
2022-10-03,6호선,공덕,6434,6400
2022-10-03,6호선,효창공원앞,3297,3122
2022-10-03,6호선,삼각지,4340,2951
2022-10-03,6호선,녹사평,2942,2776
2022-10-03,6호선,이태원,9833,7807
2022-10-03,6호선,한강진,6504,7107
2022-10-03,6호선,버티고개,1012,1031
2022-10-03,6호선,약수,1583,1604
2022-10-03,6호선,청구,1929,2003
2022-10-03,6호선,신당,5618,5761
2022-10-03,6호선,동묘앞,4566,4495
2022-10-03,6호선,창신,1606,1472
2022-10-03,6호선,보문,3654,3620
2022-10-03,6호선,안암,5990,6784
2022-10-03,6호선,고려대,3934,4285
2022-10-03,6호선,월곡,5214,5279
2022-10-03,6호선,상월곡,3072,2943
2022-10-03,6호선,돌곶이,4575,4361
2022-10-03,6호선,석계,6152,6535
2022-10-03,6호선,태릉입구,2909,3220
2022-10-03,6호선,화랑대,4689,4270
2022-10-03,6호선,봉화산,3783,3785
2022-10-04,6호선,약수,3897,3808
2022-10-04,6호선,버티고개,2359,2331
2022-10-04,6호선,한강진,7740,9010
2022-10-04,6호선,이태원,10506,10701
2022-10-04,6호선,녹사평,4987,4975
2022-10-04,6호선,삼각지,7570,6640
2022-10-04,6호선,효창공원앞,8062,7714
2022-10-04,6호선,공덕,20208,19913
2022-10-04,6호선,대흥,10601,11005
2022-10-04,6호선,광흥창,10066,9794
2022-10-04,6호선,상수,10057,11417
2022-10-04,6호선,합정,13315,13185
2022-10-04,6호선,망원,14286,15038
2022-10-04,6호선,마포구청,15553,13983
2022-10-04,6호선,월드컵경기장,4816,5077
2022-10-04,6호선,디지털미디어시티,16236,17748
2022-10-04,6호선,증산,10930,10924
2022-10-04,6호선,새절,13926,12864
2022-10-04,6호선,구산,8539,6380
2022-10-04,6호선,독바위,3024,3073
2022-10-04,6호선,불광,4540,4501
2022-10-04,6호선,역촌,4088,4663
2022-10-04,6호선,응암,18771,18546
2022-10-04,6호선,봉화산,9881,9220
2022-10-04,6호선,화랑대,14273,11057
2022-10-04,6호선,태릉입구,6118,6990
2022-10-04,6호선,석계,13555,14438
2022-10-04,6호선,돌곶이,10546,9756
2022-10-04,6호선,상월곡,7341,6892
2022-10-04,6호선,월곡,14498,13800
2022-10-04,6호선,고려대,10680,10338
2022-10-04,6호선,안암,16850,16848
2022-10-04,6호선,보문,8515,7868
2022-10-04,6호선,창신,4102,3452
2022-10-04,6호선,동묘앞,8310,8593
2022-10-04,6호선,신당,8375,8859
2022-10-04,6호선,청구,3989,4258
2022-10-05,6호선,응암,19396,19036
2022-10-05,6호선,역촌,4191,4843
2022-10-05,6호선,불광,4787,4675
2022-10-05,6호선,독바위,3065,3130
2022-10-05,6호선,연신내,2,0
2022-10-05,6호선,구산,8557,6460
2022-10-05,6호선,새절,14275,13101
2022-10-05,6호선,증산,11122,11201
2022-10-05,6호선,디지털미디어시티,16310,18034
2022-10-05,6호선,월드컵경기장,5312,5720
2022-10-05,6호선,마포구청,16030,14066
2022-10-05,6호선,망원,15074,15913
2022-10-05,6호선,합정,14164,13958
2022-10-05,6호선,상수,10195,11609
2022-10-05,6호선,광흥창,10457,10003
2022-10-05,6호선,대흥,10650,11021
2022-10-05,6호선,공덕,20961,20401
2022-10-05,6호선,효창공원앞,8461,8004
2022-10-05,6호선,삼각지,7979,7006
2022-10-05,6호선,녹사평,5608,5654
2022-10-05,6호선,이태원,11304,12035
2022-10-05,6호선,한강진,10076,11317
2022-10-05,6호선,버티고개,2493,2365
2022-10-05,6호선,약수,3997,3923
2022-10-05,6호선,청구,4145,4307
2022-10-05,6호선,신당,9644,10279
2022-10-05,6호선,동묘앞,8405,8621
2022-10-05,6호선,창신,4117,3354
2022-10-05,6호선,보문,8755,8039
2022-10-05,6호선,안암,15858,16215
2022-10-05,6호선,고려대,10532,10361
2022-10-05,6호선,월곡,15239,14526
2022-10-05,6호선,상월곡,7309,7062
2022-10-05,6호선,돌곶이,10846,9933
2022-10-05,6호선,석계,14152,15015
2022-10-05,6호선,태릉입구,6227,7296
2022-10-05,6호선,화랑대,14408,11034
2022-10-05,6호선,봉화산,10134,9405
2022-10-06,6호선,보문,8679,7978
2022-10-06,6호선,역촌,4183,4840
2022-10-06,6호선,응암,19753,19477
2022-10-06,6호선,불광,4565,4528
2022-10-06,6호선,독바위,3058,3201
2022-10-06,6호선,연신내,2,0
2022-10-06,6호선,구산,8746,6472
2022-10-06,6호선,새절,14395,13236
2022-10-06,6호선,증산,11153,11130
2022-10-06,6호선,디지털미디어시티,16445,18032
2022-10-06,6호선,월드컵경기장,6113,6577
2022-10-06,6호선,마포구청,16311,14408
2022-10-06,6호선,망원,14984,15896
2022-10-06,6호선,합정,14130,14208
2022-10-06,6호선,상수,10263,11846
2022-10-06,6호선,광흥창,10557,10044
2022-10-06,6호선,대흥,10668,11163
2022-10-06,6호선,공덕,21107,20846
2022-10-06,6호선,효창공원앞,8260,8010
2022-10-06,6호선,삼각지,8229,7023
2022-10-06,6호선,녹사평,5466,5311
2022-10-06,6호선,이태원,11761,13085
2022-10-06,6호선,한강진,10301,11994
2022-10-06,6호선,버티고개,2571,2387
2022-10-06,6호선,약수,3982,3906
2022-10-06,6호선,청구,4264,4368
2022-10-06,6호선,신당,9351,9917
2022-10-06,6호선,동묘앞,8546,8970
2022-10-06,6호선,창신,4236,3601
2022-10-06,6호선,안암,16429,16467
2022-10-06,6호선,고려대,10762,10574
2022-10-06,6호선,월곡,14654,14042
2022-10-06,6호선,상월곡,7929,7518
2022-10-06,6호선,돌곶이,10951,10015
2022-10-06,6호선,석계,14031,14806
2022-10-06,6호선,태릉입구,6475,7268
2022-10-06,6호선,화랑대,14517,10842
2022-10-06,6호선,봉화산,10050,9505
2022-10-07,6호선,삼각지,8264,6946
2022-10-07,6호선,봉화산,10069,9341
2022-10-07,6호선,화랑대,14187,10622
2022-10-07,6호선,태릉입구,6481,7177
2022-10-07,6호선,석계,14072,14565
2022-10-07,6호선,돌곶이,11061,10022
2022-10-07,6호선,상월곡,7156,6402
2022-10-07,6호선,월곡,14469,13782
2022-10-07,6호선,고려대,10819,10260
2022-10-07,6호선,안암,14588,13929
2022-10-07,6호선,보문,8947,8032
2022-10-07,6호선,창신,4124,3511
2022-10-07,6호선,동묘앞,8998,8986
2022-10-07,6호선,신당,9582,9131
2022-10-07,6호선,청구,4357,4268
2022-10-07,6호선,약수,4139,4034
2022-10-07,6호선,버티고개,2507,2426
2022-10-07,6호선,한강진,10866,12936
2022-10-07,6호선,이태원,14648,20091
2022-10-07,6호선,녹사평,6137,6513
2022-10-07,6호선,효창공원앞,8539,8055
2022-10-07,6호선,공덕,20952,20812
2022-10-07,6호선,대흥,10629,10717
2022-10-07,6호선,광흥창,10310,9955
2022-10-07,6호선,상수,11139,13352
2022-10-07,6호선,합정,15450,15398
2022-10-07,6호선,망원,16196,17394
2022-10-07,6호선,마포구청,16186,14327
2022-10-07,6호선,월드컵경기장,6126,6342
2022-10-07,6호선,디지털미디어시티,16630,17768
2022-10-07,6호선,증산,11250,10876
2022-10-07,6호선,새절,14616,13361
2022-10-07,6호선,구산,9055,6441
2022-10-07,6호선,연신내,1,0
2022-10-07,6호선,독바위,3068,3113
2022-10-07,6호선,불광,4868,4646
2022-10-07,6호선,역촌,4235,4819
2022-10-07,6호선,응암,19749,19171
2022-10-08,6호선,신내,1,0
2022-10-08,6호선,봉화산,6427,6276
2022-10-08,6호선,화랑대,9618,7246
2022-10-08,6호선,태릉입구,5165,5257
2022-10-08,6호선,석계,10137,10198
2022-10-08,6호선,돌곶이,7338,6473
2022-10-08,6호선,상월곡,4940,4000
2022-10-08,6호선,월곡,9195,8496
2022-10-08,6호선,고려대,7239,6418
2022-10-08,6호선,안암,8386,7849
2022-10-08,6호선,보문,6154,5278
2022-10-08,6호선,창신,2558,2118
2022-10-08,6호선,동묘앞,9591,9151
2022-10-08,6호선,신당,7335,6753
2022-10-08,6호선,청구,2934,2571
2022-10-08,6호선,약수,2872,2980
2022-10-08,6호선,버티고개,1887,1822
2022-10-08,6호선,한강진,12250,15296
2022-10-08,6호선,이태원,18943,25491
2022-10-08,6호선,녹사평,6971,7908
2022-10-08,6호선,삼각지,8597,6092
2022-10-08,6호선,효창공원앞,6805,5633
2022-10-08,6호선,공덕,16806,13843
2022-10-08,6호선,대흥,7117,6986
2022-10-08,6호선,광흥창,8303,7142
2022-10-08,6호선,상수,11908,14188
2022-10-08,6호선,합정,16474,15158
2022-10-08,6호선,망원,15530,17130
2022-10-08,6호선,마포구청,11989,10064
2022-10-08,6호선,월드컵경기장,11003,12078
2022-10-08,6호선,디지털미디어시티,9448,9612
2022-10-08,6호선,증산,8764,8304
2022-10-08,6호선,새절,10608,9815
2022-10-08,6호선,구산,6532,4587
2022-10-08,6호선,연신내,1,0
2022-10-08,6호선,독바위,2380,2685
2022-10-08,6호선,불광,4159,3958
2022-10-08,6호선,역촌,3004,3587
2022-10-08,6호선,응암,15654,15398
2022-10-09,6호선,응암,9173,9056
2022-10-09,6호선,역촌,2215,2372
2022-10-09,6호선,불광,3097,2691
2022-10-09,6호선,독바위,1439,1625
2022-10-09,6호선,구산,3895,3051
2022-10-09,6호선,새절,6482,6242
2022-10-09,6호선,증산,5399,5470
2022-10-09,6호선,디지털미디어시티,5415,5674
2022-10-09,6호선,월드컵경기장,3312,3654
2022-10-09,6호선,마포구청,7325,6323
2022-10-09,6호선,망원,9818,10367
2022-10-09,6호선,합정,10160,9557
2022-10-09,6호선,상수,9033,10158
2022-10-09,6호선,광흥창,4155,3970
2022-10-09,6호선,대흥,4026,4038
2022-10-09,6호선,공덕,7721,7203
2022-10-09,6호선,효창공원앞,3462,3092
2022-10-09,6호선,삼각지,5271,3751
2022-10-09,6호선,녹사평,4128,4472
2022-10-09,6호선,이태원,15370,15045
2022-10-09,6호선,한강진,10023,11524
2022-10-09,6호선,버티고개,1064,1131
2022-10-09,6호선,약수,1796,1850
2022-10-09,6호선,청구,1830,1638
2022-10-09,6호선,신당,5307,5782
2022-10-09,6호선,동묘앞,5172,5200
2022-10-09,6호선,창신,1758,1603
2022-10-09,6호선,보문,4183,3823
2022-10-09,6호선,안암,5069,5216
2022-10-09,6호선,고려대,4561,4404
2022-10-09,6호선,월곡,6226,5704
2022-10-09,6호선,상월곡,3375,2957
2022-10-09,6호선,돌곶이,5780,5520
2022-10-09,6호선,석계,6302,6931
2022-10-09,6호선,태릉입구,3291,3473
2022-10-09,6호선,화랑대,5137,4325
2022-10-09,6호선,봉화산,3958,3907
2022-10-10,6호선,응암,10243,10359
2022-10-10,6호선,역촌,2267,2565
2022-10-10,6호선,불광,3298,2872
2022-10-10,6호선,독바위,1595,1871
2022-10-10,6호선,구산,4203,3446
2022-10-10,6호선,새절,7034,6884
2022-10-10,6호선,증산,6031,6133
2022-10-10,6호선,디지털미디어시티,6189,6614
2022-10-10,6호선,월드컵경기장,5587,5798
2022-10-10,6호선,마포구청,7552,6969
2022-10-10,6호선,망원,9906,10439
2022-10-10,6호선,합정,9682,8681
2022-10-10,6호선,상수,6806,7446
2022-10-10,6호선,광흥창,4158,3902
2022-10-10,6호선,대흥,4394,4632
2022-10-10,6호선,공덕,7714,7490
2022-10-10,6호선,효창공원앞,3940,3681
2022-10-10,6호선,삼각지,4251,3410
2022-10-10,6호선,녹사평,3478,3601
2022-10-10,6호선,이태원,11230,9706
2022-10-10,6호선,한강진,7113,7835
2022-10-10,6호선,버티고개,1168,1274
2022-10-10,6호선,약수,2051,2074
2022-10-10,6호선,청구,2162,2219
2022-10-10,6호선,신당,6110,6021
2022-10-10,6호선,동묘앞,7089,6617
2022-10-10,6호선,창신,1831,1720
2022-10-10,6호선,보문,4164,4069
2022-10-10,6호선,안암,5726,6421
2022-10-10,6호선,고려대,4450,4628
2022-10-10,6호선,월곡,6528,6492
2022-10-10,6호선,상월곡,3471,3315
2022-10-10,6호선,돌곶이,5292,4956
2022-10-10,6호선,석계,7239,7647
2022-10-10,6호선,태릉입구,3441,3656
2022-10-10,6호선,화랑대,5482,4929
2022-10-10,6호선,봉화산,4283,4264
2022-10-10,6호선,신내,1,0
2022-10-11,6호선,응암,19145,18971
2022-10-11,6호선,역촌,4082,4930
2022-10-11,6호선,불광,4636,4621
2022-10-11,6호선,독바위,3007,3078
2022-10-11,6호선,구산,8654,6580
2022-10-11,6호선,새절,14366,13278
2022-10-11,6호선,증산,10947,10834
2022-10-11,6호선,디지털미디어시티,16221,17759
2022-10-11,6호선,월드컵경기장,5714,6133
2022-10-11,6호선,마포구청,15725,13990
2022-10-11,6호선,망원,14479,15262
2022-10-11,6호선,합정,13512,13236
2022-10-11,6호선,상수,9974,11297
2022-10-11,6호선,광흥창,10042,9611
2022-10-11,6호선,대흥,10294,10771
2022-10-11,6호선,공덕,20861,20252
2022-10-11,6호선,효창공원앞,8315,7831
2022-10-11,6호선,삼각지,8004,6848
2022-10-11,6호선,녹사평,5118,5010
2022-10-11,6호선,이태원,11117,11573
2022-10-11,6호선,한강진,8095,9412
2022-10-11,6호선,버티고개,2482,2374
2022-10-11,6호선,약수,3899,3871
2022-10-11,6호선,청구,3921,4182
2022-10-11,6호선,신당,8627,9207
2022-10-11,6호선,동묘앞,8595,9097
2022-10-11,6호선,창신,4162,3510
2022-10-11,6호선,보문,8487,7877
2022-10-11,6호선,안암,15846,16548
2022-10-11,6호선,고려대,10561,10424
2022-10-11,6호선,월곡,14474,13907
2022-10-11,6호선,상월곡,7313,6947
2022-10-11,6호선,돌곶이,10670,9967
2022-10-11,6호선,석계,13698,14691
2022-10-11,6호선,태릉입구,6128,7110
2022-10-11,6호선,화랑대,14401,11143
2022-10-11,6호선,봉화산,9962,9313
2022-10-12,6호선,망원,14953,16020
2022-10-12,6호선,응암,19327,18916
2022-10-12,6호선,역촌,4146,4861
2022-10-12,6호선,불광,4936,4888
2022-10-12,6호선,독바위,2980,3198
2022-10-12,6호선,연신내,1,0
2022-10-12,6호선,구산,8643,6392
2022-10-12,6호선,새절,14392,13179
2022-10-12,6호선,증산,10997,10986
2022-10-12,6호선,디지털미디어시티,16567,18186
2022-10-12,6호선,월드컵경기장,7791,8396
2022-10-12,6호선,마포구청,15983,14219
2022-10-12,6호선,합정,14035,13815
2022-10-12,6호선,상수,10185,11579
2022-10-12,6호선,광흥창,10336,10082
2022-10-12,6호선,대흥,10301,10832
2022-10-12,6호선,공덕,21060,20760
2022-10-12,6호선,효창공원앞,8478,8106
2022-10-12,6호선,삼각지,8352,7115
2022-10-12,6호선,녹사평,5392,5435
2022-10-12,6호선,이태원,11449,12059
2022-10-12,6호선,한강진,10462,11832
2022-10-12,6호선,버티고개,2477,2434
2022-10-12,6호선,약수,3998,3901
2022-10-12,6호선,청구,4124,4215
2022-10-12,6호선,신당,9964,10297
2022-10-12,6호선,동묘앞,8610,8974
2022-10-12,6호선,보문,8809,8094
2022-10-12,6호선,안암,16082,16613
2022-10-12,6호선,고려대,10794,10516
2022-10-12,6호선,월곡,14737,14074
2022-10-12,6호선,상월곡,7496,7162
2022-10-12,6호선,돌곶이,10737,10019
2022-10-12,6호선,석계,14044,14700
2022-10-12,6호선,태릉입구,6299,7367
2022-10-12,6호선,화랑대,14648,11144
2022-10-12,6호선,봉화산,10003,9506
2022-10-12,6호선,창신,4289,3712
2022-10-13,6호선,창신,4243,3716
2022-10-13,6호선,응암,19592,19219
2022-10-13,6호선,역촌,4122,4859
2022-10-13,6호선,불광,4763,4726
2022-10-13,6호선,독바위,3123,3232
2022-10-13,6호선,연신내,1,0
2022-10-13,6호선,구산,8978,6729
2022-10-13,6호선,새절,14278,13261
2022-10-13,6호선,증산,11077,11160
2022-10-13,6호선,디지털미디어시티,16572,18234
2022-10-13,6호선,월드컵경기장,6688,7118
2022-10-13,6호선,마포구청,16723,14723
2022-10-13,6호선,망원,15255,16281
2022-10-13,6호선,합정,14215,13841
2022-10-13,6호선,상수,10290,11754
2022-10-13,6호선,광흥창,10478,10046
2022-10-13,6호선,대흥,10752,11087
2022-10-13,6호선,공덕,21432,20797
2022-10-13,6호선,효창공원앞,8306,7860
2022-10-13,6호선,삼각지,8324,6996
2022-10-13,6호선,녹사평,5553,5636
2022-10-13,6호선,이태원,11924,12946
2022-10-13,6호선,한강진,9424,11069
2022-10-13,6호선,버티고개,2433,2424
2022-10-13,6호선,약수,4000,3911
2022-10-13,6호선,청구,4163,4418
2022-10-13,6호선,신당,9401,9841
2022-10-13,6호선,동묘앞,8677,8975
2022-10-13,6호선,보문,8819,7871
2022-10-13,6호선,안암,16129,16591
2022-10-13,6호선,고려대,10998,10492
2022-10-13,6호선,월곡,14275,13927
2022-10-13,6호선,상월곡,7969,7526
2022-10-13,6호선,돌곶이,10784,10047
2022-10-13,6호선,석계,14165,14868
2022-10-13,6호선,태릉입구,6410,7375
2022-10-13,6호선,화랑대,14746,11057
2022-10-13,6호선,봉화산,10114,9527
2022-10-14,6호선,봉화산,9774,9274
2022-10-14,6호선,화랑대,14024,10452
2022-10-14,6호선,태릉입구,6467,7102
2022-10-14,6호선,석계,13945,14559
2022-10-14,6호선,돌곶이,10740,9826
2022-10-14,6호선,상월곡,7100,6315
2022-10-14,6호선,월곡,14067,13400
2022-10-14,6호선,고려대,10177,9699
2022-10-14,6호선,안암,14084,13678
2022-10-14,6호선,보문,8679,7876
2022-10-14,6호선,창신,4089,3380
2022-10-14,6호선,동묘앞,8881,8722
2022-10-14,6호선,신당,9450,9165
2022-10-14,6호선,청구,4313,4231
2022-10-14,6호선,약수,4001,4022
2022-10-14,6호선,버티고개,2519,2414
2022-10-14,6호선,한강진,11315,13483
2022-10-14,6호선,이태원,14414,19448
2022-10-14,6호선,녹사평,6341,6642
2022-10-14,6호선,삼각지,8516,7153
2022-10-14,6호선,효창공원앞,8689,8061
2022-10-14,6호선,공덕,21624,21166
2022-10-14,6호선,대흥,10757,10780
2022-10-14,6호선,광흥창,10663,10130
2022-10-14,6호선,상수,11074,13283
2022-10-14,6호선,합정,15309,15645
2022-10-14,6호선,망원,16054,17070
2022-10-14,6호선,마포구청,17281,14997
2022-10-14,6호선,월드컵경기장,10086,10649
2022-10-14,6호선,디지털미디어시티,16179,17766
2022-10-14,6호선,증산,11316,11059
2022-10-14,6호선,새절,14705,13399
2022-10-14,6호선,구산,8969,6425
2022-10-14,6호선,연신내,1,0
2022-10-14,6호선,독바위,3089,3080
2022-10-14,6호선,불광,4949,4784
2022-10-14,6호선,역촌,4123,4857
2022-10-14,6호선,응암,19792,19193
2022-10-15,6호선,망원,15263,16428
2022-10-15,6호선,응암,14370,13913
2022-10-15,6호선,역촌,3016,3574
2022-10-15,6호선,불광,4270,4006
2022-10-15,6호선,독바위,2318,2584
2022-10-15,6호선,연신내,1,0
2022-10-15,6호선,구산,6424,4629
2022-10-15,6호선,새절,10088,9424
2022-10-15,6호선,증산,8571,8331
2022-10-15,6호선,디지털미디어시티,9314,9525
2022-10-15,6호선,월드컵경기장,19217,20430
2022-10-15,6호선,마포구청,13310,10715
2022-10-15,6호선,합정,15546,15291
2022-10-15,6호선,상수,9544,12045
2022-10-15,6호선,광흥창,6703,5978
2022-10-15,6호선,대흥,7267,7246
2022-10-15,6호선,공덕,12929,12854
2022-10-15,6호선,효창공원앞,8770,7887
2022-10-15,6호선,삼각지,9168,6291
2022-10-15,6호선,녹사평,11641,10173
2022-10-15,6호선,이태원,31408,39515
2022-10-15,6호선,한강진,13943,16428
2022-10-15,6호선,버티고개,1933,1975
2022-10-15,6호선,약수,3036,3085
2022-10-15,6호선,청구,2938,2605
2022-10-15,6호선,신당,6667,6378
2022-10-15,6호선,동묘앞,8959,8797
2022-10-15,6호선,창신,2494,1994
2022-10-15,6호선,보문,6279,5720
2022-10-15,6호선,안암,7440,7216
2022-10-15,6호선,고려대,6841,6453
2022-10-15,6호선,월곡,8741,8373
2022-10-15,6호선,상월곡,4765,4019
2022-10-15,6호선,돌곶이,7508,6743
2022-10-15,6호선,석계,9926,9911
2022-10-15,6호선,태릉입구,4830,5101
2022-10-15,6호선,화랑대,8466,6770
2022-10-15,6호선,봉화산,6172,5955
2022-10-16,6호선,봉화산,4446,4457
2022-10-16,6호선,화랑대,6076,5485
2022-10-16,6호선,태릉입구,3659,3935
2022-10-16,6호선,석계,7165,7561
2022-10-16,6호선,돌곶이,6188,5729
2022-10-16,6호선,상월곡,3669,3294
2022-10-16,6호선,월곡,6538,6289
2022-10-16,6호선,고려대,5002,5092
2022-10-16,6호선,안암,5205,5871
2022-10-16,6호선,보문,4488,4210
2022-10-16,6호선,창신,1834,1632
2022-10-16,6호선,동묘앞,7323,7229
2022-10-16,6호선,신당,5381,5931
2022-10-16,6호선,청구,2074,1759
2022-10-16,6호선,약수,2055,2077
2022-10-16,6호선,버티고개,1361,1452
2022-10-16,6호선,한강진,10692,11472
2022-10-16,6호선,이태원,26569,24041
2022-10-16,6호선,녹사평,7908,6181
2022-10-16,6호선,삼각지,5747,4150
2022-10-16,6호선,효창공원앞,4490,4057
2022-10-16,6호선,공덕,8853,8605
2022-10-16,6호선,대흥,4900,5086
2022-10-16,6호선,광흥창,4917,4725
2022-10-16,6호선,상수,7234,8151
2022-10-16,6호선,합정,11012,10620
2022-10-16,6호선,망원,10826,11405
2022-10-16,6호선,마포구청,10178,8431
2022-10-16,6호선,월드컵경기장,18895,19667
2022-10-16,6호선,디지털미디어시티,6768,7295
2022-10-16,6호선,증산,6555,6723
2022-10-16,6호선,새절,7492,7351
2022-10-16,6호선,구산,4454,3346
2022-10-16,6호선,독바위,1754,2105
2022-10-16,6호선,불광,3266,2966
2022-10-16,6호선,역촌,2266,2688
2022-10-16,6호선,응암,10764,10860
2022-10-17,6호선,응암,18819,18469
2022-10-17,6호선,역촌,4033,4675
2022-10-17,6호선,불광,4530,4628
2022-10-17,6호선,독바위,2928,3070
2022-10-17,6호선,연신내,1,0
2022-10-17,6호선,구산,8344,6422
2022-10-17,6호선,새절,14036,13060
2022-10-17,6호선,증산,10721,10797
2022-10-17,6호선,디지털미디어시티,16080,17542
2022-10-17,6호선,월드컵경기장,6714,7222
2022-10-17,6호선,마포구청,15694,13878
2022-10-17,6호선,망원,14338,15400
2022-10-17,6호선,합정,13291,13076
2022-10-17,6호선,상수,9771,10651
2022-10-17,6호선,광흥창,9701,9587
2022-10-17,6호선,대흥,10122,10545
2022-10-17,6호선,공덕,20480,21172
2022-10-17,6호선,효창공원앞,8064,7816
2022-10-17,6호선,삼각지,7118,6185
2022-10-17,6호선,녹사평,5011,4865
2022-10-17,6호선,이태원,11108,11610
2022-10-17,6호선,한강진,7746,8833
2022-10-17,6호선,버티고개,2409,2341
2022-10-17,6호선,약수,3838,3840
2022-10-17,6호선,청구,4067,4100
2022-10-17,6호선,신당,8586,8929
2022-10-17,6호선,동묘앞,8276,8724
2022-10-17,6호선,창신,4044,3415
2022-10-17,6호선,보문,8168,7582
2022-10-17,6호선,안암,15029,15865
2022-10-17,6호선,고려대,10390,9987
2022-10-17,6호선,월곡,14023,13532
2022-10-17,6호선,상월곡,7205,6958
2022-10-17,6호선,돌곶이,10177,9472
2022-10-17,6호선,석계,13268,14397
2022-10-17,6호선,태릉입구,6143,6980
2022-10-17,6호선,화랑대,13959,10816
2022-10-17,6호선,봉화산,9833,9290
2022-10-18,6호선,응암,19044,18888
2022-10-18,6호선,역촌,4142,4819
2022-10-18,6호선,불광,4565,4582
2022-10-18,6호선,독바위,3011,3101
2022-10-18,6호선,연신내,1,0
2022-10-18,6호선,구산,8592,6460
2022-10-18,6호선,새절,14320,13293
2022-10-18,6호선,증산,10985,10998
2022-10-18,6호선,디지털미디어시티,16412,18121
2022-10-18,6호선,월드컵경기장,6941,7452
2022-10-18,6호선,마포구청,15871,14162
2022-10-18,6호선,망원,14581,15428
2022-10-18,6호선,합정,13717,13703
2022-10-18,6호선,상수,10185,11414
2022-10-18,6호선,광흥창,9969,9784
2022-10-18,6호선,대흥,10608,11009
2022-10-18,6호선,공덕,20995,20696
2022-10-18,6호선,효창공원앞,8619,8155
2022-10-18,6호선,삼각지,8076,6981
2022-10-18,6호선,녹사평,5199,5102
2022-10-18,6호선,이태원,11215,11749
2022-10-18,6호선,한강진,9478,11069
2022-10-18,6호선,버티고개,2479,2372
2022-10-18,6호선,약수,4014,3870
2022-10-18,6호선,청구,4049,4227
2022-10-18,6호선,신당,9307,9710
2022-10-18,6호선,동묘앞,8658,8974
2022-10-18,6호선,창신,4234,3608
2022-10-18,6호선,보문,8480,7816
2022-10-18,6호선,안암,15098,15555
2022-10-18,6호선,고려대,10527,10308
2022-10-18,6호선,월곡,14590,13921
2022-10-18,6호선,상월곡,7316,7014
2022-10-18,6호선,돌곶이,10453,9699
2022-10-18,6호선,석계,13798,14608
2022-10-18,6호선,태릉입구,6323,7142
2022-10-18,6호선,화랑대,14235,11008
2022-10-18,6호선,봉화산,9997,9458
2022-10-19,6호선,응암,19503,19121
2022-10-19,6호선,역촌,4129,4878
2022-10-19,6호선,불광,4791,4691
2022-10-19,6호선,독바위,2994,3116
2022-10-19,6호선,연신내,2,0
2022-10-19,6호선,구산,8641,6416
2022-10-19,6호선,새절,14434,13271
2022-10-19,6호선,증산,11155,11084
2022-10-19,6호선,디지털미디어시티,16249,17949
2022-10-19,6호선,월드컵경기장,7320,7834
2022-10-19,6호선,마포구청,16010,14262
2022-10-19,6호선,망원,15102,15765
2022-10-19,6호선,합정,14130,14035
2022-10-19,6호선,상수,10314,11665
2022-10-19,6호선,광흥창,10061,9806
2022-10-19,6호선,대흥,10425,10836
2022-10-19,6호선,공덕,21020,20932
2022-10-19,6호선,효창공원앞,8582,8231
2022-10-19,6호선,삼각지,8100,7024
2022-10-19,6호선,녹사평,5514,5457
2022-10-19,6호선,이태원,11268,11854
2022-10-19,6호선,한강진,9809,11201
2022-10-19,6호선,버티고개,2434,2362
2022-10-19,6호선,약수,3983,3861
2022-10-19,6호선,청구,4229,4369
2022-10-19,6호선,신당,9795,10234
2022-10-19,6호선,동묘앞,8627,8813
2022-10-19,6호선,창신,4163,3647
2022-10-19,6호선,보문,8550,7713
2022-10-19,6호선,안암,14837,15285
2022-10-19,6호선,고려대,10442,10133
2022-10-19,6호선,월곡,14417,13915
2022-10-19,6호선,상월곡,7458,7101
2022-10-19,6호선,돌곶이,10742,9908
2022-10-19,6호선,석계,13926,14736
2022-10-19,6호선,태릉입구,6335,7201
2022-10-19,6호선,화랑대,14392,11094
2022-10-19,6호선,봉화산,10073,9578
2022-10-19,6호선,신내,3,0
2022-10-20,6호선,응암,19485,19150
2022-10-20,6호선,역촌,4048,4892
2022-10-20,6호선,불광,4583,4538
2022-10-20,6호선,독바위,2993,3078
2022-10-20,6호선,연신내,1,0
2022-10-20,6호선,구산,8616,6402
2022-10-20,6호선,새절,14317,13218
2022-10-20,6호선,증산,11013,11017
2022-10-20,6호선,디지털미디어시티,16356,18086
2022-10-20,6호선,월드컵경기장,7706,8430
2022-10-20,6호선,마포구청,16351,14476
2022-10-20,6호선,망원,15261,16269
2022-10-20,6호선,합정,14059,14120
2022-10-20,6호선,상수,10158,11614
2022-10-20,6호선,광흥창,10056,9702
2022-10-20,6호선,대흥,10450,10799
2022-10-20,6호선,공덕,21104,20935
2022-10-20,6호선,효창공원앞,8319,7803
2022-10-20,6호선,삼각지,8287,6925
2022-10-20,6호선,녹사평,5480,5507
2022-10-20,6호선,이태원,12119,12961
2022-10-20,6호선,한강진,9529,11067
2022-10-20,6호선,버티고개,2474,2406
2022-10-20,6호선,약수,3825,3815
2022-10-20,6호선,청구,4087,4297
2022-10-20,6호선,신당,9252,9677
2022-10-20,6호선,동묘앞,8607,8957
2022-10-20,6호선,창신,4140,3553
2022-10-20,6호선,보문,8645,7898
2022-10-20,6호선,안암,14832,14821
2022-10-20,6호선,고려대,10426,10121
2022-10-20,6호선,월곡,14094,13452
2022-10-20,6호선,상월곡,7863,7296
2022-10-20,6호선,돌곶이,10649,9779
2022-10-20,6호선,석계,13853,14263
2022-10-20,6호선,태릉입구,6418,7181
2022-10-20,6호선,화랑대,14485,11032
2022-10-20,6호선,봉화산,10046,9592
2022-10-21,6호선,봉화산,9950,9395
2022-10-21,6호선,화랑대,13820,10281
2022-10-21,6호선,태릉입구,6385,7144
2022-10-21,6호선,석계,13749,14244
2022-10-21,6호선,돌곶이,10668,9619
2022-10-21,6호선,상월곡,7107,6385
2022-10-21,6호선,월곡,13821,13197
2022-10-21,6호선,고려대,9697,9284
2022-10-21,6호선,안암,13202,13209
2022-10-21,6호선,보문,8689,7766
2022-10-21,6호선,창신,4087,3296
2022-10-21,6호선,동묘앞,9006,8969
2022-10-21,6호선,신당,9425,9033
2022-10-21,6호선,청구,4064,4293
2022-10-21,6호선,약수,4104,4072
2022-10-21,6호선,버티고개,2511,2384
2022-10-21,6호선,한강진,11216,13475
2022-10-21,6호선,이태원,14956,20077
2022-10-21,6호선,녹사평,6091,6424
2022-10-21,6호선,삼각지,8459,6894
2022-10-21,6호선,효창공원앞,8601,7962
2022-10-21,6호선,공덕,21298,20936
2022-10-21,6호선,대흥,10373,10503
2022-10-21,6호선,광흥창,9926,9546
2022-10-21,6호선,상수,11150,13391
2022-10-21,6호선,합정,15291,15473
2022-10-21,6호선,망원,16302,17428
2022-10-21,6호선,마포구청,16140,14259
2022-10-21,6호선,월드컵경기장,9096,9671
2022-10-21,6호선,디지털미디어시티,16044,17499
2022-10-21,6호선,증산,11248,10916
2022-10-21,6호선,새절,14426,13420
2022-10-21,6호선,구산,8702,6437
2022-10-21,6호선,연신내,2,0
2022-10-21,6호선,독바위,3072,3100
2022-10-21,6호선,불광,4798,4724
2022-10-21,6호선,역촌,4131,4687
2022-10-21,6호선,응암,19585,19051
2022-10-22,6호선,봉화산,6348,5947
2022-10-22,6호선,화랑대,9165,7102
2022-10-22,6호선,태릉입구,5011,5216
2022-10-22,6호선,석계,9850,9926
2022-10-22,6호선,돌곶이,7034,6345
2022-10-22,6호선,상월곡,4669,3907
2022-10-22,6호선,월곡,8543,7917
2022-10-22,6호선,고려대,6733,6353
2022-10-22,6호선,안암,8082,7864
2022-10-22,6호선,보문,5836,5333
2022-10-22,6호선,창신,2461,2098
2022-10-22,6호선,동묘앞,9079,8707
2022-10-22,6호선,신당,7171,6680
2022-10-22,6호선,청구,2862,2516
2022-10-22,6호선,약수,2856,2994
2022-10-22,6호선,버티고개,1761,1813
2022-10-22,6호선,한강진,11077,14287
2022-10-22,6호선,이태원,18271,23788
2022-10-22,6호선,녹사평,6687,7448
2022-10-22,6호선,삼각지,11779,7488
2022-10-22,6호선,효창공원앞,5894,5265
2022-10-22,6호선,공덕,12358,11871
2022-10-22,6호선,대흥,6533,6724
2022-10-22,6호선,광흥창,5837,5223
2022-10-22,6호선,상수,9439,11833
2022-10-22,6호선,합정,14530,14379
2022-10-22,6호선,망원,15108,16411
2022-10-22,6호선,마포구청,11708,9909
2022-10-22,6호선,월드컵경기장,13886,14965
2022-10-22,6호선,디지털미디어시티,9095,9515
2022-10-22,6호선,증산,8374,8089
2022-10-22,6호선,새절,9749,9011
2022-10-22,6호선,구산,6212,4582
2022-10-22,6호선,연신내,1,0
2022-10-22,6호선,독바위,2223,2558
2022-10-22,6호선,불광,4195,3906
2022-10-22,6호선,역촌,2929,3367
2022-10-22,6호선,응암,14302,14032
2022-10-23,6호선,디지털미디어시티,6400,6832
2022-10-23,6호선,마포구청,8532,7319
2022-10-23,6호선,망원,11226,11985
2022-10-23,6호선,합정,10532,9856
2022-10-23,6호선,상수,7085,8026
2022-10-23,6호선,광흥창,4574,4377
2022-10-23,6호선,대흥,4468,4707
2022-10-23,6호선,공덕,8137,7631
2022-10-23,6호선,삼각지,5030,3672
2022-10-23,6호선,녹사평,4567,4354
2022-10-23,6호선,이태원,14513,12313
2022-10-23,6호선,한강진,8219,9622
2022-10-23,6호선,버티고개,1247,1283
2022-10-23,6호선,약수,1975,1941
2022-10-23,6호선,청구,1940,1847
2022-10-23,6호선,신당,5311,5893
2022-10-23,6호선,동묘앞,7711,7609
2022-10-23,6호선,창신,1769,1620
2022-10-23,6호선,보문,4346,4197
2022-10-23,6호선,안암,5082,5542
2022-10-23,6호선,고려대,4753,4807
2022-10-23,6호선,월곡,6142,6045
2022-10-23,6호선,상월곡,3607,3290
2022-10-23,6호선,돌곶이,6237,5874
2022-10-23,6호선,석계,7003,7341
2022-10-23,6호선,태릉입구,3609,3888
2022-10-23,6호선,화랑대,5749,5234
2022-10-23,6호선,봉화산,4343,4300
2022-10-23,6호선,신내,2,0
2022-10-23,6호선,효창공원앞,6020,5801
2022-10-23,6호선,응암,10119,10072
2022-10-23,6호선,역촌,2221,2581
2022-10-23,6호선,불광,3441,3105
2022-10-23,6호선,독바위,1727,2043
2022-10-23,6호선,연신내,1,0
2022-10-23,6호선,구산,4207,3367
2022-10-23,6호선,새절,7092,6937
2022-10-23,6호선,증산,6101,6135
2022-10-23,6호선,월드컵경기장,10141,11023
2022-10-24,6호선,봉화산,9801,9220
2022-10-24,6호선,화랑대,13851,10766
2022-10-24,6호선,태릉입구,5976,6856
2022-10-24,6호선,석계,13237,14134
2022-10-24,6호선,돌곶이,11509,10639
2022-10-24,6호선,상월곡,7273,6925
2022-10-24,6호선,월곡,13973,13489
2022-10-24,6호선,고려대,9825,9666
2022-10-24,6호선,안암,14181,14833
2022-10-24,6호선,보문,8347,7642
2022-10-24,6호선,창신,4031,3437
2022-10-24,6호선,동묘앞,8405,8650
2022-10-24,6호선,신당,8474,8948
2022-10-24,6호선,청구,3901,4141
2022-10-24,6호선,약수,3842,3836
2022-10-24,6호선,버티고개,2376,2366
2022-10-24,6호선,한강진,7418,8612
2022-10-24,6호선,이태원,11069,11334
2022-10-24,6호선,녹사평,4918,4922
2022-10-24,6호선,삼각지,7113,6112
2022-10-24,6호선,효창공원앞,8182,7850
2022-10-24,6호선,공덕,20013,19872
2022-10-24,6호선,대흥,9693,10072
2022-10-24,6호선,광흥창,9475,9354
2022-10-24,6호선,상수,9604,10564
2022-10-24,6호선,합정,12933,12758
2022-10-24,6호선,망원,14415,15005
2022-10-24,6호선,마포구청,15522,13990
2022-10-24,6호선,월드컵경기장,6189,6759
2022-10-24,6호선,디지털미디어시티,15956,17357
2022-10-24,6호선,증산,10728,10701
2022-10-24,6호선,새절,13857,12893
2022-10-24,6호선,구산,8451,6364
2022-10-24,6호선,연신내,1,0
2022-10-24,6호선,독바위,2935,3064
2022-10-24,6호선,불광,4450,4565
2022-10-24,6호선,역촌,3995,4577
2022-10-24,6호선,응암,18679,18628
2022-10-25,6호선,신내,1,0
2022-10-25,6호선,봉화산,10220,9621
2022-10-25,6호선,화랑대,14260,10968
2022-10-25,6호선,태릉입구,6304,7164
2022-10-25,6호선,석계,14001,14625
2022-10-25,6호선,돌곶이,10754,9866
2022-10-25,6호선,상월곡,7499,7038
2022-10-25,6호선,월곡,14544,13805
2022-10-25,6호선,고려대,10102,9838
2022-10-25,6호선,안암,14770,15145
2022-10-25,6호선,보문,8769,8008
2022-10-25,6호선,창신,4137,3540
2022-10-25,6호선,동묘앞,8527,8915
2022-10-25,6호선,신당,8609,9181
2022-10-25,6호선,청구,4097,4293
2022-10-25,6호선,약수,3839,3873
2022-10-25,6호선,버티고개,2426,2391
2022-10-25,6호선,한강진,9199,10476
2022-10-25,6호선,이태원,11432,12090
2022-10-25,6호선,녹사평,5297,5235
2022-10-25,6호선,삼각지,8170,7158
2022-10-25,6호선,효창공원앞,8448,7863
2022-10-25,6호선,공덕,20866,20764
2022-10-25,6호선,대흥,10219,10563
2022-10-25,6호선,광흥창,9944,9683
2022-10-25,6호선,상수,10007,11332
2022-10-25,6호선,합정,13708,13485
2022-10-25,6호선,망원,14717,15596
2022-10-25,6호선,마포구청,16101,14386
2022-10-25,6호선,월드컵경기장,6785,7192
2022-10-25,6호선,디지털미디어시티,16347,17931
2022-10-25,6호선,증산,11020,11058
2022-10-25,6호선,새절,14554,13406
2022-10-25,6호선,구산,8716,6435
2022-10-25,6호선,독바위,2966,3119
2022-10-25,6호선,불광,4613,4627
2022-10-25,6호선,역촌,4101,4831
2022-10-25,6호선,응암,19270,19010
2022-10-26,6호선,역촌,4092,4824
2022-10-26,6호선,신내,3,0
2022-10-26,6호선,봉화산,10144,9582
2022-10-26,6호선,화랑대,14717,11151
2022-10-26,6호선,태릉입구,6288,7344
2022-10-26,6호선,석계,14092,14596
2022-10-26,6호선,돌곶이,10623,9900
2022-10-26,6호선,상월곡,7460,7021
2022-10-26,6호선,월곡,14467,13709
2022-10-26,6호선,고려대,10505,10314
2022-10-26,6호선,안암,15502,15504
2022-10-26,6호선,보문,8793,8043
2022-10-26,6호선,창신,4228,3672
2022-10-26,6호선,동묘앞,8409,8883
2022-10-26,6호선,신당,8649,9241
2022-10-26,6호선,청구,4150,4380
2022-10-26,6호선,약수,4077,4014
2022-10-26,6호선,버티고개,2441,2403
2022-10-26,6호선,한강진,10661,12245
2022-10-26,6호선,이태원,12569,13152
2022-10-26,6호선,녹사평,5569,5509
2022-10-26,6호선,삼각지,8666,7237
2022-10-26,6호선,효창공원앞,8447,7969
2022-10-26,6호선,공덕,21038,20768
2022-10-26,6호선,대흥,10269,10621
2022-10-26,6호선,광흥창,10002,9732
2022-10-26,6호선,상수,10190,11701
2022-10-26,6호선,합정,14079,14079
2022-10-26,6호선,망원,15007,15973
2022-10-26,6호선,마포구청,16007,14256
2022-10-26,6호선,월드컵경기장,6603,7106
2022-10-26,6호선,디지털미디어시티,16490,18114
2022-10-26,6호선,증산,11179,11147
2022-10-26,6호선,새절,14450,13359
2022-10-26,6호선,구산,8688,6398
2022-10-26,6호선,독바위,3037,3228
2022-10-26,6호선,불광,4712,4752
2022-10-26,6호선,응암,19628,19279
2022-10-27,6호선,봉화산,10199,9638
2022-10-27,6호선,화랑대,14530,11093
2022-10-27,6호선,태릉입구,6450,7303
2022-10-27,6호선,석계,14118,14572
2022-10-27,6호선,돌곶이,10770,9770
2022-10-27,6호선,상월곡,7888,7575
2022-10-27,6호선,월곡,14210,13476
2022-10-27,6호선,고려대,10884,10528
2022-10-27,6호선,안암,16241,16228
2022-10-27,6호선,보문,8846,7966
2022-10-27,6호선,창신,4192,3529
2022-10-27,6호선,동묘앞,8621,8970
2022-10-27,6호선,신당,8902,9437
2022-10-27,6호선,청구,4193,4356
2022-10-27,6호선,약수,4038,3962
2022-10-27,6호선,버티고개,2463,2365
2022-10-27,6호선,한강진,9545,11173
2022-10-27,6호선,이태원,13126,15423
2022-10-27,6호선,녹사평,5657,5626
2022-10-27,6호선,삼각지,9245,7850
2022-10-27,6호선,효창공원앞,8584,7974
2022-10-27,6호선,공덕,21279,20863
2022-10-27,6호선,대흥,10405,10900
2022-10-27,6호선,광흥창,10081,9730
2022-10-27,6호선,상수,10599,12155
2022-10-27,6호선,합정,14419,14721
2022-10-27,6호선,망원,15233,16149
2022-10-27,6호선,마포구청,16342,14413
2022-10-27,6호선,월드컵경기장,12393,14305
2022-10-27,6호선,디지털미디어시티,16604,18185
2022-10-27,6호선,증산,10955,10962
2022-10-27,6호선,새절,14413,13437
2022-10-27,6호선,구산,8789,6412
2022-10-27,6호선,연신내,1,0
2022-10-27,6호선,독바위,3032,3109
2022-10-27,6호선,불광,4633,4575
2022-10-27,6호선,역촌,4173,4961
2022-10-27,6호선,응암,19553,19350
2022-10-28,6호선,응암,19698,18895
2022-10-28,6호선,역촌,4028,4812
2022-10-28,6호선,불광,4652,4632
2022-10-28,6호선,독바위,3095,3095
2022-10-28,6호선,연신내,1,0
2022-10-28,6호선,구산,8926,6404
2022-10-28,6호선,새절,14433,13174
2022-10-28,6호선,증산,11243,10945
2022-10-28,6호선,디지털미디어시티,16138,17612
2022-10-28,6호선,월드컵경기장,7207,7650
2022-10-28,6호선,마포구청,16411,14558
2022-10-28,6호선,망원,15841,17083
2022-10-28,6호선,합정,15833,16362
2022-10-28,6호선,상수,11851,14745
2022-10-28,6호선,광흥창,10145,9696
2022-10-28,6호선,대흥,10440,10457
2022-10-28,6호선,공덕,21774,21617
2022-10-28,6호선,효창공원앞,8652,7887
2022-10-28,6호선,삼각지,9800,7542
2022-10-28,6호선,녹사평,7331,7631
2022-10-28,6호선,이태원,23955,35828
2022-10-28,6호선,한강진,11469,13726
2022-10-28,6호선,버티고개,2468,2446
2022-10-28,6호선,약수,4051,4073
2022-10-28,6호선,청구,4359,4314
2022-10-28,6호선,신당,9032,8614
2022-10-28,6호선,동묘앞,9273,9096
2022-10-28,6호선,창신,4096,3419
2022-10-28,6호선,보문,9422,8174
2022-10-28,6호선,안암,15430,16002
2022-10-28,6호선,고려대,10447,9759
2022-10-28,6호선,월곡,14110,13524
2022-10-28,6호선,상월곡,7223,6342
2022-10-28,6호선,돌곶이,10856,9829
2022-10-28,6호선,석계,13892,14431
2022-10-28,6호선,태릉입구,6720,7364
2022-10-28,6호선,화랑대,14566,10575
2022-10-28,6호선,봉화산,9929,9295
2022-10-29,6호선,응암,14590,14160
2022-10-29,6호선,역촌,2962,3497
2022-10-29,6호선,불광,4205,3883
2022-10-29,6호선,독바위,2409,2737
2022-10-29,6호선,구산,6518,4659
2022-10-29,6호선,새절,10519,9560
2022-10-29,6호선,증산,8653,8246
2022-10-29,6호선,디지털미디어시티,9599,9552
2022-10-29,6호선,월드컵경기장,11489,12202
2022-10-29,6호선,마포구청,12550,10515
2022-10-29,6호선,망원,15437,16519
2022-10-29,6호선,합정,16898,18064
2022-10-29,6호선,상수,11376,15775
2022-10-29,6호선,광흥창,6519,5588
2022-10-29,6호선,대흥,7713,7842
2022-10-29,6호선,공덕,13982,14377
2022-10-29,6호선,효창공원앞,6395,5550
2022-10-29,6호선,삼각지,12966,7683
2022-10-29,6호선,녹사평,17411,14002
2022-10-29,6호선,이태원,48459,81362
2022-10-29,6호선,한강진,18080,18437
2022-10-29,6호선,버티고개,2239,2175
2022-10-29,6호선,약수,3478,3809
2022-10-29,6호선,청구,3183,2799
2022-10-29,6호선,신당,6544,6349
2022-10-29,6호선,동묘앞,9497,9089
2022-10-29,6호선,창신,2558,2155
2022-10-29,6호선,보문,6716,5731
2022-10-29,6호선,안암,12633,18962
2022-10-29,6호선,고려대,8060,7229
2022-10-29,6호선,월곡,9363,8527
2022-10-29,6호선,상월곡,5120,4200
2022-10-29,6호선,돌곶이,7405,6477
2022-10-29,6호선,석계,10253,10202
2022-10-29,6호선,태릉입구,5502,5620
2022-10-29,6호선,화랑대,9428,7404
2022-10-29,6호선,봉화산,6503,6193
2022-10-29,6호선,신내,2,0
2022-10-30,6호선,응암,10191,10376
2022-10-30,6호선,역촌,2153,2534
2022-10-30,6호선,불광,3105,3074
2022-10-30,6호선,독바위,1742,2128
2022-10-30,6호선,구산,4193,3261
2022-10-30,6호선,새절,7023,6887
2022-10-30,6호선,증산,5833,6010
2022-10-30,6호선,디지털미디어시티,6289,6540
2022-10-30,6호선,월드컵경기장,8104,8571
2022-10-30,6호선,마포구청,7963,7051
2022-10-30,6호선,망원,10453,11054
2022-10-30,6호선,합정,10228,9605
2022-10-30,6호선,상수,7942,7708
2022-10-30,6호선,광흥창,4431,4366
2022-10-30,6호선,대흥,4396,4731
2022-10-30,6호선,공덕,8092,7680
2022-10-30,6호선,효창공원앞,3974,3629
2022-10-30,6호선,삼각지,5094,3906
2022-10-30,6호선,녹사평,5504,3307
2022-10-30,6호선,이태원,13537,8216
2022-10-30,6호선,한강진,8901,8154
2022-10-30,6호선,버티고개,1229,1299
2022-10-30,6호선,약수,1903,2026
2022-10-30,6호선,청구,2012,1893
2022-10-30,6호선,신당,3860,4489
2022-10-30,6호선,동묘앞,7128,6852
2022-10-30,6호선,창신,1845,1636
2022-10-30,6호선,보문,4561,4304
2022-10-30,6호선,안암,7984,5752
2022-10-30,6호선,고려대,5148,4904
2022-10-30,6호선,월곡,6211,6120
2022-10-30,6호선,상월곡,3564,3322
2022-10-30,6호선,돌곶이,6181,5813
2022-10-30,6호선,석계,7027,7502
2022-10-30,6호선,태릉입구,3695,3928
2022-10-30,6호선,화랑대,5920,5675
2022-10-30,6호선,봉화산,4441,4491
2022-10-31,6호선,창신,4065,3459
2022-10-31,6호선,안암,15289,16187
2022-10-31,6호선,보문,8214,7488
2022-10-31,6호선,고려대,10230,10041
2022-10-31,6호선,월곡,13921,13442
2022-10-31,6호선,상월곡,7352,6945
2022-10-31,6호선,돌곶이,10176,9298
2022-10-31,6호선,석계,13286,14147
2022-10-31,6호선,태릉입구,6159,7123
2022-10-31,6호선,화랑대,13897,10737
2022-10-31,6호선,봉화산,9850,9351
2022-10-31,6호선,신내,1,0
2022-10-31,6호선,응암,18625,18268
2022-10-31,6호선,역촌,3963,4669
2022-10-31,6호선,불광,4330,4333
2022-10-31,6호선,독바위,2983,3145
2022-10-31,6호선,구산,8444,6290
2022-10-31,6호선,새절,14050,12925
2022-10-31,6호선,증산,10664,10655
2022-10-31,6호선,디지털미디어시티,15947,17418
2022-10-31,6호선,월드컵경기장,5930,6217
2022-10-31,6호선,마포구청,15294,13647
2022-10-31,6호선,망원,14020,14904
2022-10-31,6호선,합정,12939,12750
2022-10-31,6호선,상수,9749,10942
2022-10-31,6호선,광흥창,9642,9409
2022-10-31,6호선,대흥,10038,10537
2022-10-31,6호선,공덕,20258,19920
2022-10-31,6호선,효창공원앞,8264,7794
2022-10-31,6호선,삼각지,7342,6430
2022-10-31,6호선,녹사평,5965,5519
2022-10-31,6호선,이태원,11853,11683
2022-10-31,6호선,한강진,7353,8315
2022-10-31,6호선,버티고개,2366,2239
2022-10-31,6호선,약수,3778,3751
2022-10-31,6호선,청구,3842,4067
2022-10-31,6호선,신당,8136,8814
2022-10-31,6호선,동묘앞,8434,8751
2022-11-01,6호선,봉화산,10007,9303
2022-11-01,6호선,역촌,4016,4673
2022-11-01,6호선,응암,18795,18704
2022-11-01,6호선,불광,4493,4518
2022-11-01,6호선,독바위,2988,3078
2022-11-01,6호선,연신내,1,0
2022-11-01,6호선,구산,8691,6478
2022-11-01,6호선,새절,14240,13340
2022-11-01,6호선,증산,10981,10885
2022-11-01,6호선,디지털미디어시티,16310,17741
2022-11-01,6호선,월드컵경기장,5843,6106
2022-11-01,6호선,마포구청,16257,14770
2022-11-01,6호선,망원,14550,15287
2022-11-01,6호선,합정,13393,13246
2022-11-01,6호선,상수,10163,11720
2022-11-01,6호선,광흥창,10121,9675
2022-11-01,6호선,대흥,10097,10682
2022-11-01,6호선,공덕,20634,20279
2022-11-01,6호선,효창공원앞,8377,7916
2022-11-01,6호선,삼각지,7934,6777
2022-11-01,6호선,녹사평,5436,5532
2022-11-01,6호선,이태원,11168,11385
2022-11-01,6호선,한강진,8526,9553
2022-11-01,6호선,버티고개,2466,2290
2022-11-01,6호선,약수,3809,3750
2022-11-01,6호선,청구,3969,4086
2022-11-01,6호선,신당,8601,9031
2022-11-01,6호선,동묘앞,8542,8678
2022-11-01,6호선,창신,4054,3591
2022-11-01,6호선,보문,8520,7716
2022-11-01,6호선,안암,15583,16027
2022-11-01,6호선,고려대,10350,10264
2022-11-01,6호선,월곡,14158,13634
2022-11-01,6호선,상월곡,7489,7102
2022-11-01,6호선,돌곶이,10376,9668
2022-11-01,6호선,석계,13736,14559
2022-11-01,6호선,태릉입구,6316,7216
2022-11-01,6호선,화랑대,14309,11003
2022-11-02,6호선,응암,19251,19105
2022-11-02,6호선,역촌,4014,4698
2022-11-02,6호선,불광,5066,4861
2022-11-02,6호선,독바위,3036,3154
2022-11-02,6호선,구산,8568,6387
2022-11-02,6호선,새절,14346,13455
2022-11-02,6호선,증산,11079,10950
2022-11-02,6호선,디지털미디어시티,16301,17669
2022-11-02,6호선,월드컵경기장,6004,6272
2022-11-02,6호선,마포구청,15789,14168
2022-11-02,6호선,망원,14852,15706
2022-11-02,6호선,합정,13975,13642
2022-11-02,6호선,상수,10222,11721
2022-11-02,6호선,광흥창,10060,9710
2022-11-02,6호선,대흥,10277,10796
2022-11-02,6호선,공덕,20845,20477
2022-11-02,6호선,효창공원앞,8413,7893
2022-11-02,6호선,삼각지,7944,6958
2022-11-02,6호선,녹사평,5305,5415
2022-11-02,6호선,이태원,11337,11409
2022-11-02,6호선,한강진,9759,10843
2022-11-02,6호선,버티고개,2479,2438
2022-11-02,6호선,약수,3930,3927
2022-11-02,6호선,청구,4094,4319
2022-11-02,6호선,신당,8656,9253
2022-11-02,6호선,동묘앞,8451,8748
2022-11-02,6호선,창신,4246,3546
2022-11-02,6호선,보문,8410,7857
2022-11-02,6호선,안암,15653,15914
2022-11-02,6호선,고려대,10434,10176
2022-11-02,6호선,월곡,14616,14032
2022-11-02,6호선,상월곡,7455,7138
2022-11-02,6호선,돌곶이,10697,9871
2022-11-02,6호선,석계,13793,14726
2022-11-02,6호선,태릉입구,6313,7250
2022-11-02,6호선,화랑대,14370,10923
2022-11-02,6호선,봉화산,10009,9362
2022-11-03,6호선,응암,19238,18941
2022-11-03,6호선,역촌,4105,4859
2022-11-03,6호선,불광,4626,4571
2022-11-03,6호선,독바위,2977,3095
2022-11-03,6호선,연신내,1,0
2022-11-03,6호선,구산,8628,6446
2022-11-03,6호선,새절,14300,13276
2022-11-03,6호선,증산,11022,11049
2022-11-03,6호선,디지털미디어시티,16095,17671
2022-11-03,6호선,월드컵경기장,5438,5791
2022-11-03,6호선,마포구청,15710,13985
2022-11-03,6호선,망원,14824,15817
2022-11-03,6호선,합정,13884,13664
2022-11-03,6호선,상수,10518,11901
2022-11-03,6호선,광흥창,10020,9614
2022-11-03,6호선,대흥,10346,10912
2022-11-03,6호선,공덕,20327,19886
2022-11-03,6호선,효창공원앞,8228,7822
2022-11-03,6호선,삼각지,7857,6802
2022-11-03,6호선,녹사평,5336,5195
2022-11-03,6호선,이태원,11357,11749
2022-11-03,6호선,한강진,8733,9818
2022-11-03,6호선,버티고개,2404,2257
2022-11-03,6호선,약수,3857,3873
2022-11-03,6호선,청구,4097,4155
2022-11-03,6호선,신당,8489,9199
2022-11-03,6호선,동묘앞,8497,8782
2022-11-03,6호선,창신,4067,3527
2022-11-03,6호선,보문,8468,7766
2022-11-03,6호선,안암,16203,15939
2022-11-03,6호선,고려대,10585,10423
2022-11-03,6호선,월곡,13923,13396
2022-11-03,6호선,상월곡,7877,7423
2022-11-03,6호선,돌곶이,10624,9666
2022-11-03,6호선,석계,13596,14584
2022-11-03,6호선,태릉입구,6297,7042
2022-11-03,6호선,화랑대,14107,10881
2022-11-03,6호선,봉화산,9894,9251
2022-11-03,6호선,신내,2,0
2022-11-04,6호선,신내,1,0
2022-11-04,6호선,봉화산,9741,9181
2022-11-04,6호선,화랑대,13526,10291
2022-11-04,6호선,태릉입구,6254,6930
2022-11-04,6호선,석계,13480,14121
2022-11-04,6호선,돌곶이,10697,9672
2022-11-04,6호선,상월곡,7360,6539
2022-11-04,6호선,월곡,13571,12952
2022-11-04,6호선,고려대,10059,9647
2022-11-04,6호선,안암,14045,13297
2022-11-04,6호선,보문,8673,7788
2022-11-04,6호선,창신,3937,3292
2022-11-04,6호선,동묘앞,8560,8557
2022-11-04,6호선,신당,8916,8420
2022-11-04,6호선,청구,4053,4166
2022-11-04,6호선,약수,3965,3919
2022-11-04,6호선,버티고개,2435,2288
2022-11-04,6호선,한강진,10127,11219
2022-11-04,6호선,이태원,12932,13254
2022-11-04,6호선,녹사평,5706,5623
2022-11-04,6호선,삼각지,7903,6825
2022-11-04,6호선,효창공원앞,8126,7513
2022-11-04,6호선,공덕,20224,19976
2022-11-04,6호선,대흥,10488,10640
2022-11-04,6호선,광흥창,9828,9681
2022-11-04,6호선,상수,11302,13567
2022-11-04,6호선,응암,19220,18832
2022-11-04,6호선,역촌,4119,4752
2022-11-04,6호선,불광,4864,4623
2022-11-04,6호선,독바위,3016,3072
2022-11-04,6호선,연신내,1,0
2022-11-04,6호선,구산,8698,6435
2022-11-04,6호선,새절,14138,13174
2022-11-04,6호선,증산,10972,10859
2022-11-04,6호선,디지털미디어시티,15627,17135
2022-11-04,6호선,월드컵경기장,5328,5712
2022-11-04,6호선,마포구청,15786,14121
2022-11-04,6호선,망원,15961,17240
2022-11-04,6호선,합정,14958,15192
2022-11-05,6호선,봉화산,5794,5529
2022-11-05,6호선,화랑대,7835,6200
2022-11-05,6호선,태릉입구,4571,4834
2022-11-05,6호선,석계,9413,9381
2022-11-05,6호선,돌곶이,6744,5965
2022-11-05,6호선,상월곡,4544,3916
2022-11-05,6호선,월곡,8254,7737
2022-11-05,6호선,고려대,7092,6796
2022-11-05,6호선,안암,8437,7860
2022-11-05,6호선,보문,5639,4926
2022-11-05,6호선,창신,2320,1889
2022-11-05,6호선,동묘앞,8645,8278
2022-11-05,6호선,신당,5943,5551
2022-11-05,6호선,청구,2716,2444
2022-11-05,6호선,약수,2710,2833
2022-11-05,6호선,버티고개,1542,1742
2022-11-05,6호선,한강진,9174,10339
2022-11-05,6호선,이태원,12678,13270
2022-11-05,6호선,녹사평,4867,4879
2022-11-05,6호선,삼각지,6901,5083
2022-11-05,6호선,효창공원앞,5359,4770
2022-11-05,6호선,공덕,11551,10912
2022-11-05,6호선,대흥,6536,6511
2022-11-05,6호선,광흥창,5540,4984
2022-11-05,6호선,상수,9408,12031
2022-11-05,6호선,합정,13456,12969
2022-11-05,6호선,망원,13995,15210
2022-11-05,6호선,마포구청,10651,8928
2022-11-05,6호선,월드컵경기장,7973,8575
2022-11-05,6호선,디지털미디어시티,8354,8756
2022-11-05,6호선,증산,7815,7661
2022-11-05,6호선,새절,9250,8624
2022-11-05,6호선,구산,6016,4375
2022-11-05,6호선,연신내,2,0
2022-11-05,6호선,독바위,2160,2339
2022-11-05,6호선,불광,4229,3766
2022-11-05,6호선,역촌,2848,3268
2022-11-05,6호선,응암,13763,13288
2022-11-06,6호선,마포구청,8373,8357
2022-11-06,6호선,응암,10225,10229
2022-11-06,6호선,역촌,2163,2548
2022-11-06,6호선,불광,3203,2896
2022-11-06,6호선,독바위,1590,1999
2022-11-06,6호선,연신내,1,0
2022-11-06,6호선,구산,4374,3264
2022-11-06,6호선,새절,7052,6924
2022-11-06,6호선,증산,5987,5924
2022-11-06,6호선,디지털미디어시티,6233,6594
2022-11-06,6호선,월드컵경기장,7314,17218
2022-11-06,6호선,망원,10474,11262
2022-11-06,6호선,합정,10456,9353
2022-11-06,6호선,상수,7029,7986
2022-11-06,6호선,광흥창,4703,4321
2022-11-06,6호선,대흥,4486,4621
2022-11-06,6호선,공덕,8675,7774
2022-11-06,6호선,효창공원앞,3911,3407
2022-11-06,6호선,삼각지,4935,3495
2022-11-06,6호선,녹사평,3635,3402
2022-11-06,6호선,이태원,8602,8443
2022-11-06,6호선,한강진,7991,8415
2022-11-06,6호선,버티고개,1195,1276
2022-11-06,6호선,약수,1913,1912
2022-11-06,6호선,청구,1976,1693
2022-11-06,6호선,신당,4534,4973
2022-11-06,6호선,동묘앞,7586,7219
2022-11-06,6호선,창신,1806,1625
2022-11-06,6호선,보문,4557,4385
2022-11-06,6호선,안암,5697,6510
2022-11-06,6호선,고려대,4861,4835
2022-11-06,6호선,월곡,6069,6132
2022-11-06,6호선,상월곡,3541,3242
2022-11-06,6호선,돌곶이,6163,5917
2022-11-06,6호선,석계,6796,7172
2022-11-06,6호선,태릉입구,3612,3924
2022-11-06,6호선,화랑대,5825,5251
2022-11-06,6호선,봉화산,4310,4316
2022-11-07,6호선,봉화산,9583,9176
2022-11-07,6호선,화랑대,13950,10768
2022-11-07,6호선,태릉입구,5948,6867
2022-11-07,6호선,석계,14749,15156
2022-11-07,6호선,돌곶이,10508,9777
2022-11-07,6호선,상월곡,7231,6724
2022-11-07,6호선,월곡,13706,13173
2022-11-07,6호선,고려대,10190,9957
2022-11-07,6호선,안암,14898,15826
2022-11-07,6호선,보문,8352,7636
2022-11-07,6호선,창신,3948,3488
2022-11-07,6호선,동묘앞,8403,9058
2022-11-07,6호선,신당,8477,8929
2022-11-07,6호선,청구,3904,3987
2022-11-07,6호선,약수,3831,3801
2022-11-07,6호선,버티고개,2346,2341
2022-11-07,6호선,한강진,6913,7890
2022-11-07,6호선,이태원,9377,9560
2022-11-07,6호선,녹사평,4679,4580
2022-11-07,6호선,삼각지,7360,6549
2022-11-07,6호선,효창공원앞,8225,7858
2022-11-07,6호선,공덕,20443,20378
2022-11-07,6호선,대흥,10028,10465
2022-11-07,6호선,광흥창,9671,9532
2022-11-07,6호선,상수,9255,10411
2022-11-07,6호선,합정,12858,12925
2022-11-07,6호선,망원,13921,14785
2022-11-07,6호선,마포구청,15519,13722
2022-11-07,6호선,월드컵경기장,4782,5093
2022-11-07,6호선,디지털미디어시티,15792,17416
2022-11-07,6호선,증산,10592,10689
2022-11-07,6호선,새절,13766,12866
2022-11-07,6호선,구산,8257,6270
2022-11-07,6호선,독바위,2925,3082
2022-11-07,6호선,불광,4345,4438
2022-11-07,6호선,역촌,3947,4647
2022-11-07,6호선,응암,18434,18281
2022-11-08,6호선,응암,19123,18776
2022-11-08,6호선,역촌,3969,4852
2022-11-08,6호선,불광,4451,4488
2022-11-08,6호선,독바위,3007,3110
2022-11-08,6호선,연신내,2,0
2022-11-08,6호선,구산,8544,6334
2022-11-08,6호선,새절,14454,13421
2022-11-08,6호선,증산,10895,10964
2022-11-08,6호선,디지털미디어시티,16281,17851
2022-11-08,6호선,월드컵경기장,5405,5759
2022-11-08,6호선,마포구청,15675,14041
2022-11-08,6호선,망원,14419,15227
2022-11-08,6호선,합정,13570,13687
2022-11-08,6호선,상수,9874,11207
2022-11-08,6호선,광흥창,10002,9863
2022-11-08,6호선,대흥,10308,10911
2022-11-08,6호선,공덕,21240,21207
2022-11-08,6호선,효창공원앞,8494,8017
2022-11-08,6호선,삼각지,8014,7265
2022-11-08,6호선,녹사평,5006,4802
2022-11-08,6호선,이태원,9505,9646
2022-11-08,6호선,한강진,9157,10171
2022-11-08,6호선,버티고개,2492,2312
2022-11-08,6호선,약수,3780,3796
2022-11-08,6호선,청구,4068,4106
2022-11-08,6호선,신당,8363,8982
2022-11-08,6호선,동묘앞,8541,8699
2022-11-08,6호선,창신,4216,3594
2022-11-08,6호선,보문,8610,7872
2022-11-08,6호선,안암,15597,15862
2022-11-08,6호선,고려대,10486,10200
2022-11-08,6호선,월곡,14184,13572
2022-11-08,6호선,상월곡,7490,6945
2022-11-08,6호선,돌곶이,10539,9785
2022-11-08,6호선,석계,14054,14644
2022-11-08,6호선,태릉입구,6331,7192
2022-11-08,6호선,화랑대,14355,11110
2022-11-08,6호선,봉화산,10009,9384
2022-11-08,6호선,신내,1,0
2022-11-09,6호선,응암,19113,18843
2022-11-09,6호선,역촌,4060,4773
2022-11-09,6호선,불광,4524,4721
2022-11-09,6호선,독바위,2963,3072
2022-11-09,6호선,구산,8538,6281
2022-11-09,6호선,새절,14256,13153
2022-11-09,6호선,증산,11076,11033
2022-11-09,6호선,디지털미디어시티,16051,17874
2022-11-09,6호선,월드컵경기장,5524,5926
2022-11-09,6호선,마포구청,15725,14110
2022-11-09,6호선,망원,14698,15651
2022-11-09,6호선,합정,13702,13600
2022-11-09,6호선,상수,9952,11442
2022-11-09,6호선,광흥창,10247,10078
2022-11-09,6호선,대흥,10705,10961
2022-11-09,6호선,공덕,21029,21772
2022-11-09,6호선,효창공원앞,8281,7864
2022-11-09,6호선,삼각지,8149,7071
2022-11-09,6호선,녹사평,5044,4883
2022-11-09,6호선,이태원,9456,9594
2022-11-09,6호선,한강진,9703,10771
2022-11-09,6호선,버티고개,2627,2496
2022-11-09,6호선,약수,3891,3816
2022-11-09,6호선,청구,4169,4212
2022-11-09,6호선,신당,8570,9081
2022-11-09,6호선,동묘앞,8568,8772
2022-11-09,6호선,창신,4053,3503
2022-11-09,6호선,보문,8645,7977
2022-11-09,6호선,안암,15606,15932
2022-11-09,6호선,고려대,10609,10338
2022-11-09,6호선,월곡,14416,13886
2022-11-09,6호선,상월곡,7413,7157
2022-11-09,6호선,돌곶이,11666,10734
2022-11-09,6호선,석계,14071,14679
2022-11-09,6호선,태릉입구,6372,7272
2022-11-09,6호선,화랑대,14304,11025
2022-11-09,6호선,봉화산,9865,9200
2022-11-10,6호선,역촌,4040,4723
2022-11-10,6호선,응암,19293,19131
2022-11-10,6호선,불광,4578,4473
2022-11-10,6호선,독바위,2935,3068
2022-11-10,6호선,연신내,1,0
2022-11-10,6호선,구산,8673,6348
2022-11-10,6호선,새절,14397,13324
2022-11-10,6호선,증산,11039,10839
2022-11-10,6호선,디지털미디어시티,16362,17960
2022-11-10,6호선,월드컵경기장,5608,5965
2022-11-10,6호선,마포구청,15899,14146
2022-11-10,6호선,망원,14793,15729
2022-11-10,6호선,합정,14441,14334
2022-11-10,6호선,상수,10151,11879
2022-11-10,6호선,광흥창,10042,9712
2022-11-10,6호선,대흥,10503,10960
2022-11-10,6호선,공덕,21053,22210
2022-11-10,6호선,효창공원앞,8277,7797
2022-11-10,6호선,삼각지,8002,6965
2022-11-10,6호선,녹사평,5017,4901
2022-11-10,6호선,이태원,9723,10000
2022-11-10,6호선,한강진,8748,9944
2022-11-10,6호선,버티고개,2489,2378
2022-11-10,6호선,약수,3923,3919
2022-11-10,6호선,청구,4128,4116
2022-11-10,6호선,신당,8694,9357
2022-11-10,6호선,동묘앞,8573,8700
2022-11-10,6호선,창신,4080,3479
2022-11-10,6호선,보문,8640,7717
2022-11-10,6호선,안암,15980,15971
2022-11-10,6호선,고려대,10508,10141
2022-11-10,6호선,월곡,13901,13451
2022-11-10,6호선,상월곡,7827,7271
2022-11-10,6호선,돌곶이,11027,10197
2022-11-10,6호선,석계,13850,14418
2022-11-10,6호선,태릉입구,6424,7252
2022-11-10,6호선,화랑대,14624,11052
2022-11-10,6호선,봉화산,9812,9250
2022-11-10,6호선,신내,1,0
2022-11-11,6호선,응암,19092,18710
2022-11-11,6호선,역촌,4004,4686
2022-11-11,6호선,불광,4522,4477
2022-11-11,6호선,독바위,2997,3011
2022-11-11,6호선,연신내,1,0
2022-11-11,6호선,구산,8784,6307
2022-11-11,6호선,새절,14245,13083
2022-11-11,6호선,증산,10968,10490
2022-11-11,6호선,디지털미디어시티,15901,16916
2022-11-11,6호선,월드컵경기장,5678,5981
2022-11-11,6호선,마포구청,15986,13878
2022-11-11,6호선,망원,16022,17447
2022-11-11,6호선,합정,15865,15736
2022-11-11,6호선,상수,11470,14268
2022-11-11,6호선,광흥창,10160,9817
2022-11-11,6호선,대흥,10608,10521
2022-11-11,6호선,공덕,20975,20936
2022-11-11,6호선,효창공원앞,8257,7410
2022-11-11,6호선,삼각지,8216,7036
2022-11-11,6호선,녹사평,5479,5518
2022-11-11,6호선,이태원,10828,11547
2022-11-11,6호선,한강진,10279,11642
2022-11-11,6호선,버티고개,2460,2336
2022-11-11,6호선,약수,4010,4149
2022-11-11,6호선,청구,4197,4243
2022-11-11,6호선,신당,8780,8407
2022-11-11,6호선,동묘앞,8893,8649
2022-11-11,6호선,창신,4049,3350
2022-11-11,6호선,보문,8888,7922
2022-11-11,6호선,안암,14474,13850
2022-11-11,6호선,고려대,10034,9598
2022-11-11,6호선,월곡,13886,13212
2022-11-11,6호선,상월곡,7085,6313
2022-11-11,6호선,돌곶이,10970,9915
2022-11-11,6호선,석계,13613,14129
2022-11-11,6호선,태릉입구,6409,6982
2022-11-11,6호선,화랑대,13979,10389
2022-11-11,6호선,봉화산,9750,9060
2022-11-12,6호선,응암,13131,13212
2022-11-12,6호선,역촌,2901,3329
2022-11-12,6호선,불광,3937,3473
2022-11-12,6호선,독바위,2051,2352
2022-11-12,6호선,구산,5667,4507
2022-11-12,6호선,새절,9020,8676
2022-11-12,6호선,증산,7675,7648
2022-11-12,6호선,디지털미디어시티,8342,8868
2022-11-12,6호선,월드컵경기장,6270,6491
2022-11-12,6호선,마포구청,10486,9432
2022-11-12,6호선,망원,13561,14755
2022-11-12,6호선,합정,13737,12948
2022-11-12,6호선,상수,10746,12884
2022-11-12,6호선,광흥창,5684,5346
2022-11-12,6호선,대흥,6375,6399
2022-11-12,6호선,공덕,11206,10727
2022-11-12,6호선,효창공원앞,5498,4968
2022-11-12,6호선,삼각지,8024,6233
2022-11-12,6호선,녹사평,4884,4963
2022-11-12,6호선,이태원,9919,10576
2022-11-12,6호선,한강진,10332,11506
2022-11-12,6호선,버티고개,1577,1707
2022-11-12,6호선,약수,2628,2826
2022-11-12,6호선,청구,2573,2510
2022-11-12,6호선,신당,6251,5862
2022-11-12,6호선,동묘앞,8586,8242
2022-11-12,6호선,창신,2367,2111
2022-11-12,6호선,보문,5662,5374
2022-11-12,6호선,안암,8643,8205
2022-11-12,6호선,고려대,6756,6450
2022-11-12,6호선,월곡,7954,7660
2022-11-12,6호선,상월곡,4373,3790
2022-11-12,6호선,돌곶이,6805,6213
2022-11-12,6호선,석계,9129,9376
2022-11-12,6호선,태릉입구,4471,4764
2022-11-12,6호선,화랑대,8042,6284
2022-11-12,6호선,봉화산,5653,5633
2022-11-13,6호선,응암,9492,9363
2022-11-13,6호선,역촌,2027,2428
2022-11-13,6호선,불광,2964,2729
2022-11-13,6호선,독바위,1484,1763
2022-11-13,6호선,구산,4108,3047
2022-11-13,6호선,새절,6699,6425
2022-11-13,6호선,증산,5648,5697
2022-11-13,6호선,디지털미디어시티,5867,6246
2022-11-13,6호선,월드컵경기장,4320,4555
2022-11-13,6호선,마포구청,7373,6663
2022-11-13,6호선,망원,9965,10696
2022-11-13,6호선,합정,10344,9379
2022-11-13,6호선,상수,7101,7979
2022-11-13,6호선,광흥창,4401,4194
2022-11-13,6호선,대흥,4240,4548
2022-11-13,6호선,공덕,7363,7238
2022-11-13,6호선,효창공원앞,3670,3232
2022-11-13,6호선,삼각지,5233,4503
2022-11-13,6호선,녹사평,3251,3021
2022-11-13,6호선,이태원,7843,7353
2022-11-13,6호선,한강진,7988,8981
2022-11-13,6호선,버티고개,1097,1164
2022-11-13,6호선,약수,1800,1743
2022-11-13,6호선,청구,1804,1707
2022-11-13,6호선,신당,3884,4525
2022-11-13,6호선,동묘앞,6405,6330
2022-11-13,6호선,창신,1622,1524
2022-11-13,6호선,보문,4308,4134
2022-11-13,6호선,안암,6328,6979
2022-11-13,6호선,고려대,4729,4841
2022-11-13,6호선,월곡,5567,5469
2022-11-13,6호선,상월곡,3364,3099
2022-11-13,6호선,돌곶이,5883,5604
2022-11-13,6호선,석계,6564,6822
2022-11-13,6호선,태릉입구,3434,3682
2022-11-13,6호선,화랑대,5664,5219
2022-11-13,6호선,봉화산,4022,3973
2022-11-14,6호선,창신,3914,3402
2022-11-14,6호선,보문,8003,7488
2022-11-14,6호선,안암,15120,15920
2022-11-14,6호선,고려대,9803,9672
2022-11-14,6호선,월곡,13706,13289
2022-11-14,6호선,상월곡,7198,6874
2022-11-14,6호선,돌곶이,10185,9379
2022-11-14,6호선,석계,13087,14027
2022-11-14,6호선,태릉입구,5968,6936
2022-11-14,6호선,화랑대,13592,10448
2022-11-14,6호선,봉화산,9656,9109
2022-11-14,6호선,신내,2,0
2022-11-14,6호선,응암,18374,18425
2022-11-14,6호선,역촌,3939,4572
2022-11-14,6호선,불광,4331,4418
2022-11-14,6호선,독바위,2899,3001
2022-11-14,6호선,연신내,1,0
2022-11-14,6호선,구산,8131,6308
2022-11-14,6호선,새절,13497,12625
2022-11-14,6호선,증산,10641,10581
2022-11-14,6호선,디지털미디어시티,15670,17074
2022-11-14,6호선,월드컵경기장,4641,4917
2022-11-14,6호선,마포구청,15186,13656
2022-11-14,6호선,망원,13911,14808
2022-11-14,6호선,합정,13094,12742
2022-11-14,6호선,상수,9363,10612
2022-11-14,6호선,광흥창,9551,9408
2022-11-14,6호선,대흥,9613,10153
2022-11-14,6호선,공덕,20035,19663
2022-11-14,6호선,효창공원앞,7909,7544
2022-11-14,6호선,삼각지,7046,6251
2022-11-14,6호선,녹사평,4628,4588
2022-11-14,6호선,이태원,9292,9477
2022-11-14,6호선,한강진,7036,8033
2022-11-14,6호선,버티고개,2361,2288
2022-11-14,6호선,약수,3833,3803
2022-11-14,6호선,청구,3858,3984
2022-11-14,6호선,신당,8123,8617
2022-11-14,6호선,동묘앞,9093,9936
2022-11-15,6호선,응암,18833,18649
2022-11-15,6호선,역촌,4056,4821
2022-11-15,6호선,불광,4470,4400
2022-11-15,6호선,독바위,2931,3031
2022-11-15,6호선,구산,8372,6258
2022-11-15,6호선,새절,13978,13127
2022-11-15,6호선,증산,10713,10696
2022-11-15,6호선,디지털미디어시티,15890,17394
2022-11-15,6호선,월드컵경기장,4700,4922
2022-11-15,6호선,마포구청,15579,14029
2022-11-15,6호선,망원,14285,15226
2022-11-15,6호선,합정,13497,13438
2022-11-15,6호선,상수,10138,11423
2022-11-15,6호선,광흥창,9801,9619
2022-11-15,6호선,대흥,10094,10682
2022-11-15,6호선,공덕,21047,20645
2022-11-15,6호선,효창공원앞,8237,7777
2022-11-15,6호선,삼각지,7835,7014
2022-11-15,6호선,녹사평,5350,5325
2022-11-15,6호선,이태원,9171,9397
2022-11-15,6호선,한강진,7888,8984
2022-11-15,6호선,버티고개,2374,2338
2022-11-15,6호선,약수,3890,3825
2022-11-15,6호선,청구,3941,4128
2022-11-15,6호선,신당,8339,8744
2022-11-15,6호선,동묘앞,8091,8522
2022-11-15,6호선,창신,4143,3497
2022-11-15,6호선,보문,8409,7600
2022-11-15,6호선,안암,15578,15940
2022-11-15,6호선,고려대,10478,10194
2022-11-15,6호선,월곡,14134,13609
2022-11-15,6호선,상월곡,7270,6958
2022-11-15,6호선,돌곶이,10227,9539
2022-11-15,6호선,석계,13765,14515
2022-11-15,6호선,태릉입구,6172,7161
2022-11-15,6호선,화랑대,14255,10914
2022-11-15,6호선,봉화산,9782,9225
2022-11-16,6호선,봉화산,9936,9378
2022-11-16,6호선,화랑대,14428,11007
2022-11-16,6호선,태릉입구,6384,7316
2022-11-16,6호선,석계,13779,14397
2022-11-16,6호선,돌곶이,10617,9847
2022-11-16,6호선,상월곡,7459,7038
2022-11-16,6호선,월곡,14404,13736
2022-11-16,6호선,고려대,10275,10140
2022-11-16,6호선,안암,15839,16028
2022-11-16,6호선,보문,8549,7892
2022-11-16,6호선,창신,4167,3574
2022-11-16,6호선,동묘앞,8488,8949
2022-11-16,6호선,신당,8558,9109
2022-11-16,6호선,청구,4116,4300
2022-11-16,6호선,약수,3851,3681
2022-11-16,6호선,버티고개,2345,2244
2022-11-16,6호선,한강진,8023,9133
2022-11-16,6호선,이태원,9356,9452
2022-11-16,6호선,녹사평,4823,4889
2022-11-16,6호선,삼각지,7821,6900
2022-11-16,6호선,효창공원앞,8287,7789
2022-11-16,6호선,공덕,20759,20326
2022-11-16,6호선,대흥,10360,11098
2022-11-16,6호선,광흥창,10010,9739
2022-11-16,6호선,상수,10192,11582
2022-11-16,6호선,합정,14404,14115
2022-11-16,6호선,망원,14981,15937
2022-11-16,6호선,마포구청,15830,14174
2022-11-16,6호선,월드컵경기장,5021,5276
2022-11-16,6호선,디지털미디어시티,16325,18041
2022-11-16,6호선,증산,10956,11103
2022-11-16,6호선,새절,14430,13333
2022-11-16,6호선,구산,8670,6520
2022-11-16,6호선,독바위,2984,3054
2022-11-16,6호선,불광,4802,4845
2022-11-16,6호선,역촌,4048,4788
2022-11-16,6호선,응암,19075,18959
2022-11-17,6호선,응암,18766,18678
2022-11-17,6호선,역촌,4062,4829
2022-11-17,6호선,불광,4607,4498
2022-11-17,6호선,독바위,2908,2982
2022-11-17,6호선,연신내,1,0
2022-11-17,6호선,구산,8458,6188
2022-11-17,6호선,새절,14264,13233
2022-11-17,6호선,증산,10905,10787
2022-11-17,6호선,디지털미디어시티,15743,17315
2022-11-17,6호선,월드컵경기장,5110,5377
2022-11-17,6호선,마포구청,15795,13958
2022-11-17,6호선,망원,14956,16166
2022-11-17,6호선,합정,14070,13963
2022-11-17,6호선,상수,10518,12055
2022-11-17,6호선,광흥창,9895,9436
2022-11-17,6호선,대흥,10136,10694
2022-11-17,6호선,공덕,20432,20019
2022-11-17,6호선,효창공원앞,8126,7672
2022-11-17,6호선,삼각지,7897,6852
2022-11-17,6호선,녹사평,4808,4681
2022-11-17,6호선,이태원,9651,9854
2022-11-17,6호선,한강진,8044,9352
2022-11-17,6호선,버티고개,2355,2236
2022-11-17,6호선,청구,4041,4139
2022-11-17,6호선,신당,9325,9613
2022-11-17,6호선,동묘앞,8305,8696
2022-11-17,6호선,창신,3769,3198
2022-11-17,6호선,보문,8475,7667
2022-11-17,6호선,안암,16132,16154
2022-11-17,6호선,고려대,10184,10067
2022-11-17,6호선,월곡,13519,13046
2022-11-17,6호선,상월곡,7688,7350
2022-11-17,6호선,돌곶이,11668,10935
2022-11-17,6호선,석계,13660,14236
2022-11-17,6호선,태릉입구,6221,7126
2022-11-17,6호선,화랑대,14298,10679
2022-11-17,6호선,봉화산,9788,9149
2022-11-17,6호선,약수,3708,3777
2022-11-18,6호선,역촌,4066,4636
2022-11-18,6호선,봉화산,9683,8865
2022-11-18,6호선,화랑대,13265,9922
2022-11-18,6호선,태릉입구,6294,6910
2022-11-18,6호선,석계,13612,14051
2022-11-18,6호선,돌곶이,10440,9501
2022-11-18,6호선,상월곡,6912,6128
2022-11-18,6호선,월곡,13614,12873
2022-11-18,6호선,고려대,9747,9277
2022-11-18,6호선,안암,14587,14010
2022-11-18,6호선,보문,8558,7532
2022-11-18,6호선,창신,3929,3253
2022-11-18,6호선,동묘앞,8754,8609
2022-11-18,6호선,신당,9240,8757
2022-11-18,6호선,청구,4115,4123
2022-11-18,6호선,약수,3913,3922
2022-11-18,6호선,버티고개,2365,2332
2022-11-18,6호선,한강진,8630,10034
2022-11-18,6호선,이태원,10734,11460
2022-11-18,6호선,녹사평,5203,5269
2022-11-18,6호선,삼각지,8156,6786
2022-11-18,6호선,효창공원앞,7914,7003
2022-11-18,6호선,공덕,20669,20445
2022-11-18,6호선,대흥,9220,9367
2022-11-18,6호선,광흥창,9778,9331
2022-11-18,6호선,상수,11208,13810
2022-11-18,6호선,합정,15053,15310
2022-11-18,6호선,망원,15691,17112
2022-11-18,6호선,마포구청,15831,13736
2022-11-18,6호선,월드컵경기장,5241,5534
2022-11-18,6호선,디지털미디어시티,15484,16604
2022-11-18,6호선,증산,10767,10479
2022-11-18,6호선,새절,13904,12795
2022-11-18,6호선,구산,8300,6075
2022-11-18,6호선,연신내,1,0
2022-11-18,6호선,독바위,2939,2917
2022-11-18,6호선,불광,4605,4452
2022-11-18,6호선,응암,19276,18737
2022-11-19,6호선,응암,13682,13445
2022-11-19,6호선,역촌,2929,3462
2022-11-19,6호선,불광,4029,3545
2022-11-19,6호선,독바위,2217,2515
2022-11-19,6호선,연신내,1,0
2022-11-19,6호선,구산,6029,4391
2022-11-19,6호선,새절,9388,8565
2022-11-19,6호선,증산,8199,7680
2022-11-19,6호선,디지털미디어시티,8557,8856
2022-11-19,6호선,월드컵경기장,6781,7162
2022-11-19,6호선,마포구청,10506,8986
2022-11-19,6호선,망원,13783,15352
2022-11-19,6호선,합정,14050,13882
2022-11-19,6호선,상수,9489,12324
2022-11-19,6호선,광흥창,5909,5477
2022-11-19,6호선,대흥,7453,7789
2022-11-19,6호선,공덕,12200,11879
2022-11-19,6호선,효창공원앞,5827,5134
2022-11-19,6호선,삼각지,11490,6805
2022-11-19,6호선,녹사평,5825,5288
2022-11-19,6호선,이태원,10713,11424
2022-11-19,6호선,한강진,8439,10267
2022-11-19,6호선,버티고개,1587,1738
2022-11-19,6호선,약수,2786,2821
2022-11-19,6호선,청구,2701,2525
2022-11-19,6호선,신당,7284,6910
2022-11-19,6호선,동묘앞,8471,8452
2022-11-19,6호선,창신,2443,2116
2022-11-19,6호선,보문,5821,5053
2022-11-19,6호선,안암,9952,9305
2022-11-19,6호선,고려대,7229,6736
2022-11-19,6호선,월곡,8392,7931
2022-11-19,6호선,상월곡,4642,3907
2022-11-19,6호선,돌곶이,7039,6231
2022-11-19,6호선,석계,9459,9622
2022-11-19,6호선,태릉입구,4803,5043
2022-11-19,6호선,화랑대,9356,7108
2022-11-19,6호선,봉화산,5939,5758
2022-11-19,6호선,신내,1,0
2022-11-20,6호선,응암,10501,10473
2022-11-20,6호선,역촌,2243,2510
2022-11-20,6호선,불광,3076,2722
2022-11-20,6호선,독바위,1613,1956
2022-11-20,6호선,연신내,1,0
2022-11-20,6호선,구산,4326,3213
2022-11-20,6호선,새절,6880,6654
2022-11-20,6호선,증산,5834,5998
2022-11-20,6호선,디지털미디어시티,6301,6539
2022-11-20,6호선,월드컵경기장,5457,5505
2022-11-20,6호선,마포구청,7787,6879
2022-11-20,6호선,망원,10420,11162
2022-11-20,6호선,합정,10922,9575
2022-11-20,6호선,상수,7493,8375
2022-11-20,6호선,광흥창,4626,4527
2022-11-20,6호선,대흥,5669,6093
2022-11-20,6호선,공덕,7988,7662
2022-11-20,6호선,효창공원앞,4051,3500
2022-11-20,6호선,삼각지,4686,3590
2022-11-20,6호선,녹사평,3634,3518
2022-11-20,6호선,이태원,8200,7605
2022-11-20,6호선,한강진,6412,7442
2022-11-20,6호선,버티고개,1119,1258
2022-11-20,6호선,약수,1866,1887
2022-11-20,6호선,청구,1848,1709
2022-11-20,6호선,신당,5074,5614
2022-11-20,6호선,동묘앞,7215,7006
2022-11-20,6호선,창신,1728,1576
2022-11-20,6호선,보문,4513,4381
2022-11-20,6호선,안암,5833,6768
2022-11-20,6호선,고려대,4640,4698
2022-11-20,6호선,월곡,6090,6116
2022-11-20,6호선,상월곡,3542,3236
2022-11-20,6호선,돌곶이,6248,5778
2022-11-20,6호선,석계,7066,7530
2022-11-20,6호선,태릉입구,3514,3821
2022-11-20,6호선,화랑대,5780,5185
2022-11-20,6호선,봉화산,4492,4305
2022-11-21,6호선,신내,1,0
2022-11-21,6호선,봉화산,9667,9121
2022-11-21,6호선,화랑대,13841,10651
2022-11-21,6호선,태릉입구,6091,6937
2022-11-21,6호선,석계,13294,14414
2022-11-21,6호선,돌곶이,10241,9651
2022-11-21,6호선,상월곡,7222,6978
2022-11-21,6호선,월곡,13988,13616
2022-11-21,6호선,고려대,9879,9869
2022-11-21,6호선,안암,15412,16218
2022-11-21,6호선,보문,8238,7582
2022-11-21,6호선,창신,3982,3399
2022-11-21,6호선,동묘앞,8161,8545
2022-11-21,6호선,신당,8274,8722
2022-11-21,6호선,청구,3953,4181
2022-11-21,6호선,약수,3897,3839
2022-11-21,6호선,버티고개,2391,2360
2022-11-21,6호선,한강진,7610,8669
2022-11-21,6호선,이태원,9099,9172
2022-11-21,6호선,녹사평,4590,4526
2022-11-21,6호선,삼각지,7048,6238
2022-11-21,6호선,효창공원앞,7964,7641
2022-11-21,6호선,공덕,20172,19559
2022-11-21,6호선,대흥,9776,10250
2022-11-21,6호선,광흥창,9446,9522
2022-11-21,6호선,상수,9624,10897
2022-11-21,6호선,합정,13170,12826
2022-11-21,6호선,망원,13552,14470
2022-11-21,6호선,마포구청,15196,13678
2022-11-21,6호선,월드컵경기장,4272,4513
2022-11-21,6호선,디지털미디어시티,15917,17274
2022-11-21,6호선,증산,10600,10630
2022-11-21,6호선,새절,13764,12818
2022-11-21,6호선,구산,8429,6313
2022-11-21,6호선,연신내,2,0
2022-11-21,6호선,독바위,2897,3002
2022-11-21,6호선,불광,4246,4344
2022-11-21,6호선,역촌,3945,4731
2022-11-21,6호선,응암,18474,18410
2022-11-22,6호선,신내,1,0
2022-11-22,6호선,봉화산,9824,9235
2022-11-22,6호선,화랑대,14347,10963
2022-11-22,6호선,태릉입구,6260,7198
2022-11-22,6호선,석계,13493,14347
2022-11-22,6호선,돌곶이,10304,9602
2022-11-22,6호선,상월곡,7369,7015
2022-11-22,6호선,월곡,14418,13875
2022-11-22,6호선,고려대,10034,9936
2022-11-22,6호선,안암,15733,16134
2022-11-22,6호선,보문,8383,7755
2022-11-22,6호선,창신,4124,3579
2022-11-22,6호선,동묘앞,8232,8736
2022-11-22,6호선,신당,8959,9580
2022-11-22,6호선,청구,4024,4133
2022-11-22,6호선,약수,3975,3781
2022-11-22,6호선,버티고개,2504,2322
2022-11-22,6호선,한강진,8149,9369
2022-11-22,6호선,이태원,9203,9406
2022-11-22,6호선,녹사평,4731,4595
2022-11-22,6호선,삼각지,7800,6917
2022-11-22,6호선,효창공원앞,8316,7854
2022-11-22,6호선,공덕,20729,20239
2022-11-22,6호선,대흥,10398,10826
2022-11-22,6호선,광흥창,9861,9844
2022-11-22,6호선,상수,10638,12089
2022-11-22,6호선,합정,13509,13483
2022-11-22,6호선,망원,14327,15298
2022-11-22,6호선,마포구청,15834,14230
2022-11-22,6호선,월드컵경기장,4411,4718
2022-11-22,6호선,디지털미디어시티,16120,17858
2022-11-22,6호선,증산,10842,10888
2022-11-22,6호선,새절,14097,13201
2022-11-22,6호선,구산,8493,6324
2022-11-22,6호선,독바위,2927,3043
2022-11-22,6호선,불광,4330,4405
2022-11-22,6호선,역촌,4077,4808
2022-11-22,6호선,응암,18868,18885
2022-11-23,6호선,봉화산,9923,9313
2022-11-23,6호선,화랑대,14213,10771
2022-11-23,6호선,태릉입구,6203,7162
2022-11-23,6호선,석계,13984,14632
2022-11-23,6호선,돌곶이,10561,9849
2022-11-23,6호선,상월곡,7565,7114
2022-11-23,6호선,월곡,14303,13832
2022-11-23,6호선,고려대,10398,10229
2022-11-23,6호선,안암,15694,16075
2022-11-23,6호선,보문,8601,7917
2022-11-23,6호선,창신,4104,3652
2022-11-23,6호선,동묘앞,8399,8726
2022-11-23,6호선,신당,8962,9572
2022-11-23,6호선,청구,3921,4168
2022-11-23,6호선,약수,3917,3909
2022-11-23,6호선,버티고개,2405,2317
2022-11-23,6호선,한강진,8285,9488
2022-11-23,6호선,이태원,9530,9538
2022-11-23,6호선,녹사평,4992,5001
2022-11-23,6호선,삼각지,7713,6873
2022-11-23,6호선,효창공원앞,8404,7910
2022-11-23,6호선,공덕,20962,20530
2022-11-23,6호선,대흥,10244,10658
2022-11-23,6호선,광흥창,10023,9770
2022-11-23,6호선,상수,10301,11955
2022-11-23,6호선,합정,13665,13705
2022-11-23,6호선,망원,14705,15646
2022-11-23,6호선,마포구청,15587,13963
2022-11-23,6호선,월드컵경기장,4714,4983
2022-11-23,6호선,디지털미디어시티,16211,17782
2022-11-23,6호선,증산,10883,10817
2022-11-23,6호선,새절,14162,13145
2022-11-23,6호선,구산,8463,6280
2022-11-23,6호선,연신내,1,0
2022-11-23,6호선,독바위,2956,3091
2022-11-23,6호선,불광,4606,4552
2022-11-23,6호선,역촌,4095,4736
2022-11-23,6호선,응암,19276,19028
2022-11-24,6호선,응암,18975,19022
2022-11-24,6호선,역촌,4079,4733
2022-11-24,6호선,불광,4494,4469
2022-11-24,6호선,독바위,3004,3069
2022-11-24,6호선,구산,8653,6337
2022-11-24,6호선,새절,14224,13428
2022-11-24,6호선,증산,10870,11104
2022-11-24,6호선,디지털미디어시티,16270,17944
2022-11-24,6호선,월드컵경기장,4691,5001
2022-11-24,6호선,마포구청,15734,14446
2022-11-24,6호선,망원,14828,15802
2022-11-24,6호선,합정,13905,13980
2022-11-24,6호선,상수,10419,12155
2022-11-24,6호선,광흥창,10351,9787
2022-11-24,6호선,대흥,10336,10875
2022-11-24,6호선,공덕,21400,20812
2022-11-24,6호선,효창공원앞,8292,7979
2022-11-24,6호선,삼각지,7946,7056
2022-11-24,6호선,녹사평,5120,5037
2022-11-24,6호선,이태원,10204,10708
2022-11-24,6호선,한강진,8630,9637
2022-11-24,6호선,버티고개,2462,2396
2022-11-24,6호선,약수,3924,3971
2022-11-24,6호선,청구,4117,4135
2022-11-24,6호선,신당,8941,9551
2022-11-24,6호선,동묘앞,8236,8612
2022-11-24,6호선,창신,4167,3674
2022-11-24,6호선,보문,8700,7935
2022-11-24,6호선,안암,16339,16352
2022-11-24,6호선,고려대,10592,10180
2022-11-24,6호선,월곡,14113,13436
2022-11-24,6호선,상월곡,7784,7320
2022-11-24,6호선,돌곶이,10655,9847
2022-11-24,6호선,석계,13723,14332
2022-11-24,6호선,태릉입구,6289,7251
2022-11-24,6호선,화랑대,14189,10858
2022-11-24,6호선,봉화산,10133,9487
2022-11-25,6호선,응암,19085,18645
2022-11-25,6호선,역촌,3973,4566
2022-11-25,6호선,불광,4531,4436
2022-11-25,6호선,독바위,2894,3008
2022-11-25,6호선,구산,8599,6297
2022-11-25,6호선,새절,14088,13140
2022-11-25,6호선,증산,10892,10570
2022-11-25,6호선,디지털미디어시티,15987,17345
2022-11-25,6호선,월드컵경기장,4639,5014
2022-11-25,6호선,마포구청,15670,13805
2022-11-25,6호선,망원,16021,17025
2022-11-25,6호선,합정,14989,15253
2022-11-25,6호선,상수,11232,13582
2022-11-25,6호선,광흥창,9851,9681
2022-11-25,6호선,대흥,10198,10389
2022-11-25,6호선,공덕,20753,20485
2022-11-25,6호선,효창공원앞,8239,7428
2022-11-25,6호선,삼각지,8100,6946
2022-11-25,6호선,녹사평,5481,5412
2022-11-25,6호선,이태원,11211,11897
2022-11-25,6호선,한강진,9820,11054
2022-11-25,6호선,버티고개,2389,2364
2022-11-25,6호선,약수,4030,4043
2022-11-25,6호선,청구,4075,4152
2022-11-25,6호선,신당,10091,9503
2022-11-25,6호선,동묘앞,8708,8618
2022-11-25,6호선,창신,4066,3468
2022-11-25,6호선,보문,8652,7697
2022-11-25,6호선,안암,14237,13551
2022-11-25,6호선,고려대,9708,9410
2022-11-25,6호선,월곡,13658,13212
2022-11-25,6호선,상월곡,7147,6539
2022-11-25,6호선,돌곶이,10726,9764
2022-11-25,6호선,석계,13551,14109
2022-11-25,6호선,태릉입구,6440,7081
2022-11-25,6호선,화랑대,13478,10079
2022-11-25,6호선,봉화산,9677,9049
2022-11-26,6호선,디지털미디어시티,8539,9005
2022-11-26,6호선,월드컵경기장,5226,5574
2022-11-26,6호선,마포구청,10456,9165
2022-11-26,6호선,망원,14068,15265
2022-11-26,6호선,합정,13430,13368
2022-11-26,6호선,상수,9542,12031
2022-11-26,6호선,광흥창,5685,5317
2022-11-26,6호선,대흥,6543,6871
2022-11-26,6호선,공덕,11640,11186
2022-11-26,6호선,효창공원앞,5198,4607
2022-11-26,6호선,삼각지,7618,5945
2022-11-26,6호선,녹사평,4878,5254
2022-11-26,6호선,이태원,10592,11405
2022-11-26,6호선,한강진,8295,10016
2022-11-26,6호선,버티고개,1635,1712
2022-11-26,6호선,약수,2725,2859
2022-11-26,6호선,청구,2563,2411
2022-11-26,6호선,신당,7283,6751
2022-11-26,6호선,동묘앞,8420,8252
2022-11-26,6호선,창신,2294,2037
2022-11-26,6호선,보문,5611,5034
2022-11-26,6호선,응암,13783,13351
2022-11-26,6호선,역촌,2826,3232
2022-11-26,6호선,불광,3927,3584
2022-11-26,6호선,독바위,2051,2253
2022-11-26,6호선,연신내,1,0
2022-11-26,6호선,구산,6046,4584
2022-11-26,6호선,새절,9208,8571
2022-11-26,6호선,증산,7957,7652
2022-11-26,6호선,안암,9119,8785
2022-11-26,6호선,고려대,7433,6799
2022-11-26,6호선,월곡,7924,7663
2022-11-26,6호선,상월곡,4589,3919
2022-11-26,6호선,돌곶이,8377,7346
2022-11-26,6호선,석계,9789,9929
2022-11-26,6호선,태릉입구,4726,4916
2022-11-26,6호선,화랑대,8165,6298
2022-11-26,6호선,봉화산,5900,5647
2022-11-27,6호선,석계,6763,7000
2022-11-27,6호선,봉화산,4114,4114
2022-11-27,6호선,화랑대,5532,5085
2022-11-27,6호선,태릉입구,3468,3750
2022-11-27,6호선,돌곶이,6730,6296
2022-11-27,6호선,상월곡,3533,3233
2022-11-27,6호선,월곡,5589,5532
2022-11-27,6호선,고려대,4785,4654
2022-11-27,6호선,안암,6398,6944
2022-11-27,6호선,보문,4235,4107
2022-11-27,6호선,창신,1712,1503
2022-11-27,6호선,동묘앞,6714,6468
2022-11-27,6호선,신당,4593,5075
2022-11-27,6호선,청구,1911,1832
2022-11-27,6호선,약수,1852,1819
2022-11-27,6호선,버티고개,1067,1161
2022-11-27,6호선,한강진,6185,6999
2022-11-27,6호선,이태원,8250,7542
2022-11-27,6호선,녹사평,3407,3471
2022-11-27,6호선,삼각지,4291,3321
2022-11-27,6호선,효창공원앞,3570,3294
2022-11-27,6호선,공덕,7695,6988
2022-11-27,6호선,대흥,4204,4409
2022-11-27,6호선,광흥창,4362,4204
2022-11-27,6호선,상수,7136,7860
2022-11-27,6호선,합정,9842,9073
2022-11-27,6호선,망원,10237,10839
2022-11-27,6호선,마포구청,7522,6764
2022-11-27,6호선,월드컵경기장,3535,3763
2022-11-27,6호선,디지털미디어시티,5937,6288
2022-11-27,6호선,증산,5728,5760
2022-11-27,6호선,새절,6848,6423
2022-11-27,6호선,구산,4187,3151
2022-11-27,6호선,독바위,1551,1849
2022-11-27,6호선,불광,3108,2829
2022-11-27,6호선,역촌,2115,2496
2022-11-27,6호선,응암,9661,9706
2022-11-28,6호선,응암,18086,18235
2022-11-28,6호선,역촌,3834,4648
2022-11-28,6호선,불광,4334,4105
2022-11-28,6호선,독바위,2808,3017
2022-11-28,6호선,구산,8227,6430
2022-11-28,6호선,새절,13526,12845
2022-11-28,6호선,증산,10318,10543
2022-11-28,6호선,디지털미디어시티,15324,17097
2022-11-28,6호선,월드컵경기장,3821,4018
2022-11-28,6호선,마포구청,15178,13991
2022-11-28,6호선,망원,13374,14227
2022-11-28,6호선,합정,12426,12520
2022-11-28,6호선,상수,9493,10551
2022-11-28,6호선,광흥창,9657,9424
2022-11-28,6호선,대흥,9852,10299
2022-11-28,6호선,공덕,19754,19592
2022-11-28,6호선,효창공원앞,7929,7727
2022-11-28,6호선,삼각지,6824,6094
2022-11-28,6호선,녹사평,4420,4416
2022-11-28,6호선,이태원,8860,9182
2022-11-28,6호선,한강진,6953,7650
2022-11-28,6호선,버티고개,2360,2328
2022-11-28,6호선,약수,3713,3660
2022-11-28,6호선,청구,3735,4144
2022-11-28,6호선,신당,8255,8879
2022-11-28,6호선,동묘앞,7810,8310
2022-11-28,6호선,창신,3979,3589
2022-11-28,6호선,보문,8090,7523
2022-11-28,6호선,안암,15034,15844
2022-11-28,6호선,고려대,9993,9851
2022-11-28,6호선,월곡,13576,13302
2022-11-28,6호선,상월곡,7241,6988
2022-11-28,6호선,돌곶이,10233,9581
2022-11-28,6호선,석계,13069,14181
2022-11-28,6호선,태릉입구,5877,6781
2022-11-28,6호선,화랑대,13457,10402
2022-11-28,6호선,봉화산,9586,9191
2022-11-28,6호선,신내,1,0
2022-11-29,6호선,봉화산,9867,9420
2022-11-29,6호선,화랑대,14001,10875
2022-11-29,6호선,태릉입구,6228,7077
2022-11-29,6호선,석계,13759,14461
2022-11-29,6호선,돌곶이,10397,9753
2022-11-29,6호선,상월곡,7185,6976
2022-11-29,6호선,월곡,13858,13332
2022-11-29,6호선,고려대,10186,9906
2022-11-29,6호선,안암,15562,15794
2022-11-29,6호선,보문,8348,7795
2022-11-29,6호선,창신,4044,3484
2022-11-29,6호선,동묘앞,8137,8482
2022-11-29,6호선,신당,9168,9388
2022-11-29,6호선,청구,3915,4137
2022-11-29,6호선,약수,3872,3837
2022-11-29,6호선,버티고개,2421,2384
2022-11-29,6호선,한강진,7912,9000
2022-11-29,6호선,이태원,9117,9270
2022-11-29,6호선,녹사평,4723,4576
2022-11-29,6호선,삼각지,8374,7703
2022-11-29,6호선,효창공원앞,8146,7923
2022-11-29,6호선,공덕,20491,20081
2022-11-29,6호선,대흥,10258,10626
2022-11-29,6호선,광흥창,9962,9913
2022-11-29,6호선,상수,10092,11255
2022-11-29,6호선,합정,13807,13492
2022-11-29,6호선,망원,14469,15274
2022-11-29,6호선,마포구청,15699,14238
2022-11-29,6호선,월드컵경기장,4257,4612
2022-11-29,6호선,디지털미디어시티,15842,17806
2022-11-29,6호선,증산,10765,10691
2022-11-29,6호선,새절,13945,13047
2022-11-29,6호선,구산,8475,6337
2022-11-29,6호선,연신내,2,0
2022-11-29,6호선,독바위,2927,3095
2022-11-29,6호선,불광,4487,4394
2022-11-29,6호선,역촌,3961,4683
2022-11-29,6호선,응암,18539,18511
2022-11-30,6호선,신내,1,0
2022-11-30,6호선,봉화산,9552,9043
2022-11-30,6호선,화랑대,13755,10414
2022-11-30,6호선,태릉입구,6027,7107
2022-11-30,6호선,석계,13448,14097
2022-11-30,6호선,돌곶이,10172,9462
2022-11-30,6호선,상월곡,7248,6823
2022-11-30,6호선,월곡,13610,12937
2022-11-30,6호선,고려대,9812,9684
2022-11-30,6호선,안암,15033,15157
2022-11-30,6호선,보문,8085,7664
2022-11-30,6호선,창신,3980,3473
2022-11-30,6호선,동묘앞,7800,8082
2022-11-30,6호선,신당,9072,9199
2022-11-30,6호선,청구,3840,4176
2022-11-30,6호선,약수,3737,3599
2022-11-30,6호선,버티고개,2299,2181
2022-11-30,6호선,한강진,7896,8714
2022-11-30,6호선,이태원,8998,9146
2022-11-30,6호선,녹사평,4481,4430
2022-11-30,6호선,삼각지,7899,7499
2022-11-30,6호선,효창공원앞,7756,7508
2022-11-30,6호선,공덕,20163,19795
2022-11-30,6호선,대흥,9797,10293
2022-11-30,6호선,광흥창,9828,9627
2022-11-30,6호선,상수,9818,10928
2022-11-30,6호선,합정,13969,14100
2022-11-30,6호선,망원,13875,14508
2022-11-30,6호선,마포구청,15163,13482
2022-11-30,6호선,월드컵경기장,3981,4279
2022-11-30,6호선,디지털미디어시티,15354,17135
2022-11-30,6호선,증산,10140,10263
2022-11-30,6호선,새절,13324,12429
2022-11-30,6호선,구산,8201,5998
2022-11-30,6호선,독바위,2836,2928
2022-11-30,6호선,불광,4468,4445
2022-11-30,6호선,역촌,3925,4557
2022-11-30,6호선,응암,18142,17740
2022-12-01,6호선,신내,2,0
2022-12-01,6호선,봉화산,9435,8936
2022-12-01,6호선,화랑대,13587,10412
2022-12-01,6호선,태릉입구,6013,6703
2022-12-01,6호선,석계,13053,13935
2022-12-01,6호선,돌곶이,10235,9528
2022-12-01,6호선,상월곡,7403,6987
2022-12-01,6호선,월곡,13234,12779
2022-12-01,6호선,고려대,9958,9757
2022-12-01,6호선,안암,15171,14888
2022-12-01,6호선,보문,8129,7501
2022-12-01,6호선,창신,3974,3514
2022-12-01,6호선,동묘앞,7733,8160
2022-12-01,6호선,신당,8723,9206
2022-12-01,6호선,청구,3811,4112
2022-12-01,6호선,약수,3679,3702
2022-12-01,6호선,버티고개,2279,2252
2022-12-01,6호선,한강진,7801,8897
2022-12-01,6호선,이태원,9059,9254
2022-12-01,6호선,녹사평,4735,4595
2022-12-01,6호선,삼각지,8636,8133
2022-12-01,6호선,효창공원앞,7709,7414
2022-12-01,6호선,공덕,20398,19836
2022-12-01,6호선,대흥,9956,10448
2022-12-01,6호선,광흥창,9785,9464
2022-12-01,6호선,상수,10007,11175
2022-12-01,6호선,합정,13836,13579
2022-12-01,6호선,망원,14041,14961
2022-12-01,6호선,마포구청,15182,13655
2022-12-01,6호선,월드컵경기장,3802,4047
2022-12-01,6호선,디지털미디어시티,15423,17186
2022-12-01,6호선,증산,10332,10243
2022-12-01,6호선,새절,13535,12588
2022-12-01,6호선,구산,8292,6152
2022-12-01,6호선,독바위,2800,2938
2022-12-01,6호선,불광,4300,4412
2022-12-01,6호선,역촌,3920,4676
2022-12-01,6호선,응암,18058,17906
2022-12-02,6호선,신내,1,0
2022-12-02,6호선,봉화산,9776,9073
2022-12-02,6호선,화랑대,13333,10070
2022-12-02,6호선,태릉입구,6227,6742
2022-12-02,6호선,석계,13531,14095
2022-12-02,6호선,돌곶이,10754,9808
2022-12-02,6호선,상월곡,6986,6294
2022-12-02,6호선,월곡,13627,12851
2022-12-02,6호선,고려대,10123,9415
2022-12-02,6호선,안암,13640,13136
2022-12-02,6호선,보문,9077,7690
2022-12-02,6호선,창신,3999,3294
2022-12-02,6호선,동묘앞,8514,8553
2022-12-02,6호선,신당,9337,8992
2022-12-02,6호선,청구,3966,4125
2022-12-02,6호선,약수,3898,3932
2022-12-02,6호선,버티고개,2384,2264
2022-12-02,6호선,한강진,9418,10338
2022-12-02,6호선,이태원,10452,11680
2022-12-02,6호선,녹사평,5320,5384
2022-12-02,6호선,삼각지,8100,7158
2022-12-02,6호선,효창공원앞,7965,7417
2022-12-02,6호선,공덕,20735,20204
2022-12-02,6호선,대흥,9966,10194
2022-12-02,6호선,광흥창,10149,9853
2022-12-02,6호선,상수,10520,12878
2022-12-02,6호선,합정,14605,14706
2022-12-02,6호선,망원,15122,16494
2022-12-02,6호선,마포구청,15703,13846
2022-12-02,6호선,월드컵경기장,4355,4683
2022-12-02,6호선,디지털미디어시티,15498,16866
2022-12-02,6호선,증산,10706,10451
2022-12-02,6호선,새절,13897,12675
2022-12-02,6호선,구산,8480,6209
2022-12-02,6호선,독바위,2870,2926
2022-12-02,6호선,불광,4478,4446
2022-12-02,6호선,역촌,4010,4666
2022-12-02,6호선,응암,19242,18784
2022-12-03,6호선,응암,13263,13109
2022-12-03,6호선,역촌,2796,3273
2022-12-03,6호선,불광,3905,3467
2022-12-03,6호선,독바위,1953,2189
2022-12-03,6호선,구산,5828,4219
2022-12-03,6호선,새절,9032,8464
2022-12-03,6호선,증산,7752,7450
2022-12-03,6호선,디지털미디어시티,7973,8239
2022-12-03,6호선,월드컵경기장,4716,5005
2022-12-03,6호선,마포구청,10035,8641
2022-12-03,6호선,망원,13310,14342
2022-12-03,6호선,합정,13010,12829
2022-12-03,6호선,상수,9239,11721
2022-12-03,6호선,광흥창,5447,5115
2022-12-03,6호선,대흥,6273,6262
2022-12-03,6호선,공덕,11513,10853
2022-12-03,6호선,효창공원앞,5075,4555
2022-12-03,6호선,삼각지,6721,5271
2022-12-03,6호선,녹사평,4544,4737
2022-12-03,6호선,이태원,10274,10937
2022-12-03,6호선,한강진,7668,9227
2022-12-03,6호선,버티고개,1515,1539
2022-12-03,6호선,약수,2574,2649
2022-12-03,6호선,청구,2495,2322
2022-12-03,6호선,신당,6824,6264
2022-12-03,6호선,신내,1,0
2022-12-03,6호선,봉화산,5686,5469
2022-12-03,6호선,화랑대,8029,6205
2022-12-03,6호선,태릉입구,4353,4703
2022-12-03,6호선,석계,9194,9049
2022-12-03,6호선,돌곶이,6965,6172
2022-12-03,6호선,상월곡,4423,3779
2022-12-03,6호선,월곡,7907,7682
2022-12-03,6호선,고려대,5854,5616
2022-12-03,6호선,안암,7326,7120
2022-12-03,6호선,보문,5457,4805
2022-12-03,6호선,창신,2352,1937
2022-12-03,6호선,동묘앞,7910,7605
2022-12-04,6호선,봉화산,4050,4083
2022-12-04,6호선,화랑대,5252,4848
2022-12-04,6호선,태릉입구,3280,3542
2022-12-04,6호선,돌곶이,6308,6010
2022-12-04,6호선,상월곡,3359,3002
2022-12-04,6호선,월곡,5794,5798
2022-12-04,6호선,고려대,4303,4321
2022-12-04,6호선,안암,5014,5656
2022-12-04,6호선,창신,1676,1537
2022-12-04,6호선,동묘앞,6291,6247
2022-12-04,6호선,신당,4897,5429
2022-12-04,6호선,청구,1822,1671
2022-12-04,6호선,약수,1806,1780
2022-12-04,6호선,버티고개,1120,1273
2022-12-04,6호선,한강진,5870,6537
2022-12-04,6호선,이태원,8040,7196
2022-12-04,6호선,녹사평,3072,3093
2022-12-04,6호선,삼각지,4248,3378
2022-12-04,6호선,효창공원앞,3301,3058
2022-12-04,6호선,공덕,7316,7046
2022-12-04,6호선,대흥,4022,4299
2022-12-04,6호선,광흥창,4400,4315
2022-12-04,6호선,상수,7127,7845
2022-12-04,6호선,합정,9777,9026
2022-12-04,6호선,망원,9690,10356
2022-12-04,6호선,마포구청,6991,6465
2022-12-04,6호선,월드컵경기장,3755,3917
2022-12-04,6호선,디지털미디어시티,5778,6182
2022-12-04,6호선,증산,5626,5737
2022-12-04,6호선,새절,6508,6344
2022-12-04,6호선,구산,3995,3162
2022-12-04,6호선,독바위,1473,1715
2022-12-04,6호선,불광,3163,2789
2022-12-04,6호선,역촌,2074,2335
2022-12-04,6호선,응암,9572,9802
2022-12-04,6호선,석계,6540,6884
2022-12-04,6호선,보문,4083,3863
2022-12-05,6호선,응암,18511,18375
2022-12-05,6호선,역촌,3931,4682
2022-12-05,6호선,불광,4270,4286
2022-12-05,6호선,독바위,2817,3004
2022-12-05,6호선,구산,8243,6373
2022-12-05,6호선,새절,13581,12623
2022-12-05,6호선,증산,10456,10460
2022-12-05,6호선,디지털미디어시티,15502,17190
2022-12-05,6호선,월드컵경기장,4080,4267
2022-12-05,6호선,마포구청,15147,13861
2022-12-05,6호선,망원,13748,14645
2022-12-05,6호선,합정,12828,12566
2022-12-05,6호선,상수,9504,10706
2022-12-05,6호선,광흥창,9757,9515
2022-12-05,6호선,대흥,9590,10210
2022-12-05,6호선,공덕,20093,19365
2022-12-05,6호선,효창공원앞,7853,7576
2022-12-05,6호선,삼각지,6817,6228
2022-12-05,6호선,녹사평,4363,4469
2022-12-05,6호선,이태원,8884,9179
2022-12-05,6호선,한강진,6966,7814
2022-12-05,6호선,버티고개,2292,2201
2022-12-05,6호선,약수,3800,3756
2022-12-05,6호선,청구,3868,4007
2022-12-05,6호선,신당,8302,8997
2022-12-05,6호선,동묘앞,8000,8481
2022-12-05,6호선,창신,3981,3402
2022-12-05,6호선,보문,8168,7436
2022-12-05,6호선,안암,14625,15525
2022-12-05,6호선,고려대,9700,9516
2022-12-05,6호선,월곡,13726,13402
2022-12-05,6호선,상월곡,7173,6774
2022-12-05,6호선,돌곶이,12149,11452
2022-12-05,6호선,석계,13297,14150
2022-12-05,6호선,태릉입구,5909,6654
2022-12-05,6호선,화랑대,13731,10538
2022-12-05,6호선,봉화산,9699,9199
2022-12-06,6호선,응암,18543,18591
2022-12-06,6호선,역촌,3904,4649
2022-12-06,6호선,불광,4380,4360
2022-12-06,6호선,독바위,2893,3073
2022-12-06,6호선,연신내,1,0
2022-12-06,6호선,구산,8366,6311
2022-12-06,6호선,새절,13879,13009
2022-12-06,6호선,증산,10463,10555
2022-12-06,6호선,디지털미디어시티,15865,17546
2022-12-06,6호선,월드컵경기장,4128,4404
2022-12-06,6호선,마포구청,15551,14016
2022-12-06,6호선,망원,13847,14770
2022-12-06,6호선,합정,13195,13180
2022-12-06,6호선,상수,10067,11031
2022-12-06,6호선,광흥창,10089,9784
2022-12-06,6호선,대흥,10078,10526
2022-12-06,6호선,공덕,20515,19767
2022-12-06,6호선,효창공원앞,8052,7711
2022-12-06,6호선,삼각지,8061,7397
2022-12-06,6호선,녹사평,4694,4642
2022-12-06,6호선,이태원,9241,9287
2022-12-06,6호선,한강진,7748,8731
2022-12-06,6호선,버티고개,2365,2267
2022-12-06,6호선,약수,3902,3850
2022-12-06,6호선,청구,3938,4175
2022-12-06,6호선,신당,9149,9466
2022-12-06,6호선,동묘앞,8082,8306
2022-12-06,6호선,창신,4045,3567
2022-12-06,6호선,보문,8246,7535
2022-12-06,6호선,안암,15089,15185
2022-12-06,6호선,고려대,9988,9506
2022-12-06,6호선,월곡,13858,13371
2022-12-06,6호선,상월곡,7236,6800
2022-12-06,6호선,돌곶이,10393,9646
2022-12-06,6호선,석계,13843,14470
2022-12-06,6호선,태릉입구,6017,6897
2022-12-06,6호선,화랑대,13695,10640
2022-12-06,6호선,봉화산,9767,9348
2022-12-07,6호선,응암,19291,19023
2022-12-07,6호선,역촌,4066,4764
2022-12-07,6호선,불광,4682,4613
2022-12-07,6호선,독바위,3005,3088
2022-12-07,6호선,연신내,1,0
2022-12-07,6호선,구산,8638,6364
2022-12-07,6호선,새절,14190,13260
2022-12-07,6호선,증산,10926,10875
2022-12-07,6호선,디지털미디어시티,16260,17982
2022-12-07,6호선,월드컵경기장,4405,4757
2022-12-07,6호선,마포구청,15819,14218
2022-12-07,6호선,망원,14727,15619
2022-12-07,6호선,합정,13644,13619
2022-12-07,6호선,상수,10077,11494
2022-12-07,6호선,광흥창,10326,10055
2022-12-07,6호선,대흥,10586,11069
2022-12-07,6호선,공덕,20810,20376
2022-12-07,6호선,효창공원앞,8189,7856
2022-12-07,6호선,삼각지,8785,7820
2022-12-07,6호선,녹사평,4972,4779
2022-12-07,6호선,이태원,9393,9648
2022-12-07,6호선,한강진,8097,9251
2022-12-07,6호선,버티고개,2391,2378
2022-12-07,6호선,약수,3961,3970
2022-12-07,6호선,청구,4129,4240
2022-12-07,6호선,신당,9854,10162
2022-12-07,6호선,동묘앞,8432,8658
2022-12-07,6호선,창신,4132,3680
2022-12-07,6호선,보문,8502,7718
2022-12-07,6호선,안암,14773,15089
2022-12-07,6호선,고려대,10219,9988
2022-12-07,6호선,월곡,14273,13754
2022-12-07,6호선,상월곡,7194,6930
2022-12-07,6호선,돌곶이,10659,9916
2022-12-07,6호선,석계,13778,14446
2022-12-07,6호선,태릉입구,6324,7143
2022-12-07,6호선,화랑대,14076,10722
2022-12-07,6호선,봉화산,10056,9415
2022-12-07,6호선,신내,1,0
2022-12-08,6호선,신내,1,0
2022-12-08,6호선,봉화산,9964,9377
2022-12-08,6호선,화랑대,13342,10258
2022-12-08,6호선,태릉입구,6202,6771
2022-12-08,6호선,석계,13698,14354
2022-12-08,6호선,돌곶이,10543,9839
2022-12-08,6호선,상월곡,7698,7283
2022-12-08,6호선,월곡,13789,13191
2022-12-08,6호선,고려대,10087,9891
2022-12-08,6호선,안암,14943,14931
2022-12-08,6호선,보문,8401,7679
2022-12-08,6호선,창신,3995,3527
2022-12-08,6호선,동묘앞,8466,8755
2022-12-08,6호선,신당,9209,9587
2022-12-08,6호선,청구,4023,4194
2022-12-08,6호선,약수,3925,3910
2022-12-08,6호선,버티고개,2403,2338
2022-12-08,6호선,한강진,8254,9549
2022-12-08,6호선,이태원,9745,10067
2022-12-08,6호선,녹사평,4958,4817
2022-12-08,6호선,삼각지,8416,7498
2022-12-08,6호선,효창공원앞,8230,7815
2022-12-08,6호선,공덕,21030,20680
2022-12-08,6호선,대흥,10397,10951
2022-12-08,6호선,광흥창,10396,10019
2022-12-08,6호선,상수,10307,11840
2022-12-08,6호선,합정,14082,14115
2022-12-08,6호선,망원,14870,15786
2022-12-08,6호선,마포구청,15693,14126
2022-12-08,6호선,월드컵경기장,4351,4528
2022-12-08,6호선,디지털미디어시티,15992,17754
2022-12-08,6호선,증산,10715,10693
2022-12-08,6호선,새절,13828,12865
2022-12-08,6호선,구산,8735,6464
2022-12-08,6호선,연신내,1,0
2022-12-08,6호선,독바위,2962,3025
2022-12-08,6호선,불광,4558,4519
2022-12-08,6호선,역촌,4014,4714
2022-12-08,6호선,응암,18955,18696
2022-12-09,6호선,독바위,2989,2991
2022-12-09,6호선,구산,8748,6473
2022-12-09,6호선,새절,14004,12987
2022-12-09,6호선,증산,11038,10814
2022-12-09,6호선,디지털미디어시티,16095,17370
2022-12-09,6호선,월드컵경기장,4584,4768
2022-12-09,6호선,마포구청,16347,14502
2022-12-09,6호선,망원,15881,17244
2022-12-09,6호선,합정,15065,15391
2022-12-09,6호선,상수,11132,13666
2022-12-09,6호선,광흥창,10155,9871
2022-12-09,6호선,대흥,10280,10380
2022-12-09,6호선,공덕,21108,21027
2022-12-09,6호선,효창공원앞,8303,7624
2022-12-09,6호선,삼각지,7997,6867
2022-12-09,6호선,녹사평,5285,5479
2022-12-09,6호선,이태원,10805,11818
2022-12-09,6호선,한강진,8470,9821
2022-12-09,6호선,버티고개,2401,2369
2022-12-09,6호선,청구,4120,4117
2022-12-09,6호선,신당,9390,8909
2022-12-09,6호선,동묘앞,8775,8589
2022-12-09,6호선,창신,3965,3309
2022-12-09,6호선,보문,8785,7755
2022-12-09,6호선,안암,12986,12685
2022-12-09,6호선,고려대,9626,9349
2022-12-09,6호선,월곡,13859,13116
2022-12-09,6호선,상월곡,6967,6283
2022-12-09,6호선,돌곶이,10649,9690
2022-12-09,6호선,석계,13705,14106
2022-12-09,6호선,봉화산,9869,9311
2022-12-09,6호선,신내,2,0
2022-12-09,6호선,약수,4071,4145
2022-12-09,6호선,태릉입구,6455,6809
2022-12-09,6호선,화랑대,13401,10068
2022-12-09,6호선,응암,19381,18779
2022-12-09,6호선,역촌,4017,4749
2022-12-09,6호선,불광,4627,4497
2022-12-10,6호선,신당,6862,6374
2022-12-10,6호선,응암,14065,13485
2022-12-10,6호선,역촌,2964,3414
2022-12-10,6호선,불광,3946,3545
2022-12-10,6호선,독바위,2143,2393
2022-12-10,6호선,구산,6045,4482
2022-12-10,6호선,새절,9611,8853
2022-12-10,6호선,증산,8216,7848
2022-12-10,6호선,디지털미디어시티,8837,8964
2022-12-10,6호선,월드컵경기장,5245,5340
2022-12-10,6호선,마포구청,10604,9143
2022-12-10,6호선,망원,14098,15617
2022-12-10,6호선,합정,13995,13357
2022-12-10,6호선,상수,10057,13135
2022-12-10,6호선,광흥창,5822,5296
2022-12-10,6호선,대흥,6115,6307
2022-12-10,6호선,공덕,11899,11437
2022-12-10,6호선,효창공원앞,5348,4721
2022-12-10,6호선,삼각지,6578,5029
2022-12-10,6호선,녹사평,4634,4834
2022-12-10,6호선,이태원,10426,12138
2022-12-10,6호선,한강진,8226,9823
2022-12-10,6호선,버티고개,1647,1759
2022-12-10,6호선,약수,2964,2991
2022-12-10,6호선,청구,2562,2480
2022-12-10,6호선,동묘앞,8659,8334
2022-12-10,6호선,창신,2247,1913
2022-12-10,6호선,보문,5630,4998
2022-12-10,6호선,안암,7200,7045
2022-12-10,6호선,고려대,5986,5839
2022-12-10,6호선,월곡,8117,7895
2022-12-10,6호선,상월곡,4484,3740
2022-12-10,6호선,돌곶이,7077,6368
2022-12-10,6호선,석계,9564,9800
2022-12-10,6호선,태릉입구,4737,4880
2022-12-10,6호선,화랑대,8067,6252
2022-12-10,6호선,봉화산,6119,5738
2022-12-10,6호선,신내,1,0
2022-12-11,6호선,응암,9959,9887
2022-12-11,6호선,역촌,2117,2369
2022-12-11,6호선,불광,3223,2791
2022-12-11,6호선,독바위,1573,1917
2022-12-11,6호선,구산,4394,3303
2022-12-11,6호선,새절,6988,6877
2022-12-11,6호선,증산,5977,5997
2022-12-11,6호선,디지털미디어시티,5969,6389
2022-12-11,6호선,월드컵경기장,3823,3916
2022-12-11,6호선,마포구청,7608,6895
2022-12-11,6호선,망원,10345,10835
2022-12-11,6호선,합정,9979,9383
2022-12-11,6호선,상수,7897,8625
2022-12-11,6호선,광흥창,4461,4345
2022-12-11,6호선,대흥,4133,4295
2022-12-11,6호선,공덕,7691,7258
2022-12-11,6호선,효창공원앞,3716,3434
2022-12-11,6호선,삼각지,4185,3365
2022-12-11,6호선,녹사평,3523,3338
2022-12-11,6호선,이태원,8575,7797
2022-12-11,6호선,한강진,6272,7014
2022-12-11,6호선,버티고개,1117,1219
2022-12-11,6호선,약수,1799,1957
2022-12-11,6호선,청구,1849,1727
2022-12-11,6호선,신당,4695,5077
2022-12-11,6호선,동묘앞,7043,6894
2022-12-11,6호선,창신,1754,1582
2022-12-11,6호선,보문,4126,3965
2022-12-11,6호선,안암,4610,5175
2022-12-11,6호선,고려대,4228,4261
2022-12-11,6호선,월곡,5650,5558
2022-12-11,6호선,상월곡,3484,3197
2022-12-11,6호선,돌곶이,6161,5771
2022-12-11,6호선,석계,6768,7240
2022-12-11,6호선,태릉입구,3521,3543
2022-12-11,6호선,화랑대,5715,5211
2022-12-11,6호선,봉화산,4406,4294
2022-12-12,6호선,응암,18572,18829
2022-12-12,6호선,역촌,4009,4751
2022-12-12,6호선,불광,4399,4421
2022-12-12,6호선,독바위,2903,3224
2022-12-12,6호선,구산,8323,6423
2022-12-12,6호선,새절,13496,12873
2022-12-12,6호선,증산,10633,10645
2022-12-12,6호선,디지털미디어시티,15588,17399
2022-12-12,6호선,월드컵경기장,4148,4323
2022-12-12,6호선,마포구청,15400,13956
2022-12-12,6호선,망원,13996,14859
2022-12-12,6호선,합정,12978,12889
2022-12-12,6호선,상수,9397,10524
2022-12-12,6호선,광흥창,9959,9763
2022-12-12,6호선,대흥,9771,10219
2022-12-12,6호선,공덕,20197,19619
2022-12-12,6호선,효창공원앞,8045,7803
2022-12-12,6호선,삼각지,7151,6457
2022-12-12,6호선,녹사평,4570,4455
2022-12-12,6호선,이태원,9176,9296
2022-12-12,6호선,한강진,7058,7951
2022-12-12,6호선,버티고개,2418,2369
2022-12-12,6호선,약수,3931,3908
2022-12-12,6호선,청구,3909,4091
2022-12-12,6호선,신당,8384,9007
2022-12-12,6호선,동묘앞,7931,8381
2022-12-12,6호선,창신,3871,3385
2022-12-12,6호선,보문,8066,7549
2022-12-12,6호선,안암,14324,14858
2022-12-12,6호선,고려대,9900,9622
2022-12-12,6호선,월곡,13827,13361
2022-12-12,6호선,상월곡,7131,6825
2022-12-12,6호선,돌곶이,11158,10538
2022-12-12,6호선,석계,13285,14295
2022-12-12,6호선,태릉입구,6065,6694
2022-12-12,6호선,화랑대,13547,10573
2022-12-12,6호선,봉화산,9607,9201
2022-12-13,6호선,새절,13701,13041
2022-12-13,6호선,응암,19224,19456
2022-12-13,6호선,역촌,4071,4907
2022-12-13,6호선,불광,4611,4518
2022-12-13,6호선,독바위,2900,3116
2022-12-13,6호선,구산,8628,6769
2022-12-13,6호선,증산,11033,11276
2022-12-13,6호선,디지털미디어시티,16128,18297
2022-12-13,6호선,월드컵경기장,4143,4462
2022-12-13,6호선,마포구청,15965,14647
2022-12-13,6호선,망원,14684,15736
2022-12-13,6호선,합정,14064,13879
2022-12-13,6호선,상수,10495,11551
2022-12-13,6호선,광흥창,10155,10095
2022-12-13,6호선,대흥,10518,10943
2022-12-13,6호선,공덕,21176,20802
2022-12-13,6호선,효창공원앞,8179,7955
2022-12-13,6호선,삼각지,9374,8141
2022-12-13,6호선,녹사평,4890,4817
2022-12-13,6호선,이태원,9520,9812
2022-12-13,6호선,한강진,8209,9279
2022-12-13,6호선,버티고개,2460,2464
2022-12-13,6호선,약수,4015,3989
2022-12-13,6호선,청구,3994,4258
2022-12-13,6호선,신당,9466,9878
2022-12-13,6호선,동묘앞,8418,8636
2022-12-13,6호선,창신,3968,3424
2022-12-13,6호선,보문,8580,7937
2022-12-13,6호선,안암,14758,14720
2022-12-13,6호선,고려대,10352,10173
2022-12-13,6호선,월곡,14021,13555
2022-12-13,6호선,상월곡,7332,7047
2022-12-13,6호선,돌곶이,10690,9904
2022-12-13,6호선,석계,14051,14949
2022-12-13,6호선,태릉입구,6121,6733
2022-12-13,6호선,화랑대,13626,10748
2022-12-13,6호선,봉화산,10166,9593
2022-12-14,6호선,망원,14048,14936
2022-12-14,6호선,합정,13579,13608
2022-12-14,6호선,상수,10258,11504
2022-12-14,6호선,광흥창,9691,9519
2022-12-14,6호선,대흥,9815,10261
2022-12-14,6호선,공덕,20375,19681
2022-12-14,6호선,효창공원앞,7873,7525
2022-12-14,6호선,삼각지,8182,7310
2022-12-14,6호선,녹사평,4961,5028
2022-12-14,6호선,이태원,9470,9623
2022-12-14,6호선,한강진,7911,9115
2022-12-14,6호선,버티고개,2371,2299
2022-12-14,6호선,약수,3798,3720
2022-12-14,6호선,청구,4088,4118
2022-12-14,6호선,신당,9613,9909
2022-12-14,6호선,동묘앞,7749,7991
2022-12-14,6호선,창신,3933,3344
2022-12-14,6호선,보문,8204,7462
2022-12-14,6호선,안암,14083,14174
2022-12-14,6호선,고려대,9636,9493
2022-12-14,6호선,월곡,13451,13017
2022-12-14,6호선,상월곡,7323,6846
2022-12-14,6호선,돌곶이,10474,9641
2022-12-14,6호선,석계,13360,14019
2022-12-14,6호선,태릉입구,5901,6322
2022-12-14,6호선,화랑대,13113,10300
2022-12-14,6호선,봉화산,9546,9093
2022-12-14,6호선,응암,18751,18517
2022-12-14,6호선,역촌,3825,4614
2022-12-14,6호선,불광,4587,4466
2022-12-14,6호선,독바위,2916,2993
2022-12-14,6호선,연신내,1,0
2022-12-14,6호선,구산,8324,6309
2022-12-14,6호선,새절,13340,12447
2022-12-14,6호선,증산,10456,10459
2022-12-14,6호선,디지털미디어시티,15676,17543
2022-12-14,6호선,월드컵경기장,4182,4605
2022-12-14,6호선,마포구청,15114,13646
2022-12-15,6호선,신내,1,0
2022-12-15,6호선,봉화산,10004,9547
2022-12-15,6호선,화랑대,13905,10576
2022-12-15,6호선,태릉입구,6101,6902
2022-12-15,6호선,석계,13841,14667
2022-12-15,6호선,돌곶이,10681,9978
2022-12-15,6호선,상월곡,7524,6981
2022-12-15,6호선,월곡,12999,12778
2022-12-15,6호선,고려대,10282,9951
2022-12-15,6호선,안암,15171,14710
2022-12-15,6호선,보문,8620,7841
2022-12-15,6호선,창신,3951,3320
2022-12-15,6호선,동묘앞,8121,8449
2022-12-15,6호선,신당,9719,9939
2022-12-15,6호선,청구,4214,4387
2022-12-15,6호선,약수,3883,3898
2022-12-15,6호선,버티고개,2478,2448
2022-12-15,6호선,한강진,8905,10110
2022-12-15,6호선,이태원,10314,10501
2022-12-15,6호선,녹사평,5591,5588
2022-12-15,6호선,삼각지,8256,7366
2022-12-15,6호선,효창공원앞,8108,7678
2022-12-15,6호선,공덕,21516,20830
2022-12-15,6호선,대흥,10165,10657
2022-12-15,6호선,광흥창,10448,10164
2022-12-15,6호선,상수,10320,11596
2022-12-15,6호선,합정,14628,14300
2022-12-15,6호선,망원,15034,16054
2022-12-15,6호선,마포구청,16548,15056
2022-12-15,6호선,월드컵경기장,4308,4605
2022-12-15,6호선,디지털미디어시티,16198,18330
2022-12-15,6호선,증산,10677,10955
2022-12-15,6호선,새절,14179,13414
2022-12-15,6호선,구산,8540,6613
2022-12-15,6호선,연신내,2,0
2022-12-15,6호선,독바위,2984,3149
2022-12-15,6호선,불광,4697,4581
2022-12-15,6호선,응암,18892,19254
2022-12-15,6호선,역촌,4119,4970
2022-12-16,6호선,응암,19370,18974
2022-12-16,6호선,역촌,4181,4832
2022-12-16,6호선,불광,4789,4508
2022-12-16,6호선,독바위,2954,2952
2022-12-16,6호선,구산,8545,6259
2022-12-16,6호선,새절,14246,13395
2022-12-16,6호선,증산,10923,10719
2022-12-16,6호선,디지털미디어시티,15622,17541
2022-12-16,6호선,월드컵경기장,4340,4726
2022-12-16,6호선,마포구청,16078,14259
2022-12-16,6호선,망원,15999,17288
2022-12-16,6호선,합정,15915,16067
2022-12-16,6호선,상수,11399,14197
2022-12-16,6호선,광흥창,10066,9911
2022-12-16,6호선,대흥,10324,10592
2022-12-16,6호선,이태원,13739,14319
2022-12-16,6호선,한강진,10160,11474
2022-12-16,6호선,버티고개,2439,2336
2022-12-16,6호선,약수,4029,4269
2022-12-16,6호선,청구,4313,4275
2022-12-16,6호선,공덕,21714,21094
2022-12-16,6호선,신당,9986,9219
2022-12-16,6호선,동묘앞,8570,8443
2022-12-16,6호선,창신,4011,3316
2022-12-16,6호선,보문,8710,7726
2022-12-16,6호선,안암,13161,12687
2022-12-16,6호선,고려대,9806,9479
2022-12-16,6호선,월곡,13221,12623
2022-12-16,6호선,상월곡,6999,6306
2022-12-16,6호선,돌곶이,10843,9987
2022-12-16,6호선,석계,14059,14289
2022-12-16,6호선,태릉입구,6224,6783
2022-12-16,6호선,화랑대,13530,9997
2022-12-16,6호선,봉화산,10029,9362
2022-12-16,6호선,효창공원앞,8044,7502
2022-12-16,6호선,삼각지,8870,7543
2022-12-16,6호선,녹사평,7941,8116
2022-12-17,6호선,응암,13805,13296
2022-12-17,6호선,역촌,2964,3493
2022-12-17,6호선,불광,4321,3794
2022-12-17,6호선,독바위,2220,2318
2022-12-17,6호선,연신내,4,0
2022-12-17,6호선,구산,5952,4595
2022-12-17,6호선,새절,9695,8940
2022-12-17,6호선,증산,8179,7768
2022-12-17,6호선,디지털미디어시티,8862,9135
2022-12-17,6호선,월드컵경기장,5194,5568
2022-12-17,6호선,마포구청,10432,9082
2022-12-17,6호선,망원,15031,16337
2022-12-17,6호선,합정,14845,14553
2022-12-17,6호선,상수,11317,13833
2022-12-17,6호선,광흥창,5878,5700
2022-12-17,6호선,대흥,6736,6820
2022-12-17,6호선,공덕,12073,11949
2022-12-17,6호선,효창공원앞,5728,5252
2022-12-17,6호선,삼각지,7814,7567
2022-12-17,6호선,녹사평,5526,6258
2022-12-17,6호선,이태원,11675,13110
2022-12-17,6호선,한강진,8810,10508
2022-12-17,6호선,버티고개,1776,1782
2022-12-17,6호선,약수,2882,3052
2022-12-17,6호선,청구,2751,2547
2022-12-17,6호선,신당,7443,6899
2022-12-17,6호선,동묘앞,8522,8263
2022-12-17,6호선,창신,2470,2133
2022-12-17,6호선,보문,6107,5360
2022-12-17,6호선,안암,9850,9557
2022-12-17,6호선,고려대,6668,6259
2022-12-17,6호선,월곡,8681,8318
2022-12-17,6호선,상월곡,4617,3946
2022-12-17,6호선,돌곶이,7464,6577
2022-12-17,6호선,석계,9798,10088
2022-12-17,6호선,태릉입구,4780,4886
2022-12-17,6호선,화랑대,8248,6319
2022-12-17,6호선,봉화산,5994,5755
2022-12-17,6호선,신내,1,0
2022-12-18,6호선,응암,9434,9667
2022-12-18,6호선,역촌,2146,2458
2022-12-18,6호선,불광,3104,2621
2022-12-18,6호선,독바위,1336,1546
2022-12-18,6호선,연신내,1,0
2022-12-18,6호선,구산,3959,3186
2022-12-18,6호선,새절,6511,6381
2022-12-18,6호선,증산,5544,5546
2022-12-18,6호선,디지털미디어시티,5659,6205
2022-12-18,6호선,월드컵경기장,3269,3342
2022-12-18,6호선,마포구청,7161,6566
2022-12-18,6호선,망원,9308,9839
2022-12-18,6호선,합정,9977,9181
2022-12-18,6호선,상수,7539,7961
2022-12-18,6호선,광흥창,4219,4174
2022-12-18,6호선,대흥,3996,4217
2022-12-18,6호선,공덕,7532,7298
2022-12-18,6호선,효창공원앞,3399,3084
2022-12-18,6호선,삼각지,4010,3345
2022-12-18,6호선,녹사평,3653,3649
2022-12-18,6호선,이태원,8716,7925
2022-12-18,6호선,한강진,7231,7793
2022-12-18,6호선,버티고개,1074,1196
2022-12-18,6호선,약수,1759,1797
2022-12-18,6호선,청구,1724,1629
2022-12-18,6호선,신당,4728,5112
2022-12-18,6호선,동묘앞,5715,5729
2022-12-18,6호선,창신,1561,1440
2022-12-18,6호선,보문,4039,3923
2022-12-18,6호선,안암,4525,4990
2022-12-18,6호선,고려대,4115,4132
2022-12-18,6호선,월곡,5388,5312
2022-12-18,6호선,상월곡,3356,2999
2022-12-18,6호선,돌곶이,5960,5666
2022-12-18,6호선,석계,6441,6773
2022-12-18,6호선,태릉입구,3195,3352
2022-12-18,6호선,화랑대,5059,4616
2022-12-18,6호선,봉화산,3908,3896
2022-12-19,6호선,신내,1,0
2022-12-19,6호선,봉화산,9533,8990
2022-12-19,6호선,화랑대,13094,9722
2022-12-19,6호선,태릉입구,5777,6587
2022-12-19,6호선,석계,13089,13491
2022-12-19,6호선,돌곶이,10999,10279
2022-12-19,6호선,상월곡,6714,6282
2022-12-19,6호선,월곡,12670,12366
2022-12-19,6호선,고려대,9590,9536
2022-12-19,6호선,안암,14305,14400
2022-12-19,6호선,보문,7999,7358
2022-12-19,6호선,창신,3736,3154
2022-12-19,6호선,동묘앞,7688,8329
2022-12-19,6호선,신당,8476,9026
2022-12-19,6호선,청구,3787,3918
2022-12-19,6호선,약수,3773,3798
2022-12-19,6호선,버티고개,2250,2309
2022-12-19,6호선,한강진,6799,7739
2022-12-19,6호선,이태원,9103,9165
2022-12-19,6호선,녹사평,4686,4502
2022-12-19,6호선,삼각지,6737,6165
2022-12-19,6호선,효창공원앞,7625,7144
2022-12-19,6호선,공덕,19785,19415
2022-12-19,6호선,대흥,9356,9883
2022-12-19,6호선,광흥창,9426,9325
2022-12-19,6호선,상수,9292,10377
2022-12-19,6호선,합정,13321,13044
2022-12-19,6호선,망원,13598,14620
2022-12-19,6호선,마포구청,14946,13558
2022-12-19,6호선,월드컵경기장,3788,4000
2022-12-19,6호선,디지털미디어시티,15084,16797
2022-12-19,6호선,증산,10097,10162
2022-12-19,6호선,새절,13630,12792
2022-12-19,6호선,구산,8014,6167
2022-12-19,6호선,연신내,3,0
2022-12-19,6호선,독바위,2816,2931
2022-12-19,6호선,불광,4305,4250
2022-12-19,6호선,역촌,3839,4486
2022-12-19,6호선,응암,17910,18149
2022-12-20,6호선,응암,19142,19057
2022-12-20,6호선,역촌,4006,4886
2022-12-20,6호선,불광,4694,4508
2022-12-20,6호선,독바위,2916,3036
2022-12-20,6호선,구산,8490,6515
2022-12-20,6호선,새절,14198,13338
2022-12-20,6호선,증산,10764,10793
2022-12-20,6호선,디지털미디어시티,15915,17705
2022-12-20,6호선,월드컵경기장,4395,4562
2022-12-20,6호선,마포구청,15771,14289
2022-12-20,6호선,망원,15052,15983
2022-12-20,6호선,합정,14624,14483
2022-12-20,6호선,상수,9682,11096
2022-12-20,6호선,광흥창,10062,9871
2022-12-20,6호선,대흥,9766,10275
2022-12-20,6호선,공덕,21255,20728
2022-12-20,6호선,효창공원앞,7734,7014
2022-12-20,6호선,삼각지,8287,7491
2022-12-20,6호선,녹사평,5212,5012
2022-12-20,6호선,이태원,10038,10168
2022-12-20,6호선,한강진,9298,10747
2022-12-20,6호선,버티고개,2357,2344
2022-12-20,6호선,약수,3825,3912
2022-12-20,6호선,청구,4004,4177
2022-12-20,6호선,신당,9044,9610
2022-12-20,6호선,동묘앞,8465,8561
2022-12-20,6호선,창신,3883,3186
2022-12-20,6호선,보문,8287,7654
2022-12-20,6호선,안암,13648,13420
2022-12-20,6호선,고려대,9448,9391
2022-12-20,6호선,월곡,12723,12427
2022-12-20,6호선,상월곡,6870,6142
2022-12-20,6호선,돌곶이,10502,9761
2022-12-20,6호선,석계,13429,14082
2022-12-20,6호선,태릉입구,6143,6988
2022-12-20,6호선,화랑대,13136,9918
2022-12-20,6호선,봉화산,9860,9227
2022-12-20,6호선,신내,1,0
2022-12-21,6호선,봉화산,10344,9725
2022-12-21,6호선,화랑대,14430,10763
2022-12-21,6호선,태릉입구,6462,7294
2022-12-21,6호선,석계,14322,14616
2022-12-21,6호선,돌곶이,11443,10428
2022-12-21,6호선,상월곡,7160,6435
2022-12-21,6호선,월곡,13409,13295
2022-12-21,6호선,고려대,10203,10048
2022-12-21,6호선,안암,15296,15481
2022-12-21,6호선,보문,9099,8100
2022-12-21,6호선,창신,4207,3339
2022-12-21,6호선,동묘앞,8362,8685
2022-12-21,6호선,신당,10546,10699
2022-12-21,6호선,청구,4252,4317
2022-12-21,6호선,약수,4102,4128
2022-12-21,6호선,버티고개,2591,2496
2022-12-21,6호선,한강진,10576,11934
2022-12-21,6호선,이태원,10331,10609
2022-12-21,6호선,녹사평,5499,5522
2022-12-21,6호선,삼각지,8535,7746
2022-12-21,6호선,효창공원앞,8253,7466
2022-12-21,6호선,공덕,22150,21170
2022-12-21,6호선,대흥,10304,10580
2022-12-21,6호선,광흥창,10668,10500
2022-12-21,6호선,상수,10473,11756
2022-12-21,6호선,합정,15100,15101
2022-12-21,6호선,망원,15704,16596
2022-12-21,6호선,마포구청,16261,14505
2022-12-21,6호선,월드컵경기장,4326,4724
2022-12-21,6호선,디지털미디어시티,16804,18995
2022-12-21,6호선,증산,11145,11034
2022-12-21,6호선,새절,14761,13661
2022-12-21,6호선,구산,8701,6542
2022-12-21,6호선,독바위,3070,3124
2022-12-21,6호선,불광,4840,4724
2022-12-21,6호선,역촌,4383,4968
2022-12-21,6호선,응암,19530,19325
2022-12-22,6호선,봉화산,9779,9288
2022-12-22,6호선,화랑대,12875,9779
2022-12-22,6호선,태릉입구,7178,7645
2022-12-22,6호선,석계,13563,14042
2022-12-22,6호선,돌곶이,10647,9705
2022-12-22,6호선,상월곡,7268,6693
2022-12-22,6호선,월곡,13025,12667
2022-12-22,6호선,고려대,9403,9237
2022-12-22,6호선,안암,13788,13369
2022-12-22,6호선,보문,8686,7866
2022-12-22,6호선,창신,3890,3275
2022-12-22,6호선,동묘앞,8435,8632
2022-12-22,6호선,신당,9474,9835
2022-12-22,6호선,청구,4155,4263
2022-12-22,6호선,약수,3923,4018
2022-12-22,6호선,버티고개,2402,2376
2022-12-22,6호선,한강진,9321,10567
2022-12-22,6호선,이태원,10185,10558
2022-12-22,6호선,녹사평,5322,5250
2022-12-22,6호선,삼각지,8129,7349
2022-12-22,6호선,효창공원앞,7716,7184
2022-12-22,6호선,공덕,20937,20533
2022-12-22,6호선,대흥,9440,9984
2022-12-22,6호선,광흥창,10307,10126
2022-12-22,6호선,상수,10678,12165
2022-12-22,6호선,합정,15762,14887
2022-12-22,6호선,망원,15628,16841
2022-12-22,6호선,마포구청,15679,14217
2022-12-22,6호선,월드컵경기장,4044,4324
2022-12-22,6호선,디지털미디어시티,15536,17758
2022-12-22,6호선,증산,10561,10433
2022-12-22,6호선,새절,13561,12667
2022-12-22,6호선,구산,8407,6501
2022-12-22,6호선,독바위,2922,3059
2022-12-22,6호선,불광,4527,4425
2022-12-22,6호선,역촌,4080,4845
2022-12-22,6호선,응암,18973,18895
2022-12-23,6호선,상수,11074,13776
2022-12-23,6호선,봉화산,9059,8716
2022-12-23,6호선,화랑대,12389,9187
2022-12-23,6호선,태릉입구,5940,6275
2022-12-23,6호선,석계,12797,13149
2022-12-23,6호선,돌곶이,10035,9240
2022-12-23,6호선,상월곡,6584,5860
2022-12-23,6호선,월곡,12151,11636
2022-12-23,6호선,고려대,8934,8584
2022-12-23,6호선,안암,12143,11495
2022-12-23,6호선,보문,8348,7451
2022-12-23,6호선,창신,3777,3173
2022-12-23,6호선,동묘앞,8446,8124
2022-12-23,6호선,신당,9506,8817
2022-12-23,6호선,청구,3824,4134
2022-12-23,6호선,약수,3933,4292
2022-12-23,6호선,버티고개,2200,2278
2022-12-23,6호선,한강진,9398,10900
2022-12-23,6호선,이태원,11207,12550
2022-12-23,6호선,녹사평,5294,5549
2022-12-23,6호선,삼각지,7572,6719
2022-12-23,6호선,효창공원앞,7588,7014
2022-12-23,6호선,공덕,19412,19118
2022-12-23,6호선,대흥,9279,9570
2022-12-23,6호선,광흥창,9598,9418
2022-12-23,6호선,합정,15584,15229
2022-12-23,6호선,망원,15578,16973
2022-12-23,6호선,마포구청,14844,13468
2022-12-23,6호선,월드컵경기장,4081,4424
2022-12-23,6호선,디지털미디어시티,14637,15983
2022-12-23,6호선,증산,10404,10101
2022-12-23,6호선,새절,13334,11826
2022-12-23,6호선,구산,8935,6275
2022-12-23,6호선,연신내,3,0
2022-12-23,6호선,독바위,3339,2862
2022-12-23,6호선,불광,6013,4679
2022-12-23,6호선,응암,18759,18142
2022-12-23,6호선,역촌,4098,4620
2022-12-24,6호선,신내,1,0
2022-12-24,6호선,봉화산,5049,4904
2022-12-24,6호선,화랑대,6703,5298
2022-12-24,6호선,태릉입구,4136,4235
2022-12-24,6호선,석계,8568,8674
2022-12-24,6호선,돌곶이,6409,5840
2022-12-24,6호선,상월곡,4191,3423
2022-12-24,6호선,월곡,7323,7151
2022-12-24,6호선,고려대,5385,4794
2022-12-24,6호선,안암,6561,6035
2022-12-24,6호선,보문,5522,4815
2022-12-24,6호선,창신,2105,1770
2022-12-24,6호선,동묘앞,7527,7286
2022-12-24,6호선,신당,6018,5592
2022-12-24,6호선,청구,2473,2284
2022-12-24,6호선,약수,2429,2466
2022-12-24,6호선,버티고개,1409,1409
2022-12-24,6호선,한강진,10070,11585
2022-12-24,6호선,이태원,11170,13091
2022-12-24,6호선,녹사평,4736,5387
2022-12-24,6호선,삼각지,5046,4106
2022-12-24,6호선,효창공원앞,4484,3921
2022-12-24,6호선,공덕,9744,9331
2022-12-24,6호선,대흥,5576,5451
2022-12-24,6호선,광흥창,5022,4684
2022-12-24,6호선,상수,10248,12861
2022-12-24,6호선,합정,12697,12104
2022-12-24,6호선,망원,13355,14694
2022-12-24,6호선,마포구청,9284,8068
2022-12-24,6호선,월드컵경기장,4316,4590
2022-12-24,6호선,디지털미디어시티,7193,7316
2022-12-24,6호선,증산,7272,7074
2022-12-24,6호선,새절,8367,7875
2022-12-24,6호선,구산,5469,4069
2022-12-24,6호선,독바위,1839,1926
2022-12-24,6호선,불광,3889,3358
2022-12-24,6호선,역촌,2765,2928
2022-12-24,6호선,응암,12804,12409
2022-12-25,6호선,응암,9905,9747
2022-12-25,6호선,역촌,2154,2484
2022-12-25,6호선,불광,3185,2852
2022-12-25,6호선,독바위,1461,1589
2022-12-25,6호선,연신내,1,0
2022-12-25,6호선,구산,3979,3075
2022-12-25,6호선,새절,6566,6299
2022-12-25,6호선,증산,5715,5583
2022-12-25,6호선,디지털미디어시티,5412,5828
2022-12-25,6호선,월드컵경기장,2982,3028
2022-12-25,6호선,마포구청,6955,6365
2022-12-25,6호선,망원,10554,11413
2022-12-25,6호선,합정,10177,9465
2022-12-25,6호선,상수,8568,9067
2022-12-25,6호선,광흥창,4159,4073
2022-12-25,6호선,대흥,3800,4022
2022-12-25,6호선,공덕,6946,6661
2022-12-25,6호선,효창공원앞,3197,2867
2022-12-25,6호선,삼각지,3816,3068
2022-12-25,6호선,녹사평,3911,4470
2022-12-25,6호선,이태원,10944,9780
2022-12-25,6호선,한강진,8288,9222
2022-12-25,6호선,버티고개,1068,1170
2022-12-25,6호선,약수,1601,1688
2022-12-25,6호선,청구,1762,1712
2022-12-25,6호선,신당,4466,4805
2022-12-25,6호선,동묘앞,6125,5925
2022-12-25,6호선,창신,1530,1446
2022-12-25,6호선,보문,4386,4084
2022-12-25,6호선,안암,4958,5082
2022-12-25,6호선,고려대,4381,4151
2022-12-25,6호선,월곡,5242,5283
2022-12-25,6호선,상월곡,3448,2959
2022-12-25,6호선,돌곶이,6011,5690
2022-12-25,6호선,석계,6549,6682
2022-12-25,6호선,태릉입구,3372,3678
2022-12-25,6호선,화랑대,5366,4650
2022-12-25,6호선,봉화산,3961,3936
2022-12-26,6호선,광흥창,9182,9029
2022-12-26,6호선,응암,17836,17854
2022-12-26,6호선,역촌,3808,4445
2022-12-26,6호선,불광,4439,4188
2022-12-26,6호선,독바위,2799,2893
2022-12-26,6호선,구산,7824,6001
2022-12-26,6호선,새절,12672,11832
2022-12-26,6호선,증산,9986,9992
2022-12-26,6호선,디지털미디어시티,14512,16004
2022-12-26,6호선,월드컵경기장,4023,4358
2022-12-26,6호선,마포구청,14509,12939
2022-12-26,6호선,망원,13656,14814
2022-12-26,6호선,합정,13346,13082
2022-12-26,6호선,상수,9299,10094
2022-12-26,6호선,대흥,8247,8753
2022-12-26,6호선,공덕,19485,19018
2022-12-26,6호선,효창공원앞,7105,6527
2022-12-26,6호선,삼각지,6271,5727
2022-12-26,6호선,녹사평,4557,4404
2022-12-26,6호선,이태원,9831,9934
2022-12-26,6호선,한강진,6585,7560
2022-12-26,6호선,버티고개,2105,2172
2022-12-26,6호선,약수,3765,3794
2022-12-26,6호선,청구,3792,4004
2022-12-26,6호선,신당,8375,8962
2022-12-26,6호선,동묘앞,8242,8477
2022-12-26,6호선,창신,3502,2919
2022-12-26,6호선,보문,7590,7012
2022-12-26,6호선,안암,11427,11613
2022-12-26,6호선,고려대,8556,8380
2022-12-26,6호선,월곡,11608,11462
2022-12-26,6호선,상월곡,6268,5662
2022-12-26,6호선,돌곶이,10678,9981
2022-12-26,6호선,석계,12358,13074
2022-12-26,6호선,태릉입구,5589,6041
2022-12-26,6호선,화랑대,11624,9019
2022-12-26,6호선,봉화산,8999,8474
2022-12-27,6호선,응암,18444,18388
2022-12-27,6호선,신내,1,0
2022-12-27,6호선,봉화산,9332,8884
2022-12-27,6호선,화랑대,12189,9341
2022-12-27,6호선,태릉입구,5909,6343
2022-12-27,6호선,석계,13150,13560
2022-12-27,6호선,돌곶이,10106,9291
2022-12-27,6호선,상월곡,6469,5703
2022-12-27,6호선,월곡,11974,11846
2022-12-27,6호선,고려대,8674,8380
2022-12-27,6호선,안암,11883,11864
2022-12-27,6호선,보문,8053,7366
2022-12-27,6호선,창신,3755,3077
2022-12-27,6호선,동묘앞,8492,8647
2022-12-27,6호선,신당,9259,9637
2022-12-27,6호선,청구,3996,4114
2022-12-27,6호선,약수,3867,3961
2022-12-27,6호선,버티고개,2133,2196
2022-12-27,6호선,한강진,8890,10048
2022-12-27,6호선,이태원,10364,10570
2022-12-27,6호선,녹사평,5015,5000
2022-12-27,6호선,삼각지,7876,7007
2022-12-27,6호선,효창공원앞,7316,6608
2022-12-27,6호선,공덕,20500,19958
2022-12-27,6호선,대흥,8767,9075
2022-12-27,6호선,광흥창,9664,9491
2022-12-27,6호선,상수,9716,10905
2022-12-27,6호선,합정,14602,14254
2022-12-27,6호선,망원,14696,15739
2022-12-27,6호선,마포구청,15058,13727
2022-12-27,6호선,월드컵경기장,4318,4591
2022-12-27,6호선,디지털미디어시티,15217,16969
2022-12-27,6호선,증산,10455,10275
2022-12-27,6호선,새절,13384,12375
2022-12-27,6호선,구산,8430,6429
2022-12-27,6호선,연신내,1,0
2022-12-27,6호선,독바위,2914,2997
2022-12-27,6호선,불광,4553,4352
2022-12-27,6호선,역촌,3844,4595
2022-12-28,6호선,봉화산,9636,9117
2022-12-28,6호선,화랑대,12384,9357
2022-12-28,6호선,태릉입구,6029,6491
2022-12-28,6호선,석계,13178,13527
2022-12-28,6호선,돌곶이,10285,9499
2022-12-28,6호선,상월곡,6364,5692
2022-12-28,6호선,월곡,12119,11790
2022-12-28,6호선,고려대,8765,8474
2022-12-28,6호선,안암,11641,11668
2022-12-28,6호선,보문,8037,7432
2022-12-28,6호선,창신,3753,3156
2022-12-28,6호선,동묘앞,8404,8427
2022-12-28,6호선,신당,10013,10122
2022-12-28,6호선,청구,4047,4158
2022-12-28,6호선,약수,3945,3946
2022-12-28,6호선,버티고개,2187,2241
2022-12-28,6호선,한강진,10128,11252
2022-12-28,6호선,이태원,10505,10792
2022-12-28,6호선,녹사평,5147,5296
2022-12-28,6호선,삼각지,7926,7184
2022-12-28,6호선,효창공원앞,7429,6853
2022-12-28,6호선,공덕,20640,20068
2022-12-28,6호선,대흥,8851,9263
2022-12-28,6호선,광흥창,9877,9590
2022-12-28,6호선,상수,10072,11471
2022-12-28,6호선,합정,14713,14410
2022-12-28,6호선,망원,15207,16270
2022-12-28,6호선,마포구청,14983,13490
2022-12-28,6호선,월드컵경기장,4512,4749
2022-12-28,6호선,디지털미디어시티,15245,16863
2022-12-28,6호선,증산,10467,10249
2022-12-28,6호선,새절,13351,12206
2022-12-28,6호선,구산,8123,6094
2022-12-28,6호선,독바위,2840,2968
2022-12-28,6호선,불광,4671,4498
2022-12-28,6호선,역촌,4064,4832
2022-12-28,6호선,응암,18635,18356
2022-12-29,6호선,신내,1,0
2022-12-29,6호선,봉화산,9188,8645
2022-12-29,6호선,화랑대,11977,9291
2022-12-29,6호선,태릉입구,5796,6135
2022-12-29,6호선,석계,12766,12967
2022-12-29,6호선,돌곶이,9912,9210
2022-12-29,6호선,상월곡,7092,6375
2022-12-29,6호선,월곡,11923,11681
2022-12-29,6호선,고려대,8818,8325
2022-12-29,6호선,안암,11375,11406
2022-12-29,6호선,보문,7984,7189
2022-12-29,6호선,창신,3694,3171
2022-12-29,6호선,동묘앞,8296,8371
2022-12-29,6호선,신당,8985,9295
2022-12-29,6호선,청구,4005,3990
2022-12-29,6호선,약수,3751,3907
2022-12-29,6호선,버티고개,2168,2262
2022-12-29,6호선,한강진,9317,10792
2022-12-29,6호선,이태원,10520,10766
2022-12-29,6호선,녹사평,5255,5331
2022-12-29,6호선,삼각지,7578,6777
2022-12-29,6호선,효창공원앞,7470,6746
2022-12-29,6호선,공덕,19959,19466
2022-12-29,6호선,대흥,8712,8983
2022-12-29,6호선,광흥창,9345,9131
2022-12-29,6호선,상수,10415,12107
2022-12-29,6호선,합정,15003,14479
2022-12-29,6호선,망원,15312,16460
2022-12-29,6호선,마포구청,14939,13404
2022-12-29,6호선,월드컵경기장,4414,4759
2022-12-29,6호선,디지털미디어시티,14813,16349
2022-12-29,6호선,증산,10379,9985
2022-12-29,6호선,새절,13277,12116
2022-12-29,6호선,구산,8060,6038
2022-12-29,6호선,독바위,2759,2789
2022-12-29,6호선,불광,4635,4441
2022-12-29,6호선,역촌,3924,4487
2022-12-29,6호선,응암,18041,18036
2022-12-30,6호선,봉화산,8962,8493
2022-12-30,6호선,화랑대,11610,8643
2022-12-30,6호선,태릉입구,5904,6303
2022-12-30,6호선,석계,12427,12605
2022-12-30,6호선,돌곶이,9650,8826
2022-12-30,6호선,상월곡,6314,5427
2022-12-30,6호선,월곡,11796,11129
2022-12-30,6호선,고려대,8442,7876
2022-12-30,6호선,안암,10645,9974
2022-12-30,6호선,보문,7921,6827
2022-12-30,6호선,창신,3592,2907
2022-12-30,6호선,동묘앞,8555,8139
2022-12-30,6호선,신당,9450,8776
2022-12-30,6호선,청구,3843,3849
2022-12-30,6호선,약수,3816,3856
2022-12-30,6호선,버티고개,2036,2098
2022-12-30,6호선,한강진,9986,11855
2022-12-30,6호선,이태원,12081,13346
2022-12-30,6호선,녹사평,5819,6103
2022-12-30,6호선,삼각지,7972,6984
2022-12-30,6호선,효창공원앞,7126,6274
2022-12-30,6호선,공덕,18853,18247
2022-12-30,6호선,대흥,8650,8638
2022-12-30,6호선,광흥창,8805,8549
2022-12-30,6호선,상수,10843,13756
2022-12-30,6호선,합정,15939,15417
2022-12-30,6호선,망원,16289,17849
2022-12-30,6호선,마포구청,14526,12811
2022-12-30,6호선,월드컵경기장,4548,4738
2022-12-30,6호선,디지털미디어시티,13667,15125
2022-12-30,6호선,증산,10406,9927
2022-12-30,6호선,새절,12855,11792
2022-12-30,6호선,구산,8027,6115
2022-12-30,6호선,독바위,2772,2724
2022-12-30,6호선,불광,4663,4517
2022-12-30,6호선,역촌,3883,4378
2022-12-30,6호선,응암,18239,17711
2022-12-31,6호선,고려대,5093,4449
2022-12-31,6호선,월곡,6725,6349
2022-12-31,6호선,상월곡,3826,3176
2022-12-31,6호선,석계,8105,7962
2022-12-31,6호선,태릉입구,3861,3863
2022-12-31,6호선,화랑대,6092,4791
2022-12-31,6호선,봉화산,4811,4623
2022-12-31,6호선,돌곶이,6010,5731
2022-12-31,6호선,안암,5595,4797
2022-12-31,6호선,보문,4858,4080
2022-12-31,6호선,창신,1985,1681
2022-12-31,6호선,동묘앞,7032,6434
2022-12-31,6호선,신당,5397,5108
2022-12-31,6호선,청구,2286,2166
2022-12-31,6호선,약수,2232,2383
2022-12-31,6호선,버티고개,1286,1367
2022-12-31,6호선,한강진,8663,9972
2022-12-31,6호선,이태원,10741,12880
2022-12-31,6호선,녹사평,4118,4619
2022-12-31,6호선,삼각지,4651,3711
2022-12-31,6호선,효창공원앞,4035,3421
2022-12-31,6호선,공덕,9247,8817
2022-12-31,6호선,대흥,5447,5174
2022-12-31,6호선,광흥창,4666,4486
2022-12-31,6호선,상수,8311,11044
2022-12-31,6호선,합정,11240,10990
2022-12-31,6호선,망원,11617,12588
2022-12-31,6호선,마포구청,8665,7368
2022-12-31,6호선,월드컵경기장,4145,4291
2022-12-31,6호선,디지털미디어시티,7010,7024
2022-12-31,6호선,증산,7002,6547
2022-12-31,6호선,새절,8094,7376
2022-12-31,6호선,구산,5277,3877
2022-12-31,6호선,연신내,1,0
2022-12-31,6호선,독바위,1811,1914
2022-12-31,6호선,불광,3541,3128
2022-12-31,6호선,역촌,2585,2871
2022-12-31,6호선,응암,12307,11608
2022-01-01,7호선,부평구청,1,0
2022-01-01,7호선,굴포천,2,0
2022-01-01,7호선,부천시청,1,0
2022-01-01,7호선,신중동,3,0
2022-01-01,7호선,온수,2839,3001
2022-01-01,7호선,천왕,3682,3662
2022-01-01,7호선,광명사거리,9727,9687
2022-01-01,7호선,철산,7963,8160
2022-01-01,7호선,가산디지털단지,9016,7932
2022-01-01,7호선,남구로,5309,5399
2022-01-01,7호선,대림,5540,5581
2022-01-01,7호선,신풍,4307,4136
2022-01-01,7호선,보라매,3071,2998
2022-01-01,7호선,신대방삼거리,6131,5963
2022-01-01,7호선,장승배기,3472,3561
2022-01-01,7호선,상도,3968,3758
2022-01-01,7호선,숭실대입구,3870,4157
2022-01-01,7호선,남성,4096,3940
2022-01-01,7호선,이수,5921,5493
2022-01-01,7호선,내방,3514,3427
2022-01-01,7호선,고속터미널,6805,4829
2022-01-01,7호선,반포,2099,2027
2022-01-01,7호선,논현,4681,4739
2022-01-01,7호선,학동,3245,3172
2022-01-01,7호선,강남구청,3317,3470
2022-01-01,7호선,청담,4282,4279
2022-01-01,7호선,뚝섬유원지,3864,3658
2022-01-01,7호선,건대입구,6113,6462
2022-01-01,7호선,어린이대공원,4664,4507
2022-01-01,7호선,군자,5938,4709
2022-01-01,7호선,중곡,3969,3847
2022-01-01,7호선,용마산,2554,2749
2022-01-01,7호선,사가정,6932,6677
2022-01-01,7호선,면목,6160,6241
2022-01-01,7호선,상봉,7178,6724
2022-01-01,7호선,중화,4220,4206
2022-01-01,7호선,먹골,4191,4164
2022-01-01,7호선,태릉입구,3370,3161
2022-01-01,7호선,공릉,4812,4860
2022-01-01,7호선,하계,6656,6447
2022-01-01,7호선,중계,5003,4677
2022-01-01,7호선,노원,7963,8076
2022-01-01,7호선,마들,5163,5126
2022-01-01,7호선,수락산,5660,5453
2022-01-01,7호선,도봉산,3393,5082
2022-01-01,7호선,장암,726,529
2022-01-02,7호선,굴포천,1,0
2022-01-02,7호선,부천시청,1,0
2022-01-02,7호선,까치울,1,0
2022-01-02,7호선,온수,3305,3365
2022-01-02,7호선,천왕,4108,4039
2022-01-02,7호선,광명사거리,10840,10749
2022-01-02,7호선,철산,8706,8737
2022-01-02,7호선,가산디지털단지,8629,8532
2022-01-02,7호선,남구로,5838,5661
2022-01-02,7호선,대림,5775,5368
2022-01-02,7호선,신풍,5060,4829
2022-01-02,7호선,보라매,3405,3602
2022-01-02,7호선,신대방삼거리,6506,6960
2022-01-02,7호선,장승배기,3975,4120
2022-01-02,7호선,상도,4128,4563
2022-01-02,7호선,숭실대입구,4473,5149
2022-01-02,7호선,남성,4508,4810
2022-01-02,7호선,이수,7063,6924
2022-01-02,7호선,내방,4272,4591
2022-01-02,7호선,고속터미널,12940,6335
2022-01-02,7호선,반포,2481,2420
2022-01-02,7호선,논현,4758,5343
2022-01-02,7호선,학동,4269,4686
2022-01-02,7호선,강남구청,3931,4294
2022-01-02,7호선,청담,4852,5229
2022-01-02,7호선,뚝섬유원지,3615,3566
2022-01-02,7호선,건대입구,7000,7162
2022-01-02,7호선,어린이대공원,5046,5635
2022-01-02,7호선,군자,6208,5331
2022-01-02,7호선,중곡,4591,4530
2022-01-02,7호선,용마산,2638,3061
2022-01-02,7호선,사가정,7612,7553
2022-01-02,7호선,면목,6861,6848
2022-01-02,7호선,상봉,8021,7896
2022-01-02,7호선,중화,4689,4718
2022-01-02,7호선,먹골,4637,4420
2022-01-02,7호선,태릉입구,3813,3629
2022-01-02,7호선,공릉,5330,5721
2022-01-02,7호선,하계,7642,7262
2022-01-02,7호선,중계,5599,5357
2022-01-02,7호선,노원,10362,10194
2022-01-02,7호선,마들,4913,4847
2022-01-02,7호선,수락산,6744,6582
2022-01-02,7호선,도봉산,4281,5950
2022-01-02,7호선,장암,931,556
2022-01-03,7호선,장암,2188,785
2022-01-03,7호선,도봉산,8557,9874
2022-01-03,7호선,수락산,11678,11520
2022-01-03,7호선,마들,12155,11759
2022-01-03,7호선,노원,18585,19372
2022-01-03,7호선,중계,13034,11983
2022-01-03,7호선,하계,16151,15125
2022-01-03,7호선,공릉,10703,10903
2022-01-03,7호선,태릉입구,7632,7280
2022-01-03,7호선,먹골,9482,9356
2022-01-03,7호선,중화,10267,10260
2022-01-03,7호선,상봉,15456,14694
2022-01-03,7호선,면목,14459,14296
2022-01-03,7호선,사가정,15217,15405
2022-01-03,7호선,용마산,5782,5635
2022-01-03,7호선,중곡,10317,9807
2022-01-03,7호선,군자,14091,11537
2022-01-03,7호선,어린이대공원,10921,10912
2022-01-03,7호선,건대입구,11285,11874
2022-01-03,7호선,뚝섬유원지,6728,6623
2022-01-03,7호선,청담,18657,20556
2022-01-03,7호선,강남구청,15675,16945
2022-01-03,7호선,학동,23993,25214
2022-01-03,7호선,논현,20219,21667
2022-01-03,7호선,반포,5412,5074
2022-01-03,7호선,고속터미널,15191,11984
2022-01-03,7호선,내방,14039,14163
2022-01-03,7호선,이수,14251,14049
2022-01-03,7호선,남성,10363,9782
2022-01-03,7호선,숭실대입구,10802,11256
2022-01-03,7호선,상도,9843,9815
2022-01-03,7호선,장승배기,8655,8642
2022-01-03,7호선,신대방삼거리,15611,15262
2022-01-03,7호선,보라매,9542,9505
2022-01-03,7호선,신풍,10883,10427
2022-01-03,7호선,대림,7725,7681
2022-01-03,7호선,남구로,16221,16847
2022-01-03,7호선,가산디지털단지,47004,46739
2022-01-03,7호선,철산,19982,20547
2022-01-03,7호선,광명사거리,21100,20722
2022-01-03,7호선,천왕,10979,10685
2022-01-03,7호선,온수,9918,9111
2022-01-03,7호선,까치울,1,0
2022-01-03,7호선,춘의,1,0
2022-01-03,7호선,상동,1,0
2022-01-03,7호선,삼산체육관,2,0
2022-01-03,7호선,부평구청,3,0
2022-01-04,7호선,장암,2224,808
2022-01-04,7호선,도봉산,8702,10007
2022-01-04,7호선,수락산,11958,11875
2022-01-04,7호선,마들,12401,12096
2022-01-04,7호선,노원,19184,19808
2022-01-04,7호선,중계,13406,12521
2022-01-04,7호선,하계,16832,15901
2022-01-04,7호선,공릉,11292,11460
2022-01-04,7호선,태릉입구,7952,7500
2022-01-04,7호선,먹골,9699,9557
2022-01-04,7호선,중화,10687,10493
2022-01-04,7호선,상봉,16229,15139
2022-01-04,7호선,면목,14821,14542
2022-01-04,7호선,사가정,15395,15602
2022-01-04,7호선,용마산,5936,6038
2022-01-04,7호선,중곡,10588,10251
2022-01-04,7호선,군자,14503,11888
2022-01-04,7호선,어린이대공원,11435,11330
2022-01-04,7호선,건대입구,11611,12288
2022-01-04,7호선,뚝섬유원지,6979,6888
2022-01-04,7호선,청담,19265,21423
2022-01-04,7호선,강남구청,16644,17922
2022-01-04,7호선,학동,24969,26328
2022-01-04,7호선,논현,20800,22431
2022-01-04,7호선,반포,5671,5372
2022-01-04,7호선,고속터미널,14584,12311
2022-01-04,7호선,내방,14533,14778
2022-01-04,7호선,이수,15012,14650
2022-01-04,7호선,남성,10772,10185
2022-01-04,7호선,숭실대입구,11270,11533
2022-01-04,7호선,상도,10402,10176
2022-01-04,7호선,장승배기,8825,8739
2022-01-04,7호선,신대방삼거리,16203,15790
2022-01-04,7호선,보라매,9772,9812
2022-01-04,7호선,신풍,11190,10767
2022-01-04,7호선,대림,7571,7706
2022-01-04,7호선,남구로,16003,16877
2022-01-04,7호선,가산디지털단지,47783,47569
2022-01-04,7호선,철산,20328,20906
2022-01-04,7호선,광명사거리,21510,21227
2022-01-04,7호선,천왕,11321,10879
2022-01-04,7호선,온수,10067,9279
2022-01-04,7호선,까치울,2,0
2022-01-04,7호선,춘의,1,0
2022-01-04,7호선,신중동,2,0
2022-01-04,7호선,부천시청,2,0
2022-01-04,7호선,상동,3,0
2022-01-04,7호선,삼산체육관,1,0
2022-01-04,7호선,굴포천,3,0
2022-01-05,7호선,장암,2173,831
2022-01-05,7호선,도봉산,8591,9793
2022-01-05,7호선,수락산,12096,11901
2022-01-05,7호선,마들,12559,12151
2022-01-05,7호선,노원,18866,19692
2022-01-05,7호선,중계,13632,12429
2022-01-05,7호선,하계,17207,16318
2022-01-05,7호선,공릉,10986,11120
2022-01-05,7호선,태릉입구,7971,7558
2022-01-05,7호선,먹골,9917,9804
2022-01-05,7호선,중화,10583,10535
2022-01-05,7호선,상봉,16265,15251
2022-01-05,7호선,면목,15050,14700
2022-01-05,7호선,사가정,15324,15557
2022-01-05,7호선,용마산,5857,5861
2022-01-05,7호선,중곡,10598,10118
2022-01-05,7호선,군자,14487,11863
2022-01-05,7호선,어린이대공원,11315,11348
2022-01-05,7호선,건대입구,11535,12172
2022-01-05,7호선,뚝섬유원지,7026,6881
2022-01-05,7호선,청담,19406,21614
2022-01-05,7호선,강남구청,16732,18084
2022-01-05,7호선,학동,25443,26832
2022-01-05,7호선,논현,20625,22146
2022-01-05,7호선,반포,5609,5362
2022-01-05,7호선,고속터미널,14621,12311
2022-01-05,7호선,내방,14509,14853
2022-01-05,7호선,이수,15369,14753
2022-01-05,7호선,남성,10648,10143
2022-01-05,7호선,숭실대입구,11329,11541
2022-01-05,7호선,상도,10364,10170
2022-01-05,7호선,장승배기,8878,8768
2022-01-05,7호선,신대방삼거리,16288,15831
2022-01-05,7호선,보라매,9763,9748
2022-01-05,7호선,신풍,11256,10599
2022-01-05,7호선,대림,7534,7446
2022-01-05,7호선,남구로,15986,16754
2022-01-05,7호선,가산디지털단지,47299,47272
2022-01-05,7호선,철산,20431,20972
2022-01-05,7호선,광명사거리,21587,21328
2022-01-05,7호선,천왕,11148,10572
2022-01-05,7호선,온수,10060,9140
2022-01-05,7호선,까치울,1,0
2022-01-05,7호선,부천시청,1,0
2022-01-05,7호선,굴포천,1,0
2022-01-06,7호선,장암,2202,840
2022-01-06,7호선,도봉산,8642,10018
2022-01-06,7호선,수락산,12209,12056
2022-01-06,7호선,마들,12409,12006
2022-01-06,7호선,노원,19180,19686
2022-01-06,7호선,중계,13565,12530
2022-01-06,7호선,하계,17006,16151
2022-01-06,7호선,공릉,11283,11241
2022-01-06,7호선,태릉입구,8155,7653
2022-01-06,7호선,먹골,9766,9596
2022-01-06,7호선,중화,10642,10386
2022-01-06,7호선,상봉,16455,15680
2022-01-06,7호선,면목,14954,14670
2022-01-06,7호선,사가정,15563,15632
2022-01-06,7호선,용마산,6097,5870
2022-01-06,7호선,중곡,10520,10136
2022-01-06,7호선,군자,14840,11937
2022-01-06,7호선,어린이대공원,11871,11593
2022-01-06,7호선,건대입구,11648,12257
2022-01-06,7호선,뚝섬유원지,7027,6865
2022-01-06,7호선,청담,19516,21945
2022-01-06,7호선,강남구청,16723,18363
2022-01-06,7호선,학동,25404,26973
2022-01-06,7호선,논현,20791,22527
2022-01-06,7호선,반포,5712,5324
2022-01-06,7호선,고속터미널,14893,12710
2022-01-06,7호선,내방,14475,14856
2022-01-06,7호선,이수,15310,14893
2022-01-06,7호선,남성,10883,10149
2022-01-06,7호선,숭실대입구,11410,11641
2022-01-06,7호선,상도,10464,10291
2022-01-06,7호선,장승배기,8809,8683
2022-01-06,7호선,신대방삼거리,16338,15714
2022-01-06,7호선,보라매,9678,9744
2022-01-06,7호선,신풍,11195,10776
2022-01-06,7호선,대림,7522,7544
2022-01-06,7호선,남구로,15885,16757
2022-01-06,7호선,가산디지털단지,47851,47621
2022-01-06,7호선,철산,20585,21148
2022-01-06,7호선,광명사거리,21835,21525
2022-01-06,7호선,천왕,11259,10768
2022-01-06,7호선,온수,10037,9221
2022-01-06,7호선,신중동,1,0
2022-01-06,7호선,부평구청,2,0
2022-01-07,7호선,가산디지털단지,46641,46210
2022-01-07,7호선,강남구청,17110,18532
2022-01-07,7호선,건대입구,12332,12968
2022-01-07,7호선,고속터미널,16470,13718
2022-01-07,7호선,공릉,12077,11989
2022-01-07,7호선,광명사거리,22469,22264
2022-01-07,7호선,군자,15317,12223
2022-01-07,7호선,남구로,15801,16574
2022-01-07,7호선,남성,11006,10247
2022-01-07,7호선,내방,14932,15087
2022-01-07,7호선,노원,20069,20987
2022-01-07,7호선,논현,21321,23077
2022-01-07,7호선,대림,7723,7847
2022-01-07,7호선,도봉산,8926,10171
2022-01-07,7호선,뚝섬유원지,7283,7031
2022-01-07,7호선,마들,12536,12068
2022-01-07,7호선,먹골,10137,9996
2022-01-07,7호선,면목,15440,15105
2022-01-07,7호선,반포,5884,5515
2022-01-07,7호선,보라매,9830,9640
2022-01-07,7호선,부평구청,1,0
2022-01-07,7호선,사가정,16071,16029
2022-01-07,7호선,상도,10812,10283
2022-01-07,7호선,상동,1,0
2022-01-07,7호선,상봉,17085,16462
2022-01-07,7호선,수락산,12426,12114
2022-01-07,7호선,숭실대입구,14589,14558
2022-01-07,7호선,신대방삼거리,16484,15877
2022-01-07,7호선,신풍,11373,10803
2022-01-07,7호선,어린이대공원,12076,11927
2022-01-07,7호선,온수,9984,9372
2022-01-07,7호선,용마산,5902,5706
2022-01-07,7호선,이수,16057,15536
2022-01-07,7호선,장승배기,9129,8943
2022-01-07,7호선,장암,2194,891
2022-01-07,7호선,중계,13749,12405
2022-01-07,7호선,중곡,10672,10165
2022-01-07,7호선,중화,10774,10514
2022-01-07,7호선,천왕,11381,10767
2022-01-07,7호선,철산,21531,22120
2022-01-07,7호선,청담,19206,21645
2022-01-07,7호선,태릉입구,8421,7862
2022-01-07,7호선,하계,17383,16442
2022-01-07,7호선,학동,24918,26363
2022-01-08,7호선,장암,1301,874
2022-01-08,7호선,도봉산,5772,7886
2022-01-08,7호선,수락산,9176,9004
2022-01-08,7호선,마들,8425,7936
2022-01-08,7호선,노원,15291,15588
2022-01-08,7호선,중계,8373,7652
2022-01-08,7호선,하계,11174,10416
2022-01-08,7호선,공릉,7950,8000
2022-01-08,7호선,태릉입구,5994,5666
2022-01-08,7호선,먹골,7448,7240
2022-01-08,7호선,중화,7142,6939
2022-01-08,7호선,상봉,12566,12042
2022-01-08,7호선,면목,10556,10260
2022-01-08,7호선,사가정,11538,11338
2022-01-08,7호선,용마산,3980,4170
2022-01-08,7호선,중곡,6568,6205
2022-01-08,7호선,군자,10280,7767
2022-01-08,7호선,어린이대공원,11019,10031
2022-01-08,7호선,건대입구,10381,10425
2022-01-08,7호선,뚝섬유원지,5562,5203
2022-01-08,7호선,청담,10687,11517
2022-01-08,7호선,강남구청,9501,10240
2022-01-08,7호선,학동,10443,10938
2022-01-08,7호선,논현,11258,11979
2022-01-08,7호선,반포,3946,3784
2022-01-08,7호선,고속터미널,12746,9760
2022-01-08,7호선,내방,7516,7451
2022-01-08,7호선,이수,11414,10786
2022-01-08,7호선,남성,7114,6627
2022-01-08,7호선,숭실대입구,7245,7321
2022-01-08,7호선,상도,6985,6523
2022-01-08,7호선,장승배기,6123,5902
2022-01-08,7호선,신대방삼거리,11011,10356
2022-01-08,7호선,보라매,5985,5750
2022-01-08,7호선,신풍,7623,7328
2022-01-08,7호선,대림,6403,7021
2022-01-08,7호선,남구로,7609,7998
2022-01-08,7호선,가산디지털단지,13612,12272
2022-01-08,7호선,철산,14281,14594
2022-01-08,7호선,광명사거리,15903,15853
2022-01-08,7호선,천왕,6548,6287
2022-01-08,7호선,온수,5251,5275
2022-01-08,7호선,신중동,1,0
2022-01-08,7호선,상동,1,0
2022-01-09,7호선,장암,1059,740
2022-01-09,7호선,도봉산,4594,6651
2022-01-09,7호선,수락산,7327,6987
2022-01-09,7호선,마들,5331,5016
2022-01-09,7호선,노원,10381,10419
2022-01-09,7호선,중계,5928,5450
2022-01-09,7호선,하계,7949,7589
2022-01-09,7호선,공릉,5836,5913
2022-01-09,7호선,태릉입구,4263,4011
2022-01-09,7호선,먹골,4853,4774
2022-01-09,7호선,중화,5053,5015
2022-01-09,7호선,상봉,8272,7711
2022-01-09,7호선,면목,7191,7324
2022-01-09,7호선,사가정,8035,7865
2022-01-09,7호선,용마산,2771,3096
2022-01-09,7호선,중곡,4745,4748
2022-01-09,7호선,군자,7056,5655
2022-01-09,7호선,어린이대공원,6000,6029
2022-01-09,7호선,건대입구,6784,6986
2022-01-09,7호선,뚝섬유원지,4164,4057
2022-01-09,7호선,청담,5817,6250
2022-01-09,7호선,강남구청,5244,5662
2022-01-09,7호선,학동,5653,5980
2022-01-09,7호선,논현,5690,6078
2022-01-09,7호선,반포,2460,2384
2022-01-09,7호선,고속터미널,10273,6987
2022-01-09,7호선,내방,4689,4871
2022-01-09,7호선,이수,7855,7337
2022-01-09,7호선,남성,4798,4804
2022-01-09,7호선,숭실대입구,5076,5400
2022-01-09,7호선,상도,6057,6170
2022-01-09,7호선,장승배기,4202,4195
2022-01-09,7호선,신대방삼거리,7202,7256
2022-01-09,7호선,보라매,3788,3831
2022-01-09,7호선,신풍,5319,5027
2022-01-09,7호선,대림,5694,5405
2022-01-09,7호선,남구로,6028,5793
2022-01-09,7호선,가산디지털단지,9291,8559
2022-01-09,7호선,철산,9521,9565
2022-01-09,7호선,광명사거리,11442,11315
2022-01-09,7호선,천왕,4349,4305
2022-01-09,7호선,온수,3593,3695
2022-01-09,7호선,까치울,1,0
2022-01-09,7호선,부천시청,1,0
2022-01-10,7호선,부평구청,1,0
2022-01-10,7호선,삼산체육관,1,0
2022-01-10,7호선,상동,1,0
2022-01-10,7호선,부천시청,1,0
2022-01-10,7호선,온수,10223,9404
2022-01-10,7호선,천왕,11313,10865
2022-01-10,7호선,광명사거리,21793,21572
2022-01-10,7호선,철산,21065,21346
2022-01-10,7호선,가산디지털단지,48208,48064
2022-01-10,7호선,남구로,16629,17343
2022-01-10,7호선,대림,7793,7703
2022-01-10,7호선,신풍,11132,10663
2022-01-10,7호선,보라매,9933,9976
2022-01-10,7호선,신대방삼거리,16212,15902
2022-01-10,7호선,장승배기,8982,9005
2022-01-10,7호선,상도,10354,10297
2022-01-10,7호선,숭실대입구,11262,11591
2022-01-10,7호선,남성,10523,10049
2022-01-10,7호선,이수,14984,14592
2022-01-10,7호선,내방,14624,14817
2022-01-10,7호선,고속터미널,15207,12340
2022-01-10,7호선,반포,5600,5510
2022-01-10,7호선,논현,20827,22581
2022-01-10,7호선,학동,25058,26385
2022-01-10,7호선,강남구청,16244,17576
2022-01-10,7호선,청담,19350,21348
2022-01-10,7호선,뚝섬유원지,6962,6742
2022-01-10,7호선,건대입구,11734,12339
2022-01-10,7호선,어린이대공원,11770,11519
2022-01-10,7호선,군자,14521,12073
2022-01-10,7호선,중곡,10517,9941
2022-01-10,7호선,용마산,5861,5843
2022-01-10,7호선,사가정,15533,15786
2022-01-10,7호선,면목,15072,14704
2022-01-10,7호선,상봉,16544,15478
2022-01-10,7호선,중화,10501,10336
2022-01-10,7호선,먹골,9742,9700
2022-01-10,7호선,태릉입구,7865,7508
2022-01-10,7호선,공릉,11177,11140
2022-01-10,7호선,하계,16366,15511
2022-01-10,7호선,중계,13606,12621
2022-01-10,7호선,노원,19209,19874
2022-01-10,7호선,마들,12347,11876
2022-01-10,7호선,수락산,11840,11789
2022-01-10,7호선,도봉산,8659,9949
2022-01-10,7호선,장암,2153,775
2022-01-11,7호선,부평구청,1,0
2022-01-11,7호선,굴포천,1,0
2022-01-11,7호선,상동,1,0
2022-01-11,7호선,부천시청,1,0
2022-01-11,7호선,춘의,1,0
2022-01-11,7호선,온수,9943,9104
2022-01-11,7호선,천왕,11157,10646
2022-01-11,7호선,광명사거리,21453,21059
2022-01-11,7호선,철산,20733,21384
2022-01-11,7호선,가산디지털단지,48557,48232
2022-01-11,7호선,남구로,16118,17149
2022-01-11,7호선,대림,7767,7691
2022-01-11,7호선,신풍,11356,10947
2022-01-11,7호선,보라매,10118,10080
2022-01-11,7호선,신대방삼거리,16552,15948
2022-01-11,7호선,장승배기,9029,8863
2022-01-11,7호선,상도,10386,10249
2022-01-11,7호선,숭실대입구,11403,11562
2022-01-11,7호선,남성,10889,10250
2022-01-11,7호선,이수,15379,14936
2022-01-11,7호선,내방,14790,15069
2022-01-11,7호선,고속터미널,14757,12761
2022-01-11,7호선,반포,5649,5470
2022-01-11,7호선,논현,21025,22731
2022-01-11,7호선,학동,25817,27128
2022-01-11,7호선,강남구청,16757,18287
2022-01-11,7호선,청담,19607,21931
2022-01-11,7호선,뚝섬유원지,6727,6605
2022-01-11,7호선,건대입구,11820,12453
2022-01-11,7호선,어린이대공원,11833,11740
2022-01-11,7호선,군자,14777,12042
2022-01-11,7호선,중곡,10339,10098
2022-01-11,7호선,용마산,5961,5893
2022-01-11,7호선,사가정,15632,15644
2022-01-11,7호선,면목,14863,14670
2022-01-11,7호선,상봉,16434,15309
2022-01-11,7호선,중화,10581,10522
2022-01-11,7호선,먹골,10054,9920
2022-01-11,7호선,태릉입구,8077,7670
2022-01-11,7호선,공릉,11298,11304
2022-01-11,7호선,하계,17107,16280
2022-01-11,7호선,중계,13515,12580
2022-01-11,7호선,노원,19445,19851
2022-01-11,7호선,마들,12345,12038
2022-01-11,7호선,수락산,11863,11684
2022-01-11,7호선,도봉산,8625,9707
2022-01-11,7호선,장암,2182,757
2022-01-12,7호선,논현,20597,22122
2022-01-12,7호선,학동,25498,26672
2022-01-12,7호선,강남구청,16712,18169
2022-01-12,7호선,청담,19550,21777
2022-01-12,7호선,뚝섬유원지,6680,6716
2022-01-12,7호선,건대입구,12113,12401
2022-01-12,7호선,어린이대공원,11844,11637
2022-01-12,7호선,군자,14584,11931
2022-01-12,7호선,중곡,10361,10002
2022-01-12,7호선,용마산,5857,5699
2022-01-12,7호선,사가정,15372,15594
2022-01-12,7호선,면목,14770,14470
2022-01-12,7호선,상봉,16210,15245
2022-01-12,7호선,중화,10497,10518
2022-01-12,7호선,먹골,9654,9624
2022-01-12,7호선,태릉입구,7944,7507
2022-01-12,7호선,공릉,10813,10906
2022-01-12,7호선,마들,12185,11816
2022-01-12,7호선,부천시청,1,0
2022-01-12,7호선,신중동,1,0
2022-01-12,7호선,까치울,1,0
2022-01-12,7호선,온수,9786,9068
2022-01-12,7호선,천왕,11078,10513
2022-01-12,7호선,광명사거리,21086,20857
2022-01-12,7호선,철산,20307,20723
2022-01-12,7호선,가산디지털단지,47246,46973
2022-01-12,7호선,남구로,15974,16767
2022-01-12,7호선,대림,7462,7510
2022-01-12,7호선,신풍,11159,10799
2022-01-12,7호선,보라매,9374,9458
2022-01-12,7호선,신대방삼거리,15984,15526
2022-01-12,7호선,장승배기,8709,8608
2022-01-12,7호선,상도,10185,9984
2022-01-12,7호선,숭실대입구,11224,11439
2022-01-12,7호선,남성,10563,9972
2022-01-12,7호선,이수,15356,14890
2022-01-12,7호선,내방,14729,15085
2022-01-12,7호선,고속터미널,14762,12688
2022-01-12,7호선,반포,5544,5370
2022-01-12,7호선,장암,2084,741
2022-01-12,7호선,도봉산,8342,9420
2022-01-12,7호선,수락산,11988,11878
2022-01-12,7호선,하계,17374,16460
2022-01-12,7호선,중계,13409,12465
2022-01-12,7호선,노원,18718,19346
2022-01-13,7호선,사가정,15461,15340
2022-01-13,7호선,용마산,5861,5749
2022-01-13,7호선,중곡,10497,10045
2022-01-13,7호선,군자,14758,11996
2022-01-13,7호선,어린이대공원,11815,11728
2022-01-13,7호선,건대입구,12370,12629
2022-01-13,7호선,뚝섬유원지,6681,6621
2022-01-13,7호선,청담,19376,21756
2022-01-13,7호선,상봉,16478,15493
2022-01-13,7호선,중화,10561,10507
2022-01-13,7호선,먹골,9816,9710
2022-01-13,7호선,태릉입구,8129,7654
2022-01-13,7호선,공릉,11033,11083
2022-01-13,7호선,하계,17012,16192
2022-01-13,7호선,중계,13452,12500
2022-01-13,7호선,노원,19106,19302
2022-01-13,7호선,마들,12287,11954
2022-01-13,7호선,수락산,11931,11753
2022-01-13,7호선,도봉산,8595,9870
2022-01-13,7호선,강남구청,16614,18167
2022-01-13,7호선,학동,25309,26834
2022-01-13,7호선,논현,20463,22276
2022-01-13,7호선,반포,5827,5546
2022-01-13,7호선,고속터미널,15184,13051
2022-01-13,7호선,내방,14666,14975
2022-01-13,7호선,이수,15416,14981
2022-01-13,7호선,남성,10686,10129
2022-01-13,7호선,숭실대입구,11330,11515
2022-01-13,7호선,상도,10340,10122
2022-01-13,7호선,장승배기,8879,8726
2022-01-13,7호선,신대방삼거리,16455,15920
2022-01-13,7호선,보라매,9420,9429
2022-01-13,7호선,신풍,11243,10726
2022-01-13,7호선,대림,7621,7579
2022-01-13,7호선,남구로,15805,16879
2022-01-13,7호선,가산디지털단지,47433,47083
2022-01-13,7호선,철산,20400,20790
2022-01-13,7호선,광명사거리,21308,21210
2022-01-13,7호선,천왕,11008,10513
2022-01-13,7호선,온수,9768,8845
2022-01-13,7호선,부천종합운동장,1,0
2022-01-13,7호선,삼산체육관,2,0
2022-01-13,7호선,면목,14865,14712
2022-01-13,7호선,장암,2169,792
2022-01-14,7호선,논현,21116,22993
2022-01-14,7호선,반포,5921,5699
2022-01-14,7호선,고속터미널,17078,14107
2022-01-14,7호선,내방,14691,14978
2022-01-14,7호선,이수,16054,15401
2022-01-14,7호선,남성,10890,10189
2022-01-14,7호선,숭실대입구,11389,11302
2022-01-14,7호선,상도,10618,10132
2022-01-14,7호선,장승배기,8872,8742
2022-01-14,7호선,신대방삼거리,16347,15771
2022-01-14,7호선,보라매,9638,9432
2022-01-14,7호선,신풍,11223,10759
2022-01-14,7호선,대림,7621,7852
2022-01-14,7호선,남구로,15679,16622
2022-01-14,7호선,가산디지털단지,46086,45467
2022-01-14,7호선,철산,21071,21625
2022-01-14,7호선,광명사거리,22102,21960
2022-01-14,7호선,천왕,11231,10554
2022-01-14,7호선,온수,9759,8850
2022-01-14,7호선,까치울,2,0
2022-01-14,7호선,춘의,1,0
2022-01-14,7호선,상동,1,0
2022-01-14,7호선,삼산체육관,2,0
2022-01-14,7호선,부평구청,1,0
2022-01-14,7호선,장암,2094,822
2022-01-14,7호선,도봉산,8397,9740
2022-01-14,7호선,수락산,12162,11859
2022-01-14,7호선,마들,12587,11934
2022-01-14,7호선,노원,19643,20693
2022-01-14,7호선,중계,13550,12171
2022-01-14,7호선,하계,17161,16007
2022-01-14,7호선,공릉,11491,11402
2022-01-14,7호선,태릉입구,8256,7758
2022-01-14,7호선,먹골,9994,9966
2022-01-14,7호선,중화,10604,10358
2022-01-14,7호선,상봉,16957,16190
2022-01-14,7호선,면목,15169,14834
2022-01-14,7호선,사가정,15651,15857
2022-01-14,7호선,용마산,5937,5702
2022-01-14,7호선,중곡,10494,10063
2022-01-14,7호선,군자,14819,11988
2022-01-14,7호선,어린이대공원,12185,11993
2022-01-14,7호선,건대입구,12466,13039
2022-01-14,7호선,뚝섬유원지,7060,6830
2022-01-14,7호선,청담,19316,21653
2022-01-14,7호선,강남구청,17024,18419
2022-01-14,7호선,학동,24678,26262
2022-01-15,7호선,상동,1,0
2022-01-15,7호선,춘의,1,0
2022-01-15,7호선,온수,5183,5228
2022-01-15,7호선,천왕,6400,6105
2022-01-15,7호선,광명사거리,16104,15999
2022-01-15,7호선,철산,14009,14126
2022-01-15,7호선,가산디지털단지,13586,12445
2022-01-15,7호선,남구로,7822,7962
2022-01-15,7호선,대림,6323,6863
2022-01-15,7호선,신풍,7402,7154
2022-01-15,7호선,보라매,5484,5323
2022-01-15,7호선,신대방삼거리,10703,10137
2022-01-15,7호선,장승배기,6069,5875
2022-01-15,7호선,상도,6998,6666
2022-01-15,7호선,숭실대입구,7368,7431
2022-01-15,7호선,남성,7232,6684
2022-01-15,7호선,이수,11491,10602
2022-01-15,7호선,내방,7412,7267
2022-01-15,7호선,고속터미널,13111,9897
2022-01-15,7호선,반포,4038,3791
2022-01-15,7호선,논현,10834,11519
2022-01-15,7호선,학동,10396,10898
2022-01-15,7호선,강남구청,9612,10398
2022-01-15,7호선,청담,10416,11259
2022-01-15,7호선,뚝섬유원지,5551,5152
2022-01-15,7호선,건대입구,10417,10397
2022-01-15,7호선,어린이대공원,7912,7804
2022-01-15,7호선,군자,10222,7755
2022-01-15,7호선,중곡,6645,6335
2022-01-15,7호선,용마산,4042,4191
2022-01-15,7호선,사가정,11428,11035
2022-01-15,7호선,면목,10732,10331
2022-01-15,7호선,상봉,12644,12163
2022-01-15,7호선,중화,7134,6962
2022-01-15,7호선,먹골,7637,7463
2022-01-15,7호선,태릉입구,6154,5767
2022-01-15,7호선,공릉,8126,8210
2022-01-15,7호선,하계,11150,10721
2022-01-15,7호선,중계,8612,7739
2022-01-15,7호선,노원,15081,15316
2022-01-15,7호선,마들,8326,7844
2022-01-15,7호선,수락산,9205,9008
2022-01-15,7호선,도봉산,5806,7868
2022-01-15,7호선,장암,1380,907
2022-01-16,7호선,굴포천,1,0
2022-01-16,7호선,신중동,1,0
2022-01-16,7호선,까치울,1,0
2022-01-16,7호선,온수,3626,3625
2022-01-16,7호선,천왕,4566,4409
2022-01-16,7호선,광명사거리,11622,11407
2022-01-16,7호선,철산,9829,9911
2022-01-16,7호선,가산디지털단지,9536,8717
2022-01-16,7호선,남구로,5966,5862
2022-01-16,7호선,대림,6045,5801
2022-01-16,7호선,신풍,5422,5087
2022-01-16,7호선,보라매,3776,3851
2022-01-16,7호선,신대방삼거리,7137,7379
2022-01-16,7호선,장승배기,4317,4210
2022-01-16,7호선,상도,4855,4876
2022-01-16,7호선,숭실대입구,5139,5472
2022-01-16,7호선,남성,4838,4924
2022-01-16,7호선,이수,8162,7727
2022-01-16,7호선,내방,4701,4921
2022-01-16,7호선,고속터미널,10553,7174
2022-01-16,7호선,반포,2613,2645
2022-01-16,7호선,논현,5784,6244
2022-01-16,7호선,학동,5984,6434
2022-01-16,7호선,강남구청,5512,5879
2022-01-16,7호선,청담,6346,6703
2022-01-16,7호선,뚝섬유원지,4139,4000
2022-01-16,7호선,건대입구,7670,7742
2022-01-16,7호선,어린이대공원,7145,7118
2022-01-16,7호선,군자,7217,5769
2022-01-16,7호선,중곡,4840,4785
2022-01-16,7호선,용마산,2926,3343
2022-01-16,7호선,사가정,8145,8110
2022-01-16,7호선,면목,7520,7428
2022-01-16,7호선,상봉,9145,8556
2022-01-16,7호선,중화,5092,5110
2022-01-16,7호선,먹골,5225,5049
2022-01-16,7호선,태릉입구,4347,3985
2022-01-16,7호선,공릉,6040,6109
2022-01-16,7호선,하계,8297,8049
2022-01-16,7호선,중계,6082,5720
2022-01-16,7호선,노원,10390,10156
2022-01-16,7호선,마들,5477,5209
2022-01-16,7호선,수락산,7389,7236
2022-01-16,7호선,도봉산,4438,6537
2022-01-16,7호선,장암,1059,666
2022-01-17,7호선,굴포천,1,0
2022-01-17,7호선,장암,2132,758
2022-01-17,7호선,도봉산,8610,9918
2022-01-17,7호선,수락산,11951,11953
2022-01-17,7호선,마들,12306,12113
2022-01-17,7호선,노원,19424,19863
2022-01-17,7호선,중계,13410,12544
2022-01-17,7호선,하계,16490,15816
2022-01-17,7호선,공릉,11152,11262
2022-01-17,7호선,태릉입구,7931,7510
2022-01-17,7호선,먹골,9870,9801
2022-01-17,7호선,중화,10558,10523
2022-01-17,7호선,상봉,16377,15396
2022-01-17,7호선,면목,14801,14637
2022-01-17,7호선,사가정,15559,15730
2022-01-17,7호선,용마산,5835,5778
2022-01-17,7호선,중곡,10438,10023
2022-01-17,7호선,군자,14662,12101
2022-01-17,7호선,어린이대공원,11611,11571
2022-01-17,7호선,건대입구,11728,12487
2022-01-17,7호선,뚝섬유원지,6865,6767
2022-01-17,7호선,청담,19351,21506
2022-01-17,7호선,강남구청,16509,17645
2022-01-17,7호선,학동,25743,26508
2022-01-17,7호선,논현,20722,22190
2022-01-17,7호선,반포,5332,5144
2022-01-17,7호선,고속터미널,15522,12581
2022-01-17,7호선,내방,14757,14990
2022-01-17,7호선,이수,15224,14899
2022-01-17,7호선,남성,10574,10254
2022-01-17,7호선,숭실대입구,11085,11627
2022-01-17,7호선,상도,10367,10169
2022-01-17,7호선,장승배기,8778,8883
2022-01-17,7호선,신대방삼거리,16349,15957
2022-01-17,7호선,보라매,9717,9698
2022-01-17,7호선,신풍,11316,10938
2022-01-17,7호선,대림,7999,7874
2022-01-17,7호선,남구로,16531,17231
2022-01-17,7호선,가산디지털단지,48784,47393
2022-01-17,7호선,철산,20632,21385
2022-01-17,7호선,광명사거리,21605,21582
2022-01-17,7호선,천왕,11179,10768
2022-01-17,7호선,온수,9904,9166
2022-01-17,7호선,부천시청,1,0
2022-01-18,7호선,부평구청,2,0
2022-01-18,7호선,삼산체육관,1,0
2022-01-18,7호선,상동,1,0
2022-01-18,7호선,춘의,1,0
2022-01-18,7호선,까치울,1,0
2022-01-18,7호선,온수,9918,9100
2022-01-18,7호선,천왕,11365,10835
2022-01-18,7호선,광명사거리,21718,21318
2022-01-18,7호선,철산,20736,21196
2022-01-18,7호선,가산디지털단지,48163,48232
2022-01-18,7호선,남구로,16288,17195
2022-01-18,7호선,대림,7596,7603
2022-01-18,7호선,신풍,11423,10933
2022-01-18,7호선,보라매,9695,9732
2022-01-18,7호선,신대방삼거리,16567,15922
2022-01-18,7호선,장승배기,8835,8816
2022-01-18,7호선,상도,10494,10311
2022-01-18,7호선,숭실대입구,11383,11548
2022-01-18,7호선,남성,10964,10216
2022-01-18,7호선,이수,15593,15242
2022-01-18,7호선,내방,14832,15214
2022-01-18,7호선,고속터미널,15215,13108
2022-01-18,7호선,반포,5686,5432
2022-01-18,7호선,논현,21222,23085
2022-01-18,7호선,학동,25531,27034
2022-01-18,7호선,강남구청,17095,18614
2022-01-18,7호선,청담,19753,22046
2022-01-18,7호선,뚝섬유원지,6978,6949
2022-01-18,7호선,건대입구,12048,12365
2022-01-18,7호선,어린이대공원,11960,11714
2022-01-18,7호선,군자,14931,12190
2022-01-18,7호선,중곡,10748,10192
2022-01-18,7호선,용마산,5917,5843
2022-01-18,7호선,사가정,15822,15836
2022-01-18,7호선,면목,14954,14706
2022-01-18,7호선,상봉,16540,15467
2022-01-18,7호선,중화,10695,10592
2022-01-18,7호선,먹골,9968,9956
2022-01-18,7호선,태릉입구,8175,7636
2022-01-18,7호선,공릉,11007,11078
2022-01-18,7호선,하계,17330,16136
2022-01-18,7호선,중계,13750,12719
2022-01-18,7호선,노원,19956,20397
2022-01-18,7호선,마들,12436,12107
2022-01-18,7호선,수락산,12230,11984
2022-01-18,7호선,도봉산,8764,9985
2022-01-18,7호선,장암,2117,748
2022-01-19,7호선,까치울,2,0
2022-01-19,7호선,온수,10132,9465
2022-01-19,7호선,천왕,11707,11137
2022-01-19,7호선,광명사거리,21975,22011
2022-01-19,7호선,철산,21304,21842
2022-01-19,7호선,가산디지털단지,49441,48818
2022-01-19,7호선,남구로,16686,17606
2022-01-19,7호선,대림,7826,7910
2022-01-19,7호선,신풍,11427,11044
2022-01-19,7호선,보라매,9880,9848
2022-01-19,7호선,신대방삼거리,16718,16190
2022-01-19,7호선,장승배기,9174,8987
2022-01-19,7호선,상도,10720,10525
2022-01-19,7호선,숭실대입구,11666,11939
2022-01-19,7호선,남성,11035,10558
2022-01-19,7호선,이수,16068,15546
2022-01-19,7호선,내방,15535,15836
2022-01-19,7호선,고속터미널,15601,13390
2022-01-19,7호선,반포,5866,5704
2022-01-19,7호선,논현,21428,22825
2022-01-19,7호선,학동,26573,27417
2022-01-19,7호선,강남구청,17710,19056
2022-01-19,7호선,청담,20187,22345
2022-01-19,7호선,뚝섬유원지,7344,7159
2022-01-19,7호선,건대입구,12568,13134
2022-01-19,7호선,어린이대공원,12504,12282
2022-01-19,7호선,군자,15165,12392
2022-01-19,7호선,중곡,10995,10583
2022-01-19,7호선,용마산,6029,5853
2022-01-19,7호선,사가정,15974,16159
2022-01-19,7호선,면목,15258,15153
2022-01-19,7호선,상봉,17140,16185
2022-01-19,7호선,중화,10910,10779
2022-01-19,7호선,먹골,10258,10287
2022-01-19,7호선,태릉입구,8573,7964
2022-01-19,7호선,공릉,11506,11725
2022-01-19,7호선,하계,18094,17479
2022-01-19,7호선,중계,14083,13188
2022-01-19,7호선,노원,19698,20340
2022-01-19,7호선,마들,12849,12672
2022-01-19,7호선,수락산,12711,12687
2022-01-19,7호선,도봉산,8939,10102
2022-01-19,7호선,장암,2244,753
2022-01-20,7호선,장암,2180,820
2022-01-20,7호선,도봉산,8665,10047
2022-01-20,7호선,수락산,12433,12140
2022-01-20,7호선,마들,12737,12407
2022-01-20,7호선,노원,19319,19884
2022-01-20,7호선,중계,13862,12773
2022-01-20,7호선,하계,17544,16498
2022-01-20,7호선,공릉,11473,11267
2022-01-20,7호선,태릉입구,8387,7994
2022-01-20,7호선,먹골,10141,9941
2022-01-20,7호선,중화,10849,10619
2022-01-20,7호선,상봉,16979,15940
2022-01-20,7호선,면목,15261,14955
2022-01-20,7호선,사가정,16072,16016
2022-01-20,7호선,용마산,6075,5882
2022-01-20,7호선,중곡,10659,10063
2022-01-20,7호선,군자,15148,12214
2022-01-20,7호선,어린이대공원,12152,12026
2022-01-20,7호선,건대입구,12114,12478
2022-01-20,7호선,뚝섬유원지,7298,7105
2022-01-20,7호선,청담,19784,22342
2022-01-20,7호선,강남구청,17455,18745
2022-01-20,7호선,학동,25256,27037
2022-01-20,7호선,논현,21034,22905
2022-01-20,7호선,반포,5850,5586
2022-01-20,7호선,고속터미널,15514,13237
2022-01-20,7호선,내방,14995,15254
2022-01-20,7호선,이수,15608,15091
2022-01-20,7호선,남성,11058,10255
2022-01-20,7호선,숭실대입구,11468,11540
2022-01-20,7호선,상도,10493,10372
2022-01-20,7호선,장승배기,8985,8739
2022-01-20,7호선,신대방삼거리,16615,16130
2022-01-20,7호선,보라매,9731,9869
2022-01-20,7호선,신풍,11430,10805
2022-01-20,7호선,대림,7537,7547
2022-01-20,7호선,남구로,16077,17131
2022-01-20,7호선,가산디지털단지,47837,47688
2022-01-20,7호선,철산,20894,21342
2022-01-20,7호선,광명사거리,22036,21782
2022-01-20,7호선,천왕,11473,10849
2022-01-20,7호선,온수,9996,9194
2022-01-20,7호선,까치울,1,0
2022-01-20,7호선,신중동,1,0
2022-01-20,7호선,상동,2,0
2022-01-20,7호선,굴포천,1,0
2022-01-21,7호선,상동,2,0
2022-01-21,7호선,신중동,1,0
2022-01-21,7호선,춘의,1,0
2022-01-21,7호선,부천종합운동장,1,0
2022-01-21,7호선,까치울,1,0
2022-01-21,7호선,온수,10035,9122
2022-01-21,7호선,천왕,11401,10689
2022-01-21,7호선,광명사거리,22676,22547
2022-01-21,7호선,철산,21673,22059
2022-01-21,7호선,가산디지털단지,46564,45952
2022-01-21,7호선,남구로,15744,16954
2022-01-21,7호선,대림,7678,7850
2022-01-21,7호선,신풍,11600,11106
2022-01-21,7호선,보라매,9840,9695
2022-01-21,7호선,신대방삼거리,16790,15872
2022-01-21,7호선,장승배기,9290,9076
2022-01-21,7호선,상도,10837,10399
2022-01-21,7호선,숭실대입구,11431,11644
2022-01-21,7호선,남성,11265,10413
2022-01-21,7호선,이수,16381,15746
2022-01-21,7호선,내방,14930,15286
2022-01-21,7호선,고속터미널,16905,13928
2022-01-21,7호선,반포,6062,5692
2022-01-21,7호선,논현,21521,23491
2022-01-21,7호선,학동,25296,26530
2022-01-21,7호선,강남구청,17213,18853
2022-01-21,7호선,청담,19990,22447
2022-01-21,7호선,뚝섬유원지,7469,7218
2022-01-21,7호선,건대입구,12674,13151
2022-01-21,7호선,어린이대공원,12367,12180
2022-01-21,7호선,군자,15345,12307
2022-01-21,7호선,중곡,10672,10198
2022-01-21,7호선,용마산,5960,5788
2022-01-21,7호선,사가정,16198,16278
2022-01-21,7호선,면목,15468,15292
2022-01-21,7호선,상봉,17358,16563
2022-01-21,7호선,중화,10826,10654
2022-01-21,7호선,먹골,10326,10047
2022-01-21,7호선,태릉입구,8494,8071
2022-01-21,7호선,공릉,11479,11558
2022-01-21,7호선,하계,17664,16392
2022-01-21,7호선,중계,13970,12508
2022-01-21,7호선,노원,20786,21282
2022-01-21,7호선,마들,13011,12327
2022-01-21,7호선,수락산,12515,12144
2022-01-21,7호선,도봉산,8782,10096
2022-01-21,7호선,장암,2145,825
2022-01-22,7호선,장암,1328,924
2022-01-22,7호선,도봉산,6017,8230
2022-01-22,7호선,수락산,9558,9444
2022-01-22,7호선,마들,8702,8210
2022-01-22,7호선,노원,15488,15703
2022-01-22,7호선,중계,8798,7863
2022-01-22,7호선,하계,11940,11160
2022-01-22,7호선,공릉,8333,8413
2022-01-22,7호선,태릉입구,6479,6035
2022-01-22,7호선,먹골,7978,7837
2022-01-22,7호선,중화,7418,7199
2022-01-22,7호선,상봉,13057,12550
2022-01-22,7호선,면목,10578,10503
2022-01-22,7호선,사가정,11843,11639
2022-01-22,7호선,용마산,4375,4465
2022-01-22,7호선,군자,10515,8123
2022-01-22,7호선,어린이대공원,9213,8955
2022-01-22,7호선,건대입구,10640,10737
2022-01-22,7호선,뚝섬유원지,5770,5440
2022-01-22,7호선,청담,11071,11870
2022-01-22,7호선,강남구청,10036,10942
2022-01-22,7호선,학동,10754,11167
2022-01-22,7호선,논현,11348,12126
2022-01-22,7호선,반포,4287,3985
2022-01-22,7호선,고속터미널,13223,10310
2022-01-22,7호선,내방,7717,7725
2022-01-22,7호선,이수,12071,11246
2022-01-22,7호선,남성,7557,7141
2022-01-22,7호선,숭실대입구,7843,7814
2022-01-22,7호선,상도,7181,6763
2022-01-22,7호선,장승배기,6349,6121
2022-01-22,7호선,신대방삼거리,11059,10386
2022-01-22,7호선,보라매,5832,5600
2022-01-22,7호선,신풍,7804,7340
2022-01-22,7호선,대림,6696,7122
2022-01-22,7호선,남구로,7953,8354
2022-01-22,7호선,가산디지털단지,14212,12790
2022-01-22,7호선,철산,14726,14795
2022-01-22,7호선,광명사거리,16732,16599
2022-01-22,7호선,천왕,6850,6481
2022-01-22,7호선,온수,5258,5280
2022-01-22,7호선,까치울,1,0
2022-01-22,7호선,상동,1,0
2022-01-22,7호선,굴포천,2,0
2022-01-22,7호선,중곡,6776,6407
2022-01-23,7호선,장암,1104,743
2022-01-23,7호선,도봉산,4844,6970
2022-01-23,7호선,수락산,7631,7334
2022-01-23,7호선,마들,5582,5269
2022-01-23,7호선,노원,10592,10562
2022-01-23,7호선,중계,6193,5708
2022-01-23,7호선,하계,8498,8024
2022-01-23,7호선,공릉,6015,6048
2022-01-23,7호선,태릉입구,4663,4310
2022-01-23,7호선,먹골,5244,5071
2022-01-23,7호선,중화,5261,5246
2022-01-23,7호선,상봉,8545,7849
2022-01-23,7호선,면목,7698,7505
2022-01-23,7호선,사가정,8356,8297
2022-01-23,7호선,용마산,3131,3440
2022-01-23,7호선,중곡,4957,4869
2022-01-23,7호선,군자,7374,5787
2022-01-23,7호선,어린이대공원,7763,7755
2022-01-23,7호선,건대입구,7187,7166
2022-01-23,7호선,뚝섬유원지,4988,4690
2022-01-23,7호선,청담,6196,6665
2022-01-23,7호선,강남구청,5640,6006
2022-01-23,7호선,학동,5889,6221
2022-01-23,7호선,논현,6126,6518
2022-01-23,7호선,반포,2620,2606
2022-01-23,7호선,고속터미널,10471,7472
2022-01-23,7호선,내방,4964,5228
2022-01-23,7호선,이수,8014,7626
2022-01-23,7호선,남성,4973,4975
2022-01-23,7호선,숭실대입구,5429,5936
2022-01-23,7호선,상도,5145,4969
2022-01-23,7호선,장승배기,4412,4353
2022-01-23,7호선,신대방삼거리,7616,7395
2022-01-23,7호선,보라매,3938,3971
2022-01-23,7호선,신풍,5584,5343
2022-01-23,7호선,대림,6357,6099
2022-01-23,7호선,남구로,5979,5964
2022-01-23,7호선,가산디지털단지,9635,8951
2022-01-23,7호선,철산,9906,9864
2022-01-23,7호선,광명사거리,11864,11784
2022-01-23,7호선,천왕,4782,4628
2022-01-23,7호선,온수,3745,3749
2022-01-23,7호선,까치울,1,0
2022-01-23,7호선,부천종합운동장,1,0
2022-01-23,7호선,굴포천,1,0
2022-01-24,7호선,장암,2195,769
2022-01-24,7호선,도봉산,8856,9995
2022-01-24,7호선,수락산,12210,12077
2022-01-24,7호선,마들,12558,12111
2022-01-24,7호선,노원,19220,20208
2022-01-24,7호선,중계,13940,12635
2022-01-24,7호선,하계,16957,16029
2022-01-24,7호선,공릉,11058,11244
2022-01-24,7호선,태릉입구,8162,7748
2022-01-24,7호선,먹골,9928,9809
2022-01-24,7호선,중화,10851,10538
2022-01-24,7호선,상봉,16583,15681
2022-01-24,7호선,면목,15169,14852
2022-01-24,7호선,사가정,15664,15889
2022-01-24,7호선,용마산,5929,5802
2022-01-24,7호선,중곡,10735,10093
2022-01-24,7호선,군자,14657,11934
2022-01-24,7호선,어린이대공원,11752,11661
2022-01-24,7호선,건대입구,11675,12527
2022-01-24,7호선,뚝섬유원지,7624,7384
2022-01-24,7호선,청담,19492,21625
2022-01-24,7호선,강남구청,16292,17880
2022-01-24,7호선,학동,25080,26672
2022-01-24,7호선,논현,21041,22740
2022-01-24,7호선,반포,5603,5457
2022-01-24,7호선,고속터미널,15878,13176
2022-01-24,7호선,내방,14696,14965
2022-01-24,7호선,이수,15206,15059
2022-01-24,7호선,남성,11043,10252
2022-01-24,7호선,숭실대입구,11177,11555
2022-01-24,7호선,상도,10544,10173
2022-01-24,7호선,장승배기,9098,9035
2022-01-24,7호선,신대방삼거리,16605,16055
2022-01-24,7호선,보라매,9842,9791
2022-01-24,7호선,신풍,11421,10876
2022-01-24,7호선,대림,7937,7840
2022-01-24,7호선,남구로,16415,17155
2022-01-24,7호선,가산디지털단지,47964,48049
2022-01-24,7호선,철산,20812,21352
2022-01-24,7호선,광명사거리,22055,21699
2022-01-24,7호선,천왕,11432,10837
2022-01-24,7호선,온수,9964,9175
2022-01-24,7호선,까치울,1,0
2022-01-24,7호선,춘의,1,0
2022-01-24,7호선,신중동,1,0
2022-01-25,7호선,마들,12634,12170
2022-01-25,7호선,굴포천,1,0
2022-01-25,7호선,상동,1,0
2022-01-25,7호선,부천시청,2,0
2022-01-25,7호선,온수,10198,9280
2022-01-25,7호선,천왕,11475,10948
2022-01-25,7호선,광명사거리,22083,21886
2022-01-25,7호선,철산,20885,21395
2022-01-25,7호선,가산디지털단지,48036,48004
2022-01-25,7호선,남구로,16485,17314
2022-01-25,7호선,대림,8023,8134
2022-01-25,7호선,신풍,11537,11129
2022-01-25,7호선,보라매,9871,10095
2022-01-25,7호선,신대방삼거리,16713,16049
2022-01-25,7호선,장승배기,9174,9035
2022-01-25,7호선,상도,10754,10445
2022-01-25,7호선,숭실대입구,11470,11651
2022-01-25,7호선,남성,11245,10409
2022-01-25,7호선,이수,15811,15452
2022-01-25,7호선,내방,15115,15391
2022-01-25,7호선,고속터미널,15521,13225
2022-01-25,7호선,반포,5837,5485
2022-01-25,7호선,논현,21627,23075
2022-01-25,7호선,학동,25641,27065
2022-01-25,7호선,강남구청,17362,18569
2022-01-25,7호선,청담,19767,22209
2022-01-25,7호선,뚝섬유원지,7105,6931
2022-01-25,7호선,건대입구,11887,12337
2022-01-25,7호선,어린이대공원,11758,11559
2022-01-25,7호선,군자,15185,12220
2022-01-25,7호선,중곡,10668,10162
2022-01-25,7호선,용마산,5975,5698
2022-01-25,7호선,사가정,15722,15774
2022-01-25,7호선,면목,15182,14853
2022-01-25,7호선,상봉,16917,16000
2022-01-25,7호선,중화,10738,10625
2022-01-25,7호선,먹골,10214,10085
2022-01-25,7호선,태릉입구,8223,7770
2022-01-25,7호선,공릉,11141,11122
2022-01-25,7호선,하계,17453,16353
2022-01-25,7호선,중계,13905,12821
2022-01-25,7호선,노원,19291,20017
2022-01-25,7호선,수락산,12212,11996
2022-01-25,7호선,도봉산,8626,9717
2022-01-25,7호선,장암,2183,772
2022-01-26,7호선,장암,2205,770
2022-01-26,7호선,도봉산,8875,10374
2022-01-26,7호선,수락산,12575,12419
2022-01-26,7호선,마들,12917,12513
2022-01-26,7호선,노원,19747,20439
2022-01-26,7호선,중계,14123,12909
2022-01-26,7호선,하계,18250,17152
2022-01-26,7호선,공릉,11381,11173
2022-01-26,7호선,태릉입구,8629,8090
2022-01-26,7호선,먹골,10390,10195
2022-01-26,7호선,중화,10876,10819
2022-01-26,7호선,상봉,17183,15963
2022-01-26,7호선,면목,15458,15136
2022-01-26,7호선,사가정,16340,16345
2022-01-26,7호선,용마산,5994,5892
2022-01-26,7호선,중곡,10818,10197
2022-01-26,7호선,군자,15239,12298
2022-01-26,7호선,어린이대공원,11967,11768
2022-01-26,7호선,건대입구,12042,12840
2022-01-26,7호선,뚝섬유원지,7486,7254
2022-01-26,7호선,청담,19792,22214
2022-01-26,7호선,강남구청,17539,19005
2022-01-26,7호선,학동,25870,27245
2022-01-26,7호선,논현,21423,23085
2022-01-26,7호선,반포,5954,5593
2022-01-26,7호선,고속터미널,15474,13393
2022-01-26,7호선,내방,15191,15596
2022-01-26,7호선,이수,16032,15565
2022-01-26,7호선,남성,11096,10293
2022-01-26,7호선,숭실대입구,11482,11690
2022-01-26,7호선,상도,10787,10884
2022-01-26,7호선,장승배기,9243,9083
2022-01-26,7호선,신대방삼거리,16938,16281
2022-01-26,7호선,보라매,9734,9854
2022-01-26,7호선,신풍,11570,11063
2022-01-26,7호선,대림,8004,8005
2022-01-26,7호선,남구로,16311,17346
2022-01-26,7호선,가산디지털단지,47561,47472
2022-01-26,7호선,철산,21148,21555
2022-01-26,7호선,광명사거리,22503,22296
2022-01-26,7호선,천왕,11737,11192
2022-01-26,7호선,온수,10080,9274
2022-01-26,7호선,춘의,1,0
2022-01-26,7호선,신중동,2,0
2022-01-26,7호선,부평구청,1,0
2022-01-27,7호선,상동,1,0
2022-01-27,7호선,신중동,2,0
2022-01-27,7호선,춘의,1,0
2022-01-27,7호선,온수,10027,9103
2022-01-27,7호선,천왕,11484,10850
2022-01-27,7호선,광명사거리,22214,21877
2022-01-27,7호선,철산,20869,21238
2022-01-27,7호선,가산디지털단지,46554,46764
2022-01-27,7호선,남구로,15995,17090
2022-01-27,7호선,대림,8171,8059
2022-01-27,7호선,신풍,11274,10719
2022-01-27,7호선,보라매,9480,9474
2022-01-27,7호선,신대방삼거리,16530,16037
2022-01-27,7호선,장승배기,9269,8967
2022-01-27,7호선,상도,10497,10116
2022-01-27,7호선,숭실대입구,11330,11428
2022-01-27,7호선,남성,11111,10396
2022-01-27,7호선,이수,15934,15325
2022-01-27,7호선,내방,14826,15344
2022-01-27,7호선,고속터미널,14868,13728
2022-01-27,7호선,반포,5799,5566
2022-01-27,7호선,논현,20802,22665
2022-01-27,7호선,학동,25369,26779
2022-01-27,7호선,강남구청,17336,18700
2022-01-27,7호선,청담,19557,21997
2022-01-27,7호선,뚝섬유원지,7293,7162
2022-01-27,7호선,건대입구,12035,12465
2022-01-27,7호선,어린이대공원,12145,11899
2022-01-27,7호선,군자,15125,12273
2022-01-27,7호선,중곡,10821,10177
2022-01-27,7호선,용마산,5939,5700
2022-01-27,7호선,사가정,15984,15778
2022-01-27,7호선,면목,15124,14735
2022-01-27,7호선,상봉,16882,15918
2022-01-27,7호선,중화,10806,10360
2022-01-27,7호선,먹골,10152,9954
2022-01-27,7호선,태릉입구,8372,7981
2022-01-27,7호선,공릉,11422,11251
2022-01-27,7호선,하계,17299,16235
2022-01-27,7호선,중계,13897,12563
2022-01-27,7호선,노원,19353,19905
2022-01-27,7호선,마들,12864,12390
2022-01-27,7호선,수락산,12275,12059
2022-01-27,7호선,도봉산,8615,9888
2022-01-27,7호선,장암,2202,788
2022-01-28,7호선,장암,2048,793
2022-01-28,7호선,도봉산,8289,9556
2022-01-28,7호선,수락산,12217,12018
2022-01-28,7호선,마들,12700,12123
2022-01-28,7호선,노원,20369,20982
2022-01-28,7호선,중계,13468,12181
2022-01-28,7호선,하계,16965,15709
2022-01-28,7호선,공릉,11508,11079
2022-01-28,7호선,태릉입구,8272,7710
2022-01-28,7호선,먹골,10278,9902
2022-01-28,7호선,중화,10634,10251
2022-01-28,7호선,상봉,16895,16219
2022-01-28,7호선,면목,15221,14867
2022-01-28,7호선,사가정,15749,15648
2022-01-28,7호선,용마산,5869,5523
2022-01-28,7호선,중곡,10736,10036
2022-01-28,7호선,군자,15079,11620
2022-01-28,7호선,어린이대공원,11957,11492
2022-01-28,7호선,건대입구,12273,12476
2022-01-28,7호선,뚝섬유원지,7339,7148
2022-01-28,7호선,청담,18623,20942
2022-01-28,7호선,강남구청,16463,17748
2022-01-28,7호선,학동,23321,24666
2022-01-28,7호선,논현,20200,22172
2022-01-28,7호선,반포,6009,5692
2022-01-28,7호선,고속터미널,15461,16157
2022-01-28,7호선,내방,14421,14772
2022-01-28,7호선,이수,15999,15043
2022-01-28,7호선,남성,11032,9954
2022-01-28,7호선,숭실대입구,11280,11075
2022-01-28,7호선,상도,10786,9855
2022-01-28,7호선,장승배기,9201,8837
2022-01-28,7호선,신대방삼거리,16812,15445
2022-01-28,7호선,보라매,9472,9139
2022-01-28,7호선,신풍,11342,10631
2022-01-28,7호선,대림,8708,8803
2022-01-28,7호선,남구로,15771,16295
2022-01-28,7호선,가산디지털단지,43662,42765
2022-01-28,7호선,철산,21031,21446
2022-01-28,7호선,광명사거리,22456,22506
2022-01-28,7호선,천왕,11146,10453
2022-01-28,7호선,온수,9647,8757
2022-01-29,7호선,부평구청,1,0
2022-01-29,7호선,춘의,1,0
2022-01-29,7호선,온수,4549,4396
2022-01-29,7호선,천왕,5839,5584
2022-01-29,7호선,광명사거리,15173,15044
2022-01-29,7호선,철산,12224,12305
2022-01-29,7호선,가산디지털단지,11297,9560
2022-01-29,7호선,남구로,7321,7238
2022-01-29,7호선,대림,7407,7591
2022-01-29,7호선,신풍,6653,6141
2022-01-29,7호선,보라매,4883,4433
2022-01-29,7호선,신대방삼거리,9615,8440
2022-01-29,7호선,장승배기,5720,5142
2022-01-29,7호선,상도,6205,5232
2022-01-29,7호선,숭실대입구,6457,6019
2022-01-29,7호선,남성,6268,5496
2022-01-29,7호선,이수,9862,8789
2022-01-29,7호선,내방,6414,6239
2022-01-29,7호선,고속터미널,9028,10889
2022-01-29,7호선,반포,3645,3528
2022-01-29,7호선,논현,8698,9547
2022-01-29,7호선,학동,6980,7045
2022-01-29,7호선,강남구청,7137,7524
2022-01-29,7호선,청담,7927,8404
2022-01-29,7호선,뚝섬유원지,4885,4618
2022-01-29,7호선,건대입구,8594,8145
2022-01-29,7호선,어린이대공원,6961,6198
2022-01-29,7호선,군자,9020,6558
2022-01-29,7호선,중곡,5835,5388
2022-01-29,7호선,용마산,3473,3555
2022-01-29,7호선,사가정,10326,9804
2022-01-29,7호선,면목,9770,9359
2022-01-29,7호선,상봉,11197,10580
2022-01-29,7호선,중화,6131,5905
2022-01-29,7호선,먹골,6536,6221
2022-01-29,7호선,태릉입구,5383,4685
2022-01-29,7호선,공릉,7252,6856
2022-01-29,7호선,하계,9818,9108
2022-01-29,7호선,중계,7561,6672
2022-01-29,7호선,노원,13583,13534
2022-01-29,7호선,마들,7935,7510
2022-01-29,7호선,수락산,8334,8028
2022-01-29,7호선,도봉산,4972,6970
2022-01-29,7호선,장암,1076,811
2022-01-30,7호선,건대입구,6532,6092
2022-01-30,7호선,신중동,1,0
2022-01-30,7호선,온수,3353,3265
2022-01-30,7호선,천왕,4220,4032
2022-01-30,7호선,광명사거리,11615,11730
2022-01-30,7호선,철산,8489,8498
2022-01-30,7호선,가산디지털단지,8157,6825
2022-01-30,7호선,남구로,5721,5664
2022-01-30,7호선,대림,7105,7040
2022-01-30,7호선,신풍,4955,4585
2022-01-30,7호선,보라매,3501,3068
2022-01-30,7호선,신대방삼거리,6744,6010
2022-01-30,7호선,장승배기,4153,3801
2022-01-30,7호선,상도,4186,3685
2022-01-30,7호선,숭실대입구,4600,4258
2022-01-30,7호선,남성,4534,3989
2022-01-30,7호선,이수,6584,5949
2022-01-30,7호선,내방,4287,4250
2022-01-30,7호선,고속터미널,6759,7722
2022-01-30,7호선,반포,2247,2234
2022-01-30,7호선,논현,4915,5265
2022-01-30,7호선,학동,3694,3568
2022-01-30,7호선,강남구청,3750,3708
2022-01-30,7호선,청담,4368,4641
2022-01-30,7호선,뚝섬유원지,3724,3417
2022-01-30,7호선,어린이대공원,5387,4550
2022-01-30,7호선,군자,6155,4400
2022-01-30,7호선,중곡,4404,4016
2022-01-30,7호선,용마산,2697,2831
2022-01-30,7호선,사가정,7250,7129
2022-01-30,7호선,면목,7036,6711
2022-01-30,7호선,상봉,7924,7275
2022-01-30,7호선,중화,4607,4334
2022-01-30,7호선,먹골,4662,4469
2022-01-30,7호선,태릉입구,3798,3468
2022-01-30,7호선,공릉,5245,4937
2022-01-30,7호선,하계,7449,7024
2022-01-30,7호선,중계,5668,5228
2022-01-30,7호선,노원,9136,9175
2022-01-30,7호선,마들,5032,4547
2022-01-30,7호선,수락산,6249,6186
2022-01-30,7호선,도봉산,3748,5526
2022-01-30,7호선,장암,795,588
2022-01-31,7호선,굴포천,2,0
2022-01-31,7호선,부천시청,1,0
2022-01-31,7호선,춘의,1,0
2022-01-31,7호선,까치울,1,0
2022-01-31,7호선,온수,2628,2597
2022-01-31,7호선,천왕,3277,3328
2022-01-31,7호선,광명사거리,9468,9722
2022-01-31,7호선,철산,6478,6556
2022-01-31,7호선,가산디지털단지,6882,5726
2022-01-31,7호선,남구로,4828,4879
2022-01-31,7호선,대림,5642,5457
2022-01-31,7호선,신풍,3857,3659
2022-01-31,7호선,보라매,2657,2342
2022-01-31,7호선,신대방삼거리,5374,4780
2022-01-31,7호선,장승배기,3191,2933
2022-01-31,7호선,상도,3125,2777
2022-01-31,7호선,숭실대입구,3436,3283
2022-01-31,7호선,남성,3384,3114
2022-01-31,7호선,이수,4860,4417
2022-01-31,7호선,내방,3190,2951
2022-01-31,7호선,고속터미널,6671,5249
2022-01-31,7호선,반포,1898,1842
2022-01-31,7호선,논현,3623,3647
2022-01-31,7호선,학동,2473,2410
2022-01-31,7호선,강남구청,2686,2604
2022-01-31,7호선,청담,3217,3342
2022-01-31,7호선,뚝섬유원지,2887,2745
2022-01-31,7호선,건대입구,4525,4276
2022-01-31,7호선,어린이대공원,4032,3385
2022-01-31,7호선,군자,4697,3444
2022-01-31,7호선,중곡,3285,3262
2022-01-31,7호선,용마산,2154,2255
2022-01-31,7호선,사가정,5882,5919
2022-01-31,7호선,면목,5538,5460
2022-01-31,7호선,상봉,6150,5720
2022-01-31,7호선,중화,3640,3573
2022-01-31,7호선,먹골,3429,3303
2022-01-31,7호선,태릉입구,2779,2489
2022-01-31,7호선,공릉,3819,3824
2022-01-31,7호선,하계,5735,5396
2022-01-31,7호선,중계,4473,4083
2022-01-31,7호선,노원,6351,6287
2022-01-31,7호선,마들,4299,4069
2022-01-31,7호선,수락산,4613,4786
2022-01-31,7호선,도봉산,2852,4227
2022-01-31,7호선,장암,554,421
2022-02-01,7호선,상동,1,0
2022-02-01,7호선,춘의,1,0
2022-02-01,7호선,온수,2528,2627
2022-02-01,7호선,천왕,3028,3074
2022-02-01,7호선,광명사거리,7645,7716
2022-02-01,7호선,철산,6028,6334
2022-02-01,7호선,가산디지털단지,4948,5187
2022-02-01,7호선,남구로,4806,5069
2022-02-01,7호선,대림,4338,4420
2022-02-01,7호선,신풍,3607,3758
2022-02-01,7호선,보라매,2263,2547
2022-02-01,7호선,신대방삼거리,4646,5476
2022-02-01,7호선,장승배기,2932,3288
2022-02-01,7호선,상도,2789,3068
2022-02-01,7호선,숭실대입구,3101,3689
2022-02-01,7호선,남성,3159,3420
2022-02-01,7호선,이수,3877,3929
2022-02-01,7호선,내방,2397,2608
2022-02-01,7호선,고속터미널,14674,3901
2022-02-01,7호선,반포,1234,1041
2022-02-01,7호선,논현,2569,3009
2022-02-01,7호선,학동,1984,2099
2022-02-01,7호선,강남구청,1893,2225
2022-02-01,7호선,청담,2504,2715
2022-02-01,7호선,뚝섬유원지,2559,2647
2022-02-01,7호선,건대입구,3613,3950
2022-02-01,7호선,어린이대공원,3607,4112
2022-02-01,7호선,군자,4190,3840
2022-02-01,7호선,중곡,3003,3321
2022-02-01,7호선,용마산,2141,2265
2022-02-01,7호선,사가정,5500,5712
2022-02-01,7호선,면목,5176,5444
2022-02-01,7호선,상봉,5341,5324
2022-02-01,7호선,중화,3477,3614
2022-02-01,7호선,먹골,3365,3511
2022-02-01,7호선,태릉입구,2533,2507
2022-02-01,7호선,공릉,3571,3905
2022-02-01,7호선,하계,5236,5051
2022-02-01,7호선,중계,4459,4287
2022-02-01,7호선,노원,5414,5413
2022-02-01,7호선,마들,4277,4279
2022-02-01,7호선,수락산,4495,4272
2022-02-01,7호선,도봉산,2726,3688
2022-02-01,7호선,장암,602,317
2022-02-02,7호선,청담,3893,4306
2022-02-02,7호선,뚝섬유원지,3436,3549
2022-02-02,7호선,장암,844,470
2022-02-02,7호선,도봉산,3725,4948
2022-02-02,7호선,수락산,5634,5432
2022-02-02,7호선,마들,4830,4836
2022-02-02,7호선,노원,9318,9325
2022-02-02,7호선,중계,4949,4804
2022-02-02,7호선,하계,6801,6533
2022-02-02,7호선,공릉,4591,5146
2022-02-02,7호선,태릉입구,3395,3461
2022-02-02,7호선,먹골,4029,4218
2022-02-02,7호선,중화,4318,4331
2022-02-02,7호선,상봉,7007,7080
2022-02-02,7호선,면목,6154,6297
2022-02-02,7호선,사가정,6485,6752
2022-02-02,7호선,용마산,2402,2697
2022-02-02,7호선,중곡,3654,3849
2022-02-02,7호선,군자,5421,5086
2022-02-02,7호선,어린이대공원,4847,6122
2022-02-02,7호선,건대입구,6015,6333
2022-02-02,7호선,강남구청,3398,3877
2022-02-02,7호선,학동,3166,3604
2022-02-02,7호선,논현,4130,4796
2022-02-02,7호선,반포,2307,2099
2022-02-02,7호선,고속터미널,20754,5661
2022-02-02,7호선,내방,3640,3950
2022-02-02,7호선,이수,5881,6230
2022-02-02,7호선,남성,3880,4445
2022-02-02,7호선,숭실대입구,3744,4644
2022-02-02,7호선,상도,3388,4020
2022-02-02,7호선,장승배기,3821,4061
2022-02-02,7호선,신대방삼거리,5576,6679
2022-02-02,7호선,보라매,2844,3339
2022-02-02,7호선,신풍,4128,4235
2022-02-02,7호선,대림,5213,4997
2022-02-02,7호선,남구로,5260,5191
2022-02-02,7호선,가산디지털단지,7844,8191
2022-02-02,7호선,철산,7439,7665
2022-02-02,7호선,광명사거리,8918,8584
2022-02-02,7호선,천왕,3612,3601
2022-02-02,7호선,온수,2937,3035
2022-02-02,7호선,신중동,1,0
2022-02-02,7호선,굴포천,1,0
2022-02-03,7호선,대림,7514,7249
2022-02-03,7호선,부평구청,1,0
2022-02-03,7호선,신중동,3,0
2022-02-03,7호선,온수,9098,8471
2022-02-03,7호선,천왕,10137,9798
2022-02-03,7호선,광명사거리,19485,19222
2022-02-03,7호선,철산,18577,18892
2022-02-03,7호선,가산디지털단지,41031,40743
2022-02-03,7호선,남구로,14783,15419
2022-02-03,7호선,신풍,10174,9748
2022-02-03,7호선,보라매,8647,8652
2022-02-03,7호선,신대방삼거리,14543,14535
2022-02-03,7호선,장승배기,8274,8328
2022-02-03,7호선,상도,9284,9413
2022-02-03,7호선,숭실대입구,9966,10521
2022-02-03,7호선,남성,9811,9530
2022-02-03,7호선,이수,13862,13594
2022-02-03,7호선,내방,13501,13624
2022-02-03,7호선,고속터미널,17272,11588
2022-02-03,7호선,반포,5208,5014
2022-02-03,7호선,논현,18362,20068
2022-02-03,7호선,학동,22516,23706
2022-02-03,7호선,강남구청,15161,16654
2022-02-03,7호선,청담,17673,19549
2022-02-03,7호선,뚝섬유원지,6381,6302
2022-02-03,7호선,건대입구,10765,11359
2022-02-03,7호선,어린이대공원,10667,10903
2022-02-03,7호선,군자,13140,11123
2022-02-03,7호선,중곡,9924,9381
2022-02-03,7호선,용마산,5491,5431
2022-02-03,7호선,사가정,14308,14567
2022-02-03,7호선,면목,13706,13678
2022-02-03,7호선,상봉,15033,14144
2022-02-03,7호선,중화,9837,9714
2022-02-03,7호선,먹골,9153,9198
2022-02-03,7호선,태릉입구,7575,7338
2022-02-03,7호선,공릉,9984,10392
2022-02-03,7호선,하계,15835,15127
2022-02-03,7호선,중계,12348,11520
2022-02-03,7호선,노원,18457,18799
2022-02-03,7호선,마들,11805,11647
2022-02-03,7호선,수락산,11295,11163
2022-02-03,7호선,도봉산,8179,9340
2022-02-03,7호선,장암,1953,663
2022-02-04,7호선,굴포천,1,0
2022-02-04,7호선,부천시청,1,0
2022-02-04,7호선,부천종합운동장,2,0
2022-02-04,7호선,온수,9424,8736
2022-02-04,7호선,천왕,10568,9998
2022-02-04,7호선,광명사거리,20749,20435
2022-02-04,7호선,철산,19343,19954
2022-02-04,7호선,가산디지털단지,41891,41740
2022-02-04,7호선,남구로,15147,15892
2022-02-04,7호선,대림,7374,7430
2022-02-04,7호선,신풍,10562,10263
2022-02-04,7호선,보라매,9076,9112
2022-02-04,7호선,신대방삼거리,15227,14773
2022-02-04,7호선,장승배기,8800,8556
2022-02-04,7호선,상도,9881,9791
2022-02-04,7호선,숭실대입구,10493,10742
2022-02-04,7호선,남성,10142,9532
2022-02-04,7호선,이수,15003,14745
2022-02-04,7호선,내방,13839,14197
2022-02-04,7호선,고속터미널,15470,12244
2022-02-04,7호선,반포,5449,5162
2022-02-04,7호선,논현,19511,21504
2022-02-04,7호선,학동,22905,24113
2022-02-04,7호선,강남구청,15698,17207
2022-02-04,7호선,청담,17938,20188
2022-02-04,7호선,뚝섬유원지,6566,6442
2022-02-04,7호선,건대입구,11397,11792
2022-02-04,7호선,어린이대공원,11119,11283
2022-02-04,7호선,군자,14063,11586
2022-02-04,7호선,중곡,10156,9715
2022-02-04,7호선,용마산,5671,5496
2022-02-04,7호선,사가정,15295,15246
2022-02-04,7호선,면목,14270,14234
2022-02-04,7호선,상봉,15986,15169
2022-02-04,7호선,중화,10435,10050
2022-02-04,7호선,먹골,9717,9511
2022-02-04,7호선,태릉입구,7782,7368
2022-02-04,7호선,공릉,10790,10975
2022-02-04,7호선,하계,16166,15388
2022-02-04,7호선,중계,13076,11855
2022-02-04,7호선,노원,19726,20134
2022-02-04,7호선,마들,12322,11859
2022-02-04,7호선,수락산,11605,11634
2022-02-04,7호선,도봉산,8499,9374
2022-02-04,7호선,장암,2000,746
2022-02-05,7호선,장암,1121,729
2022-02-05,7호선,도봉산,5364,6805
2022-02-05,7호선,수락산,8161,7938
2022-02-05,7호선,마들,7433,7294
2022-02-05,7호선,노원,13770,13839
2022-02-05,7호선,중계,7758,7047
2022-02-05,7호선,하계,9695,9196
2022-02-05,7호선,공릉,7242,7262
2022-02-05,7호선,태릉입구,5347,5055
2022-02-05,7호선,먹골,6562,6453
2022-02-05,7호선,중화,6454,6480
2022-02-05,7호선,상봉,11125,10627
2022-02-05,7호선,면목,9545,9323
2022-02-05,7호선,사가정,10257,10156
2022-02-05,7호선,용마산,3628,3761
2022-02-05,7호선,중곡,5903,5623
2022-02-05,7호선,군자,9036,7284
2022-02-05,7호선,어린이대공원,7496,7503
2022-02-05,7호선,건대입구,9085,9217
2022-02-05,7호선,뚝섬유원지,4541,4405
2022-02-05,7호선,청담,8913,9592
2022-02-05,7호선,강남구청,8354,8987
2022-02-05,7호선,학동,9074,9427
2022-02-05,7호선,논현,9848,10834
2022-02-05,7호선,반포,3600,3473
2022-02-05,7호선,고속터미널,11261,8644
2022-02-05,7호선,내방,6897,6793
2022-02-05,7호선,이수,10405,9720
2022-02-05,7호선,남성,6548,6190
2022-02-05,7호선,숭실대입구,6395,6716
2022-02-05,7호선,상도,6077,5793
2022-02-05,7호선,장승배기,5565,5385
2022-02-05,7호선,신대방삼거리,9570,9131
2022-02-05,7호선,보라매,4856,4650
2022-02-05,7호선,신풍,6654,6429
2022-02-05,7호선,대림,5880,6048
2022-02-05,7호선,남구로,6728,7027
2022-02-05,7호선,가산디지털단지,11896,10783
2022-02-05,7호선,철산,11951,12065
2022-02-05,7호선,광명사거리,13973,13984
2022-02-05,7호선,천왕,5717,5414
2022-02-05,7호선,온수,4643,4633
2022-02-05,7호선,신중동,1,0
2022-02-05,7호선,삼산체육관,3,0
2022-02-06,7호선,부평구청,1,0
2022-02-06,7호선,온수,3119,3074
2022-02-06,7호선,천왕,4003,4012
2022-02-06,7호선,광명사거리,10025,10014
2022-02-06,7호선,철산,8056,8074
2022-02-06,7호선,가산디지털단지,8016,7410
2022-02-06,7호선,남구로,5307,5170
2022-02-06,7호선,대림,4925,4587
2022-02-06,7호선,신풍,4822,4618
2022-02-06,7호선,보라매,3677,3596
2022-02-06,7호선,신대방삼거리,6834,6626
2022-02-06,7호선,장승배기,4039,3982
2022-02-06,7호선,상도,4175,4213
2022-02-06,7호선,숭실대입구,4585,4994
2022-02-06,7호선,남성,4429,4475
2022-02-06,7호선,이수,7008,6638
2022-02-06,7호선,내방,4277,4519
2022-02-06,7호선,고속터미널,8562,5988
2022-02-06,7호선,반포,2375,2328
2022-02-06,7호선,논현,5085,5436
2022-02-06,7호선,학동,4882,5288
2022-02-06,7호선,강남구청,4535,4943
2022-02-06,7호선,청담,5415,5906
2022-02-06,7호선,뚝섬유원지,3738,3639
2022-02-06,7호선,건대입구,6529,6569
2022-02-06,7호선,어린이대공원,5991,6018
2022-02-06,7호선,군자,6415,5042
2022-02-06,7호선,중곡,4283,4330
2022-02-06,7호선,용마산,2665,3055
2022-02-06,7호선,사가정,7437,7328
2022-02-06,7호선,면목,6820,6680
2022-02-06,7호선,상봉,7721,7337
2022-02-06,7호선,중화,4702,4596
2022-02-06,7호선,먹골,4470,4466
2022-02-06,7호선,태릉입구,3899,3697
2022-02-06,7호선,공릉,5165,5314
2022-02-06,7호선,하계,7313,7049
2022-02-06,7호선,중계,5428,5075
2022-02-06,7호선,노원,9411,9211
2022-02-06,7호선,마들,4812,4637
2022-02-06,7호선,수락산,6607,6368
2022-02-06,7호선,도봉산,4450,5831
2022-02-06,7호선,장암,909,653
2022-02-07,7호선,장암,2146,743
2022-02-07,7호선,도봉산,8816,9624
2022-02-07,7호선,수락산,11645,11683
2022-02-07,7호선,마들,11987,11731
2022-02-07,7호선,노원,18697,19171
2022-02-07,7호선,중계,13219,12168
2022-02-07,7호선,하계,16015,15229
2022-02-07,7호선,공릉,10809,10890
2022-02-07,7호선,태릉입구,7872,7517
2022-02-07,7호선,먹골,9713,9530
2022-02-07,7호선,중화,10341,10187
2022-02-07,7호선,상봉,15670,14686
2022-02-07,7호선,면목,14615,14410
2022-02-07,7호선,사가정,15207,15378
2022-02-07,7호선,용마산,5784,5695
2022-02-07,7호선,중곡,10440,9798
2022-02-07,7호선,군자,14336,11543
2022-02-07,7호선,어린이대공원,11271,11048
2022-02-07,7호선,건대입구,11321,11666
2022-02-07,7호선,뚝섬유원지,6655,6602
2022-02-07,7호선,청담,18624,20930
2022-02-07,7호선,강남구청,15761,17106
2022-02-07,7호선,학동,24273,25541
2022-02-07,7호선,논현,20111,21726
2022-02-07,7호선,반포,5336,5144
2022-02-07,7호선,고속터미널,14625,12138
2022-02-07,7호선,내방,14112,14368
2022-02-07,7호선,이수,14524,14277
2022-02-07,7호선,남성,10409,9882
2022-02-07,7호선,숭실대입구,10618,10988
2022-02-07,7호선,상도,9925,9860
2022-02-07,7호선,장승배기,8887,8813
2022-02-07,7호선,신대방삼거리,15819,15451
2022-02-07,7호선,보라매,9591,9497
2022-02-07,7호선,신풍,10904,10347
2022-02-07,7호선,대림,7441,7355
2022-02-07,7호선,남구로,16011,16777
2022-02-07,7호선,가산디지털단지,46853,46662
2022-02-07,7호선,철산,19505,20047
2022-02-07,7호선,광명사거리,20728,20412
2022-02-07,7호선,천왕,10930,10475
2022-02-07,7호선,온수,9774,9087
2022-02-07,7호선,춘의,1,0
2022-02-07,7호선,신중동,3,0
2022-02-07,7호선,상동,1,0
2022-02-07,7호선,부평구청,1,0
2022-02-08,7호선,부평구청,1,0
2022-02-08,7호선,굴포천,1,0
2022-02-08,7호선,까치울,2,0
2022-02-08,7호선,온수,9893,9064
2022-02-08,7호선,천왕,11016,10598
2022-02-08,7호선,광명사거리,20857,20657
2022-02-08,7호선,철산,19851,20202
2022-02-08,7호선,가산디지털단지,46448,46145
2022-02-08,7호선,남구로,15679,16608
2022-02-08,7호선,대림,7418,7355
2022-02-08,7호선,신풍,11145,10637
2022-02-08,7호선,보라매,9371,9462
2022-02-08,7호선,신대방삼거리,16027,15602
2022-02-08,7호선,장승배기,8736,8646
2022-02-08,7호선,상도,10138,10053
2022-02-08,7호선,숭실대입구,10880,11092
2022-02-08,7호선,남성,10598,10023
2022-02-08,7호선,이수,14967,14619
2022-02-08,7호선,내방,14392,14596
2022-02-08,7호선,고속터미널,14019,12258
2022-02-08,7호선,반포,5446,5262
2022-02-08,7호선,논현,20343,22039
2022-02-08,7호선,학동,24681,25831
2022-02-08,7호선,강남구청,16238,17866
2022-02-08,7호선,청담,19257,21172
2022-02-08,7호선,뚝섬유원지,7255,7077
2022-02-08,7호선,건대입구,11195,11762
2022-02-08,7호선,어린이대공원,11366,11310
2022-02-08,7호선,군자,14420,11805
2022-02-08,7호선,중곡,10672,10015
2022-02-08,7호선,용마산,5804,5635
2022-02-08,7호선,사가정,15415,15521
2022-02-08,7호선,면목,14616,14410
2022-02-08,7호선,상봉,16135,15007
2022-02-08,7호선,중화,10412,10208
2022-02-08,7호선,먹골,9689,9688
2022-02-08,7호선,태릉입구,7863,7533
2022-02-08,7호선,공릉,11006,11019
2022-02-08,7호선,하계,16398,15617
2022-02-08,7호선,중계,13544,12517
2022-02-08,7호선,노원,18736,19281
2022-02-08,7호선,마들,12174,11861
2022-02-08,7호선,수락산,11804,11560
2022-02-08,7호선,도봉산,9169,9864
2022-02-08,7호선,장암,2175,731
2022-02-09,7호선,장암,2178,778
2022-02-09,7호선,도봉산,9172,9935
2022-02-09,7호선,수락산,11944,11825
2022-02-09,7호선,마들,12315,11796
2022-02-09,7호선,노원,18325,19129
2022-02-09,7호선,중계,13693,12569
2022-02-09,7호선,하계,17046,16096
2022-02-09,7호선,공릉,11014,10930
2022-02-09,7호선,태릉입구,8017,7503
2022-02-09,7호선,먹골,9766,9643
2022-02-09,7호선,중화,10364,10254
2022-02-09,7호선,상봉,16055,14984
2022-02-09,7호선,면목,14692,14554
2022-02-09,7호선,사가정,15644,15508
2022-02-09,7호선,용마산,5719,5641
2022-02-09,7호선,중곡,10382,9901
2022-02-09,7호선,군자,14562,11818
2022-02-09,7호선,어린이대공원,11368,11226
2022-02-09,7호선,건대입구,11418,11653
2022-02-09,7호선,뚝섬유원지,7032,6892
2022-02-09,7호선,청담,18975,21140
2022-02-09,7호선,강남구청,16271,17839
2022-02-09,7호선,학동,24563,25887
2022-02-09,7호선,논현,19883,21381
2022-02-09,7호선,반포,5590,5365
2022-02-09,7호선,고속터미널,13854,12228
2022-02-09,7호선,내방,14363,14549
2022-02-09,7호선,이수,15134,14684
2022-02-09,7호선,남성,10565,9874
2022-02-09,7호선,숭실대입구,10868,11087
2022-02-09,7호선,상도,10082,9901
2022-02-09,7호선,장승배기,8703,8615
2022-02-09,7호선,신대방삼거리,15886,15502
2022-02-09,7호선,보라매,9380,9392
2022-02-09,7호선,신풍,11160,10665
2022-02-09,7호선,대림,7209,7207
2022-02-09,7호선,남구로,15594,16449
2022-02-09,7호선,가산디지털단지,45828,45986
2022-02-09,7호선,철산,19781,20097
2022-02-09,7호선,광명사거리,20992,20836
2022-02-09,7호선,천왕,11158,10645
2022-02-09,7호선,온수,9979,9216
2022-02-09,7호선,까치울,1,0
2022-02-09,7호선,춘의,1,0
2022-02-09,7호선,부천시청,1,0
2022-02-09,7호선,상동,1,0
2022-02-09,7호선,부평구청,1,0
2022-02-10,7호선,장암,2135,785
2022-02-10,7호선,도봉산,9246,9995
2022-02-10,7호선,수락산,12009,11866
2022-02-10,7호선,마들,12164,11701
2022-02-10,7호선,노원,18751,19313
2022-02-10,7호선,중계,13649,12437
2022-02-10,7호선,하계,16701,15879
2022-02-10,7호선,공릉,10955,10986
2022-02-10,7호선,태릉입구,8104,7788
2022-02-10,7호선,먹골,9759,9572
2022-02-10,7호선,중화,10512,10418
2022-02-10,7호선,상봉,16371,15087
2022-02-10,7호선,면목,14783,14489
2022-02-10,7호선,사가정,15327,15416
2022-02-10,7호선,용마산,5799,5669
2022-02-10,7호선,중곡,10080,9729
2022-02-10,7호선,군자,14482,11770
2022-02-10,7호선,어린이대공원,11518,11491
2022-02-10,7호선,건대입구,11048,11388
2022-02-10,7호선,뚝섬유원지,7377,7221
2022-02-10,7호선,청담,18975,20999
2022-02-10,7호선,강남구청,16302,17928
2022-02-10,7호선,학동,24513,25750
2022-02-10,7호선,논현,20065,21737
2022-02-10,7호선,반포,5540,5272
2022-02-10,7호선,고속터미널,14423,12341
2022-02-10,7호선,내방,14365,14642
2022-02-10,7호선,이수,15194,14563
2022-02-10,7호선,남성,10444,9890
2022-02-10,7호선,숭실대입구,10753,11030
2022-02-10,7호선,상도,9989,9767
2022-02-10,7호선,장승배기,8780,8581
2022-02-10,7호선,신대방삼거리,15903,15459
2022-02-10,7호선,보라매,9398,9492
2022-02-10,7호선,신풍,10905,10418
2022-02-10,7호선,대림,7196,7229
2022-02-10,7호선,남구로,15625,16310
2022-02-10,7호선,가산디지털단지,45189,45586
2022-02-10,7호선,철산,19705,20257
2022-02-10,7호선,광명사거리,21215,20866
2022-02-10,7호선,천왕,10952,10511
2022-02-10,7호선,온수,9675,9011
2022-02-10,7호선,부천시청,2,0
2022-02-10,7호선,상동,1,0
2022-02-10,7호선,부평구청,1,0
2022-02-11,7호선,노원,19661,20167
2022-02-11,7호선,장암,2082,807
2022-02-11,7호선,도봉산,8876,9812
2022-02-11,7호선,수락산,12069,11851
2022-02-11,7호선,마들,12377,11699
2022-02-11,7호선,중계,13392,12045
2022-02-11,7호선,하계,16786,15661
2022-02-11,7호선,공릉,11113,10979
2022-02-11,7호선,태릉입구,8121,7838
2022-02-11,7호선,먹골,9901,9710
2022-02-11,7호선,중화,10367,10095
2022-02-11,7호선,상봉,16419,15628
2022-02-11,7호선,면목,14845,14508
2022-02-11,7호선,사가정,15652,15733
2022-02-11,7호선,용마산,5710,5528
2022-02-11,7호선,중곡,10133,9707
2022-02-11,7호선,군자,14788,11777
2022-02-11,7호선,어린이대공원,11703,11528
2022-02-11,7호선,건대입구,11385,11874
2022-02-11,7호선,뚝섬유원지,7335,7116
2022-02-11,7호선,청담,18675,20829
2022-02-11,7호선,강남구청,16377,17946
2022-02-11,7호선,학동,23696,24977
2022-02-11,7호선,논현,20570,21979
2022-02-11,7호선,반포,5713,5329
2022-02-11,7호선,고속터미널,15520,12987
2022-02-11,7호선,내방,14277,14517
2022-02-11,7호선,이수,15776,14946
2022-02-11,7호선,남성,10627,9814
2022-02-11,7호선,숭실대입구,10923,10798
2022-02-11,7호선,상도,10300,9871
2022-02-11,7호선,장승배기,8910,8768
2022-02-11,7호선,신대방삼거리,16130,15348
2022-02-11,7호선,보라매,9296,9268
2022-02-11,7호선,신풍,11188,10688
2022-02-11,7호선,대림,7279,7315
2022-02-11,7호선,남구로,15386,16409
2022-02-11,7호선,가산디지털단지,44501,44232
2022-02-11,7호선,철산,20236,20719
2022-02-11,7호선,광명사거리,21783,21432
2022-02-11,7호선,천왕,11014,10307
2022-02-11,7호선,온수,9684,8972
2022-02-11,7호선,굴포천,1,0
2022-02-12,7호선,장암,1402,998
2022-02-12,7호선,도봉산,5773,7939
2022-02-12,7호선,수락산,9077,8811
2022-02-12,7호선,마들,8191,7782
2022-02-12,7호선,노원,14328,14296
2022-02-12,7호선,중계,8324,7460
2022-02-12,7호선,하계,10952,10321
2022-02-12,7호선,공릉,7943,8046
2022-02-12,7호선,태릉입구,5894,5441
2022-02-12,7호선,먹골,7423,7331
2022-02-12,7호선,중화,7323,7065
2022-02-12,7호선,상봉,12235,11644
2022-02-12,7호선,면목,10312,10116
2022-02-12,7호선,사가정,11165,11000
2022-02-12,7호선,용마산,4223,4311
2022-02-12,7호선,중곡,6520,6148
2022-02-12,7호선,군자,9874,7650
2022-02-12,7호선,어린이대공원,8039,8115
2022-02-12,7호선,건대입구,9591,9777
2022-02-12,7호선,뚝섬유원지,6260,6054
2022-02-12,7호선,청담,10248,10999
2022-02-12,7호선,강남구청,9332,10063
2022-02-12,7호선,학동,10120,10617
2022-02-12,7호선,논현,10503,11286
2022-02-12,7호선,반포,3947,3657
2022-02-12,7호선,고속터미널,12024,9659
2022-02-12,7호선,내방,7238,7150
2022-02-12,7호선,이수,10966,10141
2022-02-12,7호선,남성,6997,6499
2022-02-12,7호선,숭실대입구,7032,7327
2022-02-12,7호선,상도,6633,6210
2022-02-12,7호선,장승배기,5997,5758
2022-02-12,7호선,신대방삼거리,10428,9710
2022-02-12,7호선,보라매,5487,5346
2022-02-12,7호선,신풍,7310,6990
2022-02-12,7호선,대림,6042,6518
2022-02-12,7호선,남구로,7600,7877
2022-02-12,7호선,가산디지털단지,12964,11781
2022-02-12,7호선,철산,13621,13706
2022-02-12,7호선,광명사거리,15308,15525
2022-02-12,7호선,천왕,6205,5989
2022-02-12,7호선,온수,5085,5038
2022-02-12,7호선,상동,2,0
2022-02-12,7호선,굴포천,1,0
2022-02-13,7호선,부평구청,1,0
2022-02-13,7호선,상동,1,0
2022-02-13,7호선,까치울,1,0
2022-02-13,7호선,온수,3410,3367
2022-02-13,7호선,천왕,4289,4177
2022-02-13,7호선,광명사거리,11022,10996
2022-02-13,7호선,철산,9444,9602
2022-02-13,7호선,가산디지털단지,8787,8224
2022-02-13,7호선,남구로,5696,5585
2022-02-13,7호선,대림,5583,5295
2022-02-13,7호선,신풍,5299,4956
2022-02-13,7호선,보라매,3738,3754
2022-02-13,7호선,신대방삼거리,6955,7002
2022-02-13,7호선,장승배기,4063,3969
2022-02-13,7호선,상도,4598,4633
2022-02-13,7호선,숭실대입구,4916,5389
2022-02-13,7호선,남성,4846,4774
2022-02-13,7호선,이수,7429,6792
2022-02-13,7호선,내방,4606,4833
2022-02-13,7호선,고속터미널,9597,6754
2022-02-13,7호선,반포,2523,2480
2022-02-13,7호선,논현,5609,5849
2022-02-13,7호선,학동,5280,5657
2022-02-13,7호선,강남구청,5111,5525
2022-02-13,7호선,청담,6101,6496
2022-02-13,7호선,뚝섬유원지,5035,4764
2022-02-13,7호선,건대입구,6679,6606
2022-02-13,7호선,어린이대공원,8040,8132
2022-02-13,7호선,군자,6998,5421
2022-02-13,7호선,중곡,4764,4656
2022-02-13,7호선,용마산,2890,3230
2022-02-13,7호선,사가정,7998,7773
2022-02-13,7호선,면목,7231,7258
2022-02-13,7호선,상봉,8180,7537
2022-02-13,7호선,중화,5055,4939
2022-02-13,7호선,먹골,4837,4868
2022-02-13,7호선,태릉입구,4462,4035
2022-02-13,7호선,공릉,5532,5676
2022-02-13,7호선,하계,7893,7614
2022-02-13,7호선,중계,5820,5478
2022-02-13,7호선,노원,10000,10100
2022-02-13,7호선,마들,5169,4953
2022-02-13,7호선,수락산,7326,7201
2022-02-13,7호선,도봉산,4618,6907
2022-02-13,7호선,장암,1239,862
2022-02-14,7호선,장암,2201,738
2022-02-14,7호선,도봉산,8422,9558
2022-02-14,7호선,수락산,11599,11464
2022-02-14,7호선,마들,11884,11622
2022-02-14,7호선,노원,18632,18809
2022-02-14,7호선,중계,13128,12235
2022-02-14,7호선,하계,16070,15251
2022-02-14,7호선,공릉,10820,10941
2022-02-14,7호선,태릉입구,7721,7293
2022-02-14,7호선,먹골,9643,9600
2022-02-14,7호선,중화,10238,10260
2022-02-14,7호선,상봉,15731,14484
2022-02-14,7호선,면목,14750,14454
2022-02-14,7호선,사가정,15177,15218
2022-02-14,7호선,용마산,5640,5558
2022-02-14,7호선,중곡,10210,9709
2022-02-14,7호선,군자,14398,11746
2022-02-14,7호선,어린이대공원,11395,10969
2022-02-14,7호선,건대입구,11443,11888
2022-02-14,7호선,뚝섬유원지,6840,6767
2022-02-14,7호선,청담,18356,20542
2022-02-14,7호선,강남구청,15428,17031
2022-02-14,7호선,학동,24073,25171
2022-02-14,7호선,논현,19809,21456
2022-02-14,7호선,반포,5337,5307
2022-02-14,7호선,고속터미널,14702,12045
2022-02-14,7호선,내방,14029,14162
2022-02-14,7호선,이수,14769,14345
2022-02-14,7호선,남성,10387,10038
2022-02-14,7호선,숭실대입구,11108,11471
2022-02-14,7호선,상도,9991,9935
2022-02-14,7호선,장승배기,8719,8660
2022-02-14,7호선,신대방삼거리,15874,15322
2022-02-14,7호선,보라매,9529,9621
2022-02-14,7호선,신풍,10867,10563
2022-02-14,7호선,대림,7709,7603
2022-02-14,7호선,남구로,15942,16757
2022-02-14,7호선,가산디지털단지,45973,45137
2022-02-14,7호선,철산,19586,20119
2022-02-14,7호선,광명사거리,20769,20563
2022-02-14,7호선,천왕,10820,10346
2022-02-14,7호선,온수,9547,8822
2022-02-14,7호선,까치울,1,0
2022-02-14,7호선,상동,3,0
2022-02-14,7호선,굴포천,1,0
2022-02-14,7호선,부평구청,1,0
2022-02-15,7호선,장암,2112,795
2022-02-15,7호선,도봉산,8267,9574
2022-02-15,7호선,수락산,11694,11605
2022-02-15,7호선,마들,11868,11567
2022-02-15,7호선,노원,18623,18862
2022-02-15,7호선,중계,13316,12287
2022-02-15,7호선,하계,16422,15552
2022-02-15,7호선,공릉,10787,10823
2022-02-15,7호선,태릉입구,7778,7452
2022-02-15,7호선,먹골,9570,9477
2022-02-15,7호선,중화,10272,10176
2022-02-15,7호선,상봉,15752,14610
2022-02-15,7호선,면목,14614,14478
2022-02-15,7호선,사가정,15109,15130
2022-02-15,7호선,용마산,5666,5535
2022-02-15,7호선,중곡,10163,9754
2022-02-15,7호선,군자,14510,11700
2022-02-15,7호선,어린이대공원,11357,11267
2022-02-15,7호선,건대입구,10969,11405
2022-02-15,7호선,뚝섬유원지,6896,6777
2022-02-15,7호선,청담,18886,20845
2022-02-15,7호선,강남구청,16076,17456
2022-02-15,7호선,학동,23912,25321
2022-02-15,7호선,논현,19901,21577
2022-02-15,7호선,반포,5278,5062
2022-02-15,7호선,고속터미널,14125,12304
2022-02-15,7호선,내방,14048,14273
2022-02-15,7호선,이수,14869,14256
2022-02-15,7호선,남성,10424,10037
2022-02-15,7호선,숭실대입구,11117,11489
2022-02-15,7호선,상도,9935,9704
2022-02-15,7호선,장승배기,8656,8669
2022-02-15,7호선,신대방삼거리,15932,15304
2022-02-15,7호선,보라매,9460,9488
2022-02-15,7호선,신풍,10867,10422
2022-02-15,7호선,대림,7582,7609
2022-02-15,7호선,남구로,15655,16586
2022-02-15,7호선,가산디지털단지,45454,45182
2022-02-15,7호선,철산,19578,20032
2022-02-15,7호선,광명사거리,20374,20237
2022-02-15,7호선,천왕,10731,10256
2022-02-15,7호선,온수,9486,8808
2022-02-15,7호선,굴포천,1,0
2022-02-16,7호선,장암,2036,720
2022-02-16,7호선,도봉산,8035,9120
2022-02-16,7호선,수락산,11203,11103
2022-02-16,7호선,마들,11886,11527
2022-02-16,7호선,노원,17894,18134
2022-02-16,7호선,중계,12858,11887
2022-02-16,7호선,하계,16274,15614
2022-02-16,7호선,공릉,10427,10585
2022-02-16,7호선,태릉입구,7851,7455
2022-02-16,7호선,먹골,9281,9292
2022-02-16,7호선,중화,10091,10046
2022-02-16,7호선,상봉,15494,14337
2022-02-16,7호선,면목,14114,13966
2022-02-16,7호선,사가정,14510,14653
2022-02-16,7호선,용마산,5568,5425
2022-02-16,7호선,중곡,9931,9624
2022-02-16,7호선,군자,14027,11377
2022-02-16,7호선,어린이대공원,11379,11265
2022-02-16,7호선,건대입구,10957,11324
2022-02-16,7호선,뚝섬유원지,6490,6338
2022-02-16,7호선,청담,18468,20465
2022-02-16,7호선,강남구청,15791,17191
2022-02-16,7호선,학동,23826,24948
2022-02-16,7호선,논현,19244,20764
2022-02-16,7호선,반포,5354,5122
2022-02-16,7호선,고속터미널,13860,11724
2022-02-16,7호선,내방,13882,14243
2022-02-16,7호선,이수,14646,14121
2022-02-16,7호선,남성,10402,9945
2022-02-16,7호선,숭실대입구,10882,11324
2022-02-16,7호선,상도,9683,9590
2022-02-16,7호선,장승배기,8361,8270
2022-02-16,7호선,신대방삼거리,15514,15056
2022-02-16,7호선,보라매,9181,9187
2022-02-16,7호선,신풍,10490,10110
2022-02-16,7호선,대림,6933,6955
2022-02-16,7호선,남구로,15264,16093
2022-02-16,7호선,가산디지털단지,44801,44509
2022-02-16,7호선,철산,18877,19485
2022-02-16,7호선,광명사거리,19910,19645
2022-02-16,7호선,천왕,10570,10087
2022-02-16,7호선,온수,9371,8654
2022-02-16,7호선,부천종합운동장,1,0
2022-02-16,7호선,춘의,4,0
2022-02-16,7호선,부천시청,1,0
2022-02-16,7호선,상동,2,0
2022-02-17,7호선,상동,1,0
2022-02-17,7호선,부천시청,1,0
2022-02-17,7호선,신중동,1,0
2022-02-17,7호선,춘의,1,0
2022-02-17,7호선,까치울,1,0
2022-02-17,7호선,온수,9193,8520
2022-02-17,7호선,천왕,10374,9828
2022-02-17,7호선,광명사거리,19668,19506
2022-02-17,7호선,철산,18726,19051
2022-02-17,7호선,가산디지털단지,43901,43706
2022-02-17,7호선,남구로,15079,15903
2022-02-17,7호선,대림,6798,6775
2022-02-17,7호선,신풍,10505,10156
2022-02-17,7호선,보라매,9251,9247
2022-02-17,7호선,신대방삼거리,15312,14713
2022-02-17,7호선,장승배기,8228,8173
2022-02-17,7호선,상도,9715,9618
2022-02-17,7호선,숭실대입구,10873,11001
2022-02-17,7호선,남성,10122,9630
2022-02-17,7호선,이수,14301,13813
2022-02-17,7호선,내방,13753,14199
2022-02-17,7호선,고속터미널,13988,11786
2022-02-17,7호선,반포,5416,5219
2022-02-17,7호선,논현,18999,20567
2022-02-17,7호선,학동,23535,24775
2022-02-17,7호선,강남구청,15609,17181
2022-02-17,7호선,청담,18311,20585
2022-02-17,7호선,뚝섬유원지,6584,6513
2022-02-17,7호선,건대입구,10818,11218
2022-02-17,7호선,어린이대공원,11086,11081
2022-02-17,7호선,군자,13816,11276
2022-02-17,7호선,중곡,9868,9483
2022-02-17,7호선,용마산,5508,5243
2022-02-17,7호선,사가정,14521,14583
2022-02-17,7호선,면목,13989,13788
2022-02-17,7호선,상봉,15362,14440
2022-02-17,7호선,중화,9983,9929
2022-02-17,7호선,먹골,9314,9167
2022-02-17,7호선,태릉입구,7898,7327
2022-02-17,7호선,공릉,11213,11242
2022-02-17,7호선,하계,15956,15123
2022-02-17,7호선,중계,12779,11682
2022-02-17,7호선,노원,17995,18593
2022-02-17,7호선,마들,11654,11337
2022-02-17,7호선,수락산,11364,11077
2022-02-17,7호선,도봉산,7931,9124
2022-02-17,7호선,장암,2091,747
2022-02-18,7호선,부평구청,1,0
2022-02-18,7호선,삼산체육관,1,0
2022-02-18,7호선,상동,2,0
2022-02-18,7호선,신중동,1,0
2022-02-18,7호선,춘의,1,0
2022-02-18,7호선,까치울,1,0
2022-02-18,7호선,온수,9413,8718
2022-02-18,7호선,천왕,10373,9986
2022-02-18,7호선,광명사거리,20889,20565
2022-02-18,7호선,철산,19721,20228
2022-02-18,7호선,가산디지털단지,42660,42256
2022-02-18,7호선,남구로,14921,15665
2022-02-18,7호선,대림,6982,7103
2022-02-18,7호선,신풍,10906,10447
2022-02-18,7호선,보라매,9364,9155
2022-02-18,7호선,신대방삼거리,15762,14907
2022-02-18,7호선,장승배기,8617,8631
2022-02-18,7호선,상도,10147,9733
2022-02-18,7호선,숭실대입구,11432,11687
2022-02-18,7호선,남성,10378,9699
2022-02-18,7호선,이수,15143,14384
2022-02-18,7호선,내방,13600,13798
2022-02-18,7호선,고속터미널,15495,12599
2022-02-18,7호선,반포,5537,5226
2022-02-18,7호선,논현,19546,21095
2022-02-18,7호선,학동,22705,24187
2022-02-18,7호선,강남구청,15653,17139
2022-02-18,7호선,청담,18124,20321
2022-02-18,7호선,뚝섬유원지,6910,6759
2022-02-18,7호선,건대입구,11186,11617
2022-02-18,7호선,어린이대공원,12645,13002
2022-02-18,7호선,군자,14284,11398
2022-02-18,7호선,중곡,10077,9548
2022-02-18,7호선,용마산,5652,5374
2022-02-18,7호선,사가정,15200,15259
2022-02-18,7호선,면목,14493,14327
2022-02-18,7호선,상봉,15820,15070
2022-02-18,7호선,중화,10285,10048
2022-02-18,7호선,먹골,9620,9599
2022-02-18,7호선,태릉입구,8127,7870
2022-02-18,7호선,공릉,11727,11428
2022-02-18,7호선,하계,16066,15144
2022-02-18,7호선,중계,13098,11839
2022-02-18,7호선,노원,18990,19602
2022-02-18,7호선,마들,12068,11565
2022-02-18,7호선,수락산,11651,11307
2022-02-18,7호선,도봉산,8260,9518
2022-02-18,7호선,장암,1957,836
2022-02-19,7호선,장암,1325,877
2022-02-19,7호선,도봉산,5468,7914
2022-02-19,7호선,수락산,8836,8690
2022-02-19,7호선,마들,7742,7457
2022-02-19,7호선,노원,14261,14250
2022-02-19,7호선,중계,8125,7282
2022-02-19,7호선,하계,10783,10342
2022-02-19,7호선,공릉,7940,7957
2022-02-19,7호선,태릉입구,5738,5373
2022-02-19,7호선,먹골,7324,7176
2022-02-19,7호선,중화,6894,6753
2022-02-19,7호선,면목,10169,9868
2022-02-19,7호선,상동,2,0
2022-02-19,7호선,신중동,1,0
2022-02-19,7호선,춘의,1,0
2022-02-19,7호선,온수,4975,4798
2022-02-19,7호선,천왕,6019,5801
2022-02-19,7호선,광명사거리,14988,15070
2022-02-19,7호선,철산,12957,13190
2022-02-19,7호선,가산디지털단지,12962,11635
2022-02-19,7호선,남구로,7606,8003
2022-02-19,7호선,대림,5922,6187
2022-02-19,7호선,신풍,7124,6874
2022-02-19,7호선,보라매,5267,5081
2022-02-19,7호선,신대방삼거리,10421,9950
2022-02-19,7호선,장승배기,5874,5677
2022-02-19,7호선,상도,6600,6170
2022-02-19,7호선,숭실대입구,7092,7137
2022-02-19,7호선,남성,6883,6495
2022-02-19,7호선,이수,10858,10035
2022-02-19,7호선,내방,6941,6924
2022-02-19,7호선,고속터미널,12008,9188
2022-02-19,7호선,반포,3900,3722
2022-02-19,7호선,논현,10221,11223
2022-02-19,7호선,학동,9844,10350
2022-02-19,7호선,강남구청,9133,10057
2022-02-19,7호선,청담,10299,11098
2022-02-19,7호선,뚝섬유원지,5098,5005
2022-02-19,7호선,건대입구,9395,9556
2022-02-19,7호선,어린이대공원,8983,8680
2022-02-19,7호선,군자,9562,7436
2022-02-19,7호선,중곡,6249,6167
2022-02-19,7호선,용마산,4173,4390
2022-02-19,7호선,사가정,11073,10835
2022-02-19,7호선,상봉,12125,11387
2022-02-20,7호선,장암,983,608
2022-02-20,7호선,도봉산,4067,5826
2022-02-20,7호선,수락산,6517,6358
2022-02-20,7호선,마들,4956,4691
2022-02-20,7호선,노원,9502,9191
2022-02-20,7호선,중계,5457,5137
2022-02-20,7호선,하계,7512,7066
2022-02-20,7호선,공릉,5604,5858
2022-02-20,7호선,태릉입구,4043,3869
2022-02-20,7호선,먹골,4771,4741
2022-02-20,7호선,중화,4677,4579
2022-02-20,7호선,상봉,8096,7620
2022-02-20,7호선,면목,6787,6736
2022-02-20,7호선,사가정,7397,7330
2022-02-20,7호선,용마산,2591,2996
2022-02-20,7호선,중곡,4616,4461
2022-02-20,7호선,군자,6544,5260
2022-02-20,7호선,어린이대공원,6041,6042
2022-02-20,7호선,건대입구,6739,6899
2022-02-20,7호선,뚝섬유원지,3653,3614
2022-02-20,7호선,청담,5865,6387
2022-02-20,7호선,강남구청,5496,5953
2022-02-20,7호선,학동,5323,5798
2022-02-20,7호선,논현,5071,5555
2022-02-20,7호선,반포,2409,2419
2022-02-20,7호선,고속터미널,9251,6244
2022-02-20,7호선,이수,7360,6837
2022-02-20,7호선,남성,4515,4504
2022-02-20,7호선,숭실대입구,4637,5056
2022-02-20,7호선,상도,4388,4416
2022-02-20,7호선,장승배기,3843,3811
2022-02-20,7호선,신대방삼거리,6756,6694
2022-02-20,7호선,보라매,3608,3487
2022-02-20,7호선,신풍,4988,4746
2022-02-20,7호선,대림,5133,4898
2022-02-20,7호선,남구로,5401,5291
2022-02-20,7호선,가산디지털단지,8379,7769
2022-02-20,7호선,철산,8824,8776
2022-02-20,7호선,광명사거리,10170,10112
2022-02-20,7호선,천왕,4088,4009
2022-02-20,7호선,온수,3284,3290
2022-02-20,7호선,신중동,1,0
2022-02-20,7호선,부평구청,1,0
2022-02-20,7호선,내방,4468,4637
2022-02-21,7호선,장암,2055,739
2022-02-21,7호선,도봉산,8018,9208
2022-02-21,7호선,수락산,11248,11183
2022-02-21,7호선,마들,11544,11269
2022-02-21,7호선,노원,17966,18474
2022-02-21,7호선,중계,12679,11695
2022-02-21,7호선,하계,15634,14731
2022-02-21,7호선,공릉,11374,11268
2022-02-21,7호선,태릉입구,7469,7103
2022-02-21,7호선,먹골,9362,9212
2022-02-21,7호선,중화,9951,9847
2022-02-21,7호선,상봉,15337,14242
2022-02-21,7호선,면목,13952,13860
2022-02-21,7호선,사가정,14708,14899
2022-02-21,7호선,용마산,5493,5341
2022-02-21,7호선,중곡,10073,9593
2022-02-21,7호선,군자,13657,11129
2022-02-21,7호선,어린이대공원,11157,11269
2022-02-21,7호선,건대입구,10742,11104
2022-02-21,7호선,뚝섬유원지,6350,6223
2022-02-21,7호선,청담,17869,19801
2022-02-21,7호선,강남구청,15037,16511
2022-02-21,7호선,학동,22936,24026
2022-02-21,7호선,논현,19316,21048
2022-02-21,7호선,반포,5163,5013
2022-02-21,7호선,고속터미널,14185,11657
2022-02-21,7호선,내방,13392,13653
2022-02-21,7호선,이수,14052,13676
2022-02-21,7호선,남성,10102,9578
2022-02-21,7호선,숭실대입구,10393,10805
2022-02-21,7호선,상도,9464,9362
2022-02-21,7호선,장승배기,8493,8308
2022-02-21,7호선,신대방삼거리,15083,14833
2022-02-21,7호선,보라매,8859,8759
2022-02-21,7호선,신풍,10522,10150
2022-02-21,7호선,대림,7108,7127
2022-02-21,7호선,남구로,15346,15978
2022-02-21,7호선,가산디지털단지,44242,44035
2022-02-21,7호선,철산,18866,19219
2022-02-21,7호선,광명사거리,20093,19861
2022-02-21,7호선,천왕,10446,9998
2022-02-21,7호선,온수,9283,8606
2022-02-21,7호선,춘의,1,0
2022-02-21,7호선,삼산체육관,1,0
2022-02-22,7호선,청담,18312,20446
2022-02-22,7호선,뚝섬유원지,6430,6385
2022-02-22,7호선,건대입구,11268,11555
2022-02-22,7호선,어린이대공원,11518,11470
2022-02-22,7호선,군자,13839,11423
2022-02-22,7호선,중곡,10279,9720
2022-02-22,7호선,용마산,5543,5438
2022-02-22,7호선,사가정,14587,14735
2022-02-22,7호선,면목,14257,13936
2022-02-22,7호선,상봉,15648,14541
2022-02-22,7호선,중화,10049,10021
2022-02-22,7호선,먹골,9371,9424
2022-02-22,7호선,공릉,11485,11376
2022-02-22,7호선,하계,15808,15132
2022-02-22,7호선,중계,12782,11715
2022-02-22,7호선,노원,18262,18571
2022-02-22,7호선,마들,11773,11532
2022-02-22,7호선,수락산,11322,11063
2022-02-22,7호선,도봉산,8012,9230
2022-02-22,7호선,장암,2008,750
2022-02-22,7호선,태릉입구,7691,7171
2022-02-22,7호선,부평구청,1,0
2022-02-22,7호선,온수,9253,8645
2022-02-22,7호선,천왕,10472,9937
2022-02-22,7호선,광명사거리,20190,20047
2022-02-22,7호선,철산,18727,19245
2022-02-22,7호선,가산디지털단지,44263,44012
2022-02-22,7호선,남구로,15221,15899
2022-02-22,7호선,대림,7167,7097
2022-02-22,7호선,신풍,10633,10286
2022-02-22,7호선,보라매,9032,9054
2022-02-22,7호선,신대방삼거리,15418,14934
2022-02-22,7호선,장승배기,8459,8466
2022-02-22,7호선,상도,9699,9532
2022-02-22,7호선,숭실대입구,10556,10935
2022-02-22,7호선,남성,10347,9796
2022-02-22,7호선,이수,14402,13971
2022-02-22,7호선,내방,13747,13950
2022-02-22,7호선,고속터미널,13668,11529
2022-02-22,7호선,반포,5353,5022
2022-02-22,7호선,논현,19495,20968
2022-02-22,7호선,학동,23347,24583
2022-02-22,7호선,강남구청,15503,16986
2022-02-23,7호선,부평구청,1,0
2022-02-23,7호선,굴포천,1,0
2022-02-23,7호선,삼산체육관,1,0
2022-02-23,7호선,상동,1,0
2022-02-23,7호선,부천시청,2,0
2022-02-23,7호선,신중동,1,0
2022-02-23,7호선,춘의,2,0
2022-02-23,7호선,까치울,1,0
2022-02-23,7호선,온수,9226,8645
2022-02-23,7호선,천왕,10253,9749
2022-02-23,7호선,광명사거리,19886,19802
2022-02-23,7호선,철산,18780,19083
2022-02-23,7호선,가산디지털단지,43450,43290
2022-02-23,7호선,남구로,14950,15903
2022-02-23,7호선,대림,6978,6935
2022-02-23,7호선,신풍,10477,10097
2022-02-23,7호선,보라매,8794,8671
2022-02-23,7호선,신대방삼거리,15170,14748
2022-02-23,7호선,장승배기,8340,8247
2022-02-23,7호선,상도,9684,9491
2022-02-23,7호선,숭실대입구,10536,10877
2022-02-23,7호선,남성,10182,9590
2022-02-23,7호선,이수,14334,13810
2022-02-23,7호선,내방,13627,13925
2022-02-23,7호선,고속터미널,13379,11304
2022-02-23,7호선,반포,5167,4996
2022-02-23,7호선,논현,19023,20694
2022-02-23,7호선,학동,23232,24491
2022-02-23,7호선,강남구청,15529,16886
2022-02-23,7호선,청담,17873,19991
2022-02-23,7호선,뚝섬유원지,6397,6315
2022-02-23,7호선,건대입구,10898,11221
2022-02-23,7호선,어린이대공원,11309,11237
2022-02-23,7호선,군자,13864,11209
2022-02-23,7호선,중곡,10204,9744
2022-02-23,7호선,용마산,5548,5395
2022-02-23,7호선,사가정,14600,14596
2022-02-23,7호선,면목,14018,14042
2022-02-23,7호선,상봉,15240,14272
2022-02-23,7호선,중화,9964,9794
2022-02-23,7호선,먹골,9273,9243
2022-02-23,7호선,태릉입구,7623,7127
2022-02-23,7호선,공릉,11453,11425
2022-02-23,7호선,하계,16337,15440
2022-02-23,7호선,중계,12543,11507
2022-02-23,7호선,노원,17744,18217
2022-02-23,7호선,마들,11653,11388
2022-02-23,7호선,수락산,11351,11145
2022-02-23,7호선,도봉산,7853,9031
2022-02-23,7호선,장암,2024,727
2022-02-24,7호선,장암,2016,758
2022-02-24,7호선,도봉산,8055,9390
2022-02-24,7호선,수락산,11296,11215
2022-02-24,7호선,마들,11765,11312
2022-02-24,7호선,노원,17807,18232
2022-02-24,7호선,중계,12654,11525
2022-02-24,7호선,하계,15944,15015
2022-02-24,7호선,공릉,11641,11436
2022-02-24,7호선,태릉입구,7755,7292
2022-02-24,7호선,먹골,9329,9213
2022-02-24,7호선,중화,9963,9790
2022-02-24,7호선,상봉,15529,14587
2022-02-24,7호선,면목,14021,13785
2022-02-24,7호선,사가정,14631,14886
2022-02-24,7호선,용마산,5575,5471
2022-02-24,7호선,중곡,9912,9415
2022-02-24,7호선,군자,13917,11146
2022-02-24,7호선,어린이대공원,11312,11230
2022-02-24,7호선,건대입구,10766,11067
2022-02-24,7호선,뚝섬유원지,6665,6497
2022-02-24,7호선,청담,18241,20419
2022-02-24,7호선,강남구청,15513,16876
2022-02-24,7호선,학동,22973,24208
2022-02-24,7호선,논현,18911,20453
2022-02-24,7호선,반포,5384,5119
2022-02-24,7호선,고속터미널,13729,11804
2022-02-24,7호선,내방,13623,13897
2022-02-24,7호선,이수,14355,13970
2022-02-24,7호선,남성,10036,9480
2022-02-24,7호선,숭실대입구,10373,10699
2022-02-24,7호선,상도,9746,9494
2022-02-24,7호선,장승배기,8453,8348
2022-02-24,7호선,신대방삼거리,15477,14751
2022-02-24,7호선,보라매,8992,9003
2022-02-24,7호선,신풍,10553,10058
2022-02-24,7호선,대림,6905,6894
2022-02-24,7호선,남구로,14839,15722
2022-02-24,7호선,가산디지털단지,42963,43060
2022-02-24,7호선,철산,18606,19003
2022-02-24,7호선,광명사거리,20153,19965
2022-02-24,7호선,천왕,10289,9899
2022-02-24,7호선,온수,9106,8448
2022-02-24,7호선,까치울,1,0
2022-02-24,7호선,신중동,1,0
2022-02-24,7호선,부천시청,2,0
2022-02-25,7호선,장암,2039,784
2022-02-25,7호선,도봉산,8176,9477
2022-02-25,7호선,수락산,11703,11516
2022-02-25,7호선,마들,11983,11371
2022-02-25,7호선,노원,18987,19953
2022-02-25,7호선,중계,12902,11350
2022-02-25,7호선,하계,16023,14935
2022-02-25,7호선,공릉,11858,11552
2022-02-25,7호선,태릉입구,7938,7402
2022-02-25,7호선,먹골,9713,9507
2022-02-25,7호선,중화,10268,10019
2022-02-25,7호선,상봉,15918,15236
2022-02-25,7호선,면목,14442,14071
2022-02-25,7호선,사가정,15316,15236
2022-02-25,7호선,용마산,5658,5481
2022-02-25,7호선,중곡,9799,9340
2022-02-25,7호선,군자,14215,11406
2022-02-25,7호선,어린이대공원,11970,11796
2022-02-25,7호선,건대입구,11169,11481
2022-02-25,7호선,뚝섬유원지,7047,6809
2022-02-25,7호선,청담,18050,20347
2022-02-25,7호선,강남구청,15610,17106
2022-02-25,7호선,학동,22265,23685
2022-02-25,7호선,논현,19537,21240
2022-02-25,7호선,반포,5487,5285
2022-02-25,7호선,고속터미널,15363,12616
2022-02-25,7호선,내방,13604,13924
2022-02-25,7호선,이수,14815,14382
2022-02-25,7호선,남성,10412,9617
2022-02-25,7호선,숭실대입구,11046,11084
2022-02-25,7호선,상도,10206,9747
2022-02-25,7호선,장승배기,8838,8635
2022-02-25,7호선,신대방삼거리,15791,14991
2022-02-25,7호선,보라매,8944,8926
2022-02-25,7호선,신풍,10732,10172
2022-02-25,7호선,대림,7001,7151
2022-02-25,7호선,남구로,14992,15625
2022-02-25,7호선,가산디지털단지,42415,41901
2022-02-25,7호선,철산,19437,19827
2022-02-25,7호선,광명사거리,21130,21011
2022-02-25,7호선,천왕,10458,9879
2022-02-25,7호선,온수,9245,8666
2022-02-25,7호선,신중동,1,0
2022-02-25,7호선,굴포천,1,0
2022-02-26,7호선,천왕,5675,5557
2022-02-26,7호선,굴포천,1,0
2022-02-26,7호선,상동,1,0
2022-02-26,7호선,온수,4881,4796
2022-02-26,7호선,광명사거리,14409,14527
2022-02-26,7호선,철산,12481,12691
2022-02-26,7호선,가산디지털단지,12214,11223
2022-02-26,7호선,남구로,7233,7582
2022-02-26,7호선,대림,5904,6284
2022-02-26,7호선,신풍,6954,6653
2022-02-26,7호선,보라매,5506,5274
2022-02-26,7호선,신대방삼거리,10079,9513
2022-02-26,7호선,장승배기,5810,5541
2022-02-26,7호선,상도,6354,5998
2022-02-26,7호선,숭실대입구,7016,7086
2022-02-26,7호선,남성,6521,6175
2022-02-26,7호선,이수,10457,9562
2022-02-26,7호선,내방,6816,6817
2022-02-26,7호선,고속터미널,11692,8780
2022-02-26,7호선,반포,3815,3600
2022-02-26,7호선,논현,9615,10407
2022-02-26,7호선,학동,9651,10136
2022-02-26,7호선,강남구청,8757,9644
2022-02-26,7호선,청담,9774,10818
2022-02-26,7호선,뚝섬유원지,4695,4580
2022-02-26,7호선,건대입구,8977,9066
2022-02-26,7호선,어린이대공원,8133,7946
2022-02-26,7호선,군자,9427,7272
2022-02-26,7호선,중곡,6188,5974
2022-02-26,7호선,용마산,3634,3801
2022-02-26,7호선,사가정,10556,10509
2022-02-26,7호선,면목,9694,9482
2022-02-26,7호선,상봉,11312,10818
2022-02-26,7호선,중화,6587,6360
2022-02-26,7호선,먹골,6999,6927
2022-02-26,7호선,태릉입구,5522,5135
2022-02-26,7호선,공릉,7695,7558
2022-02-26,7호선,하계,10341,9658
2022-02-26,7호선,중계,7695,7104
2022-02-26,7호선,노원,13977,13630
2022-02-26,7호선,마들,7738,7559
2022-02-26,7호선,수락산,8288,8002
2022-02-26,7호선,도봉산,5061,6924
2022-02-26,7호선,장암,1135,761
2022-02-27,7호선,상동,1,0
2022-02-27,7호선,까치울,1,0
2022-02-27,7호선,온수,3373,3363
2022-02-27,7호선,천왕,4396,4214
2022-02-27,7호선,광명사거리,10893,10663
2022-02-27,7호선,철산,8996,8920
2022-02-27,7호선,가산디지털단지,8889,8042
2022-02-27,7호선,남구로,5497,5404
2022-02-27,7호선,대림,5391,5194
2022-02-27,7호선,신풍,5069,4788
2022-02-27,7호선,보라매,3772,3629
2022-02-27,7호선,신대방삼거리,7078,6924
2022-02-27,7호선,장승배기,3976,3858
2022-02-27,7호선,상도,4792,4845
2022-02-27,7호선,숭실대입구,5048,5339
2022-02-27,7호선,남성,4716,4793
2022-02-27,7호선,이수,7037,6578
2022-02-27,7호선,내방,4472,4638
2022-02-27,7호선,고속터미널,9249,6512
2022-02-27,7호선,반포,2353,2369
2022-02-27,7호선,논현,5354,5774
2022-02-27,7호선,학동,5459,5680
2022-02-27,7호선,강남구청,5031,5404
2022-02-27,7호선,청담,6192,6505
2022-02-27,7호선,뚝섬유원지,5403,5136
2022-02-27,7호선,건대입구,6700,6601
2022-02-27,7호선,어린이대공원,6583,6606
2022-02-27,7호선,군자,6544,5305
2022-02-27,7호선,중곡,4659,4554
2022-02-27,7호선,용마산,3062,3320
2022-02-27,7호선,사가정,7858,7678
2022-02-27,7호선,면목,7101,6911
2022-02-27,7호선,상봉,8074,7491
2022-02-27,7호선,중화,4989,4961
2022-02-27,7호선,먹골,4824,4695
2022-02-27,7호선,태릉입구,4197,3986
2022-02-27,7호선,공릉,5805,6029
2022-02-27,7호선,하계,8023,7548
2022-02-27,7호선,중계,5669,5309
2022-02-27,7호선,노원,10210,9973
2022-02-27,7호선,마들,5317,5037
2022-02-27,7호선,수락산,7320,7152
2022-02-27,7호선,도봉산,4528,6756
2022-02-27,7호선,장암,1216,838
2022-02-28,7호선,천왕,9825,9282
2022-02-28,7호선,장암,1901,709
2022-02-28,7호선,도봉산,7790,8757
2022-02-28,7호선,수락산,11300,10987
2022-02-28,7호선,마들,11306,10619
2022-02-28,7호선,노원,18383,19174
2022-02-28,7호선,중계,12074,10778
2022-02-28,7호선,하계,14920,13897
2022-02-28,7호선,공릉,11077,11069
2022-02-28,7호선,태릉입구,7354,7071
2022-02-28,7호선,먹골,9137,9026
2022-02-28,7호선,중화,9622,9400
2022-02-28,7호선,상봉,15035,14175
2022-02-28,7호선,면목,13822,13330
2022-02-28,7호선,사가정,14275,14389
2022-02-28,7호선,용마산,5326,5201
2022-02-28,7호선,중곡,9402,9094
2022-02-28,7호선,군자,13192,10767
2022-02-28,7호선,어린이대공원,10892,10995
2022-02-28,7호선,건대입구,10958,11650
2022-02-28,7호선,뚝섬유원지,7348,6940
2022-02-28,7호선,청담,15971,17822
2022-02-28,7호선,강남구청,13462,14726
2022-02-28,7호선,학동,19696,20925
2022-02-28,7호선,논현,17617,19110
2022-02-28,7호선,반포,5048,4907
2022-02-28,7호선,고속터미널,13962,11511
2022-02-28,7호선,내방,12421,12716
2022-02-28,7호선,이수,13940,13633
2022-02-28,7호선,남성,9755,9122
2022-02-28,7호선,숭실대입구,10390,10676
2022-02-28,7호선,상도,9572,9305
2022-02-28,7호선,장승배기,8300,8162
2022-02-28,7호선,신대방삼거리,14781,14152
2022-02-28,7호선,보라매,8334,8139
2022-02-28,7호선,신풍,10195,9590
2022-02-28,7호선,대림,7270,7379
2022-02-28,7호선,남구로,13618,14325
2022-02-28,7호선,가산디지털단지,37320,37388
2022-02-28,7호선,철산,18279,18650
2022-02-28,7호선,광명사거리,20041,19623
2022-02-28,7호선,온수,8627,7851
2022-02-28,7호선,까치울,1,0
2022-03-01,7호선,온수,3607,3542
2022-03-01,7호선,천왕,4510,4380
2022-03-01,7호선,광명사거리,11303,11297
2022-03-01,7호선,철산,9125,9196
2022-03-01,7호선,가산디지털단지,10716,9956
2022-03-01,7호선,남구로,5940,5982
2022-03-01,7호선,대림,5081,5114
2022-03-01,7호선,신풍,5334,5102
2022-03-01,7호선,보라매,3767,3763
2022-03-01,7호선,신대방삼거리,7374,7280
2022-03-01,7호선,장승배기,4426,4341
2022-03-01,7호선,상도,5141,5035
2022-03-01,7호선,숭실대입구,5491,5679
2022-03-01,7호선,남성,5262,5159
2022-03-01,7호선,내방,4989,5077
2022-03-01,7호선,고속터미널,8026,5894
2022-03-01,7호선,반포,2878,2798
2022-03-01,7호선,논현,6183,6638
2022-03-01,7호선,학동,5812,6119
2022-03-01,7호선,강남구청,5341,5876
2022-03-01,7호선,청담,6171,6524
2022-03-01,7호선,뚝섬유원지,4941,4443
2022-03-01,7호선,건대입구,7435,7438
2022-03-01,7호선,어린이대공원,6632,6618
2022-03-01,7호선,군자,7344,5842
2022-03-01,7호선,중곡,4927,4790
2022-03-01,7호선,용마산,3030,3194
2022-03-01,7호선,사가정,8209,8326
2022-03-01,7호선,면목,7794,7684
2022-03-01,7호선,상봉,8658,8270
2022-03-01,7호선,중화,5254,5168
2022-03-01,7호선,먹골,5081,4995
2022-03-01,7호선,태릉입구,4352,4009
2022-03-01,7호선,공릉,5992,6117
2022-03-01,7호선,하계,7971,7670
2022-03-01,7호선,중계,6014,5532
2022-03-01,7호선,노원,10398,10384
2022-03-01,7호선,마들,5711,5534
2022-03-01,7호선,수락산,6564,6491
2022-03-01,7호선,도봉산,4019,5482
2022-03-01,7호선,장암,937,602
2022-03-01,7호선,이수,7646,7158
2022-03-02,7호선,장암,2014,765
2022-03-02,7호선,도봉산,8836,10340
2022-03-02,7호선,수락산,11771,11558
2022-03-02,7호선,마들,12099,11740
2022-03-02,7호선,노원,18872,19409
2022-03-02,7호선,중계,13477,12523
2022-03-02,7호선,하계,17044,16375
2022-03-02,7호선,공릉,12136,12068
2022-03-02,7호선,태릉입구,7954,7690
2022-03-02,7호선,먹골,9774,9635
2022-03-02,7호선,중화,10368,10251
2022-03-02,7호선,상봉,15455,14567
2022-03-02,7호선,면목,15587,15233
2022-03-02,7호선,사가정,15195,15450
2022-03-02,7호선,용마산,5761,5647
2022-03-02,7호선,중곡,10538,9967
2022-03-02,7호선,군자,14120,11570
2022-03-02,7호선,어린이대공원,13799,13911
2022-03-02,7호선,건대입구,11605,12115
2022-03-02,7호선,뚝섬유원지,7188,7010
2022-03-02,7호선,청담,18446,20093
2022-03-02,7호선,강남구청,15540,16936
2022-03-02,7호선,학동,23398,24755
2022-03-02,7호선,논현,18927,20358
2022-03-02,7호선,반포,5452,5326
2022-03-02,7호선,고속터미널,13297,11386
2022-03-02,7호선,내방,13873,14151
2022-03-02,7호선,이수,14614,13979
2022-03-02,7호선,남성,10328,9831
2022-03-02,7호선,숭실대입구,14326,14816
2022-03-02,7호선,상도,10928,10848
2022-03-02,7호선,장승배기,8766,8659
2022-03-02,7호선,신대방삼거리,15960,15491
2022-03-02,7호선,보라매,9401,9360
2022-03-02,7호선,신풍,10959,10508
2022-03-02,7호선,대림,7329,7344
2022-03-02,7호선,남구로,15259,15872
2022-03-02,7호선,가산디지털단지,43458,43317
2022-03-02,7호선,철산,19409,19763
2022-03-02,7호선,광명사거리,20789,20670
2022-03-02,7호선,천왕,10832,10535
2022-03-02,7호선,온수,9988,9244
2022-03-02,7호선,까치울,1,0
2022-03-02,7호선,춘의,1,0
2022-03-02,7호선,신중동,1,0
2022-03-02,7호선,부천시청,1,0
2022-03-02,7호선,굴포천,1,0
2022-03-03,7호선,부천시청,1,0
2022-03-03,7호선,까치울,1,0
2022-03-03,7호선,온수,10059,9202
2022-03-03,7호선,천왕,10737,10233
2022-03-03,7호선,광명사거리,20912,20686
2022-03-03,7호선,철산,19278,19694
2022-03-03,7호선,가산디지털단지,43370,43263
2022-03-03,7호선,남구로,15074,15821
2022-03-03,7호선,대림,6999,7038
2022-03-03,7호선,신풍,10784,10457
2022-03-03,7호선,보라매,9474,9445
2022-03-03,7호선,신대방삼거리,15942,15373
2022-03-03,7호선,장승배기,8619,8441
2022-03-03,7호선,상도,10733,10667
2022-03-03,7호선,숭실대입구,14544,14761
2022-03-03,7호선,남성,10378,9819
2022-03-03,7호선,이수,14310,13738
2022-03-03,7호선,내방,13766,14153
2022-03-03,7호선,고속터미널,13607,11807
2022-03-03,7호선,반포,5459,5257
2022-03-03,7호선,논현,18996,20632
2022-03-03,7호선,학동,23139,24382
2022-03-03,7호선,강남구청,15435,16763
2022-03-03,7호선,청담,18370,20481
2022-03-03,7호선,뚝섬유원지,7415,7278
2022-03-03,7호선,건대입구,11712,12077
2022-03-03,7호선,어린이대공원,13382,13588
2022-03-03,7호선,군자,14075,11272
2022-03-03,7호선,중곡,10568,9947
2022-03-03,7호선,용마산,5749,5635
2022-03-03,7호선,사가정,15433,15561
2022-03-03,7호선,면목,15732,15396
2022-03-03,7호선,상봉,15472,14625
2022-03-03,7호선,중화,10286,10225
2022-03-03,7호선,먹골,9559,9366
2022-03-03,7호선,태릉입구,7970,7553
2022-03-03,7호선,공릉,12190,11925
2022-03-03,7호선,하계,16863,15933
2022-03-03,7호선,중계,13662,12533
2022-03-03,7호선,노원,17823,18720
2022-03-03,7호선,마들,12164,11769
2022-03-03,7호선,수락산,11787,11612
2022-03-03,7호선,도봉산,8892,10511
2022-03-03,7호선,장암,2077,815
2022-03-04,7호선,상동,1,0
2022-03-04,7호선,부천시청,2,0
2022-03-04,7호선,춘의,1,0
2022-03-04,7호선,온수,10071,9183
2022-03-04,7호선,천왕,10583,10160
2022-03-04,7호선,광명사거리,21037,20757
2022-03-04,7호선,철산,19585,20133
2022-03-04,7호선,가산디지털단지,42554,42136
2022-03-04,7호선,남구로,14746,15550
2022-03-04,7호선,대림,7214,7460
2022-03-04,7호선,신풍,10726,10369
2022-03-04,7호선,보라매,9538,9325
2022-03-04,7호선,신대방삼거리,15984,15295
2022-03-04,7호선,장승배기,8869,8678
2022-03-04,7호선,상도,10720,10388
2022-03-04,7호선,숭실대입구,13766,13693
2022-03-04,7호선,남성,10449,9718
2022-03-04,7호선,이수,14835,14179
2022-03-04,7호선,내방,13824,14248
2022-03-04,7호선,고속터미널,15115,12392
2022-03-04,7호선,반포,5613,5360
2022-03-04,7호선,논현,19122,20796
2022-03-04,7호선,학동,22831,24194
2022-03-04,7호선,강남구청,15367,16904
2022-03-04,7호선,청담,18013,20249
2022-03-04,7호선,뚝섬유원지,7095,6871
2022-03-04,7호선,건대입구,11745,12100
2022-03-04,7호선,어린이대공원,13228,13198
2022-03-04,7호선,군자,14197,11362
2022-03-04,7호선,중곡,10583,9855
2022-03-04,7호선,용마산,5724,5513
2022-03-04,7호선,사가정,15430,15391
2022-03-04,7호선,면목,15584,15329
2022-03-04,7호선,상봉,15763,14815
2022-03-04,7호선,중화,10422,10295
2022-03-04,7호선,먹골,9601,9350
2022-03-04,7호선,태릉입구,8047,7508
2022-03-04,7호선,공릉,12295,11976
2022-03-04,7호선,하계,16578,15558
2022-03-04,7호선,중계,13393,12369
2022-03-04,7호선,노원,18566,19260
2022-03-04,7호선,마들,12053,11524
2022-03-04,7호선,수락산,11647,11411
2022-03-04,7호선,도봉산,8399,9807
2022-03-04,7호선,장암,1976,729
2022-03-05,7호선,철산,12581,12742
2022-03-05,7호선,광명사거리,14777,14814
2022-03-05,7호선,천왕,5822,5538
2022-03-05,7호선,온수,4731,4752
2022-03-05,7호선,춘의,1,0
2022-03-05,7호선,부평구청,1,0
2022-03-05,7호선,수락산,8891,8469
2022-03-05,7호선,마들,7677,7412
2022-03-05,7호선,장암,1227,857
2022-03-05,7호선,도봉산,5207,7470
2022-03-05,7호선,노원,16122,15865
2022-03-05,7호선,중계,7778,7214
2022-03-05,7호선,하계,10732,9932
2022-03-05,7호선,공릉,8374,8250
2022-03-05,7호선,태릉입구,5744,5300
2022-03-05,7호선,먹골,7499,7356
2022-03-05,7호선,중화,7348,6996
2022-03-05,7호선,상봉,11344,10899
2022-03-05,7호선,면목,10050,9638
2022-03-05,7호선,사가정,10715,10543
2022-03-05,7호선,용마산,4020,4199
2022-03-05,7호선,중곡,6082,5815
2022-03-05,7호선,군자,9649,7378
2022-03-05,7호선,어린이대공원,10047,9727
2022-03-05,7호선,건대입구,9952,9886
2022-03-05,7호선,뚝섬유원지,5830,5507
2022-03-05,7호선,청담,9991,10667
2022-03-05,7호선,강남구청,8679,9316
2022-03-05,7호선,학동,9130,9519
2022-03-05,7호선,논현,9604,10643
2022-03-05,7호선,반포,3780,3624
2022-03-05,7호선,고속터미널,11086,8794
2022-03-05,7호선,내방,7101,6968
2022-03-05,7호선,이수,10679,9856
2022-03-05,7호선,남성,6740,6306
2022-03-05,7호선,숭실대입구,7749,7733
2022-03-05,7호선,상도,6625,6262
2022-03-05,7호선,장승배기,6003,5689
2022-03-05,7호선,신대방삼거리,10187,9515
2022-03-05,7호선,보라매,5623,5457
2022-03-05,7호선,신풍,6850,6608
2022-03-05,7호선,대림,6176,6542
2022-03-05,7호선,남구로,7339,7552
2022-03-05,7호선,가산디지털단지,12445,11410
2022-03-06,7호선,부평구청,1,0
2022-03-06,7호선,상동,1,0
2022-03-06,7호선,부천시청,1,0
2022-03-06,7호선,부천종합운동장,1,0
2022-03-06,7호선,온수,3255,3289
2022-03-06,7호선,천왕,4014,3847
2022-03-06,7호선,광명사거리,10532,10366
2022-03-06,7호선,철산,8378,8368
2022-03-06,7호선,가산디지털단지,8552,7911
2022-03-06,7호선,남구로,5434,5303
2022-03-06,7호선,대림,5529,5173
2022-03-06,7호선,신풍,5177,4910
2022-03-06,7호선,보라매,3601,3646
2022-03-06,7호선,신대방삼거리,6748,6756
2022-03-06,7호선,장승배기,3832,3823
2022-03-06,7호선,상도,4789,4764
2022-03-06,7호선,숭실대입구,4832,5302
2022-03-06,7호선,남성,4533,4436
2022-03-06,7호선,이수,6967,6547
2022-03-06,7호선,내방,4376,4690
2022-03-06,7호선,고속터미널,8976,6248
2022-03-06,7호선,반포,2514,2570
2022-03-06,7호선,논현,5180,5602
2022-03-06,7호선,학동,5243,5669
2022-03-06,7호선,강남구청,4756,5137
2022-03-06,7호선,청담,5643,6088
2022-03-06,7호선,뚝섬유원지,4829,4673
2022-03-06,7호선,건대입구,6620,7098
2022-03-06,7호선,어린이대공원,6953,6964
2022-03-06,7호선,군자,6489,4987
2022-03-06,7호선,중곡,4386,4295
2022-03-06,7호선,용마산,2756,3070
2022-03-06,7호선,사가정,7593,7215
2022-03-06,7호선,면목,6780,6576
2022-03-06,7호선,상봉,7909,7296
2022-03-06,7호선,중화,4652,4602
2022-03-06,7호선,먹골,4649,4599
2022-03-06,7호선,태릉입구,4105,3905
2022-03-06,7호선,공릉,5660,5927
2022-03-06,7호선,하계,7511,7214
2022-03-06,7호선,중계,5397,5146
2022-03-06,7호선,노원,9616,9320
2022-03-06,7호선,마들,5158,4761
2022-03-06,7호선,수락산,6904,6810
2022-03-06,7호선,도봉산,4699,7115
2022-03-06,7호선,장암,1101,714
2022-03-07,7호선,남구로,15131,15799
2022-03-07,7호선,대림,7260,7262
2022-03-07,7호선,신풍,10701,10311
2022-03-07,7호선,보라매,9347,9403
2022-03-07,7호선,신대방삼거리,15678,15305
2022-03-07,7호선,장승배기,8547,8510
2022-03-07,7호선,상도,10357,10449
2022-03-07,7호선,숭실대입구,14654,14972
2022-03-07,7호선,남성,10275,9650
2022-03-07,7호선,이수,13860,13661
2022-03-07,7호선,내방,13356,13693
2022-03-07,7호선,고속터미널,13814,11728
2022-03-07,7호선,반포,5140,4990
2022-03-07,7호선,논현,18697,20344
2022-03-07,7호선,학동,22619,23924
2022-03-07,7호선,강남구청,14728,15957
2022-03-07,7호선,청담,17807,19764
2022-03-07,7호선,뚝섬유원지,6631,6462
2022-03-07,7호선,건대입구,11095,11654
2022-03-07,7호선,어린이대공원,13481,13817
2022-03-07,7호선,군자,13659,11145
2022-03-07,7호선,중곡,10449,9809
2022-03-07,7호선,용마산,5722,5520
2022-03-07,7호선,사가정,15104,15408
2022-03-07,7호선,면목,15644,15269
2022-03-07,7호선,상봉,15210,14171
2022-03-07,7호선,중화,10054,9940
2022-03-07,7호선,먹골,9429,9193
2022-03-07,7호선,태릉입구,7799,7411
2022-03-07,7호선,공릉,11924,11714
2022-03-07,7호선,하계,16243,15368
2022-03-07,7호선,중계,13621,12597
2022-03-07,7호선,노원,17235,17907
2022-03-07,7호선,마들,11731,11171
2022-03-07,7호선,수락산,11506,11312
2022-03-07,7호선,도봉산,8632,9983
2022-03-07,7호선,장암,2021,702
2022-03-07,7호선,가산디지털단지,43253,43276
2022-03-07,7호선,춘의,1,0
2022-03-07,7호선,온수,9846,9089
2022-03-07,7호선,천왕,10685,10191
2022-03-07,7호선,광명사거리,20467,20098
2022-03-07,7호선,철산,19115,19478
2022-03-08,7호선,장암,2113,777
2022-03-08,7호선,도봉산,8935,10159
2022-03-08,7호선,수락산,11797,11583
2022-03-08,7호선,마들,11973,11336
2022-03-08,7호선,노원,18415,19320
2022-03-08,7호선,중계,13823,12606
2022-03-08,7호선,하계,17002,15814
2022-03-08,7호선,공릉,12272,12070
2022-03-08,7호선,먹골,9509,9312
2022-03-08,7호선,중화,10293,10100
2022-03-08,7호선,상봉,15621,14805
2022-03-08,7호선,면목,15786,15456
2022-03-08,7호선,사가정,15492,15484
2022-03-08,7호선,용마산,5743,5515
2022-03-08,7호선,중곡,10603,9879
2022-03-08,7호선,군자,14111,11261
2022-03-08,7호선,어린이대공원,13727,14113
2022-03-08,7호선,건대입구,12108,12588
2022-03-08,7호선,뚝섬유원지,7234,7016
2022-03-08,7호선,청담,17874,20099
2022-03-08,7호선,강남구청,15087,16606
2022-03-08,7호선,학동,22634,24093
2022-03-08,7호선,논현,18978,20637
2022-03-08,7호선,반포,5309,5033
2022-03-08,7호선,고속터미널,13642,11961
2022-03-08,7호선,내방,13502,14028
2022-03-08,7호선,이수,14796,14201
2022-03-08,7호선,남성,10604,9829
2022-03-08,7호선,숭실대입구,14857,14880
2022-03-08,7호선,상도,10650,10358
2022-03-08,7호선,장승배기,8569,8476
2022-03-08,7호선,신대방삼거리,15933,15232
2022-03-08,7호선,보라매,9559,9399
2022-03-08,7호선,신풍,10914,10355
2022-03-08,7호선,대림,7417,7433
2022-03-08,7호선,남구로,14904,15862
2022-03-08,7호선,가산디지털단지,42501,43029
2022-03-08,7호선,철산,19536,20130
2022-03-08,7호선,광명사거리,20982,20614
2022-03-08,7호선,천왕,10618,10110
2022-03-08,7호선,온수,10071,9427
2022-03-08,7호선,춘의,1,0
2022-03-08,7호선,신중동,2,0
2022-03-08,7호선,부천시청,1,0
2022-03-08,7호선,상동,1,0
2022-03-08,7호선,태릉입구,7990,7680
2022-03-09,7호선,반포,3071,2982
2022-03-09,7호선,부천시청,2,0
2022-03-09,7호선,온수,4050,4107
2022-03-09,7호선,천왕,4893,4759
2022-03-09,7호선,광명사거리,12316,12215
2022-03-09,7호선,철산,9901,10116
2022-03-09,7호선,가산디지털단지,10950,10190
2022-03-09,7호선,남구로,6235,6286
2022-03-09,7호선,대림,5321,5025
2022-03-09,7호선,신풍,5916,5723
2022-03-09,7호선,신대방삼거리,8114,8018
2022-03-09,7호선,장승배기,4989,4699
2022-03-09,7호선,상도,5399,5228
2022-03-09,7호선,숭실대입구,5982,6197
2022-03-09,7호선,남성,5542,5351
2022-03-09,7호선,이수,8317,7941
2022-03-09,7호선,내방,5510,5743
2022-03-09,7호선,고속터미널,7377,6005
2022-03-09,7호선,논현,7588,8286
2022-03-09,7호선,학동,6499,6733
2022-03-09,7호선,강남구청,6067,6551
2022-03-09,7호선,청담,6855,7317
2022-03-09,7호선,뚝섬유원지,7907,7562
2022-03-09,7호선,건대입구,7421,7645
2022-03-09,7호선,어린이대공원,7914,8055
2022-03-09,7호선,군자,8231,6343
2022-03-09,7호선,중곡,5254,5006
2022-03-09,7호선,용마산,3358,3782
2022-03-09,7호선,사가정,9029,8775
2022-03-09,7호선,면목,8407,8181
2022-03-09,7호선,상봉,9337,8824
2022-03-09,7호선,중화,5733,5552
2022-03-09,7호선,먹골,5690,5508
2022-03-09,7호선,태릉입구,4975,4600
2022-03-09,7호선,공릉,6670,6689
2022-03-09,7호선,하계,9027,8681
2022-03-09,7호선,중계,6546,6053
2022-03-09,7호선,노원,10885,11224
2022-03-09,7호선,마들,6245,6141
2022-03-09,7호선,수락산,7440,7439
2022-03-09,7호선,도봉산,4741,6794
2022-03-09,7호선,장암,1172,777
2022-03-09,7호선,보라매,4193,4090
2022-03-10,7호선,삼산체육관,1,0
2022-03-10,7호선,상동,2,0
2022-03-10,7호선,온수,9725,9223
2022-03-10,7호선,천왕,10501,10027
2022-03-10,7호선,광명사거리,20144,19917
2022-03-10,7호선,철산,18862,19426
2022-03-10,7호선,가산디지털단지,41606,41978
2022-03-10,7호선,남구로,14521,15311
2022-03-10,7호선,대림,6804,6957
2022-03-10,7호선,신풍,10556,10188
2022-03-10,7호선,보라매,9184,9143
2022-03-10,7호선,신대방삼거리,15359,14850
2022-03-10,7호선,장승배기,8354,8206
2022-03-10,7호선,상도,10394,10310
2022-03-10,7호선,숭실대입구,13650,14002
2022-03-10,7호선,남성,10156,9635
2022-03-10,7호선,이수,13780,13358
2022-03-10,7호선,내방,13328,13663
2022-03-10,7호선,고속터미널,13591,11387
2022-03-10,7호선,반포,5318,5025
2022-03-10,7호선,논현,18215,19645
2022-03-10,7호선,학동,22665,24058
2022-03-10,7호선,강남구청,15200,16560
2022-03-10,7호선,청담,17812,19848
2022-03-10,7호선,뚝섬유원지,7472,7294
2022-03-10,7호선,건대입구,11172,11679
2022-03-10,7호선,어린이대공원,13106,13229
2022-03-10,7호선,군자,13608,10882
2022-03-10,7호선,중곡,10199,9471
2022-03-10,7호선,용마산,5679,5448
2022-03-10,7호선,사가정,14732,15019
2022-03-10,7호선,면목,15358,14938
2022-03-10,7호선,상봉,15032,14103
2022-03-10,7호선,중화,9938,9769
2022-03-10,7호선,먹골,9474,9259
2022-03-10,7호선,태릉입구,7863,7592
2022-03-10,7호선,공릉,11521,11439
2022-03-10,7호선,하계,16349,15591
2022-03-10,7호선,중계,13663,12586
2022-03-10,7호선,노원,17415,18038
2022-03-10,7호선,마들,11769,11333
2022-03-10,7호선,수락산,11412,11204
2022-03-10,7호선,도봉산,8518,9932
2022-03-10,7호선,장암,2042,747
2022-03-10,7호선,춘의,2,0
2022-03-11,7호선,굴포천,1,0
2022-03-11,7호선,상동,1,0
2022-03-11,7호선,온수,9896,9216
2022-03-11,7호선,천왕,10568,10006
2022-03-11,7호선,광명사거리,20994,20632
2022-03-11,7호선,철산,19361,19980
2022-03-11,7호선,가산디지털단지,41232,41372
2022-03-11,7호선,남구로,14407,15366
2022-03-11,7호선,대림,7043,7255
2022-03-11,7호선,신풍,10805,10409
2022-03-11,7호선,보라매,9291,9111
2022-03-11,7호선,신대방삼거리,15745,14961
2022-03-11,7호선,장승배기,8587,8295
2022-03-11,7호선,상도,10628,10384
2022-03-11,7호선,숭실대입구,13114,13072
2022-03-11,7호선,남성,10426,9508
2022-03-11,7호선,이수,14681,14197
2022-03-11,7호선,내방,13441,13952
2022-03-11,7호선,고속터미널,15334,12388
2022-03-11,7호선,반포,5484,5325
2022-03-11,7호선,논현,18849,20480
2022-03-11,7호선,학동,22010,23256
2022-03-11,7호선,강남구청,15060,16603
2022-03-11,7호선,청담,17941,20161
2022-03-11,7호선,뚝섬유원지,9058,8784
2022-03-11,7호선,건대입구,11747,12127
2022-03-11,7호선,어린이대공원,13378,13256
2022-03-11,7호선,군자,13970,11199
2022-03-11,7호선,중곡,10588,9780
2022-03-11,7호선,용마산,5693,5378
2022-03-11,7호선,사가정,15240,15272
2022-03-11,7호선,면목,15581,14950
2022-03-11,7호선,상봉,15576,14773
2022-03-11,7호선,중화,10162,9889
2022-03-11,7호선,먹골,9599,9294
2022-03-11,7호선,태릉입구,8213,7777
2022-03-11,7호선,공릉,11836,11567
2022-03-11,7호선,하계,16403,15266
2022-03-11,7호선,중계,13597,12352
2022-03-11,7호선,노원,18571,19539
2022-03-11,7호선,마들,11858,11440
2022-03-11,7호선,수락산,11788,11499
2022-03-11,7호선,도봉산,8570,9893
2022-03-11,7호선,장암,2035,837
2022-03-12,7호선,신중동,1,0
2022-03-12,7호선,까치울,1,0
2022-03-12,7호선,온수,4745,4784
2022-03-12,7호선,천왕,5950,5662
2022-03-12,7호선,광명사거리,14683,14714
2022-03-12,7호선,철산,12787,13044
2022-03-12,7호선,가산디지털단지,13250,12025
2022-03-12,7호선,남구로,7144,7560
2022-03-12,7호선,대림,5906,6325
2022-03-12,7호선,신풍,6988,6769
2022-03-12,7호선,보라매,5999,5750
2022-03-12,7호선,신대방삼거리,9963,9354
2022-03-12,7호선,장승배기,5823,5648
2022-03-12,7호선,상도,6759,6359
2022-03-12,7호선,숭실대입구,7338,7233
2022-03-12,7호선,남성,6615,6207
2022-03-12,7호선,이수,10478,9863
2022-03-12,7호선,내방,6905,6810
2022-03-12,7호선,고속터미널,11677,8880
2022-03-12,7호선,반포,3778,3618
2022-03-12,7호선,논현,9748,10650
2022-03-12,7호선,학동,9671,10089
2022-03-12,7호선,강남구청,8649,9621
2022-03-12,7호선,청담,10397,11252
2022-03-12,7호선,뚝섬유원지,7925,7779
2022-03-12,7호선,건대입구,9437,9908
2022-03-12,7호선,어린이대공원,9387,9306
2022-03-12,7호선,군자,9587,7285
2022-03-12,7호선,중곡,6098,5841
2022-03-12,7호선,용마산,3893,4094
2022-03-12,7호선,사가정,10919,10586
2022-03-12,7호선,면목,10060,9693
2022-03-12,7호선,상봉,11580,11036
2022-03-12,7호선,중화,6759,6556
2022-03-12,7호선,먹골,7293,7139
2022-03-12,7호선,태릉입구,5769,5344
2022-03-12,7호선,공릉,7944,7794
2022-03-12,7호선,하계,10869,10283
2022-03-12,7호선,중계,8180,7251
2022-03-12,7호선,노원,14322,14558
2022-03-12,7호선,마들,7666,7170
2022-03-12,7호선,수락산,8992,8780
2022-03-12,7호선,도봉산,5725,8079
2022-03-12,7호선,장암,1373,975
2022-03-13,7호선,청담,5143,5444
2022-03-13,7호선,온수,3035,3054
2022-03-13,7호선,천왕,3890,3643
2022-03-13,7호선,광명사거리,9597,9413
2022-03-13,7호선,철산,7725,7578
2022-03-13,7호선,가산디지털단지,8107,7558
2022-03-13,7호선,남구로,5131,4877
2022-03-13,7호선,대림,4924,4622
2022-03-13,7호선,신풍,4457,4305
2022-03-13,7호선,보라매,3248,3247
2022-03-13,7호선,신대방삼거리,6382,6359
2022-03-13,7호선,장승배기,3380,3329
2022-03-13,7호선,상도,4179,4271
2022-03-13,7호선,숭실대입구,4334,4719
2022-03-13,7호선,남성,4177,4192
2022-03-13,7호선,이수,6393,5953
2022-03-13,7호선,내방,4098,4263
2022-03-13,7호선,고속터미널,9146,6267
2022-03-13,7호선,반포,2082,2112
2022-03-13,7호선,논현,4803,5112
2022-03-13,7호선,학동,5258,5677
2022-03-13,7호선,강남구청,4505,4731
2022-03-13,7호선,뚝섬유원지,3582,3375
2022-03-13,7호선,건대입구,5711,5929
2022-03-13,7호선,어린이대공원,5458,5587
2022-03-13,7호선,군자,5749,4605
2022-03-13,7호선,중곡,4043,3891
2022-03-13,7호선,용마산,2404,2411
2022-03-13,7호선,사가정,6501,6569
2022-03-13,7호선,면목,6109,6055
2022-03-13,7호선,상봉,6772,6387
2022-03-13,7호선,중화,4186,4133
2022-03-13,7호선,먹골,4424,4299
2022-03-13,7호선,태릉입구,3616,3508
2022-03-13,7호선,공릉,4852,5029
2022-03-13,7호선,하계,6974,6552
2022-03-13,7호선,중계,5002,4609
2022-03-13,7호선,노원,8504,8400
2022-03-13,7호선,마들,4460,4248
2022-03-13,7호선,수락산,5499,5271
2022-03-13,7호선,도봉산,3336,4422
2022-03-13,7호선,장암,734,426
2022-03-14,7호선,장암,1933,639
2022-03-14,7호선,도봉산,8389,9182
2022-03-14,7호선,수락산,11070,10835
2022-03-14,7호선,마들,11436,11087
2022-03-14,7호선,노원,17179,17623
2022-03-14,7호선,중계,13341,12331
2022-03-14,7호선,하계,15754,14934
2022-03-14,7호선,공릉,11220,11215
2022-03-14,7호선,태릉입구,7554,7241
2022-03-14,7호선,먹골,9005,8785
2022-03-14,7호선,중화,9585,9578
2022-03-14,7호선,상봉,14503,13644
2022-03-14,7호선,면목,14780,14491
2022-03-14,7호선,사가정,14149,14464
2022-03-14,7호선,용마산,5442,5301
2022-03-14,7호선,중곡,9884,9373
2022-03-14,7호선,군자,13196,10766
2022-03-14,7호선,어린이대공원,12783,13098
2022-03-14,7호선,건대입구,11769,12192
2022-03-14,7호선,뚝섬유원지,6205,6146
2022-03-14,7호선,청담,17080,18949
2022-03-14,7호선,강남구청,14049,15420
2022-03-14,7호선,학동,22303,23220
2022-03-14,7호선,논현,17883,19374
2022-03-14,7호선,반포,5007,4900
2022-03-14,7호선,고속터미널,13272,11270
2022-03-14,7호선,내방,13007,13256
2022-03-14,7호선,이수,13379,12951
2022-03-14,7호선,남성,10070,9418
2022-03-14,7호선,숭실대입구,13444,13752
2022-03-14,7호선,상도,10099,10012
2022-03-14,7호선,장승배기,7988,8024
2022-03-14,7호선,신대방삼거리,15261,14690
2022-03-14,7호선,보라매,9167,8986
2022-03-14,7호선,신풍,10204,9993
2022-03-14,7호선,대림,7110,6929
2022-03-14,7호선,남구로,14669,15492
2022-03-14,7호선,가산디지털단지,42023,41805
2022-03-14,7호선,철산,18220,18633
2022-03-14,7호선,광명사거리,19340,18989
2022-03-14,7호선,천왕,10269,9907
2022-03-14,7호선,온수,9622,8913
2022-03-14,7호선,까치울,1,0
2022-03-14,7호선,상동,1,0
2022-03-15,7호선,장암,2083,788
2022-03-15,7호선,도봉산,8834,10181
2022-03-15,7호선,수락산,11343,11322
2022-03-15,7호선,마들,11861,11445
2022-03-15,7호선,노원,17391,18122
2022-03-15,7호선,중계,13654,12626
2022-03-15,7호선,하계,16491,15536
2022-03-15,7호선,공릉,11806,11549
2022-03-15,7호선,태릉입구,7885,7603
2022-03-15,7호선,먹골,9278,9070
2022-03-15,7호선,중화,9897,9950
2022-03-15,7호선,상봉,15292,14319
2022-03-15,7호선,면목,15562,15194
2022-03-15,7호선,사가정,14852,15010
2022-03-15,7호선,용마산,5657,5487
2022-03-15,7호선,중곡,10187,9421
2022-03-15,7호선,군자,13623,10936
2022-03-15,7호선,어린이대공원,13404,13879
2022-03-15,7호선,건대입구,11628,12064
2022-03-15,7호선,뚝섬유원지,7705,7521
2022-03-15,7호선,청담,17873,19965
2022-03-15,7호선,강남구청,15005,16208
2022-03-15,7호선,학동,22466,23811
2022-03-15,7호선,논현,18802,20196
2022-03-15,7호선,반포,5180,4961
2022-03-15,7호선,고속터미널,12850,11232
2022-03-15,7호선,내방,13444,13641
2022-03-15,7호선,이수,14056,13676
2022-03-15,7호선,남성,10258,9589
2022-03-15,7호선,숭실대입구,13560,13852
2022-03-15,7호선,상도,10434,10261
2022-03-15,7호선,장승배기,8327,8343
2022-03-15,7호선,신대방삼거리,15420,14783
2022-03-15,7호선,보라매,9271,9250
2022-03-15,7호선,신풍,10530,10058
2022-03-15,7호선,대림,6955,6917
2022-03-15,7호선,남구로,14637,15404
2022-03-15,7호선,가산디지털단지,42021,42100
2022-03-15,7호선,철산,18771,19120
2022-03-15,7호선,광명사거리,20137,19866
2022-03-15,7호선,천왕,10595,10153
2022-03-15,7호선,온수,9712,8979
2022-03-15,7호선,굴포천,1,0
2022-03-16,7호선,장암,2053,789
2022-03-16,7호선,도봉산,8676,10201
2022-03-16,7호선,수락산,11513,11270
2022-03-16,7호선,마들,11771,11241
2022-03-16,7호선,노원,17427,18133
2022-03-16,7호선,중계,13623,12612
2022-03-16,7호선,하계,16620,15979
2022-03-16,7호선,공릉,11771,11582
2022-03-16,7호선,태릉입구,8221,7833
2022-03-16,7호선,먹골,9357,9033
2022-03-16,7호선,중화,9913,9723
2022-03-16,7호선,상봉,15057,13941
2022-03-16,7호선,면목,15213,14873
2022-03-16,7호선,사가정,14838,15128
2022-03-16,7호선,용마산,5576,5402
2022-03-16,7호선,중곡,10247,9460
2022-03-16,7호선,군자,13579,10923
2022-03-16,7호선,어린이대공원,13460,13733
2022-03-16,7호선,건대입구,11678,12100
2022-03-16,7호선,뚝섬유원지,8515,8250
2022-03-16,7호선,청담,17617,19591
2022-03-16,7호선,강남구청,14656,16102
2022-03-16,7호선,학동,22521,23729
2022-03-16,7호선,논현,18237,19641
2022-03-16,7호선,반포,5344,5132
2022-03-16,7호선,고속터미널,12596,11123
2022-03-16,7호선,내방,13284,13690
2022-03-16,7호선,이수,14082,13541
2022-03-16,7호선,남성,10119,9454
2022-03-16,7호선,숭실대입구,13620,13918
2022-03-16,7호선,상도,10410,10234
2022-03-16,7호선,장승배기,8270,8166
2022-03-16,7호선,신대방삼거리,15500,14884
2022-03-16,7호선,보라매,9188,9138
2022-03-16,7호선,신풍,10585,10209
2022-03-16,7호선,대림,6936,7057
2022-03-16,7호선,남구로,14517,15222
2022-03-16,7호선,가산디지털단지,41229,41579
2022-03-16,7호선,철산,18741,19307
2022-03-16,7호선,광명사거리,20028,19868
2022-03-16,7호선,천왕,10491,10058
2022-03-16,7호선,온수,9688,8998
2022-03-16,7호선,까치울,1,0
2022-03-16,7호선,상동,1,0
2022-03-17,7호선,장암,2015,779
2022-03-17,7호선,도봉산,8404,9837
2022-03-17,7호선,수락산,11224,10948
2022-03-17,7호선,마들,11711,11331
2022-03-17,7호선,노원,16805,17679
2022-03-17,7호선,중계,13272,12389
2022-03-17,7호선,하계,16241,15257
2022-03-17,7호선,공릉,11558,11314
2022-03-17,7호선,태릉입구,7961,7733
2022-03-17,7호선,먹골,9220,8999
2022-03-17,7호선,중화,9711,9619
2022-03-17,7호선,상봉,15044,13931
2022-03-17,7호선,면목,15019,14651
2022-03-17,7호선,사가정,14461,14688
2022-03-17,7호선,용마산,5616,5490
2022-03-17,7호선,중곡,9915,9419
2022-03-17,7호선,군자,13491,10824
2022-03-17,7호선,어린이대공원,13171,13331
2022-03-17,7호선,건대입구,11533,11938
2022-03-17,7호선,뚝섬유원지,6914,6879
2022-03-17,7호선,청담,17547,19632
2022-03-17,7호선,강남구청,14563,16024
2022-03-17,7호선,학동,22431,23692
2022-03-17,7호선,논현,17840,19250
2022-03-17,7호선,반포,5166,4980
2022-03-17,7호선,고속터미널,12988,10958
2022-03-17,7호선,내방,13268,13426
2022-03-17,7호선,이수,13726,13516
2022-03-17,7호선,남성,9877,9308
2022-03-17,7호선,숭실대입구,13413,13748
2022-03-17,7호선,상도,10162,10064
2022-03-17,7호선,장승배기,8035,7897
2022-03-17,7호선,신대방삼거리,15443,14865
2022-03-17,7호선,보라매,8993,8846
2022-03-17,7호선,신풍,10416,10037
2022-03-17,7호선,대림,6664,6664
2022-03-17,7호선,남구로,14201,15056
2022-03-17,7호선,가산디지털단지,41169,41454
2022-03-17,7호선,철산,18582,18953
2022-03-17,7호선,광명사거리,20070,19744
2022-03-17,7호선,천왕,10268,9886
2022-03-17,7호선,온수,9586,9012
2022-03-17,7호선,부천종합운동장,1,0
2022-03-17,7호선,부천시청,4,0
2022-03-17,7호선,상동,2,0
2022-03-18,7호선,부천시청,1,0
2022-03-18,7호선,신중동,2,0
2022-03-18,7호선,춘의,1,0
2022-03-18,7호선,온수,9565,8923
2022-03-18,7호선,천왕,10294,9777
2022-03-18,7호선,광명사거리,20223,19976
2022-03-18,7호선,철산,19016,19426
2022-03-18,7호선,가산디지털단지,40265,39968
2022-03-18,7호선,남구로,14165,15074
2022-03-18,7호선,대림,6918,7101
2022-03-18,7호선,신풍,10366,10035
2022-03-18,7호선,보라매,8971,8781
2022-03-18,7호선,신대방삼거리,15352,14511
2022-03-18,7호선,장승배기,8311,8094
2022-03-18,7호선,상도,10260,9857
2022-03-18,7호선,숭실대입구,12837,12679
2022-03-18,7호선,남성,10019,9144
2022-03-18,7호선,이수,14166,13660
2022-03-18,7호선,내방,13374,13581
2022-03-18,7호선,고속터미널,14675,11963
2022-03-18,7호선,반포,5372,5129
2022-03-18,7호선,논현,18263,19946
2022-03-18,7호선,학동,21613,23099
2022-03-18,7호선,강남구청,14626,16243
2022-03-18,7호선,청담,17238,19485
2022-03-18,7호선,뚝섬유원지,6812,6745
2022-03-18,7호선,건대입구,11479,11925
2022-03-18,7호선,어린이대공원,12899,12824
2022-03-18,7호선,군자,13733,10858
2022-03-18,7호선,중곡,10088,9436
2022-03-18,7호선,용마산,5520,5332
2022-03-18,7호선,사가정,14694,14871
2022-03-18,7호선,면목,15038,14579
2022-03-18,7호선,상봉,15264,14492
2022-03-18,7호선,중화,9959,9594
2022-03-18,7호선,먹골,9497,9130
2022-03-18,7호선,태릉입구,7836,7570
2022-03-18,7호선,공릉,11925,11468
2022-03-18,7호선,하계,16232,15178
2022-03-18,7호선,중계,13142,11901
2022-03-18,7호선,노원,18163,18994
2022-03-18,7호선,마들,11845,11207
2022-03-18,7호선,수락산,11106,10981
2022-03-18,7호선,도봉산,8162,9484
2022-03-18,7호선,장암,1955,748
2022-03-19,7호선,상동,1,0
2022-03-19,7호선,온수,4288,4380
2022-03-19,7호선,천왕,5589,5254
2022-03-19,7호선,광명사거리,13456,13328
2022-03-19,7호선,철산,11572,11839
2022-03-19,7호선,가산디지털단지,11338,10427
2022-03-19,7호선,남구로,6764,6789
2022-03-19,7호선,대림,5394,5819
2022-03-19,7호선,신풍,6477,6192
2022-03-19,7호선,보라매,5077,4809
2022-03-19,7호선,신대방삼거리,9340,8643
2022-03-19,7호선,장승배기,5397,5109
2022-03-19,7호선,상도,6229,5729
2022-03-19,7호선,숭실대입구,6822,6600
2022-03-19,7호선,남성,6141,5682
2022-03-19,7호선,이수,9646,9001
2022-03-19,7호선,내방,6387,6291
2022-03-19,7호선,고속터미널,10910,8099
2022-03-19,7호선,반포,3547,3328
2022-03-19,7호선,논현,9266,10040
2022-03-19,7호선,학동,9025,9375
2022-03-19,7호선,강남구청,8392,9213
2022-03-19,7호선,청담,9374,10138
2022-03-19,7호선,뚝섬유원지,4383,4270
2022-03-19,7호선,건대입구,8698,9099
2022-03-19,7호선,어린이대공원,7088,6862
2022-03-19,7호선,군자,8541,6782
2022-03-19,7호선,중곡,5653,5306
2022-03-19,7호선,용마산,3429,3237
2022-03-19,7호선,사가정,9596,9505
2022-03-19,7호선,면목,8935,8692
2022-03-19,7호선,상봉,10444,9846
2022-03-19,7호선,중화,6014,5898
2022-03-19,7호선,먹골,6798,6736
2022-03-19,7호선,태릉입구,5187,4736
2022-03-19,7호선,공릉,7381,7153
2022-03-19,7호선,하계,9928,9359
2022-03-19,7호선,중계,7198,6434
2022-03-19,7호선,노원,13143,13334
2022-03-19,7호선,마들,7087,6700
2022-03-19,7호선,수락산,7352,7157
2022-03-19,7호선,도봉산,4232,5451
2022-03-19,7호선,장암,934,599
2022-03-20,7호선,온수,3355,3323
2022-03-20,7호선,천왕,4093,3956
2022-03-20,7호선,광명사거리,10857,10517
2022-03-20,7호선,철산,8538,8569
2022-03-20,7호선,가산디지털단지,8797,8127
2022-03-20,7호선,남구로,5338,5146
2022-03-20,7호선,대림,5091,4801
2022-03-20,7호선,신풍,5037,4707
2022-03-20,7호선,보라매,3557,3529
2022-03-20,7호선,신대방삼거리,6810,6666
2022-03-20,7호선,장승배기,3786,3727
2022-03-20,7호선,상도,4558,4726
2022-03-20,7호선,숭실대입구,4831,5304
2022-03-20,7호선,남성,4609,4571
2022-03-20,7호선,이수,7036,6422
2022-03-20,7호선,내방,4436,4761
2022-03-20,7호선,고속터미널,9698,6473
2022-03-20,7호선,반포,2455,2474
2022-03-20,7호선,논현,5410,5742
2022-03-20,7호선,학동,5364,5806
2022-03-20,7호선,강남구청,4926,5310
2022-03-20,7호선,청담,5509,5941
2022-03-20,7호선,뚝섬유원지,5903,5679
2022-03-20,7호선,건대입구,6890,7227
2022-03-20,7호선,어린이대공원,6440,6670
2022-03-20,7호선,군자,6509,5054
2022-03-20,7호선,중곡,4457,4310
2022-03-20,7호선,용마산,2733,3135
2022-03-20,7호선,사가정,7428,7346
2022-03-20,7호선,면목,6964,6887
2022-03-20,7호선,상봉,8245,7588
2022-03-20,7호선,중화,4850,4571
2022-03-20,7호선,먹골,5004,4981
2022-03-20,7호선,태릉입구,4148,3948
2022-03-20,7호선,공릉,5590,5917
2022-03-20,7호선,하계,7788,7569
2022-03-20,7호선,중계,5730,5333
2022-03-20,7호선,노원,9771,9539
2022-03-20,7호선,마들,5163,4827
2022-03-20,7호선,수락산,6866,6766
2022-03-20,7호선,도봉산,4548,6594
2022-03-20,7호선,장암,1035,751
2022-03-21,7호선,장암,2026,756
2022-03-21,7호선,도봉산,8727,9807
2022-03-21,7호선,수락산,11321,11070
2022-03-21,7호선,마들,11712,11240
2022-03-21,7호선,노원,17381,18286
2022-03-21,7호선,중계,13322,12420
2022-03-21,7호선,하계,15852,14925
2022-03-21,7호선,공릉,11684,11610
2022-03-21,7호선,태릉입구,7692,7562
2022-03-21,7호선,먹골,9117,8860
2022-03-21,7호선,중화,9771,9732
2022-03-21,7호선,상봉,14968,13986
2022-03-21,7호선,면목,15281,14964
2022-03-21,7호선,사가정,14714,15020
2022-03-21,7호선,용마산,5580,5413
2022-03-21,7호선,중곡,10058,9418
2022-03-21,7호선,군자,13438,10958
2022-03-21,7호선,어린이대공원,13230,13613
2022-03-21,7호선,건대입구,11228,11872
2022-03-21,7호선,뚝섬유원지,6937,6832
2022-03-21,7호선,청담,17502,19399
2022-03-21,7호선,강남구청,14484,15771
2022-03-21,7호선,학동,22312,23342
2022-03-21,7호선,논현,18259,19982
2022-03-21,7호선,반포,5202,4949
2022-03-21,7호선,고속터미널,13547,11138
2022-03-21,7호선,내방,13316,13595
2022-03-21,7호선,이수,13586,13235
2022-03-21,7호선,남성,10048,9520
2022-03-21,7호선,숭실대입구,13467,13956
2022-03-21,7호선,상도,10129,10098
2022-03-21,7호선,장승배기,8349,8085
2022-03-21,7호선,신대방삼거리,15242,14853
2022-03-21,7호선,보라매,9150,9100
2022-03-21,7호선,신풍,10535,10127
2022-03-21,7호선,대림,6951,6846
2022-03-21,7호선,남구로,14996,15549
2022-03-21,7호선,가산디지털단지,42273,42134
2022-03-21,7호선,철산,18452,18806
2022-03-21,7호선,광명사거리,19994,19771
2022-03-21,7호선,천왕,10499,10135
2022-03-21,7호선,온수,9635,8969
2022-03-22,7호선,장암,2059,727
2022-03-22,7호선,도봉산,8925,10394
2022-03-22,7호선,수락산,11650,11320
2022-03-22,7호선,마들,11822,11482
2022-03-22,7호선,노원,17351,18181
2022-03-22,7호선,중계,13614,12523
2022-03-22,7호선,하계,16434,15496
2022-03-22,7호선,공릉,12166,12033
2022-03-22,7호선,태릉입구,8116,7849
2022-03-22,7호선,먹골,9487,9245
2022-03-22,7호선,중화,10049,9992
2022-03-22,7호선,상봉,15179,14089
2022-03-22,7호선,면목,15396,15092
2022-03-22,7호선,사가정,14787,15036
2022-03-22,7호선,용마산,5698,5476
2022-03-22,7호선,중곡,10394,9747
2022-03-22,7호선,군자,13816,11100
2022-03-22,7호선,어린이대공원,13621,13962
2022-03-22,7호선,건대입구,11467,11869
2022-03-22,7호선,뚝섬유원지,7964,7787
2022-03-22,7호선,청담,18075,20079
2022-03-22,7호선,강남구청,15078,16625
2022-03-22,7호선,학동,22649,24011
2022-03-22,7호선,논현,18927,20400
2022-03-22,7호선,반포,5290,5100
2022-03-22,7호선,고속터미널,12931,11371
2022-03-22,7호선,내방,13602,13801
2022-03-22,7호선,이수,14180,13679
2022-03-22,7호선,남성,10274,9552
2022-03-22,7호선,숭실대입구,13947,14292
2022-03-22,7호선,상도,10278,10284
2022-03-22,7호선,장승배기,8356,8232
2022-03-22,7호선,신대방삼거리,15668,15093
2022-03-22,7호선,보라매,9191,9255
2022-03-22,7호선,신풍,10593,10152
2022-03-22,7호선,대림,7050,6958
2022-03-22,7호선,남구로,14869,15389
2022-03-22,7호선,가산디지털단지,42180,42377
2022-03-22,7호선,철산,18866,19249
2022-03-22,7호선,광명사거리,20272,20100
2022-03-22,7호선,천왕,10679,10212
2022-03-22,7호선,온수,9726,9114
2022-03-23,7호선,도봉산,8728,9993
2022-03-23,7호선,장암,2012,776
2022-03-23,7호선,수락산,11577,11334
2022-03-23,7호선,마들,11747,11367
2022-03-23,7호선,노원,17338,17966
2022-03-23,7호선,중계,13466,12492
2022-03-23,7호선,하계,16849,15918
2022-03-23,7호선,공릉,11806,11712
2022-03-23,7호선,태릉입구,8055,7708
2022-03-23,7호선,먹골,9339,9154
2022-03-23,7호선,중화,10068,9930
2022-03-23,7호선,상봉,15185,14229
2022-03-23,7호선,면목,15151,15060
2022-03-23,7호선,사가정,14786,14888
2022-03-23,7호선,용마산,5655,5330
2022-03-23,7호선,중곡,10156,9682
2022-03-23,7호선,군자,13733,11049
2022-03-23,7호선,어린이대공원,13683,13880
2022-03-23,7호선,건대입구,11576,11954
2022-03-23,7호선,뚝섬유원지,7076,6934
2022-03-23,7호선,청담,17716,19934
2022-03-23,7호선,강남구청,15030,16624
2022-03-23,7호선,학동,22793,24108
2022-03-23,7호선,논현,18395,19834
2022-03-23,7호선,반포,5254,5049
2022-03-23,7호선,고속터미널,12879,11254
2022-03-23,7호선,내방,13518,13794
2022-03-23,7호선,이수,14233,13790
2022-03-23,7호선,남성,10138,9494
2022-03-23,7호선,숭실대입구,13195,13587
2022-03-23,7호선,상도,10542,10386
2022-03-23,7호선,장승배기,8285,8029
2022-03-23,7호선,신대방삼거리,15473,15063
2022-03-23,7호선,보라매,9150,8965
2022-03-23,7호선,신풍,10633,10228
2022-03-23,7호선,대림,6806,6875
2022-03-23,7호선,남구로,14675,15529
2022-03-23,7호선,가산디지털단지,41980,42031
2022-03-23,7호선,철산,18814,19265
2022-03-23,7호선,광명사거리,20183,19838
2022-03-23,7호선,천왕,10599,10113
2022-03-23,7호선,온수,9697,9146
2022-03-24,7호선,온수,9569,9185
2022-03-24,7호선,천왕,10442,10018
2022-03-24,7호선,광명사거리,20239,19926
2022-03-24,7호선,철산,18778,19162
2022-03-24,7호선,가산디지털단지,41496,41874
2022-03-24,7호선,남구로,14757,15533
2022-03-24,7호선,대림,6887,7072
2022-03-24,7호선,신풍,10569,10372
2022-03-24,7호선,보라매,9235,9330
2022-03-24,7호선,신대방삼거리,15364,15316
2022-03-24,7호선,장승배기,8132,7930
2022-03-24,7호선,상도,10418,10190
2022-03-24,7호선,숭실대입구,13514,14318
2022-03-24,7호선,남성,10267,9628
2022-03-24,7호선,이수,14290,14074
2022-03-24,7호선,내방,14022,13973
2022-03-24,7호선,고속터미널,13452,11360
2022-03-24,7호선,반포,5358,5043
2022-03-24,7호선,논현,19125,19854
2022-03-24,7호선,학동,23097,24085
2022-03-24,7호선,강남구청,14884,16481
2022-03-24,7호선,청담,18242,20182
2022-03-24,7호선,뚝섬유원지,7319,7134
2022-03-24,7호선,건대입구,11658,12277
2022-03-24,7호선,어린이대공원,13494,13658
2022-03-24,7호선,군자,13765,10898
2022-03-24,7호선,중곡,10337,9529
2022-03-24,7호선,용마산,5628,5478
2022-03-24,7호선,사가정,14829,14954
2022-03-24,7호선,면목,15482,14910
2022-03-24,7호선,상봉,15421,14452
2022-03-24,7호선,중화,10002,9766
2022-03-24,7호선,먹골,9337,9029
2022-03-24,7호선,태릉입구,8102,7857
2022-03-24,7호선,공릉,11958,11834
2022-03-24,7호선,하계,16523,15690
2022-03-24,7호선,중계,13436,12395
2022-03-24,7호선,노원,17115,18035
2022-03-24,7호선,마들,11929,11439
2022-03-24,7호선,수락산,11402,11254
2022-03-24,7호선,도봉산,8621,10093
2022-03-24,7호선,장암,2042,767
2022-03-25,7호선,천왕,10755,10192
2022-03-25,7호선,광명사거리,21016,20731
2022-03-25,7호선,철산,19491,20019
2022-03-25,7호선,가산디지털단지,41248,41002
2022-03-25,7호선,남구로,14486,15688
2022-03-25,7호선,대림,7241,7340
2022-03-25,7호선,신풍,10813,10475
2022-03-25,7호선,보라매,9327,9276
2022-03-25,7호선,신대방삼거리,15826,14937
2022-03-25,7호선,장승배기,8386,8240
2022-03-25,7호선,상도,10748,10176
2022-03-25,7호선,숭실대입구,13325,13206
2022-03-25,7호선,남성,10289,9394
2022-03-25,7호선,이수,14907,14337
2022-03-25,7호선,내방,13731,14049
2022-03-25,7호선,고속터미널,15629,12496
2022-03-25,7호선,학동,22205,23668
2022-03-25,7호선,강남구청,15022,16706
2022-03-25,7호선,청담,17793,20191
2022-03-25,7호선,뚝섬유원지,7322,7108
2022-03-25,7호선,온수,9622,9149
2022-03-25,7호선,반포,5581,5285
2022-03-25,7호선,논현,18975,20936
2022-03-25,7호선,건대입구,11965,12738
2022-03-25,7호선,어린이대공원,13557,13435
2022-03-25,7호선,군자,14370,11263
2022-03-25,7호선,중곡,10536,9858
2022-03-25,7호선,용마산,5686,5354
2022-03-25,7호선,사가정,15220,15466
2022-03-25,7호선,면목,15150,14863
2022-03-25,7호선,상봉,15887,15029
2022-03-25,7호선,중화,10106,9958
2022-03-25,7호선,먹골,9579,9208
2022-03-25,7호선,태릉입구,8171,7716
2022-03-25,7호선,공릉,12306,11723
2022-03-25,7호선,하계,16601,15473
2022-03-25,7호선,중계,13548,12181
2022-03-25,7호선,노원,18777,19663
2022-03-25,7호선,마들,12171,11430
2022-03-25,7호선,수락산,11568,11399
2022-03-25,7호선,도봉산,8416,9830
2022-03-25,7호선,장암,1990,806
2022-03-26,7호선,천왕,5895,5535
2022-03-26,7호선,광명사거리,14182,14318
2022-03-26,7호선,철산,12481,12542
2022-03-26,7호선,가산디지털단지,12312,11293
2022-03-26,7호선,남구로,7010,7104
2022-03-26,7호선,대림,5791,6056
2022-03-26,7호선,신풍,6746,6429
2022-03-26,7호선,보라매,5776,5342
2022-03-26,7호선,신대방삼거리,9908,9215
2022-03-26,7호선,장승배기,5604,5469
2022-03-26,7호선,상도,6619,6020
2022-03-26,7호선,숭실대입구,7052,7118
2022-03-26,7호선,남성,6590,6028
2022-03-26,7호선,이수,10436,9726
2022-03-26,7호선,내방,6715,6732
2022-03-26,7호선,고속터미널,11804,9124
2022-03-26,7호선,반포,3714,3473
2022-03-26,7호선,논현,9738,10447
2022-03-26,7호선,학동,9216,9572
2022-03-26,7호선,강남구청,9012,9856
2022-03-26,7호선,청담,9485,10231
2022-03-26,7호선,뚝섬유원지,6607,6145
2022-03-26,7호선,건대입구,9285,9721
2022-03-26,7호선,어린이대공원,7945,7750
2022-03-26,7호선,군자,9237,7209
2022-03-26,7호선,중곡,5841,5566
2022-03-26,7호선,용마산,3527,3380
2022-03-26,7호선,사가정,10073,9952
2022-03-26,7호선,면목,9465,9045
2022-03-26,7호선,상봉,11215,10772
2022-03-26,7호선,중화,6533,6236
2022-03-26,7호선,먹골,7123,6894
2022-03-26,7호선,태릉입구,5467,5085
2022-03-26,7호선,공릉,8121,7643
2022-03-26,7호선,하계,10582,9839
2022-03-26,7호선,중계,7751,6904
2022-03-26,7호선,노원,13661,13732
2022-03-26,7호선,마들,8199,7566
2022-03-26,7호선,수락산,7833,7664
2022-03-26,7호선,도봉산,4981,6452
2022-03-26,7호선,장암,1161,708
2022-03-26,7호선,온수,4731,4718
2022-03-27,7호선,온수,3428,3559
2022-03-27,7호선,천왕,4445,4286
2022-03-27,7호선,광명사거리,11185,11055
2022-03-27,7호선,철산,9232,9063
2022-03-27,7호선,가산디지털단지,9620,8839
2022-03-27,7호선,남구로,5706,5626
2022-03-27,7호선,대림,5584,5221
2022-03-27,7호선,신풍,5296,5145
2022-03-27,7호선,보라매,4029,4000
2022-03-27,7호선,신대방삼거리,7201,7110
2022-03-27,7호선,장승배기,3864,3890
2022-03-27,7호선,상도,5009,5053
2022-03-27,7호선,숭실대입구,5281,5818
2022-03-27,7호선,남성,4761,4780
2022-03-27,7호선,이수,7671,7085
2022-03-27,7호선,내방,4554,4804
2022-03-27,7호선,고속터미널,10557,6904
2022-03-27,7호선,반포,2627,2598
2022-03-27,7호선,논현,5461,5913
2022-03-27,7호선,학동,5926,6307
2022-03-27,7호선,강남구청,5046,5649
2022-03-27,7호선,청담,6113,6508
2022-03-27,7호선,뚝섬유원지,8516,8194
2022-03-27,7호선,건대입구,7041,7751
2022-03-27,7호선,어린이대공원,7624,7788
2022-03-27,7호선,군자,6961,5441
2022-03-27,7호선,중곡,4852,4794
2022-03-27,7호선,용마산,2818,3453
2022-03-27,7호선,사가정,8234,7975
2022-03-27,7호선,면목,7350,7242
2022-03-27,7호선,상봉,8339,7532
2022-03-27,7호선,중화,5132,5021
2022-03-27,7호선,먹골,5418,5291
2022-03-27,7호선,태릉입구,4531,4268
2022-03-27,7호선,공릉,5950,6233
2022-03-27,7호선,하계,8449,7988
2022-03-27,7호선,중계,6018,5495
2022-03-27,7호선,노원,10334,10286
2022-03-27,7호선,마들,5440,5039
2022-03-27,7호선,수락산,7954,7789
2022-03-27,7호선,도봉산,5073,7616
2022-03-27,7호선,장암,1309,940
2022-03-28,7호선,장암,2131,766
2022-03-28,7호선,도봉산,8820,10086
2022-03-28,7호선,수락산,11672,11396
2022-03-28,7호선,마들,12105,11430
2022-03-28,7호선,노원,17747,18564
2022-03-28,7호선,중계,13954,12834
2022-03-28,7호선,하계,16276,15367
2022-03-28,7호선,공릉,11887,11810
2022-03-28,7호선,태릉입구,7932,7752
2022-03-28,7호선,먹골,9289,9094
2022-03-28,7호선,중화,10265,10063
2022-03-28,7호선,상봉,15554,14497
2022-03-28,7호선,면목,15202,14819
2022-03-28,7호선,사가정,15045,15122
2022-03-28,7호선,용마산,5772,5565
2022-03-28,7호선,중곡,10234,9464
2022-03-28,7호선,군자,13781,11087
2022-03-28,7호선,어린이대공원,13449,14048
2022-03-28,7호선,건대입구,11441,12152
2022-03-28,7호선,뚝섬유원지,8354,8077
2022-03-28,7호선,청담,18006,19955
2022-03-28,7호선,강남구청,14341,15814
2022-03-28,7호선,학동,22614,23944
2022-03-28,7호선,논현,18901,20296
2022-03-28,7호선,반포,5300,5205
2022-03-28,7호선,고속터미널,14085,11651
2022-03-28,7호선,내방,13406,13844
2022-03-28,7호선,이수,14209,13788
2022-03-28,7호선,남성,10417,9871
2022-03-28,7호선,숭실대입구,13633,14178
2022-03-28,7호선,상도,10470,10388
2022-03-28,7호선,장승배기,8397,8312
2022-03-28,7호선,신대방삼거리,15723,15082
2022-03-28,7호선,보라매,9362,9450
2022-03-28,7호선,신풍,10739,10331
2022-03-28,7호선,대림,7307,7325
2022-03-28,7호선,남구로,15139,15917
2022-03-28,7호선,가산디지털단지,42471,43001
2022-03-28,7호선,철산,19068,19508
2022-03-28,7호선,광명사거리,20733,20258
2022-03-28,7호선,천왕,10697,10223
2022-03-28,7호선,온수,9919,9080
2022-03-29,7호선,마들,12216,11535
2022-03-29,7호선,장암,2135,818
2022-03-29,7호선,도봉산,9169,10574
2022-03-29,7호선,수락산,11765,11602
2022-03-29,7호선,노원,17884,18759
2022-03-29,7호선,중계,14085,12909
2022-03-29,7호선,하계,16870,15843
2022-03-29,7호선,공릉,12309,12012
2022-03-29,7호선,태릉입구,8270,7911
2022-03-29,7호선,먹골,9478,9341
2022-03-29,7호선,중화,10316,10171
2022-03-29,7호선,상봉,15683,14658
2022-03-29,7호선,면목,15429,15138
2022-03-29,7호선,사가정,15283,15352
2022-03-29,7호선,용마산,5718,5575
2022-03-29,7호선,중곡,10519,9848
2022-03-29,7호선,군자,14093,11372
2022-03-29,7호선,어린이대공원,13817,14204
2022-03-29,7호선,건대입구,11800,12270
2022-03-29,7호선,뚝섬유원지,9357,9192
2022-03-29,7호선,청담,18418,20571
2022-03-29,7호선,강남구청,15343,16716
2022-03-29,7호선,학동,22781,24578
2022-03-29,7호선,논현,19215,20669
2022-03-29,7호선,반포,5339,5161
2022-03-29,7호선,고속터미널,12938,11359
2022-03-29,7호선,내방,13738,14080
2022-03-29,7호선,이수,14415,14211
2022-03-29,7호선,남성,10479,9787
2022-03-29,7호선,숭실대입구,14011,14377
2022-03-29,7호선,상도,10682,10433
2022-03-29,7호선,장승배기,8528,8289
2022-03-29,7호선,신대방삼거리,16072,15446
2022-03-29,7호선,보라매,9411,9469
2022-03-29,7호선,신풍,10923,10444
2022-03-29,7호선,대림,7155,7098
2022-03-29,7호선,남구로,15066,15774
2022-03-29,7호선,가산디지털단지,42815,43394
2022-03-29,7호선,철산,19525,19858
2022-03-29,7호선,광명사거리,20659,20478
2022-03-29,7호선,천왕,10897,10390
2022-03-29,7호선,온수,9932,9473
2022-03-29,7호선,신중동,1,0
2022-03-30,7호선,장암,2074,768
2022-03-30,7호선,도봉산,8835,10156
2022-03-30,7호선,수락산,11617,11538
2022-03-30,7호선,마들,12042,11434
2022-03-30,7호선,노원,17538,18291
2022-03-30,7호선,중계,14042,12832
2022-03-30,7호선,하계,17078,16153
2022-03-30,7호선,공릉,12076,11882
2022-03-30,7호선,태릉입구,8160,7798
2022-03-30,7호선,먹골,9608,9239
2022-03-30,7호선,중화,10185,10152
2022-03-30,7호선,상봉,15500,14410
2022-03-30,7호선,면목,15149,14754
2022-03-30,7호선,사가정,14963,15052
2022-03-30,7호선,용마산,5673,5495
2022-03-30,7호선,중곡,10446,9808
2022-03-30,7호선,군자,13975,11232
2022-03-30,7호선,어린이대공원,13606,13899
2022-03-30,7호선,건대입구,11787,12162
2022-03-30,7호선,뚝섬유원지,7190,6819
2022-03-30,7호선,청담,18370,20590
2022-03-30,7호선,강남구청,15155,16645
2022-03-30,7호선,학동,23207,24708
2022-03-30,7호선,논현,18824,20206
2022-03-30,7호선,반포,5266,5160
2022-03-30,7호선,고속터미널,13175,11414
2022-03-30,7호선,내방,13893,14267
2022-03-30,7호선,이수,14492,14046
2022-03-30,7호선,남성,10270,9605
2022-03-30,7호선,숭실대입구,13853,14190
2022-03-30,7호선,상도,10733,10797
2022-03-30,7호선,장승배기,8391,8192
2022-03-30,7호선,신대방삼거리,15754,15129
2022-03-30,7호선,보라매,9229,9302
2022-03-30,7호선,신풍,10973,10483
2022-03-30,7호선,대림,6963,6944
2022-03-30,7호선,남구로,14775,15683
2022-03-30,7호선,가산디지털단지,42625,43013
2022-03-30,7호선,철산,19248,19528
2022-03-30,7호선,광명사거리,20604,20287
2022-03-30,7호선,천왕,10704,10271
2022-03-30,7호선,온수,10339,9659
2022-03-31,7호선,장암,2150,788
2022-03-31,7호선,도봉산,8975,10245
2022-03-31,7호선,수락산,11703,11594
2022-03-31,7호선,마들,12305,11654
2022-03-31,7호선,노원,17962,18618
2022-03-31,7호선,중계,13924,12840
2022-03-31,7호선,하계,16919,15901
2022-03-31,7호선,공릉,12253,11997
2022-03-31,7호선,태릉입구,8337,8044
2022-03-31,7호선,먹골,9495,9239
2022-03-31,7호선,중화,10324,10144
2022-03-31,7호선,상봉,15737,14681
2022-03-31,7호선,면목,15422,15000
2022-03-31,7호선,사가정,15276,15377
2022-03-31,7호선,용마산,5705,5531
2022-03-31,7호선,중곡,10447,9840
2022-03-31,7호선,군자,14092,11302
2022-03-31,7호선,어린이대공원,13956,14368
2022-03-31,7호선,건대입구,12168,12562
2022-03-31,7호선,뚝섬유원지,8357,8225
2022-03-31,7호선,청담,18259,20670
2022-03-31,7호선,강남구청,15164,16893
2022-03-31,7호선,학동,22791,24466
2022-03-31,7호선,논현,18932,20442
2022-03-31,7호선,반포,5504,5350
2022-03-31,7호선,고속터미널,13507,11582
2022-03-31,7호선,내방,13673,14070
2022-03-31,7호선,이수,14652,14287
2022-03-31,7호선,남성,10462,9610
2022-03-31,7호선,숭실대입구,13955,14230
2022-03-31,7호선,상도,10732,10432
2022-03-31,7호선,장승배기,8487,8201
2022-03-31,7호선,신대방삼거리,16128,15299
2022-03-31,7호선,보라매,9441,9443
2022-03-31,7호선,신풍,10985,10590
2022-03-31,7호선,대림,7057,6996
2022-03-31,7호선,남구로,14867,15804
2022-03-31,7호선,가산디지털단지,42750,43531
2022-03-31,7호선,철산,19666,20006
2022-03-31,7호선,광명사거리,20769,20473
2022-03-31,7호선,천왕,10733,10320
2022-03-31,7호선,온수,10391,9839
2022-03-31,7호선,굴포천,1,0
2022-04-01,7호선,장암,2153,932
2022-04-01,7호선,도봉산,9036,10671
2022-04-01,7호선,수락산,12156,11944
2022-04-01,7호선,마들,12430,11709
2022-04-01,7호선,노원,19086,20226
2022-04-01,7호선,중계,14245,12826
2022-04-01,7호선,하계,17105,15850
2022-04-01,7호선,공릉,12655,12239
2022-04-01,7호선,태릉입구,8494,8219
2022-04-01,7호선,먹골,9889,9555
2022-04-01,7호선,중화,10596,10304
2022-04-01,7호선,상봉,16289,15431
2022-04-01,7호선,면목,15963,15245
2022-04-01,7호선,사가정,15781,15779
2022-04-01,7호선,용마산,5950,5619
2022-04-01,7호선,중곡,10723,9872
2022-04-01,7호선,군자,14719,11722
2022-04-01,7호선,어린이대공원,14118,14354
2022-04-01,7호선,건대입구,12584,13775
2022-04-01,7호선,뚝섬유원지,12123,11953
2022-04-01,7호선,청담,18475,20724
2022-04-01,7호선,강남구청,15317,17312
2022-04-01,7호선,학동,22100,23650
2022-04-01,7호선,논현,19506,21387
2022-04-01,7호선,반포,5773,5563
2022-04-01,7호선,고속터미널,16198,13299
2022-04-01,7호선,내방,13958,14209
2022-04-01,7호선,이수,15355,14774
2022-04-01,7호선,남성,10896,9818
2022-04-01,7호선,숭실대입구,13992,13754
2022-04-01,7호선,상도,10989,10413
2022-04-01,7호선,장승배기,8748,8465
2022-04-01,7호선,신대방삼거리,16356,15348
2022-04-01,7호선,보라매,9460,9281
2022-04-01,7호선,신풍,11099,10618
2022-04-01,7호선,대림,7204,7473
2022-04-01,7호선,남구로,14939,15778
2022-04-01,7호선,가산디지털단지,42305,42277
2022-04-01,7호선,철산,20262,20778
2022-04-01,7호선,광명사거리,21725,21499
2022-04-01,7호선,천왕,11088,10447
2022-04-01,7호선,온수,10320,9854
2022-04-02,7호선,사가정,11752,11299
2022-04-02,7호선,온수,5279,5231
2022-04-02,7호선,천왕,6566,6202
2022-04-02,7호선,광명사거리,16073,16082
2022-04-02,7호선,철산,13735,13900
2022-04-02,7호선,가산디지털단지,13770,12474
2022-04-02,7호선,남구로,7582,7758
2022-04-02,7호선,대림,6201,6644
2022-04-02,7호선,신풍,7588,7163
2022-04-02,7호선,보라매,6336,6076
2022-04-02,7호선,신대방삼거리,11119,10342
2022-04-02,7호선,장승배기,6179,5854
2022-04-02,7호선,상도,7325,6877
2022-04-02,7호선,숭실대입구,8531,8364
2022-04-02,7호선,남성,7162,6602
2022-04-02,7호선,이수,11545,10780
2022-04-02,7호선,내방,7207,7163
2022-04-02,7호선,고속터미널,13318,10068
2022-04-02,7호선,반포,4107,3943
2022-04-02,7호선,논현,10282,11260
2022-04-02,7호선,학동,9906,10469
2022-04-02,7호선,강남구청,9386,10423
2022-04-02,7호선,청담,10399,11369
2022-04-02,7호선,뚝섬유원지,13332,13256
2022-04-02,7호선,건대입구,11299,11812
2022-04-02,7호선,어린이대공원,11875,11929
2022-04-02,7호선,군자,10374,7866
2022-04-02,7호선,중곡,6860,6488
2022-04-02,7호선,용마산,4476,4780
2022-04-02,7호선,면목,10635,10272
2022-04-02,7호선,상봉,12608,12071
2022-04-02,7호선,중화,7067,6916
2022-04-02,7호선,먹골,7522,7094
2022-04-02,7호선,태릉입구,6390,5954
2022-04-02,7호선,공릉,8565,8369
2022-04-02,7호선,하계,11773,11036
2022-04-02,7호선,중계,9150,8036
2022-04-02,7호선,노원,15065,15605
2022-04-02,7호선,마들,8506,7969
2022-04-02,7호선,수락산,9692,9344
2022-04-02,7호선,도봉산,6364,9041
2022-04-02,7호선,장암,1600,1119
2022-04-03,7호선,장암,1380,961
2022-04-03,7호선,도봉산,5443,7995
2022-04-03,7호선,수락산,7965,7849
2022-04-03,7호선,마들,5656,5170
2022-04-03,7호선,노원,10471,10390
2022-04-03,7호선,중계,6278,5981
2022-04-03,7호선,하계,8547,8101
2022-04-03,7호선,공릉,6068,6203
2022-04-03,7호선,태릉입구,4627,4517
2022-04-03,7호선,먹골,5230,5002
2022-04-03,7호선,중화,5371,5232
2022-04-03,7호선,상봉,8830,8411
2022-04-03,7호선,면목,7463,7377
2022-04-03,7호선,사가정,8429,8210
2022-04-03,7호선,용마산,3307,3654
2022-04-03,7호선,중곡,4955,4901
2022-04-03,7호선,군자,7460,5836
2022-04-03,7호선,어린이대공원,9087,9619
2022-04-03,7호선,건대입구,7734,8277
2022-04-03,7호선,뚝섬유원지,11864,11481
2022-04-03,7호선,청담,6164,6770
2022-04-03,7호선,강남구청,5236,5651
2022-04-03,7호선,학동,5648,6114
2022-04-03,7호선,논현,5736,5963
2022-04-03,7호선,반포,2749,2823
2022-04-03,7호선,고속터미널,11918,7373
2022-04-03,7호선,내방,4682,4894
2022-04-03,7호선,이수,7721,7224
2022-04-03,7호선,남성,5052,4918
2022-04-03,7호선,숭실대입구,5309,5828
2022-04-03,7호선,상도,5082,5237
2022-04-03,7호선,장승배기,4147,4105
2022-04-03,7호선,신대방삼거리,7498,7296
2022-04-03,7호선,보라매,4495,4353
2022-04-03,7호선,신풍,5431,5217
2022-04-03,7호선,대림,5911,5623
2022-04-03,7호선,남구로,5929,5724
2022-04-03,7호선,가산디지털단지,9827,9178
2022-04-03,7호선,철산,9473,9593
2022-04-03,7호선,광명사거리,11779,11744
2022-04-03,7호선,천왕,4578,4381
2022-04-03,7호선,온수,3708,3769
2022-04-04,7호선,장암,2250,834
2022-04-04,7호선,도봉산,9229,10552
2022-04-04,7호선,수락산,12042,11750
2022-04-04,7호선,마들,12257,11793
2022-04-04,7호선,노원,17847,18850
2022-04-04,7호선,중계,14266,13116
2022-04-04,7호선,하계,17063,15869
2022-04-04,7호선,공릉,12164,12040
2022-04-04,7호선,태릉입구,8308,7964
2022-04-04,7호선,먹골,9590,9437
2022-04-04,7호선,중화,10493,10182
2022-04-04,7호선,상봉,15876,14814
2022-04-04,7호선,면목,15776,15476
2022-04-04,7호선,사가정,15428,15699
2022-04-04,7호선,용마산,5976,5725
2022-04-04,7호선,중곡,10652,9847
2022-04-04,7호선,군자,14049,11265
2022-04-04,7호선,어린이대공원,14338,14917
2022-04-04,7호선,건대입구,12164,12882
2022-04-04,7호선,뚝섬유원지,9580,9167
2022-04-04,7호선,청담,18563,20585
2022-04-04,7호선,강남구청,14936,16441
2022-04-04,7호선,학동,22976,24394
2022-04-04,7호선,논현,19354,21101
2022-04-04,7호선,반포,5549,5418
2022-04-04,7호선,고속터미널,14740,11974
2022-04-04,7호선,내방,13833,13969
2022-04-04,7호선,이수,14490,14061
2022-04-04,7호선,남성,10690,10064
2022-04-04,7호선,숭실대입구,14393,14853
2022-04-04,7호선,상도,10986,10853
2022-04-04,7호선,장승배기,8646,8495
2022-04-04,7호선,신대방삼거리,16291,15676
2022-04-04,7호선,보라매,9695,9712
2022-04-04,7호선,신풍,11351,10829
2022-04-04,7호선,대림,7388,7265
2022-04-04,7호선,남구로,15534,16294
2022-04-04,7호선,가산디지털단지,44134,44589
2022-04-04,7호선,철산,20007,20342
2022-04-04,7호선,광명사거리,21165,20647
2022-04-04,7호선,천왕,10981,10572
2022-04-04,7호선,온수,10483,9739
2022-04-05,7호선,장암,2226,858
2022-04-05,7호선,도봉산,9602,10973
2022-04-05,7호선,수락산,12250,12012
2022-04-05,7호선,마들,12450,11840
2022-04-05,7호선,노원,18170,19157
2022-04-05,7호선,중계,14596,13325
2022-04-05,7호선,하계,17417,16420
2022-04-05,7호선,공릉,12566,12413
2022-04-05,7호선,태릉입구,8683,8318
2022-04-05,7호선,먹골,9765,9670
2022-04-05,7호선,중화,10600,10357
2022-04-05,7호선,상봉,16093,15073
2022-04-05,7호선,면목,16136,15667
2022-04-05,7호선,사가정,15887,15891
2022-04-05,7호선,용마산,6089,5993
2022-04-05,7호선,중곡,10859,10172
2022-04-05,7호선,군자,14436,11541
2022-04-05,7호선,어린이대공원,14928,15285
2022-04-05,7호선,건대입구,12463,12893
2022-04-05,7호선,뚝섬유원지,9614,9532
2022-04-05,7호선,청담,18905,21145
2022-04-05,7호선,강남구청,15664,17283
2022-04-05,7호선,학동,23463,25117
2022-04-05,7호선,논현,19754,21528
2022-04-05,7호선,반포,5563,5421
2022-04-05,7호선,고속터미널,13820,12013
2022-04-05,7호선,내방,14102,14499
2022-04-05,7호선,이수,14986,14498
2022-04-05,7호선,남성,11004,10250
2022-04-05,7호선,숭실대입구,14816,15223
2022-04-05,7호선,상도,11152,10892
2022-04-05,7호선,장승배기,8723,8437
2022-04-05,7호선,신대방삼거리,16257,15511
2022-04-05,7호선,보라매,9996,9861
2022-04-05,7호선,신풍,11399,10892
2022-04-05,7호선,대림,7409,7405
2022-04-05,7호선,남구로,15445,16244
2022-04-05,7호선,가산디지털단지,44203,44959
2022-04-05,7호선,온수,10752,10110
2022-04-05,7호선,천왕,11370,10816
2022-04-05,7호선,광명사거리,21325,21047
2022-04-05,7호선,철산,20403,20703
2022-04-06,7호선,온수,10749,10110
2022-04-06,7호선,천왕,11435,10884
2022-04-06,7호선,광명사거리,21589,21337
2022-04-06,7호선,철산,20491,20727
2022-04-06,7호선,가산디지털단지,44227,44819
2022-04-06,7호선,남구로,15407,16355
2022-04-06,7호선,대림,7397,7306
2022-04-06,7호선,신풍,11417,11020
2022-04-06,7호선,보라매,10069,10045
2022-04-06,7호선,신대방삼거리,16535,15917
2022-04-06,7호선,장승배기,8856,8612
2022-04-06,7호선,상도,11247,10968
2022-04-06,7호선,숭실대입구,14422,14851
2022-04-06,7호선,남성,10946,10116
2022-04-06,7호선,이수,15185,14783
2022-04-06,7호선,내방,14314,14689
2022-04-06,7호선,고속터미널,13969,12322
2022-04-06,7호선,반포,5729,5534
2022-04-06,7호선,논현,19599,21396
2022-04-06,7호선,학동,23818,25503
2022-04-06,7호선,강남구청,15753,17453
2022-04-06,7호선,청담,18899,21339
2022-04-06,7호선,뚝섬유원지,10363,10102
2022-04-06,7호선,건대입구,12367,12960
2022-04-06,7호선,어린이대공원,14886,15511
2022-04-06,7호선,군자,14580,11661
2022-04-06,7호선,중곡,11050,10196
2022-04-06,7호선,용마산,6036,5743
2022-04-06,7호선,사가정,15805,15885
2022-04-06,7호선,면목,16232,15548
2022-04-06,7호선,상봉,16303,15096
2022-04-06,7호선,중화,10672,10515
2022-04-06,7호선,먹골,9911,9669
2022-04-06,7호선,태릉입구,8807,8374
2022-04-06,7호선,공릉,12633,12421
2022-04-06,7호선,하계,18400,17292
2022-04-06,7호선,중계,14701,13401
2022-04-06,7호선,노원,18333,19338
2022-04-06,7호선,마들,12507,11786
2022-04-06,7호선,수락산,12470,12185
2022-04-06,7호선,도봉산,9390,10839
2022-04-06,7호선,장암,2166,847
2022-04-07,7호선,공릉,12730,12487
2022-04-07,7호선,하계,17904,16899
2022-04-07,7호선,중계,14752,13424
2022-04-07,7호선,노원,18502,19436
2022-04-07,7호선,마들,12774,12132
2022-04-07,7호선,수락산,12480,12097
2022-04-07,7호선,도봉산,9614,10930
2022-04-07,7호선,장암,2258,854
2022-04-07,7호선,부천시청,1,0
2022-04-07,7호선,까치울,1,0
2022-04-07,7호선,온수,10824,10165
2022-04-07,7호선,천왕,11430,10890
2022-04-07,7호선,광명사거리,21646,21399
2022-04-07,7호선,철산,20509,20919
2022-04-07,7호선,가산디지털단지,44240,44974
2022-04-07,7호선,남구로,15270,16149
2022-04-07,7호선,대림,7175,7237
2022-04-07,7호선,신풍,11525,11081
2022-04-07,7호선,보라매,9581,9712
2022-04-07,7호선,신대방삼거리,16495,15693
2022-04-07,7호선,장승배기,8753,8466
2022-04-07,7호선,상도,11204,10947
2022-04-07,7호선,숭실대입구,14567,14735
2022-04-07,7호선,남성,11051,10080
2022-04-07,7호선,이수,15142,14703
2022-04-07,7호선,내방,14271,14744
2022-04-07,7호선,고속터미널,14467,12371
2022-04-07,7호선,반포,5761,5505
2022-04-07,7호선,논현,19459,21372
2022-04-07,7호선,학동,23741,25584
2022-04-07,7호선,강남구청,15700,17708
2022-04-07,7호선,청담,19299,21551
2022-04-07,7호선,뚝섬유원지,9785,9484
2022-04-07,7호선,건대입구,12687,13314
2022-04-07,7호선,어린이대공원,14969,15454
2022-04-07,7호선,군자,14658,11680
2022-04-07,7호선,중곡,10695,10040
2022-04-07,7호선,용마산,6081,5821
2022-04-07,7호선,사가정,15964,15819
2022-04-07,7호선,면목,16128,15650
2022-04-07,7호선,상봉,16468,15340
2022-04-07,7호선,중화,10762,10540
2022-04-07,7호선,먹골,9991,9663
2022-04-07,7호선,태릉입구,8740,8447
2022-04-08,7호선,장암,2171,956
2022-04-08,7호선,도봉산,9480,10859
2022-04-08,7호선,수락산,12655,12250
2022-04-08,7호선,마들,13251,12172
2022-04-08,7호선,노원,19684,21318
2022-04-08,7호선,중계,14904,13274
2022-04-08,7호선,하계,18424,16963
2022-04-08,7호선,공릉,13112,12606
2022-04-08,7호선,태릉입구,9128,8731
2022-04-08,7호선,먹골,10290,9680
2022-04-08,7호선,중화,11038,10662
2022-04-08,7호선,상봉,16958,16069
2022-04-08,7호선,면목,16676,15765
2022-04-08,7호선,사가정,16283,16321
2022-04-08,7호선,용마산,6121,5726
2022-04-08,7호선,중곡,11135,10105
2022-04-08,7호선,군자,15157,11705
2022-04-08,7호선,어린이대공원,16052,16453
2022-04-08,7호선,건대입구,13173,14073
2022-04-08,7호선,뚝섬유원지,13565,13354
2022-04-08,7호선,청담,19226,21941
2022-04-08,7호선,강남구청,15616,18026
2022-04-08,7호선,학동,23372,25091
2022-04-08,7호선,논현,19967,22212
2022-04-08,7호선,반포,6091,5762
2022-04-08,7호선,고속터미널,17327,14065
2022-04-08,7호선,내방,14418,14845
2022-04-08,7호선,이수,15934,15614
2022-04-08,7호선,남성,11126,9913
2022-04-08,7호선,숭실대입구,14186,13993
2022-04-08,7호선,상도,11374,10729
2022-04-08,7호선,장승배기,8978,8602
2022-04-08,7호선,신대방삼거리,16820,15544
2022-04-08,7호선,보라매,10204,9932
2022-04-08,7호선,신풍,11760,11166
2022-04-08,7호선,대림,7572,7724
2022-04-08,7호선,남구로,15067,15957
2022-04-08,7호선,가산디지털단지,43670,44136
2022-04-08,7호선,철산,21500,21973
2022-04-08,7호선,광명사거리,22477,22118
2022-04-08,7호선,천왕,11634,10772
2022-04-08,7호선,온수,10927,10167
2022-04-08,7호선,까치울,1,0
2022-04-08,7호선,상동,1,0
2022-04-09,7호선,굴포천,1,0
2022-04-09,7호선,상동,1,0
2022-04-09,7호선,온수,5731,5635
2022-04-09,7호선,천왕,7167,6712
2022-04-09,7호선,광명사거리,16522,16233
2022-04-09,7호선,철산,15090,15302
2022-04-09,7호선,가산디지털단지,14870,13621
2022-04-09,7호선,남구로,7837,8010
2022-04-09,7호선,대림,6522,7233
2022-04-09,7호선,신풍,7958,7626
2022-04-09,7호선,보라매,7136,6867
2022-04-09,7호선,신대방삼거리,11394,10395
2022-04-09,7호선,장승배기,6335,5934
2022-04-09,7호선,상도,7569,7087
2022-04-09,7호선,숭실대입구,8815,8523
2022-04-09,7호선,남성,7683,6851
2022-04-09,7호선,이수,12013,11051
2022-04-09,7호선,내방,7547,7520
2022-04-09,7호선,고속터미널,14561,11045
2022-04-09,7호선,반포,4402,4337
2022-04-09,7호선,논현,10787,11803
2022-04-09,7호선,학동,10547,11089
2022-04-09,7호선,강남구청,9552,10562
2022-04-09,7호선,청담,10955,11964
2022-04-09,7호선,뚝섬유원지,18899,18781
2022-04-09,7호선,건대입구,11448,12274
2022-04-09,7호선,어린이대공원,16878,18196
2022-04-09,7호선,군자,11276,8272
2022-04-09,7호선,중곡,7114,6607
2022-04-09,7호선,용마산,4846,4984
2022-04-09,7호선,사가정,12517,12102
2022-04-09,7호선,면목,11526,10772
2022-04-09,7호선,상봉,13505,12722
2022-04-09,7호선,중화,7932,7293
2022-04-09,7호선,먹골,7768,7333
2022-04-09,7호선,태릉입구,6972,6550
2022-04-09,7호선,공릉,9654,9197
2022-04-09,7호선,하계,12988,11757
2022-04-09,7호선,중계,9789,8534
2022-04-09,7호선,노원,15436,16134
2022-04-09,7호선,마들,9988,9050
2022-04-09,7호선,수락산,10292,9786
2022-04-09,7호선,도봉산,7088,9302
2022-04-09,7호선,장암,1842,1245
2022-04-10,7호선,장암,1573,1030
2022-04-10,7호선,도봉산,5996,8411
2022-04-10,7호선,수락산,8796,8572
2022-04-10,7호선,마들,6494,5979
2022-04-10,7호선,노원,10999,11194
2022-04-10,7호선,중계,7030,6517
2022-04-10,7호선,하계,9799,9124
2022-04-10,7호선,공릉,6706,6766
2022-04-10,7호선,태릉입구,5207,5065
2022-04-10,7호선,먹골,5713,5413
2022-04-10,7호선,중화,6295,5991
2022-04-10,7호선,상봉,9597,8785
2022-04-10,7호선,면목,8611,8409
2022-04-10,7호선,사가정,9446,9176
2022-04-10,7호선,용마산,3689,4300
2022-04-10,7호선,중곡,5504,5277
2022-04-10,7호선,군자,8264,6154
2022-04-10,7호선,어린이대공원,13359,14447
2022-04-10,7호선,건대입구,8133,8737
2022-04-10,7호선,뚝섬유원지,17663,16465
2022-04-10,7호선,청담,6728,7123
2022-04-10,7호선,강남구청,5302,5955
2022-04-10,7호선,학동,6281,6810
2022-04-10,7호선,논현,5995,6443
2022-04-10,7호선,반포,3032,2989
2022-04-10,7호선,고속터미널,13700,8577
2022-04-10,7호선,내방,5162,5376
2022-04-10,7호선,이수,8547,7728
2022-04-10,7호선,남성,5683,5478
2022-04-10,7호선,숭실대입구,6171,6662
2022-04-10,7호선,상도,5493,5486
2022-04-10,7호선,장승배기,4516,4411
2022-04-10,7호선,신대방삼거리,8142,8113
2022-04-10,7호선,보라매,4786,4984
2022-04-10,7호선,신풍,6212,5811
2022-04-10,7호선,대림,6897,6360
2022-04-10,7호선,남구로,6577,6323
2022-04-10,7호선,가산디지털단지,11517,10517
2022-04-10,7호선,철산,11325,11203
2022-04-10,7호선,광명사거리,13071,12835
2022-04-10,7호선,천왕,5092,4997
2022-04-10,7호선,온수,4059,4274
2022-04-10,7호선,까치울,1,0
2022-04-11,7호선,고속터미널,15428,12774
2022-04-11,7호선,반포,5745,5630
2022-04-11,7호선,논현,19972,21466
2022-04-11,7호선,학동,23664,25018
2022-04-11,7호선,강남구청,15100,16630
2022-04-11,7호선,청담,18981,21102
2022-04-11,7호선,뚝섬유원지,12408,11868
2022-04-11,7호선,건대입구,12811,13270
2022-04-11,7호선,어린이대공원,15765,16350
2022-04-11,7호선,군자,14591,11748
2022-04-11,7호선,중곡,10761,9948
2022-04-11,7호선,용마산,6089,5886
2022-04-11,7호선,사가정,16032,16188
2022-04-11,7호선,면목,16400,15903
2022-04-11,7호선,상봉,16251,15144
2022-04-11,7호선,중화,10937,10603
2022-04-11,7호선,먹골,9934,9628
2022-04-11,7호선,태릉입구,8698,8469
2022-04-11,7호선,공릉,12602,12346
2022-04-11,7호선,하계,18052,16860
2022-04-11,7호선,중계,14788,13795
2022-04-11,7호선,노원,18342,19371
2022-04-11,7호선,마들,12766,12074
2022-04-11,7호선,수락산,12471,11967
2022-04-11,7호선,도봉산,9584,10712
2022-04-11,7호선,장암,2303,906
2022-04-11,7호선,온수,11078,10387
2022-04-11,7호선,천왕,11543,10888
2022-04-11,7호선,광명사거리,21757,21286
2022-04-11,7호선,철산,20759,21118
2022-04-11,7호선,가산디지털단지,44955,45619
2022-04-11,7호선,남구로,15884,16455
2022-04-11,7호선,대림,7633,7573
2022-04-11,7호선,신풍,11630,11020
2022-04-11,7호선,보라매,9838,9903
2022-04-11,7호선,신대방삼거리,16565,15867
2022-04-11,7호선,장승배기,9000,8598
2022-04-11,7호선,상도,11152,11101
2022-04-11,7호선,숭실대입구,14882,15203
2022-04-11,7호선,남성,11054,10413
2022-04-11,7호선,이수,14798,14485
2022-04-11,7호선,내방,14231,14528
2022-04-12,7호선,논현,20133,21759
2022-04-12,7호선,학동,24432,26081
2022-04-12,7호선,강남구청,16152,17787
2022-04-12,7호선,장암,2319,872
2022-04-12,7호선,도봉산,9711,11182
2022-04-12,7호선,수락산,12651,12366
2022-04-12,7호선,마들,12859,12332
2022-04-12,7호선,노원,18542,19453
2022-04-12,7호선,중계,15103,13777
2022-04-12,7호선,하계,18037,17026
2022-04-12,7호선,공릉,12687,12445
2022-04-12,7호선,태릉입구,8997,8500
2022-04-12,7호선,내방,14569,14962
2022-04-12,7호선,남성,11326,10608
2022-04-12,7호선,숭실대입구,14985,15377
2022-04-12,7호선,상도,11344,11003
2022-04-12,7호선,장승배기,8865,8682
2022-04-12,7호선,신대방삼거리,16838,16140
2022-04-12,7호선,보라매,10143,10079
2022-04-12,7호선,신풍,11638,11283
2022-04-12,7호선,대림,7445,7414
2022-04-12,7호선,남구로,15713,16690
2022-04-12,7호선,가산디지털단지,45445,45855
2022-04-12,7호선,철산,20671,21242
2022-04-12,7호선,광명사거리,21860,21440
2022-04-12,7호선,천왕,11652,11044
2022-04-12,7호선,온수,11322,10589
2022-04-12,7호선,청담,19553,21906
2022-04-12,7호선,뚝섬유원지,8962,8697
2022-04-12,7호선,건대입구,12512,13040
2022-04-12,7호선,이수,15396,14790
2022-04-12,7호선,어린이대공원,14958,15664
2022-04-12,7호선,군자,14852,11931
2022-04-12,7호선,중곡,11170,10186
2022-04-12,7호선,용마산,6203,6085
2022-04-12,7호선,사가정,16292,16396
2022-04-12,7호선,면목,16603,16237
2022-04-12,7호선,상봉,16525,15291
2022-04-12,7호선,중화,10861,10548
2022-04-12,7호선,먹골,10185,9950
2022-04-12,7호선,고속터미널,14429,12593
2022-04-12,7호선,반포,5752,5527
2022-04-13,7호선,온수,10981,10401
2022-04-13,7호선,천왕,11441,10840
2022-04-13,7호선,광명사거리,21518,21039
2022-04-13,7호선,철산,20481,20824
2022-04-13,7호선,가산디지털단지,44950,45477
2022-04-13,7호선,남구로,15402,16457
2022-04-13,7호선,대림,7316,7274
2022-04-13,7호선,신풍,11522,10982
2022-04-13,7호선,보라매,9655,9750
2022-04-13,7호선,신대방삼거리,16733,15828
2022-04-13,7호선,장승배기,8715,8628
2022-04-13,7호선,상도,11233,11041
2022-04-13,7호선,숭실대입구,14450,14497
2022-04-13,7호선,남성,10905,10075
2022-04-13,7호선,이수,15112,14702
2022-04-13,7호선,내방,14437,14871
2022-04-13,7호선,고속터미널,14081,12170
2022-04-13,7호선,반포,5720,5576
2022-04-13,7호선,논현,19742,21554
2022-04-13,7호선,학동,24608,25962
2022-04-13,7호선,강남구청,15938,17641
2022-04-13,7호선,청담,19371,21529
2022-04-13,7호선,뚝섬유원지,7056,6940
2022-04-13,7호선,건대입구,12335,12620
2022-04-13,7호선,어린이대공원,14499,14882
2022-04-13,7호선,군자,14645,11829
2022-04-13,7호선,중곡,10908,10123
2022-04-13,7호선,용마산,6125,5852
2022-04-13,7호선,사가정,15833,15837
2022-04-13,7호선,면목,16228,15788
2022-04-13,7호선,상봉,16198,15154
2022-04-13,7호선,중화,10703,10560
2022-04-13,7호선,먹골,9949,9689
2022-04-13,7호선,태릉입구,8570,8191
2022-04-13,7호선,공릉,12379,12207
2022-04-13,7호선,하계,18309,17361
2022-04-13,7호선,중계,14711,13333
2022-04-13,7호선,노원,18359,19109
2022-04-13,7호선,마들,12711,12005
2022-04-13,7호선,수락산,12215,11911
2022-04-13,7호선,도봉산,9177,10404
2022-04-13,7호선,장암,2224,855
2022-04-14,7호선,장암,2262,888
2022-04-14,7호선,도봉산,9541,10872
2022-04-14,7호선,수락산,12397,12183
2022-04-14,7호선,마들,12890,12124
2022-04-14,7호선,노원,18395,19449
2022-04-14,7호선,중계,14973,13628
2022-04-14,7호선,하계,18295,17118
2022-04-14,7호선,공릉,12763,12485
2022-04-14,7호선,태릉입구,9019,8627
2022-04-14,7호선,먹골,10123,9657
2022-04-14,7호선,중화,10679,10443
2022-04-14,7호선,상봉,16707,15593
2022-04-14,7호선,면목,16593,16007
2022-04-14,7호선,사가정,16183,16210
2022-04-14,7호선,용마산,6219,5867
2022-04-14,7호선,중곡,11175,10358
2022-04-14,7호선,군자,14820,11783
2022-04-14,7호선,어린이대공원,14490,14821
2022-04-14,7호선,건대입구,12430,12749
2022-04-14,7호선,뚝섬유원지,8139,7884
2022-04-14,7호선,청담,19533,22092
2022-04-14,7호선,강남구청,15786,17762
2022-04-14,7호선,학동,24204,26202
2022-04-14,7호선,논현,20004,21815
2022-04-14,7호선,반포,5752,5611
2022-04-14,7호선,고속터미널,14738,12594
2022-04-14,7호선,내방,14552,14931
2022-04-14,7호선,이수,15511,15197
2022-04-14,7호선,남성,11064,10188
2022-04-14,7호선,숭실대입구,14865,14973
2022-04-14,7호선,상도,11220,10750
2022-04-14,7호선,장승배기,8874,8746
2022-04-14,7호선,신대방삼거리,16924,16002
2022-04-14,7호선,보라매,10084,9978
2022-04-14,7호선,신풍,11581,11018
2022-04-14,7호선,대림,7324,7225
2022-04-14,7호선,남구로,15304,16513
2022-04-14,7호선,가산디지털단지,44881,45485
2022-04-14,7호선,철산,20924,21237
2022-04-14,7호선,광명사거리,21948,21604
2022-04-14,7호선,천왕,11569,10999
2022-04-14,7호선,온수,11283,10535
2022-04-15,7호선,온수,11244,10574
2022-04-15,7호선,천왕,11967,11085
2022-04-15,7호선,광명사거리,22599,22253
2022-04-15,7호선,철산,21892,22370
2022-04-15,7호선,가산디지털단지,44716,44660
2022-04-15,7호선,남구로,15471,16446
2022-04-15,7호선,대림,7713,7879
2022-04-15,7호선,신풍,11919,11267
2022-04-15,7호선,보라매,10354,10168
2022-04-15,7호선,신대방삼거리,17235,16026
2022-04-15,7호선,장승배기,9177,8858
2022-04-15,7호선,상도,11454,10789
2022-04-15,7호선,숭실대입구,14408,14113
2022-04-15,7호선,남성,11469,10139
2022-04-15,7호선,이수,16355,15922
2022-04-15,7호선,내방,14876,15101
2022-04-15,7호선,고속터미널,17022,14337
2022-04-15,7호선,반포,6127,5857
2022-04-15,7호선,논현,20468,22871
2022-04-15,7호선,학동,23736,25747
2022-04-15,7호선,강남구청,16292,18273
2022-04-15,7호선,청담,19431,22236
2022-04-15,7호선,뚝섬유원지,11250,11092
2022-04-15,7호선,건대입구,13055,13841
2022-04-15,7호선,어린이대공원,15102,15063
2022-04-15,7호선,군자,15491,12040
2022-04-15,7호선,중곡,11362,10348
2022-04-15,7호선,용마산,6224,5740
2022-04-15,7호선,사가정,16786,16660
2022-04-15,7호선,면목,16983,16193
2022-04-15,7호선,상봉,17459,16635
2022-04-15,7호선,중화,11225,10819
2022-04-15,7호선,먹골,10366,9777
2022-04-15,7호선,태릉입구,9220,8714
2022-04-15,7호선,공릉,12716,12300
2022-04-15,7호선,하계,18371,16860
2022-04-15,7호선,중계,15070,13575
2022-04-15,7호선,노원,19656,21551
2022-04-15,7호선,마들,13458,12200
2022-04-15,7호선,수락산,12914,12410
2022-04-15,7호선,도봉산,9675,11343
2022-04-15,7호선,장암,2339,929
2022-04-16,7호선,온수,5753,5618
2022-04-16,7호선,천왕,6929,6421
2022-04-16,7호선,광명사거리,17142,16847
2022-04-16,7호선,철산,15093,15306
2022-04-16,7호선,가산디지털단지,14930,13438
2022-04-16,7호선,남구로,8170,8460
2022-04-16,7호선,대림,7009,7449
2022-04-16,7호선,신풍,8213,7643
2022-04-16,7호선,보라매,6737,6491
2022-04-16,7호선,신대방삼거리,11801,10914
2022-04-16,7호선,장승배기,6353,6033
2022-04-16,7호선,상도,7623,7038
2022-04-16,7호선,숭실대입구,9032,8706
2022-04-16,7호선,남성,7832,7058
2022-04-16,7호선,이수,12050,11336
2022-04-16,7호선,내방,7537,7510
2022-04-16,7호선,고속터미널,13836,11085
2022-04-16,7호선,반포,4574,4353
2022-04-16,7호선,논현,11096,12048
2022-04-16,7호선,학동,10359,10913
2022-04-16,7호선,강남구청,10192,11400
2022-04-16,7호선,청담,11326,12308
2022-04-16,7호선,뚝섬유원지,14480,14758
2022-04-16,7호선,건대입구,11045,11692
2022-04-16,7호선,어린이대공원,13538,13947
2022-04-16,7호선,군자,11056,8394
2022-04-16,7호선,중곡,7043,6487
2022-04-16,7호선,용마산,4539,4707
2022-04-16,7호선,사가정,12380,11810
2022-04-16,7호선,면목,11274,10630
2022-04-16,7호선,상봉,13448,12776
2022-04-16,7호선,중화,7844,7345
2022-04-16,7호선,먹골,7723,7302
2022-04-16,7호선,태릉입구,6782,6287
2022-04-16,7호선,공릉,9714,9322
2022-04-16,7호선,하계,13057,11763
2022-04-16,7호선,중계,9627,8353
2022-04-16,7호선,노원,15835,16211
2022-04-16,7호선,마들,8932,8271
2022-04-16,7호선,수락산,10562,10244
2022-04-16,7호선,도봉산,7137,10098
2022-04-16,7호선,장암,1697,1351
2022-04-17,7호선,장암,1464,966
2022-04-17,7호선,도봉산,5855,8388
2022-04-17,7호선,수락산,8262,8168
2022-04-17,7호선,마들,5991,5668
2022-04-17,7호선,중계,6727,6260
2022-04-17,7호선,하계,9284,8860
2022-04-17,7호선,공릉,6559,6861
2022-04-17,7호선,태릉입구,5048,4628
2022-04-17,7호선,먹골,5508,5217
2022-04-17,7호선,중화,5855,5707
2022-04-17,7호선,상봉,9513,9029
2022-04-17,7호선,면목,8153,7906
2022-04-17,7호선,사가정,9193,8843
2022-04-17,7호선,용마산,3495,3863
2022-04-17,7호선,중곡,5400,5121
2022-04-17,7호선,군자,8200,6126
2022-04-17,7호선,어린이대공원,9335,9768
2022-04-17,7호선,건대입구,7553,7965
2022-04-17,7호선,뚝섬유원지,11811,11548
2022-04-17,7호선,청담,6768,7451
2022-04-17,7호선,강남구청,5888,6529
2022-04-17,7호선,학동,6229,6521
2022-04-17,7호선,논현,5959,6520
2022-04-17,7호선,반포,2977,2983
2022-04-17,7호선,고속터미널,12860,8130
2022-04-17,7호선,내방,5136,5277
2022-04-17,7호선,이수,8518,8036
2022-04-17,7호선,남성,5398,5409
2022-04-17,7호선,숭실대입구,6104,6454
2022-04-17,7호선,상도,5398,5456
2022-04-17,7호선,장승배기,4526,4587
2022-04-17,7호선,신대방삼거리,8569,8428
2022-04-17,7호선,보라매,5270,5234
2022-04-17,7호선,신풍,6216,5915
2022-04-17,7호선,대림,6804,6521
2022-04-17,7호선,남구로,6597,6404
2022-04-17,7호선,가산디지털단지,10755,9905
2022-04-17,7호선,철산,10398,10265
2022-04-17,7호선,광명사거리,12837,12642
2022-04-17,7호선,천왕,4992,4827
2022-04-17,7호선,온수,4058,4149
2022-04-17,7호선,노원,10810,10754
2022-04-18,7호선,온수,11190,10358
2022-04-18,7호선,천왕,11538,10980
2022-04-18,7호선,광명사거리,22072,21733
2022-04-18,7호선,철산,20884,21291
2022-04-18,7호선,가산디지털단지,46112,46587
2022-04-18,7호선,남구로,16101,16911
2022-04-18,7호선,대림,7753,7646
2022-04-18,7호선,신풍,11753,11152
2022-04-18,7호선,보라매,10031,9950
2022-04-18,7호선,신대방삼거리,16843,16131
2022-04-18,7호선,장승배기,8984,8660
2022-04-18,7호선,상도,11177,11111
2022-04-18,7호선,숭실대입구,14767,15094
2022-04-18,7호선,남성,11172,10504
2022-04-18,7호선,이수,15047,14727
2022-04-18,7호선,내방,14491,14791
2022-04-18,7호선,고속터미널,15260,12326
2022-04-18,7호선,반포,5779,5629
2022-04-18,7호선,논현,20107,21784
2022-04-18,7호선,학동,24412,25927
2022-04-18,7호선,강남구청,15765,17235
2022-04-18,7호선,청담,19147,21365
2022-04-18,7호선,뚝섬유원지,9064,8781
2022-04-18,7호선,건대입구,11956,12490
2022-04-18,7호선,어린이대공원,14026,14451
2022-04-18,7호선,군자,14685,11824
2022-04-18,7호선,중곡,11083,10086
2022-04-18,7호선,용마산,6095,5790
2022-04-18,7호선,사가정,16120,16410
2022-04-18,7호선,면목,16451,16126
2022-04-18,7호선,상봉,16378,15259
2022-04-18,7호선,중화,10880,10545
2022-04-18,7호선,먹골,10088,9874
2022-04-18,7호선,태릉입구,8674,8379
2022-04-18,7호선,공릉,12945,12959
2022-04-18,7호선,하계,17878,16640
2022-04-18,7호선,중계,14972,13868
2022-04-18,7호선,노원,17881,18919
2022-04-18,7호선,마들,12792,12130
2022-04-18,7호선,수락산,12577,12105
2022-04-18,7호선,도봉산,9573,10805
2022-04-18,7호선,장암,2396,888
2022-04-19,7호선,장암,2349,898
2022-04-19,7호선,도봉산,9968,11510
2022-04-19,7호선,수락산,12973,12642
2022-04-19,7호선,마들,13028,12451
2022-04-19,7호선,노원,19321,20256
2022-04-19,7호선,중계,15386,14182
2022-04-19,7호선,하계,18483,17234
2022-04-19,7호선,공릉,13357,13063
2022-04-19,7호선,태릉입구,9228,8835
2022-04-19,7호선,먹골,10317,10106
2022-04-19,7호선,중화,11151,10870
2022-04-19,7호선,상봉,16921,15874
2022-04-19,7호선,면목,16985,16479
2022-04-19,7호선,사가정,16576,16724
2022-04-19,7호선,용마산,6396,6115
2022-04-19,7호선,중곡,11391,10478
2022-04-19,7호선,군자,15239,12295
2022-04-19,7호선,어린이대공원,14347,14694
2022-04-19,7호선,건대입구,12429,12960
2022-04-19,7호선,뚝섬유원지,9342,9115
2022-04-19,7호선,청담,19850,22440
2022-04-19,7호선,강남구청,16638,18548
2022-04-19,7호선,학동,25023,26770
2022-04-19,7호선,논현,20903,22602
2022-04-19,7호선,반포,5986,5737
2022-04-19,7호선,고속터미널,14879,13087
2022-04-19,7호선,내방,14900,15312
2022-04-19,7호선,이수,15752,15315
2022-04-19,7호선,남성,11546,10647
2022-04-19,7호선,숭실대입구,15254,15582
2022-04-19,7호선,상도,11481,11163
2022-04-19,7호선,장승배기,9098,8710
2022-04-19,7호선,신대방삼거리,17147,16395
2022-04-19,7호선,보라매,10498,10525
2022-04-19,7호선,신풍,11894,11333
2022-04-19,7호선,대림,7656,7771
2022-04-19,7호선,남구로,16275,17137
2022-04-19,7호선,가산디지털단지,46573,46979
2022-04-19,7호선,철산,21349,21899
2022-04-19,7호선,광명사거리,22520,22261
2022-04-19,7호선,천왕,11966,11378
2022-04-19,7호선,온수,11508,10800
2022-04-20,7호선,청담,20087,22780
2022-04-20,7호선,면목,17130,16510
2022-04-20,7호선,장암,2351,916
2022-04-20,7호선,도봉산,10152,11616
2022-04-20,7호선,수락산,13084,12698
2022-04-20,7호선,마들,13266,12534
2022-04-20,7호선,노원,19168,20336
2022-04-20,7호선,중계,15575,14300
2022-04-20,7호선,하계,19429,18320
2022-04-20,7호선,공릉,13293,13077
2022-04-20,7호선,태릉입구,9348,8704
2022-04-20,7호선,먹골,10341,10204
2022-04-20,7호선,중화,11109,10722
2022-04-20,7호선,상봉,17038,15962
2022-04-20,7호선,사가정,16693,16683
2022-04-20,7호선,용마산,6275,6032
2022-04-20,7호선,중곡,11435,10571
2022-04-20,7호선,군자,15143,12155
2022-04-20,7호선,어린이대공원,14341,14521
2022-04-20,7호선,건대입구,12699,13249
2022-04-20,7호선,뚝섬유원지,9914,9639
2022-04-20,7호선,강남구청,16744,18619
2022-04-20,7호선,학동,25038,26964
2022-04-20,7호선,논현,20993,22536
2022-04-20,7호선,반포,6269,6087
2022-04-20,7호선,고속터미널,15071,13270
2022-04-20,7호선,내방,15042,15397
2022-04-20,7호선,이수,15977,15692
2022-04-20,7호선,남성,11724,10750
2022-04-20,7호선,숭실대입구,15412,15422
2022-04-20,7호선,상도,11441,11235
2022-04-20,7호선,장승배기,9180,8903
2022-04-20,7호선,신대방삼거리,17246,16539
2022-04-20,7호선,보라매,10426,10497
2022-04-20,7호선,신풍,12136,11490
2022-04-20,7호선,대림,7725,7785
2022-04-20,7호선,남구로,16090,17085
2022-04-20,7호선,가산디지털단지,46618,46994
2022-04-20,7호선,철산,21708,22043
2022-04-20,7호선,광명사거리,22520,22211
2022-04-20,7호선,천왕,11971,11379
2022-04-20,7호선,온수,11323,10699
2022-04-20,7호선,부천종합운동장,1,0
2022-04-20,7호선,삼산체육관,1,0
2022-04-21,7호선,온수,11474,10746
2022-04-21,7호선,천왕,12010,11380
2022-04-21,7호선,광명사거리,22753,22106
2022-04-21,7호선,철산,21376,21684
2022-04-21,7호선,가산디지털단지,46202,46644
2022-04-21,7호선,남구로,15935,17154
2022-04-21,7호선,대림,7591,7652
2022-04-21,7호선,신풍,11989,11391
2022-04-21,7호선,보라매,10438,10394
2022-04-21,7호선,신대방삼거리,17522,16399
2022-04-21,7호선,장승배기,9037,8980
2022-04-21,7호선,상도,11462,10842
2022-04-21,7호선,숭실대입구,15813,15826
2022-04-21,7호선,남성,11714,10716
2022-04-21,7호선,이수,16867,15477
2022-04-21,7호선,내방,15003,15527
2022-04-21,7호선,고속터미널,15787,13970
2022-04-21,7호선,반포,6334,5893
2022-04-21,7호선,논현,20760,23054
2022-04-21,7호선,학동,24747,26994
2022-04-21,7호선,강남구청,16630,18470
2022-04-21,7호선,청담,20042,22877
2022-04-21,7호선,뚝섬유원지,9975,9616
2022-04-21,7호선,건대입구,12678,13240
2022-04-21,7호선,어린이대공원,14440,14437
2022-04-21,7호선,군자,15382,12131
2022-04-21,7호선,중곡,11431,10428
2022-04-21,7호선,용마산,6323,6028
2022-04-21,7호선,사가정,16836,16666
2022-04-21,7호선,면목,17078,16278
2022-04-21,7호선,상봉,17319,16197
2022-04-21,7호선,중화,11201,10846
2022-04-21,7호선,먹골,10450,9974
2022-04-21,7호선,태릉입구,9490,8829
2022-04-21,7호선,공릉,13433,12970
2022-04-21,7호선,하계,19005,17710
2022-04-21,7호선,중계,15532,14233
2022-04-21,7호선,노원,19069,20095
2022-04-21,7호선,마들,13491,12534
2022-04-21,7호선,수락산,12922,12704
2022-04-21,7호선,도봉산,9923,11597
2022-04-21,7호선,장암,2437,901
2022-04-22,7호선,온수,11384,10582
2022-04-22,7호선,천왕,11867,10942
2022-04-22,7호선,광명사거리,22740,22302
2022-04-22,7호선,철산,21778,22544
2022-04-22,7호선,가산디지털단지,45478,45349
2022-04-22,7호선,남구로,15588,16660
2022-04-22,7호선,대림,7534,7865
2022-04-22,7호선,신풍,11979,11281
2022-04-22,7호선,보라매,10443,10158
2022-04-22,7호선,신대방삼거리,17222,16070
2022-04-22,7호선,장승배기,9146,8804
2022-04-22,7호선,상도,11628,10825
2022-04-22,7호선,숭실대입구,14477,14124
2022-04-22,7호선,남성,11560,10299
2022-04-22,7호선,이수,16509,15979
2022-04-22,7호선,내방,14851,15391
2022-04-22,7호선,고속터미널,17890,14721
2022-04-22,7호선,반포,6132,5932
2022-04-22,7호선,논현,21060,24246
2022-04-22,7호선,학동,24481,26427
2022-04-22,7호선,강남구청,16607,18871
2022-04-22,7호선,청담,19617,22388
2022-04-22,7호선,뚝섬유원지,8593,8285
2022-04-22,7호선,건대입구,12979,13807
2022-04-22,7호선,어린이대공원,13946,13790
2022-04-22,7호선,군자,15633,12231
2022-04-22,7호선,중곡,11598,10418
2022-04-22,7호선,용마산,6282,5756
2022-04-22,7호선,사가정,16675,16653
2022-04-22,7호선,면목,16574,15777
2022-04-22,7호선,상봉,17437,16268
2022-04-22,7호선,중화,11154,10691
2022-04-22,7호선,먹골,10532,9942
2022-04-22,7호선,태릉입구,9144,8358
2022-04-22,7호선,공릉,13488,12815
2022-04-22,7호선,하계,18685,17300
2022-04-22,7호선,중계,15132,13374
2022-04-22,7호선,노원,19773,21042
2022-04-22,7호선,마들,13291,12321
2022-04-22,7호선,수락산,12866,12405
2022-04-22,7호선,도봉산,9482,10739
2022-04-22,7호선,장암,2327,942
2022-04-23,7호선,삼산체육관,1,0
2022-04-23,7호선,상동,1,0
2022-04-23,7호선,온수,5964,5692
2022-04-23,7호선,천왕,7220,6669
2022-04-23,7호선,광명사거리,17450,17167
2022-04-23,7호선,철산,15435,15624
2022-04-23,7호선,가산디지털단지,15334,13729
2022-04-23,7호선,남구로,8330,8637
2022-04-23,7호선,대림,7072,7586
2022-04-23,7호선,신풍,8413,7855
2022-04-23,7호선,보라매,6902,6664
2022-04-23,7호선,신대방삼거리,11545,10716
2022-04-23,7호선,장승배기,6595,6229
2022-04-23,7호선,상도,7565,6933
2022-04-23,7호선,숭실대입구,9587,8995
2022-04-23,7호선,남성,7850,7214
2022-04-23,7호선,이수,12294,11483
2022-04-23,7호선,내방,7820,7855
2022-04-23,7호선,고속터미널,15070,11600
2022-04-23,7호선,반포,4504,4373
2022-04-23,7호선,논현,11342,12287
2022-04-23,7호선,학동,10941,11605
2022-04-23,7호선,강남구청,10040,11370
2022-04-23,7호선,청담,11014,12075
2022-04-23,7호선,뚝섬유원지,15065,14399
2022-04-23,7호선,건대입구,10748,11497
2022-04-23,7호선,어린이대공원,11744,11849
2022-04-23,7호선,군자,11395,8387
2022-04-23,7호선,중곡,7262,6633
2022-04-23,7호선,용마산,4435,4508
2022-04-23,7호선,사가정,12707,12032
2022-04-23,7호선,면목,11556,10750
2022-04-23,7호선,상봉,13670,12995
2022-04-23,7호선,중화,7998,7445
2022-04-23,7호선,먹골,7643,7211
2022-04-23,7호선,태릉입구,6732,6229
2022-04-23,7호선,공릉,9530,8945
2022-04-23,7호선,하계,12803,11772
2022-04-23,7호선,중계,9776,8526
2022-04-23,7호선,노원,15604,16398
2022-04-23,7호선,마들,9155,8223
2022-04-23,7호선,수락산,10573,10215
2022-04-23,7호선,도봉산,7251,9673
2022-04-23,7호선,장암,1826,1141
2022-04-24,7호선,장암,1553,1057
2022-04-24,7호선,도봉산,5767,7963
2022-04-24,7호선,수락산,8642,8694
2022-04-24,7호선,마들,6094,5709
2022-04-24,7호선,노원,10727,10892
2022-04-24,7호선,중계,6633,6252
2022-04-24,7호선,하계,9375,8917
2022-04-24,7호선,공릉,6723,7027
2022-04-24,7호선,태릉입구,4979,4585
2022-04-24,7호선,먹골,5362,5140
2022-04-24,7호선,중화,5916,5755
2022-04-24,7호선,상봉,9469,8582
2022-04-24,7호선,면목,8102,7950
2022-04-24,7호선,사가정,8889,8878
2022-04-24,7호선,용마산,3589,3950
2022-04-24,7호선,중곡,5356,5209
2022-04-24,7호선,군자,7859,6107
2022-04-24,7호선,어린이대공원,8724,8971
2022-04-24,7호선,건대입구,7306,7808
2022-04-24,7호선,뚝섬유원지,10634,10141
2022-04-24,7호선,청담,7117,7642
2022-04-24,7호선,강남구청,5601,6127
2022-04-24,7호선,학동,6347,6667
2022-04-24,7호선,논현,6110,6485
2022-04-24,7호선,반포,2857,2814
2022-04-24,7호선,고속터미널,13288,8526
2022-04-24,7호선,내방,5233,5370
2022-04-24,7호선,이수,8347,7843
2022-04-24,7호선,남성,5580,5415
2022-04-24,7호선,숭실대입구,5818,6251
2022-04-24,7호선,상도,5114,5163
2022-04-24,7호선,장승배기,4713,4705
2022-04-24,7호선,신대방삼거리,8408,8239
2022-04-24,7호선,보라매,4921,5007
2022-04-24,7호선,신풍,6024,5756
2022-04-24,7호선,대림,7030,6664
2022-04-24,7호선,남구로,6716,6561
2022-04-24,7호선,가산디지털단지,10909,10268
2022-04-24,7호선,철산,10569,10549
2022-04-24,7호선,광명사거리,12898,12712
2022-04-24,7호선,천왕,4932,4821
2022-04-24,7호선,온수,4273,4387
2022-04-25,7호선,장암,2318,867
2022-04-25,7호선,도봉산,9838,10933
2022-04-25,7호선,수락산,12775,12208
2022-04-25,7호선,마들,13263,12112
2022-04-25,7호선,노원,18901,19950
2022-04-25,7호선,중계,15300,14257
2022-04-25,7호선,하계,18296,16931
2022-04-25,7호선,공릉,13281,13046
2022-04-25,7호선,태릉입구,9082,8706
2022-04-25,7호선,먹골,10250,10812
2022-04-25,7호선,중화,11084,10734
2022-04-25,7호선,상봉,16993,15684
2022-04-25,7호선,면목,16799,16197
2022-04-25,7호선,사가정,16404,16761
2022-04-25,7호선,용마산,6253,5907
2022-04-25,7호선,중곡,11183,10245
2022-04-25,7호선,군자,15024,12303
2022-04-25,7호선,어린이대공원,14009,14529
2022-04-25,7호선,건대입구,12536,13486
2022-04-25,7호선,뚝섬유원지,8947,8524
2022-04-25,7호선,청담,19643,21880
2022-04-25,7호선,강남구청,15906,17532
2022-04-25,7호선,학동,24922,26396
2022-04-25,7호선,논현,20970,22853
2022-04-25,7호선,반포,5845,5702
2022-04-25,7호선,고속터미널,15797,13196
2022-04-25,7호선,내방,14905,15142
2022-04-25,7호선,이수,15385,14974
2022-04-25,7호선,남성,11373,10687
2022-04-25,7호선,숭실대입구,15580,16054
2022-04-25,7호선,상도,11200,10998
2022-04-25,7호선,장승배기,9094,9083
2022-04-25,7호선,신대방삼거리,17010,16380
2022-04-25,7호선,보라매,10233,10277
2022-04-25,7호선,신풍,11788,11307
2022-04-25,7호선,대림,7879,7870
2022-04-25,7호선,남구로,16319,17242
2022-04-25,7호선,가산디지털단지,46960,47168
2022-04-25,7호선,철산,21422,21716
2022-04-25,7호선,광명사거리,22377,21918
2022-04-25,7호선,천왕,11852,11349
2022-04-25,7호선,온수,11404,10648
2022-04-25,7호선,신중동,1,0
2022-04-26,7호선,온수,11642,10831
2022-04-26,7호선,천왕,12172,11538
2022-04-26,7호선,광명사거리,22571,22197
2022-04-26,7호선,철산,21861,22095
2022-04-26,7호선,가산디지털단지,46895,47589
2022-04-26,7호선,남구로,16191,17205
2022-04-26,7호선,대림,8056,8037
2022-04-26,7호선,신풍,12179,11554
2022-04-26,7호선,보라매,10477,10658
2022-04-26,7호선,신대방삼거리,17539,16591
2022-04-26,7호선,장승배기,9313,9058
2022-04-26,7호선,상도,11725,11279
2022-04-26,7호선,숭실대입구,16184,16407
2022-04-26,7호선,남성,11955,10983
2022-04-26,7호선,이수,16094,15656
2022-04-26,7호선,내방,15080,15436
2022-04-26,7호선,고속터미널,14956,13184
2022-04-26,7호선,반포,5971,5785
2022-04-26,7호선,논현,21243,23122
2022-04-26,7호선,학동,25153,27257
2022-04-26,7호선,강남구청,16688,18725
2022-04-26,7호선,청담,20152,22874
2022-04-26,7호선,뚝섬유원지,11093,10602
2022-04-26,7호선,건대입구,12962,13831
2022-04-26,7호선,어린이대공원,15272,15750
2022-04-26,7호선,군자,15756,12239
2022-04-26,7호선,중곡,11459,10403
2022-04-26,7호선,용마산,6317,6121
2022-04-26,7호선,사가정,16977,16970
2022-04-26,7호선,면목,17187,16642
2022-04-26,7호선,상봉,17297,16153
2022-04-26,7호선,중화,11268,11023
2022-04-26,7호선,먹골,10586,10254
2022-04-26,7호선,태릉입구,9466,8912
2022-04-26,7호선,공릉,13773,13564
2022-04-26,7호선,하계,18962,17753
2022-04-26,7호선,중계,15684,14190
2022-04-26,7호선,노원,19589,20717
2022-04-26,7호선,마들,13232,12583
2022-04-26,7호선,수락산,13041,12658
2022-04-26,7호선,도봉산,9953,11424
2022-04-26,7호선,장암,2445,897
2022-04-27,7호선,장암,2378,901
2022-04-27,7호선,도봉산,10258,11678
2022-04-27,7호선,수락산,13361,13134
2022-04-27,7호선,마들,13645,12727
2022-04-27,7호선,노원,19704,20833
2022-04-27,7호선,중계,15650,14272
2022-04-27,7호선,하계,20053,18877
2022-04-27,7호선,공릉,13641,13546
2022-04-27,7호선,태릉입구,9558,9015
2022-04-27,7호선,먹골,10612,10238
2022-04-27,7호선,중화,11390,11123
2022-04-27,7호선,상봉,17694,16476
2022-04-27,7호선,면목,17303,16538
2022-04-27,7호선,사가정,16991,16954
2022-04-27,7호선,용마산,6475,6237
2022-04-27,7호선,중곡,11458,10575
2022-04-27,7호선,군자,15735,12469
2022-04-27,7호선,어린이대공원,16143,16366
2022-04-27,7호선,건대입구,13647,14532
2022-04-27,7호선,뚝섬유원지,12703,12169
2022-04-27,7호선,청담,20446,23132
2022-04-27,7호선,강남구청,17228,19167
2022-04-27,7호선,학동,25584,27602
2022-04-27,7호선,논현,21279,23103
2022-04-27,7호선,반포,6130,6061
2022-04-27,7호선,고속터미널,15264,13593
2022-04-27,7호선,내방,15337,15905
2022-04-27,7호선,이수,16498,16244
2022-04-27,7호선,남성,11815,10780
2022-04-27,7호선,숭실대입구,15739,15768
2022-04-27,7호선,상도,12198,11942
2022-04-27,7호선,장승배기,9428,9276
2022-04-27,7호선,신대방삼거리,17896,16879
2022-04-27,7호선,보라매,10514,10527
2022-04-27,7호선,신풍,12222,11828
2022-04-27,7호선,대림,7830,7876
2022-04-27,7호선,남구로,16254,17325
2022-04-27,7호선,가산디지털단지,47189,47901
2022-04-27,7호선,철산,22199,22587
2022-04-27,7호선,광명사거리,22987,22532
2022-04-27,7호선,천왕,12265,11546
2022-04-27,7호선,온수,11628,11096
2022-04-27,7호선,부천시청,2,0
2022-04-28,7호선,장암,2399,921
2022-04-28,7호선,도봉산,10113,11775
2022-04-28,7호선,수락산,13420,13007
2022-04-28,7호선,마들,13571,12684
2022-04-28,7호선,노원,19626,20852
2022-04-28,7호선,중계,15843,14436
2022-04-28,7호선,하계,19199,18071
2022-04-28,7호선,공릉,13791,13392
2022-04-28,7호선,태릉입구,9727,9214
2022-04-28,7호선,먹골,10821,10317
2022-04-28,7호선,중화,11526,11114
2022-04-28,7호선,상봉,17832,16511
2022-04-28,7호선,면목,17157,16437
2022-04-28,7호선,사가정,17152,17105
2022-04-28,7호선,용마산,6470,6162
2022-04-28,7호선,중곡,11647,10774
2022-04-28,7호선,군자,15940,12564
2022-04-28,7호선,어린이대공원,16749,16982
2022-04-28,7호선,건대입구,13584,14529
2022-04-28,7호선,뚝섬유원지,12744,12242
2022-04-28,7호선,청담,20252,23031
2022-04-28,7호선,강남구청,16981,18993
2022-04-28,7호선,학동,24872,26901
2022-04-28,7호선,논현,21407,23575
2022-04-28,7호선,반포,6252,6114
2022-04-28,7호선,고속터미널,16068,13591
2022-04-28,7호선,내방,15353,15739
2022-04-28,7호선,이수,16284,15898
2022-04-28,7호선,남성,11917,10817
2022-04-28,7호선,숭실대입구,15720,15846
2022-04-28,7호선,상도,12104,11628
2022-04-28,7호선,장승배기,9362,9020
2022-04-28,7호선,신대방삼거리,17768,16784
2022-04-28,7호선,보라매,10632,10705
2022-04-28,7호선,신풍,12431,11816
2022-04-28,7호선,대림,7651,7692
2022-04-28,7호선,남구로,15949,17284
2022-04-28,7호선,가산디지털단지,46675,47429
2022-04-28,7호선,철산,22411,22589
2022-04-28,7호선,광명사거리,22754,22258
2022-04-28,7호선,천왕,12206,11557
2022-04-28,7호선,온수,11664,11123
2022-04-29,7호선,장암,2410,984
2022-04-29,7호선,도봉산,9910,11051
2022-04-29,7호선,수락산,13658,12953
2022-04-29,7호선,마들,13870,12747
2022-04-29,7호선,노원,21089,22774
2022-04-29,7호선,중계,15788,14178
2022-04-29,7호선,하계,20004,18168
2022-04-29,7호선,공릉,14145,13461
2022-04-29,7호선,태릉입구,9759,9180
2022-04-29,7호선,먹골,10984,10398
2022-04-29,7호선,중화,11730,11182
2022-04-29,7호선,상봉,18191,17191
2022-04-29,7호선,면목,17187,16192
2022-04-29,7호선,사가정,17463,17179
2022-04-29,7호선,용마산,6557,6026
2022-04-29,7호선,중곡,11822,10783
2022-04-29,7호선,군자,16142,12525
2022-04-29,7호선,어린이대공원,16096,15937
2022-04-29,7호선,건대입구,14276,15346
2022-04-29,7호선,뚝섬유원지,13080,12352
2022-04-29,7호선,청담,20165,22905
2022-04-29,7호선,강남구청,16789,19282
2022-04-29,7호선,학동,24377,26687
2022-04-29,7호선,논현,21606,24024
2022-04-29,7호선,반포,6518,6200
2022-04-29,7호선,고속터미널,19559,15335
2022-04-29,7호선,내방,15291,15778
2022-04-29,7호선,이수,17385,16931
2022-04-29,7호선,남성,11924,10645
2022-04-29,7호선,숭실대입구,15607,15415
2022-04-29,7호선,상도,12172,11330
2022-04-29,7호선,장승배기,9517,9059
2022-04-29,7호선,신대방삼거리,18025,16799
2022-04-29,7호선,보라매,10602,10496
2022-04-29,7호선,신풍,12401,11776
2022-04-29,7호선,대림,8036,8256
2022-04-29,7호선,남구로,15906,16945
2022-04-29,7호선,가산디지털단지,46231,46574
2022-04-29,7호선,철산,22960,23823
2022-04-29,7호선,광명사거리,23886,22819
2022-04-29,7호선,천왕,12237,11234
2022-04-29,7호선,온수,11478,10762
2022-04-30,7호선,장암,1862,1282
2022-04-30,7호선,도봉산,7166,9751
2022-04-30,7호선,수락산,10935,10492
2022-04-30,7호선,마들,9415,8435
2022-04-30,7호선,노원,16783,17705
2022-04-30,7호선,중계,9907,8750
2022-04-30,7호선,하계,14024,12868
2022-04-30,7호선,공릉,9916,9367
2022-04-30,7호선,태릉입구,7211,6656
2022-04-30,7호선,먹골,8167,7723
2022-04-30,7호선,중화,8014,7522
2022-04-30,7호선,상봉,14154,13867
2022-04-30,7호선,면목,11451,10744
2022-04-30,7호선,사가정,13022,12411
2022-04-30,7호선,용마산,4686,4814
2022-04-30,7호선,중곡,7476,6790
2022-04-30,7호선,군자,11469,8566
2022-04-30,7호선,어린이대공원,12195,12150
2022-04-30,7호선,건대입구,12039,13598
2022-04-30,7호선,뚝섬유원지,15126,15105
2022-04-30,7호선,청담,11822,13021
2022-04-30,7호선,강남구청,10466,11661
2022-04-30,7호선,학동,11148,11715
2022-04-30,7호선,논현,11291,12464
2022-04-30,7호선,반포,4741,4584
2022-04-30,7호선,고속터미널,17098,12753
2022-04-30,7호선,내방,8279,8222
2022-04-30,7호선,이수,13087,12615
2022-04-30,7호선,남성,8422,7454
2022-04-30,7호선,숭실대입구,9739,9157
2022-04-30,7호선,상도,8484,7593
2022-04-30,7호선,장승배기,6672,6132
2022-04-30,7호선,신대방삼거리,12221,11280
2022-04-30,7호선,보라매,6973,6632
2022-04-30,7호선,신풍,8574,8075
2022-04-30,7호선,대림,7295,7798
2022-04-30,7호선,남구로,8489,8932
2022-04-30,7호선,가산디지털단지,15867,14244
2022-04-30,7호선,철산,16182,16558
2022-04-30,7호선,광명사거리,18143,17606
2022-04-30,7호선,천왕,7614,7001
2022-04-30,7호선,온수,5938,6067
2022-04-30,7호선,부천시청,1,0
2022-05-01,7호선,남성,5648,5667
2022-05-01,7호선,숭실대입구,6017,6753
2022-05-01,7호선,상도,5645,6010
2022-05-01,7호선,장승배기,4600,4650
2022-05-01,7호선,신대방삼거리,8552,8417
2022-05-01,7호선,보라매,4652,4792
2022-05-01,7호선,신풍,6573,6373
2022-05-01,7호선,대림,8173,7352
2022-05-01,7호선,남구로,7045,6716
2022-05-01,7호선,가산디지털단지,11663,10814
2022-05-01,7호선,철산,11251,11206
2022-05-01,7호선,광명사거리,13293,13140
2022-05-01,7호선,천왕,5250,5073
2022-05-01,7호선,온수,4124,4319
2022-05-01,7호선,장암,1677,1088
2022-05-01,7호선,도봉산,5977,8518
2022-05-01,7호선,수락산,8756,8651
2022-05-01,7호선,마들,6486,5993
2022-05-01,7호선,노원,11739,11981
2022-05-01,7호선,중계,7254,6794
2022-05-01,7호선,하계,9954,9804
2022-05-01,7호선,공릉,6956,7484
2022-05-01,7호선,태릉입구,5346,5194
2022-05-01,7호선,먹골,5773,5598
2022-05-01,7호선,중화,6039,5829
2022-05-01,7호선,상봉,10391,9622
2022-05-01,7호선,면목,8375,8161
2022-05-01,7호선,사가정,9658,9481
2022-05-01,7호선,용마산,3577,4011
2022-05-01,7호선,중곡,5557,5447
2022-05-01,7호선,군자,8500,6577
2022-05-01,7호선,어린이대공원,10108,10436
2022-05-01,7호선,건대입구,8779,9771
2022-05-01,7호선,뚝섬유원지,13968,13809
2022-05-01,7호선,청담,7166,7677
2022-05-01,7호선,강남구청,5743,6228
2022-05-01,7호선,학동,6056,6316
2022-05-01,7호선,논현,6231,6672
2022-05-01,7호선,반포,3245,3260
2022-05-01,7호선,고속터미널,15699,9196
2022-05-01,7호선,내방,5225,5643
2022-05-01,7호선,이수,8745,8339
2022-05-02,7호선,온수,11814,10995
2022-05-02,7호선,천왕,12178,11622
2022-05-02,7호선,광명사거리,22862,22446
2022-05-02,7호선,철산,22177,22530
2022-05-02,7호선,가산디지털단지,47794,48108
2022-05-02,7호선,남구로,16559,17429
2022-05-02,7호선,대림,8260,8146
2022-05-02,7호선,신풍,12495,11771
2022-05-02,7호선,보라매,10722,10780
2022-05-02,7호선,신대방삼거리,17614,16925
2022-05-02,7호선,장승배기,9348,9122
2022-05-02,7호선,상도,11981,11951
2022-05-02,7호선,숭실대입구,15462,15999
2022-05-02,7호선,남성,11928,11104
2022-05-02,7호선,이수,15954,15565
2022-05-02,7호선,내방,15303,15646
2022-05-02,7호선,고속터미널,16532,13743
2022-05-02,7호선,반포,6117,6050
2022-05-02,7호선,논현,21208,22913
2022-05-02,7호선,학동,25190,26986
2022-05-02,7호선,강남구청,16430,17970
2022-05-02,7호선,청담,20436,23025
2022-05-02,7호선,뚝섬유원지,11161,10937
2022-05-02,7호선,건대입구,13196,14096
2022-05-02,7호선,어린이대공원,15766,16439
2022-05-02,7호선,군자,15393,12386
2022-05-02,7호선,중곡,11334,10541
2022-05-02,7호선,용마산,6404,6078
2022-05-02,7호선,사가정,17125,17012
2022-05-02,7호선,면목,17135,16493
2022-05-02,7호선,상봉,17427,16332
2022-05-02,7호선,중화,11361,11225
2022-05-02,7호선,먹골,10577,10326
2022-05-02,7호선,태릉입구,9364,9067
2022-05-02,7호선,공릉,13454,13617
2022-05-02,7호선,하계,19273,17999
2022-05-02,7호선,중계,15806,14456
2022-05-02,7호선,노원,19673,20888
2022-05-02,7호선,마들,13411,12618
2022-05-02,7호선,수락산,13149,12818
2022-05-02,7호선,도봉산,10370,11488
2022-05-02,7호선,장암,2407,917
2022-05-03,7호선,장암,2509,931
2022-05-03,7호선,도봉산,10632,12260
2022-05-03,7호선,수락산,13477,13034
2022-05-03,7호선,마들,13955,12941
2022-05-03,7호선,노원,20519,21625
2022-05-03,7호선,중계,16117,14737
2022-05-03,7호선,하계,20018,18658
2022-05-03,7호선,공릉,14104,13814
2022-05-03,7호선,태릉입구,9936,9474
2022-05-03,7호선,먹골,10936,10657
2022-05-03,7호선,중화,11596,11192
2022-05-03,7호선,상봉,17822,16545
2022-05-03,7호선,면목,17961,17256
2022-05-03,7호선,사가정,17497,17366
2022-05-03,7호선,용마산,6485,6268
2022-05-03,7호선,중곡,11708,10821
2022-05-03,7호선,군자,15817,12506
2022-05-03,7호선,어린이대공원,16598,17142
2022-05-03,7호선,건대입구,13690,14738
2022-05-03,7호선,뚝섬유원지,12680,12196
2022-05-03,7호선,청담,20991,23836
2022-05-03,7호선,강남구청,17557,19636
2022-05-03,7호선,학동,26128,28001
2022-05-03,7호선,논현,21902,23860
2022-05-03,7호선,반포,6282,6093
2022-05-03,7호선,고속터미널,16032,13840
2022-05-03,7호선,내방,15706,16212
2022-05-03,7호선,이수,16727,16324
2022-05-03,7호선,남성,12335,11290
2022-05-03,7호선,숭실대입구,16331,16678
2022-05-03,7호선,상도,12518,12118
2022-05-03,7호선,장승배기,9504,9289
2022-05-03,7호선,신대방삼거리,18227,17417
2022-05-03,7호선,보라매,11115,11153
2022-05-03,7호선,신풍,12692,12001
2022-05-03,7호선,대림,7956,8014
2022-05-03,7호선,남구로,16704,17741
2022-05-03,7호선,가산디지털단지,47871,48686
2022-05-03,7호선,철산,23064,23426
2022-05-03,7호선,광명사거리,23111,22739
2022-05-03,7호선,천왕,12467,11844
2022-05-03,7호선,온수,11935,11312
2022-05-04,7호선,장암,2570,940
2022-05-04,7호선,도봉산,10635,11902
2022-05-04,7호선,수락산,14323,13671
2022-05-04,7호선,마들,14698,13058
2022-05-04,7호선,노원,21691,24089
2022-05-04,7호선,중계,16822,14729
2022-05-04,7호선,하계,21511,19774
2022-05-04,7호선,공릉,14392,13841
2022-05-04,7호선,태릉입구,10481,9880
2022-05-04,7호선,먹골,11348,10645
2022-05-04,7호선,중화,12074,11539
2022-05-04,7호선,상봉,18825,17714
2022-05-04,7호선,면목,18222,16972
2022-05-04,7호선,사가정,18086,17653
2022-05-04,7호선,용마산,6755,6088
2022-05-04,7호선,중곡,11935,10819
2022-05-04,7호선,군자,16597,13087
2022-05-04,7호선,어린이대공원,20009,19823
2022-05-04,7호선,건대입구,15060,16604
2022-05-04,7호선,뚝섬유원지,15780,15346
2022-05-04,7호선,청담,21008,24122
2022-05-04,7호선,강남구청,17489,19984
2022-05-04,7호선,학동,25684,28015
2022-05-04,7호선,논현,22259,25011
2022-05-04,7호선,반포,6686,6525
2022-05-04,7호선,고속터미널,18902,16020
2022-05-04,7호선,내방,16101,16740
2022-05-04,7호선,이수,17956,17602
2022-05-04,7호선,남성,12572,10834
2022-05-04,7호선,숭실대입구,16551,16126
2022-05-04,7호선,상도,13148,12137
2022-05-04,7호선,장승배기,10008,9430
2022-05-04,7호선,신대방삼거리,18641,17097
2022-05-04,7호선,보라매,11471,11252
2022-05-04,7호선,신풍,12794,11884
2022-05-04,7호선,대림,8139,8250
2022-05-04,7호선,남구로,16623,17679
2022-05-04,7호선,가산디지털단지,48803,49217
2022-05-04,7호선,철산,24391,24644
2022-05-04,7호선,광명사거리,24564,23667
2022-05-04,7호선,천왕,12994,12065
2022-05-04,7호선,온수,12148,11520
2022-05-05,7호선,내방,6356,6376
2022-05-05,7호선,이수,10042,9199
2022-05-05,7호선,숭실대입구,8069,7915
2022-05-05,7호선,장암,1697,1180
2022-05-05,7호선,도봉산,6637,9069
2022-05-05,7호선,수락산,9397,9084
2022-05-05,7호선,마들,7989,7422
2022-05-05,7호선,노원,14665,15605
2022-05-05,7호선,중계,8571,7821
2022-05-05,7호선,하계,12100,11560
2022-05-05,7호선,공릉,8876,8542
2022-05-05,7호선,태릉입구,6656,6273
2022-05-05,7호선,먹골,7149,6681
2022-05-05,7호선,중화,7190,6733
2022-05-05,7호선,상봉,11933,11401
2022-05-05,7호선,면목,10137,9581
2022-05-05,7호선,사가정,11124,10526
2022-05-05,7호선,용마산,4207,4453
2022-05-05,7호선,중곡,6548,5929
2022-05-05,7호선,군자,10010,7323
2022-05-05,7호선,어린이대공원,18086,19298
2022-05-05,7호선,건대입구,11550,12803
2022-05-05,7호선,뚝섬유원지,23477,22462
2022-05-05,7호선,청담,7868,8631
2022-05-05,7호선,강남구청,6937,7871
2022-05-05,7호선,학동,6893,7109
2022-05-05,7호선,논현,7718,8220
2022-05-05,7호선,상도,6859,6240
2022-05-05,7호선,장승배기,5191,4897
2022-05-05,7호선,신대방삼거리,9694,8869
2022-05-05,7호선,보라매,5026,4821
2022-05-05,7호선,신풍,6918,6466
2022-05-05,7호선,대림,6102,6247
2022-05-05,7호선,남구로,7076,7109
2022-05-05,7호선,가산디지털단지,13551,12431
2022-05-05,7호선,철산,12669,12632
2022-05-05,7호선,광명사거리,14774,14440
2022-05-05,7호선,천왕,6193,5990
2022-05-05,7호선,온수,4911,4742
2022-05-05,7호선,반포,3906,3784
2022-05-05,7호선,남성,6641,6116
2022-05-05,7호선,고속터미널,12595,9784
2022-05-06,7호선,장암,2257,956
2022-05-06,7호선,도봉산,9215,10772
2022-05-06,7호선,수락산,12800,12322
2022-05-06,7호선,마들,12864,11736
2022-05-06,7호선,노원,21883,23759
2022-05-06,7호선,중계,14373,12555
2022-05-06,7호선,하계,18545,16946
2022-05-06,7호선,공릉,12972,12425
2022-05-06,7호선,태릉입구,9060,8405
2022-05-06,7호선,먹골,10335,9864
2022-05-06,7호선,중화,10814,10328
2022-05-06,7호선,상봉,17384,16665
2022-05-06,7호선,면목,16367,15397
2022-05-06,7호선,사가정,16298,16315
2022-05-06,7호선,용마산,6046,5701
2022-05-06,7호선,중곡,10547,9631
2022-05-06,7호선,군자,14626,11379
2022-05-06,7호선,어린이대공원,15943,15507
2022-05-06,7호선,건대입구,14104,15813
2022-05-06,7호선,뚝섬유원지,18429,17106
2022-05-06,7호선,청담,17459,19565
2022-05-06,7호선,강남구청,14746,16403
2022-05-06,7호선,학동,20140,21521
2022-05-06,7호선,논현,18790,20918
2022-05-06,7호선,반포,6018,5831
2022-05-06,7호선,고속터미널,19146,15054
2022-05-06,7호선,내방,13731,13880
2022-05-06,7호선,이수,15702,15378
2022-05-06,7호선,남성,11011,9828
2022-05-06,7호선,숭실대입구,13891,13484
2022-05-06,7호선,상도,11202,10493
2022-05-06,7호선,장승배기,8780,8281
2022-05-06,7호선,신대방삼거리,16283,15017
2022-05-06,7호선,보라매,9097,8689
2022-05-06,7호선,신풍,11005,10353
2022-05-06,7호선,대림,8040,8229
2022-05-06,7호선,남구로,13562,14152
2022-05-06,7호선,가산디지털단지,36084,35425
2022-05-06,7호선,철산,20908,21461
2022-05-06,7호선,광명사거리,21868,21691
2022-05-06,7호선,천왕,10659,9819
2022-05-06,7호선,온수,10011,9388
2022-05-07,7호선,장암,1659,1082
2022-05-07,7호선,도봉산,6856,9023
2022-05-07,7호선,수락산,10288,9836
2022-05-07,7호선,마들,8855,8140
2022-05-07,7호선,노원,16331,17305
2022-05-07,7호선,중계,9738,8705
2022-05-07,7호선,하계,13356,12232
2022-05-07,7호선,공릉,9385,8928
2022-05-07,7호선,태릉입구,7178,6729
2022-05-07,7호선,먹골,8052,7527
2022-05-07,7호선,중화,8449,7780
2022-05-07,7호선,상봉,13673,12931
2022-05-07,7호선,면목,11245,10591
2022-05-07,7호선,사가정,12340,12019
2022-05-07,7호선,용마산,4984,4934
2022-05-07,7호선,중곡,7191,6509
2022-05-07,7호선,군자,11046,8192
2022-05-07,7호선,어린이대공원,11251,10903
2022-05-07,7호선,건대입구,11188,12094
2022-05-07,7호선,뚝섬유원지,16006,15419
2022-05-07,7호선,청담,11009,11706
2022-05-07,7호선,강남구청,9950,10895
2022-05-07,7호선,학동,10719,11291
2022-05-07,7호선,논현,10705,11862
2022-05-07,7호선,반포,4707,4470
2022-05-07,7호선,고속터미널,16852,12313
2022-05-07,7호선,내방,7730,7797
2022-05-07,7호선,이수,12271,11313
2022-05-07,7호선,남성,7851,7063
2022-05-07,7호선,숭실대입구,9202,8565
2022-05-07,7호선,상도,7767,6961
2022-05-07,7호선,장승배기,6510,6005
2022-05-07,7호선,신대방삼거리,11806,10630
2022-05-07,7호선,보라매,6634,6273
2022-05-07,7호선,신풍,8077,7595
2022-05-07,7호선,대림,7359,7891
2022-05-07,7호선,남구로,8428,8746
2022-05-07,7호선,가산디지털단지,14462,13037
2022-05-07,7호선,철산,14793,15256
2022-05-07,7호선,광명사거리,16971,16846
2022-05-07,7호선,천왕,6866,6457
2022-05-07,7호선,온수,5676,5617
2022-05-07,7호선,신중동,1,0
2022-05-07,7호선,상동,1,0
2022-05-08,7호선,온수,4104,4140
2022-05-08,7호선,천왕,5067,4987
2022-05-08,7호선,광명사거리,12594,12582
2022-05-08,7호선,철산,10627,10663
2022-05-08,7호선,가산디지털단지,10205,9793
2022-05-08,7호선,남구로,7094,7043
2022-05-08,7호선,대림,7772,7232
2022-05-08,7호선,신풍,6285,6248
2022-05-08,7호선,보라매,4192,4420
2022-05-08,7호선,신대방삼거리,8172,8609
2022-05-08,7호선,장승배기,4556,4775
2022-05-08,7호선,상도,5315,5639
2022-05-08,7호선,숭실대입구,5835,6755
2022-05-08,7호선,남성,5602,5816
2022-05-08,7호선,이수,7993,7938
2022-05-08,7호선,내방,5032,5379
2022-05-08,7호선,고속터미널,19482,8335
2022-05-08,7호선,반포,2957,2859
2022-05-08,7호선,논현,5500,6052
2022-05-08,7호선,학동,5751,6015
2022-05-08,7호선,강남구청,4866,5370
2022-05-08,7호선,청담,6834,7367
2022-05-08,7호선,뚝섬유원지,7766,7741
2022-05-08,7호선,건대입구,7647,8521
2022-05-08,7호선,어린이대공원,7239,8199
2022-05-08,7호선,군자,7634,6520
2022-05-08,7호선,중곡,5290,5394
2022-05-08,7호선,용마산,3814,4032
2022-05-08,7호선,사가정,9130,9104
2022-05-08,7호선,면목,8066,8248
2022-05-08,7호선,상봉,9298,8750
2022-05-08,7호선,중화,6118,5893
2022-05-08,7호선,먹골,5599,5614
2022-05-08,7호선,태릉입구,5285,5139
2022-05-08,7호선,공릉,6454,7051
2022-05-08,7호선,하계,9673,9585
2022-05-08,7호선,중계,6914,6734
2022-05-08,7호선,노원,11617,11677
2022-05-08,7호선,마들,6268,6055
2022-05-08,7호선,수락산,7898,7924
2022-05-08,7호선,도봉산,5982,8135
2022-05-08,7호선,장암,1504,965
2022-05-09,7호선,장암,2522,862
2022-05-09,7호선,도봉산,10457,11503
2022-05-09,7호선,수락산,13232,12878
2022-05-09,7호선,마들,13578,12610
2022-05-09,7호선,노원,20070,21509
2022-05-09,7호선,중계,16002,14805
2022-05-09,7호선,하계,19096,17528
2022-05-09,7호선,공릉,13554,13704
2022-05-09,7호선,태릉입구,9529,9465
2022-05-09,7호선,먹골,10576,10303
2022-05-09,7호선,중화,11304,10926
2022-05-09,7호선,상봉,17400,16324
2022-05-09,7호선,면목,17191,16631
2022-05-09,7호선,사가정,17129,17022
2022-05-09,7호선,용마산,6429,6142
2022-05-09,7호선,중곡,11642,10801
2022-05-09,7호선,군자,15331,12452
2022-05-09,7호선,어린이대공원,16232,17302
2022-05-09,7호선,건대입구,13423,14334
2022-05-09,7호선,뚝섬유원지,11366,10873
2022-05-09,7호선,청담,20763,23261
2022-05-09,7호선,강남구청,16392,18354
2022-05-09,7호선,학동,25197,27159
2022-05-09,7호선,논현,21724,23505
2022-05-09,7호선,반포,6012,5962
2022-05-09,7호선,고속터미널,18523,14135
2022-05-09,7호선,내방,15557,16003
2022-05-09,7호선,이수,16173,15748
2022-05-09,7호선,남성,12051,11202
2022-05-09,7호선,숭실대입구,15818,16318
2022-05-09,7호선,상도,12036,12006
2022-05-09,7호선,장승배기,9477,9289
2022-05-09,7호선,신대방삼거리,17651,17084
2022-05-09,7호선,보라매,10870,10957
2022-05-09,7호선,신풍,12370,11785
2022-05-09,7호선,대림,8230,8140
2022-05-09,7호선,남구로,16812,17649
2022-05-09,7호선,가산디지털단지,47705,48044
2022-05-09,7호선,철산,22226,22526
2022-05-09,7호선,광명사거리,22869,22424
2022-05-09,7호선,천왕,12189,11602
2022-05-09,7호선,온수,11653,10944
2022-05-10,7호선,사가정,17449,17277
2022-05-10,7호선,온수,11998,11461
2022-05-10,7호선,천왕,12454,11824
2022-05-10,7호선,광명사거리,23059,22645
2022-05-10,7호선,철산,22647,23096
2022-05-10,7호선,가산디지털단지,48553,48963
2022-05-10,7호선,남구로,16731,17795
2022-05-10,7호선,대림,8068,8185
2022-05-10,7호선,신풍,12483,11787
2022-05-10,7호선,보라매,11220,11091
2022-05-10,7호선,신대방삼거리,18116,17353
2022-05-10,7호선,장승배기,9460,9184
2022-05-10,7호선,상도,12350,12056
2022-05-10,7호선,숭실대입구,16077,16346
2022-05-10,7호선,남성,12187,11181
2022-05-10,7호선,이수,17010,16508
2022-05-10,7호선,내방,15871,16326
2022-05-10,7호선,고속터미널,16391,14175
2022-05-10,7호선,반포,6222,6026
2022-05-10,7호선,논현,21899,23949
2022-05-10,7호선,학동,26237,28093
2022-05-10,7호선,강남구청,17305,19638
2022-05-10,7호선,청담,21189,23824
2022-05-10,7호선,뚝섬유원지,11352,10997
2022-05-10,7호선,건대입구,13707,14671
2022-05-10,7호선,어린이대공원,17037,17403
2022-05-10,7호선,군자,15918,12622
2022-05-10,7호선,중곡,12096,11075
2022-05-10,7호선,용마산,6323,6099
2022-05-10,7호선,면목,17747,17032
2022-05-10,7호선,상봉,17736,16529
2022-05-10,7호선,중화,11410,11076
2022-05-10,7호선,먹골,10893,10405
2022-05-10,7호선,태릉입구,10058,9826
2022-05-10,7호선,공릉,14055,13733
2022-05-10,7호선,하계,19387,18097
2022-05-10,7호선,중계,16237,14781
2022-05-10,7호선,노원,19887,21513
2022-05-10,7호선,마들,13848,13005
2022-05-10,7호선,수락산,13588,13097
2022-05-10,7호선,도봉산,10482,11700
2022-05-10,7호선,장암,2510,951
2022-05-11,7호선,반포,6412,6313
2022-05-11,7호선,온수,11953,11298
2022-05-11,7호선,천왕,12420,11938
2022-05-11,7호선,광명사거리,23354,22848
2022-05-11,7호선,철산,22726,23088
2022-05-11,7호선,가산디지털단지,48308,48771
2022-05-11,7호선,남구로,16696,17775
2022-05-11,7호선,대림,8004,8123
2022-05-11,7호선,신풍,12498,11990
2022-05-11,7호선,보라매,11209,11271
2022-05-11,7호선,신대방삼거리,18343,17499
2022-05-11,7호선,장승배기,9711,9461
2022-05-11,7호선,상도,12680,12302
2022-05-11,7호선,숭실대입구,15990,16338
2022-05-11,7호선,남성,12273,11153
2022-05-11,7호선,이수,17106,16665
2022-05-11,7호선,내방,16026,16625
2022-05-11,7호선,고속터미널,16123,14221
2022-05-11,7호선,논현,21944,23928
2022-05-11,7호선,학동,26594,28362
2022-05-11,7호선,강남구청,17695,19647
2022-05-11,7호선,청담,21248,24058
2022-05-11,7호선,뚝섬유원지,11452,11076
2022-05-11,7호선,건대입구,13712,14777
2022-05-11,7호선,어린이대공원,17604,18085
2022-05-11,7호선,군자,15796,12468
2022-05-11,7호선,중곡,12134,11109
2022-05-11,7호선,용마산,6518,6233
2022-05-11,7호선,사가정,17502,17432
2022-05-11,7호선,면목,17416,16843
2022-05-11,7호선,상봉,17658,16536
2022-05-11,7호선,중화,11638,11275
2022-05-11,7호선,먹골,10927,10345
2022-05-11,7호선,태릉입구,10155,9841
2022-05-11,7호선,공릉,13917,13746
2022-05-11,7호선,하계,20357,19098
2022-05-11,7호선,중계,16776,15179
2022-05-11,7호선,노원,20181,21729
2022-05-11,7호선,마들,14069,13134
2022-05-11,7호선,수락산,13769,13305
2022-05-11,7호선,도봉산,10548,11914
2022-05-11,7호선,장암,2531,961
2022-05-12,7호선,온수,11815,11222
2022-05-12,7호선,천왕,12628,11820
2022-05-12,7호선,광명사거리,23189,22668
2022-05-12,7호선,철산,22949,23416
2022-05-12,7호선,가산디지털단지,48152,48705
2022-05-12,7호선,남구로,16382,17447
2022-05-12,7호선,대림,8068,8134
2022-05-12,7호선,신풍,12497,11813
2022-05-12,7호선,보라매,11215,11349
2022-05-12,7호선,신대방삼거리,18195,17203
2022-05-12,7호선,장승배기,9555,9209
2022-05-12,7호선,상도,12451,11979
2022-05-12,7호선,숭실대입구,16165,16145
2022-05-12,7호선,남성,12566,11381
2022-05-12,7호선,이수,17038,16551
2022-05-12,7호선,내방,15828,16269
2022-05-12,7호선,고속터미널,16655,14337
2022-05-12,7호선,반포,6356,6200
2022-05-12,7호선,논현,22002,24042
2022-05-12,7호선,학동,25864,27782
2022-05-12,7호선,강남구청,17306,19639
2022-05-12,7호선,청담,21182,23913
2022-05-12,7호선,뚝섬유원지,11829,11371
2022-05-12,7호선,건대입구,14222,15193
2022-05-12,7호선,어린이대공원,17624,18299
2022-05-12,7호선,군자,16047,12487
2022-05-12,7호선,중곡,12040,11051
2022-05-12,7호선,용마산,6598,6220
2022-05-12,7호선,사가정,17667,17679
2022-05-12,7호선,면목,17516,16887
2022-05-12,7호선,상봉,17972,16888
2022-05-12,7호선,중화,11782,11177
2022-05-12,7호선,먹골,10930,10479
2022-05-12,7호선,태릉입구,10494,9840
2022-05-12,7호선,공릉,14159,13727
2022-05-12,7호선,하계,19862,18485
2022-05-12,7호선,중계,16995,15201
2022-05-12,7호선,노원,20391,21895
2022-05-12,7호선,마들,14047,13060
2022-05-12,7호선,수락산,13714,13298
2022-05-12,7호선,도봉산,10648,12042
2022-05-12,7호선,장암,2539,906
2022-05-13,7호선,온수,11943,11254
2022-05-13,7호선,천왕,12646,11693
2022-05-13,7호선,광명사거리,24313,23463
2022-05-13,7호선,철산,24262,24892
2022-05-13,7호선,가산디지털단지,47798,47469
2022-05-13,7호선,남구로,16164,17424
2022-05-13,7호선,대림,8327,8449
2022-05-13,7호선,신풍,12725,12050
2022-05-13,7호선,보라매,11454,11101
2022-05-13,7호선,신대방삼거리,18546,17126
2022-05-13,7호선,장승배기,9854,9474
2022-05-13,7호선,상도,12720,11952
2022-05-13,7호선,숭실대입구,15824,15320
2022-05-13,7호선,남성,12345,10840
2022-05-13,7호선,이수,18124,17615
2022-05-13,7호선,내방,16052,16469
2022-05-13,7호선,고속터미널,19407,15581
2022-05-13,7호선,반포,7400,6825
2022-05-13,7호선,논현,22371,25091
2022-05-13,7호선,학동,25430,27455
2022-05-13,7호선,강남구청,17513,19934
2022-05-13,7호선,청담,20999,23993
2022-05-13,7호선,뚝섬유원지,14523,14103
2022-05-13,7호선,건대입구,14325,15970
2022-05-13,7호선,어린이대공원,20246,20196
2022-05-13,7호선,군자,16453,12795
2022-05-13,7호선,중곡,12247,11058
2022-05-13,7호선,용마산,6507,6080
2022-05-13,7호선,사가정,17978,17394
2022-05-13,7호선,면목,17594,16625
2022-05-13,7호선,상봉,19011,18145
2022-05-13,7호선,중화,11949,11421
2022-05-13,7호선,먹골,11249,10526
2022-05-13,7호선,태릉입구,10728,10406
2022-05-13,7호선,공릉,14568,13858
2022-05-13,7호선,하계,20002,18260
2022-05-13,7호선,중계,16936,14909
2022-05-13,7호선,노원,21724,24176
2022-05-13,7호선,마들,14460,13054
2022-05-13,7호선,수락산,14042,13517
2022-05-13,7호선,도봉산,10859,11884
2022-05-13,7호선,장암,2493,997
2022-05-14,7호선,장암,1987,1426
2022-05-14,7호선,도봉산,7756,10361
2022-05-14,7호선,수락산,11801,11024
2022-05-14,7호선,마들,10090,9300
2022-05-14,7호선,노원,17899,18905
2022-05-14,7호선,중계,10517,9166
2022-05-14,7호선,하계,14370,12828
2022-05-14,7호선,공릉,10368,9872
2022-05-14,7호선,태릉입구,9919,9694
2022-05-14,7호선,먹골,9130,8333
2022-05-14,7호선,중화,8924,8419
2022-05-14,7호선,상봉,15536,14664
2022-05-14,7호선,면목,12481,11448
2022-05-14,7호선,사가정,13894,13145
2022-05-14,7호선,용마산,5210,5342
2022-05-14,7호선,중곡,7760,7092
2022-05-14,7호선,군자,12488,9096
2022-05-14,7호선,어린이대공원,12408,12583
2022-05-14,7호선,건대입구,13098,14703
2022-05-14,7호선,뚝섬유원지,16745,16493
2022-05-14,7호선,청담,12737,13731
2022-05-14,7호선,강남구청,10931,12340
2022-05-14,7호선,학동,11914,12611
2022-05-14,7호선,논현,12394,13714
2022-05-14,7호선,반포,5097,4829
2022-05-14,7호선,고속터미널,18122,13466
2022-05-14,7호선,내방,8785,8899
2022-05-14,7호선,이수,13786,13154
2022-05-14,7호선,남성,8734,7798
2022-05-14,7호선,숭실대입구,10446,10030
2022-05-14,7호선,상도,9066,8075
2022-05-14,7호선,장승배기,7562,6979
2022-05-14,7호선,신대방삼거리,13088,11903
2022-05-14,7호선,보라매,7456,7209
2022-05-14,7호선,신풍,9062,8583
2022-05-14,7호선,대림,7756,8416
2022-05-14,7호선,남구로,8786,8945
2022-05-14,7호선,가산디지털단지,16448,15029
2022-05-14,7호선,철산,17213,17473
2022-05-14,7호선,광명사거리,18768,18292
2022-05-14,7호선,천왕,7800,7289
2022-05-14,7호선,온수,6198,6164
2022-05-14,7호선,굴포천,1,0
2022-05-15,7호선,온수,4439,4541
2022-05-15,7호선,천왕,5546,5431
2022-05-15,7호선,광명사거리,14007,13918
2022-05-15,7호선,철산,12158,12174
2022-05-15,7호선,가산디지털단지,12036,10962
2022-05-15,7호선,남구로,7436,7366
2022-05-15,7호선,대림,8551,7931
2022-05-15,7호선,신풍,6735,6403
2022-05-15,7호선,보라매,5140,5193
2022-05-15,7호선,신대방삼거리,9171,9077
2022-05-15,7호선,장승배기,5049,4987
2022-05-15,7호선,상도,6051,6342
2022-05-15,7호선,숭실대입구,6802,7375
2022-05-15,7호선,남성,6186,6083
2022-05-15,7호선,이수,9544,9211
2022-05-15,7호선,내방,5580,5960
2022-05-15,7호선,고속터미널,15851,9870
2022-05-15,7호선,반포,3478,3581
2022-05-15,7호선,논현,6976,7168
2022-05-15,7호선,학동,7151,7599
2022-05-15,7호선,강남구청,6160,6784
2022-05-15,7호선,청담,7290,8021
2022-05-15,7호선,뚝섬유원지,14427,14125
2022-05-15,7호선,건대입구,9377,10365
2022-05-15,7호선,어린이대공원,9479,9781
2022-05-15,7호선,군자,9120,6908
2022-05-15,7호선,중곡,6182,5876
2022-05-15,7호선,용마산,3655,4053
2022-05-15,7호선,사가정,10147,10096
2022-05-15,7호선,면목,8948,8705
2022-05-15,7호선,상봉,11091,10264
2022-05-15,7호선,중화,7146,6656
2022-05-15,7호선,먹골,6865,6380
2022-05-15,7호선,태릉입구,8554,8832
2022-05-15,7호선,공릉,7530,7667
2022-05-15,7호선,하계,10405,9903
2022-05-15,7호선,중계,7615,7110
2022-05-15,7호선,노원,12758,13028
2022-05-15,7호선,마들,7002,6453
2022-05-15,7호선,수락산,9769,9486
2022-05-15,7호선,도봉산,6517,9292
2022-05-15,7호선,장암,1799,1202
2022-05-16,7호선,장암,2415,865
2022-05-16,7호선,도봉산,10397,11783
2022-05-16,7호선,수락산,13371,13159
2022-05-16,7호선,마들,13751,12896
2022-05-16,7호선,노원,20256,21458
2022-05-16,7호선,중계,15838,14587
2022-05-16,7호선,하계,18981,17757
2022-05-16,7호선,공릉,13579,13382
2022-05-16,7호선,태릉입구,11145,10898
2022-05-16,7호선,먹골,10877,10443
2022-05-16,7호선,중화,11713,11304
2022-05-16,7호선,상봉,17479,16291
2022-05-16,7호선,면목,17241,16566
2022-05-16,7호선,사가정,16999,17129
2022-05-16,7호선,용마산,6485,6107
2022-05-16,7호선,중곡,11807,10989
2022-05-16,7호선,군자,15436,12313
2022-05-16,7호선,어린이대공원,17020,17610
2022-05-16,7호선,건대입구,13632,14204
2022-05-16,7호선,뚝섬유원지,10452,10179
2022-05-16,7호선,청담,20716,23364
2022-05-16,7호선,강남구청,16759,18466
2022-05-16,7호선,학동,25824,27378
2022-05-16,7호선,논현,21623,23354
2022-05-16,7호선,반포,6238,6203
2022-05-16,7호선,고속터미널,17118,14008
2022-05-16,7호선,내방,15499,15967
2022-05-16,7호선,이수,16525,15973
2022-05-16,7호선,남성,12054,11124
2022-05-16,7호선,숭실대입구,16324,16789
2022-05-16,7호선,상도,12304,12120
2022-05-16,7호선,장승배기,9647,9501
2022-05-16,7호선,신대방삼거리,17921,17068
2022-05-16,7호선,보라매,11239,11150
2022-05-16,7호선,신풍,12497,11952
2022-05-16,7호선,대림,8300,8174
2022-05-16,7호선,남구로,17040,17675
2022-05-16,7호선,가산디지털단지,48386,48602
2022-05-16,7호선,철산,22440,22717
2022-05-16,7호선,광명사거리,23108,22723
2022-05-16,7호선,천왕,12363,11762
2022-05-16,7호선,온수,11820,11196
2022-05-17,7호선,반포,6337,6039
2022-05-17,7호선,장암,2521,959
2022-05-17,7호선,도봉산,10709,12145
2022-05-17,7호선,수락산,13777,13402
2022-05-17,7호선,마들,14147,13270
2022-05-17,7호선,노원,20481,21604
2022-05-17,7호선,중계,16211,14770
2022-05-17,7호선,하계,19273,18070
2022-05-17,7호선,공릉,13833,13580
2022-05-17,7호선,태릉입구,11742,11493
2022-05-17,7호선,먹골,11230,10717
2022-05-17,7호선,중화,12241,11692
2022-05-17,7호선,상봉,17884,16633
2022-05-17,7호선,면목,17857,17130
2022-05-17,7호선,사가정,17482,17378
2022-05-17,7호선,용마산,6613,6260
2022-05-17,7호선,중곡,11856,10951
2022-05-17,7호선,군자,16040,12699
2022-05-17,7호선,어린이대공원,17269,17702
2022-05-17,7호선,건대입구,13579,14125
2022-05-17,7호선,뚝섬유원지,11263,10788
2022-05-17,7호선,청담,21338,24033
2022-05-17,7호선,강남구청,17530,19433
2022-05-17,7호선,학동,26503,28213
2022-05-17,7호선,논현,22252,24195
2022-05-17,7호선,고속터미널,16278,14250
2022-05-17,7호선,내방,15991,16433
2022-05-17,7호선,이수,17019,16536
2022-05-17,7호선,남성,12438,11420
2022-05-17,7호선,숭실대입구,16851,17460
2022-05-17,7호선,상도,12565,12253
2022-05-17,7호선,장승배기,9800,9475
2022-05-17,7호선,신대방삼거리,18237,17342
2022-05-17,7호선,보라매,11313,11401
2022-05-17,7호선,신풍,12565,11901
2022-05-17,7호선,대림,8189,8184
2022-05-17,7호선,남구로,16824,17698
2022-05-17,7호선,가산디지털단지,48454,48795
2022-05-17,7호선,철산,23148,23636
2022-05-17,7호선,광명사거리,23665,23114
2022-05-17,7호선,천왕,12595,12060
2022-05-17,7호선,온수,12008,11289
2022-05-18,7호선,장암,2479,943
2022-05-18,7호선,도봉산,10345,11594
2022-05-18,7호선,수락산,13375,13059
2022-05-18,7호선,마들,14104,13025
2022-05-18,7호선,노원,19875,21364
2022-05-18,7호선,중계,16251,14690
2022-05-18,7호선,하계,19563,18293
2022-05-18,7호선,공릉,13637,13167
2022-05-18,7호선,태릉입구,11574,11282
2022-05-18,7호선,먹골,11167,10696
2022-05-18,7호선,중화,11874,11256
2022-05-18,7호선,상봉,17907,16467
2022-05-18,7호선,면목,17339,16724
2022-05-18,7호선,사가정,17000,17049
2022-05-18,7호선,용마산,6613,6233
2022-05-18,7호선,중곡,12038,11006
2022-05-18,7호선,군자,15946,12611
2022-05-18,7호선,어린이대공원,17261,17620
2022-05-18,7호선,건대입구,13683,14259
2022-05-18,7호선,뚝섬유원지,10323,9827
2022-05-18,7호선,청담,20883,23734
2022-05-18,7호선,강남구청,17301,19395
2022-05-18,7호선,학동,26070,28160
2022-05-18,7호선,논현,21807,23838
2022-05-18,7호선,고속터미널,16065,14136
2022-05-18,7호선,내방,15689,16159
2022-05-18,7호선,이수,17238,16574
2022-05-18,7호선,남성,12155,11014
2022-05-18,7호선,숭실대입구,15883,15887
2022-05-18,7호선,상도,12460,12130
2022-05-18,7호선,장승배기,9581,9235
2022-05-18,7호선,신대방삼거리,17932,16987
2022-05-18,7호선,보라매,11157,11177
2022-05-18,7호선,신풍,12769,12087
2022-05-18,7호선,대림,7973,8045
2022-05-18,7호선,남구로,16654,17739
2022-05-18,7호선,가산디지털단지,48001,48770
2022-05-18,7호선,철산,22600,22780
2022-05-18,7호선,광명사거리,23197,22739
2022-05-18,7호선,천왕,12315,11765
2022-05-18,7호선,온수,11820,11099
2022-05-18,7호선,반포,6585,6251
2022-05-19,7호선,장암,2491,940
2022-05-19,7호선,도봉산,10444,12090
2022-05-19,7호선,수락산,14065,13591
2022-05-19,7호선,마들,14328,13376
2022-05-19,7호선,노원,20629,22082
2022-05-19,7호선,중계,16221,14787
2022-05-19,7호선,하계,19872,18423
2022-05-19,7호선,공릉,14010,13493
2022-05-19,7호선,태릉입구,12428,12380
2022-05-19,7호선,먹골,11238,10678
2022-05-19,7호선,중화,12019,11388
2022-05-19,7호선,상봉,18265,17064
2022-05-19,7호선,면목,17566,16800
2022-05-19,7호선,사가정,17510,17410
2022-05-19,7호선,용마산,6810,6437
2022-05-19,7호선,중곡,11855,10967
2022-05-19,7호선,군자,16069,12563
2022-05-19,7호선,어린이대공원,17675,17989
2022-05-19,7호선,건대입구,13629,14562
2022-05-19,7호선,뚝섬유원지,11193,10736
2022-05-19,7호선,청담,21130,23990
2022-05-19,7호선,강남구청,17358,19534
2022-05-19,7호선,학동,26080,28132
2022-05-19,7호선,논현,21859,23890
2022-05-19,7호선,반포,6446,6194
2022-05-19,7호선,고속터미널,16527,14039
2022-05-19,7호선,내방,15795,16280
2022-05-19,7호선,이수,17092,16710
2022-05-19,7호선,남성,12423,11293
2022-05-19,7호선,숭실대입구,16084,16149
2022-05-19,7호선,상도,12677,12179
2022-05-19,7호선,장승배기,9882,9326
2022-05-19,7호선,신대방삼거리,18041,17154
2022-05-19,7호선,보라매,11393,11252
2022-05-19,7호선,신풍,12687,12072
2022-05-19,7호선,대림,7857,7795
2022-05-19,7호선,남구로,16472,17864
2022-05-19,7호선,가산디지털단지,47718,48310
2022-05-19,7호선,철산,22770,23103
2022-05-19,7호선,광명사거리,23396,22898
2022-05-19,7호선,천왕,12697,11997
2022-05-19,7호선,온수,12054,11354
2022-05-20,7호선,반포,6652,6260
2022-05-20,7호선,장암,2471,1012
2022-05-20,7호선,도봉산,10696,12091
2022-05-20,7호선,수락산,14074,13524
2022-05-20,7호선,마들,14436,13157
2022-05-20,7호선,노원,21708,23653
2022-05-20,7호선,중계,16136,14162
2022-05-20,7호선,하계,20060,18128
2022-05-20,7호선,공릉,14404,13827
2022-05-20,7호선,태릉입구,13091,12926
2022-05-20,7호선,먹골,11530,10871
2022-05-20,7호선,중화,12405,11705
2022-05-20,7호선,상봉,19119,18169
2022-05-20,7호선,면목,17913,16767
2022-05-20,7호선,사가정,18002,17651
2022-05-20,7호선,용마산,6796,6376
2022-05-20,7호선,중곡,11630,10589
2022-05-20,7호선,군자,16300,12630
2022-05-20,7호선,어린이대공원,20457,20350
2022-05-20,7호선,건대입구,14094,15342
2022-05-20,7호선,뚝섬유원지,13277,12702
2022-05-20,7호선,청담,21388,24416
2022-05-20,7호선,강남구청,17084,19720
2022-05-20,7호선,학동,25328,27789
2022-05-20,7호선,논현,22494,24843
2022-05-20,7호선,고속터미널,20110,16014
2022-05-20,7호선,내방,16268,16595
2022-05-20,7호선,이수,18221,17500
2022-05-20,7호선,남성,12340,10923
2022-05-20,7호선,숭실대입구,16080,15536
2022-05-20,7호선,상도,12898,11942
2022-05-20,7호선,장승배기,9964,9509
2022-05-20,7호선,신대방삼거리,18453,17145
2022-05-20,7호선,보라매,11472,11157
2022-05-20,7호선,신풍,13100,12356
2022-05-20,7호선,대림,8123,8536
2022-05-20,7호선,남구로,16388,17549
2022-05-20,7호선,가산디지털단지,46932,47075
2022-05-20,7호선,철산,23617,24228
2022-05-20,7호선,광명사거리,24140,23425
2022-05-20,7호선,천왕,12725,11655
2022-05-20,7호선,온수,11935,11179
2022-05-20,7호선,부천시청,1,0
2022-05-21,7호선,장암,2163,1501
2022-05-21,7호선,도봉산,7875,10351
2022-05-21,7호선,수락산,11772,11267
2022-05-21,7호선,마들,10263,9423
2022-05-21,7호선,노원,17478,18845
2022-05-21,7호선,중계,10818,9467
2022-05-21,7호선,하계,14001,12661
2022-05-21,7호선,공릉,10138,9658
2022-05-21,7호선,태릉입구,13177,13291
2022-05-21,7호선,먹골,9597,8427
2022-05-21,7호선,중화,9762,8661
2022-05-21,7호선,상봉,15590,14688
2022-05-21,7호선,면목,12378,11426
2022-05-21,7호선,사가정,14060,13103
2022-05-21,7호선,용마산,5134,5233
2022-05-21,7호선,중곡,7877,7112
2022-05-21,7호선,군자,12517,9177
2022-05-21,7호선,어린이대공원,12728,12643
2022-05-21,7호선,건대입구,12433,14064
2022-05-21,7호선,뚝섬유원지,17281,16290
2022-05-21,7호선,청담,12538,13515
2022-05-21,7호선,강남구청,10729,12151
2022-05-21,7호선,학동,11686,12403
2022-05-21,7호선,논현,12171,13346
2022-05-21,7호선,반포,5142,4906
2022-05-21,7호선,고속터미널,17839,13350
2022-05-21,7호선,내방,8832,8717
2022-05-21,7호선,이수,14104,13543
2022-05-21,7호선,남성,8590,7760
2022-05-21,7호선,숭실대입구,9923,9649
2022-05-21,7호선,상도,8972,8023
2022-05-21,7호선,장승배기,7362,6926
2022-05-21,7호선,신대방삼거리,12373,11397
2022-05-21,7호선,보라매,7261,6892
2022-05-21,7호선,신풍,9111,8482
2022-05-21,7호선,대림,7757,8476
2022-05-21,7호선,남구로,8934,9100
2022-05-21,7호선,가산디지털단지,15868,14444
2022-05-21,7호선,철산,17335,17446
2022-05-21,7호선,광명사거리,18708,18298
2022-05-21,7호선,천왕,7926,7407
2022-05-21,7호선,온수,6298,6333
2022-05-21,7호선,까치울,1,0
2022-05-22,7호선,장암,1635,1145
2022-05-22,7호선,도봉산,6393,8972
2022-05-22,7호선,마들,7180,6492
2022-05-22,7호선,노원,12669,13175
2022-05-22,7호선,중계,7473,6937
2022-05-22,7호선,하계,10284,9787
2022-05-22,7호선,공릉,7152,7137
2022-05-22,7호선,태릉입구,11084,11688
2022-05-22,7호선,먹골,7078,6116
2022-05-22,7호선,중화,7417,6748
2022-05-22,7호선,상봉,10842,9554
2022-05-22,7호선,면목,8720,8632
2022-05-22,7호선,사가정,10103,9595
2022-05-22,7호선,용마산,3777,4166
2022-05-22,7호선,중곡,5927,5579
2022-05-22,7호선,군자,8939,6861
2022-05-22,7호선,어린이대공원,9257,9307
2022-05-22,7호선,건대입구,8475,9360
2022-05-22,7호선,뚝섬유원지,12757,11879
2022-05-22,7호선,청담,7347,7886
2022-05-22,7호선,강남구청,6169,6707
2022-05-22,7호선,학동,7044,7654
2022-05-22,7호선,논현,6740,7119
2022-05-22,7호선,반포,3187,3227
2022-05-22,7호선,고속터미널,15523,9795
2022-05-22,7호선,내방,5769,5997
2022-05-22,7호선,이수,9390,8941
2022-05-22,7호선,남성,5991,6001
2022-05-22,7호선,숭실대입구,6433,7020
2022-05-22,7호선,상도,6054,6264
2022-05-22,7호선,장승배기,5163,5057
2022-05-22,7호선,신대방삼거리,8842,8781
2022-05-22,7호선,보라매,5366,5247
2022-05-22,7호선,신풍,6923,6678
2022-05-22,7호선,대림,8985,8172
2022-05-22,7호선,남구로,7305,7120
2022-05-22,7호선,가산디지털단지,11839,11167
2022-05-22,7호선,철산,11803,11678
2022-05-22,7호선,광명사거리,13787,13707
2022-05-22,7호선,천왕,5588,5406
2022-05-22,7호선,온수,4386,4476
2022-05-22,7호선,수락산,9493,9314
2022-05-23,7호선,온수,11631,10825
2022-05-23,7호선,천왕,12162,11577
2022-05-23,7호선,광명사거리,22750,22357
2022-05-23,7호선,철산,22249,22559
2022-05-23,7호선,가산디지털단지,47890,48313
2022-05-23,7호선,남구로,16857,17728
2022-05-23,7호선,대림,8300,8158
2022-05-23,7호선,신풍,12398,11774
2022-05-23,7호선,보라매,11059,11213
2022-05-23,7호선,신대방삼거리,17663,16940
2022-05-23,7호선,장승배기,9526,9176
2022-05-23,7호선,상도,12095,11990
2022-05-23,7호선,숭실대입구,16071,16421
2022-05-23,7호선,남성,12088,11240
2022-05-23,7호선,이수,16218,15797
2022-05-23,7호선,내방,15543,16014
2022-05-23,7호선,고속터미널,16628,13924
2022-05-23,7호선,반포,6233,6064
2022-05-23,7호선,논현,21743,23607
2022-05-23,7호선,학동,25450,27043
2022-05-23,7호선,강남구청,16527,18433
2022-05-23,7호선,청담,20697,23125
2022-05-23,7호선,뚝섬유원지,9824,9996
2022-05-23,7호선,건대입구,13123,13643
2022-05-23,7호선,어린이대공원,16356,16980
2022-05-23,7호선,군자,15548,12237
2022-05-23,7호선,중곡,11497,10668
2022-05-23,7호선,용마산,6375,6072
2022-05-23,7호선,사가정,17072,17100
2022-05-23,7호선,면목,17266,16580
2022-05-23,7호선,상봉,17477,16224
2022-05-23,7호선,중화,11551,11185
2022-05-23,7호선,먹골,10747,10365
2022-05-23,7호선,태릉입구,10936,10842
2022-05-23,7호선,공릉,13377,12981
2022-05-23,7호선,하계,18692,17499
2022-05-23,7호선,중계,15801,14500
2022-05-23,7호선,노원,18954,20336
2022-05-23,7호선,마들,13580,12714
2022-05-23,7호선,수락산,13364,12932
2022-05-23,7호선,도봉산,10358,11341
2022-05-23,7호선,장암,2471,873
2022-05-24,7호선,까치울,1,0
2022-05-24,7호선,온수,12045,11302
2022-05-24,7호선,천왕,12508,11999
2022-05-24,7호선,광명사거리,23495,22825
2022-05-24,7호선,철산,22880,23124
2022-05-24,7호선,가산디지털단지,48266,48605
2022-05-24,7호선,남구로,16942,18028
2022-05-24,7호선,대림,8195,8254
2022-05-24,7호선,신풍,12463,11781
2022-05-24,7호선,보라매,11265,11270
2022-05-24,7호선,신대방삼거리,18264,17325
2022-05-24,7호선,장승배기,9667,9417
2022-05-24,7호선,상도,12569,12186
2022-05-24,7호선,숭실대입구,16751,16821
2022-05-24,7호선,남성,12289,11261
2022-05-24,7호선,이수,16937,16198
2022-05-24,7호선,내방,16257,16361
2022-05-24,7호선,고속터미널,16253,14305
2022-05-24,7호선,반포,6679,6305
2022-05-24,7호선,논현,23435,24374
2022-05-24,7호선,학동,26662,27880
2022-05-24,7호선,강남구청,17375,19386
2022-05-24,7호선,청담,21498,23992
2022-05-24,7호선,뚝섬유원지,10008,9732
2022-05-24,7호선,건대입구,13583,14314
2022-05-24,7호선,어린이대공원,18336,18627
2022-05-24,7호선,군자,15861,12723
2022-05-24,7호선,중곡,11908,10993
2022-05-24,7호선,용마산,6578,6359
2022-05-24,7호선,사가정,17302,17215
2022-05-24,7호선,면목,17642,16945
2022-05-24,7호선,상봉,17901,16591
2022-05-24,7호선,중화,11981,11512
2022-05-24,7호선,먹골,11001,10439
2022-05-24,7호선,태릉입구,11343,10785
2022-05-24,7호선,공릉,13347,13339
2022-05-24,7호선,하계,19293,18099
2022-05-24,7호선,중계,15981,14505
2022-05-24,7호선,노원,20509,21880
2022-05-24,7호선,마들,13965,13033
2022-05-24,7호선,수락산,13788,13465
2022-05-24,7호선,도봉산,10693,12114
2022-05-24,7호선,장암,2426,854
2022-05-25,7호선,신중동,1,0
2022-05-25,7호선,까치울,1,0
2022-05-25,7호선,온수,11975,11206
2022-05-25,7호선,천왕,12462,11910
2022-05-25,7호선,광명사거리,23586,23139
2022-05-25,7호선,철산,22779,23126
2022-05-25,7호선,가산디지털단지,48759,48403
2022-05-25,7호선,남구로,16947,17966
2022-05-25,7호선,대림,8087,8121
2022-05-25,7호선,신풍,12615,12149
2022-05-25,7호선,보라매,11336,11290
2022-05-25,7호선,신대방삼거리,18252,17406
2022-05-25,7호선,장승배기,9777,9545
2022-05-25,7호선,상도,12844,12496
2022-05-25,7호선,숭실대입구,16211,16260
2022-05-25,7호선,남성,12268,11306
2022-05-25,7호선,이수,17169,16539
2022-05-25,7호선,내방,16023,16533
2022-05-25,7호선,고속터미널,16313,14208
2022-05-25,7호선,반포,6519,6267
2022-05-25,7호선,논현,21599,23811
2022-05-25,7호선,학동,26446,28122
2022-05-25,7호선,강남구청,17414,19491
2022-05-25,7호선,청담,21060,23791
2022-05-25,7호선,뚝섬유원지,9093,8859
2022-05-25,7호선,건대입구,13697,14302
2022-05-25,7호선,어린이대공원,17159,17569
2022-05-25,7호선,군자,16032,13078
2022-05-25,7호선,중곡,12087,10986
2022-05-25,7호선,용마산,6621,6425
2022-05-25,7호선,사가정,17552,17339
2022-05-25,7호선,면목,17633,17098
2022-05-25,7호선,상봉,17753,16664
2022-05-25,7호선,중화,11756,11437
2022-05-25,7호선,먹골,10902,10543
2022-05-25,7호선,태릉입구,11174,10650
2022-05-25,7호선,공릉,13721,13350
2022-05-25,7호선,하계,19964,18767
2022-05-25,7호선,중계,15998,14643
2022-05-25,7호선,노원,20788,21877
2022-05-25,7호선,마들,14386,13504
2022-05-25,7호선,수락산,14065,13648
2022-05-25,7호선,도봉산,10462,11922
2022-05-25,7호선,장암,2392,906
2022-05-26,7호선,장암,2529,992
2022-05-26,7호선,도봉산,10403,11944
2022-05-26,7호선,수락산,14079,13389
2022-05-26,7호선,마들,14159,13190
2022-05-26,7호선,노원,20451,21953
2022-05-26,7호선,중계,16312,14718
2022-05-26,7호선,하계,19597,18268
2022-05-26,7호선,공릉,13758,13444
2022-05-26,7호선,태릉입구,10821,10466
2022-05-26,7호선,먹골,11015,10485
2022-05-26,7호선,중화,11781,11370
2022-05-26,7호선,상봉,17996,17016
2022-05-26,7호선,면목,17553,16960
2022-05-26,7호선,사가정,17586,17287
2022-05-26,7호선,용마산,6471,6226
2022-05-26,7호선,중곡,12008,11008
2022-05-26,7호선,군자,15911,12614
2022-05-26,7호선,어린이대공원,17797,18189
2022-05-26,7호선,건대입구,13747,14610
2022-05-26,7호선,뚝섬유원지,10016,9677
2022-05-26,7호선,청담,21136,23934
2022-05-26,7호선,강남구청,17253,19361
2022-05-26,7호선,학동,25954,28147
2022-05-26,7호선,논현,21976,24175
2022-05-26,7호선,반포,6380,6182
2022-05-26,7호선,고속터미널,16682,14156
2022-05-26,7호선,내방,15897,16373
2022-05-26,7호선,이수,17174,16446
2022-05-26,7호선,남성,12306,11311
2022-05-26,7호선,숭실대입구,16261,16201
2022-05-26,7호선,상도,12836,12380
2022-05-26,7호선,장승배기,9673,9383
2022-05-26,7호선,신대방삼거리,18161,17179
2022-05-26,7호선,보라매,11335,11392
2022-05-26,7호선,신풍,12669,11968
2022-05-26,7호선,대림,8088,8086
2022-05-26,7호선,남구로,16461,17824
2022-05-26,7호선,가산디지털단지,47544,48424
2022-05-26,7호선,철산,22703,22946
2022-05-26,7호선,광명사거리,23276,22739
2022-05-26,7호선,천왕,12555,11799
2022-05-26,7호선,온수,11952,11405
2022-05-27,7호선,부천시청,1,0
2022-05-27,7호선,온수,11959,11141
2022-05-27,7호선,천왕,12652,11712
2022-05-27,7호선,광명사거리,24231,23665
2022-05-27,7호선,철산,23965,24402
2022-05-27,7호선,가산디지털단지,47185,47215
2022-05-27,7호선,남구로,16502,17447
2022-05-27,7호선,대림,8262,8553
2022-05-27,7호선,신풍,12696,12058
2022-05-27,7호선,보라매,11586,11372
2022-05-27,7호선,신대방삼거리,18461,16955
2022-05-27,7호선,장승배기,9836,9438
2022-05-27,7호선,상도,12758,12315
2022-05-27,7호선,숭실대입구,15709,15366
2022-05-27,7호선,남성,12460,10925
2022-05-27,7호선,이수,18064,17623
2022-05-27,7호선,내방,16253,16583
2022-05-27,7호선,고속터미널,20013,15972
2022-05-27,7호선,반포,6714,6480
2022-05-27,7호선,논현,22283,25224
2022-05-27,7호선,학동,25400,27419
2022-05-27,7호선,강남구청,17386,19653
2022-05-27,7호선,청담,21104,24046
2022-05-27,7호선,뚝섬유원지,12213,11783
2022-05-27,7호선,건대입구,14112,15296
2022-05-27,7호선,어린이대공원,18963,18689
2022-05-27,7호선,군자,16447,12941
2022-05-27,7호선,중곡,12304,10984
2022-05-27,7호선,용마산,6661,6108
2022-05-27,7호선,사가정,18012,17611
2022-05-27,7호선,면목,17646,16814
2022-05-27,7호선,상봉,18670,17676
2022-05-27,7호선,중화,12098,11693
2022-05-27,7호선,먹골,11180,10624
2022-05-27,7호선,태릉입구,10956,10371
2022-05-27,7호선,공릉,14034,13491
2022-05-27,7호선,하계,19807,18137
2022-05-27,7호선,중계,16291,14193
2022-05-27,7호선,노원,21381,23648
2022-05-27,7호선,마들,14561,13315
2022-05-27,7호선,수락산,14242,13697
2022-05-27,7호선,도봉산,10449,11718
2022-05-27,7호선,장암,2478,992
2022-05-28,7호선,장암,2052,1328
2022-05-28,7호선,도봉산,7826,10327
2022-05-28,7호선,수락산,11637,10984
2022-05-28,7호선,마들,10190,9439
2022-05-28,7호선,노원,17000,18274
2022-05-28,7호선,중계,10525,9212
2022-05-28,7호선,하계,13968,12456
2022-05-28,7호선,공릉,10293,9766
2022-05-28,7호선,태릉입구,8747,8441
2022-05-28,7호선,먹골,8905,8181
2022-05-28,7호선,중화,8998,8161
2022-05-28,7호선,상봉,14661,13998
2022-05-28,7호선,면목,12187,11218
2022-05-28,7호선,사가정,13383,12749
2022-05-28,7호선,용마산,5136,5127
2022-05-28,7호선,중곡,7735,6964
2022-05-28,7호선,군자,12281,9020
2022-05-28,7호선,어린이대공원,12378,11943
2022-05-28,7호선,건대입구,12297,13484
2022-05-28,7호선,뚝섬유원지,15533,14794
2022-05-28,7호선,청담,12383,13493
2022-05-28,7호선,강남구청,11344,13024
2022-05-28,7호선,학동,12153,12642
2022-05-28,7호선,논현,11078,12276
2022-05-28,7호선,반포,5197,4955
2022-05-28,7호선,고속터미널,17457,13264
2022-05-28,7호선,내방,8965,8779
2022-05-28,7호선,이수,13649,12699
2022-05-28,7호선,남성,8508,7634
2022-05-28,7호선,숭실대입구,10348,9956
2022-05-28,7호선,상도,8749,7900
2022-05-28,7호선,장승배기,7346,6826
2022-05-28,7호선,신대방삼거리,12088,11286
2022-05-28,7호선,보라매,6503,6417
2022-05-28,7호선,신풍,9157,8685
2022-05-28,7호선,대림,7773,8335
2022-05-28,7호선,남구로,8939,9115
2022-05-28,7호선,가산디지털단지,15959,14264
2022-05-28,7호선,철산,17288,17283
2022-05-28,7호선,광명사거리,18382,18124
2022-05-28,7호선,천왕,7853,7369
2022-05-28,7호선,온수,6057,6112
2022-05-29,7호선,온수,4326,4525
2022-05-29,7호선,천왕,5591,5417
2022-05-29,7호선,광명사거리,13742,13576
2022-05-29,7호선,철산,11586,11644
2022-05-29,7호선,가산디지털단지,11504,10576
2022-05-29,7호선,남구로,7264,7147
2022-05-29,7호선,대림,8617,7985
2022-05-29,7호선,신풍,6831,6532
2022-05-29,7호선,보라매,4305,4448
2022-05-29,7호선,신대방삼거리,8420,8336
2022-05-29,7호선,장승배기,5021,4863
2022-05-29,7호선,상도,5981,6072
2022-05-29,7호선,숭실대입구,6337,6814
2022-05-29,7호선,남성,5786,5785
2022-05-29,7호선,이수,9173,8853
2022-05-29,7호선,내방,5584,5678
2022-05-29,7호선,고속터미널,15215,9531
2022-05-29,7호선,반포,3212,3201
2022-05-29,7호선,논현,5835,6167
2022-05-29,7호선,학동,7167,7706
2022-05-29,7호선,강남구청,6300,6901
2022-05-29,7호선,청담,7339,8005
2022-05-29,7호선,뚝섬유원지,11214,10420
2022-05-29,7호선,건대입구,8426,9204
2022-05-29,7호선,어린이대공원,8650,8866
2022-05-29,7호선,군자,8514,6483
2022-05-29,7호선,용마산,3557,3817
2022-05-29,7호선,사가정,9706,9287
2022-05-29,7호선,면목,8425,8268
2022-05-29,7호선,상봉,10684,9932
2022-05-29,7호선,중화,6145,6063
2022-05-29,7호선,먹골,6097,5767
2022-05-29,7호선,태릉입구,6615,6362
2022-05-29,7호선,공릉,6636,6769
2022-05-29,7호선,하계,9852,9518
2022-05-29,7호선,중계,7305,6865
2022-05-29,7호선,노원,11716,12156
2022-05-29,7호선,마들,6564,6070
2022-05-29,7호선,수락산,8925,8694
2022-05-29,7호선,도봉산,5972,8424
2022-05-29,7호선,장암,1511,958
2022-05-29,7호선,중곡,5819,5487
2022-05-30,7호선,온수,11756,11117
2022-05-30,7호선,천왕,12411,11731
2022-05-30,7호선,광명사거리,22803,22313
2022-05-30,7호선,철산,22343,22686
2022-05-30,7호선,가산디지털단지,48126,48335
2022-05-30,7호선,남구로,16854,17785
2022-05-30,7호선,대림,8301,8365
2022-05-30,7호선,신풍,12533,11908
2022-05-30,7호선,보라매,9722,9969
2022-05-30,7호선,신대방삼거리,16817,16055
2022-05-30,7호선,장승배기,9580,9347
2022-05-30,7호선,상도,12050,11947
2022-05-30,7호선,숭실대입구,15699,16047
2022-05-30,7호선,남성,11944,11173
2022-05-30,7호선,이수,16317,15952
2022-05-30,7호선,내방,15592,16008
2022-05-30,7호선,고속터미널,16958,14147
2022-05-30,7호선,논현,20374,21915
2022-05-30,7호선,학동,25659,27236
2022-05-30,7호선,강남구청,16613,18574
2022-05-30,7호선,청담,20935,23307
2022-05-30,7호선,뚝섬유원지,8663,8304
2022-05-30,7호선,건대입구,13121,13730
2022-05-30,7호선,어린이대공원,16313,17174
2022-05-30,7호선,군자,15304,12299
2022-05-30,7호선,중곡,11611,10770
2022-05-30,7호선,용마산,6267,5985
2022-05-30,7호선,사가정,16979,16680
2022-05-30,7호선,면목,17100,16621
2022-05-30,7호선,상봉,17168,15907
2022-05-30,7호선,중화,11201,10958
2022-05-30,7호선,먹골,10382,10204
2022-05-30,7호선,태릉입구,9508,9184
2022-05-30,7호선,공릉,12973,12997
2022-05-30,7호선,하계,18706,17232
2022-05-30,7호선,중계,15695,14502
2022-05-30,7호선,노원,19777,20682
2022-05-30,7호선,마들,13622,12827
2022-05-30,7호선,수락산,12984,12784
2022-05-30,7호선,도봉산,10132,11044
2022-05-30,7호선,장암,2424,878
2022-05-30,7호선,반포,6081,6102
2022-05-31,7호선,온수,12502,11628
2022-05-31,7호선,천왕,12975,11902
2022-05-31,7호선,광명사거리,24204,23473
2022-05-31,7호선,철산,23721,24114
2022-05-31,7호선,가산디지털단지,48446,49475
2022-05-31,7호선,남구로,16731,18032
2022-05-31,7호선,대림,8587,8814
2022-05-31,7호선,신풍,12958,12140
2022-05-31,7호선,보라매,9939,9846
2022-05-31,7호선,신대방삼거리,17407,16267
2022-05-31,7호선,장승배기,9969,9388
2022-05-31,7호선,상도,12755,12047
2022-05-31,7호선,숭실대입구,16435,16465
2022-05-31,7호선,남성,12589,11191
2022-05-31,7호선,이수,17571,17261
2022-05-31,7호선,내방,16119,16722
2022-05-31,7호선,고속터미널,17174,14707
2022-05-31,7호선,반포,6603,6275
2022-05-31,7호선,논현,20799,23217
2022-05-31,7호선,학동,25465,28182
2022-05-31,7호선,강남구청,17589,20120
2022-05-31,7호선,청담,21103,24259
2022-05-31,7호선,뚝섬유원지,11369,11012
2022-05-31,7호선,건대입구,14187,15381
2022-05-31,7호선,어린이대공원,19108,19604
2022-05-31,7호선,군자,16230,12733
2022-05-31,7호선,중곡,12062,10778
2022-05-31,7호선,용마산,6632,6123
2022-05-31,7호선,사가정,17789,17370
2022-05-31,7호선,면목,18104,17200
2022-05-31,7호선,상봉,18399,17364
2022-05-31,7호선,중화,11892,11247
2022-05-31,7호선,먹골,10969,10469
2022-05-31,7호선,태릉입구,10352,9777
2022-05-31,7호선,공릉,13959,13555
2022-05-31,7호선,하계,19862,17860
2022-05-31,7호선,중계,16277,14548
2022-05-31,7호선,노원,20615,22522
2022-05-31,7호선,마들,14398,12940
2022-05-31,7호선,수락산,14203,13527
2022-05-31,7호선,도봉산,10902,12086
2022-05-31,7호선,장암,2467,951
2022-06-01,7호선,온수,5026,5116
2022-06-01,7호선,천왕,6401,6179
2022-06-01,7호선,광명사거리,15166,15136
2022-06-01,7호선,철산,13156,13259
2022-06-01,7호선,가산디지털단지,13626,12630
2022-06-01,7호선,남구로,7422,7494
2022-06-01,7호선,대림,6794,6780
2022-06-01,7호선,신풍,7388,6960
2022-06-01,7호선,보라매,4537,4547
2022-06-01,7호선,신대방삼거리,9302,8981
2022-06-01,7호선,장승배기,5783,5559
2022-06-01,7호선,상도,6928,6536
2022-06-01,7호선,숭실대입구,7895,7874
2022-06-01,7호선,남성,7135,6759
2022-06-01,7호선,이수,10886,10000
2022-06-01,7호선,내방,6973,7063
2022-06-01,7호선,고속터미널,10419,8386
2022-06-01,7호선,반포,4058,3975
2022-06-01,7호선,논현,8341,8785
2022-06-01,7호선,학동,7455,7627
2022-06-01,7호선,강남구청,7182,7901
2022-06-01,7호선,청담,8371,9062
2022-06-01,7호선,뚝섬유원지,12407,11607
2022-06-01,7호선,건대입구,10331,10528
2022-06-01,7호선,어린이대공원,10700,10929
2022-06-01,7호선,군자,10021,7836
2022-06-01,7호선,중곡,6332,6061
2022-06-01,7호선,용마산,4108,4276
2022-06-01,7호선,사가정,10832,10348
2022-06-01,7호선,면목,9773,9356
2022-06-01,7호선,상봉,11848,11143
2022-06-01,7호선,중화,6944,6824
2022-06-01,7호선,먹골,7138,6796
2022-06-01,7호선,태릉입구,6681,6530
2022-06-01,7호선,공릉,7819,7850
2022-06-01,7호선,하계,11074,10483
2022-06-01,7호선,중계,8341,7578
2022-06-01,7호선,노원,14395,15136
2022-06-01,7호선,마들,8076,7618
2022-06-01,7호선,수락산,9616,9394
2022-06-01,7호선,도봉산,6250,8574
2022-06-01,7호선,장암,1566,1132
2022-06-02,7호선,논현,20416,21967
2022-06-02,7호선,온수,11985,11299
2022-06-02,7호선,천왕,12254,11651
2022-06-02,7호선,광명사거리,23269,22893
2022-06-02,7호선,철산,22574,22911
2022-06-02,7호선,가산디지털단지,46949,47300
2022-06-02,7호선,남구로,16553,17452
2022-06-02,7호선,대림,8147,8295
2022-06-02,7호선,신풍,12320,11849
2022-06-02,7호선,보라매,9300,9339
2022-06-02,7호선,신대방삼거리,16768,15866
2022-06-02,7호선,장승배기,9534,9365
2022-06-02,7호선,상도,12265,11924
2022-06-02,7호선,숭실대입구,15565,15720
2022-06-02,7호선,남성,12138,11255
2022-06-02,7호선,이수,16689,16289
2022-06-02,7호선,내방,15577,15829
2022-06-02,7호선,고속터미널,16738,14147
2022-06-02,7호선,반포,6356,6119
2022-06-02,7호선,학동,25793,27724
2022-06-02,7호선,강남구청,17325,19525
2022-06-02,7호선,청담,21285,23784
2022-06-02,7호선,뚝섬유원지,9829,9425
2022-06-02,7호선,건대입구,13652,14400
2022-06-02,7호선,어린이대공원,17102,17429
2022-06-02,7호선,군자,15560,12387
2022-06-02,7호선,중곡,11991,11086
2022-06-02,7호선,용마산,6292,6073
2022-06-02,7호선,사가정,16964,16830
2022-06-02,7호선,면목,17167,16461
2022-06-02,7호선,상봉,17548,16406
2022-06-02,7호선,중화,11220,10872
2022-06-02,7호선,먹골,10573,10164
2022-06-02,7호선,태릉입구,9820,9358
2022-06-02,7호선,공릉,13043,12883
2022-06-02,7호선,하계,19200,17896
2022-06-02,7호선,중계,15539,14225
2022-06-02,7호선,노원,19883,21062
2022-06-02,7호선,마들,13990,13132
2022-06-02,7호선,수락산,13242,12945
2022-06-02,7호선,도봉산,10470,11905
2022-06-02,7호선,장암,2356,869
2022-06-03,7호선,신중동,1,0
2022-06-03,7호선,온수,11837,11231
2022-06-03,7호선,천왕,12500,11557
2022-06-03,7호선,광명사거리,23843,23541
2022-06-03,7호선,철산,23169,23728
2022-06-03,7호선,가산디지털단지,46090,45967
2022-06-03,7호선,남구로,16388,17445
2022-06-03,7호선,중화,11713,11007
2022-06-03,7호선,먹골,10778,10382
2022-06-03,7호선,태릉입구,10138,9517
2022-06-03,7호선,공릉,13752,13247
2022-06-03,7호선,하계,19856,17955
2022-06-03,7호선,중계,15801,13778
2022-06-03,7호선,노원,21401,23227
2022-06-03,7호선,마들,14115,12846
2022-06-03,7호선,수락산,13754,13430
2022-06-03,7호선,도봉산,10477,11863
2022-06-03,7호선,장암,2501,959
2022-06-03,7호선,건대입구,14322,15148
2022-06-03,7호선,어린이대공원,16748,16467
2022-06-03,7호선,군자,16074,12480
2022-06-03,7호선,중곡,11992,10797
2022-06-03,7호선,용마산,6494,6048
2022-06-03,7호선,사가정,17540,17099
2022-06-03,7호선,면목,17371,16409
2022-06-03,7호선,상봉,18169,16979
2022-06-03,7호선,대림,8940,9167
2022-06-03,7호선,신풍,12618,11960
2022-06-03,7호선,보라매,9330,9235
2022-06-03,7호선,신대방삼거리,17102,15620
2022-06-03,7호선,장승배기,10327,9763
2022-06-03,7호선,상도,12393,11789
2022-06-03,7호선,숭실대입구,15426,14694
2022-06-03,7호선,남성,12238,10775
2022-06-03,7호선,이수,17937,17248
2022-06-03,7호선,내방,15493,16049
2022-06-03,7호선,고속터미널,19494,16538
2022-06-03,7호선,반포,6578,6221
2022-06-03,7호선,논현,20396,22496
2022-06-03,7호선,학동,25167,27006
2022-06-03,7호선,강남구청,17423,19844
2022-06-03,7호선,청담,20963,23858
2022-06-03,7호선,뚝섬유원지,11227,10838
2022-06-04,7호선,온수,5980,5711
2022-06-04,7호선,천왕,7306,6754
2022-06-04,7호선,광명사거리,17681,17323
2022-06-04,7호선,철산,15562,15423
2022-06-04,7호선,가산디지털단지,14973,13511
2022-06-04,7호선,남구로,8424,8730
2022-06-04,7호선,대림,7557,8085
2022-06-04,7호선,신풍,8517,7968
2022-06-04,7호선,보라매,5807,5618
2022-06-04,7호선,신대방삼거리,11227,10063
2022-06-04,7호선,장승배기,6709,6187
2022-06-04,7호선,상도,8356,7331
2022-06-04,7호선,숭실대입구,9100,8672
2022-06-04,7호선,남성,8123,7032
2022-06-04,7호선,이수,12607,11804
2022-06-04,7호선,내방,8058,7815
2022-06-04,7호선,고속터미널,17230,13628
2022-06-04,7호선,반포,4712,4434
2022-06-04,7호선,논현,10148,11076
2022-06-04,7호선,학동,10928,11683
2022-06-04,7호선,강남구청,10243,11445
2022-06-04,7호선,청담,12023,13413
2022-06-04,7호선,뚝섬유원지,12680,11748
2022-06-04,7호선,건대입구,11833,12739
2022-06-04,7호선,어린이대공원,12295,12253
2022-06-04,7호선,군자,11400,8294
2022-06-04,7호선,중곡,7260,6466
2022-06-04,7호선,용마산,4532,4442
2022-06-04,7호선,사가정,12651,12078
2022-06-04,7호선,면목,11482,10537
2022-06-04,7호선,상봉,13898,13023
2022-06-04,7호선,중화,7756,7166
2022-06-04,7호선,먹골,7930,7337
2022-06-04,7호선,태릉입구,7110,6588
2022-06-04,7호선,공릉,9761,9087
2022-06-04,7호선,하계,12868,11509
2022-06-04,7호선,중계,9634,8377
2022-06-04,7호선,노원,16344,17025
2022-06-04,7호선,마들,9307,8368
2022-06-04,7호선,수락산,10461,10100
2022-06-04,7호선,도봉산,7177,9626
2022-06-04,7호선,장암,1671,1115
2022-06-05,7호선,온수,4183,4145
2022-06-05,7호선,천왕,5287,5025
2022-06-05,7호선,광명사거리,13394,13091
2022-06-05,7호선,철산,11205,11351
2022-06-05,7호선,가산디지털단지,11244,10322
2022-06-05,7호선,남구로,7241,6928
2022-06-05,7호선,대림,9079,8615
2022-06-05,7호선,신풍,6492,6107
2022-06-05,7호선,보라매,4011,3876
2022-06-05,7호선,신대방삼거리,7982,7646
2022-06-05,7호선,장승배기,4673,4601
2022-06-05,7호선,상도,5665,5504
2022-06-05,7호선,숭실대입구,6050,6283
2022-06-05,7호선,남성,5605,5373
2022-06-05,7호선,이수,9075,8503
2022-06-05,7호선,내방,5284,5377
2022-06-05,7호선,고속터미널,12864,8313
2022-06-05,7호선,반포,3031,2818
2022-06-05,7호선,논현,5726,6059
2022-06-05,7호선,학동,6311,6707
2022-06-05,7호선,강남구청,5714,6309
2022-06-05,7호선,청담,6946,7636
2022-06-05,7호선,뚝섬유원지,8062,7806
2022-06-05,7호선,건대입구,8154,8863
2022-06-05,7호선,어린이대공원,8237,8232
2022-06-05,7호선,군자,8281,6263
2022-06-05,7호선,중곡,5443,5132
2022-06-05,7호선,용마산,3542,3716
2022-06-05,7호선,사가정,9263,8978
2022-06-05,7호선,면목,8237,7732
2022-06-05,7호선,상봉,9964,9498
2022-06-05,7호선,중화,5761,5552
2022-06-05,7호선,먹골,5557,5265
2022-06-05,7호선,태릉입구,5578,4967
2022-06-05,7호선,공릉,6901,6715
2022-06-05,7호선,하계,9391,8991
2022-06-05,7호선,중계,7083,6342
2022-06-05,7호선,노원,11209,11843
2022-06-05,7호선,마들,6388,5797
2022-06-05,7호선,수락산,8438,8341
2022-06-05,7호선,도봉산,5572,8065
2022-06-05,7호선,장암,1533,1002
2022-06-06,7호선,온수,3983,4172
2022-06-06,7호선,천왕,5035,4960
2022-06-06,7호선,광명사거리,12768,12782
2022-06-06,7호선,철산,10426,10456
2022-06-06,7호선,가산디지털단지,11303,10814
2022-06-06,7호선,남구로,6633,6644
2022-06-06,7호선,대림,6238,6008
2022-06-06,7호선,신풍,5960,5898
2022-06-06,7호선,보라매,3622,3865
2022-06-06,7호선,신대방삼거리,7656,7792
2022-06-06,7호선,장승배기,4641,4712
2022-06-06,7호선,상도,5445,5515
2022-06-06,7호선,숭실대입구,6375,6928
2022-06-06,7호선,남성,5708,5893
2022-06-06,7호선,이수,8545,8344
2022-06-06,7호선,내방,5382,5547
2022-06-06,7호선,고속터미널,17820,8647
2022-06-06,7호선,반포,3374,3231
2022-06-06,7호선,논현,6211,6553
2022-06-06,7호선,학동,5643,6120
2022-06-06,7호선,강남구청,5448,5997
2022-06-06,7호선,청담,6401,6883
2022-06-06,7호선,뚝섬유원지,8359,7676
2022-06-06,7호선,건대입구,7949,8528
2022-06-06,7호선,어린이대공원,7627,8199
2022-06-06,7호선,군자,7973,6410
2022-06-06,7호선,중곡,5288,5102
2022-06-06,7호선,용마산,3108,3251
2022-06-06,7호선,사가정,8870,9037
2022-06-06,7호선,면목,8172,8142
2022-06-06,7호선,상봉,9743,9316
2022-06-06,7호선,중화,5702,5531
2022-06-06,7호선,먹골,5448,5469
2022-06-06,7호선,태릉입구,4951,4866
2022-06-06,7호선,공릉,6401,6694
2022-06-06,7호선,하계,8894,8550
2022-06-06,7호선,중계,6551,6201
2022-06-06,7호선,노원,11520,12051
2022-06-06,7호선,마들,6306,5971
2022-06-06,7호선,수락산,7283,7088
2022-06-06,7호선,도봉산,4923,6269
2022-06-06,7호선,장암,1234,749
2022-06-07,7호선,장암,2469,920
2022-06-07,7호선,도봉산,10590,11973
2022-06-07,7호선,수락산,13406,13220
2022-06-07,7호선,마들,13878,13139
2022-06-07,7호선,노원,20405,21407
2022-06-07,7호선,중계,16145,14979
2022-06-07,7호선,하계,18976,17730
2022-06-07,7호선,공릉,12749,12701
2022-06-07,7호선,태릉입구,9697,9281
2022-06-07,7호선,먹골,10551,10375
2022-06-07,7호선,중화,11224,11236
2022-06-07,7호선,상봉,17624,16484
2022-06-07,7호선,면목,17424,16973
2022-06-07,7호선,사가정,17282,17251
2022-06-07,7호선,용마산,6363,6331
2022-06-07,7호선,중곡,11688,11066
2022-06-07,7호선,군자,15796,12652
2022-06-07,7호선,어린이대공원,16351,17072
2022-06-07,7호선,건대입구,13342,14026
2022-06-07,7호선,뚝섬유원지,9570,9256
2022-06-07,7호선,청담,21473,23794
2022-06-07,7호선,강남구청,17833,19939
2022-06-07,7호선,학동,26613,28116
2022-06-07,7호선,논현,20912,22474
2022-06-07,7호선,반포,6485,6235
2022-06-07,7호선,고속터미널,17617,14387
2022-06-07,7호선,내방,15797,16218
2022-06-07,7호선,이수,16714,16241
2022-06-07,7호선,남성,12164,11398
2022-06-07,7호선,숭실대입구,15881,16286
2022-06-07,7호선,상도,12220,12034
2022-06-07,7호선,장승배기,9902,9757
2022-06-07,7호선,신대방삼거리,16769,16084
2022-06-07,7호선,보라매,9281,9357
2022-06-07,7호선,신풍,12584,11979
2022-06-07,7호선,대림,8336,8329
2022-06-07,7호선,남구로,17050,18030
2022-06-07,7호선,가산디지털단지,48478,48893
2022-06-07,7호선,철산,22706,23193
2022-06-07,7호선,광명사거리,23254,22950
2022-06-07,7호선,천왕,12657,12099
2022-06-07,7호선,온수,11877,11063
2022-06-08,7호선,장암,2340,816
2022-06-08,7호선,도봉산,10472,11892
2022-06-08,7호선,수락산,13568,13400
2022-06-08,7호선,마들,14116,13242
2022-06-08,7호선,노원,20501,21665
2022-06-08,7호선,중계,16046,14692
2022-06-08,7호선,하계,19924,18655
2022-06-08,7호선,공릉,12862,12750
2022-06-08,7호선,태릉입구,9729,9225
2022-06-08,7호선,먹골,10770,10385
2022-06-08,7호선,중화,11546,11238
2022-06-08,7호선,상봉,17992,17033
2022-06-08,7호선,면목,17241,16867
2022-06-08,7호선,사가정,17264,17347
2022-06-08,7호선,용마산,6570,6175
2022-06-08,7호선,중곡,12031,11045
2022-06-08,7호선,군자,16102,12820
2022-06-08,7호선,어린이대공원,16444,16992
2022-06-08,7호선,건대입구,13861,14060
2022-06-08,7호선,뚝섬유원지,9551,9029
2022-06-08,7호선,청담,21890,24461
2022-06-08,7호선,강남구청,17871,20115
2022-06-08,7호선,학동,26759,28440
2022-06-08,7호선,논현,21019,22371
2022-06-08,7호선,반포,6416,6206
2022-06-08,7호선,고속터미널,16241,14298
2022-06-08,7호선,내방,15892,16176
2022-06-08,7호선,이수,17145,16765
2022-06-08,7호선,남성,12299,11280
2022-06-08,7호선,숭실대입구,16119,16170
2022-06-08,7호선,상도,12669,12184
2022-06-08,7호선,장승배기,9856,9593
2022-06-08,7호선,신대방삼거리,16930,16106
2022-06-08,7호선,보라매,9313,9325
2022-06-08,7호선,신풍,12706,12120
2022-06-08,7호선,대림,8096,8163
2022-06-08,7호선,남구로,16858,17867
2022-06-08,7호선,가산디지털단지,48935,49400
2022-06-08,7호선,철산,22727,23278
2022-06-08,7호선,광명사거리,23548,23082
2022-06-08,7호선,천왕,12630,12126
2022-06-08,7호선,온수,11943,11118
2022-06-08,7호선,까치울,1,0
2022-06-09,7호선,온수,11872,11076
2022-06-09,7호선,천왕,12623,11933
2022-06-09,7호선,광명사거리,23299,22870
2022-06-09,7호선,철산,22703,23093
2022-06-09,7호선,가산디지털단지,48435,49265
2022-06-09,7호선,남구로,16736,17684
2022-06-09,7호선,대림,8074,8259
2022-06-09,7호선,신풍,12574,11887
2022-06-09,7호선,보라매,9086,9173
2022-06-09,7호선,신대방삼거리,16797,15703
2022-06-09,7호선,장승배기,9845,9471
2022-06-09,7호선,상도,12332,12025
2022-06-09,7호선,숭실대입구,16354,16286
2022-06-09,7호선,남성,12172,11168
2022-06-09,7호선,이수,17221,16616
2022-06-09,7호선,내방,15868,16278
2022-06-09,7호선,고속터미널,16486,14300
2022-06-09,7호선,반포,6385,6126
2022-06-09,7호선,논현,20809,22212
2022-06-09,7호선,학동,26217,28200
2022-06-09,7호선,강남구청,17992,19989
2022-06-09,7호선,청담,21333,24198
2022-06-09,7호선,뚝섬유원지,8767,8353
2022-06-09,7호선,건대입구,13969,14302
2022-06-09,7호선,어린이대공원,16558,16856
2022-06-09,7호선,군자,15724,12489
2022-06-09,7호선,중곡,11687,10876
2022-06-09,7호선,용마산,6365,6023
2022-06-09,7호선,사가정,17015,16974
2022-06-09,7호선,면목,17186,16488
2022-06-09,7호선,상봉,17554,16488
2022-06-09,7호선,중화,11269,11018
2022-06-09,7호선,먹골,10628,10290
2022-06-09,7호선,태릉입구,9511,8984
2022-06-09,7호선,공릉,12437,12274
2022-06-09,7호선,하계,19428,18043
2022-06-09,7호선,중계,15771,14362
2022-06-09,7호선,노원,19927,20916
2022-06-09,7호선,마들,13818,13148
2022-06-09,7호선,수락산,13223,12986
2022-06-09,7호선,도봉산,10362,11487
2022-06-09,7호선,장암,2479,993
2022-06-10,7호선,장암,2462,1006
2022-06-10,7호선,도봉산,10382,11844
2022-06-10,7호선,수락산,13795,13365
2022-06-10,7호선,마들,14353,13339
2022-06-10,7호선,노원,21743,23072
2022-06-10,7호선,중계,15900,14284
2022-06-10,7호선,하계,19376,17967
2022-06-10,7호선,공릉,13015,12861
2022-06-10,7호선,태릉입구,9775,9113
2022-06-10,7호선,먹골,10960,10656
2022-06-10,7호선,중화,11641,11256
2022-06-10,7호선,상봉,18353,17792
2022-06-10,7호선,면목,16194,15505
2022-06-10,7호선,사가정,17657,17312
2022-06-10,7호선,용마산,6496,6190
2022-06-10,7호선,중곡,12204,11135
2022-06-10,7호선,군자,16220,12826
2022-06-10,7호선,어린이대공원,16067,15948
2022-06-10,7호선,건대입구,14159,15060
2022-06-10,7호선,뚝섬유원지,9374,8885
2022-06-10,7호선,청담,21437,24396
2022-06-10,7호선,강남구청,18098,20410
2022-06-10,7호선,학동,25919,27730
2022-06-10,7호선,논현,21116,23208
2022-06-10,7호선,반포,6627,6370
2022-06-10,7호선,고속터미널,18921,15504
2022-06-10,7호선,내방,16076,16322
2022-06-10,7호선,이수,18221,17391
2022-06-10,7호선,남성,12626,11306
2022-06-10,7호선,숭실대입구,15347,15113
2022-06-10,7호선,상도,12459,11828
2022-06-10,7호선,장승배기,9985,9546
2022-06-10,7호선,신대방삼거리,16721,15580
2022-06-10,7호선,보라매,9333,9175
2022-06-10,7호선,신풍,12770,12124
2022-06-10,7호선,대림,8382,8616
2022-06-10,7호선,남구로,16636,17816
2022-06-10,7호선,가산디지털단지,48527,48374
2022-06-10,7호선,철산,24412,25094
2022-06-10,7호선,광명사거리,24289,23766
2022-06-10,7호선,천왕,12840,12053
2022-06-10,7호선,온수,11992,10939
2022-06-11,7호선,장암,2017,1413
2022-06-11,7호선,도봉산,7363,9783
2022-06-11,7호선,수락산,11096,10696
2022-06-11,7호선,마들,9947,9170
2022-06-11,7호선,노원,16935,18064
2022-06-11,7호선,중계,9994,8684
2022-06-11,7호선,하계,13264,12152
2022-06-11,7호선,공릉,9309,8799
2022-06-11,7호선,태릉입구,7302,6695
2022-06-11,7호선,먹골,8219,7591
2022-06-11,7호선,중화,8169,7699
2022-06-11,7호선,상봉,14582,13660
2022-06-11,7호선,면목,11873,11029
2022-06-11,7호선,사가정,13082,12335
2022-06-11,7호선,용마산,4710,4804
2022-06-11,7호선,중곡,7550,6871
2022-06-11,7호선,군자,11646,8759
2022-06-11,7호선,어린이대공원,12118,12101
2022-06-11,7호선,건대입구,11963,12663
2022-06-11,7호선,뚝섬유원지,11365,10423
2022-06-11,7호선,청담,11999,13123
2022-06-11,7호선,강남구청,11006,12349
2022-06-11,7호선,학동,11662,12319
2022-06-11,7호선,논현,10992,11831
2022-06-11,7호선,반포,5017,4818
2022-06-11,7호선,고속터미널,16238,12941
2022-06-11,7호선,내방,8644,8600
2022-06-11,7호선,이수,13788,12983
2022-06-11,7호선,남성,8509,7570
2022-06-11,7호선,숭실대입구,10299,9720
2022-06-11,7호선,상도,8331,7641
2022-06-11,7호선,장승배기,7070,6544
2022-06-11,7호선,신대방삼거리,11661,10711
2022-06-11,7호선,보라매,6150,5891
2022-06-11,7호선,신풍,8946,8547
2022-06-11,7호선,대림,7631,8507
2022-06-11,7호선,남구로,8670,9046
2022-06-11,7호선,가산디지털단지,15913,14289
2022-06-11,7호선,철산,16910,16991
2022-06-11,7호선,광명사거리,18451,18179
2022-06-11,7호선,천왕,7638,7044
2022-06-11,7호선,온수,6156,6132
2022-06-12,7호선,온수,4315,4394
2022-06-12,7호선,천왕,5446,5391
2022-06-12,7호선,광명사거리,13453,13443
2022-06-12,7호선,철산,11435,11361
2022-06-12,7호선,가산디지털단지,11037,10174
2022-06-12,7호선,남구로,7229,7100
2022-06-12,7호선,대림,8629,8086
2022-06-12,7호선,신풍,6712,6321
2022-06-12,7호선,보라매,4457,4488
2022-06-12,7호선,신대방삼거리,8490,8333
2022-06-12,7호선,장승배기,4995,4912
2022-06-12,7호선,상도,5606,5616
2022-06-12,7호선,숭실대입구,5991,6624
2022-06-12,7호선,남성,5924,5861
2022-06-12,7호선,이수,8958,8455
2022-06-12,7호선,내방,5566,5804
2022-06-12,7호선,고속터미널,13433,8864
2022-06-12,7호선,반포,3141,3130
2022-06-12,7호선,논현,5996,6120
2022-06-12,7호선,학동,7204,7676
2022-06-12,7호선,강남구청,5817,6475
2022-06-12,7호선,청담,7430,7960
2022-06-12,7호선,뚝섬유원지,9016,8514
2022-06-12,7호선,건대입구,8015,8470
2022-06-12,7호선,어린이대공원,8703,8820
2022-06-12,7호선,군자,8477,6408
2022-06-12,7호선,중곡,5577,5340
2022-06-12,7호선,용마산,3473,3709
2022-06-12,7호선,사가정,9383,9216
2022-06-12,7호선,면목,8371,8224
2022-06-12,7호선,상봉,10040,9127
2022-06-12,7호선,중화,5867,5611
2022-06-12,7호선,먹골,5742,5511
2022-06-12,7호선,태릉입구,5368,5092
2022-06-12,7호선,공릉,6554,6727
2022-06-12,7호선,하계,9824,9222
2022-06-12,7호선,중계,7216,6695
2022-06-12,7호선,노원,12136,12046
2022-06-12,7호선,마들,6529,6085
2022-06-12,7호선,수락산,9190,9176
2022-06-12,7호선,도봉산,6076,8695
2022-06-12,7호선,장암,1580,1018
2022-06-13,7호선,장암,2395,832
2022-06-13,7호선,도봉산,10199,11147
2022-06-13,7호선,수락산,13321,12980
2022-06-13,7호선,마들,13522,12832
2022-06-13,7호선,노원,19440,20446
2022-06-13,7호선,중계,15851,14489
2022-06-13,7호선,하계,19197,17836
2022-06-13,7호선,공릉,12003,12148
2022-06-13,7호선,태릉입구,9133,8645
2022-06-13,7호선,먹골,10390,10229
2022-06-13,7호선,중화,11132,10883
2022-06-13,7호선,상봉,17157,16272
2022-06-13,7호선,면목,16973,16526
2022-06-13,7호선,사가정,16749,16987
2022-06-13,7호선,용마산,6288,6031
2022-06-13,7호선,중곡,11622,10750
2022-06-13,7호선,군자,15429,12410
2022-06-13,7호선,어린이대공원,15817,16193
2022-06-13,7호선,건대입구,13217,13647
2022-06-13,7호선,뚝섬유원지,8412,8087
2022-06-13,7호선,청담,20863,23367
2022-06-13,7호선,강남구청,17150,18927
2022-06-13,7호선,학동,25963,27485
2022-06-13,7호선,논현,20626,21715
2022-06-13,7호선,반포,6353,6128
2022-06-13,7호선,고속터미널,16710,14113
2022-06-13,7호선,내방,15838,16054
2022-06-13,7호선,이수,16488,15799
2022-06-13,7호선,남성,11990,11118
2022-06-13,7호선,숭실대입구,16185,16437
2022-06-13,7호선,상도,12029,11786
2022-06-13,7호선,장승배기,9593,9427
2022-06-13,7호선,신대방삼거리,16506,15669
2022-06-13,7호선,보라매,8870,8973
2022-06-13,7호선,신풍,12535,11924
2022-06-13,7호선,대림,8485,8262
2022-06-13,7호선,남구로,16933,17824
2022-06-13,7호선,가산디지털단지,48517,49158
2022-06-13,7호선,철산,22440,22722
2022-06-13,7호선,광명사거리,22817,22414
2022-06-13,7호선,천왕,12489,11743
2022-06-13,7호선,온수,11937,11038
2022-06-14,7호선,장암,2550,933
2022-06-14,7호선,도봉산,10380,11775
2022-06-14,7호선,수락산,13509,13426
2022-06-14,7호선,마들,14120,13316
2022-06-14,7호선,노원,20487,21563
2022-06-14,7호선,중계,16371,14840
2022-06-14,7호선,하계,19505,18438
2022-06-14,7호선,공릉,12563,12490
2022-06-14,7호선,태릉입구,9566,8923
2022-06-14,7호선,먹골,10852,10669
2022-06-14,7호선,중화,11605,11285
2022-06-14,7호선,상봉,17676,16697
2022-06-14,7호선,면목,17517,17060
2022-06-14,7호선,사가정,17382,17391
2022-06-14,7호선,용마산,6582,6301
2022-06-14,7호선,중곡,11937,11191
2022-06-14,7호선,군자,16050,12840
2022-06-14,7호선,어린이대공원,16095,16408
2022-06-14,7호선,건대입구,13697,13917
2022-06-14,7호선,뚝섬유원지,8670,8489
2022-06-14,7호선,청담,21830,24436
2022-06-14,7호선,강남구청,18206,20216
2022-06-14,7호선,학동,26673,28098
2022-06-14,7호선,논현,20727,22394
2022-06-14,7호선,반포,6499,6248
2022-06-14,7호선,고속터미널,16543,14749
2022-06-14,7호선,내방,16142,16553
2022-06-14,7호선,이수,17129,16654
2022-06-14,7호선,남성,12399,11650
2022-06-14,7호선,숭실대입구,16637,16670
2022-06-14,7호선,상도,12205,11966
2022-06-14,7호선,장승배기,9727,9510
2022-06-14,7호선,신대방삼거리,16909,16078
2022-06-14,7호선,보라매,8982,9137
2022-06-14,7호선,신풍,12673,12120
2022-06-14,7호선,대림,8250,8306
2022-06-14,7호선,남구로,17181,18113
2022-06-14,7호선,가산디지털단지,48666,48817
2022-06-14,7호선,철산,22857,23269
2022-06-14,7호선,광명사거리,23253,22901
2022-06-14,7호선,천왕,12697,12220
2022-06-14,7호선,온수,11873,10984
2022-06-15,7호선,장암,2392,829
2022-06-15,7호선,도봉산,10077,11114
2022-06-15,7호선,수락산,13257,13158
2022-06-15,7호선,마들,14060,13100
2022-06-15,7호선,노원,20213,21456
2022-06-15,7호선,중계,15933,14690
2022-06-15,7호선,하계,19567,18513
2022-06-15,7호선,공릉,12397,12277
2022-06-15,7호선,태릉입구,9622,9139
2022-06-15,7호선,먹골,10813,10669
2022-06-15,7호선,중화,11422,11237
2022-06-15,7호선,상봉,17343,16499
2022-06-15,7호선,면목,17209,16885
2022-06-15,7호선,사가정,16895,16758
2022-06-15,7호선,용마산,6395,6110
2022-06-15,7호선,중곡,12072,11163
2022-06-15,7호선,군자,15876,12837
2022-06-15,7호선,어린이대공원,17212,17586
2022-06-15,7호선,건대입구,13922,14146
2022-06-15,7호선,뚝섬유원지,7795,7458
2022-06-15,7호선,청담,21165,23648
2022-06-15,7호선,강남구청,17978,19932
2022-06-15,7호선,학동,26758,28230
2022-06-15,7호선,논현,20650,21831
2022-06-15,7호선,반포,6672,6389
2022-06-15,7호선,고속터미널,15977,13908
2022-06-15,7호선,내방,16085,16178
2022-06-15,7호선,이수,17464,16930
2022-06-15,7호선,남성,12365,11213
2022-06-15,7호선,숭실대입구,14087,14154
2022-06-15,7호선,상도,12401,12154
2022-06-15,7호선,장승배기,9610,9287
2022-06-15,7호선,신대방삼거리,16657,15599
2022-06-15,7호선,보라매,8750,8871
2022-06-15,7호선,신풍,12480,11934
2022-06-15,7호선,대림,7953,8033
2022-06-15,7호선,남구로,16892,17920
2022-06-15,7호선,가산디지털단지,48019,48733
2022-06-15,7호선,철산,22545,22767
2022-06-15,7호선,광명사거리,22897,22520
2022-06-15,7호선,천왕,12961,12070
2022-06-15,7호선,온수,11969,11127
2022-06-16,7호선,장암,2470,960
2022-06-16,7호선,도봉산,10507,11987
2022-06-16,7호선,수락산,13794,13546
2022-06-16,7호선,마들,14220,13308
2022-06-16,7호선,노원,20528,21878
2022-06-16,7호선,중계,16048,14644
2022-06-16,7호선,하계,19483,18267
2022-06-16,7호선,공릉,12807,12596
2022-06-16,7호선,태릉입구,9884,9236
2022-06-16,7호선,먹골,10996,10723
2022-06-16,7호선,중화,11510,11114
2022-06-16,7호선,상봉,18226,17259
2022-06-16,7호선,면목,17552,16934
2022-06-16,7호선,사가정,17313,17167
2022-06-16,7호선,용마산,6544,6314
2022-06-16,7호선,중곡,11969,11077
2022-06-16,7호선,군자,16283,12757
2022-06-16,7호선,어린이대공원,17186,17269
2022-06-16,7호선,건대입구,14008,14520
2022-06-16,7호선,뚝섬유원지,9766,9250
2022-06-16,7호선,청담,21517,24473
2022-06-16,7호선,강남구청,18122,20264
2022-06-16,7호선,학동,26283,28313
2022-06-16,7호선,논현,20905,22175
2022-06-16,7호선,반포,6553,6318
2022-06-16,7호선,고속터미널,17102,14615
2022-06-16,7호선,내방,16012,16363
2022-06-16,7호선,이수,17492,16947
2022-06-16,7호선,남성,12570,11330
2022-06-16,7호선,숭실대입구,14763,14815
2022-06-16,7호선,상도,12550,12088
2022-06-16,7호선,장승배기,9732,9334
2022-06-16,7호선,신대방삼거리,16589,15579
2022-06-16,7호선,보라매,8889,8930
2022-06-16,7호선,신풍,12714,12038
2022-06-16,7호선,대림,8228,8193
2022-06-16,7호선,남구로,16751,17726
2022-06-16,7호선,가산디지털단지,47993,49049
2022-06-16,7호선,철산,22813,23078
2022-06-16,7호선,광명사거리,23530,22925
2022-06-16,7호선,천왕,12699,12037
2022-06-16,7호선,온수,12029,11234
2022-06-17,7호선,장암,2465,1019
2022-06-17,7호선,도봉산,10354,11769
2022-06-17,7호선,수락산,13927,13603
2022-06-17,7호선,마들,14418,13225
2022-06-17,7호선,노원,21590,23553
2022-06-17,7호선,중계,16170,14498
2022-06-17,7호선,하계,19333,17724
2022-06-17,7호선,공릉,13270,12857
2022-06-17,7호선,태릉입구,9757,8974
2022-06-17,7호선,먹골,11106,10769
2022-06-17,7호선,중화,11794,11240
2022-06-17,7호선,상봉,18844,17811
2022-06-17,7호선,면목,17685,16721
2022-06-17,7호선,사가정,17625,17650
2022-06-17,7호선,용마산,6742,6205
2022-06-17,7호선,중곡,12166,10992
2022-06-17,7호선,군자,16628,13065
2022-06-17,7호선,어린이대공원,16773,16505
2022-06-17,7호선,건대입구,14473,15258
2022-06-17,7호선,뚝섬유원지,10567,10022
2022-06-17,7호선,청담,21323,24180
2022-06-17,7호선,강남구청,17938,20411
2022-06-17,7호선,학동,25549,27484
2022-06-17,7호선,논현,20989,23124
2022-06-17,7호선,반포,6782,6469
2022-06-17,7호선,고속터미널,20196,16406
2022-06-17,7호선,내방,16174,16262
2022-06-17,7호선,이수,18446,17766
2022-06-17,7호선,남성,12408,11010
2022-06-17,7호선,숭실대입구,14586,14102
2022-06-17,7호선,상도,12695,11967
2022-06-17,7호선,장승배기,9971,9508
2022-06-17,7호선,신대방삼거리,16986,15909
2022-06-17,7호선,보라매,9094,8867
2022-06-17,7호선,신풍,12814,11969
2022-06-17,7호선,대림,8418,8854
2022-06-17,7호선,남구로,16341,17351
2022-06-17,7호선,가산디지털단지,47350,47518
2022-06-17,7호선,철산,23690,24198
2022-06-17,7호선,광명사거리,24098,23820
2022-06-17,7호선,천왕,12702,11902
2022-06-17,7호선,온수,11882,10892
2022-06-18,7호선,온수,6173,6038
2022-06-18,7호선,천왕,7655,7118
2022-06-18,7호선,광명사거리,18222,18053
2022-06-18,7호선,철산,16708,16753
2022-06-18,7호선,가산디지털단지,15548,13981
2022-06-18,7호선,남구로,8859,8996
2022-06-18,7호선,대림,7849,8309
2022-06-18,7호선,신풍,8967,8613
2022-06-18,7호선,보라매,6039,5762
2022-06-18,7호선,신대방삼거리,11696,10674
2022-06-18,7호선,장승배기,7001,6666
2022-06-18,7호선,상도,8396,7617
2022-06-18,7호선,숭실대입구,9490,9082
2022-06-18,7호선,남성,8421,7473
2022-06-18,7호선,이수,13901,13214
2022-06-18,7호선,내방,8509,8474
2022-06-18,7호선,고속터미널,17693,13170
2022-06-18,7호선,반포,5024,4812
2022-06-18,7호선,논현,10746,11494
2022-06-18,7호선,학동,11283,11982
2022-06-18,7호선,강남구청,10771,12145
2022-06-18,7호선,청담,12389,13441
2022-06-18,7호선,뚝섬유원지,9520,8828
2022-06-18,7호선,건대입구,11934,12888
2022-06-18,7호선,어린이대공원,11016,10797
2022-06-18,7호선,군자,11780,8811
2022-06-18,7호선,중곡,7749,6997
2022-06-18,7호선,용마산,4669,4689
2022-06-18,7호선,사가정,13252,12687
2022-06-18,7호선,면목,12241,11114
2022-06-18,7호선,상봉,14296,13388
2022-06-18,7호선,중화,8049,7623
2022-06-18,7호선,먹골,8057,7617
2022-06-18,7호선,태릉입구,7425,6877
2022-06-18,7호선,공릉,9406,9161
2022-06-18,7호선,하계,13360,12034
2022-06-18,7호선,중계,10070,8656
2022-06-18,7호선,노원,16508,17514
2022-06-18,7호선,마들,10127,9284
2022-06-18,7호선,수락산,10944,10459
2022-06-18,7호선,도봉산,7099,9341
2022-06-18,7호선,장암,1841,1222
2022-06-19,7호선,온수,4493,4509
2022-06-19,7호선,천왕,5345,5129
2022-06-19,7호선,광명사거리,13533,13361
2022-06-19,7호선,철산,11418,11397
2022-06-19,7호선,가산디지털단지,10597,9882
2022-06-19,7호선,남구로,7223,6933
2022-06-19,7호선,대림,8385,7874
2022-06-19,7호선,신풍,6715,6436
2022-06-19,7호선,보라매,4060,4071
2022-06-19,7호선,신대방삼거리,8282,8149
2022-06-19,7호선,장승배기,5310,5238
2022-06-19,7호선,상도,5596,5597
2022-06-19,7호선,숭실대입구,6057,6559
2022-06-19,7호선,남성,5811,5798
2022-06-19,7호선,이수,9105,8600
2022-06-19,7호선,내방,5425,5548
2022-06-19,7호선,고속터미널,14947,9370
2022-06-19,7호선,반포,3317,3276
2022-06-19,7호선,논현,6105,6197
2022-06-19,7호선,학동,7014,7427
2022-06-19,7호선,강남구청,6021,6656
2022-06-19,7호선,청담,7209,7682
2022-06-19,7호선,뚝섬유원지,7729,7203
2022-06-19,7호선,건대입구,8115,8536
2022-06-19,7호선,어린이대공원,8731,8864
2022-06-19,7호선,군자,8399,6576
2022-06-19,7호선,중곡,5579,5360
2022-06-19,7호선,용마산,3353,3643
2022-06-19,7호선,사가정,9517,9314
2022-06-19,7호선,면목,8443,8215
2022-06-19,7호선,상봉,10307,9684
2022-06-19,7호선,중화,5815,5810
2022-06-19,7호선,먹골,5691,5565
2022-06-19,7호선,태릉입구,5434,4888
2022-06-19,7호선,공릉,6519,6650
2022-06-19,7호선,하계,9452,8962
2022-06-19,7호선,중계,6892,6520
2022-06-19,7호선,노원,11349,11594
2022-06-19,7호선,마들,6325,5929
2022-06-19,7호선,수락산,8501,8380
2022-06-19,7호선,도봉산,5612,7977
2022-06-19,7호선,장암,1516,1055
2022-06-20,7호선,장암,2427,891
2022-06-20,7호선,도봉산,9963,11046
2022-06-20,7호선,수락산,13036,12813
2022-06-20,7호선,마들,13816,12812
2022-06-20,7호선,노원,20708,21260
2022-06-20,7호선,중계,15807,14565
2022-06-20,7호선,하계,18945,17718
2022-06-20,7호선,공릉,12604,12484
2022-06-20,7호선,태릉입구,9330,8995
2022-06-20,7호선,먹골,10629,10616
2022-06-20,7호선,중화,11227,11080
2022-06-20,7호선,상봉,17568,16383
2022-06-20,7호선,면목,16926,16479
2022-06-20,7호선,사가정,17029,17127
2022-06-20,7호선,용마산,6376,6144
2022-06-20,7호선,중곡,11643,10911
2022-06-20,7호선,군자,15647,12482
2022-06-20,7호선,어린이대공원,16232,16543
2022-06-20,7호선,건대입구,13673,14296
2022-06-20,7호선,뚝섬유원지,10000,9574
2022-06-20,7호선,청담,21229,23608
2022-06-20,7호선,강남구청,17202,19160
2022-06-20,7호선,학동,25928,27264
2022-06-20,7호선,논현,20495,21761
2022-06-20,7호선,반포,6410,6212
2022-06-20,7호선,고속터미널,17721,14283
2022-06-20,7호선,내방,15436,15636
2022-06-20,7호선,이수,16884,16428
2022-06-20,7호선,남성,12195,11356
2022-06-20,7호선,숭실대입구,13463,13808
2022-06-20,7호선,상도,12013,11753
2022-06-20,7호선,장승배기,9661,9527
2022-06-20,7호선,신대방삼거리,16321,15616
2022-06-20,7호선,보라매,9112,9073
2022-06-20,7호선,신풍,12240,11680
2022-06-20,7호선,대림,8269,8319
2022-06-20,7호선,남구로,16858,17715
2022-06-20,7호선,가산디지털단지,48445,48722
2022-06-20,7호선,철산,22237,22780
2022-06-20,7호선,광명사거리,22729,22322
2022-06-20,7호선,천왕,12385,11702
2022-06-20,7호선,온수,11529,10866
2022-06-21,7호선,장암,2423,928
2022-06-21,7호선,도봉산,10039,11465
2022-06-21,7호선,수락산,13589,13315
2022-06-21,7호선,마들,14050,13181
2022-06-21,7호선,노원,20658,21845
2022-06-21,7호선,중계,15861,14501
2022-06-21,7호선,하계,19571,18296
2022-06-21,7호선,공릉,12712,12495
2022-06-21,7호선,태릉입구,9999,9164
2022-06-21,7호선,먹골,10879,10642
2022-06-21,7호선,중화,11486,11210
2022-06-21,7호선,상봉,18080,16961
2022-06-21,7호선,면목,15854,15430
2022-06-21,7호선,사가정,17044,16916
2022-06-21,7호선,용마산,6406,6300
2022-06-21,7호선,중곡,11936,11051
2022-06-21,7호선,군자,16262,12910
2022-06-21,7호선,어린이대공원,16395,16878
2022-06-21,7호선,건대입구,14242,14791
2022-06-21,7호선,뚝섬유원지,10252,9806
2022-06-21,7호선,청담,21794,24519
2022-06-21,7호선,강남구청,18324,20419
2022-06-21,7호선,학동,26670,28265
2022-06-21,7호선,논현,21009,22558
2022-06-21,7호선,반포,6527,6359
2022-06-21,7호선,고속터미널,17300,14934
2022-06-21,7호선,내방,15970,16266
2022-06-21,7호선,이수,17489,16977
2022-06-21,7호선,남성,12260,11201
2022-06-21,7호선,숭실대입구,13266,13349
2022-06-21,7호선,상도,12473,12195
2022-06-21,7호선,장승배기,9741,9610
2022-06-21,7호선,신대방삼거리,17071,15975
2022-06-21,7호선,보라매,9369,9328
2022-06-21,7호선,신풍,12557,12000
2022-06-21,7호선,대림,8234,8293
2022-06-21,7호선,남구로,16986,17991
2022-06-21,7호선,가산디지털단지,49163,49183
2022-06-21,7호선,철산,22848,23185
2022-06-21,7호선,광명사거리,22815,22657
2022-06-21,7호선,천왕,12596,12018
2022-06-21,7호선,온수,11710,11034
2022-06-22,7호선,온수,11120,10088
2022-06-22,7호선,천왕,12596,12172
2022-06-22,7호선,광명사거리,23290,22879
2022-06-22,7호선,철산,22854,23192
2022-06-22,7호선,가산디지털단지,48797,49193
2022-06-22,7호선,남구로,16864,18058
2022-06-22,7호선,대림,8319,8372
2022-06-22,7호선,신풍,12656,12094
2022-06-22,7호선,보라매,8787,8924
2022-06-22,7호선,신대방삼거리,16738,15848
2022-06-22,7호선,장승배기,9868,9672
2022-06-22,7호선,상도,12312,11792
2022-06-22,7호선,숭실대입구,13596,13689
2022-06-22,7호선,남성,12149,11145
2022-06-22,7호선,이수,17639,17053
2022-06-22,7호선,내방,15949,16474
2022-06-22,7호선,고속터미널,17218,14862
2022-06-22,7호선,반포,6532,6408
2022-06-22,7호선,논현,21089,22206
2022-06-22,7호선,학동,26856,28572
2022-06-22,7호선,강남구청,18176,20317
2022-06-22,7호선,청담,21352,24257
2022-06-22,7호선,뚝섬유원지,10811,10209
2022-06-22,7호선,건대입구,13863,14359
2022-06-22,7호선,어린이대공원,14722,14367
2022-06-22,7호선,군자,16267,12746
2022-06-22,7호선,중곡,12152,11181
2022-06-22,7호선,용마산,6391,6215
2022-06-22,7호선,사가정,17145,16971
2022-06-22,7호선,면목,16001,15442
2022-06-22,7호선,상봉,17881,17063
2022-06-22,7호선,중화,11436,11169
2022-06-22,7호선,먹골,10742,10655
2022-06-22,7호선,태릉입구,9208,8598
2022-06-22,7호선,공릉,12809,12539
2022-06-22,7호선,하계,19517,18658
2022-06-22,7호선,중계,16001,14493
2022-06-22,7호선,노원,20535,21884
2022-06-22,7호선,마들,14280,13288
2022-06-22,7호선,수락산,13702,13414
2022-06-22,7호선,도봉산,9862,11401
2022-06-22,7호선,장암,2374,920
2022-06-23,7호선,온수,10458,9594
2022-06-23,7호선,천왕,11957,11393
2022-06-23,7호선,광명사거리,21392,21310
2022-06-23,7호선,철산,21273,21832
2022-06-23,7호선,가산디지털단지,48887,47839
2022-06-23,7호선,남구로,16353,17730
2022-06-23,7호선,대림,7842,7748
2022-06-23,7호선,신풍,11976,11807
2022-06-23,7호선,보라매,8406,8363
2022-06-23,7호선,신대방삼거리,15702,15201
2022-06-23,7호선,장승배기,9256,9293
2022-06-23,7호선,상도,11532,11113
2022-06-23,7호선,숭실대입구,12944,13174
2022-06-23,7호선,남성,11428,10793
2022-06-23,7호선,이수,16765,16079
2022-06-23,7호선,내방,15226,15754
2022-06-23,7호선,고속터미널,16882,14236
2022-06-23,7호선,반포,6150,6028
2022-06-23,7호선,논현,19267,21221
2022-06-23,7호선,학동,25976,27429
2022-06-23,7호선,강남구청,17881,19824
2022-06-23,7호선,청담,20555,23777
2022-06-23,7호선,뚝섬유원지,7434,7320
2022-06-23,7호선,건대입구,13292,13870
2022-06-23,7호선,어린이대공원,13969,13954
2022-06-23,7호선,군자,15378,12313
2022-06-23,7호선,중곡,11456,10865
2022-06-23,7호선,용마산,6066,5911
2022-06-23,7호선,사가정,15976,16005
2022-06-23,7호선,면목,14867,14870
2022-06-23,7호선,상봉,17151,15998
2022-06-23,7호선,중화,10797,10687
2022-06-23,7호선,먹골,10362,10308
2022-06-23,7호선,태릉입구,8573,8081
2022-06-23,7호선,공릉,12041,11997
2022-06-23,7호선,하계,18110,17355
2022-06-23,7호선,중계,15189,14198
2022-06-23,7호선,노원,19595,19812
2022-06-23,7호선,마들,13268,12989
2022-06-23,7호선,수락산,12617,12479
2022-06-23,7호선,도봉산,8815,10106
2022-06-23,7호선,장암,2188,845
2022-06-24,7호선,장암,2400,1009
2022-06-24,7호선,도봉산,9637,10783
2022-06-24,7호선,수락산,13891,13526
2022-06-24,7호선,마들,14217,13200
2022-06-24,7호선,노원,21416,23234
2022-06-24,7호선,중계,15826,14065
2022-06-24,7호선,하계,19175,17704
2022-06-24,7호선,공릉,13298,12660
2022-06-24,7호선,태릉입구,9205,8726
2022-06-24,7호선,먹골,11015,10661
2022-06-24,7호선,중화,11746,11272
2022-06-24,7호선,상봉,18892,18097
2022-06-24,7호선,면목,16275,15443
2022-06-24,7호선,사가정,17440,17086
2022-06-24,7호선,용마산,6435,5964
2022-06-24,7호선,중곡,12238,11072
2022-06-24,7호선,군자,16737,13085
2022-06-24,7호선,어린이대공원,14707,14485
2022-06-24,7호선,건대입구,13956,14782
2022-06-24,7호선,뚝섬유원지,10079,9478
2022-06-24,7호선,청담,20877,23697
2022-06-24,7호선,강남구청,18221,20491
2022-06-24,7호선,학동,25382,27354
2022-06-24,7호선,논현,20811,22862
2022-06-24,7호선,반포,6840,6470
2022-06-24,7호선,고속터미널,20117,16075
2022-06-24,7호선,내방,15943,16209
2022-06-24,7호선,이수,18297,17801
2022-06-24,7호선,남성,12188,10887
2022-06-24,7호선,숭실대입구,13692,13204
2022-06-24,7호선,상도,12195,11420
2022-06-24,7호선,장승배기,9922,9430
2022-06-24,7호선,신대방삼거리,16917,15607
2022-06-24,7호선,보라매,9075,8893
2022-06-24,7호선,신풍,12709,11859
2022-06-24,7호선,대림,8454,8580
2022-06-24,7호선,남구로,16338,17394
2022-06-24,7호선,가산디지털단지,47129,47129
2022-06-24,7호선,철산,23486,24023
2022-06-24,7호선,광명사거리,23717,23244
2022-06-24,7호선,천왕,12703,11840
2022-06-24,7호선,온수,10860,9966
2022-06-24,7호선,상동,1,0
2022-06-25,7호선,천왕,7767,7140
2022-06-25,7호선,장암,2005,1291
2022-06-25,7호선,도봉산,7489,9821
2022-06-25,7호선,수락산,11527,11176
2022-06-25,7호선,마들,9943,9148
2022-06-25,7호선,노원,17088,17981
2022-06-25,7호선,중계,10019,8706
2022-06-25,7호선,하계,13461,12247
2022-06-25,7호선,공릉,9414,9016
2022-06-25,7호선,태릉입구,7287,6606
2022-06-25,7호선,먹골,8290,7698
2022-06-25,7호선,중화,8175,7591
2022-06-25,7호선,상봉,14851,14015
2022-06-25,7호선,면목,11831,11079
2022-06-25,7호선,사가정,13383,12743
2022-06-25,7호선,용마산,4726,4664
2022-06-25,7호선,중곡,7637,6962
2022-06-25,7호선,군자,11819,8773
2022-06-25,7호선,어린이대공원,10612,10164
2022-06-25,7호선,건대입구,12186,12983
2022-06-25,7호선,뚝섬유원지,10081,9310
2022-06-25,7호선,청담,11682,12736
2022-06-25,7호선,강남구청,10250,11604
2022-06-25,7호선,학동,11543,12079
2022-06-25,7호선,논현,10644,11699
2022-06-25,7호선,반포,4806,4592
2022-06-25,7호선,고속터미널,17390,13392
2022-06-25,7호선,내방,8399,8363
2022-06-25,7호선,이수,14198,13333
2022-06-25,7호선,남성,8643,7747
2022-06-25,7호선,숭실대입구,9013,8532
2022-06-25,7호선,상도,8593,7741
2022-06-25,7호선,장승배기,7140,6683
2022-06-25,7호선,신대방삼거리,11967,10889
2022-06-25,7호선,보라매,5904,5667
2022-06-25,7호선,신풍,8888,8487
2022-06-25,7호선,대림,7690,8405
2022-06-25,7호선,남구로,8746,9038
2022-06-25,7호선,가산디지털단지,15731,14263
2022-06-25,7호선,철산,16935,17168
2022-06-25,7호선,광명사거리,18698,18535
2022-06-25,7호선,온수,5983,6009
2022-06-26,7호선,중계,7189,6835
2022-06-26,7호선,장암,1389,908
2022-06-26,7호선,도봉산,5094,7058
2022-06-26,7호선,수락산,7853,7704
2022-06-26,7호선,마들,5925,5507
2022-06-26,7호선,노원,11297,11221
2022-06-26,7호선,하계,9069,8570
2022-06-26,7호선,공릉,6209,6345
2022-06-26,7호선,태릉입구,5088,4746
2022-06-26,7호선,먹골,5510,5334
2022-06-26,7호선,중화,5620,5460
2022-06-26,7호선,상봉,9672,8805
2022-06-26,7호선,면목,7984,7856
2022-06-26,7호선,사가정,8986,8633
2022-06-26,7호선,용마산,3108,3245
2022-06-26,7호선,중곡,5421,5167
2022-06-26,7호선,군자,8004,6371
2022-06-26,7호선,어린이대공원,7336,7114
2022-06-26,7호선,건대입구,7680,7918
2022-06-26,7호선,뚝섬유원지,6985,6780
2022-06-26,7호선,청담,6518,7201
2022-06-26,7호선,강남구청,5579,6190
2022-06-26,7호선,학동,6808,7251
2022-06-26,7호선,논현,5749,5950
2022-06-26,7호선,반포,3000,3131
2022-06-26,7호선,고속터미널,14817,9346
2022-06-26,7호선,내방,5266,5508
2022-06-26,7호선,이수,8994,8485
2022-06-26,7호선,남성,5634,5478
2022-06-26,7호선,숭실대입구,5967,6395
2022-06-26,7호선,상도,5784,5907
2022-06-26,7호선,장승배기,4758,4716
2022-06-26,7호선,신대방삼거리,8029,7932
2022-06-26,7호선,보라매,4081,4112
2022-06-26,7호선,신풍,6805,6559
2022-06-26,7호선,대림,8464,7883
2022-06-26,7호선,남구로,7168,6946
2022-06-26,7호선,가산디지털단지,10845,9961
2022-06-26,7호선,철산,10959,11138
2022-06-26,7호선,광명사거리,13088,12994
2022-06-26,7호선,천왕,5241,5060
2022-06-26,7호선,온수,4236,4272
2022-06-27,7호선,부평구청,1,0
2022-06-27,7호선,온수,10573,9684
2022-06-27,7호선,천왕,12070,11516
2022-06-27,7호선,광명사거리,21969,21553
2022-06-27,7호선,철산,21508,21761
2022-06-27,7호선,가산디지털단지,48063,48117
2022-06-27,7호선,남구로,16639,17589
2022-06-27,7호선,대림,8259,8029
2022-06-27,7호선,신풍,12116,11735
2022-06-27,7호선,보라매,8630,8610
2022-06-27,7호선,신대방삼거리,15849,15321
2022-06-27,7호선,장승배기,9358,9122
2022-06-27,7호선,상도,11306,11021
2022-06-27,7호선,숭실대입구,12578,12891
2022-06-27,7호선,남성,11501,10716
2022-06-27,7호선,이수,16366,16121
2022-06-27,7호선,내방,15344,15679
2022-06-27,7호선,고속터미널,17306,14171
2022-06-27,7호선,반포,5918,5849
2022-06-27,7호선,논현,20148,21299
2022-06-27,7호선,학동,25923,27032
2022-06-27,7호선,강남구청,17119,18839
2022-06-27,7호선,청담,20754,23184
2022-06-27,7호선,뚝섬유원지,7498,7287
2022-06-27,7호선,건대입구,12912,13309
2022-06-27,7호선,어린이대공원,13149,13257
2022-06-27,7호선,군자,15295,12320
2022-06-27,7호선,중곡,11417,10746
2022-06-27,7호선,용마산,6137,5864
2022-06-27,7호선,사가정,16201,16096
2022-06-27,7호선,면목,15320,14911
2022-06-27,7호선,상봉,16948,15994
2022-06-27,7호선,중화,10938,10827
2022-06-27,7호선,먹골,10298,10194
2022-06-27,7호선,태릉입구,8375,7804
2022-06-27,7호선,공릉,12023,12063
2022-06-27,7호선,하계,17729,16591
2022-06-27,7호선,중계,15149,13855
2022-06-27,7호선,노원,20271,20865
2022-06-27,7호선,마들,13459,12621
2022-06-27,7호선,수락산,12704,12440
2022-06-27,7호선,도봉산,9108,9951
2022-06-27,7호선,장암,2360,815
2022-06-28,7호선,장암,2236,829
2022-06-28,7호선,도봉산,9119,10180
2022-06-28,7호선,수락산,12573,12434
2022-06-28,7호선,마들,13403,12691
2022-06-28,7호선,노원,19946,20798
2022-06-28,7호선,중계,15136,13800
2022-06-28,7호선,하계,18109,17133
2022-06-28,7호선,공릉,11927,11878
2022-06-28,7호선,태릉입구,8625,8026
2022-06-28,7호선,먹골,10591,10357
2022-06-28,7호선,중화,11052,10875
2022-06-28,7호선,상봉,17194,16294
2022-06-28,7호선,면목,15261,14954
2022-06-28,7호선,사가정,16411,16201
2022-06-28,7호선,용마산,6144,5870
2022-06-28,7호선,중곡,11710,10821
2022-06-28,7호선,군자,15687,12453
2022-06-28,7호선,어린이대공원,13273,13047
2022-06-28,7호선,건대입구,12566,13479
2022-06-28,7호선,뚝섬유원지,7893,7633
2022-06-28,7호선,청담,21007,23760
2022-06-28,7호선,강남구청,17928,19951
2022-06-28,7호선,학동,26087,27679
2022-06-28,7호선,논현,20397,21803
2022-06-28,7호선,반포,6247,6177
2022-06-28,7호선,고속터미널,16691,14323
2022-06-28,7호선,내방,15541,15810
2022-06-28,7호선,이수,16831,16341
2022-06-28,7호선,남성,11808,10918
2022-06-28,7호선,숭실대입구,12625,12980
2022-06-28,7호선,상도,11408,11116
2022-06-28,7호선,장승배기,9436,9274
2022-06-28,7호선,신대방삼거리,16084,15364
2022-06-28,7호선,보라매,8527,8582
2022-06-28,7호선,신풍,12232,11673
2022-06-28,7호선,대림,8017,7934
2022-06-28,7호선,남구로,16633,17538
2022-06-28,7호선,가산디지털단지,47786,48056
2022-06-28,7호선,철산,21747,22108
2022-06-28,7호선,광명사거리,21934,21850
2022-06-28,7호선,천왕,12028,11535
2022-06-28,7호선,온수,10683,9798
2022-06-29,7호선,장암,2239,797
2022-06-29,7호선,도봉산,9092,10202
2022-06-29,7호선,수락산,12672,12617
2022-06-29,7호선,마들,13529,12829
2022-06-29,7호선,노원,20296,21173
2022-06-29,7호선,중계,15197,13852
2022-06-29,7호선,하계,18479,17700
2022-06-29,7호선,공릉,12274,12080
2022-06-29,7호선,태릉입구,8536,8090
2022-06-29,7호선,먹골,10527,10498
2022-06-29,7호선,중화,11141,10879
2022-06-29,7호선,상봉,17089,16216
2022-06-29,7호선,면목,15295,14932
2022-06-29,7호선,사가정,16380,16311
2022-06-29,7호선,용마산,6206,5984
2022-06-29,7호선,중곡,11851,10920
2022-06-29,7호선,군자,15534,12701
2022-06-29,7호선,어린이대공원,13478,13237
2022-06-29,7호선,건대입구,13425,13766
2022-06-29,7호선,뚝섬유원지,7517,7353
2022-06-29,7호선,청담,21044,23850
2022-06-29,7호선,강남구청,17875,19685
2022-06-29,7호선,학동,25843,27401
2022-06-29,7호선,논현,20108,21376
2022-06-29,7호선,반포,6303,6241
2022-06-29,7호선,고속터미널,16120,13905
2022-06-29,7호선,내방,15708,15963
2022-06-29,7호선,이수,17440,16937
2022-06-29,7호선,남성,11676,10901
2022-06-29,7호선,숭실대입구,12717,12906
2022-06-29,7호선,상도,11616,11185
2022-06-29,7호선,장승배기,9339,9179
2022-06-29,7호선,신대방삼거리,15861,15169
2022-06-29,7호선,보라매,8362,8400
2022-06-29,7호선,신풍,12270,11929
2022-06-29,7호선,대림,8025,8049
2022-06-29,7호선,남구로,16402,17561
2022-06-29,7호선,가산디지털단지,48367,47932
2022-06-29,7호선,철산,22011,22454
2022-06-29,7호선,광명사거리,21988,21790
2022-06-29,7호선,천왕,12078,11613
2022-06-29,7호선,온수,10612,9916
2022-06-30,7호선,온수,10261,9533
2022-06-30,7호선,천왕,11646,11121
2022-06-30,7호선,광명사거리,20819,20696
2022-06-30,7호선,철산,20727,20962
2022-06-30,7호선,가산디지털단지,47532,47454
2022-06-30,7호선,남구로,16175,17046
2022-06-30,7호선,대림,7682,7518
2022-06-30,7호선,신풍,11875,11359
2022-06-30,7호선,보라매,8064,8062
2022-06-30,7호선,신대방삼거리,15328,14493
2022-06-30,7호선,장승배기,9092,8890
2022-06-30,7호선,상도,11118,10794
2022-06-30,7호선,숭실대입구,12311,12312
2022-06-30,7호선,남성,11415,10521
2022-06-30,7호선,이수,16682,16084
2022-06-30,7호선,내방,15030,15481
2022-06-30,7호선,고속터미널,16155,13835
2022-06-30,7호선,반포,6103,5955
2022-06-30,7호선,논현,19260,20404
2022-06-30,7호선,학동,25894,27243
2022-06-30,7호선,강남구청,17664,19632
2022-06-30,7호선,청담,21424,23782
2022-06-30,7호선,뚝섬유원지,7072,6940
2022-06-30,7호선,건대입구,13644,14069
2022-06-30,7호선,어린이대공원,14046,13809
2022-06-30,7호선,군자,15692,12519
2022-06-30,7호선,중곡,11574,10973
2022-06-30,7호선,용마산,6217,6025
2022-06-30,7호선,사가정,15954,16118
2022-06-30,7호선,면목,15219,15041
2022-06-30,7호선,상봉,16919,16129
2022-06-30,7호선,중화,11165,11160
2022-06-30,7호선,먹골,10588,10667
2022-06-30,7호선,태릉입구,8785,8398
2022-06-30,7호선,공릉,12481,12330
2022-06-30,7호선,하계,19459,18473
2022-06-30,7호선,중계,15918,14743
2022-06-30,7호선,노원,20536,21600
2022-06-30,7호선,마들,14244,13695
2022-06-30,7호선,수락산,13314,13034
2022-06-30,7호선,도봉산,9017,10100
2022-06-30,7호선,장암,2429,856
2022-07-01,7호선,장암,2469,979
2022-07-01,7호선,도봉산,9951,11058
2022-07-01,7호선,수락산,13861,13488
2022-07-01,7호선,마들,14698,13544
2022-07-01,7호선,노원,23033,24544
2022-07-01,7호선,중계,16286,14092
2022-07-01,7호선,하계,19529,17788
2022-07-01,7호선,공릉,13175,12728
2022-07-01,7호선,태릉입구,9326,8579
2022-07-01,7호선,먹골,11269,10824
2022-07-01,7호선,중화,11795,11299
2022-07-01,7호선,상봉,18610,17832
2022-07-01,7호선,면목,16343,15626
2022-07-01,7호선,사가정,17333,17068
2022-07-01,7호선,용마산,6558,6130
2022-07-01,7호선,중곡,11944,10910
2022-07-01,7호선,군자,16715,12918
2022-07-01,7호선,어린이대공원,13908,13637
2022-07-01,7호선,건대입구,14133,15030
2022-07-01,7호선,뚝섬유원지,10173,9350
2022-07-01,7호선,청담,21038,23975
2022-07-01,7호선,강남구청,17714,19976
2022-07-01,7호선,학동,24956,26541
2022-07-01,7호선,논현,20705,22179
2022-07-01,7호선,반포,6752,6406
2022-07-01,7호선,고속터미널,19015,15797
2022-07-01,7호선,내방,15681,15986
2022-07-01,7호선,이수,19050,17574
2022-07-01,7호선,남성,12215,10874
2022-07-01,7호선,숭실대입구,13111,13072
2022-07-01,7호선,상도,12227,11194
2022-07-01,7호선,장승배기,10056,9609
2022-07-01,7호선,신대방삼거리,16645,15538
2022-07-01,7호선,보라매,8701,8525
2022-07-01,7호선,신풍,12602,11991
2022-07-01,7호선,대림,8568,8702
2022-07-01,7호선,남구로,16364,17414
2022-07-01,7호선,가산디지털단지,47737,47653
2022-07-01,7호선,철산,23397,24100
2022-07-01,7호선,광명사거리,23705,23211
2022-07-01,7호선,천왕,12605,11640
2022-07-01,7호선,온수,10842,10006
2022-07-01,7호선,삼산체육관,1,0
2022-07-02,7호선,중곡,7264,6648
2022-07-02,7호선,온수,5857,5716
2022-07-02,7호선,천왕,7356,6888
2022-07-02,7호선,광명사거리,17508,17500
2022-07-02,7호선,철산,15953,16146
2022-07-02,7호선,가산디지털단지,15135,13648
2022-07-02,7호선,남구로,8578,8980
2022-07-02,7호선,대림,7669,8321
2022-07-02,7호선,신풍,8780,8272
2022-07-02,7호선,보라매,5733,5488
2022-07-02,7호선,신대방삼거리,11255,10286
2022-07-02,7호선,장승배기,6801,6335
2022-07-02,7호선,상도,8346,7537
2022-07-02,7호선,숭실대입구,8692,8550
2022-07-02,7호선,남성,8192,7367
2022-07-02,7호선,이수,13643,12812
2022-07-02,7호선,내방,8585,8553
2022-07-02,7호선,고속터미널,16449,12533
2022-07-02,7호선,반포,4785,4649
2022-07-02,7호선,논현,10486,11331
2022-07-02,7호선,학동,11044,11474
2022-07-02,7호선,강남구청,10124,11506
2022-07-02,7호선,청담,12010,13228
2022-07-02,7호선,뚝섬유원지,10111,9149
2022-07-02,7호선,건대입구,12232,12660
2022-07-02,7호선,어린이대공원,9605,9139
2022-07-02,7호선,군자,11382,8501
2022-07-02,7호선,용마산,4577,4504
2022-07-02,7호선,사가정,12743,12220
2022-07-02,7호선,면목,11465,10821
2022-07-02,7호선,상봉,14554,13734
2022-07-02,7호선,중화,7911,7507
2022-07-02,7호선,먹골,8178,7571
2022-07-02,7호선,태릉입구,6991,6351
2022-07-02,7호선,공릉,9050,8916
2022-07-02,7호선,하계,13112,12023
2022-07-02,7호선,중계,9859,8575
2022-07-02,7호선,노원,17304,18085
2022-07-02,7호선,마들,9720,8809
2022-07-02,7호선,수락산,11179,10921
2022-07-02,7호선,도봉산,6986,9434
2022-07-02,7호선,장암,1883,1423
2022-07-03,7호선,장암,1862,1305
2022-07-03,7호선,도봉산,5423,7779
2022-07-03,7호선,수락산,9184,9128
2022-07-03,7호선,마들,6228,5917
2022-07-03,7호선,노원,11770,11922
2022-07-03,7호선,중계,6784,6401
2022-07-03,7호선,하계,9494,9049
2022-07-03,7호선,공릉,6325,6620
2022-07-03,7호선,태릉입구,5249,4746
2022-07-03,7호선,먹골,5589,5483
2022-07-03,7호선,중화,5713,5638
2022-07-03,7호선,상봉,10104,9349
2022-07-03,7호선,면목,8051,7783
2022-07-03,7호선,사가정,8999,8725
2022-07-03,7호선,용마산,3334,3473
2022-07-03,7호선,중곡,5262,5189
2022-07-03,7호선,군자,8455,6489
2022-07-03,7호선,어린이대공원,7738,7527
2022-07-03,7호선,건대입구,8746,8724
2022-07-03,7호선,뚝섬유원지,7539,7000
2022-07-03,7호선,청담,6631,7108
2022-07-03,7호선,강남구청,5625,6222
2022-07-03,7호선,학동,6394,6725
2022-07-03,7호선,논현,5717,5940
2022-07-03,7호선,고속터미널,14208,8359
2022-07-03,7호선,내방,5448,5613
2022-07-03,7호선,이수,9007,8633
2022-07-03,7호선,남성,5743,5661
2022-07-03,7호선,숭실대입구,5898,6465
2022-07-03,7호선,상도,5829,5862
2022-07-03,7호선,장승배기,4884,4930
2022-07-03,7호선,신대방삼거리,7941,7814
2022-07-03,7호선,보라매,4030,4008
2022-07-03,7호선,신풍,6496,6169
2022-07-03,7호선,대림,8416,7899
2022-07-03,7호선,남구로,7081,6921
2022-07-03,7호선,가산디지털단지,10721,10105
2022-07-03,7호선,철산,10837,10861
2022-07-03,7호선,광명사거리,12990,12945
2022-07-03,7호선,천왕,5079,5041
2022-07-03,7호선,온수,4090,4217
2022-07-03,7호선,반포,3178,3223
2022-07-04,7호선,면목,15732,15371
2022-07-04,7호선,장암,2504,945
2022-07-04,7호선,도봉산,9486,10610
2022-07-04,7호선,수락산,13140,13032
2022-07-04,7호선,마들,13853,12873
2022-07-04,7호선,노원,20931,21487
2022-07-04,7호선,중계,15538,14146
2022-07-04,7호선,하계,18858,17631
2022-07-04,7호선,공릉,12493,12405
2022-07-04,7호선,태릉입구,8818,8292
2022-07-04,7호선,먹골,10571,10501
2022-07-04,7호선,중화,11286,11119
2022-07-04,7호선,상봉,17146,16325
2022-07-04,7호선,사가정,16670,16632
2022-07-04,7호선,용마산,6267,6094
2022-07-04,7호선,중곡,11459,10732
2022-07-04,7호선,군자,15516,12433
2022-07-04,7호선,어린이대공원,13058,12922
2022-07-04,7호선,건대입구,13386,14098
2022-07-04,7호선,뚝섬유원지,8386,8290
2022-07-04,7호선,청담,21093,23606
2022-07-04,7호선,강남구청,17187,19094
2022-07-04,7호선,학동,25751,27003
2022-07-04,7호선,논현,20254,21279
2022-07-04,7호선,반포,6133,5969
2022-07-04,7호선,고속터미널,17141,13805
2022-07-04,7호선,내방,15615,15935
2022-07-04,7호선,이수,17014,16496
2022-07-04,7호선,남성,11766,10926
2022-07-04,7호선,숭실대입구,12904,13034
2022-07-04,7호선,상도,11630,11340
2022-07-04,7호선,장승배기,9724,9567
2022-07-04,7호선,신대방삼거리,15956,15395
2022-07-04,7호선,보라매,8679,8697
2022-07-04,7호선,신풍,12443,11948
2022-07-04,7호선,대림,8378,8365
2022-07-04,7호선,남구로,16760,17613
2022-07-04,7호선,가산디지털단지,48829,48500
2022-07-04,7호선,철산,21894,22209
2022-07-04,7호선,광명사거리,22253,22142
2022-07-04,7호선,천왕,12122,11699
2022-07-04,7호선,온수,10815,9895
2022-07-05,7호선,장암,2430,948
2022-07-05,7호선,도봉산,9544,10672
2022-07-05,7호선,수락산,13450,13353
2022-07-05,7호선,마들,13789,13029
2022-07-05,7호선,노원,21466,22217
2022-07-05,7호선,중계,15843,14338
2022-07-05,7호선,하계,18968,17963
2022-07-05,7호선,공릉,12617,12652
2022-07-05,7호선,태릉입구,8708,8221
2022-07-05,7호선,먹골,10962,10792
2022-07-05,7호선,중화,11515,11241
2022-07-05,7호선,상봉,17355,16431
2022-07-05,7호선,면목,15560,15307
2022-07-05,7호선,사가정,16796,16645
2022-07-05,7호선,용마산,6268,6097
2022-07-05,7호선,중곡,12091,11091
2022-07-05,7호선,군자,16026,12768
2022-07-05,7호선,어린이대공원,13378,13307
2022-07-05,7호선,건대입구,13712,14308
2022-07-05,7호선,뚝섬유원지,8867,8640
2022-07-05,7호선,청담,21497,24092
2022-07-05,7호선,강남구청,18269,20109
2022-07-05,7호선,학동,26444,27872
2022-07-05,7호선,논현,20446,21986
2022-07-05,7호선,반포,6323,6154
2022-07-05,7호선,고속터미널,16320,13958
2022-07-05,7호선,내방,15866,16251
2022-07-05,7호선,이수,17270,16979
2022-07-05,7호선,남성,12061,11242
2022-07-05,7호선,숭실대입구,12786,12924
2022-07-05,7호선,상도,11844,11415
2022-07-05,7호선,장승배기,9733,9629
2022-07-05,7호선,신대방삼거리,16353,15610
2022-07-05,7호선,보라매,8729,8643
2022-07-05,7호선,신풍,12547,12205
2022-07-05,7호선,대림,8315,8251
2022-07-05,7호선,남구로,17046,18079
2022-07-05,7호선,가산디지털단지,48856,48941
2022-07-05,7호선,철산,22164,22583
2022-07-05,7호선,광명사거리,22629,22344
2022-07-05,7호선,천왕,12585,11896
2022-07-05,7호선,온수,10869,9825
2022-07-06,7호선,장암,2540,926
2022-07-06,7호선,온수,11042,10080
2022-07-06,7호선,천왕,12513,12156
2022-07-06,7호선,광명사거리,22858,22599
2022-07-06,7호선,철산,22522,22902
2022-07-06,7호선,가산디지털단지,49067,48792
2022-07-06,7호선,남구로,16858,18043
2022-07-06,7호선,대림,8131,8303
2022-07-06,7호선,신풍,12549,12152
2022-07-06,7호선,보라매,8525,8527
2022-07-06,7호선,신대방삼거리,16346,15738
2022-07-06,7호선,장승배기,9834,9618
2022-07-06,7호선,상도,11706,11337
2022-07-06,7호선,숭실대입구,13134,13145
2022-07-06,7호선,남성,12202,11337
2022-07-06,7호선,이수,17702,17190
2022-07-06,7호선,내방,16139,16505
2022-07-06,7호선,고속터미널,15984,13923
2022-07-06,7호선,반포,6415,6355
2022-07-06,7호선,논현,20157,21562
2022-07-06,7호선,학동,26755,27876
2022-07-06,7호선,강남구청,17995,20041
2022-07-06,7호선,청담,21495,24058
2022-07-06,7호선,뚝섬유원지,8615,8338
2022-07-06,7호선,건대입구,13811,14332
2022-07-06,7호선,어린이대공원,13468,13551
2022-07-06,7호선,군자,16035,12889
2022-07-06,7호선,중곡,11833,11038
2022-07-06,7호선,용마산,6418,6241
2022-07-06,7호선,사가정,16757,16745
2022-07-06,7호선,면목,15876,15461
2022-07-06,7호선,상봉,17661,16656
2022-07-06,7호선,중화,11564,11253
2022-07-06,7호선,먹골,10733,10705
2022-07-06,7호선,태릉입구,9067,8625
2022-07-06,7호선,공릉,12681,12595
2022-07-06,7호선,하계,19848,19053
2022-07-06,7호선,중계,15722,14384
2022-07-06,7호선,노원,21269,22287
2022-07-06,7호선,마들,14221,13393
2022-07-06,7호선,수락산,13690,13462
2022-07-06,7호선,도봉산,9624,11018
2022-07-07,7호선,광명사거리,22397,22041
2022-07-07,7호선,철산,21730,22152
2022-07-07,7호선,가산디지털단지,48143,48144
2022-07-07,7호선,남구로,16340,17453
2022-07-07,7호선,대림,8002,8009
2022-07-07,7호선,신풍,12305,11601
2022-07-07,7호선,보라매,8403,8359
2022-07-07,7호선,신대방삼거리,15966,15263
2022-07-07,7호선,장승배기,9418,9361
2022-07-07,7호선,상도,11554,11049
2022-07-07,7호선,숭실대입구,12530,12703
2022-07-07,7호선,남성,11860,10804
2022-07-07,7호선,이수,17129,16686
2022-07-07,7호선,내방,15492,15931
2022-07-07,7호선,고속터미널,16238,13952
2022-07-07,7호선,반포,6366,6079
2022-07-07,7호선,논현,19733,21421
2022-07-07,7호선,학동,26284,27730
2022-07-07,7호선,강남구청,17962,19843
2022-07-07,7호선,청담,20999,24009
2022-07-07,7호선,뚝섬유원지,7887,7763
2022-07-07,7호선,건대입구,13460,13720
2022-07-07,7호선,어린이대공원,13509,13518
2022-07-07,7호선,군자,15762,12626
2022-07-07,7호선,중곡,11796,10883
2022-07-07,7호선,용마산,6203,6027
2022-07-07,7호선,사가정,16461,16380
2022-07-07,7호선,면목,15659,15158
2022-07-07,7호선,상봉,17490,16413
2022-07-07,7호선,중화,11269,11178
2022-07-07,7호선,먹골,10606,10422
2022-07-07,7호선,태릉입구,8649,8212
2022-07-07,7호선,공릉,12577,12389
2022-07-07,7호선,하계,18529,17581
2022-07-07,7호선,중계,16077,14573
2022-07-07,7호선,노원,20496,21359
2022-07-07,7호선,마들,14192,13169
2022-07-07,7호선,수락산,12999,12870
2022-07-07,7호선,도봉산,9435,10509
2022-07-07,7호선,장암,2425,903
2022-07-07,7호선,온수,10592,9622
2022-07-07,7호선,천왕,12023,11495
2022-07-08,7호선,온수,10892,9895
2022-07-08,7호선,천왕,12638,11827
2022-07-08,7호선,광명사거리,23575,23216
2022-07-08,7호선,철산,23228,23677
2022-07-08,7호선,가산디지털단지,47843,47871
2022-07-08,7호선,남구로,16424,17277
2022-07-08,7호선,대림,8464,8670
2022-07-08,7호선,신풍,12649,11825
2022-07-08,7호선,보라매,8624,8493
2022-07-08,7호선,신대방삼거리,16701,15409
2022-07-08,7호선,장승배기,9973,9493
2022-07-08,7호선,상도,12171,11377
2022-07-08,7호선,숭실대입구,13159,13028
2022-07-08,7호선,남성,12125,10797
2022-07-08,7호선,이수,18138,18014
2022-07-08,7호선,내방,15645,15885
2022-07-08,7호선,고속터미널,19122,15866
2022-07-08,7호선,반포,6588,6337
2022-07-08,7호선,논현,20555,22096
2022-07-08,7호선,학동,25488,27362
2022-07-08,7호선,강남구청,18000,20253
2022-07-08,7호선,청담,21247,24003
2022-07-08,7호선,뚝섬유원지,9376,8862
2022-07-08,7호선,건대입구,13868,14812
2022-07-08,7호선,어린이대공원,14148,13735
2022-07-08,7호선,군자,16415,12737
2022-07-08,7호선,중곡,12005,10849
2022-07-08,7호선,용마산,6410,5953
2022-07-08,7호선,사가정,17058,16776
2022-07-08,7호선,면목,15979,15205
2022-07-08,7호선,상봉,18140,17728
2022-07-08,7호선,중화,11575,11071
2022-07-08,7호선,먹골,10957,10537
2022-07-08,7호선,태릉입구,9070,8684
2022-07-08,7호선,공릉,13128,12643
2022-07-08,7호선,하계,18995,17444
2022-07-08,7호선,중계,15696,14052
2022-07-08,7호선,노원,21882,23656
2022-07-08,7호선,마들,14108,12770
2022-07-08,7호선,수락산,13347,13060
2022-07-08,7호선,도봉산,9407,10551
2022-07-08,7호선,장암,2389,992
2022-07-09,7호선,온수,5979,5919
2022-07-09,7호선,천왕,7466,7114
2022-07-09,7호선,광명사거리,17982,17700
2022-07-09,7호선,철산,16616,16644
2022-07-09,7호선,가산디지털단지,15518,13943
2022-07-09,7호선,남구로,8626,8977
2022-07-09,7호선,대림,7617,8217
2022-07-09,7호선,신풍,8532,8165
2022-07-09,7호선,보라매,5645,5459
2022-07-09,7호선,신대방삼거리,11134,10140
2022-07-09,7호선,장승배기,6938,6383
2022-07-09,7호선,상도,8206,7365
2022-07-09,7호선,숭실대입구,8888,8665
2022-07-09,7호선,남성,8262,7415
2022-07-09,7호선,이수,13827,13255
2022-07-09,7호선,내방,8325,8306
2022-07-09,7호선,고속터미널,16311,12484
2022-07-09,7호선,반포,4851,4663
2022-07-09,7호선,논현,10601,11461
2022-07-09,7호선,학동,11112,11737
2022-07-09,7호선,강남구청,9965,11176
2022-07-09,7호선,청담,12014,13279
2022-07-09,7호선,뚝섬유원지,10057,9302
2022-07-09,7호선,건대입구,11968,12873
2022-07-09,7호선,어린이대공원,9901,9421
2022-07-09,7호선,군자,11602,8546
2022-07-09,7호선,중곡,7244,6622
2022-07-09,7호선,용마산,4765,4601
2022-07-09,7호선,사가정,12725,12053
2022-07-09,7호선,면목,11272,10535
2022-07-09,7호선,상봉,14336,13717
2022-07-09,7호선,중화,8025,7481
2022-07-09,7호선,먹골,8194,7681
2022-07-09,7호선,태릉입구,7081,6457
2022-07-09,7호선,공릉,9090,8564
2022-07-09,7호선,하계,13264,11962
2022-07-09,7호선,중계,9950,8614
2022-07-09,7호선,노원,17377,18293
2022-07-09,7호선,마들,9695,8882
2022-07-09,7호선,수락산,11195,11020
2022-07-09,7호선,도봉산,6821,9229
2022-07-09,7호선,장암,2015,1458
2022-07-10,7호선,온수,4203,4245
2022-07-10,7호선,천왕,5186,5023
2022-07-10,7호선,광명사거리,12877,12961
2022-07-10,7호선,철산,11091,11160
2022-07-10,7호선,가산디지털단지,10710,9909
2022-07-10,7호선,남구로,7215,7097
2022-07-10,7호선,대림,8312,8043
2022-07-10,7호선,신풍,6408,6074
2022-07-10,7호선,보라매,3840,3970
2022-07-10,7호선,신대방삼거리,7928,7866
2022-07-10,7호선,장승배기,5018,4968
2022-07-10,7호선,상도,5945,5890
2022-07-10,7호선,숭실대입구,6008,6419
2022-07-10,7호선,남성,5693,5690
2022-07-10,7호선,이수,8724,8488
2022-07-10,7호선,내방,5432,5726
2022-07-10,7호선,고속터미널,14209,8768
2022-07-10,7호선,반포,3072,3047
2022-07-10,7호선,논현,5583,5820
2022-07-10,7호선,학동,6463,6752
2022-07-10,7호선,강남구청,5218,5759
2022-07-10,7호선,청담,6937,7748
2022-07-10,7호선,뚝섬유원지,7462,7131
2022-07-10,7호선,건대입구,8578,8825
2022-07-10,7호선,어린이대공원,7228,7298
2022-07-10,7호선,군자,8255,6403
2022-07-10,7호선,중곡,5300,5136
2022-07-10,7호선,용마산,3792,3727
2022-07-10,7호선,사가정,8983,8781
2022-07-10,7호선,면목,8047,7741
2022-07-10,7호선,상봉,9616,8981
2022-07-10,7호선,중화,5773,5581
2022-07-10,7호선,먹골,5567,5546
2022-07-10,7호선,태릉입구,5211,4821
2022-07-10,7호선,공릉,6291,6483
2022-07-10,7호선,하계,9715,9282
2022-07-10,7호선,중계,6836,6426
2022-07-10,7호선,노원,12244,12522
2022-07-10,7호선,마들,6082,5723
2022-07-10,7호선,수락산,8808,8888
2022-07-10,7호선,도봉산,5974,7939
2022-07-10,7호선,장암,1726,1229
2022-07-11,7호선,온수,10669,9740
2022-07-11,7호선,천왕,12105,11646
2022-07-11,7호선,광명사거리,22289,21943
2022-07-11,7호선,철산,21626,21910
2022-07-11,7호선,가산디지털단지,48381,48254
2022-07-11,7호선,남구로,16675,17408
2022-07-11,7호선,대림,8416,8393
2022-07-11,7호선,신풍,12137,11686
2022-07-11,7호선,보라매,8326,8535
2022-07-11,7호선,신대방삼거리,15876,15431
2022-07-11,7호선,장승배기,9561,9394
2022-07-11,7호선,상도,11319,10962
2022-07-11,7호선,숭실대입구,12403,12729
2022-07-11,7호선,남성,11603,10914
2022-07-11,7호선,이수,16523,16134
2022-07-11,7호선,내방,15456,15744
2022-07-11,7호선,고속터미널,16786,13901
2022-07-11,7호선,반포,6168,6106
2022-07-11,7호선,논현,19714,20915
2022-07-11,7호선,학동,25405,26719
2022-07-11,7호선,강남구청,17032,18740
2022-07-11,7호선,청담,21001,23018
2022-07-11,7호선,뚝섬유원지,8290,7995
2022-07-11,7호선,건대입구,12481,13117
2022-07-11,7호선,어린이대공원,13162,12993
2022-07-11,7호선,군자,15194,12274
2022-07-11,7호선,중곡,11287,10630
2022-07-11,7호선,용마산,6101,6013
2022-07-11,7호선,사가정,16457,16571
2022-07-11,7호선,면목,15414,14990
2022-07-11,7호선,상봉,16854,16060
2022-07-11,7호선,중화,11028,10930
2022-07-11,7호선,먹골,10327,10369
2022-07-11,7호선,태릉입구,8544,8000
2022-07-11,7호선,공릉,12173,12080
2022-07-11,7호선,하계,18611,17523
2022-07-11,7호선,중계,15364,13986
2022-07-11,7호선,노원,19831,20787
2022-07-11,7호선,마들,13531,12783
2022-07-11,7호선,수락산,13104,12921
2022-07-11,7호선,도봉산,8997,10127
2022-07-11,7호선,장암,2472,907
2022-07-12,7호선,부천시청,1,0
2022-07-12,7호선,온수,10987,9972
2022-07-12,7호선,천왕,12529,12060
2022-07-12,7호선,광명사거리,22696,22418
2022-07-12,7호선,철산,22344,22745
2022-07-12,7호선,가산디지털단지,48884,48897
2022-07-12,7호선,남구로,16810,17820
2022-07-12,7호선,대림,8366,8408
2022-07-12,7호선,신풍,12522,11817
2022-07-12,7호선,보라매,8506,8623
2022-07-12,7호선,신대방삼거리,16364,15741
2022-07-12,7호선,장승배기,10280,9860
2022-07-12,7호선,상도,11913,11438
2022-07-12,7호선,숭실대입구,12838,13023
2022-07-12,7호선,남성,11975,11059
2022-07-12,7호선,이수,17316,16861
2022-07-12,7호선,내방,15951,16432
2022-07-12,7호선,고속터미널,16273,13956
2022-07-12,7호선,반포,6456,6412
2022-07-12,7호선,논현,20606,21849
2022-07-12,7호선,학동,26366,27902
2022-07-12,7호선,강남구청,18236,20170
2022-07-12,7호선,청담,21392,23941
2022-07-12,7호선,뚝섬유원지,9178,8799
2022-07-12,7호선,건대입구,13260,13664
2022-07-12,7호선,어린이대공원,13293,13304
2022-07-12,7호선,군자,15949,12653
2022-07-12,7호선,중곡,11825,10937
2022-07-12,7호선,용마산,6309,6160
2022-07-12,7호선,사가정,16896,16797
2022-07-12,7호선,면목,15753,15263
2022-07-12,7호선,상봉,17404,16464
2022-07-12,7호선,중화,11363,11127
2022-07-12,7호선,먹골,10828,10586
2022-07-12,7호선,태릉입구,8979,8367
2022-07-12,7호선,공릉,12495,12451
2022-07-12,7호선,하계,18876,17754
2022-07-12,7호선,중계,15917,14445
2022-07-12,7호선,노원,21141,22268
2022-07-12,7호선,마들,13723,12958
2022-07-12,7호선,수락산,13553,13462
2022-07-12,7호선,도봉산,9375,10858
2022-07-12,7호선,장암,2572,1019
2022-07-13,7호선,장암,2364,873
2022-07-13,7호선,도봉산,8842,9814
2022-07-13,7호선,수락산,12384,12412
2022-07-13,7호선,마들,13237,12804
2022-07-13,7호선,노원,19805,20260
2022-07-13,7호선,중계,15257,14150
2022-07-13,7호선,하계,18505,17848
2022-07-13,7호선,공릉,11705,11658
2022-07-13,7호선,태릉입구,8303,7966
2022-07-13,7호선,먹골,10280,10175
2022-07-13,7호선,중화,10700,10665
2022-07-13,7호선,상봉,16646,15617
2022-07-13,7호선,면목,14960,14628
2022-07-13,7호선,사가정,15792,15798
2022-07-13,7호선,용마산,6390,6235
2022-07-13,7호선,중곡,11186,10567
2022-07-13,7호선,군자,15085,12133
2022-07-13,7호선,어린이대공원,14163,13933
2022-07-13,7호선,건대입구,13583,13870
2022-07-13,7호선,뚝섬유원지,7346,7177
2022-07-13,7호선,청담,20349,22891
2022-07-13,7호선,강남구청,17506,19262
2022-07-13,7호선,학동,26117,27418
2022-07-13,7호선,논현,18900,20187
2022-07-13,7호선,반포,6447,6303
2022-07-13,7호선,고속터미널,15967,13133
2022-07-13,7호선,내방,15284,15691
2022-07-13,7호선,이수,16732,16151
2022-07-13,7호선,남성,11221,10528
2022-07-13,7호선,숭실대입구,11808,12113
2022-07-13,7호선,상도,11033,10641
2022-07-13,7호선,장승배기,9073,9037
2022-07-13,7호선,신대방삼거리,15262,14636
2022-07-13,7호선,보라매,7822,7918
2022-07-13,7호선,신풍,11745,11445
2022-07-13,7호선,대림,7819,7875
2022-07-13,7호선,남구로,16224,17364
2022-07-13,7호선,가산디지털단지,48190,47398
2022-07-13,7호선,철산,20840,21524
2022-07-13,7호선,광명사거리,20419,20180
2022-07-13,7호선,천왕,11642,11092
2022-07-13,7호선,온수,10439,9663
2022-07-14,7호선,반포,6744,6630
2022-07-14,7호선,장암,2417,955
2022-07-14,7호선,도봉산,9300,10613
2022-07-14,7호선,수락산,13471,13074
2022-07-14,7호선,마들,14260,13348
2022-07-14,7호선,노원,20882,22102
2022-07-14,7호선,중계,15969,14158
2022-07-14,7호선,하계,19204,18068
2022-07-14,7호선,공릉,12919,12686
2022-07-14,7호선,태릉입구,9016,8548
2022-07-14,7호선,먹골,10748,10579
2022-07-14,7호선,중화,11282,11104
2022-07-14,7호선,상봉,17607,16876
2022-07-14,7호선,면목,15972,15366
2022-07-14,7호선,사가정,16966,16907
2022-07-14,7호선,용마산,6737,6543
2022-07-14,7호선,중곡,11790,10976
2022-07-14,7호선,군자,15883,12486
2022-07-14,7호선,어린이대공원,13838,13863
2022-07-14,7호선,건대입구,13471,13960
2022-07-14,7호선,뚝섬유원지,9660,8995
2022-07-14,7호선,청담,21232,24098
2022-07-14,7호선,강남구청,18045,20419
2022-07-14,7호선,학동,26042,27821
2022-07-14,7호선,논현,20452,21658
2022-07-14,7호선,고속터미널,16484,14277
2022-07-14,7호선,내방,15783,16134
2022-07-14,7호선,이수,17650,16832
2022-07-14,7호선,남성,12075,10986
2022-07-14,7호선,숭실대입구,12960,12846
2022-07-14,7호선,상도,11916,11437
2022-07-14,7호선,장승배기,9709,9522
2022-07-14,7호선,신대방삼거리,16615,15557
2022-07-14,7호선,보라매,8410,8554
2022-07-14,7호선,신풍,12355,11706
2022-07-14,7호선,대림,8196,8290
2022-07-14,7호선,남구로,16285,17369
2022-07-14,7호선,가산디지털단지,48124,48694
2022-07-14,7호선,철산,22453,22735
2022-07-14,7호선,광명사거리,23075,22773
2022-07-14,7호선,천왕,12356,11739
2022-07-14,7호선,온수,10831,9780
2022-07-15,7호선,장암,2583,1131
2022-07-15,7호선,도봉산,9468,10944
2022-07-15,7호선,수락산,13894,13601
2022-07-15,7호선,마들,14510,13274
2022-07-15,7호선,노원,22331,23980
2022-07-15,7호선,중계,15803,14080
2022-07-15,7호선,하계,19257,17731
2022-07-15,7호선,공릉,13241,12711
2022-07-15,7호선,태릉입구,9345,8789
2022-07-15,7호선,먹골,11143,10789
2022-07-15,7호선,중화,11668,11233
2022-07-15,7호선,상봉,18322,17832
2022-07-15,7호선,면목,16266,15513
2022-07-15,7호선,사가정,17387,17346
2022-07-15,7호선,용마산,6818,6380
2022-07-15,7호선,중곡,11965,11115
2022-07-15,7호선,군자,16384,13055
2022-07-15,7호선,어린이대공원,14714,14231
2022-07-15,7호선,건대입구,14139,14911
2022-07-15,7호선,뚝섬유원지,10526,9740
2022-07-15,7호선,청담,21450,23816
2022-07-15,7호선,강남구청,17722,20139
2022-07-15,7호선,학동,25371,27237
2022-07-15,7호선,논현,20601,22308
2022-07-15,7호선,반포,7145,7089
2022-07-15,7호선,고속터미널,19086,15815
2022-07-15,7호선,내방,15920,16033
2022-07-15,7호선,이수,18370,17984
2022-07-15,7호선,남성,12208,10956
2022-07-15,7호선,숭실대입구,13007,12657
2022-07-15,7호선,상도,12357,11413
2022-07-15,7호선,장승배기,10015,9673
2022-07-15,7호선,신대방삼거리,16622,15541
2022-07-15,7호선,보라매,8565,8565
2022-07-15,7호선,신풍,12835,12125
2022-07-15,7호선,대림,8446,8663
2022-07-15,7호선,남구로,16470,17593
2022-07-15,7호선,가산디지털단지,47882,47499
2022-07-15,7호선,철산,23334,23858
2022-07-15,7호선,광명사거리,23844,23639
2022-07-15,7호선,천왕,12545,11672
2022-07-15,7호선,온수,11156,10136
2022-07-16,7호선,온수,5859,5853
2022-07-16,7호선,천왕,7414,6867
2022-07-16,7호선,광명사거리,17299,17041
2022-07-16,7호선,철산,15998,16160
2022-07-16,7호선,가산디지털단지,14724,13180
2022-07-16,7호선,남구로,8530,8942
2022-07-16,7호선,대림,7462,8060
2022-07-16,7호선,신풍,8891,8495
2022-07-16,7호선,보라매,5471,5229
2022-07-16,7호선,신대방삼거리,11328,10404
2022-07-16,7호선,장승배기,6989,6574
2022-07-16,7호선,상도,8064,7263
2022-07-16,7호선,숭실대입구,8497,8322
2022-07-16,7호선,남성,8127,7368
2022-07-16,7호선,이수,12971,12354
2022-07-16,7호선,내방,8227,8176
2022-07-16,7호선,고속터미널,16044,12215
2022-07-16,7호선,반포,4743,4535
2022-07-16,7호선,논현,10383,11147
2022-07-16,7호선,학동,10955,11381
2022-07-16,7호선,강남구청,9913,10922
2022-07-16,7호선,청담,11404,12467
2022-07-16,7호선,뚝섬유원지,7567,7027
2022-07-16,7호선,건대입구,11323,11931
2022-07-16,7호선,어린이대공원,10642,10130
2022-07-16,7호선,군자,11087,8348
2022-07-16,7호선,중곡,6999,6293
2022-07-16,7호선,용마산,4187,4091
2022-07-16,7호선,사가정,12016,11689
2022-07-16,7호선,면목,10924,10221
2022-07-16,7호선,상봉,13493,12853
2022-07-16,7호선,중화,7740,7315
2022-07-16,7호선,먹골,7909,7422
2022-07-16,7호선,태릉입구,6675,6282
2022-07-16,7호선,공릉,8535,8126
2022-07-16,7호선,하계,12407,11349
2022-07-16,7호선,중계,9619,8364
2022-07-16,7호선,노원,16642,17122
2022-07-16,7호선,마들,9107,8397
2022-07-16,7호선,수락산,10276,10118
2022-07-16,7호선,도봉산,6447,8331
2022-07-16,7호선,장암,2034,1411
2022-07-17,7호선,내방,5437,5589
2022-07-17,7호선,장암,1879,1266
2022-07-17,7호선,도봉산,5236,7325
2022-07-17,7호선,수락산,8768,8673
2022-07-17,7호선,마들,6188,5714
2022-07-17,7호선,노원,11803,12164
2022-07-17,7호선,중계,6944,6439
2022-07-17,7호선,하계,9557,8986
2022-07-17,7호선,공릉,6456,6520
2022-07-17,7호선,태릉입구,5036,4745
2022-07-17,7호선,먹골,5554,5298
2022-07-17,7호선,중화,5668,5485
2022-07-17,7호선,상봉,9910,9280
2022-07-17,7호선,면목,7898,7705
2022-07-17,7호선,사가정,9080,8690
2022-07-17,7호선,용마산,3130,3269
2022-07-17,7호선,중곡,5287,5102
2022-07-17,7호선,군자,8172,6482
2022-07-17,7호선,어린이대공원,7485,7329
2022-07-17,7호선,건대입구,8357,8809
2022-07-17,7호선,뚝섬유원지,7998,7289
2022-07-17,7호선,청담,6694,7495
2022-07-17,7호선,강남구청,5242,5827
2022-07-17,7호선,학동,6456,6945
2022-07-17,7호선,논현,5726,5967
2022-07-17,7호선,반포,3038,3118
2022-07-17,7호선,고속터미널,13947,8859
2022-07-17,7호선,이수,9051,8735
2022-07-17,7호선,남성,5844,5638
2022-07-17,7호선,숭실대입구,5826,6344
2022-07-17,7호선,상도,5741,5555
2022-07-17,7호선,장승배기,4735,4703
2022-07-17,7호선,신대방삼거리,7818,7685
2022-07-17,7호선,보라매,3864,3942
2022-07-17,7호선,신풍,6845,6588
2022-07-17,7호선,대림,8433,7999
2022-07-17,7호선,남구로,7094,6900
2022-07-17,7호선,가산디지털단지,10563,9623
2022-07-17,7호선,철산,11239,11166
2022-07-17,7호선,광명사거리,12765,12689
2022-07-17,7호선,천왕,5261,5057
2022-07-17,7호선,온수,4207,4292
2022-07-18,7호선,장암,2412,905
2022-07-18,7호선,도봉산,9304,10423
2022-07-18,7호선,수락산,12948,12671
2022-07-18,7호선,마들,13486,12692
2022-07-18,7호선,노원,20731,21424
2022-07-18,7호선,중계,14992,13744
2022-07-18,7호선,하계,18333,17107
2022-07-18,7호선,공릉,12242,12252
2022-07-18,7호선,태릉입구,8413,8104
2022-07-18,7호선,먹골,10333,10308
2022-07-18,7호선,중화,11016,10896
2022-07-18,7호선,상봉,16991,16094
2022-07-18,7호선,면목,15340,15062
2022-07-18,7호선,사가정,16259,16146
2022-07-18,7호선,용마산,6041,5926
2022-07-18,7호선,중곡,11235,10569
2022-07-18,7호선,군자,15262,12185
2022-07-18,7호선,어린이대공원,13031,12845
2022-07-18,7호선,건대입구,12507,13001
2022-07-18,7호선,뚝섬유원지,9250,8725
2022-07-18,7호선,청담,20747,23106
2022-07-18,7호선,강남구청,17266,18950
2022-07-18,7호선,학동,25484,26972
2022-07-18,7호선,논현,19547,20776
2022-07-18,7호선,반포,5998,5917
2022-07-18,7호선,고속터미널,17192,14306
2022-07-18,7호선,내방,15269,15474
2022-07-18,7호선,이수,16263,15873
2022-07-18,7호선,남성,11403,10572
2022-07-18,7호선,숭실대입구,11998,12269
2022-07-18,7호선,상도,11031,10802
2022-07-18,7호선,장승배기,9615,9587
2022-07-18,7호선,신대방삼거리,15694,15090
2022-07-18,7호선,보라매,8257,8399
2022-07-18,7호선,신풍,12180,11426
2022-07-18,7호선,대림,8324,8280
2022-07-18,7호선,남구로,16533,17271
2022-07-18,7호선,가산디지털단지,47594,47809
2022-07-18,7호선,철산,21547,21777
2022-07-18,7호선,광명사거리,21974,21613
2022-07-18,7호선,천왕,11873,11351
2022-07-18,7호선,온수,10412,9468
2022-07-19,7호선,장암,2493,1015
2022-07-19,7호선,도봉산,9367,10790
2022-07-19,7호선,수락산,13374,13251
2022-07-19,7호선,마들,13512,12802
2022-07-19,7호선,노원,21010,21978
2022-07-19,7호선,중계,15397,14097
2022-07-19,7호선,하계,18770,17540
2022-07-19,7호선,공릉,12279,12397
2022-07-19,7호선,태릉입구,8780,8306
2022-07-19,7호선,먹골,10602,10414
2022-07-19,7호선,중화,11089,10937
2022-07-19,7호선,상봉,17423,16456
2022-07-19,7호선,면목,15627,15188
2022-07-19,7호선,사가정,16465,16444
2022-07-19,7호선,용마산,6285,6123
2022-07-19,7호선,중곡,11527,10777
2022-07-19,7호선,군자,15709,12540
2022-07-19,7호선,어린이대공원,13660,13428
2022-07-19,7호선,건대입구,12872,13611
2022-07-19,7호선,뚝섬유원지,10082,9488
2022-07-19,7호선,청담,21342,24072
2022-07-19,7호선,강남구청,17971,20117
2022-07-19,7호선,학동,26491,27797
2022-07-19,7호선,논현,20385,21485
2022-07-19,7호선,반포,6279,6210
2022-07-19,7호선,고속터미널,16994,14484
2022-07-19,7호선,내방,15627,15836
2022-07-19,7호선,이수,16972,16580
2022-07-19,7호선,남성,11788,10914
2022-07-19,7호선,숭실대입구,12237,12502
2022-07-19,7호선,상도,11647,11149
2022-07-19,7호선,장승배기,9661,9509
2022-07-19,7호선,신대방삼거리,16100,15467
2022-07-19,7호선,보라매,8295,8413
2022-07-19,7호선,신풍,12403,11747
2022-07-19,7호선,대림,8207,8229
2022-07-19,7호선,남구로,16688,17403
2022-07-19,7호선,가산디지털단지,48221,48395
2022-07-19,7호선,철산,22264,22632
2022-07-19,7호선,광명사거리,22229,21921
2022-07-19,7호선,천왕,12220,11806
2022-07-19,7호선,온수,10634,9729
2022-07-20,7호선,반포,6335,6157
2022-07-20,7호선,부천종합운동장,1,0
2022-07-20,7호선,온수,10661,9774
2022-07-20,7호선,천왕,12409,11861
2022-07-20,7호선,광명사거리,22872,22516
2022-07-20,7호선,철산,22406,22930
2022-07-20,7호선,가산디지털단지,48245,48281
2022-07-20,7호선,남구로,16244,17248
2022-07-20,7호선,대림,8123,8270
2022-07-20,7호선,신풍,12625,12027
2022-07-20,7호선,보라매,8281,8430
2022-07-20,7호선,신대방삼거리,16193,15453
2022-07-20,7호선,장승배기,9756,9594
2022-07-20,7호선,상도,11542,11078
2022-07-20,7호선,숭실대입구,12454,12693
2022-07-20,7호선,남성,11663,10899
2022-07-20,7호선,이수,17442,16840
2022-07-20,7호선,내방,15781,16149
2022-07-20,7호선,고속터미널,16693,14012
2022-07-20,7호선,논현,20044,21321
2022-07-20,7호선,학동,26407,27892
2022-07-20,7호선,강남구청,17865,19825
2022-07-20,7호선,청담,21113,23635
2022-07-20,7호선,뚝섬유원지,9702,9259
2022-07-20,7호선,건대입구,13055,13696
2022-07-20,7호선,어린이대공원,13199,13159
2022-07-20,7호선,군자,15687,12754
2022-07-20,7호선,중곡,11363,10702
2022-07-20,7호선,용마산,6215,6113
2022-07-20,7호선,사가정,16628,16690
2022-07-20,7호선,면목,15652,15227
2022-07-20,7호선,상봉,17577,16442
2022-07-20,7호선,중화,11306,11128
2022-07-20,7호선,먹골,10513,10477
2022-07-20,7호선,태릉입구,8793,8166
2022-07-20,7호선,공릉,12367,12270
2022-07-20,7호선,하계,19289,18240
2022-07-20,7호선,중계,15417,14099
2022-07-20,7호선,노원,21311,22319
2022-07-20,7호선,마들,13633,12953
2022-07-20,7호선,수락산,13655,13573
2022-07-20,7호선,도봉산,9452,10939
2022-07-20,7호선,장암,2500,1092
2022-07-21,7호선,장암,2345,880
2022-07-21,7호선,도봉산,9136,10208
2022-07-21,7호선,수락산,12786,12633
2022-07-21,7호선,마들,13674,12652
2022-07-21,7호선,노원,20096,21538
2022-07-21,7호선,중계,15247,13657
2022-07-21,7호선,하계,18433,16677
2022-07-21,7호선,공릉,12053,11979
2022-07-21,7호선,태릉입구,8586,8160
2022-07-21,7호선,먹골,10392,10244
2022-07-21,7호선,중화,11029,10701
2022-07-21,7호선,상봉,17141,16283
2022-07-21,7호선,면목,15461,14898
2022-07-21,7호선,사가정,16187,15930
2022-07-21,7호선,용마산,6160,5854
2022-07-21,7호선,중곡,11026,10398
2022-07-21,7호선,군자,15652,12295
2022-07-21,7호선,어린이대공원,12995,12958
2022-07-21,7호선,건대입구,12477,12998
2022-07-21,7호선,뚝섬유원지,9052,8473
2022-07-21,7호선,청담,20657,23532
2022-07-21,7호선,강남구청,17760,19842
2022-07-21,7호선,학동,25783,27460
2022-07-21,7호선,논현,19970,20943
2022-07-21,7호선,반포,6234,5981
2022-07-21,7호선,고속터미널,16326,13956
2022-07-21,7호선,내방,15247,15570
2022-07-21,7호선,이수,17018,16228
2022-07-21,7호선,남성,11582,10378
2022-07-21,7호선,숭실대입구,12097,12007
2022-07-21,7호선,상도,11247,10763
2022-07-21,7호선,장승배기,9463,9143
2022-07-21,7호선,신대방삼거리,15617,14577
2022-07-21,7호선,보라매,7876,8021
2022-07-21,7호선,신풍,12204,11405
2022-07-21,7호선,대림,8038,7911
2022-07-21,7호선,남구로,16171,16980
2022-07-21,7호선,가산디지털단지,47076,48157
2022-07-21,7호선,철산,21930,22076
2022-07-21,7호선,광명사거리,22054,21645
2022-07-21,7호선,천왕,11926,11321
2022-07-21,7호선,온수,10160,9235
2022-07-21,7호선,부천시청,1,0
2022-07-22,7호선,장암,2429,1043
2022-07-22,7호선,도봉산,9437,10724
2022-07-22,7호선,수락산,13298,13058
2022-07-22,7호선,마들,13577,12577
2022-07-22,7호선,노원,21510,23423
2022-07-22,7호선,중계,14869,13116
2022-07-22,7호선,하계,18292,16902
2022-07-22,7호선,공릉,12689,12187
2022-07-22,7호선,태릉입구,8888,8394
2022-07-22,7호선,먹골,10770,10525
2022-07-22,7호선,중화,11179,10675
2022-07-22,7호선,상봉,17605,17020
2022-07-22,7호선,면목,15861,15059
2022-07-22,7호선,사가정,16641,16482
2022-07-22,7호선,용마산,6120,5743
2022-07-22,7호선,중곡,11238,10467
2022-07-22,7호선,군자,15795,12361
2022-07-22,7호선,어린이대공원,13593,13445
2022-07-22,7호선,건대입구,13108,13924
2022-07-22,7호선,뚝섬유원지,9446,8846
2022-07-22,7호선,청담,20367,23224
2022-07-22,7호선,강남구청,17597,19655
2022-07-22,7호선,학동,25278,26833
2022-07-22,7호선,논현,20027,21705
2022-07-22,7호선,반포,6439,6135
2022-07-22,7호선,고속터미널,18803,15220
2022-07-22,7호선,내방,15347,15452
2022-07-22,7호선,이수,17394,16983
2022-07-22,7호선,남성,11678,10475
2022-07-22,7호선,숭실대입구,12285,11943
2022-07-22,7호선,상도,11419,10860
2022-07-22,7호선,장승배기,9741,9465
2022-07-22,7호선,신대방삼거리,15964,14763
2022-07-22,7호선,보라매,8039,7949
2022-07-22,7호선,신풍,12147,11624
2022-07-22,7호선,대림,8119,8358
2022-07-22,7호선,남구로,15856,16840
2022-07-22,7호선,가산디지털단지,46585,46366
2022-07-22,7호선,철산,22553,23092
2022-07-22,7호선,광명사거리,22819,22474
2022-07-22,7호선,천왕,11917,11240
2022-07-22,7호선,온수,10225,9407
2022-07-23,7호선,어린이대공원,9665,9232
2022-07-23,7호선,건대입구,10641,11226
2022-07-23,7호선,뚝섬유원지,7040,6639
2022-07-23,7호선,청담,10652,11997
2022-07-23,7호선,강남구청,9023,9936
2022-07-23,7호선,학동,10232,10839
2022-07-23,7호선,논현,9653,11043
2022-07-23,7호선,반포,4631,4485
2022-07-23,7호선,고속터미널,15454,11488
2022-07-23,7호선,내방,7774,7884
2022-07-23,7호선,이수,12274,11798
2022-07-23,7호선,남성,7680,6989
2022-07-23,7호선,숭실대입구,7935,7681
2022-07-23,7호선,상도,7562,6950
2022-07-23,7호선,장승배기,6503,6143
2022-07-23,7호선,신대방삼거리,10851,10000
2022-07-23,7호선,보라매,5105,4979
2022-07-23,7호선,신풍,8300,7820
2022-07-23,7호선,대림,7439,8067
2022-07-23,7호선,남구로,8267,8716
2022-07-23,7호선,가산디지털단지,13957,12392
2022-07-23,7호선,철산,15168,15304
2022-07-23,7호선,광명사거리,16711,16817
2022-07-23,7호선,천왕,6911,6539
2022-07-23,7호선,온수,5628,5361
2022-07-23,7호선,장암,1893,1326
2022-07-23,7호선,도봉산,6587,8762
2022-07-23,7호선,수락산,10483,10447
2022-07-23,7호선,마들,9040,8488
2022-07-23,7호선,노원,16385,16571
2022-07-23,7호선,중계,9176,8275
2022-07-23,7호선,하계,12121,11236
2022-07-23,7호선,공릉,8533,8159
2022-07-23,7호선,태릉입구,6631,5919
2022-07-23,7호선,먹골,7446,7153
2022-07-23,7호선,중화,7457,7132
2022-07-23,7호선,상봉,13245,12715
2022-07-23,7호선,면목,10924,10423
2022-07-23,7호선,사가정,11890,11442
2022-07-23,7호선,용마산,4442,4328
2022-07-23,7호선,중곡,7184,6775
2022-07-23,7호선,군자,10951,8301
2022-07-24,7호선,온수,3933,4056
2022-07-24,7호선,천왕,4686,4711
2022-07-24,7호선,광명사거리,12302,12254
2022-07-24,7호선,철산,10461,10655
2022-07-24,7호선,가산디지털단지,9949,9041
2022-07-24,7호선,남구로,6766,6502
2022-07-24,7호선,대림,7971,7508
2022-07-24,7호선,신풍,6215,5967
2022-07-24,7호선,보라매,3814,3910
2022-07-24,7호선,신대방삼거리,7526,7386
2022-07-24,7호선,장승배기,4556,4571
2022-07-24,7호선,상도,5434,5429
2022-07-24,7호선,숭실대입구,5739,6291
2022-07-24,7호선,남성,5307,5280
2022-07-24,7호선,이수,8228,7903
2022-07-24,7호선,내방,5146,5461
2022-07-24,7호선,고속터미널,13093,8172
2022-07-24,7호선,반포,2917,2877
2022-07-24,7호선,논현,5492,5636
2022-07-24,7호선,학동,5635,5998
2022-07-24,7호선,강남구청,4863,5351
2022-07-24,7호선,청담,6467,7088
2022-07-24,7호선,뚝섬유원지,6477,5969
2022-07-24,7호선,건대입구,7381,7642
2022-07-24,7호선,어린이대공원,8079,8050
2022-07-24,7호선,군자,7975,6142
2022-07-24,7호선,중곡,5125,4878
2022-07-24,7호선,용마산,3180,3279
2022-07-24,7호선,사가정,8480,8266
2022-07-24,7호선,면목,7653,7427
2022-07-24,7호선,상봉,9239,8530
2022-07-24,7호선,중화,5623,5464
2022-07-24,7호선,먹골,5395,5164
2022-07-24,7호선,태릉입구,5047,4627
2022-07-24,7호선,공릉,6150,6231
2022-07-24,7호선,하계,9109,8510
2022-07-24,7호선,중계,6493,6062
2022-07-24,7호선,노원,11232,11448
2022-07-24,7호선,마들,5821,5457
2022-07-24,7호선,수락산,7897,7911
2022-07-24,7호선,도봉산,4813,6756
2022-07-24,7호선,장암,1494,1044
2022-07-25,7호선,군자,15014,11894
2022-07-25,7호선,어린이대공원,12377,12475
2022-07-25,7호선,건대입구,12424,12996
2022-07-25,7호선,뚝섬유원지,9779,9292
2022-07-25,7호선,청담,19902,22106
2022-07-25,7호선,강남구청,16677,18357
2022-07-25,7호선,학동,24796,26190
2022-07-25,7호선,논현,19482,20608
2022-07-25,7호선,반포,5872,5862
2022-07-25,7호선,고속터미널,17168,14031
2022-07-25,7호선,내방,14937,15159
2022-07-25,7호선,이수,16062,15719
2022-07-25,7호선,남성,11090,10404
2022-07-25,7호선,숭실대입구,11833,11962
2022-07-25,7호선,상도,10816,10495
2022-07-25,7호선,장승배기,9633,9399
2022-07-25,7호선,신대방삼거리,15448,14800
2022-07-25,7호선,보라매,7754,7972
2022-07-25,7호선,신풍,11914,11300
2022-07-25,7호선,대림,8085,8106
2022-07-25,7호선,남구로,16282,17046
2022-07-25,7호선,가산디지털단지,47042,47197
2022-07-25,7호선,철산,21464,21859
2022-07-25,7호선,광명사거리,21799,21482
2022-07-25,7호선,천왕,11626,11103
2022-07-25,7호선,온수,10024,9018
2022-07-25,7호선,장암,2459,938
2022-07-25,7호선,도봉산,9096,10168
2022-07-25,7호선,수락산,12775,12789
2022-07-25,7호선,마들,13180,12235
2022-07-25,7호선,노원,20662,21648
2022-07-25,7호선,중계,14073,12545
2022-07-25,7호선,하계,17290,15993
2022-07-25,7호선,공릉,11474,11514
2022-07-25,7호선,태릉입구,8485,7944
2022-07-25,7호선,먹골,10209,10154
2022-07-25,7호선,중화,10871,10653
2022-07-25,7호선,상봉,16779,15932
2022-07-25,7호선,면목,15095,14717
2022-07-25,7호선,사가정,15942,15754
2022-07-25,7호선,용마산,5999,5840
2022-07-25,7호선,중곡,10693,10217
2022-07-26,7호선,장암,2496,1035
2022-07-26,7호선,도봉산,9231,10585
2022-07-26,7호선,수락산,13055,12871
2022-07-26,7호선,마들,13035,12297
2022-07-26,7호선,노원,20458,21479
2022-07-26,7호선,중계,14205,12945
2022-07-26,7호선,하계,17760,16635
2022-07-26,7호선,공릉,11518,11430
2022-07-26,7호선,태릉입구,8535,8034
2022-07-26,7호선,먹골,10245,10182
2022-07-26,7호선,중화,10756,10531
2022-07-26,7호선,상봉,16994,15841
2022-07-26,7호선,면목,15167,14702
2022-07-26,7호선,사가정,16019,15977
2022-07-26,7호선,용마산,6005,5816
2022-07-26,7호선,중곡,10714,10185
2022-07-26,7호선,군자,15400,12312
2022-07-26,7호선,어린이대공원,12564,12491
2022-07-26,7호선,건대입구,12787,13088
2022-07-26,7호선,뚝섬유원지,9584,9162
2022-07-26,7호선,청담,20903,23237
2022-07-26,7호선,강남구청,17296,19331
2022-07-26,7호선,학동,25341,26761
2022-07-26,7호선,논현,19800,21041
2022-07-26,7호선,반포,5852,5709
2022-07-26,7호선,고속터미널,16224,13668
2022-07-26,7호선,내방,14995,15311
2022-07-26,7호선,이수,16330,16073
2022-07-26,7호선,남성,11386,10666
2022-07-26,7호선,숭실대입구,11960,12086
2022-07-26,7호선,상도,11010,10508
2022-07-26,7호선,장승배기,9262,9132
2022-07-26,7호선,신대방삼거리,15431,14678
2022-07-26,7호선,보라매,7775,7873
2022-07-26,7호선,신풍,11976,11315
2022-07-26,7호선,대림,7901,8039
2022-07-26,7호선,남구로,16343,17192
2022-07-26,7호선,가산디지털단지,47280,47532
2022-07-26,7호선,철산,21532,21961
2022-07-26,7호선,광명사거리,21677,21583
2022-07-26,7호선,천왕,11636,11195
2022-07-26,7호선,온수,10106,9149
2022-07-27,7호선,온수,10067,9161
2022-07-27,7호선,천왕,11557,10871
2022-07-27,7호선,광명사거리,21574,21526
2022-07-27,7호선,철산,21444,21738
2022-07-27,7호선,가산디지털단지,46554,46601
2022-07-27,7호선,남구로,15854,16762
2022-07-27,7호선,대림,7902,8281
2022-07-27,7호선,신풍,12020,11450
2022-07-27,7호선,보라매,7769,7813
2022-07-27,7호선,신대방삼거리,15348,14599
2022-07-27,7호선,장승배기,9475,9158
2022-07-27,7호선,상도,11006,10497
2022-07-27,7호선,숭실대입구,11942,12008
2022-07-27,7호선,남성,11177,10399
2022-07-27,7호선,이수,16467,16174
2022-07-27,7호선,내방,15059,15449
2022-07-27,7호선,고속터미널,16024,13645
2022-07-27,7호선,반포,6009,5738
2022-07-27,7호선,논현,19544,20552
2022-07-27,7호선,학동,25027,26368
2022-07-27,7호선,강남구청,17126,19087
2022-07-27,7호선,청담,20363,22596
2022-07-27,7호선,뚝섬유원지,9490,9026
2022-07-27,7호선,건대입구,12957,13219
2022-07-27,7호선,어린이대공원,12892,12798
2022-07-27,7호선,군자,15317,12407
2022-07-27,7호선,중곡,10835,10291
2022-07-27,7호선,용마산,5965,5789
2022-07-27,7호선,사가정,15803,15805
2022-07-27,7호선,면목,15005,14504
2022-07-27,7호선,상봉,16825,15835
2022-07-27,7호선,중화,10637,10483
2022-07-27,7호선,먹골,10079,10073
2022-07-27,7호선,태릉입구,8581,8079
2022-07-27,7호선,공릉,11452,11339
2022-07-27,7호선,하계,18061,17090
2022-07-27,7호선,중계,14120,12704
2022-07-27,7호선,노원,20371,21743
2022-07-27,7호선,마들,13217,12303
2022-07-27,7호선,수락산,13004,12677
2022-07-27,7호선,도봉산,9187,10267
2022-07-27,7호선,장암,2485,1085
2022-07-28,7호선,장암,2424,1012
2022-07-28,7호선,도봉산,9171,10294
2022-07-28,7호선,수락산,12737,12548
2022-07-28,7호선,마들,13149,12271
2022-07-28,7호선,노원,19961,20963
2022-07-28,7호선,중계,14059,12652
2022-07-28,7호선,하계,17559,16371
2022-07-28,7호선,공릉,11556,11397
2022-07-28,7호선,태릉입구,8655,8029
2022-07-28,7호선,먹골,10211,9865
2022-07-28,7호선,중화,10535,10315
2022-07-28,7호선,상봉,16827,16038
2022-07-28,7호선,면목,14878,14404
2022-07-28,7호선,사가정,15862,15698
2022-07-28,7호선,용마산,6011,5762
2022-07-28,7호선,중곡,10807,10316
2022-07-28,7호선,군자,15223,12152
2022-07-28,7호선,어린이대공원,13447,13352
2022-07-28,7호선,건대입구,12889,13281
2022-07-28,7호선,뚝섬유원지,9723,9063
2022-07-28,7호선,청담,20372,22740
2022-07-28,7호선,강남구청,16986,19104
2022-07-28,7호선,학동,24731,26171
2022-07-28,7호선,논현,19304,20632
2022-07-28,7호선,반포,5910,5757
2022-07-28,7호선,고속터미널,16818,13888
2022-07-28,7호선,내방,14614,14942
2022-07-28,7호선,이수,16200,15689
2022-07-28,7호선,남성,11190,10325
2022-07-28,7호선,숭실대입구,11677,11637
2022-07-28,7호선,상도,11038,10488
2022-07-28,7호선,장승배기,9169,8992
2022-07-28,7호선,신대방삼거리,15121,14330
2022-07-28,7호선,보라매,7346,7460
2022-07-28,7호선,신풍,11709,10963
2022-07-28,7호선,대림,7850,7860
2022-07-28,7호선,남구로,15607,16649
2022-07-28,7호선,가산디지털단지,45822,46035
2022-07-28,7호선,철산,21073,21361
2022-07-28,7호선,광명사거리,21388,21154
2022-07-28,7호선,천왕,11427,10996
2022-07-28,7호선,온수,9770,8858
2022-07-29,7호선,장암,2327,1059
2022-07-29,7호선,도봉산,8823,9973
2022-07-29,7호선,수락산,12646,12441
2022-07-29,7호선,마들,13041,12086
2022-07-29,7호선,노원,20397,21896
2022-07-29,7호선,중계,13808,12015
2022-07-29,7호선,하계,17265,16089
2022-07-29,7호선,공릉,11370,11105
2022-07-29,7호선,태릉입구,8622,7951
2022-07-29,7호선,먹골,10307,9963
2022-07-29,7호선,중화,10612,10256
2022-07-29,7호선,상봉,17056,16424
2022-07-29,7호선,면목,15257,14337
2022-07-29,7호선,사가정,16125,15854
2022-07-29,7호선,용마산,5980,5622
2022-07-29,7호선,중곡,10478,9850
2022-07-29,7호선,군자,15361,12047
2022-07-29,7호선,어린이대공원,12753,12384
2022-07-29,7호선,건대입구,13313,13714
2022-07-29,7호선,뚝섬유원지,9661,9191
2022-07-29,7호선,청담,19747,22218
2022-07-29,7호선,강남구청,16583,18725
2022-07-29,7호선,학동,23637,25161
2022-07-29,7호선,논현,18803,20541
2022-07-29,7호선,반포,6048,5837
2022-07-29,7호선,고속터미널,19235,15361
2022-07-29,7호선,내방,14452,14613
2022-07-29,7호선,이수,16563,16232
2022-07-29,7호선,남성,11129,10154
2022-07-29,7호선,숭실대입구,11704,11370
2022-07-29,7호선,상도,10967,10140
2022-07-29,7호선,장승배기,9250,8847
2022-07-29,7호선,신대방삼거리,15393,14202
2022-07-29,7호선,보라매,7525,7404
2022-07-29,7호선,신풍,11597,10862
2022-07-29,7호선,대림,7972,8422
2022-07-29,7호선,남구로,15483,16365
2022-07-29,7호선,가산디지털단지,45225,44410
2022-07-29,7호선,철산,21823,22286
2022-07-29,7호선,광명사거리,21974,21622
2022-07-29,7호선,천왕,11387,10574
2022-07-29,7호선,온수,9635,8799
2022-07-29,7호선,부천시청,1,0
2022-07-30,7호선,청담,9483,10363
2022-07-30,7호선,건대입구,10427,10800
2022-07-30,7호선,어린이대공원,8270,7598
2022-07-30,7호선,군자,10071,7638
2022-07-30,7호선,중곡,6434,5842
2022-07-30,7호선,용마산,3874,3851
2022-07-30,7호선,사가정,10909,10380
2022-07-30,7호선,면목,9986,9320
2022-07-30,7호선,상봉,12266,11674
2022-07-30,7호선,중화,7010,6457
2022-07-30,7호선,먹골,7300,6730
2022-07-30,7호선,태릉입구,6147,5618
2022-07-30,7호선,공릉,7579,7312
2022-07-30,7호선,하계,11347,10285
2022-07-30,7호선,중계,8404,7385
2022-07-30,7호선,노원,15106,15936
2022-07-30,7호선,마들,8475,7765
2022-07-30,7호선,수락산,9901,9738
2022-07-30,7호선,도봉산,5957,7861
2022-07-30,7호선,장암,1720,1202
2022-07-30,7호선,온수,5078,4918
2022-07-30,7호선,천왕,6172,5806
2022-07-30,7호선,광명사거리,15080,15041
2022-07-30,7호선,철산,13934,13775
2022-07-30,7호선,가산디지털단지,13331,11939
2022-07-30,7호선,남구로,7857,8061
2022-07-30,7호선,대림,7121,7726
2022-07-30,7호선,신풍,7461,6998
2022-07-30,7호선,보라매,4699,4662
2022-07-30,7호선,신대방삼거리,10001,9053
2022-07-30,7호선,장승배기,6010,5628
2022-07-30,7호선,상도,7014,6337
2022-07-30,7호선,숭실대입구,7180,6920
2022-07-30,7호선,남성,7293,6470
2022-07-30,7호선,이수,11198,10710
2022-07-30,7호선,내방,7267,7289
2022-07-30,7호선,고속터미널,14648,10868
2022-07-30,7호선,반포,4186,4202
2022-07-30,7호선,논현,8984,9893
2022-07-30,7호선,학동,8598,8874
2022-07-30,7호선,강남구청,7868,8791
2022-07-30,7호선,뚝섬유원지,8095,7560
2022-07-31,7호선,온수,3355,3481
2022-07-31,7호선,천왕,4228,4114
2022-07-31,7호선,광명사거리,10643,10693
2022-07-31,7호선,철산,9000,9207
2022-07-31,7호선,가산디지털단지,8733,7824
2022-07-31,7호선,남구로,6295,6415
2022-07-31,7호선,대림,7595,7255
2022-07-31,7호선,신풍,5588,5452
2022-07-31,7호선,보라매,3419,3409
2022-07-31,7호선,신대방삼거리,6811,6848
2022-07-31,7호선,장승배기,4048,4074
2022-07-31,7호선,상도,4700,4782
2022-07-31,7호선,숭실대입구,4945,5390
2022-07-31,7호선,남성,4965,4916
2022-07-31,7호선,이수,7464,7269
2022-07-31,7호선,내방,4649,4935
2022-07-31,7호선,고속터미널,13901,7447
2022-07-31,7호선,반포,2696,2763
2022-07-31,7호선,논현,4760,5282
2022-07-31,7호선,학동,5183,5566
2022-07-31,7호선,강남구청,4186,4706
2022-07-31,7호선,청담,5534,6214
2022-07-31,7호선,뚝섬유원지,4356,4400
2022-07-31,7호선,건대입구,7346,7550
2022-07-31,7호선,어린이대공원,5996,6091
2022-07-31,7호선,군자,6817,5506
2022-07-31,7호선,중곡,4700,4579
2022-07-31,7호선,용마산,2690,2851
2022-07-31,7호선,사가정,7618,7586
2022-07-31,7호선,면목,6892,6940
2022-07-31,7호선,상봉,8579,8028
2022-07-31,7호선,중화,4775,4712
2022-07-31,7호선,먹골,4803,4819
2022-07-31,7호선,태릉입구,4342,3992
2022-07-31,7호선,공릉,5424,5387
2022-07-31,7호선,하계,8014,7868
2022-07-31,7호선,중계,5837,5449
2022-07-31,7호선,노원,10091,10158
2022-07-31,7호선,마들,5503,5214
2022-07-31,7호선,수락산,7342,7203
2022-07-31,7호선,도봉산,4283,6045
2022-07-31,7호선,장암,1219,905
2022-08-01,7호선,중곡,9876,9376
2022-08-01,7호선,장암,2143,830
2022-08-01,7호선,도봉산,8161,9107
2022-08-01,7호선,수락산,11388,11203
2022-08-01,7호선,마들,12066,11283
2022-08-01,7호선,노원,19454,20280
2022-08-01,7호선,중계,12817,11596
2022-08-01,7호선,하계,16348,15394
2022-08-01,7호선,공릉,10350,10298
2022-08-01,7호선,태릉입구,7610,7127
2022-08-01,7호선,먹골,9478,9477
2022-08-01,7호선,중화,9726,9464
2022-08-01,7호선,상봉,15304,14614
2022-08-01,7호선,면목,13813,13408
2022-08-01,7호선,사가정,14667,14304
2022-08-01,7호선,용마산,5462,5173
2022-08-01,7호선,군자,14671,11101
2022-08-01,7호선,어린이대공원,11682,11425
2022-08-01,7호선,건대입구,11784,12161
2022-08-01,7호선,뚝섬유원지,8166,7574
2022-08-01,7호선,청담,18462,20227
2022-08-01,7호선,강남구청,15490,16815
2022-08-01,7호선,학동,22702,23581
2022-08-01,7호선,논현,17786,18525
2022-08-01,7호선,반포,5625,5458
2022-08-01,7호선,고속터미널,17257,13104
2022-08-01,7호선,내방,13518,13709
2022-08-01,7호선,이수,14466,14308
2022-08-01,7호선,남성,10379,9517
2022-08-01,7호선,숭실대입구,10470,10797
2022-08-01,7호선,상도,9885,9597
2022-08-01,7호선,장승배기,8558,8340
2022-08-01,7호선,신대방삼거리,14026,13370
2022-08-01,7호선,보라매,7031,7015
2022-08-01,7호선,신풍,10554,9935
2022-08-01,7호선,대림,8727,8506
2022-08-01,7호선,남구로,15037,15275
2022-08-01,7호선,가산디지털단지,41483,41587
2022-08-01,7호선,철산,18729,19029
2022-08-01,7호선,광명사거리,19305,19104
2022-08-01,7호선,천왕,10121,9684
2022-08-01,7호선,온수,8562,7897
2022-08-02,7호선,온수,8559,7941
2022-08-02,7호선,천왕,10083,9772
2022-08-02,7호선,광명사거리,19317,19090
2022-08-02,7호선,철산,18865,19440
2022-08-02,7호선,가산디지털단지,42006,41511
2022-08-02,7호선,남구로,14731,15379
2022-08-02,7호선,대림,7996,7855
2022-08-02,7호선,신풍,10738,10332
2022-08-02,7호선,보라매,6956,7047
2022-08-02,7호선,신대방삼거리,13896,13463
2022-08-02,7호선,장승배기,8595,8436
2022-08-02,7호선,상도,10162,9919
2022-08-02,7호선,숭실대입구,10721,10898
2022-08-02,7호선,남성,10371,9782
2022-08-02,7호선,이수,15046,14538
2022-08-02,7호선,내방,13914,14150
2022-08-02,7호선,고속터미널,16721,13276
2022-08-02,7호선,반포,5601,5451
2022-08-02,7호선,논현,17904,19060
2022-08-02,7호선,학동,23700,24651
2022-08-02,7호선,강남구청,16029,17723
2022-08-02,7호선,청담,18884,21192
2022-08-02,7호선,뚝섬유원지,7337,7078
2022-08-02,7호선,건대입구,12099,12688
2022-08-02,7호선,어린이대공원,12178,12033
2022-08-02,7호선,군자,14110,11428
2022-08-02,7호선,중곡,10048,9626
2022-08-02,7호선,용마산,5363,5291
2022-08-02,7호선,사가정,14683,14607
2022-08-02,7호선,면목,13896,13676
2022-08-02,7호선,상봉,15454,14666
2022-08-02,7호선,중화,9831,9639
2022-08-02,7호선,먹골,9438,9418
2022-08-02,7호선,태릉입구,7807,7249
2022-08-02,7호선,공릉,10489,10448
2022-08-02,7호선,하계,16274,15395
2022-08-02,7호선,중계,12912,11918
2022-08-02,7호선,노원,19298,19794
2022-08-02,7호선,마들,12003,11393
2022-08-02,7호선,수락산,11429,11437
2022-08-02,7호선,도봉산,8333,9357
2022-08-02,7호선,장암,2123,873
2022-08-03,7호선,장암,2137,844
2022-08-03,7호선,도봉산,8315,9144
2022-08-03,7호선,수락산,11510,11419
2022-08-03,7호선,마들,12303,11482
2022-08-03,7호선,노원,18740,19525
2022-08-03,7호선,중계,13132,11749
2022-08-03,7호선,하계,16814,15861
2022-08-03,7호선,공릉,10536,10438
2022-08-03,7호선,태릉입구,7768,7332
2022-08-03,7호선,먹골,9572,9484
2022-08-03,7호선,중화,10093,9686
2022-08-03,7호선,상봉,15481,14765
2022-08-03,7호선,면목,13956,13276
2022-08-03,7호선,사가정,14479,14467
2022-08-03,7호선,용마산,5666,5319
2022-08-03,7호선,중곡,9981,9441
2022-08-03,7호선,군자,14239,11339
2022-08-03,7호선,어린이대공원,11907,11802
2022-08-03,7호선,건대입구,11981,12477
2022-08-03,7호선,뚝섬유원지,8115,7666
2022-08-03,7호선,청담,18736,20824
2022-08-03,7호선,강남구청,16153,17988
2022-08-03,7호선,학동,23390,24500
2022-08-03,7호선,논현,18428,19206
2022-08-03,7호선,반포,5717,5529
2022-08-03,7호선,고속터미널,16410,13245
2022-08-03,7호선,내방,14108,14369
2022-08-03,7호선,이수,15023,14888
2022-08-03,7호선,남성,10501,9619
2022-08-03,7호선,숭실대입구,10880,10982
2022-08-03,7호선,상도,10382,9825
2022-08-03,7호선,장승배기,8803,8404
2022-08-03,7호선,신대방삼거리,14317,13519
2022-08-03,7호선,보라매,7190,7154
2022-08-03,7호선,신풍,10886,10193
2022-08-03,7호선,대림,8275,7979
2022-08-03,7호선,남구로,14939,15421
2022-08-03,7호선,가산디지털단지,41510,41695
2022-08-03,7호선,철산,19040,19468
2022-08-03,7호선,광명사거리,19430,19348
2022-08-03,7호선,천왕,10401,10065
2022-08-03,7호선,온수,8829,8077
2022-08-04,7호선,노원,19323,20214
2022-08-04,7호선,마들,12726,11975
2022-08-04,7호선,숭실대입구,11127,11223
2022-08-04,7호선,상도,10545,10167
2022-08-04,7호선,장승배기,8739,8513
2022-08-04,7호선,신대방삼거리,14729,13962
2022-08-04,7호선,보라매,7254,7309
2022-08-04,7호선,신풍,11190,10513
2022-08-04,7호선,대림,8088,8207
2022-08-04,7호선,남구로,15186,15937
2022-08-04,7호선,가산디지털단지,43347,43518
2022-08-04,7호선,철산,19880,20096
2022-08-04,7호선,광명사거리,20589,20475
2022-08-04,7호선,천왕,10843,10217
2022-08-04,7호선,온수,9281,8623
2022-08-04,7호선,남성,10825,10057
2022-08-04,7호선,이수,15660,15090
2022-08-04,7호선,내방,14380,14570
2022-08-04,7호선,고속터미널,16448,13629
2022-08-04,7호선,반포,5888,5632
2022-08-04,7호선,논현,18521,19515
2022-08-04,7호선,학동,23817,25118
2022-08-04,7호선,강남구청,16540,18551
2022-08-04,7호선,청담,19322,21655
2022-08-04,7호선,뚝섬유원지,9104,8677
2022-08-04,7호선,건대입구,12465,12825
2022-08-04,7호선,어린이대공원,12873,12630
2022-08-04,7호선,군자,14732,11812
2022-08-04,7호선,중곡,10388,9992
2022-08-04,7호선,용마산,5767,5631
2022-08-04,7호선,사가정,15638,15386
2022-08-04,7호선,면목,14640,14311
2022-08-04,7호선,상봉,16398,15460
2022-08-04,7호선,중화,10403,10083
2022-08-04,7호선,먹골,10001,9839
2022-08-04,7호선,태릉입구,8218,7729
2022-08-04,7호선,공릉,10901,10836
2022-08-04,7호선,하계,16807,15802
2022-08-04,7호선,중계,13641,12368
2022-08-04,7호선,장암,2315,1008
2022-08-04,7호선,수락산,12493,12469
2022-08-04,7호선,도봉산,8669,10106
2022-08-05,7호선,온수,9162,8313
2022-08-05,7호선,천왕,10841,10077
2022-08-05,7호선,광명사거리,21065,20909
2022-08-05,7호선,철산,20698,21267
2022-08-05,7호선,가산디지털단지,43424,42885
2022-08-05,7호선,남구로,15226,15930
2022-08-05,7호선,대림,8140,8344
2022-08-05,7호선,신풍,11283,10543
2022-08-05,7호선,보라매,7413,7342
2022-08-05,7호선,신대방삼거리,14964,13881
2022-08-05,7호선,장승배기,9057,8633
2022-08-05,7호선,상도,10703,9910
2022-08-05,7호선,숭실대입구,11345,11224
2022-08-05,7호선,남성,11155,9991
2022-08-05,7호선,이수,16075,15798
2022-08-05,7호선,내방,14366,14379
2022-08-05,7호선,고속터미널,18173,14643
2022-08-05,7호선,반포,5990,5711
2022-08-05,7호선,논현,18670,20137
2022-08-05,7호선,학동,22980,24490
2022-08-05,7호선,강남구청,16464,18714
2022-08-05,7호선,청담,18933,21093
2022-08-05,7호선,뚝섬유원지,8985,8527
2022-08-05,7호선,건대입구,12861,13373
2022-08-05,7호선,어린이대공원,12513,12140
2022-08-05,7호선,군자,15048,11724
2022-08-05,7호선,중곡,10500,9813
2022-08-05,7호선,용마산,5859,5435
2022-08-05,7호선,사가정,15635,15296
2022-08-05,7호선,면목,14660,14118
2022-08-05,7호선,중화,10489,10033
2022-08-05,7호선,먹골,10178,9995
2022-08-05,7호선,태릉입구,8394,7732
2022-08-05,7호선,공릉,11041,10919
2022-08-05,7호선,하계,16858,15533
2022-08-05,7호선,중계,13447,11847
2022-08-05,7호선,노원,20201,21422
2022-08-05,7호선,마들,12792,11821
2022-08-05,7호선,수락산,12161,12185
2022-08-05,7호선,도봉산,8534,9698
2022-08-05,7호선,장암,2257,1059
2022-08-05,7호선,상봉,16630,16002
2022-08-06,7호선,장암,1846,1271
2022-08-06,7호선,도봉산,5802,7743
2022-08-06,7호선,수락산,9825,9702
2022-08-06,7호선,마들,8587,7889
2022-08-06,7호선,노원,15246,15801
2022-08-06,7호선,중계,8714,7611
2022-08-06,7호선,하계,11361,10342
2022-08-06,7호선,공릉,7718,7324
2022-08-06,7호선,태릉입구,6036,5566
2022-08-06,7호선,먹골,6945,6690
2022-08-06,7호선,중화,7203,6710
2022-08-06,7호선,상봉,12208,11565
2022-08-06,7호선,면목,10438,9851
2022-08-06,7호선,사가정,11108,10614
2022-08-06,7호선,용마산,4141,4047
2022-08-06,7호선,중곡,6491,5997
2022-08-06,7호선,군자,10163,7666
2022-08-06,7호선,어린이대공원,10713,10212
2022-08-06,7호선,건대입구,10618,10997
2022-08-06,7호선,뚝섬유원지,6990,6535
2022-08-06,7호선,청담,9816,10709
2022-08-06,7호선,강남구청,8467,9458
2022-08-06,7호선,학동,8898,9403
2022-08-06,7호선,논현,9088,9973
2022-08-06,7호선,반포,4203,4077
2022-08-06,7호선,고속터미널,13756,10049
2022-08-06,7호선,내방,7246,7072
2022-08-06,7호선,이수,11429,10831
2022-08-06,7호선,남성,7270,6487
2022-08-06,7호선,숭실대입구,7311,7047
2022-08-06,7호선,상도,7301,6608
2022-08-06,7호선,장승배기,6001,5639
2022-08-06,7호선,신대방삼거리,10080,9293
2022-08-06,7호선,보라매,5212,4909
2022-08-06,7호선,신풍,7616,7280
2022-08-06,7호선,대림,7062,7609
2022-08-06,7호선,남구로,7999,8147
2022-08-06,7호선,가산디지털단지,12668,11294
2022-08-06,7호선,철산,14172,14223
2022-08-06,7호선,광명사거리,15691,15706
2022-08-06,7호선,천왕,6442,5977
2022-08-06,7호선,온수,5195,5134
2022-08-07,7호선,장암,1444,1122
2022-08-07,7호선,도봉산,4639,6447
2022-08-07,7호선,수락산,7706,7642
2022-08-07,7호선,마들,5711,5209
2022-08-07,7호선,노원,10733,11037
2022-08-07,7호선,중계,6212,5785
2022-08-07,7호선,하계,8449,8066
2022-08-07,7호선,공릉,5651,5769
2022-08-07,7호선,태릉입구,4443,4118
2022-08-07,7호선,먹골,4923,4779
2022-08-07,7호선,중화,5078,5031
2022-08-07,7호선,상봉,8983,8593
2022-08-07,7호선,면목,7159,7119
2022-08-07,7호선,사가정,7833,7703
2022-08-07,7호선,용마산,2912,3086
2022-08-07,7호선,중곡,4853,4749
2022-08-07,7호선,군자,7278,5780
2022-08-07,7호선,어린이대공원,6218,6123
2022-08-07,7호선,건대입구,7511,7776
2022-08-07,7호선,뚝섬유원지,6117,5650
2022-08-07,7호선,청담,5894,6449
2022-08-07,7호선,강남구청,4784,5247
2022-08-07,7호선,학동,5765,6128
2022-08-07,7호선,논현,5038,5413
2022-08-07,7호선,반포,2759,2824
2022-08-07,7호선,고속터미널,12942,7470
2022-08-07,7호선,내방,4779,5002
2022-08-07,7호선,이수,7791,7549
2022-08-07,7호선,남성,5266,5150
2022-08-07,7호선,숭실대입구,5361,5792
2022-08-07,7호선,상도,5181,5174
2022-08-07,7호선,장승배기,4199,4340
2022-08-07,7호선,신대방삼거리,7169,7134
2022-08-07,7호선,보라매,3630,3661
2022-08-07,7호선,신풍,5915,5580
2022-08-07,7호선,대림,7490,7113
2022-08-07,7호선,남구로,6577,6542
2022-08-07,7호선,가산디지털단지,9173,8406
2022-08-07,7호선,철산,9748,9865
2022-08-07,7호선,광명사거리,11599,11625
2022-08-07,7호선,천왕,4645,4547
2022-08-07,7호선,온수,3783,3749
2022-08-08,7호선,장암,2205,878
2022-08-08,7호선,도봉산,8261,9700
2022-08-08,7호선,수락산,11202,11476
2022-08-08,7호선,마들,12056,11684
2022-08-08,7호선,노원,18783,18812
2022-08-08,7호선,중계,12954,12329
2022-08-08,7호선,하계,15993,15287
2022-08-08,7호선,공릉,10231,10550
2022-08-08,7호선,태릉입구,7623,7294
2022-08-08,7호선,먹골,9425,9646
2022-08-08,7호선,중화,9734,9758
2022-08-08,7호선,상봉,15314,14527
2022-08-08,7호선,면목,14002,14084
2022-08-08,7호선,사가정,14617,14761
2022-08-08,7호선,용마산,5464,5427
2022-08-08,7호선,중곡,10053,9839
2022-08-08,7호선,군자,13989,11513
2022-08-08,7호선,어린이대공원,11778,11868
2022-08-08,7호선,건대입구,12353,12864
2022-08-08,7호선,뚝섬유원지,6507,6559
2022-08-08,7호선,청담,19383,21534
2022-08-08,7호선,강남구청,16176,17613
2022-08-08,7호선,학동,24385,25053
2022-08-08,7호선,논현,18563,18961
2022-08-08,7호선,반포,5779,5575
2022-08-08,7호선,고속터미널,16171,12951
2022-08-08,7호선,내방,14233,14980
2022-08-08,7호선,이수,13401,14195
2022-08-08,7호선,남성,10689,11063
2022-08-08,7호선,숭실대입구,11022,11264
2022-08-08,7호선,상도,10149,10236
2022-08-08,7호선,장승배기,8939,8850
2022-08-08,7호선,신대방삼거리,14322,14075
2022-08-08,7호선,보라매,7479,7307
2022-08-08,7호선,신풍,11123,10823
2022-08-08,7호선,대림,8209,8119
2022-08-08,7호선,남구로,15933,16385
2022-08-08,7호선,가산디지털단지,46835,45526
2022-08-08,7호선,철산,19261,20204
2022-08-08,7호선,광명사거리,19535,19401
2022-08-08,7호선,천왕,10459,10350
2022-08-08,7호선,온수,9419,9994
2022-08-09,7호선,장암,2107,791
2022-08-09,7호선,도봉산,7889,8628
2022-08-09,7호선,수락산,11006,11435
2022-08-09,7호선,마들,11784,11783
2022-08-09,7호선,노원,18285,18488
2022-08-09,7호선,중계,12937,12292
2022-08-09,7호선,하계,16051,15688
2022-08-09,7호선,공릉,10129,10411
2022-08-09,7호선,태릉입구,7479,7091
2022-08-09,7호선,먹골,9054,9251
2022-08-09,7호선,중화,9660,9790
2022-08-09,7호선,상봉,14712,14086
2022-08-09,7호선,면목,13316,13525
2022-08-09,7호선,사가정,14274,14456
2022-08-09,7호선,용마산,5393,5328
2022-08-09,7호선,중곡,9728,9509
2022-08-09,7호선,군자,13632,11131
2022-08-09,7호선,어린이대공원,11285,11091
2022-08-09,7호선,건대입구,11261,11752
2022-08-09,7호선,뚝섬유원지,6365,6311
2022-08-09,7호선,청담,19594,21925
2022-08-09,7호선,강남구청,15884,17476
2022-08-09,7호선,학동,24177,24782
2022-08-09,7호선,논현,17047,18046
2022-08-09,7호선,반포,5658,5325
2022-08-09,7호선,고속터미널,13574,11839
2022-08-09,7호선,내방,13438,13452
2022-08-09,7호선,이수,11628,11274
2022-08-09,7호선,남성,9896,9400
2022-08-09,7호선,숭실대입구,10097,10215
2022-08-09,7호선,상도,10493,9563
2022-08-09,7호선,장승배기,9249,8192
2022-08-09,7호선,신대방삼거리,13082,12872
2022-08-09,7호선,보라매,6655,6691
2022-08-09,7호선,신풍,10232,10004
2022-08-09,7호선,대림,7030,6953
2022-08-09,7호선,남구로,14687,15294
2022-08-09,7호선,가산디지털단지,43169,41846
2022-08-09,7호선,철산,17898,18565
2022-08-09,7호선,광명사거리,17638,17765
2022-08-09,7호선,천왕,9767,9782
2022-08-09,7호선,온수,8795,8221
2022-08-10,7호선,장암,2280,896
2022-08-10,7호선,도봉산,8722,9825
2022-08-10,7호선,수락산,12527,12382
2022-08-10,7호선,마들,13044,12355
2022-08-10,7호선,노원,20019,21050
2022-08-10,7호선,중계,13871,12628
2022-08-10,7호선,하계,17859,16880
2022-08-10,7호선,공릉,11189,11281
2022-08-10,7호선,태릉입구,8367,7817
2022-08-10,7호선,먹골,10187,10106
2022-08-10,7호선,중화,10403,10165
2022-08-10,7호선,상봉,16299,15936
2022-08-10,7호선,면목,14637,14387
2022-08-10,7호선,사가정,15467,15565
2022-08-10,7호선,용마산,5904,5705
2022-08-10,7호선,중곡,10735,10240
2022-08-10,7호선,군자,15005,12073
2022-08-10,7호선,어린이대공원,13213,13298
2022-08-10,7호선,건대입구,12337,12987
2022-08-10,7호선,뚝섬유원지,7666,7396
2022-08-10,7호선,청담,20371,22326
2022-08-10,7호선,강남구청,16464,18300
2022-08-10,7호선,학동,24786,26204
2022-08-10,7호선,논현,18541,19502
2022-08-10,7호선,반포,6184,5747
2022-08-10,7호선,고속터미널,14908,12842
2022-08-10,7호선,내방,15152,15322
2022-08-10,7호선,이수,14736,14013
2022-08-10,7호선,남성,11220,10408
2022-08-10,7호선,숭실대입구,11840,11771
2022-08-10,7호선,상도,11168,10543
2022-08-10,7호선,장승배기,9327,9110
2022-08-10,7호선,신대방삼거리,14926,14302
2022-08-10,7호선,보라매,7520,7565
2022-08-10,7호선,신풍,11738,11079
2022-08-10,7호선,대림,8114,8095
2022-08-10,7호선,남구로,15583,16214
2022-08-10,7호선,가산디지털단지,44555,44456
2022-08-10,7호선,철산,20288,20859
2022-08-10,7호선,광명사거리,20866,20761
2022-08-10,7호선,천왕,11084,10638
2022-08-10,7호선,온수,9597,8809
2022-08-11,7호선,장암,2245,872
2022-08-11,7호선,도봉산,8605,9481
2022-08-11,7호선,수락산,11907,11818
2022-08-11,7호선,마들,12629,11791
2022-08-11,7호선,노원,19537,20636
2022-08-11,7호선,중계,13796,12442
2022-08-11,7호선,하계,17301,16182
2022-08-11,7호선,공릉,11078,11021
2022-08-11,7호선,태릉입구,8051,7634
2022-08-11,7호선,먹골,9917,9701
2022-08-11,7호선,중화,10477,10190
2022-08-11,7호선,상봉,16340,15595
2022-08-11,7호선,면목,14670,13883
2022-08-11,7호선,사가정,15384,15170
2022-08-11,7호선,용마산,5814,5582
2022-08-11,7호선,중곡,10474,9907
2022-08-11,7호선,군자,15062,11880
2022-08-11,7호선,어린이대공원,12388,12204
2022-08-11,7호선,건대입구,12350,12790
2022-08-11,7호선,뚝섬유원지,7126,6982
2022-08-11,7호선,청담,20019,22334
2022-08-11,7호선,강남구청,16917,18620
2022-08-11,7호선,학동,24777,26208
2022-08-11,7호선,논현,18868,19652
2022-08-11,7호선,반포,5938,5620
2022-08-11,7호선,고속터미널,15301,13460
2022-08-11,7호선,내방,14958,15128
2022-08-11,7호선,이수,14803,13942
2022-08-11,7호선,남성,11005,10036
2022-08-11,7호선,숭실대입구,11804,11705
2022-08-11,7호선,상도,10809,10386
2022-08-11,7호선,장승배기,8916,8748
2022-08-11,7호선,신대방삼거리,14810,13897
2022-08-11,7호선,보라매,7358,7439
2022-08-11,7호선,신풍,11247,10749
2022-08-11,7호선,대림,7889,7885
2022-08-11,7호선,남구로,15500,16016
2022-08-11,7호선,가산디지털단지,44565,44938
2022-08-11,7호선,철산,20751,20873
2022-08-11,7호선,광명사거리,21016,20896
2022-08-11,7호선,천왕,11027,10575
2022-08-11,7호선,온수,9606,8727
2022-08-12,7호선,신풍,11680,11137
2022-08-12,7호선,장암,2334,1067
2022-08-12,7호선,도봉산,8918,10293
2022-08-12,7호선,수락산,12603,12463
2022-08-12,7호선,마들,13248,12257
2022-08-12,7호선,노원,21169,22858
2022-08-12,7호선,중계,14198,12362
2022-08-12,7호선,하계,17547,16089
2022-08-12,7호선,공릉,11736,11533
2022-08-12,7호선,태릉입구,8718,8065
2022-08-12,7호선,먹골,10542,10250
2022-08-12,7호선,중화,10691,10262
2022-08-12,7호선,상봉,17615,16770
2022-08-12,7호선,면목,15309,14712
2022-08-12,7호선,사가정,16140,16096
2022-08-12,7호선,용마산,6107,5713
2022-08-12,7호선,중곡,10793,10153
2022-08-12,7호선,군자,15697,12395
2022-08-12,7호선,어린이대공원,12964,12727
2022-08-12,7호선,건대입구,13185,13772
2022-08-12,7호선,뚝섬유원지,8944,8396
2022-08-12,7호선,청담,20228,22566
2022-08-12,7호선,강남구청,16712,18767
2022-08-12,7호선,학동,24092,25358
2022-08-12,7호선,논현,19079,20598
2022-08-12,7호선,반포,6312,6045
2022-08-12,7호선,고속터미널,18189,15333
2022-08-12,7호선,내방,14964,15158
2022-08-12,7호선,이수,15843,14994
2022-08-12,7호선,남성,11526,10337
2022-08-12,7호선,숭실대입구,12153,11899
2022-08-12,7호선,상도,11501,10535
2022-08-12,7호선,장승배기,9482,9200
2022-08-12,7호선,신대방삼거리,15603,14193
2022-08-12,7호선,온수,9671,8858
2022-08-12,7호선,천왕,11585,10716
2022-08-12,7호선,광명사거리,22311,21939
2022-08-12,7호선,철산,22154,22793
2022-08-12,7호선,가산디지털단지,44383,43633
2022-08-12,7호선,남구로,15355,16268
2022-08-12,7호선,대림,8287,8458
2022-08-12,7호선,보라매,7732,7504
2022-08-13,7호선,온수,5012,4888
2022-08-13,7호선,천왕,6257,5755
2022-08-13,7호선,광명사거리,15345,15038
2022-08-13,7호선,철산,13692,13948
2022-08-13,7호선,가산디지털단지,12208,10764
2022-08-13,7호선,남구로,7732,8109
2022-08-13,7호선,대림,6769,7222
2022-08-13,7호선,신풍,7430,7139
2022-08-13,7호선,보라매,4331,4112
2022-08-13,7호선,신대방삼거리,9759,8732
2022-08-13,7호선,장승배기,6157,5606
2022-08-13,7호선,상도,6925,6200
2022-08-13,7호선,숭실대입구,7175,6862
2022-08-13,7호선,남성,7063,6264
2022-08-13,7호선,이수,10139,9185
2022-08-13,7호선,내방,7111,7235
2022-08-13,7호선,고속터미널,13946,10829
2022-08-13,7호선,반포,4109,3882
2022-08-13,7호선,논현,8823,9392
2022-08-13,7호선,학동,9079,9412
2022-08-13,7호선,강남구청,8450,9450
2022-08-13,7호선,청담,10009,10970
2022-08-13,7호선,뚝섬유원지,5607,5189
2022-08-13,7호선,건대입구,9973,10128
2022-08-13,7호선,어린이대공원,7726,7280
2022-08-13,7호선,군자,9862,7279
2022-08-13,7호선,중곡,6286,5713
2022-08-13,7호선,용마산,3798,3654
2022-08-13,7호선,사가정,10709,10332
2022-08-13,7호선,면목,9947,9166
2022-08-13,7호선,상봉,12018,11439
2022-08-13,7호선,중화,6802,6440
2022-08-13,7호선,먹골,7040,6561
2022-08-13,7호선,태릉입구,5963,5391
2022-08-13,7호선,공릉,7458,7079
2022-08-13,7호선,하계,10934,9996
2022-08-13,7호선,중계,8255,7274
2022-08-13,7호선,노원,14832,15269
2022-08-13,7호선,마들,8227,7403
2022-08-13,7호선,수락산,9152,8840
2022-08-13,7호선,도봉산,5416,7003
2022-08-13,7호선,장암,1422,1005
2022-08-14,7호선,군자,7534,5752
2022-08-14,7호선,어린이대공원,6518,6481
2022-08-14,7호선,뚝섬유원지,5281,4888
2022-08-14,7호선,건대입구,7336,7437
2022-08-14,7호선,청담,6300,6576
2022-08-14,7호선,강남구청,4360,4933
2022-08-14,7호선,학동,5126,5373
2022-08-14,7호선,논현,5178,5521
2022-08-14,7호선,반포,2655,2500
2022-08-14,7호선,고속터미널,11068,6963
2022-08-14,7호선,내방,5017,5284
2022-08-14,7호선,이수,7268,6820
2022-08-14,7호선,남성,5314,5098
2022-08-14,7호선,숭실대입구,5367,5510
2022-08-14,7호선,상도,5187,4720
2022-08-14,7호선,장승배기,4481,4350
2022-08-14,7호선,신대방삼거리,7181,6869
2022-08-14,7호선,보라매,3684,3550
2022-08-14,7호선,신풍,5646,5360
2022-08-14,7호선,대림,7619,7526
2022-08-14,7호선,남구로,6544,6269
2022-08-14,7호선,가산디지털단지,9717,8634
2022-08-14,7호선,철산,10414,10482
2022-08-14,7호선,광명사거리,12049,11988
2022-08-14,7호선,천왕,4738,4513
2022-08-14,7호선,온수,3866,3789
2022-08-14,7호선,상동,1,0
2022-08-14,7호선,장암,1415,1004
2022-08-14,7호선,도봉산,4690,6509
2022-08-14,7호선,수락산,8009,7870
2022-08-14,7호선,마들,5982,5503
2022-08-14,7호선,노원,11325,11685
2022-08-14,7호선,중계,6236,5655
2022-08-14,7호선,하계,8866,8292
2022-08-14,7호선,공릉,5924,5806
2022-08-14,7호선,태릉입구,4596,4332
2022-08-14,7호선,먹골,5237,5014
2022-08-14,7호선,중화,5355,5146
2022-08-14,7호선,상봉,8857,8279
2022-08-14,7호선,면목,7648,7396
2022-08-14,7호선,사가정,8479,7908
2022-08-14,7호선,용마산,2992,3133
2022-08-14,7호선,중곡,5082,4778
2022-08-15,7호선,온수,3601,3627
2022-08-15,7호선,천왕,4536,4565
2022-08-15,7호선,광명사거리,12196,12179
2022-08-15,7호선,철산,9319,9676
2022-08-15,7호선,가산디지털단지,9666,9253
2022-08-15,7호선,남구로,6284,6378
2022-08-15,7호선,대림,5926,5851
2022-08-15,7호선,신풍,5605,5559
2022-08-15,7호선,보라매,3140,3193
2022-08-15,7호선,신대방삼거리,6919,7129
2022-08-15,7호선,장승배기,4293,4369
2022-08-15,7호선,상도,5009,5088
2022-08-15,7호선,숭실대입구,5186,5667
2022-08-15,7호선,남성,5245,5310
2022-08-15,7호선,이수,7301,7075
2022-08-15,7호선,내방,5006,5102
2022-08-15,7호선,고속터미널,14759,7078
2022-08-15,7호선,반포,2923,2950
2022-08-15,7호선,논현,5451,5969
2022-08-15,7호선,학동,5261,5640
2022-08-15,7호선,강남구청,4634,5321
2022-08-15,7호선,청담,5862,6478
2022-08-15,7호선,뚝섬유원지,4660,4503
2022-08-15,7호선,건대입구,7416,7685
2022-08-15,7호선,어린이대공원,6326,6304
2022-08-15,7호선,군자,7278,6186
2022-08-15,7호선,중곡,4838,4760
2022-08-15,7호선,용마산,2905,3059
2022-08-15,7호선,사가정,7941,8053
2022-08-15,7호선,면목,7501,7471
2022-08-15,7호선,상봉,9081,8787
2022-08-15,7호선,중화,5134,5149
2022-08-15,7호선,먹골,5239,5317
2022-08-15,7호선,태릉입구,4397,4126
2022-08-15,7호선,공릉,5655,5800
2022-08-15,7호선,하계,7998,7706
2022-08-15,7호선,중계,5973,5653
2022-08-15,7호선,노원,10843,11052
2022-08-15,7호선,마들,6084,5824
2022-08-15,7호선,수락산,7007,6972
2022-08-15,7호선,도봉산,4468,5726
2022-08-15,7호선,장암,1137,791
2022-08-16,7호선,도봉산,8743,9754
2022-08-16,7호선,수락산,12430,12362
2022-08-16,7호선,마들,12572,11998
2022-08-16,7호선,노원,20206,21240
2022-08-16,7호선,중계,13811,12478
2022-08-16,7호선,하계,17135,15954
2022-08-16,7호선,공릉,11054,11181
2022-08-16,7호선,태릉입구,8115,7717
2022-08-16,7호선,먹골,9942,10016
2022-08-16,7호선,중화,10435,10276
2022-08-16,7호선,상봉,16406,15704
2022-08-16,7호선,면목,14759,14443
2022-08-16,7호선,사가정,15668,15761
2022-08-16,7호선,용마산,5814,5678
2022-08-16,7호선,중곡,10433,9859
2022-08-16,7호선,군자,14805,11989
2022-08-16,7호선,어린이대공원,12552,12660
2022-08-16,7호선,건대입구,11972,12610
2022-08-16,7호선,뚝섬유원지,9236,8816
2022-08-16,7호선,청담,20381,22408
2022-08-16,7호선,강남구청,17179,18777
2022-08-16,7호선,학동,24520,25712
2022-08-16,7호선,논현,19148,20219
2022-08-16,7호선,반포,5969,5760
2022-08-16,7호선,고속터미널,16542,13042
2022-08-16,7호선,내방,14809,15028
2022-08-16,7호선,이수,15768,14969
2022-08-16,7호선,남성,11227,10661
2022-08-16,7호선,숭실대입구,11533,11858
2022-08-16,7호선,상도,10828,10641
2022-08-16,7호선,장승배기,9273,9200
2022-08-16,7호선,신대방삼거리,14843,14377
2022-08-16,7호선,보라매,7440,7771
2022-08-16,7호선,신풍,11539,10978
2022-08-16,7호선,대림,8350,8355
2022-08-16,7호선,남구로,16151,16632
2022-08-16,7호선,가산디지털단지,44973,45077
2022-08-16,7호선,철산,20845,21145
2022-08-16,7호선,광명사거리,21055,20946
2022-08-16,7호선,천왕,11539,10966
2022-08-16,7호선,온수,9804,9013
2022-08-16,7호선,장암,2354,940
2022-08-17,7호선,장암,2418,944
2022-08-17,7호선,도봉산,9005,10126
2022-08-17,7호선,수락산,12846,12750
2022-08-17,7호선,마들,13139,12306
2022-08-17,7호선,노원,20537,21148
2022-08-17,7호선,중계,14117,12775
2022-08-17,7호선,하계,18130,17106
2022-08-17,7호선,공릉,11290,11321
2022-08-17,7호선,태릉입구,8582,8084
2022-08-17,7호선,먹골,10320,10100
2022-08-17,7호선,중화,10660,10394
2022-08-17,7호선,상봉,16696,15766
2022-08-17,7호선,면목,15113,14793
2022-08-17,7호선,사가정,15735,15751
2022-08-17,7호선,용마산,6030,5883
2022-08-17,7호선,중곡,11063,10282
2022-08-17,7호선,군자,15363,12302
2022-08-17,7호선,어린이대공원,12480,12699
2022-08-17,7호선,건대입구,12431,12846
2022-08-17,7호선,뚝섬유원지,9023,8539
2022-08-17,7호선,청담,20701,22772
2022-08-17,7호선,강남구청,17426,19315
2022-08-17,7호선,학동,25095,26431
2022-08-17,7호선,논현,19570,20538
2022-08-17,7호선,반포,6246,6045
2022-08-17,7호선,고속터미널,16114,13346
2022-08-17,7호선,내방,14930,15272
2022-08-17,7호선,이수,16545,15401
2022-08-17,7호선,남성,11477,10657
2022-08-17,7호선,숭실대입구,12043,12216
2022-08-17,7호선,상도,11182,10716
2022-08-17,7호선,장승배기,9363,9211
2022-08-17,7호선,신대방삼거리,15136,14438
2022-08-17,7호선,보라매,7705,7828
2022-08-17,7호선,신풍,11918,11392
2022-08-17,7호선,대림,8335,8206
2022-08-17,7호선,남구로,16024,16868
2022-08-17,7호선,가산디지털단지,45698,45892
2022-08-17,7호선,철산,21357,21853
2022-08-17,7호선,광명사거리,21682,21383
2022-08-17,7호선,천왕,11659,11267
2022-08-17,7호선,온수,10238,9452
2022-08-17,7호선,신중동,1,0
2022-08-18,7호선,온수,10266,9455
2022-08-18,7호선,천왕,11954,11365
2022-08-18,7호선,광명사거리,21635,21499
2022-08-18,7호선,철산,21716,21870
2022-08-18,7호선,가산디지털단지,45695,46061
2022-08-18,7호선,남구로,15890,16619
2022-08-18,7호선,대림,7843,7967
2022-08-18,7호선,신풍,11763,11177
2022-08-18,7호선,보라매,7670,7839
2022-08-18,7호선,신대방삼거리,15330,14427
2022-08-18,7호선,장승배기,9347,9261
2022-08-18,7호선,상도,11278,10650
2022-08-18,7호선,숭실대입구,12254,12298
2022-08-18,7호선,남성,11420,10710
2022-08-18,7호선,이수,16107,15508
2022-08-18,7호선,내방,14826,15142
2022-08-18,7호선,고속터미널,16067,13622
2022-08-18,7호선,반포,6205,6022
2022-08-18,7호선,논현,19639,20670
2022-08-18,7호선,학동,25314,26884
2022-08-18,7호선,강남구청,17460,19414
2022-08-18,7호선,청담,20744,23059
2022-08-18,7호선,뚝섬유원지,9666,9110
2022-08-18,7호선,건대입구,12586,13029
2022-08-18,7호선,어린이대공원,12819,12850
2022-08-18,7호선,군자,15298,12080
2022-08-18,7호선,중곡,10956,10273
2022-08-18,7호선,용마산,6051,5913
2022-08-18,7호선,사가정,16154,16103
2022-08-18,7호선,면목,15262,14758
2022-08-18,7호선,상봉,17013,16243
2022-08-18,7호선,중화,10681,10274
2022-08-18,7호선,먹골,10277,10143
2022-08-18,7호선,태릉입구,8620,8110
2022-08-18,7호선,공릉,11342,11272
2022-08-18,7호선,하계,17900,16855
2022-08-18,7호선,중계,14603,12988
2022-08-18,7호선,노원,20194,21143
2022-08-18,7호선,마들,13543,12645
2022-08-18,7호선,수락산,12867,12882
2022-08-18,7호선,도봉산,9060,10356
2022-08-18,7호선,장암,2405,979
2022-08-19,7호선,상도,11330,10859
2022-08-19,7호선,숭실대입구,12392,12510
2022-08-19,7호선,남성,11416,10723
2022-08-19,7호선,이수,16573,16057
2022-08-19,7호선,내방,15058,15216
2022-08-19,7호선,고속터미널,18088,14213
2022-08-19,7호선,반포,6253,5965
2022-08-19,7호선,논현,19082,20607
2022-08-19,7호선,학동,24884,26109
2022-08-19,7호선,강남구청,17317,19431
2022-08-19,7호선,청담,20146,22455
2022-08-19,7호선,뚝섬유원지,7573,7358
2022-08-19,7호선,건대입구,12745,13452
2022-08-19,7호선,어린이대공원,13984,14018
2022-08-19,7호선,군자,15238,12348
2022-08-19,7호선,중곡,11397,10642
2022-08-19,7호선,용마산,5981,5737
2022-08-19,7호선,사가정,16002,16071
2022-08-19,7호선,면목,15244,14879
2022-08-19,7호선,상봉,16894,16271
2022-08-19,7호선,중화,10858,10487
2022-08-19,7호선,먹골,10335,10387
2022-08-19,7호선,태릉입구,8606,8043
2022-08-19,7호선,공릉,11689,11657
2022-08-19,7호선,하계,17541,16295
2022-08-19,7호선,중계,14440,13132
2022-08-19,7호선,노원,20681,21480
2022-08-19,7호선,마들,13253,12491
2022-08-19,7호선,수락산,12525,12743
2022-08-19,7호선,도봉산,8815,9946
2022-08-19,7호선,장암,2311,968
2022-08-19,7호선,신대방삼거리,15322,14530
2022-08-19,7호선,보라매,7882,7887
2022-08-19,7호선,신풍,11798,11329
2022-08-19,7호선,대림,8007,8230
2022-08-19,7호선,남구로,15881,16833
2022-08-19,7호선,가산디지털단지,46104,44896
2022-08-19,7호선,철산,21742,22610
2022-08-19,7호선,광명사거리,21746,21792
2022-08-19,7호선,천왕,11682,11096
2022-08-19,7호선,온수,10205,9386
2022-08-19,7호선,장승배기,9642,9406
2022-08-20,7호선,온수,5637,5452
2022-08-20,7호선,천왕,6976,6566
2022-08-20,7호선,광명사거리,16899,16852
2022-08-20,7호선,철산,15220,15453
2022-08-20,7호선,가산디지털단지,14001,12639
2022-08-20,7호선,남구로,8491,8743
2022-08-20,7호선,대림,7358,7945
2022-08-20,7호선,신풍,8073,7601
2022-08-20,7호선,보라매,5415,5120
2022-08-20,7호선,신대방삼거리,10773,9832
2022-08-20,7호선,장승배기,6626,6266
2022-08-20,7호선,상도,7749,7024
2022-08-20,7호선,숭실대입구,8197,7824
2022-08-20,7호선,남성,7866,7080
2022-08-20,7호선,이수,12402,11721
2022-08-20,7호선,내방,7920,7769
2022-08-20,7호선,고속터미널,15046,11539
2022-08-20,7호선,반포,4537,4289
2022-08-20,7호선,논현,9964,10916
2022-08-20,7호선,학동,10580,11036
2022-08-20,7호선,강남구청,10351,11515
2022-08-20,7호선,청담,11340,12280
2022-08-20,7호선,뚝섬유원지,9874,9018
2022-08-20,7호선,건대입구,10935,11665
2022-08-20,7호선,어린이대공원,10670,10434
2022-08-20,7호선,군자,10840,8094
2022-08-20,7호선,중곡,6907,6306
2022-08-20,7호선,용마산,4186,4117
2022-08-20,7호선,사가정,11975,11611
2022-08-20,7호선,면목,11032,10164
2022-08-20,7호선,상봉,13471,12739
2022-08-20,7호선,중화,7552,6977
2022-08-20,7호선,먹골,7781,7459
2022-08-20,7호선,태릉입구,6639,6213
2022-08-20,7호선,공릉,8745,8413
2022-08-20,7호선,하계,12515,11264
2022-08-20,7호선,중계,9416,8056
2022-08-20,7호선,노원,16019,16766
2022-08-20,7호선,마들,9988,9087
2022-08-20,7호선,수락산,10637,10320
2022-08-20,7호선,도봉산,6389,8522
2022-08-20,7호선,장암,1791,1305
2022-08-21,7호선,장암,1795,1320
2022-08-21,7호선,도봉산,5200,7508
2022-08-21,7호선,수락산,8833,8689
2022-08-21,7호선,마들,6122,5733
2022-08-21,7호선,노원,11111,11526
2022-08-21,7호선,중계,6692,6233
2022-08-21,7호선,하계,9043,8625
2022-08-21,7호선,공릉,6301,6351
2022-08-21,7호선,태릉입구,5000,4641
2022-08-21,7호선,먹골,5417,5296
2022-08-21,7호선,중화,5334,5235
2022-08-21,7호선,상봉,9676,8914
2022-08-21,7호선,면목,7808,7519
2022-08-21,7호선,사가정,8752,8385
2022-08-21,7호선,용마산,3144,3333
2022-08-21,7호선,중곡,5202,5028
2022-08-21,7호선,군자,7851,6335
2022-08-21,7호선,어린이대공원,9028,9041
2022-08-21,7호선,건대입구,8089,8277
2022-08-21,7호선,뚝섬유원지,8354,7706
2022-08-21,7호선,청담,7140,7621
2022-08-21,7호선,강남구청,5667,6200
2022-08-21,7호선,학동,6656,6981
2022-08-21,7호선,논현,5782,5929
2022-08-21,7호선,반포,2924,2916
2022-08-21,7호선,고속터미널,12756,8556
2022-08-21,7호선,내방,5154,5483
2022-08-21,7호선,이수,8411,7985
2022-08-21,7호선,남성,5506,5469
2022-08-21,7호선,숭실대입구,5707,6191
2022-08-21,7호선,상도,5618,5543
2022-08-21,7호선,장승배기,4926,4921
2022-08-21,7호선,신대방삼거리,7584,7455
2022-08-21,7호선,보라매,3940,3923
2022-08-21,7호선,신풍,6331,5954
2022-08-21,7호선,대림,7440,7061
2022-08-21,7호선,남구로,6921,6742
2022-08-21,7호선,가산디지털단지,9707,8865
2022-08-21,7호선,철산,10664,10530
2022-08-21,7호선,광명사거리,12447,12393
2022-08-21,7호선,천왕,4811,4770
2022-08-21,7호선,온수,3951,4087
2022-08-22,7호선,삼산체육관,1,0
2022-08-22,7호선,온수,10159,9277
2022-08-22,7호선,천왕,11608,11199
2022-08-22,7호선,광명사거리,21492,21219
2022-08-22,7호선,철산,20927,21268
2022-08-22,7호선,가산디지털단지,46136,46143
2022-08-22,7호선,남구로,16308,16942
2022-08-22,7호선,대림,8317,8264
2022-08-22,7호선,신풍,11646,11051
2022-08-22,7호선,보라매,7757,7735
2022-08-22,7호선,신대방삼거리,15131,14667
2022-08-22,7호선,장승배기,9421,9305
2022-08-22,7호선,상도,10721,10552
2022-08-22,7호선,숭실대입구,11803,12117
2022-08-22,7호선,남성,11294,10610
2022-08-22,7호선,이수,15509,14842
2022-08-22,7호선,내방,14854,15098
2022-08-22,7호선,고속터미널,16330,13351
2022-08-22,7호선,반포,5828,5698
2022-08-22,7호선,논현,19129,19987
2022-08-22,7호선,학동,24586,25810
2022-08-22,7호선,강남구청,16672,18198
2022-08-22,7호선,청담,20304,22347
2022-08-22,7호선,뚝섬유원지,8653,8131
2022-08-22,7호선,건대입구,12111,12684
2022-08-22,7호선,어린이대공원,13413,13579
2022-08-22,7호선,군자,14943,12034
2022-08-22,7호선,중곡,11267,10543
2022-08-22,7호선,용마산,5964,5787
2022-08-22,7호선,사가정,15916,15875
2022-08-22,7호선,면목,14767,14581
2022-08-22,7호선,상봉,16506,15507
2022-08-22,7호선,중화,10595,10370
2022-08-22,7호선,먹골,9988,9904
2022-08-22,7호선,태릉입구,8216,7715
2022-08-22,7호선,공릉,11535,11516
2022-08-22,7호선,하계,17269,16251
2022-08-22,7호선,중계,14156,12932
2022-08-22,7호선,노원,19327,19903
2022-08-22,7호선,마들,13021,12215
2022-08-22,7호선,수락산,12551,12691
2022-08-22,7호선,도봉산,8819,9798
2022-08-22,7호선,장암,2352,903
2022-08-23,7호선,장암,2426,1004
2022-08-23,7호선,도봉산,9070,10207
2022-08-23,7호선,수락산,12722,12639
2022-08-23,7호선,마들,13399,12515
2022-08-23,7호선,노원,19858,21008
2022-08-23,7호선,중계,15007,13566
2022-08-23,7호선,하계,18120,16803
2022-08-23,7호선,공릉,11649,11701
2022-08-23,7호선,태릉입구,8568,8076
2022-08-23,7호선,먹골,10304,10189
2022-08-23,7호선,중화,10880,10570
2022-08-23,7호선,상봉,17000,16031
2022-08-23,7호선,면목,15246,14817
2022-08-23,7호선,사가정,16195,16136
2022-08-23,7호선,용마산,6068,5806
2022-08-23,7호선,중곡,11275,10612
2022-08-23,7호선,군자,15161,12232
2022-08-23,7호선,어린이대공원,13254,13257
2022-08-23,7호선,건대입구,12718,13214
2022-08-23,7호선,뚝섬유원지,9559,9039
2022-08-23,7호선,청담,21060,23185
2022-08-23,7호선,강남구청,17437,19508
2022-08-23,7호선,학동,25254,26516
2022-08-23,7호선,논현,19498,20436
2022-08-23,7호선,반포,6154,5978
2022-08-23,7호선,고속터미널,15865,13524
2022-08-23,7호선,내방,15002,15259
2022-08-23,7호선,이수,16058,15392
2022-08-23,7호선,남성,11566,10751
2022-08-23,7호선,숭실대입구,12055,12373
2022-08-23,7호선,상도,11298,10668
2022-08-23,7호선,장승배기,9347,9230
2022-08-23,7호선,신대방삼거리,15453,14578
2022-08-23,7호선,보라매,7842,7987
2022-08-23,7호선,신풍,11850,11182
2022-08-23,7호선,대림,8156,8176
2022-08-23,7호선,남구로,16311,16999
2022-08-23,7호선,가산디지털단지,46221,46634
2022-08-23,7호선,철산,21257,21647
2022-08-23,7호선,광명사거리,21336,21302
2022-08-23,7호선,천왕,11852,11284
2022-08-23,7호선,온수,10318,9441
2022-08-24,7호선,온수,10388,9590
2022-08-24,7호선,천왕,12100,11551
2022-08-24,7호선,광명사거리,22095,21928
2022-08-24,7호선,철산,21885,22036
2022-08-24,7호선,가산디지털단지,46275,46691
2022-08-24,7호선,남구로,16195,17021
2022-08-24,7호선,대림,8115,8182
2022-08-24,7호선,신풍,12012,11426
2022-08-24,7호선,보라매,7768,7942
2022-08-24,7호선,신대방삼거리,15521,14730
2022-08-24,7호선,장승배기,9528,9594
2022-08-24,7호선,상도,11368,10803
2022-08-24,7호선,숭실대입구,12269,12539
2022-08-24,7호선,남성,11693,10674
2022-08-24,7호선,이수,16426,15728
2022-08-24,7호선,내방,15446,15740
2022-08-24,7호선,고속터미널,15610,13422
2022-08-24,7호선,반포,6315,6054
2022-08-24,7호선,논현,19982,20509
2022-08-24,7호선,학동,25267,26831
2022-08-24,7호선,강남구청,17924,19846
2022-08-24,7호선,청담,21110,23317
2022-08-24,7호선,뚝섬유원지,9878,9361
2022-08-24,7호선,건대입구,12500,13178
2022-08-24,7호선,어린이대공원,14323,14361
2022-08-24,7호선,군자,15378,12342
2022-08-24,7호선,중곡,11469,10551
2022-08-24,7호선,용마산,6212,6095
2022-08-24,7호선,사가정,16515,16297
2022-08-24,7호선,면목,15362,15067
2022-08-24,7호선,상봉,16911,16167
2022-08-24,7호선,중화,10863,10621
2022-08-24,7호선,먹골,10372,10256
2022-08-24,7호선,태릉입구,8706,8059
2022-08-24,7호선,공릉,11865,11796
2022-08-24,7호선,하계,18714,17568
2022-08-24,7호선,중계,15085,13749
2022-08-24,7호선,노원,19888,20872
2022-08-24,7호선,마들,13531,12570
2022-08-24,7호선,수락산,13133,13082
2022-08-24,7호선,도봉산,9140,10509
2022-08-24,7호선,장암,2473,942
2022-08-25,7호선,온수,10408,9498
2022-08-25,7호선,천왕,11956,11371
2022-08-25,7호선,광명사거리,21696,21546
2022-08-25,7호선,철산,21585,21887
2022-08-25,7호선,가산디지털단지,46335,46541
2022-08-25,7호선,남구로,16052,16858
2022-08-25,7호선,대림,7913,7905
2022-08-25,7호선,신풍,12078,11402
2022-08-25,7호선,보라매,7925,7972
2022-08-25,7호선,신대방삼거리,15365,14675
2022-08-25,7호선,장승배기,9479,9456
2022-08-25,7호선,상도,11328,10709
2022-08-25,7호선,숭실대입구,12230,12232
2022-08-25,7호선,남성,11585,10597
2022-08-25,7호선,이수,16498,15811
2022-08-25,7호선,내방,15146,15389
2022-08-25,7호선,고속터미널,15986,13569
2022-08-25,7호선,반포,6194,5934
2022-08-25,7호선,논현,19571,20563
2022-08-25,7호선,학동,25155,26805
2022-08-25,7호선,강남구청,17749,20008
2022-08-25,7호선,청담,20940,23526
2022-08-25,7호선,뚝섬유원지,8723,8269
2022-08-25,7호선,건대입구,12593,12953
2022-08-25,7호선,어린이대공원,14510,14594
2022-08-25,7호선,군자,15252,12207
2022-08-25,7호선,중곡,11311,10632
2022-08-25,7호선,용마산,6151,5973
2022-08-25,7호선,사가정,16380,16104
2022-08-25,7호선,면목,15381,14878
2022-08-25,7호선,상봉,17170,16410
2022-08-25,7호선,중화,10838,10524
2022-08-25,7호선,먹골,10243,10185
2022-08-25,7호선,태릉입구,8677,8351
2022-08-25,7호선,공릉,12232,12129
2022-08-25,7호선,하계,17785,16521
2022-08-25,7호선,중계,14982,13504
2022-08-25,7호선,노원,19587,20628
2022-08-25,7호선,마들,13449,12683
2022-08-25,7호선,수락산,12866,12801
2022-08-25,7호선,도봉산,9161,10386
2022-08-25,7호선,장암,2397,944
2022-08-26,7호선,장암,2526,1046
2022-08-26,7호선,도봉산,9252,10703
2022-08-26,7호선,수락산,13476,13419
2022-08-26,7호선,마들,14094,12956
2022-08-26,7호선,노원,21733,23387
2022-08-26,7호선,중계,15608,13692
2022-08-26,7호선,하계,18559,17235
2022-08-26,7호선,공릉,12646,12113
2022-08-26,7호선,태릉입구,9087,8626
2022-08-26,7호선,먹골,10897,10499
2022-08-26,7호선,중화,11308,10911
2022-08-26,7호선,상봉,18111,17528
2022-08-26,7호선,면목,15812,15230
2022-08-26,7호선,사가정,17001,16663
2022-08-26,7호선,용마산,6491,6220
2022-08-26,7호선,중곡,11871,10822
2022-08-26,7호선,군자,16122,12693
2022-08-26,7호선,어린이대공원,13949,13835
2022-08-26,7호선,건대입구,13077,13939
2022-08-26,7호선,뚝섬유원지,10973,10483
2022-08-26,7호선,청담,20916,23479
2022-08-26,7호선,강남구청,17971,20080
2022-08-26,7호선,학동,24615,26265
2022-08-26,7호선,논현,20337,21659
2022-08-26,7호선,반포,6794,7390
2022-08-26,7호선,고속터미널,19240,15963
2022-08-26,7호선,내방,15459,15754
2022-08-26,7호선,이수,17144,16640
2022-08-26,7호선,남성,11963,10830
2022-08-26,7호선,숭실대입구,12832,12752
2022-08-26,7호선,상도,11973,11137
2022-08-26,7호선,장승배기,9929,9549
2022-08-26,7호선,신대방삼거리,16077,14969
2022-08-26,7호선,보라매,8223,8265
2022-08-26,7호선,신풍,12278,11534
2022-08-26,7호선,대림,8258,8535
2022-08-26,7호선,남구로,16011,16887
2022-08-26,7호선,가산디지털단지,46787,46122
2022-08-26,7호선,철산,22866,23620
2022-08-26,7호선,광명사거리,23195,22746
2022-08-26,7호선,천왕,12306,11555
2022-08-26,7호선,온수,10669,9626
2022-08-27,7호선,부평구청,1,0
2022-08-27,7호선,까치울,1,0
2022-08-27,7호선,온수,5896,5893
2022-08-27,7호선,천왕,7350,6937
2022-08-27,7호선,광명사거리,17584,17504
2022-08-27,7호선,철산,16799,16651
2022-08-27,7호선,가산디지털단지,14613,13100
2022-08-27,7호선,남구로,8589,9066
2022-08-27,7호선,대림,7438,8193
2022-08-27,7호선,신풍,8569,8043
2022-08-27,7호선,보라매,5760,5470
2022-08-27,7호선,신대방삼거리,11458,10523
2022-08-27,7호선,장승배기,6949,6536
2022-08-27,7호선,상도,8340,7618
2022-08-27,7호선,숭실대입구,8529,8498
2022-08-27,7호선,남성,8250,7434
2022-08-27,7호선,이수,12663,12305
2022-08-27,7호선,내방,8354,8166
2022-08-27,7호선,고속터미널,17596,13565
2022-08-27,7호선,반포,5517,5908
2022-08-27,7호선,논현,10876,11748
2022-08-27,7호선,학동,12024,12656
2022-08-27,7호선,강남구청,10757,12076
2022-08-27,7호선,청담,12135,13287
2022-08-27,7호선,뚝섬유원지,15908,15012
2022-08-27,7호선,건대입구,11778,13190
2022-08-27,7호선,어린이대공원,13750,13431
2022-08-27,7호선,군자,11821,8637
2022-08-27,7호선,중곡,7307,6722
2022-08-27,7호선,용마산,5015,4919
2022-08-27,7호선,사가정,12918,12148
2022-08-27,7호선,면목,11740,11021
2022-08-27,7호선,상봉,14414,13958
2022-08-27,7호선,중화,8074,7509
2022-08-27,7호선,먹골,8139,7736
2022-08-27,7호선,태릉입구,7220,6820
2022-08-27,7호선,공릉,9084,8758
2022-08-27,7호선,하계,13031,11941
2022-08-27,7호선,중계,10007,8886
2022-08-27,7호선,노원,16614,17406
2022-08-27,7호선,마들,9920,9024
2022-08-27,7호선,수락산,10955,10668
2022-08-27,7호선,도봉산,7244,9566
2022-08-27,7호선,장암,1904,1325
2022-08-28,7호선,장암,1648,1238
2022-08-28,7호선,도봉산,5670,7977
2022-08-28,7호선,수락산,8834,8793
2022-08-28,7호선,마들,6429,5916
2022-08-28,7호선,노원,11434,11818
2022-08-28,7호선,중계,7145,6672
2022-08-28,7호선,하계,9828,9324
2022-08-28,7호선,공릉,6563,6537
2022-08-28,7호선,태릉입구,5441,5113
2022-08-28,7호선,먹골,5557,5307
2022-08-28,7호선,중화,5872,5801
2022-08-28,7호선,상봉,10039,9160
2022-08-28,7호선,면목,8191,7960
2022-08-28,7호선,사가정,9491,9223
2022-08-28,7호선,용마산,3565,3889
2022-08-28,7호선,중곡,5553,5315
2022-08-28,7호선,군자,8298,6397
2022-08-28,7호선,어린이대공원,11681,11687
2022-08-28,7호선,건대입구,8213,8823
2022-08-28,7호선,뚝섬유원지,13087,11966
2022-08-28,7호선,청담,7566,8351
2022-08-28,7호선,강남구청,6199,6830
2022-08-28,7호선,학동,7529,8163
2022-08-28,7호선,논현,6061,6335
2022-08-28,7호선,반포,3212,3303
2022-08-28,7호선,고속터미널,14650,9497
2022-08-28,7호선,내방,5437,5694
2022-08-28,7호선,이수,8685,8102
2022-08-28,7호선,남성,5693,5711
2022-08-28,7호선,숭실대입구,6242,6574
2022-08-28,7호선,상도,5976,5837
2022-08-28,7호선,장승배기,4831,4843
2022-08-28,7호선,신대방삼거리,7926,7897
2022-08-28,7호선,보라매,3992,4064
2022-08-28,7호선,신풍,6444,6149
2022-08-28,7호선,대림,8043,7356
2022-08-28,7호선,남구로,7073,7090
2022-08-28,7호선,가산디지털단지,10425,9611
2022-08-28,7호선,철산,11314,11257
2022-08-28,7호선,광명사거리,13030,13059
2022-08-28,7호선,천왕,5271,5155
2022-08-28,7호선,온수,4305,4321
2022-08-29,7호선,부평구청,2,0
2022-08-29,7호선,상동,1,0
2022-08-29,7호선,까치울,1,0
2022-08-29,7호선,온수,11503,10763
2022-08-29,7호선,천왕,12166,11629
2022-08-29,7호선,광명사거리,22078,21863
2022-08-29,7호선,철산,21924,22096
2022-08-29,7호선,가산디지털단지,46548,47232
2022-08-29,7호선,남구로,16796,17306
2022-08-29,7호선,대림,8349,8426
2022-08-29,7호선,신풍,11994,11378
2022-08-29,7호선,보라매,7841,8004
2022-08-29,7호선,신대방삼거리,15511,14778
2022-08-29,7호선,장승배기,9525,9558
2022-08-29,7호선,상도,11299,10989
2022-08-29,7호선,숭실대입구,12345,12481
2022-08-29,7호선,남성,11949,11088
2022-08-29,7호선,이수,15764,15294
2022-08-29,7호선,내방,14989,15386
2022-08-29,7호선,고속터미널,16715,13670
2022-08-29,7호선,반포,6124,6029
2022-08-29,7호선,논현,19520,20025
2022-08-29,7호선,학동,24979,26092
2022-08-29,7호선,강남구청,16876,18577
2022-08-29,7호선,청담,20625,22827
2022-08-29,7호선,뚝섬유원지,9217,8514
2022-08-29,7호선,건대입구,13967,14475
2022-08-29,7호선,어린이대공원,14543,15049
2022-08-29,7호선,군자,15033,12108
2022-08-29,7호선,중곡,11469,10588
2022-08-29,7호선,용마산,6188,5893
2022-08-29,7호선,사가정,16221,16178
2022-08-29,7호선,면목,15288,14739
2022-08-29,7호선,상봉,17203,16605
2022-08-29,7호선,중화,10980,10697
2022-08-29,7호선,먹골,10238,10152
2022-08-29,7호선,태릉입구,8431,8026
2022-08-29,7호선,공릉,11838,11715
2022-08-29,7호선,하계,18055,16865
2022-08-29,7호선,중계,15111,13928
2022-08-29,7호선,노원,19918,21100
2022-08-29,7호선,마들,13387,12556
2022-08-29,7호선,수락산,12616,12341
2022-08-29,7호선,도봉산,9074,9974
2022-08-29,7호선,장암,2414,856
2022-08-30,7호선,장암,2232,816
2022-08-30,7호선,도봉산,8922,9731
2022-08-30,7호선,수락산,12427,12344
2022-08-30,7호선,마들,13282,12557
2022-08-30,7호선,노원,19401,20021
2022-08-30,7호선,중계,14804,13745
2022-08-30,7호선,하계,17831,16733
2022-08-30,7호선,공릉,11676,11744
2022-08-30,7호선,태릉입구,8204,7786
2022-08-30,7호선,먹골,10300,10091
2022-08-30,7호선,중화,10631,10634
2022-08-30,7호선,상봉,16612,15725
2022-08-30,7호선,면목,14952,14629
2022-08-30,7호선,사가정,15877,16043
2022-08-30,7호선,용마산,6078,5830
2022-08-30,7호선,중곡,11269,10648
2022-08-30,7호선,군자,15112,12261
2022-08-30,7호선,어린이대공원,14305,14835
2022-08-30,7호선,건대입구,14363,14757
2022-08-30,7호선,뚝섬유원지,7169,6983
2022-08-30,7호선,청담,20737,22950
2022-08-30,7호선,강남구청,17648,19511
2022-08-30,7호선,학동,26001,26977
2022-08-30,7호선,논현,19205,20128
2022-08-30,7호선,반포,6116,5962
2022-08-30,7호선,고속터미널,15859,13507
2022-08-30,7호선,내방,15135,15390
2022-08-30,7호선,이수,16238,15365
2022-08-30,7호선,남성,11920,11090
2022-08-30,7호선,숭실대입구,11962,12231
2022-08-30,7호선,상도,11326,10983
2022-08-30,7호선,장승배기,9443,9233
2022-08-30,7호선,신대방삼거리,15332,14759
2022-08-30,7호선,보라매,7760,7824
2022-08-30,7호선,신풍,11787,11165
2022-08-30,7호선,대림,8175,8132
2022-08-30,7호선,남구로,16404,17056
2022-08-30,7호선,가산디지털단지,46923,47285
2022-08-30,7호선,철산,21353,21702
2022-08-30,7호선,광명사거리,20773,20637
2022-08-30,7호선,천왕,11768,11397
2022-08-30,7호선,온수,11435,10635
2022-08-30,7호선,굴포천,2,0
2022-08-31,7호선,장암,2465,920
2022-08-31,7호선,도봉산,9350,10527
2022-08-31,7호선,수락산,13125,12877
2022-08-31,7호선,마들,13844,12776
2022-08-31,7호선,노원,20456,21575
2022-08-31,7호선,중계,15828,14133
2022-08-31,7호선,하계,19367,18270
2022-08-31,7호선,공릉,12249,12197
2022-08-31,7호선,태릉입구,8712,8425
2022-08-31,7호선,먹골,10625,10468
2022-08-31,7호선,중화,11307,11122
2022-08-31,7호선,상봉,17475,16818
2022-08-31,7호선,면목,15738,15377
2022-08-31,7호선,사가정,16733,16608
2022-08-31,7호선,용마산,6334,6191
2022-08-31,7호선,중곡,12019,10975
2022-08-31,7호선,군자,15957,12662
2022-08-31,7호선,어린이대공원,15487,16089
2022-08-31,7호선,건대입구,14395,14746
2022-08-31,7호선,뚝섬유원지,10215,9701
2022-08-31,7호선,청담,21729,24169
2022-08-31,7호선,강남구청,18102,20104
2022-08-31,7호선,학동,25705,27443
2022-08-31,7호선,논현,19950,20900
2022-08-31,7호선,반포,6549,6340
2022-08-31,7호선,고속터미널,15807,13828
2022-08-31,7호선,내방,15444,15870
2022-08-31,7호선,이수,16662,16010
2022-08-31,7호선,남성,12488,11433
2022-08-31,7호선,숭실대입구,12702,12842
2022-08-31,7호선,상도,11951,11605
2022-08-31,7호선,장승배기,9945,9644
2022-08-31,7호선,신대방삼거리,16019,15168
2022-08-31,7호선,보라매,8059,8170
2022-08-31,7호선,신풍,12308,11636
2022-08-31,7호선,대림,8104,8174
2022-08-31,7호선,남구로,16408,17222
2022-08-31,7호선,가산디지털단지,46988,47661
2022-08-31,7호선,철산,22621,22923
2022-08-31,7호선,광명사거리,23185,22726
2022-08-31,7호선,천왕,12237,11716
2022-08-31,7호선,온수,11774,11046
2022-09-01,7호선,온수,11685,10958
2022-09-01,7호선,천왕,12365,11919
2022-09-01,7호선,광명사거리,23019,22736
2022-09-01,7호선,철산,23132,23466
2022-09-01,7호선,가산디지털단지,47125,47772
2022-09-01,7호선,남구로,16500,17293
2022-09-01,7호선,대림,8229,8220
2022-09-01,7호선,신풍,12542,11793
2022-09-01,7호선,보라매,8151,8370
2022-09-01,7호선,신대방삼거리,16306,15483
2022-09-01,7호선,장승배기,9938,9620
2022-09-01,7호선,상도,13353,13203
2022-09-01,7호선,숭실대입구,16629,16839
2022-09-01,7호선,남성,12694,11710
2022-09-01,7호선,이수,17106,16511
2022-09-01,7호선,내방,16107,16017
2022-09-01,7호선,고속터미널,16357,14258
2022-09-01,7호선,논현,20095,21114
2022-09-01,7호선,학동,25965,27721
2022-09-01,7호선,강남구청,18583,20654
2022-09-01,7호선,청담,21664,24088
2022-09-01,7호선,뚝섬유원지,11889,11506
2022-09-01,7호선,건대입구,14615,14978
2022-09-01,7호선,어린이대공원,19683,20746
2022-09-01,7호선,군자,15999,12585
2022-09-01,7호선,중곡,11925,11040
2022-09-01,7호선,용마산,6515,6389
2022-09-01,7호선,사가정,17228,17287
2022-09-01,7호선,면목,17243,16835
2022-09-01,7호선,상봉,17732,16906
2022-09-01,7호선,중화,11398,11426
2022-09-01,7호선,먹골,10802,10700
2022-09-01,7호선,태릉입구,10166,9456
2022-09-01,7호선,공릉,12468,12265
2022-09-01,7호선,하계,19477,18237
2022-09-01,7호선,중계,16408,14832
2022-09-01,7호선,노원,20600,21820
2022-09-01,7호선,마들,14164,13248
2022-09-01,7호선,수락산,13813,13520
2022-09-01,7호선,도봉산,10321,12005
2022-09-01,7호선,장암,2474,989
2022-09-01,7호선,반포,6742,6548
2022-09-02,7호선,온수,11789,10802
2022-09-02,7호선,천왕,12845,12037
2022-09-02,7호선,광명사거리,24144,23750
2022-09-02,7호선,철산,23916,24587
2022-09-02,7호선,가산디지털단지,47574,47473
2022-09-02,7호선,남구로,16389,17437
2022-09-02,7호선,대림,8350,8536
2022-09-02,7호선,신풍,12689,11835
2022-09-02,7호선,보라매,8575,8514
2022-09-02,7호선,신대방삼거리,16686,15620
2022-09-02,7호선,장승배기,10240,9914
2022-09-02,7호선,상도,13658,12908
2022-09-02,7호선,숭실대입구,15764,15586
2022-09-02,7호선,남성,12955,11619
2022-09-02,7호선,이수,17772,17101
2022-09-02,7호선,내방,16157,16422
2022-09-02,7호선,고속터미널,18856,15377
2022-09-02,7호선,반포,7040,6859
2022-09-02,7호선,논현,20727,21981
2022-09-02,7호선,학동,25521,27324
2022-09-02,7호선,강남구청,18714,20812
2022-09-02,7호선,청담,21824,24098
2022-09-02,7호선,뚝섬유원지,14392,13858
2022-09-02,7호선,건대입구,14642,15514
2022-09-02,7호선,어린이대공원,18381,18680
2022-09-02,7호선,군자,16606,12902
2022-09-02,7호선,중곡,12119,11042
2022-09-02,7호선,용마산,6583,6247
2022-09-02,7호선,사가정,17695,17510
2022-09-02,7호선,면목,17364,16750
2022-09-02,7호선,상봉,18598,18245
2022-09-02,7호선,중화,12071,11516
2022-09-02,7호선,먹골,11095,10682
2022-09-02,7호선,태릉입구,9813,9340
2022-09-02,7호선,공릉,13194,13085
2022-09-02,7호선,하계,19736,18171
2022-09-02,7호선,중계,16336,14340
2022-09-02,7호선,노원,21806,23546
2022-09-02,7호선,마들,14427,13225
2022-09-02,7호선,수락산,13842,13561
2022-09-02,7호선,도봉산,10381,11754
2022-09-02,7호선,장암,2547,1081
2022-09-03,7호선,장암,1930,1257
2022-09-03,7호선,도봉산,7261,9396
2022-09-03,7호선,수락산,10953,10481
2022-09-03,7호선,마들,9767,8993
2022-09-03,7호선,노원,16711,17660
2022-09-03,7호선,중계,10121,8918
2022-09-03,7호선,하계,13386,12161
2022-09-03,7호선,공릉,9398,9173
2022-09-03,7호선,태릉입구,7192,6623
2022-09-03,7호선,먹골,8498,7984
2022-09-03,7호선,중화,7878,7468
2022-09-03,7호선,상봉,14652,14183
2022-09-03,7호선,면목,11932,11273
2022-09-03,7호선,사가정,12901,12238
2022-09-03,7호선,용마산,4900,5025
2022-09-03,7호선,중곡,7520,7015
2022-09-03,7호선,군자,11848,8855
2022-09-03,7호선,어린이대공원,14103,14086
2022-09-03,7호선,건대입구,12567,13691
2022-09-03,7호선,뚝섬유원지,15475,14592
2022-09-03,7호선,청담,12569,13618
2022-09-03,7호선,강남구청,11825,12904
2022-09-03,7호선,학동,12056,12724
2022-09-03,7호선,논현,11140,11821
2022-09-03,7호선,반포,5167,5064
2022-09-03,7호선,고속터미널,16706,12275
2022-09-03,7호선,내방,8596,8379
2022-09-03,7호선,이수,12972,12244
2022-09-03,7호선,남성,8368,7521
2022-09-03,7호선,숭실대입구,10104,9629
2022-09-03,7호선,상도,8897,8111
2022-09-03,7호선,장승배기,7106,6510
2022-09-03,7호선,신대방삼거리,11404,10694
2022-09-03,7호선,보라매,6092,5935
2022-09-03,7호선,신풍,8881,8055
2022-09-03,7호선,대림,7787,8531
2022-09-03,7호선,남구로,8718,9194
2022-09-03,7호선,가산디지털단지,15253,13410
2022-09-03,7호선,철산,16576,16648
2022-09-03,7호선,광명사거리,18242,18042
2022-09-03,7호선,천왕,7589,7109
2022-09-03,7호선,온수,5852,5813
2022-09-04,7호선,장암,961,571
2022-09-04,7호선,도봉산,4158,5346
2022-09-04,7호선,수락산,6776,6460
2022-09-04,7호선,마들,5754,5462
2022-09-04,7호선,노원,10899,10652
2022-09-04,7호선,중계,6194,5959
2022-09-04,7호선,하계,8734,8243
2022-09-04,7호선,공릉,5907,6307
2022-09-04,7호선,태릉입구,4625,4527
2022-09-04,7호선,먹골,5214,5113
2022-09-04,7호선,중화,5350,5252
2022-09-04,7호선,상봉,9127,8558
2022-09-04,7호선,면목,7410,7365
2022-09-04,7호선,사가정,8060,7905
2022-09-04,7호선,용마산,2926,3042
2022-09-04,7호선,중곡,5100,5026
2022-09-04,7호선,군자,7422,5817
2022-09-04,7호선,어린이대공원,8742,8813
2022-09-04,7호선,건대입구,7660,8087
2022-09-04,7호선,뚝섬유원지,4019,3889
2022-09-04,7호선,청담,7190,7888
2022-09-04,7호선,강남구청,5740,6244
2022-09-04,7호선,학동,6986,7363
2022-09-04,7호선,논현,5366,5595
2022-09-04,7호선,반포,2909,2926
2022-09-04,7호선,고속터미널,12043,8169
2022-09-04,7호선,내방,5239,5379
2022-09-04,7호선,이수,8291,7460
2022-09-04,7호선,남성,5386,5450
2022-09-04,7호선,숭실대입구,5704,6227
2022-09-04,7호선,상도,5576,5738
2022-09-04,7호선,장승배기,4579,4526
2022-09-04,7호선,신대방삼거리,7524,7346
2022-09-04,7호선,보라매,3533,3492
2022-09-04,7호선,신풍,5935,5682
2022-09-04,7호선,대림,7484,7154
2022-09-04,7호선,남구로,6575,6612
2022-09-04,7호선,가산디지털단지,9453,8435
2022-09-04,7호선,철산,10104,10284
2022-09-04,7호선,광명사거리,12204,12051
2022-09-04,7호선,천왕,4920,4770
2022-09-04,7호선,온수,3809,3867
2022-09-04,7호선,까치울,1,0
2022-09-05,7호선,온수,11251,10530
2022-09-05,7호선,천왕,11467,11218
2022-09-05,7호선,광명사거리,20302,20020
2022-09-05,7호선,철산,20989,21781
2022-09-05,7호선,가산디지털단지,48087,46717
2022-09-05,7호선,남구로,16649,17329
2022-09-05,7호선,대림,8025,7835
2022-09-05,7호선,신풍,11421,11141
2022-09-05,7호선,보라매,7448,7570
2022-09-05,7호선,신대방삼거리,14940,14637
2022-09-05,7호선,장승배기,9112,9102
2022-09-05,7호선,상도,12179,12255
2022-09-05,7호선,숭실대입구,16036,16317
2022-09-05,7호선,남성,11571,11217
2022-09-05,7호선,이수,14759,14264
2022-09-05,7호선,내방,15160,15502
2022-09-05,7호선,고속터미널,14786,12530
2022-09-05,7호선,반포,5754,5792
2022-09-05,7호선,논현,17774,19036
2022-09-05,7호선,학동,25727,26371
2022-09-05,7호선,강남구청,16690,18145
2022-09-05,7호선,청담,20051,22454
2022-09-05,7호선,뚝섬유원지,6913,6836
2022-09-05,7호선,건대입구,13601,14111
2022-09-05,7호선,어린이대공원,19158,19385
2022-09-05,7호선,군자,14527,11958
2022-09-05,7호선,중곡,11369,10719
2022-09-05,7호선,용마산,5890,5793
2022-09-05,7호선,사가정,15834,16085
2022-09-05,7호선,면목,15968,16139
2022-09-05,7호선,상봉,16024,15058
2022-09-05,7호선,중화,10747,10848
2022-09-05,7호선,먹골,10202,10248
2022-09-05,7호선,태릉입구,8968,8503
2022-09-05,7호선,공릉,12148,12307
2022-09-05,7호선,하계,17905,17146
2022-09-05,7호선,중계,15080,14201
2022-09-05,7호선,노원,19202,19443
2022-09-05,7호선,마들,13311,12749
2022-09-05,7호선,수락산,12026,12108
2022-09-05,7호선,도봉산,9300,10172
2022-09-05,7호선,장암,2337,768
2022-09-06,7호선,온수,11140,10365
2022-09-06,7호선,천왕,11507,10861
2022-09-06,7호선,광명사거리,22188,22029
2022-09-06,7호선,철산,21668,21758
2022-09-06,7호선,가산디지털단지,44888,45361
2022-09-06,7호선,남구로,16141,16913
2022-09-06,7호선,대림,8331,8255
2022-09-06,7호선,신풍,11677,10808
2022-09-06,7호선,보라매,7877,7869
2022-09-06,7호선,신대방삼거리,15741,14777
2022-09-06,7호선,장승배기,9434,9230
2022-09-06,7호선,상도,12844,12478
2022-09-06,7호선,숭실대입구,16695,16603
2022-09-06,7호선,남성,12353,11094
2022-09-06,7호선,이수,16060,15372
2022-09-06,7호선,내방,15326,15541
2022-09-06,7호선,고속터미널,14741,13190
2022-09-06,7호선,반포,6208,5867
2022-09-06,7호선,논현,19114,19907
2022-09-06,7호선,학동,24340,25792
2022-09-06,7호선,강남구청,16617,18526
2022-09-06,7호선,청담,20406,22505
2022-09-06,7호선,뚝섬유원지,9775,9391
2022-09-06,7호선,건대입구,13747,14155
2022-09-06,7호선,어린이대공원,18231,18923
2022-09-06,7호선,군자,15267,12122
2022-09-06,7호선,중곡,11140,10496
2022-09-06,7호선,용마산,6119,5811
2022-09-06,7호선,사가정,16269,16061
2022-09-06,7호선,면목,16710,16147
2022-09-06,7호선,상봉,16903,16192
2022-09-06,7호선,중화,10853,10718
2022-09-06,7호선,먹골,10413,10250
2022-09-06,7호선,태릉입구,9570,8885
2022-09-06,7호선,공릉,12926,12822
2022-09-06,7호선,하계,18118,16763
2022-09-06,7호선,중계,15024,13462
2022-09-06,7호선,노원,19699,20803
2022-09-06,7호선,마들,13437,12525
2022-09-06,7호선,수락산,12426,12248
2022-09-06,7호선,도봉산,9446,10455
2022-09-06,7호선,장암,2388,845
2022-09-07,7호선,장암,2550,960
2022-09-07,7호선,도봉산,10542,12080
2022-09-07,7호선,수락산,14071,13676
2022-09-07,7호선,마들,14819,13786
2022-09-07,7호선,노원,21442,22902
2022-09-07,7호선,중계,16415,14821
2022-09-07,7호선,하계,20276,18784
2022-09-07,7호선,공릉,13959,13612
2022-09-07,7호선,태릉입구,10343,9808
2022-09-07,7호선,먹골,11303,10943
2022-09-07,7호선,중화,11909,11538
2022-09-07,7호선,상봉,18741,18045
2022-09-07,7호선,면목,17736,17088
2022-09-07,7호선,사가정,17721,17631
2022-09-07,7호선,용마산,6662,6534
2022-09-07,7호선,중곡,12478,11349
2022-09-07,7호선,군자,16414,12910
2022-09-07,7호선,어린이대공원,20407,20736
2022-09-07,7호선,건대입구,15217,15538
2022-09-07,7호선,뚝섬유원지,11660,11165
2022-09-07,7호선,청담,21933,24391
2022-09-07,7호선,강남구청,19152,21152
2022-09-07,7호선,학동,26717,28087
2022-09-07,7호선,논현,21249,21947
2022-09-07,7호선,반포,6920,6555
2022-09-07,7호선,고속터미널,15952,15258
2022-09-07,7호선,내방,16857,16952
2022-09-07,7호선,이수,17675,17047
2022-09-07,7호선,남성,12942,11840
2022-09-07,7호선,숭실대입구,18090,18185
2022-09-07,7호선,상도,14550,13993
2022-09-07,7호선,장승배기,10363,10056
2022-09-07,7호선,신대방삼거리,17241,16095
2022-09-07,7호선,보라매,8617,8614
2022-09-07,7호선,신풍,12821,12066
2022-09-07,7호선,대림,9027,9056
2022-09-07,7호선,남구로,17240,18288
2022-09-07,7호선,가산디지털단지,48414,48525
2022-09-07,7호선,철산,24176,24662
2022-09-07,7호선,광명사거리,24743,24518
2022-09-07,7호선,천왕,13164,12489
2022-09-07,7호선,온수,12399,11477
2022-09-07,7호선,부천시청,1,0
2022-09-08,7호선,장암,2386,997
2022-09-08,7호선,도봉산,10239,11910
2022-09-08,7호선,수락산,13888,13558
2022-09-08,7호선,마들,14540,13345
2022-09-08,7호선,노원,21706,23675
2022-09-08,7호선,중계,15865,14029
2022-09-08,7호선,하계,19574,18073
2022-09-08,7호선,공릉,14543,13080
2022-09-08,7호선,태릉입구,10668,9567
2022-09-08,7호선,먹골,11367,10896
2022-09-08,7호선,중화,11695,11050
2022-09-08,7호선,상봉,18780,18271
2022-09-08,7호선,면목,17777,16994
2022-09-08,7호선,사가정,17673,17261
2022-09-08,7호선,용마산,6479,6143
2022-09-08,7호선,중곡,12530,11161
2022-09-08,7호선,군자,16587,12093
2022-09-08,7호선,어린이대공원,21167,20323
2022-09-08,7호선,건대입구,15950,15825
2022-09-08,7호선,뚝섬유원지,12650,12123
2022-09-08,7호선,청담,20154,22285
2022-09-08,7호선,강남구청,17445,19148
2022-09-08,7호선,학동,24124,25325
2022-09-08,7호선,논현,19371,20515
2022-09-08,7호선,반포,6675,6475
2022-09-08,7호선,고속터미널,17924,18722
2022-09-08,7호선,내방,15676,15610
2022-09-08,7호선,이수,17018,15850
2022-09-08,7호선,남성,12676,10800
2022-09-08,7호선,숭실대입구,17720,16431
2022-09-08,7호선,상도,14218,12503
2022-09-08,7호선,장승배기,9907,9146
2022-09-08,7호선,신대방삼거리,16951,15092
2022-09-08,7호선,보라매,8345,7820
2022-09-08,7호선,신풍,12597,11621
2022-09-08,7호선,대림,9937,10616
2022-09-08,7호선,남구로,16984,17739
2022-09-08,7호선,가산디지털단지,44879,43581
2022-09-08,7호선,철산,23655,24599
2022-09-08,7호선,광명사거리,24860,25327
2022-09-08,7호선,천왕,12583,11686
2022-09-08,7호선,온수,11817,10772
2022-09-09,7호선,남구로,7268,6955
2022-09-09,7호선,가산디지털단지,10433,8138
2022-09-09,7호선,철산,9356,9075
2022-09-09,7호선,광명사거리,12728,13108
2022-09-09,7호선,천왕,4996,4590
2022-09-09,7호선,온수,3751,3869
2022-09-09,7호선,장암,984,757
2022-09-09,7호선,도봉산,4132,6106
2022-09-09,7호선,수락산,6379,6485
2022-09-09,7호선,마들,6269,5604
2022-09-09,7호선,노원,8886,9409
2022-09-09,7호선,중계,6161,5345
2022-09-09,7호선,하계,8130,7087
2022-09-09,7호선,공릉,6125,5104
2022-09-09,7호선,태릉입구,4172,3554
2022-09-09,7호선,먹골,5045,4595
2022-09-09,7호선,중화,4830,4420
2022-09-09,7호선,상봉,8596,7658
2022-09-09,7호선,면목,7475,6871
2022-09-09,7호선,사가정,7858,7327
2022-09-09,7호선,용마산,2975,2930
2022-09-09,7호선,중곡,4763,4116
2022-09-09,7호선,군자,7249,4544
2022-09-09,7호선,어린이대공원,8433,6393
2022-09-09,7호선,건대입구,7027,6692
2022-09-09,7호선,뚝섬유원지,9096,8343
2022-09-09,7호선,청담,4992,5034
2022-09-09,7호선,강남구청,3828,3945
2022-09-09,7호선,학동,3995,3512
2022-09-09,7호선,논현,5292,5183
2022-09-09,7호선,반포,2740,2797
2022-09-09,7호선,고속터미널,8938,11060
2022-09-09,7호선,내방,4539,4133
2022-09-09,7호선,이수,7102,5924
2022-09-09,7호선,남성,5267,4117
2022-09-09,7호선,숭실대입구,5896,4683
2022-09-09,7호선,상도,5511,3933
2022-09-09,7호선,장승배기,4274,3521
2022-09-09,7호선,신대방삼거리,7475,5812
2022-09-09,7호선,보라매,3100,2684
2022-09-09,7호선,신풍,5455,4806
2022-09-09,7호선,대림,10064,9715
2022-09-10,7호선,온수,2969,2968
2022-09-10,7호선,천왕,3543,3413
2022-09-10,7호선,광명사거리,8832,8865
2022-09-10,7호선,철산,7369,7764
2022-09-10,7호선,가산디지털단지,7509,6596
2022-09-10,7호선,남구로,6653,6561
2022-09-10,7호선,대림,8054,8039
2022-09-10,7호선,신풍,4478,4284
2022-09-10,7호선,보라매,2403,2344
2022-09-10,7호선,신대방삼거리,5157,4984
2022-09-10,7호선,장승배기,3111,3115
2022-09-10,7호선,상도,3660,3405
2022-09-10,7호선,숭실대입구,4065,4148
2022-09-10,7호선,남성,3926,3763
2022-09-10,7호선,이수,4715,4344
2022-09-10,7호선,내방,3011,2960
2022-09-10,7호선,고속터미널,10534,6070
2022-09-10,7호선,반포,1422,1491
2022-09-10,7호선,논현,3137,3372
2022-09-10,7호선,학동,2337,2282
2022-09-10,7호선,강남구청,2178,2318
2022-09-10,7호선,청담,3366,3442
2022-09-10,7호선,뚝섬유원지,8136,7821
2022-09-10,7호선,건대입구,4674,5145
2022-09-10,7호선,어린이대공원,6266,5996
2022-09-10,7호선,군자,5383,4066
2022-09-10,7호선,중곡,3814,3650
2022-09-10,7호선,용마산,2658,2757
2022-09-10,7호선,사가정,6762,6602
2022-09-10,7호선,면목,6289,6051
2022-09-10,7호선,상봉,6350,6169
2022-09-10,7호선,중화,4084,3821
2022-09-10,7호선,먹골,3995,3787
2022-09-10,7호선,태릉입구,3370,2928
2022-09-10,7호선,공릉,4410,4510
2022-09-10,7호선,하계,6236,5632
2022-09-10,7호선,중계,5512,4948
2022-09-10,7호선,노원,6292,7015
2022-09-10,7호선,마들,5430,5223
2022-09-10,7호선,수락산,5869,5589
2022-09-10,7호선,도봉산,3585,4953
2022-09-10,7호선,장암,1049,552
2022-09-11,7호선,고속터미널,18678,6183
2022-09-11,7호선,반포,2506,2239
2022-09-11,7호선,논현,3811,4573
2022-09-11,7호선,학동,3291,3724
2022-09-11,7호선,강남구청,3007,3433
2022-09-11,7호선,청담,4039,4512
2022-09-11,7호선,뚝섬유원지,8885,8741
2022-09-11,7호선,건대입구,6736,7717
2022-09-11,7호선,어린이대공원,6689,7628
2022-09-11,7호선,군자,6344,5534
2022-09-11,7호선,중곡,4565,4670
2022-09-11,7호선,용마산,2920,3320
2022-09-11,7호선,사가정,7961,7806
2022-09-11,7호선,면목,6858,7024
2022-09-11,7호선,상봉,7970,7844
2022-09-11,7호선,중화,4858,4632
2022-09-11,7호선,먹골,4739,4733
2022-09-11,7호선,태릉입구,4038,4035
2022-09-11,7호선,공릉,5242,5654
2022-09-11,7호선,하계,8248,7878
2022-09-11,7호선,중계,6249,5659
2022-09-11,7호선,노원,10667,11246
2022-09-11,7호선,마들,5466,5018
2022-09-11,7호선,수락산,7664,7641
2022-09-11,7호선,도봉산,5312,7223
2022-09-11,7호선,장암,1298,874
2022-09-11,7호선,온수,3608,3561
2022-09-11,7호선,천왕,4513,4254
2022-09-11,7호선,광명사거리,11424,11201
2022-09-11,7호선,철산,9282,9756
2022-09-11,7호선,가산디지털단지,10259,9687
2022-09-11,7호선,남구로,6764,6841
2022-09-11,7호선,대림,8904,8953
2022-09-11,7호선,신풍,5311,5132
2022-09-11,7호선,보라매,2851,3073
2022-09-11,7호선,신대방삼거리,5926,6345
2022-09-11,7호선,장승배기,3642,3948
2022-09-11,7호선,상도,4335,4846
2022-09-11,7호선,숭실대입구,4704,5533
2022-09-11,7호선,남성,4443,4775
2022-09-11,7호선,이수,6397,6542
2022-09-11,7호선,내방,3879,4045
2022-09-12,7호선,숭실대입구,5674,6851
2022-09-12,7호선,남성,5292,5607
2022-09-12,7호선,이수,7498,7562
2022-09-12,7호선,고속터미널,23778,8074
2022-09-12,7호선,반포,3202,3040
2022-09-12,7호선,논현,5688,6138
2022-09-12,7호선,학동,4293,4755
2022-09-12,7호선,강남구청,4231,4763
2022-09-12,7호선,청담,5492,6110
2022-09-12,7호선,뚝섬유원지,10827,10070
2022-09-12,7호선,건대입구,8160,9209
2022-09-12,7호선,어린이대공원,7133,8833
2022-09-12,7호선,군자,7302,6496
2022-09-12,7호선,중곡,4831,4780
2022-09-12,7호선,용마산,3228,3497
2022-09-12,7호선,사가정,8462,8293
2022-09-12,7호선,면목,7501,7332
2022-09-12,7호선,상봉,9445,9317
2022-09-12,7호선,내방,4746,5125
2022-09-12,7호선,중화,5179,5141
2022-09-12,7호선,먹골,5203,5216
2022-09-12,7호선,태릉입구,4636,5237
2022-09-12,7호선,공릉,5794,7096
2022-09-12,7호선,하계,8284,8166
2022-09-12,7호선,중계,6638,6042
2022-09-12,7호선,노원,11809,12285
2022-09-12,7호선,마들,6397,6004
2022-09-12,7호선,수락산,8358,7959
2022-09-12,7호선,도봉산,5681,7689
2022-09-12,7호선,장암,1384,889
2022-09-12,7호선,온수,3853,4040
2022-09-12,7호선,천왕,4741,4769
2022-09-12,7호선,광명사거리,12482,11940
2022-09-12,7호선,철산,10454,10426
2022-09-12,7호선,가산디지털단지,10490,10360
2022-09-12,7호선,남구로,6616,6402
2022-09-12,7호선,대림,7633,7031
2022-09-12,7호선,신풍,5408,5213
2022-09-12,7호선,보라매,3174,3507
2022-09-12,7호선,신대방삼거리,6663,7394
2022-09-12,7호선,장승배기,4265,4513
2022-09-12,7호선,상도,4853,5814
2022-09-13,7호선,온수,11576,10811
2022-09-13,7호선,천왕,11937,11713
2022-09-13,7호선,광명사거리,21469,21077
2022-09-13,7호선,철산,22275,22619
2022-09-13,7호선,가산디지털단지,45212,45097
2022-09-13,7호선,남구로,16605,17174
2022-09-13,7호선,대림,8241,8153
2022-09-13,7호선,신풍,12002,11324
2022-09-13,7호선,보라매,7648,7872
2022-09-13,7호선,신대방삼거리,15513,15123
2022-09-13,7호선,장승배기,9435,9428
2022-09-13,7호선,상도,12916,12976
2022-09-13,7호선,숭실대입구,16999,17667
2022-09-13,7호선,남성,11827,11474
2022-09-13,7호선,이수,16160,15224
2022-09-13,7호선,내방,15292,15476
2022-09-13,7호선,고속터미널,19084,13413
2022-09-13,7호선,반포,6250,6023
2022-09-13,7호선,논현,19219,20204
2022-09-13,7호선,학동,25009,26308
2022-09-13,7호선,강남구청,17161,18876
2022-09-13,7호선,청담,20217,22321
2022-09-13,7호선,뚝섬유원지,9438,9028
2022-09-13,7호선,건대입구,13712,14414
2022-09-13,7호선,어린이대공원,18852,20303
2022-09-13,7호선,군자,15054,12352
2022-09-13,7호선,중곡,11388,10530
2022-09-13,7호선,용마산,6110,5899
2022-09-13,7호선,사가정,16439,16791
2022-09-13,7호선,면목,16682,16309
2022-09-13,7호선,상봉,16640,16092
2022-09-13,7호선,중화,11381,11238
2022-09-13,7호선,먹골,10478,10398
2022-09-13,7호선,태릉입구,9712,9347
2022-09-13,7호선,공릉,13023,13135
2022-09-13,7호선,하계,18520,17436
2022-09-13,7호선,중계,15374,14116
2022-09-13,7호선,노원,20790,21698
2022-09-13,7호선,마들,13605,12755
2022-09-13,7호선,수락산,13017,12883
2022-09-13,7호선,도봉산,10343,11492
2022-09-13,7호선,장암,2544,917
2022-09-14,7호선,중계,16050,14594
2022-09-14,7호선,노원,20962,22090
2022-09-14,7호선,마들,14346,13437
2022-09-14,7호선,수락산,13453,13289
2022-09-14,7호선,도봉산,10479,11810
2022-09-14,7호선,장암,2584,939
2022-09-14,7호선,면목,17082,16669
2022-09-14,7호선,온수,12041,11222
2022-09-14,7호선,천왕,12631,12161
2022-09-14,7호선,광명사거리,22689,22351
2022-09-14,7호선,철산,23486,23854
2022-09-14,7호선,가산디지털단지,48156,48554
2022-09-14,7호선,남구로,16705,17574
2022-09-14,7호선,대림,8154,8136
2022-09-14,7호선,신풍,12520,12035
2022-09-14,7호선,보라매,8278,8226
2022-09-14,7호선,신대방삼거리,16419,15551
2022-09-14,7호선,장승배기,10003,9782
2022-09-14,7호선,상도,13577,13494
2022-09-14,7호선,숭실대입구,17177,17542
2022-09-14,7호선,남성,12616,11620
2022-09-14,7호선,이수,16956,15948
2022-09-14,7호선,내방,16320,16564
2022-09-14,7호선,고속터미널,16139,13811
2022-09-14,7호선,반포,6447,6238
2022-09-14,7호선,논현,20727,21548
2022-09-14,7호선,학동,26424,27819
2022-09-14,7호선,강남구청,18513,20694
2022-09-14,7호선,청담,21844,24300
2022-09-14,7호선,뚝섬유원지,9748,9456
2022-09-14,7호선,건대입구,13936,14531
2022-09-14,7호선,어린이대공원,19324,20185
2022-09-14,7호선,군자,15983,12927
2022-09-14,7호선,중곡,12078,11206
2022-09-14,7호선,용마산,6448,6341
2022-09-14,7호선,사가정,17265,17314
2022-09-14,7호선,상봉,17557,16654
2022-09-14,7호선,중화,11632,11460
2022-09-14,7호선,먹골,10828,10674
2022-09-14,7호선,태릉입구,10235,9559
2022-09-14,7호선,공릉,13301,13320
2022-09-14,7호선,하계,19817,18705
2022-09-15,7호선,장암,2619,1006
2022-09-15,7호선,도봉산,10601,11976
2022-09-15,7호선,수락산,13773,13568
2022-09-15,7호선,마들,14439,13498
2022-09-15,7호선,노원,21176,22260
2022-09-15,7호선,중계,16414,14893
2022-09-15,7호선,하계,19837,18637
2022-09-15,7호선,공릉,13661,13302
2022-09-15,7호선,태릉입구,10460,9750
2022-09-15,7호선,먹골,10948,10707
2022-09-15,7호선,중화,11591,11329
2022-09-15,7호선,상봉,17818,17170
2022-09-15,7호선,면목,17243,16845
2022-09-15,7호선,사가정,17622,17720
2022-09-15,7호선,용마산,6504,6384
2022-09-15,7호선,중곡,12165,11248
2022-09-15,7호선,군자,16190,12906
2022-09-15,7호선,어린이대공원,19984,20973
2022-09-15,7호선,건대입구,14572,14945
2022-09-15,7호선,뚝섬유원지,10513,10255
2022-09-15,7호선,청담,22167,24729
2022-09-15,7호선,강남구청,18602,20748
2022-09-15,7호선,학동,26372,28015
2022-09-15,7호선,논현,20574,21480
2022-09-15,7호선,반포,6640,6407
2022-09-15,7호선,고속터미널,16686,14129
2022-09-15,7호선,내방,16252,16540
2022-09-15,7호선,이수,16983,16168
2022-09-15,7호선,남성,12835,11987
2022-09-15,7호선,숭실대입구,17141,17256
2022-09-15,7호선,상도,13491,13261
2022-09-15,7호선,장승배기,9954,9723
2022-09-15,7호선,신대방삼거리,16493,15730
2022-09-15,7호선,보라매,8319,8455
2022-09-15,7호선,신풍,12599,11774
2022-09-15,7호선,대림,8014,8068
2022-09-15,7호선,남구로,16798,17616
2022-09-15,7호선,가산디지털단지,48528,49256
2022-09-15,7호선,철산,23638,23985
2022-09-15,7호선,광명사거리,23034,22681
2022-09-15,7호선,천왕,12804,12233
2022-09-15,7호선,온수,11967,11245
2022-09-16,7호선,온수,11900,10978
2022-09-16,7호선,천왕,12842,12005
2022-09-16,7호선,광명사거리,23246,22783
2022-09-16,7호선,철산,24076,25073
2022-09-16,7호선,가산디지털단지,48759,48370
2022-09-16,7호선,남구로,16643,17618
2022-09-16,7호선,대림,8374,8663
2022-09-16,7호선,신풍,12714,12040
2022-09-16,7호선,보라매,8433,8446
2022-09-16,7호선,신대방삼거리,16726,15707
2022-09-16,7호선,장승배기,10206,10023
2022-09-16,7호선,상도,13757,13224
2022-09-16,7호선,숭실대입구,16050,15932
2022-09-16,7호선,남성,12897,11737
2022-09-16,7호선,이수,17916,17366
2022-09-16,7호선,내방,16371,16741
2022-09-16,7호선,고속터미널,19721,15591
2022-09-16,7호선,반포,6823,6463
2022-09-16,7호선,논현,20692,22366
2022-09-16,7호선,학동,26242,27891
2022-09-16,7호선,강남구청,18645,20941
2022-09-16,7호선,청담,22064,24508
2022-09-16,7호선,뚝섬유원지,8867,8479
2022-09-16,7호선,건대입구,14524,15673
2022-09-16,7호선,어린이대공원,18765,18852
2022-09-16,7호선,군자,16570,13283
2022-09-16,7호선,중곡,12184,11402
2022-09-16,7호선,용마산,6499,6308
2022-09-16,7호선,사가정,17667,17552
2022-09-16,7호선,면목,17474,16824
2022-09-16,7호선,상봉,18172,17672
2022-09-16,7호선,중화,11894,11496
2022-09-16,7호선,먹골,11179,10985
2022-09-16,7호선,태릉입구,10104,9684
2022-09-16,7호선,공릉,13604,13344
2022-09-16,7호선,하계,19320,18102
2022-09-16,7호선,중계,16377,14733
2022-09-16,7호선,노원,22219,23242
2022-09-16,7호선,마들,14548,13454
2022-09-16,7호선,수락산,13736,13267
2022-09-16,7호선,도봉산,10181,11563
2022-09-16,7호선,장암,2506,1013
2022-09-17,7호선,온수,5997,6120
2022-09-17,7호선,천왕,7662,7120
2022-09-17,7호선,광명사거리,17640,17403
2022-09-17,7호선,철산,17238,17331
2022-09-17,7호선,가산디지털단지,15271,13795
2022-09-17,7호선,남구로,8937,9194
2022-09-17,7호선,대림,7537,8284
2022-09-17,7호선,신풍,9005,8343
2022-09-17,7호선,보라매,5873,5704
2022-09-17,7호선,신대방삼거리,11359,10550
2022-09-17,7호선,장승배기,7036,6611
2022-09-17,7호선,상도,9280,8287
2022-09-17,7호선,숭실대입구,10084,9698
2022-09-17,7호선,남성,8418,7580
2022-09-17,7호선,이수,13520,12577
2022-09-17,7호선,내방,8672,8478
2022-09-17,7호선,고속터미널,17742,13073
2022-09-17,7호선,반포,5052,5118
2022-09-17,7호선,논현,11059,11896
2022-09-17,7호선,학동,12494,13377
2022-09-17,7호선,강남구청,11440,13262
2022-09-17,7호선,청담,13055,14114
2022-09-17,7호선,뚝섬유원지,13201,12456
2022-09-17,7호선,건대입구,12760,13927
2022-09-17,7호선,어린이대공원,12940,12746
2022-09-17,7호선,군자,11979,8902
2022-09-17,7호선,중곡,7695,7171
2022-09-17,7호선,용마산,4654,4774
2022-09-17,7호선,사가정,13078,12292
2022-09-17,7호선,면목,11727,11019
2022-09-17,7호선,상봉,14491,13927
2022-09-17,7호선,중화,7988,7620
2022-09-17,7호선,먹골,8249,7694
2022-09-17,7호선,태릉입구,7500,6887
2022-09-17,7호선,공릉,9531,9119
2022-09-17,7호선,하계,13652,12300
2022-09-17,7호선,중계,10168,8983
2022-09-17,7호선,노원,16878,17769
2022-09-17,7호선,마들,9808,8842
2022-09-17,7호선,수락산,10631,10435
2022-09-17,7호선,도봉산,7019,9187
2022-09-17,7호선,장암,1864,1185
2022-09-18,7호선,장암,1589,1178
2022-09-18,7호선,도봉산,5875,8230
2022-09-18,7호선,수락산,8949,8643
2022-09-18,7호선,마들,6418,6067
2022-09-18,7호선,노원,12063,12077
2022-09-18,7호선,중계,7355,6847
2022-09-18,7호선,하계,10007,9479
2022-09-18,7호선,공릉,6815,7021
2022-09-18,7호선,태릉입구,5542,5419
2022-09-18,7호선,먹골,5528,5431
2022-09-18,7호선,중화,6086,5852
2022-09-18,7호선,상봉,10564,9811
2022-09-18,7호선,면목,8231,8100
2022-09-18,7호선,사가정,9475,9162
2022-09-18,7호선,용마산,3403,3738
2022-09-18,7호선,중곡,5801,5318
2022-09-18,7호선,군자,8785,6782
2022-09-18,7호선,어린이대공원,9105,9255
2022-09-18,7호선,건대입구,8708,9148
2022-09-18,7호선,뚝섬유원지,10233,9391
2022-09-18,7호선,청담,8005,8307
2022-09-18,7호선,강남구청,6463,7080
2022-09-18,7호선,학동,7735,8273
2022-09-18,7호선,논현,6004,6326
2022-09-18,7호선,반포,3096,3442
2022-09-18,7호선,고속터미널,13303,9405
2022-09-18,7호선,내방,5514,5623
2022-09-18,7호선,이수,9211,8571
2022-09-18,7호선,남성,5967,5798
2022-09-18,7호선,숭실대입구,6499,6727
2022-09-18,7호선,상도,6255,6269
2022-09-18,7호선,장승배기,4901,4878
2022-09-18,7호선,신대방삼거리,8121,8048
2022-09-18,7호선,보라매,4070,4095
2022-09-18,7호선,신풍,6498,6173
2022-09-18,7호선,대림,8134,7605
2022-09-18,7호선,남구로,7327,6964
2022-09-18,7호선,가산디지털단지,10943,9831
2022-09-18,7호선,철산,11791,11655
2022-09-18,7호선,광명사거리,13147,13000
2022-09-18,7호선,천왕,5396,5269
2022-09-18,7호선,온수,4164,4381
2022-09-19,7호선,장암,2650,1009
2022-09-19,7호선,도봉산,10374,11728
2022-09-19,7호선,수락산,13429,13237
2022-09-19,7호선,마들,14106,13143
2022-09-19,7호선,노원,20677,21679
2022-09-19,7호선,중계,16204,14855
2022-09-19,7호선,하계,19221,18000
2022-09-19,7호선,공릉,13392,13221
2022-09-19,7호선,태릉입구,9904,9552
2022-09-19,7호선,먹골,10669,10575
2022-09-19,7호선,중화,11344,11249
2022-09-19,7호선,상봉,17525,16463
2022-09-19,7호선,면목,17139,16676
2022-09-19,7호선,사가정,17128,17260
2022-09-19,7호선,용마산,6415,6112
2022-09-19,7호선,중곡,11902,11084
2022-09-19,7호선,군자,15802,12604
2022-09-19,7호선,어린이대공원,19071,20038
2022-09-19,7호선,건대입구,14265,14563
2022-09-19,7호선,뚝섬유원지,10376,9967
2022-09-19,7호선,청담,21676,23870
2022-09-19,7호선,강남구청,17552,19622
2022-09-19,7호선,학동,26215,27639
2022-09-19,7호선,논현,20124,21049
2022-09-19,7호선,반포,6450,6407
2022-09-19,7호선,고속터미널,16558,14247
2022-09-19,7호선,내방,16168,16461
2022-09-19,7호선,이수,16539,15721
2022-09-19,7호선,남성,12606,11750
2022-09-19,7호선,숭실대입구,17276,17449
2022-09-19,7호선,상도,13467,13346
2022-09-19,7호선,장승배기,9959,9822
2022-09-19,7호선,신대방삼거리,16357,15453
2022-09-19,7호선,보라매,8215,8279
2022-09-19,7호선,신풍,12552,11804
2022-09-19,7호선,대림,8485,8490
2022-09-19,7호선,남구로,17021,17780
2022-09-19,7호선,가산디지털단지,48471,48861
2022-09-19,7호선,철산,22959,23432
2022-09-19,7호선,광명사거리,22335,21876
2022-09-19,7호선,천왕,12665,12080
2022-09-19,7호선,온수,11901,10993
2022-09-19,7호선,까치울,1,0
2022-09-20,7호선,장암,2683,1113
2022-09-20,7호선,도봉산,10822,12290
2022-09-20,7호선,수락산,14110,13805
2022-09-20,7호선,마들,14596,13446
2022-09-20,7호선,노원,21161,22230
2022-09-20,7호선,중계,16589,15062
2022-09-20,7호선,하계,19558,18365
2022-09-20,7호선,공릉,13739,13626
2022-09-20,7호선,태릉입구,10418,9892
2022-09-20,7호선,먹골,11019,10893
2022-09-20,7호선,중화,11757,11505
2022-09-20,7호선,상봉,17810,17075
2022-09-20,7호선,면목,17858,17202
2022-09-20,7호선,사가정,17684,17960
2022-09-20,7호선,용마산,6549,6405
2022-09-20,7호선,중곡,12068,11304
2022-09-20,7호선,군자,16380,13056
2022-09-20,7호선,어린이대공원,19800,20703
2022-09-20,7호선,건대입구,14168,14886
2022-09-20,7호선,뚝섬유원지,11410,10999
2022-09-20,7호선,청담,22481,24687
2022-09-20,7호선,강남구청,18690,20659
2022-09-20,7호선,학동,26660,28214
2022-09-20,7호선,논현,21009,21778
2022-09-20,7호선,반포,6669,6492
2022-09-20,7호선,고속터미널,15956,14194
2022-09-20,7호선,내방,16422,16812
2022-09-20,7호선,이수,17216,16223
2022-09-20,7호선,남성,12739,11946
2022-09-20,7호선,숭실대입구,17797,17955
2022-09-20,7호선,상도,13819,13590
2022-09-20,7호선,장승배기,10262,9980
2022-09-20,7호선,신대방삼거리,16661,15952
2022-09-20,7호선,보라매,8560,8673
2022-09-20,7호선,신풍,12831,12050
2022-09-20,7호선,대림,8520,8598
2022-09-20,7호선,남구로,17543,18116
2022-09-20,7호선,가산디지털단지,49064,49378
2022-09-20,7호선,철산,23714,24294
2022-09-20,7호선,광명사거리,23094,22822
2022-09-20,7호선,천왕,13202,12721
2022-09-20,7호선,온수,12145,11275
2022-09-21,7호선,숭실대입구,17757,17808
2022-09-21,7호선,온수,12231,11485
2022-09-21,7호선,천왕,12918,12290
2022-09-21,7호선,광명사거리,23073,22865
2022-09-21,7호선,철산,23920,24198
2022-09-21,7호선,가산디지털단지,48799,49021
2022-09-21,7호선,남구로,17083,17959
2022-09-21,7호선,대림,8445,8552
2022-09-21,7호선,신풍,12724,12062
2022-09-21,7호선,보라매,8354,8406
2022-09-21,7호선,신대방삼거리,16730,15886
2022-09-21,7호선,장승배기,10188,9891
2022-09-21,7호선,상도,13822,13672
2022-09-21,7호선,남성,12581,11805
2022-09-21,7호선,이수,17396,16572
2022-09-21,7호선,내방,16646,16982
2022-09-21,7호선,고속터미널,15784,14194
2022-09-21,7호선,반포,6791,6651
2022-09-21,7호선,논현,20593,21494
2022-09-21,7호선,학동,26646,28192
2022-09-21,7호선,강남구청,18345,20494
2022-09-21,7호선,청담,22242,24673
2022-09-21,7호선,뚝섬유원지,11817,11369
2022-09-21,7호선,건대입구,14125,14836
2022-09-21,7호선,어린이대공원,19766,20596
2022-09-21,7호선,군자,16565,13102
2022-09-21,7호선,중곡,12303,11362
2022-09-21,7호선,용마산,6632,6396
2022-09-21,7호선,사가정,17934,17832
2022-09-21,7호선,면목,17490,16893
2022-09-21,7호선,상봉,18083,17213
2022-09-21,7호선,중화,11788,11578
2022-09-21,7호선,먹골,11136,10925
2022-09-21,7호선,태릉입구,10515,9957
2022-09-21,7호선,공릉,14288,14336
2022-09-21,7호선,하계,20044,18927
2022-09-21,7호선,중계,16452,14962
2022-09-21,7호선,노원,21310,22478
2022-09-21,7호선,마들,14511,13661
2022-09-21,7호선,수락산,14048,13852
2022-09-21,7호선,도봉산,10766,12168
2022-09-21,7호선,장암,2723,1040
2022-09-22,7호선,장암,2753,1065
2022-09-22,7호선,도봉산,10714,12160
2022-09-22,7호선,수락산,14015,13852
2022-09-22,7호선,마들,15177,13982
2022-09-22,7호선,노원,21191,22403
2022-09-22,7호선,중계,16540,15087
2022-09-22,7호선,하계,19771,18497
2022-09-22,7호선,공릉,13955,13954
2022-09-22,7호선,태릉입구,10527,9781
2022-09-22,7호선,먹골,11043,10827
2022-09-22,7호선,중화,11826,11587
2022-09-22,7호선,상봉,18258,17309
2022-09-22,7호선,면목,17447,16860
2022-09-22,7호선,사가정,17674,17471
2022-09-22,7호선,용마산,6549,6353
2022-09-22,7호선,중곡,12087,11156
2022-09-22,7호선,군자,16338,12798
2022-09-22,7호선,어린이대공원,20360,21182
2022-09-22,7호선,건대입구,14524,14951
2022-09-22,7호선,뚝섬유원지,11799,11341
2022-09-22,7호선,청담,22020,24760
2022-09-22,7호선,강남구청,18808,20710
2022-09-22,7호선,학동,26135,28028
2022-09-22,7호선,논현,20503,21436
2022-09-22,7호선,반포,6658,6421
2022-09-22,7호선,고속터미널,16699,14258
2022-09-22,7호선,내방,16496,16795
2022-09-22,7호선,이수,17261,16415
2022-09-22,7호선,남성,12790,11888
2022-09-22,7호선,숭실대입구,17713,17661
2022-09-22,7호선,상도,13728,13498
2022-09-22,7호선,장승배기,10045,9745
2022-09-22,7호선,신대방삼거리,16632,15563
2022-09-22,7호선,보라매,8386,8581
2022-09-22,7호선,신풍,12748,11966
2022-09-22,7호선,대림,8342,8345
2022-09-22,7호선,남구로,16844,17709
2022-09-22,7호선,가산디지털단지,48260,48927
2022-09-22,7호선,철산,23653,24067
2022-09-22,7호선,광명사거리,23013,22788
2022-09-22,7호선,천왕,12721,12100
2022-09-22,7호선,온수,11980,11155
2022-09-23,7호선,장암,2639,1099
2022-09-23,7호선,도봉산,10485,11824
2022-09-23,7호선,수락산,13831,13630
2022-09-23,7호선,마들,14610,13348
2022-09-23,7호선,노원,22033,23629
2022-09-23,7호선,중계,16558,14538
2022-09-23,7호선,하계,19716,18306
2022-09-23,7호선,공릉,14135,14190
2022-09-23,7호선,태릉입구,10455,9781
2022-09-23,7호선,먹골,11418,10972
2022-09-23,7호선,중화,11784,11354
2022-09-23,7호선,상봉,18847,18140
2022-09-23,7호선,면목,17575,16600
2022-09-23,7호선,사가정,17917,17786
2022-09-23,7호선,용마산,6663,6337
2022-09-23,7호선,중곡,12381,11410
2022-09-23,7호선,군자,16620,13094
2022-09-23,7호선,어린이대공원,19141,18988
2022-09-23,7호선,건대입구,14472,15531
2022-09-23,7호선,뚝섬유원지,12192,11993
2022-09-23,7호선,청담,21790,24385
2022-09-23,7호선,강남구청,18521,21176
2022-09-23,7호선,학동,25721,27500
2022-09-23,7호선,논현,20814,22366
2022-09-23,7호선,반포,7046,6791
2022-09-23,7호선,고속터미널,19935,15648
2022-09-23,7호선,내방,16345,16662
2022-09-23,7호선,이수,18182,17293
2022-09-23,7호선,남성,13013,11689
2022-09-23,7호선,숭실대입구,16182,15885
2022-09-23,7호선,상도,13862,13044
2022-09-23,7호선,장승배기,10263,9973
2022-09-23,7호선,신대방삼거리,16865,15612
2022-09-23,7호선,보라매,8454,8428
2022-09-23,7호선,신풍,12817,11991
2022-09-23,7호선,대림,8496,8737
2022-09-23,7호선,남구로,16506,17567
2022-09-23,7호선,가산디지털단지,48254,47990
2022-09-23,7호선,철산,24422,25293
2022-09-23,7호선,광명사거리,23354,22951
2022-09-23,7호선,천왕,12935,12223
2022-09-23,7호선,온수,11780,10891
2022-09-24,7호선,사가정,13707,13169
2022-09-24,7호선,장암,2049,1432
2022-09-24,7호선,도봉산,8113,10708
2022-09-24,7호선,수락산,11607,11168
2022-09-24,7호선,마들,10427,9535
2022-09-24,7호선,노원,17637,18325
2022-09-24,7호선,중계,10662,9399
2022-09-24,7호선,하계,14237,12929
2022-09-24,7호선,공릉,10255,9613
2022-09-24,7호선,태릉입구,8134,7505
2022-09-24,7호선,먹골,8705,8145
2022-09-24,7호선,중화,8420,7916
2022-09-24,7호선,상봉,15216,14615
2022-09-24,7호선,면목,12357,11380
2022-09-24,7호선,용마산,5233,5308
2022-09-24,7호선,중곡,7974,7223
2022-09-24,7호선,군자,12563,9012
2022-09-24,7호선,어린이대공원,14134,14166
2022-09-24,7호선,건대입구,12188,13461
2022-09-24,7호선,뚝섬유원지,16788,16198
2022-09-24,7호선,청담,13224,14374
2022-09-24,7호선,강남구청,11155,12647
2022-09-24,7호선,학동,12802,13393
2022-09-24,7호선,논현,11339,12201
2022-09-24,7호선,반포,5524,5655
2022-09-24,7호선,고속터미널,17763,13835
2022-09-24,7호선,내방,8791,8726
2022-09-24,7호선,이수,13876,12753
2022-09-24,7호선,남성,8924,8065
2022-09-24,7호선,숭실대입구,10382,9912
2022-09-24,7호선,상도,9432,8558
2022-09-24,7호선,장승배기,7402,6986
2022-09-24,7호선,신대방삼거리,11779,10812
2022-09-24,7호선,보라매,6057,5999
2022-09-24,7호선,신풍,9115,8462
2022-09-24,7호선,대림,7790,8475
2022-09-24,7호선,남구로,8906,9344
2022-09-24,7호선,가산디지털단지,16308,14777
2022-09-24,7호선,철산,17593,17608
2022-09-24,7호선,광명사거리,18318,18046
2022-09-24,7호선,천왕,7986,7411
2022-09-24,7호선,온수,6111,6039
2022-09-24,7호선,굴포천,1,0
2022-09-25,7호선,중화,6193,6124
2022-09-25,7호선,장암,1994,1334
2022-09-25,7호선,도봉산,6466,9126
2022-09-25,7호선,수락산,9070,9160
2022-09-25,7호선,마들,6807,6269
2022-09-25,7호선,노원,12014,12258
2022-09-25,7호선,중계,7472,6870
2022-09-25,7호선,하계,10454,9854
2022-09-25,7호선,공릉,7015,7132
2022-09-25,7호선,태릉입구,5718,5410
2022-09-25,7호선,먹골,5968,5638
2022-09-25,7호선,상봉,10649,9770
2022-09-25,7호선,면목,8755,8574
2022-09-25,7호선,사가정,9712,9388
2022-09-25,7호선,용마산,3640,4049
2022-09-25,7호선,중곡,5968,5524
2022-09-25,7호선,군자,8943,6801
2022-09-25,7호선,어린이대공원,10907,11342
2022-09-25,7호선,건대입구,8497,9100
2022-09-25,7호선,뚝섬유원지,13242,12694
2022-09-25,7호선,청담,8251,8725
2022-09-25,7호선,강남구청,6873,7500
2022-09-25,7호선,학동,7884,8498
2022-09-25,7호선,논현,6272,6563
2022-09-25,7호선,반포,3254,3598
2022-09-25,7호선,고속터미널,14225,9678
2022-09-25,7호선,내방,5786,5879
2022-09-25,7호선,이수,9312,8494
2022-09-25,7호선,남성,6217,6096
2022-09-25,7호선,숭실대입구,6734,7308
2022-09-25,7호선,상도,6411,6373
2022-09-25,7호선,장승배기,5109,5078
2022-09-25,7호선,신대방삼거리,8391,8212
2022-09-25,7호선,보라매,4245,4501
2022-09-25,7호선,신풍,7448,7100
2022-09-25,7호선,대림,8870,7977
2022-09-25,7호선,남구로,7473,7293
2022-09-25,7호선,가산디지털단지,11846,10790
2022-09-25,7호선,철산,12172,12058
2022-09-25,7호선,광명사거리,13397,13296
2022-09-25,7호선,천왕,5671,5450
2022-09-25,7호선,온수,4443,4533
2022-09-25,7호선,신중동,1,0
2022-09-26,7호선,장암,2709,1000
2022-09-26,7호선,도봉산,10532,11801
2022-09-26,7호선,수락산,13665,13541
2022-09-26,7호선,마들,14320,13469
2022-09-26,7호선,노원,21082,21926
2022-09-26,7호선,중계,16223,14854
2022-09-26,7호선,하계,19975,18582
2022-09-26,7호선,공릉,13273,13289
2022-09-26,7호선,태릉입구,10263,9653
2022-09-26,7호선,먹골,10830,10874
2022-09-26,7호선,중화,11475,11365
2022-09-26,7호선,상봉,17850,16864
2022-09-26,7호선,면목,17339,16855
2022-09-26,7호선,사가정,17329,17434
2022-09-26,7호선,용마산,6535,6272
2022-09-26,7호선,중곡,12007,10988
2022-09-26,7호선,군자,16063,12727
2022-09-26,7호선,어린이대공원,18870,19777
2022-09-26,7호선,건대입구,13949,14562
2022-09-26,7호선,뚝섬유원지,10680,10238
2022-09-26,7호선,청담,21672,23740
2022-09-26,7호선,강남구청,17620,19554
2022-09-26,7호선,학동,26052,27360
2022-09-26,7호선,논현,20181,20926
2022-09-26,7호선,반포,6493,6439
2022-09-26,7호선,고속터미널,16646,14351
2022-09-26,7호선,내방,16316,16461
2022-09-26,7호선,이수,16524,15846
2022-09-26,7호선,남성,12304,11676
2022-09-26,7호선,숭실대입구,16885,17268
2022-09-26,7호선,상도,13728,13611
2022-09-26,7호선,장승배기,10113,9924
2022-09-26,7호선,신대방삼거리,16498,15772
2022-09-26,7호선,보라매,8269,8475
2022-09-26,7호선,신풍,12503,11866
2022-09-26,7호선,대림,8495,8490
2022-09-26,7호선,남구로,17270,17960
2022-09-26,7호선,가산디지털단지,48585,49133
2022-09-26,7호선,철산,23245,23640
2022-09-26,7호선,광명사거리,22821,22391
2022-09-26,7호선,천왕,12644,12129
2022-09-26,7호선,온수,12037,11166
2022-09-27,7호선,부천시청,1,0
2022-09-27,7호선,온수,12126,11426
2022-09-27,7호선,천왕,13188,12527
2022-09-27,7호선,광명사거리,23129,22660
2022-09-27,7호선,철산,23747,24300
2022-09-27,7호선,가산디지털단지,49139,49655
2022-09-27,7호선,남구로,17387,18199
2022-09-27,7호선,대림,8322,8300
2022-09-27,7호선,신풍,12778,12025
2022-09-27,7호선,보라매,8480,8736
2022-09-27,7호선,신대방삼거리,16801,16024
2022-09-27,7호선,장승배기,10045,9870
2022-09-27,7호선,상도,13957,13646
2022-09-27,7호선,숭실대입구,18632,19179
2022-09-27,7호선,남성,12866,12051
2022-09-27,7호선,이수,17241,16372
2022-09-27,7호선,내방,16683,16699
2022-09-27,7호선,고속터미널,16488,14313
2022-09-27,7호선,반포,6608,6449
2022-09-27,7호선,논현,21162,21996
2022-09-27,7호선,학동,26802,28327
2022-09-27,7호선,강남구청,18771,20786
2022-09-27,7호선,청담,22283,24768
2022-09-27,7호선,뚝섬유원지,10822,10354
2022-09-27,7호선,건대입구,14379,14832
2022-09-27,7호선,어린이대공원,19905,20640
2022-09-27,7호선,군자,16293,12884
2022-09-27,7호선,중곡,12238,11278
2022-09-27,7호선,용마산,6531,6504
2022-09-27,7호선,사가정,17707,17720
2022-09-27,7호선,면목,17857,17195
2022-09-27,7호선,상봉,18168,17151
2022-09-27,7호선,중화,11701,11543
2022-09-27,7호선,먹골,11038,10810
2022-09-27,7호선,태릉입구,10496,9779
2022-09-27,7호선,공릉,13543,13258
2022-09-27,7호선,하계,19859,18529
2022-09-27,7호선,중계,16508,15064
2022-09-27,7호선,노원,20925,22042
2022-09-27,7호선,마들,14405,13692
2022-09-27,7호선,수락산,14006,13877
2022-09-27,7호선,도봉산,10587,12146
2022-09-27,7호선,장암,2720,981
2022-09-28,7호선,장암,2638,984
2022-09-28,7호선,도봉산,10630,12091
2022-09-28,7호선,수락산,14017,13760
2022-09-28,7호선,마들,14466,13508
2022-09-28,7호선,노원,20930,22223
2022-09-28,7호선,중계,16368,14918
2022-09-28,7호선,하계,20355,18995
2022-09-28,7호선,공릉,13424,13399
2022-09-28,7호선,태릉입구,10406,9770
2022-09-28,7호선,먹골,11041,10756
2022-09-28,7호선,중화,11721,11471
2022-09-28,7호선,상봉,18068,17279
2022-09-28,7호선,면목,17656,17077
2022-09-28,7호선,사가정,17742,17756
2022-09-28,7호선,용마산,6711,6488
2022-09-28,7호선,중곡,12114,11175
2022-09-28,7호선,군자,16808,13130
2022-09-28,7호선,어린이대공원,19793,20579
2022-09-28,7호선,건대입구,14431,14868
2022-09-28,7호선,뚝섬유원지,11179,10783
2022-09-28,7호선,청담,22238,24748
2022-09-28,7호선,강남구청,18874,20815
2022-09-28,7호선,학동,26654,28104
2022-09-28,7호선,논현,21025,21602
2022-09-28,7호선,고속터미널,15832,14137
2022-09-28,7호선,내방,16491,16893
2022-09-28,7호선,이수,17297,16535
2022-09-28,7호선,남성,12580,11766
2022-09-28,7호선,숭실대입구,19909,21366
2022-09-28,7호선,상도,13888,13620
2022-09-28,7호선,장승배기,10108,9868
2022-09-28,7호선,신대방삼거리,16807,15772
2022-09-28,7호선,보라매,8475,8530
2022-09-28,7호선,신풍,12804,12079
2022-09-28,7호선,대림,8297,8401
2022-09-28,7호선,남구로,17103,17783
2022-09-28,7호선,가산디지털단지,48425,48887
2022-09-28,7호선,철산,23710,24129
2022-09-28,7호선,광명사거리,23235,22794
2022-09-28,7호선,천왕,13264,12771
2022-09-28,7호선,온수,12220,11417
2022-09-28,7호선,반포,6693,6531
2022-09-29,7호선,온수,12015,11272
2022-09-29,7호선,천왕,13000,12415
2022-09-29,7호선,광명사거리,23237,22688
2022-09-29,7호선,철산,23741,24160
2022-09-29,7호선,가산디지털단지,48090,48863
2022-09-29,7호선,남구로,16982,17813
2022-09-29,7호선,대림,8157,8157
2022-09-29,7호선,신풍,12865,11989
2022-09-29,7호선,보라매,8371,8570
2022-09-29,7호선,신대방삼거리,16702,15836
2022-09-29,7호선,장승배기,10088,9883
2022-09-29,7호선,상도,13837,13635
2022-09-29,7호선,숭실대입구,19093,20959
2022-09-29,7호선,남성,12709,11830
2022-09-29,7호선,이수,17066,16108
2022-09-29,7호선,내방,16521,16790
2022-09-29,7호선,고속터미널,16997,14450
2022-09-29,7호선,반포,6675,6513
2022-09-29,7호선,논현,20545,21347
2022-09-29,7호선,학동,26262,28127
2022-09-29,7호선,강남구청,18963,20942
2022-09-29,7호선,청담,22098,24897
2022-09-29,7호선,뚝섬유원지,11037,10681
2022-09-29,7호선,건대입구,14388,15102
2022-09-29,7호선,어린이대공원,19994,20675
2022-09-29,7호선,군자,16345,12926
2022-09-29,7호선,중곡,12442,11265
2022-09-29,7호선,용마산,6900,6652
2022-09-29,7호선,사가정,17798,17619
2022-09-29,7호선,면목,17665,16957
2022-09-29,7호선,상봉,18223,17363
2022-09-29,7호선,중화,11749,11503
2022-09-29,7호선,먹골,11175,10940
2022-09-29,7호선,태릉입구,10440,9766
2022-09-29,7호선,공릉,13517,13378
2022-09-29,7호선,하계,19495,18102
2022-09-29,7호선,중계,16391,14959
2022-09-29,7호선,노원,20633,21891
2022-09-29,7호선,마들,14578,13499
2022-09-29,7호선,수락산,13939,13623
2022-09-29,7호선,도봉산,10874,12224
2022-09-29,7호선,장암,2612,1061
2022-09-30,7호선,장암,2623,1103
2022-09-30,7호선,도봉산,10701,12261
2022-09-30,7호선,수락산,13978,13754
2022-09-30,7호선,마들,14525,13182
2022-09-30,7호선,노원,22332,23809
2022-09-30,7호선,중계,16629,14549
2022-09-30,7호선,하계,19980,18566
2022-09-30,7호선,공릉,14166,13490
2022-09-30,7호선,태릉입구,10510,9649
2022-09-30,7호선,먹골,11556,11119
2022-09-30,7호선,중화,11869,11525
2022-09-30,7호선,상봉,18923,18493
2022-09-30,7호선,면목,17902,16964
2022-09-30,7호선,사가정,18048,17926
2022-09-30,7호선,용마산,6859,6496
2022-09-30,7호선,중곡,12498,11382
2022-09-30,7호선,군자,16805,13078
2022-09-30,7호선,어린이대공원,19330,18802
2022-09-30,7호선,건대입구,14343,15268
2022-09-30,7호선,뚝섬유원지,13034,12630
2022-09-30,7호선,청담,22210,25095
2022-09-30,7호선,강남구청,18268,20614
2022-09-30,7호선,학동,25612,27540
2022-09-30,7호선,논현,21064,22308
2022-09-30,7호선,반포,7401,7070
2022-09-30,7호선,고속터미널,20523,16312
2022-09-30,7호선,내방,16442,16765
2022-09-30,7호선,이수,18081,17095
2022-09-30,7호선,남성,12943,11733
2022-09-30,7호선,숭실대입구,19486,21752
2022-09-30,7호선,상도,14216,13627
2022-09-30,7호선,장승배기,10314,9926
2022-09-30,7호선,신대방삼거리,16973,15685
2022-09-30,7호선,보라매,8659,8566
2022-09-30,7호선,신풍,12968,12090
2022-09-30,7호선,대림,8659,8929
2022-09-30,7호선,남구로,16737,17741
2022-09-30,7호선,가산디지털단지,47826,47958
2022-09-30,7호선,철산,25268,25701
2022-09-30,7호선,광명사거리,23802,23230
2022-09-30,7호선,천왕,13327,12502
2022-09-30,7호선,온수,12050,11167
2022-10-01,7호선,온수,6051,5729
2022-10-01,7호선,천왕,7929,7218
2022-10-01,7호선,광명사거리,17780,17621
2022-10-01,7호선,철산,16594,16600
2022-10-01,7호선,가산디지털단지,15645,14161
2022-10-01,7호선,남구로,8755,9194
2022-10-01,7호선,대림,7845,8604
2022-10-01,7호선,신풍,8780,8298
2022-10-01,7호선,보라매,5752,5692
2022-10-01,7호선,신대방삼거리,11678,10408
2022-10-01,7호선,장승배기,6911,6372
2022-10-01,7호선,상도,9368,7915
2022-10-01,7호선,숭실대입구,10933,9187
2022-10-01,7호선,남성,8395,7379
2022-10-01,7호선,이수,12827,11796
2022-10-01,7호선,내방,8279,8022
2022-10-01,7호선,고속터미널,17931,14130
2022-10-01,7호선,반포,5068,4815
2022-10-01,7호선,논현,10744,11405
2022-10-01,7호선,학동,11604,12286
2022-10-01,7호선,강남구청,10871,12227
2022-10-01,7호선,청담,12389,13442
2022-10-01,7호선,뚝섬유원지,14405,13672
2022-10-01,7호선,건대입구,11774,12549
2022-10-01,7호선,어린이대공원,12597,11829
2022-10-01,7호선,군자,11790,8769
2022-10-01,7호선,중곡,7654,6901
2022-10-01,7호선,용마산,4648,4914
2022-10-01,7호선,사가정,13351,12377
2022-10-01,7호선,면목,11956,11115
2022-10-01,7호선,상봉,14284,13666
2022-10-01,7호선,중화,8209,7589
2022-10-01,7호선,먹골,8143,7481
2022-10-01,7호선,태릉입구,7204,6652
2022-10-01,7호선,공릉,9295,8829
2022-10-01,7호선,하계,13733,12389
2022-10-01,7호선,중계,10297,9125
2022-10-01,7호선,노원,16773,17432
2022-10-01,7호선,마들,9873,8984
2022-10-01,7호선,수락산,10805,10372
2022-10-01,7호선,도봉산,7733,10372
2022-10-01,7호선,장암,1856,1346
2022-10-02,7호선,중화,6046,5731
2022-10-02,7호선,상봉,10346,9799
2022-10-02,7호선,면목,8455,8166
2022-10-02,7호선,사가정,9455,9266
2022-10-02,7호선,용마산,3337,3509
2022-10-02,7호선,중곡,5806,5431
2022-10-02,7호선,군자,8721,6652
2022-10-02,7호선,어린이대공원,8689,8743
2022-10-02,7호선,건대입구,8558,9128
2022-10-02,7호선,뚝섬유원지,6535,6208
2022-10-02,7호선,청담,7107,8068
2022-10-02,7호선,강남구청,6263,7071
2022-10-02,7호선,학동,7241,7730
2022-10-02,7호선,논현,5739,6131
2022-10-02,7호선,반포,3139,2960
2022-10-02,7호선,고속터미널,13445,8893
2022-10-02,7호선,내방,5306,5379
2022-10-02,7호선,이수,8780,8364
2022-10-02,7호선,남성,5854,5661
2022-10-02,7호선,숭실대입구,6434,6620
2022-10-02,7호선,상도,5988,5776
2022-10-02,7호선,장승배기,4961,4938
2022-10-02,7호선,신대방삼거리,8180,7876
2022-10-02,7호선,보라매,4099,3952
2022-10-02,7호선,신풍,7062,6731
2022-10-02,7호선,대림,9281,8412
2022-10-02,7호선,남구로,7491,7334
2022-10-02,7호선,가산디지털단지,12053,10533
2022-10-02,7호선,철산,11785,11996
2022-10-02,7호선,광명사거리,13575,13311
2022-10-02,7호선,천왕,5297,5163
2022-10-02,7호선,온수,4343,4448
2022-10-02,7호선,먹골,5820,5648
2022-10-02,7호선,태릉입구,5310,4819
2022-10-02,7호선,공릉,6728,6749
2022-10-02,7호선,하계,9939,9242
2022-10-02,7호선,중계,7307,6717
2022-10-02,7호선,노원,11853,12061
2022-10-02,7호선,마들,6604,6006
2022-10-02,7호선,수락산,8342,8187
2022-10-02,7호선,도봉산,5402,7612
2022-10-02,7호선,장암,1384,975
2022-10-03,7호선,상도,5153,5470
2022-10-03,7호선,장암,987,507
2022-10-03,7호선,도봉산,3935,4894
2022-10-03,7호선,노원,10823,10810
2022-10-03,7호선,중계,6086,5772
2022-10-03,7호선,하계,8033,7775
2022-10-03,7호선,공릉,5604,6056
2022-10-03,7호선,마들,5984,5749
2022-10-03,7호선,수락산,6293,6113
2022-10-03,7호선,태릉입구,4464,4307
2022-10-03,7호선,먹골,5088,5166
2022-10-03,7호선,중화,5135,5205
2022-10-03,7호선,상봉,9032,8638
2022-10-03,7호선,면목,7536,7499
2022-10-03,7호선,사가정,7856,7987
2022-10-03,7호선,용마산,2849,2814
2022-10-03,7호선,중곡,4739,4646
2022-10-03,7호선,군자,7465,6277
2022-10-03,7호선,어린이대공원,6920,7245
2022-10-03,7호선,건대입구,7525,8049
2022-10-03,7호선,뚝섬유원지,3814,3723
2022-10-03,7호선,청담,6945,7604
2022-10-03,7호선,강남구청,5789,6564
2022-10-03,7호선,학동,5776,6001
2022-10-03,7호선,논현,5754,5906
2022-10-03,7호선,반포,2880,2988
2022-10-03,7호선,고속터미널,16153,8705
2022-10-03,7호선,내방,5086,5218
2022-10-03,7호선,이수,7608,7229
2022-10-03,7호선,남성,5465,5594
2022-10-03,7호선,숭실대입구,5943,6333
2022-10-03,7호선,장승배기,4271,4382
2022-10-03,7호선,신대방삼거리,6875,6992
2022-10-03,7호선,보라매,3175,3417
2022-10-03,7호선,신풍,5534,5180
2022-10-03,7호선,대림,6154,5834
2022-10-03,7호선,남구로,6258,6356
2022-10-03,7호선,가산디지털단지,10469,9684
2022-10-03,7호선,철산,9337,9439
2022-10-03,7호선,광명사거리,11439,11341
2022-10-03,7호선,천왕,4592,4426
2022-10-03,7호선,온수,3712,3789
2022-10-04,7호선,온수,12111,11299
2022-10-04,7호선,천왕,12861,12514
2022-10-04,7호선,광명사거리,23035,22689
2022-10-04,7호선,철산,23349,23852
2022-10-04,7호선,가산디지털단지,49041,49461
2022-10-04,7호선,남구로,17276,17795
2022-10-04,7호선,대림,8666,8690
2022-10-04,7호선,신풍,12664,11829
2022-10-04,7호선,보라매,8138,8463
2022-10-04,7호선,신대방삼거리,16532,15811
2022-10-04,7호선,장승배기,10073,9990
2022-10-04,7호선,상도,13849,13799
2022-10-04,7호선,숭실대입구,17335,17691
2022-10-04,7호선,남성,12664,12081
2022-10-04,7호선,이수,16699,15941
2022-10-04,7호선,내방,16284,16538
2022-10-04,7호선,고속터미널,17370,14342
2022-10-04,7호선,반포,6567,6351
2022-10-04,7호선,논현,20616,21426
2022-10-04,7호선,학동,26526,27822
2022-10-04,7호선,강남구청,18519,20668
2022-10-04,7호선,청담,22057,24452
2022-10-04,7호선,뚝섬유원지,8475,8201
2022-10-04,7호선,건대입구,14223,14681
2022-10-04,7호선,어린이대공원,19254,20340
2022-10-04,7호선,군자,16156,12812
2022-10-04,7호선,중곡,12067,11180
2022-10-04,7호선,용마산,6472,6169
2022-10-04,7호선,사가정,17433,17606
2022-10-04,7호선,면목,17513,17168
2022-10-04,7호선,상봉,17672,16689
2022-10-04,7호선,중화,11421,11414
2022-10-04,7호선,먹골,10930,10777
2022-10-04,7호선,태릉입구,10150,9600
2022-10-04,7호선,공릉,13189,13157
2022-10-04,7호선,하계,19655,18492
2022-10-04,7호선,중계,15798,14375
2022-10-04,7호선,노원,20793,21974
2022-10-04,7호선,마들,14313,13320
2022-10-04,7호선,수락산,13557,13361
2022-10-04,7호선,도봉산,10674,11869
2022-10-04,7호선,장암,2586,945
2022-10-05,7호선,장암,2579,962
2022-10-05,7호선,도봉산,10784,12103
2022-10-05,7호선,수락산,13953,13700
2022-10-05,7호선,마들,14585,13742
2022-10-05,7호선,노원,21122,22455
2022-10-05,7호선,중계,16820,15367
2022-10-05,7호선,하계,20502,19319
2022-10-05,7호선,공릉,13671,13563
2022-10-05,7호선,태릉입구,10172,9809
2022-10-05,7호선,먹골,11208,11191
2022-10-05,7호선,중화,12125,11906
2022-10-05,7호선,상봉,18433,17416
2022-10-05,7호선,면목,17601,17083
2022-10-05,7호선,사가정,17833,17652
2022-10-05,7호선,용마산,7492,7177
2022-10-05,7호선,중곡,12374,11242
2022-10-05,7호선,군자,16344,13126
2022-10-05,7호선,어린이대공원,19547,20572
2022-10-05,7호선,건대입구,14253,14652
2022-10-05,7호선,뚝섬유원지,9660,9408
2022-10-05,7호선,청담,22338,24765
2022-10-05,7호선,강남구청,18756,21060
2022-10-05,7호선,학동,27076,28522
2022-10-05,7호선,논현,20862,21928
2022-10-05,7호선,반포,6649,6642
2022-10-05,7호선,고속터미널,15883,14047
2022-10-05,7호선,내방,16778,16960
2022-10-05,7호선,이수,17053,16331
2022-10-05,7호선,남성,12794,11786
2022-10-05,7호선,숭실대입구,17425,17590
2022-10-05,7호선,상도,13816,13534
2022-10-05,7호선,장승배기,10100,9836
2022-10-05,7호선,신대방삼거리,16954,16166
2022-10-05,7호선,보라매,8472,8616
2022-10-05,7호선,신풍,12809,12224
2022-10-05,7호선,대림,8542,8555
2022-10-05,7호선,남구로,17350,18357
2022-10-05,7호선,가산디지털단지,49375,49908
2022-10-05,7호선,철산,23945,24411
2022-10-05,7호선,광명사거리,23482,22915
2022-10-05,7호선,천왕,13310,12683
2022-10-05,7호선,온수,12150,11487
2022-10-06,7호선,장암,2623,960
2022-10-06,7호선,도봉산,10690,12478
2022-10-06,7호선,수락산,13995,13750
2022-10-06,7호선,마들,14597,13662
2022-10-06,7호선,노원,20976,21978
2022-10-06,7호선,중계,16876,15057
2022-10-06,7호선,하계,19822,18693
2022-10-06,7호선,공릉,13727,13484
2022-10-06,7호선,태릉입구,10219,9727
2022-10-06,7호선,먹골,11060,10971
2022-10-06,7호선,중화,12034,11750
2022-10-06,7호선,상봉,18349,17527
2022-10-06,7호선,면목,17702,17506
2022-10-06,7호선,사가정,17815,17846
2022-10-06,7호선,용마산,6522,6447
2022-10-06,7호선,중곡,12401,11402
2022-10-06,7호선,군자,16620,13029
2022-10-06,7호선,어린이대공원,19485,20201
2022-10-06,7호선,건대입구,14511,14871
2022-10-06,7호선,뚝섬유원지,9556,9430
2022-10-06,7호선,청담,22122,24805
2022-10-06,7호선,강남구청,18711,21033
2022-10-06,7호선,학동,26713,28622
2022-10-06,7호선,논현,20349,21526
2022-10-06,7호선,반포,6940,6631
2022-10-06,7호선,고속터미널,17011,14407
2022-10-06,7호선,내방,16624,16856
2022-10-06,7호선,이수,17289,16181
2022-10-06,7호선,남성,13048,12165
2022-10-06,7호선,숭실대입구,17072,17260
2022-10-06,7호선,상도,13735,13475
2022-10-06,7호선,장승배기,9941,9818
2022-10-06,7호선,신대방삼거리,16832,15797
2022-10-06,7호선,보라매,8324,8404
2022-10-06,7호선,신풍,12660,11968
2022-10-06,7호선,대림,8385,8581
2022-10-06,7호선,남구로,17127,18018
2022-10-06,7호선,가산디지털단지,48875,49603
2022-10-06,7호선,철산,23904,24388
2022-10-06,7호선,광명사거리,23033,22840
2022-10-06,7호선,천왕,13016,12545
2022-10-06,7호선,온수,12226,11378
2022-10-06,7호선,춘의,1,0
2022-10-07,7호선,중화,11957,11652
2022-10-07,7호선,온수,12361,11371
2022-10-07,7호선,천왕,13056,12275
2022-10-07,7호선,광명사거리,24361,23974
2022-10-07,7호선,철산,25619,26265
2022-10-07,7호선,가산디지털단지,49335,48956
2022-10-07,7호선,남구로,16839,17810
2022-10-07,7호선,대림,8647,8887
2022-10-07,7호선,신풍,12773,12005
2022-10-07,7호선,보라매,8509,8598
2022-10-07,7호선,신대방삼거리,17418,16080
2022-10-07,7호선,장승배기,10546,10285
2022-10-07,7호선,상도,13903,13012
2022-10-07,7호선,숭실대입구,15975,15809
2022-10-07,7호선,남성,13629,12194
2022-10-07,7호선,이수,18391,17352
2022-10-07,7호선,내방,16580,16815
2022-10-07,7호선,고속터미널,20522,16206
2022-10-07,7호선,반포,7148,6736
2022-10-07,7호선,논현,20967,22790
2022-10-07,7호선,학동,25790,27668
2022-10-07,7호선,강남구청,18773,21064
2022-10-07,7호선,청담,22450,25226
2022-10-07,7호선,뚝섬유원지,12240,11748
2022-10-07,7호선,건대입구,14675,15594
2022-10-07,7호선,어린이대공원,18901,18857
2022-10-07,7호선,군자,16984,13308
2022-10-07,7호선,중곡,12610,11455
2022-10-07,7호선,용마산,6822,6422
2022-10-07,7호선,사가정,18385,18117
2022-10-07,7호선,면목,18082,17412
2022-10-07,7호선,상봉,19483,18644
2022-10-07,7호선,먹골,11403,10965
2022-10-07,7호선,태릉입구,10246,9526
2022-10-07,7호선,공릉,14250,13754
2022-10-07,7호선,하계,20337,18641
2022-10-07,7호선,중계,16641,14618
2022-10-07,7호선,노원,22755,24461
2022-10-07,7호선,마들,14834,13525
2022-10-07,7호선,수락산,14085,13862
2022-10-07,7호선,도봉산,10657,12166
2022-10-07,7호선,장암,2625,1041
2022-10-08,7호선,중곡,8096,7205
2022-10-08,7호선,온수,6087,6023
2022-10-08,7호선,천왕,7952,7393
2022-10-08,7호선,광명사거리,18778,18505
2022-10-08,7호선,철산,18620,19045
2022-10-08,7호선,가산디지털단지,17010,15362
2022-10-08,7호선,남구로,9208,9596
2022-10-08,7호선,대림,8250,8867
2022-10-08,7호선,신풍,9095,8652
2022-10-08,7호선,보라매,6512,6004
2022-10-08,7호선,신대방삼거리,11923,10903
2022-10-08,7호선,장승배기,7871,6951
2022-10-08,7호선,상도,10433,8879
2022-10-08,7호선,숭실대입구,10146,9665
2022-10-08,7호선,남성,9177,8135
2022-10-08,7호선,이수,13567,12259
2022-10-08,7호선,내방,8752,8466
2022-10-08,7호선,고속터미널,19784,14672
2022-10-08,7호선,반포,5326,4994
2022-10-08,7호선,논현,10830,11581
2022-10-08,7호선,학동,12362,12974
2022-10-08,7호선,강남구청,11435,12788
2022-10-08,7호선,청담,12843,13603
2022-10-08,7호선,뚝섬유원지,14336,13738
2022-10-08,7호선,건대입구,11693,12894
2022-10-08,7호선,어린이대공원,12702,12321
2022-10-08,7호선,군자,11930,8779
2022-10-08,7호선,용마산,5885,5912
2022-10-08,7호선,사가정,13730,12848
2022-10-08,7호선,면목,12758,11612
2022-10-08,7호선,상봉,14901,14380
2022-10-08,7호선,중화,8450,7681
2022-10-08,7호선,먹골,8522,7989
2022-10-08,7호선,태릉입구,7912,7010
2022-10-08,7호선,공릉,10157,9652
2022-10-08,7호선,하계,14395,13104
2022-10-08,7호선,중계,10658,9155
2022-10-08,7호선,노원,20183,21108
2022-10-08,7호선,마들,10384,9216
2022-10-08,7호선,수락산,11714,11339
2022-10-08,7호선,도봉산,7891,10610
2022-10-08,7호선,장암,1997,1442
2022-10-09,7호선,장암,1186,817
2022-10-09,7호선,도봉산,4661,6250
2022-10-09,7호선,수락산,7475,7274
2022-10-09,7호선,마들,6202,5761
2022-10-09,7호선,노원,12838,12966
2022-10-09,7호선,중계,6668,6135
2022-10-09,7호선,하계,9453,8857
2022-10-09,7호선,공릉,6293,6313
2022-10-09,7호선,태릉입구,5035,4689
2022-10-09,7호선,먹골,5436,5252
2022-10-09,7호선,중화,5470,5234
2022-10-09,7호선,상봉,9568,8842
2022-10-09,7호선,면목,7949,7804
2022-10-09,7호선,사가정,8741,8526
2022-10-09,7호선,용마산,3262,3351
2022-10-09,7호선,중곡,5425,5071
2022-10-09,7호선,군자,8352,6442
2022-10-09,7호선,어린이대공원,9000,8836
2022-10-09,7호선,건대입구,8106,8616
2022-10-09,7호선,뚝섬유원지,4119,4120
2022-10-09,7호선,청담,7077,7484
2022-10-09,7호선,강남구청,5886,6589
2022-10-09,7호선,학동,7691,7924
2022-10-09,7호선,논현,5292,5818
2022-10-09,7호선,반포,2788,2770
2022-10-09,7호선,고속터미널,13818,8794
2022-10-09,7호선,내방,5030,5196
2022-10-09,7호선,이수,8542,7942
2022-10-09,7호선,남성,5710,5380
2022-10-09,7호선,숭실대입구,5947,5960
2022-10-09,7호선,상도,5729,5285
2022-10-09,7호선,장승배기,4644,4601
2022-10-09,7호선,신대방삼거리,7913,7397
2022-10-09,7호선,보라매,3939,3913
2022-10-09,7호선,신풍,6740,6386
2022-10-09,7호선,대림,9006,8272
2022-10-09,7호선,남구로,7191,7134
2022-10-09,7호선,가산디지털단지,11669,10117
2022-10-09,7호선,철산,11181,11329
2022-10-09,7호선,광명사거리,12407,12014
2022-10-09,7호선,천왕,4883,4627
2022-10-09,7호선,온수,4115,4105
2022-10-10,7호선,장암,1235,735
2022-10-10,7호선,도봉산,5047,6652
2022-10-10,7호선,수락산,7837,7587
2022-10-10,7호선,마들,6944,6765
2022-10-10,7호선,노원,12971,12867
2022-10-10,7호선,중계,7248,6622
2022-10-10,7호선,하계,9382,9193
2022-10-10,7호선,공릉,6752,7070
2022-10-10,7호선,태릉입구,5296,5203
2022-10-10,7호선,먹골,5918,6034
2022-10-10,7호선,중화,6064,5872
2022-10-10,7호선,상봉,10578,10159
2022-10-10,7호선,면목,8684,8428
2022-10-10,7호선,사가정,9667,9533
2022-10-10,7호선,용마산,3492,3593
2022-10-10,7호선,중곡,5679,5738
2022-10-10,7호선,군자,8856,7112
2022-10-10,7호선,어린이대공원,8393,8782
2022-10-10,7호선,건대입구,8654,9076
2022-10-10,7호선,뚝섬유원지,5112,5014
2022-10-10,7호선,청담,7686,8474
2022-10-10,7호선,강남구청,6362,7193
2022-10-10,7호선,학동,7448,7862
2022-10-10,7호선,논현,6944,7468
2022-10-10,7호선,반포,3669,3560
2022-10-10,7호선,고속터미널,16498,9243
2022-10-10,7호선,내방,5888,6028
2022-10-10,7호선,이수,9005,8557
2022-10-10,7호선,남성,6220,6325
2022-10-10,7호선,숭실대입구,6881,7422
2022-10-10,7호선,상도,6137,6093
2022-10-10,7호선,장승배기,4976,5074
2022-10-10,7호선,신대방삼거리,8066,8375
2022-10-10,7호선,보라매,3871,4001
2022-10-10,7호선,신풍,6375,6015
2022-10-10,7호선,대림,7076,6762
2022-10-10,7호선,남구로,6858,6951
2022-10-10,7호선,가산디지털단지,13530,12505
2022-10-10,7호선,철산,11230,11185
2022-10-10,7호선,광명사거리,13418,13276
2022-10-10,7호선,천왕,5337,5259
2022-10-10,7호선,온수,4291,4462
2022-10-11,7호선,장암,2535,874
2022-10-11,7호선,도봉산,10791,12208
2022-10-11,7호선,수락산,13938,13764
2022-10-11,7호선,마들,14461,13426
2022-10-11,7호선,노원,21481,22526
2022-10-11,7호선,중계,16415,14994
2022-10-11,7호선,하계,19909,18831
2022-10-11,7호선,공릉,13518,13583
2022-10-11,7호선,태릉입구,10335,9830
2022-10-11,7호선,먹골,11217,11109
2022-10-11,7호선,중화,11577,11606
2022-10-11,7호선,상봉,18202,17459
2022-10-11,7호선,면목,18011,17454
2022-10-11,7호선,사가정,17639,17829
2022-10-11,7호선,용마산,6497,6271
2022-10-11,7호선,중곡,11912,11125
2022-10-11,7호선,군자,16206,13029
2022-10-11,7호선,어린이대공원,19400,20424
2022-10-11,7호선,건대입구,14567,15044
2022-10-11,7호선,뚝섬유원지,9327,8998
2022-10-11,7호선,청담,22111,24670
2022-10-11,7호선,강남구청,18758,20667
2022-10-11,7호선,학동,26809,28236
2022-10-11,7호선,논현,20618,21449
2022-10-11,7호선,반포,6758,6568
2022-10-11,7호선,고속터미널,17274,14389
2022-10-11,7호선,내방,16422,16698
2022-10-11,7호선,이수,16977,16071
2022-10-11,7호선,남성,12815,11980
2022-10-11,7호선,숭실대입구,17146,17669
2022-10-11,7호선,상도,13697,13503
2022-10-11,7호선,장승배기,10190,10015
2022-10-11,7호선,신대방삼거리,16608,16033
2022-10-11,7호선,보라매,8347,8468
2022-10-11,7호선,신풍,12669,12044
2022-10-11,7호선,대림,8834,8732
2022-10-11,7호선,남구로,17320,18006
2022-10-11,7호선,가산디지털단지,49363,49606
2022-10-11,7호선,철산,23554,24012
2022-10-11,7호선,광명사거리,22834,22481
2022-10-11,7호선,천왕,12973,12456
2022-10-11,7호선,온수,12116,11292
2022-10-11,7호선,신중동,1,0
2022-10-12,7호선,면목,17738,17265
2022-10-12,7호선,반포,6840,6703
2022-10-12,7호선,장암,2675,959
2022-10-12,7호선,도봉산,10969,12196
2022-10-12,7호선,수락산,13913,13785
2022-10-12,7호선,마들,14652,13691
2022-10-12,7호선,노원,20981,22353
2022-10-12,7호선,중계,16399,15185
2022-10-12,7호선,하계,20614,19480
2022-10-12,7호선,공릉,13686,13505
2022-10-12,7호선,태릉입구,10309,9659
2022-10-12,7호선,먹골,11165,10927
2022-10-12,7호선,중화,11936,11622
2022-10-12,7호선,상봉,18374,17500
2022-10-12,7호선,사가정,17853,17664
2022-10-12,7호선,용마산,6648,6429
2022-10-12,7호선,중곡,12319,11325
2022-10-12,7호선,군자,16477,12971
2022-10-12,7호선,어린이대공원,19664,20385
2022-10-12,7호선,건대입구,14082,14842
2022-10-12,7호선,뚝섬유원지,9782,9543
2022-10-12,7호선,청담,22295,24865
2022-10-12,7호선,강남구청,18970,20922
2022-10-12,7호선,학동,27157,28744
2022-10-12,7호선,논현,21149,21768
2022-10-12,7호선,고속터미널,16204,14201
2022-10-12,7호선,내방,16837,17371
2022-10-12,7호선,이수,17245,16273
2022-10-12,7호선,남성,12796,11971
2022-10-12,7호선,숭실대입구,17757,17759
2022-10-12,7호선,상도,13568,13344
2022-10-12,7호선,장승배기,10128,9856
2022-10-12,7호선,신대방삼거리,16815,15997
2022-10-12,7호선,보라매,8578,8684
2022-10-12,7호선,신풍,12838,12317
2022-10-12,7호선,대림,8648,8636
2022-10-12,7호선,남구로,17262,18115
2022-10-12,7호선,가산디지털단지,49590,49902
2022-10-12,7호선,철산,23769,24168
2022-10-12,7호선,광명사거리,23289,22732
2022-10-12,7호선,천왕,13002,12394
2022-10-12,7호선,온수,12528,11625
2022-10-13,7호선,장암,2765,1035
2022-10-13,7호선,도봉산,11011,12586
2022-10-13,7호선,수락산,14175,13895
2022-10-13,7호선,마들,14630,13569
2022-10-13,7호선,노원,21038,22244
2022-10-13,7호선,중계,16666,15230
2022-10-13,7호선,하계,20114,18809
2022-10-13,7호선,공릉,13667,13394
2022-10-13,7호선,태릉입구,10526,9891
2022-10-13,7호선,먹골,11162,10840
2022-10-13,7호선,중화,11895,11566
2022-10-13,7호선,상봉,18527,17619
2022-10-13,7호선,면목,17960,17390
2022-10-13,7호선,사가정,17986,17796
2022-10-13,7호선,용마산,6571,6485
2022-10-13,7호선,중곡,12303,11549
2022-10-13,7호선,군자,16438,13036
2022-10-13,7호선,어린이대공원,20856,21477
2022-10-13,7호선,건대입구,14254,14930
2022-10-13,7호선,뚝섬유원지,9970,9651
2022-10-13,7호선,청담,22126,24870
2022-10-13,7호선,강남구청,18734,21177
2022-10-13,7호선,학동,26829,28662
2022-10-13,7호선,논현,20892,21863
2022-10-13,7호선,반포,6965,6695
2022-10-13,7호선,고속터미널,16896,14444
2022-10-13,7호선,내방,16593,16825
2022-10-13,7호선,이수,17339,16177
2022-10-13,7호선,남성,12900,12040
2022-10-13,7호선,숭실대입구,16927,17010
2022-10-13,7호선,상도,13741,13435
2022-10-13,7호선,장승배기,9975,9856
2022-10-13,7호선,신대방삼거리,16786,15750
2022-10-13,7호선,보라매,8352,8641
2022-10-13,7호선,신풍,12896,11994
2022-10-13,7호선,대림,8365,8407
2022-10-13,7호선,남구로,16877,18068
2022-10-13,7호선,가산디지털단지,49231,50069
2022-10-13,7호선,철산,23851,24281
2022-10-13,7호선,광명사거리,23218,22793
2022-10-13,7호선,천왕,13231,12466
2022-10-13,7호선,온수,12237,11446
2022-10-13,7호선,춘의,1,0
2022-10-14,7호선,온수,12119,11089
2022-10-14,7호선,천왕,13325,12513
2022-10-14,7호선,광명사거리,23801,23297
2022-10-14,7호선,철산,24516,25156
2022-10-14,7호선,가산디지털단지,49414,49209
2022-10-14,7호선,남구로,16813,17681
2022-10-14,7호선,대림,8663,8935
2022-10-14,7호선,신풍,12982,12189
2022-10-14,7호선,보라매,8637,8528
2022-10-14,7호선,신대방삼거리,16790,15605
2022-10-14,7호선,장승배기,10287,10169
2022-10-14,7호선,상도,13643,12920
2022-10-14,7호선,숭실대입구,15936,15671
2022-10-14,7호선,남성,13109,11830
2022-10-14,7호선,이수,18262,17273
2022-10-14,7호선,내방,16410,16696
2022-10-14,7호선,고속터미널,19378,15654
2022-10-14,7호선,반포,7215,6734
2022-10-14,7호선,논현,21442,22751
2022-10-14,7호선,학동,26143,28259
2022-10-14,7호선,강남구청,18539,21162
2022-10-14,7호선,청담,22277,25027
2022-10-14,7호선,뚝섬유원지,11414,10874
2022-10-14,7호선,건대입구,14417,15260
2022-10-14,7호선,어린이대공원,19315,19415
2022-10-14,7호선,군자,16972,13231
2022-10-14,7호선,중곡,12371,11447
2022-10-14,7호선,용마산,6721,6303
2022-10-14,7호선,사가정,17950,17990
2022-10-14,7호선,면목,18072,17034
2022-10-14,7호선,상봉,18758,18552
2022-10-14,7호선,중화,12046,11459
2022-10-14,7호선,먹골,11225,10900
2022-10-14,7호선,태릉입구,10241,9541
2022-10-14,7호선,공릉,13897,13538
2022-10-14,7호선,하계,19783,18172
2022-10-14,7호선,중계,16628,14995
2022-10-14,7호선,노원,22162,23570
2022-10-14,7호선,마들,14868,13650
2022-10-14,7호선,수락산,14089,13871
2022-10-14,7호선,도봉산,10789,12222
2022-10-14,7호선,장암,2569,1078
2022-10-15,7호선,장암,1964,1364
2022-10-15,7호선,도봉산,7742,10474
2022-10-15,7호선,수락산,11367,11046
2022-10-15,7호선,마들,10158,9292
2022-10-15,7호선,노원,16794,17600
2022-10-15,7호선,중계,11389,9993
2022-10-15,7호선,하계,14044,12795
2022-10-15,7호선,공릉,9800,9650
2022-10-15,7호선,태릉입구,7621,6898
2022-10-15,7호선,먹골,8456,7948
2022-10-15,7호선,중화,8449,7875
2022-10-15,7호선,상봉,14673,14148
2022-10-15,7호선,면목,12415,11480
2022-10-15,7호선,사가정,13471,12964
2022-10-15,7호선,용마산,5060,5415
2022-10-15,7호선,중곡,7925,7273
2022-10-15,7호선,군자,12078,8867
2022-10-15,7호선,어린이대공원,13367,13128
2022-10-15,7호선,건대입구,11926,12549
2022-10-15,7호선,뚝섬유원지,12284,11782
2022-10-15,7호선,청담,13215,14250
2022-10-15,7호선,강남구청,11880,13312
2022-10-15,7호선,학동,12135,13061
2022-10-15,7호선,논현,10998,11967
2022-10-15,7호선,반포,5309,5024
2022-10-15,7호선,고속터미널,17439,13478
2022-10-15,7호선,내방,8838,8701
2022-10-15,7호선,이수,13614,12508
2022-10-15,7호선,남성,8699,7939
2022-10-15,7호선,숭실대입구,10066,9633
2022-10-15,7호선,상도,8939,8084
2022-10-15,7호선,장승배기,7413,6963
2022-10-15,7호선,신대방삼거리,12036,10975
2022-10-15,7호선,보라매,6143,5936
2022-10-15,7호선,신풍,9411,8933
2022-10-15,7호선,대림,8034,8816
2022-10-15,7호선,남구로,8919,9211
2022-10-15,7호선,가산디지털단지,16807,15252
2022-10-15,7호선,철산,17229,17326
2022-10-15,7호선,광명사거리,18245,17882
2022-10-15,7호선,천왕,8142,7571
2022-10-15,7호선,온수,6193,6221
2022-10-16,7호선,온수,4414,4485
2022-10-16,7호선,천왕,5473,5293
2022-10-16,7호선,광명사거리,13507,13451
2022-10-16,7호선,철산,11639,11750
2022-10-16,7호선,가산디지털단지,12294,11391
2022-10-16,7호선,남구로,7512,7411
2022-10-16,7호선,대림,8707,8133
2022-10-16,7호선,신풍,6906,6591
2022-10-16,7호선,보라매,4481,4516
2022-10-16,7호선,신대방삼거리,8182,8125
2022-10-16,7호선,장승배기,4997,4840
2022-10-16,7호선,상도,6125,5910
2022-10-16,7호선,숭실대입구,6542,6875
2022-10-16,7호선,남성,6140,6098
2022-10-16,7호선,이수,9460,8547
2022-10-16,7호선,내방,5502,5806
2022-10-16,7호선,고속터미널,14693,9522
2022-10-16,7호선,반포,3392,3431
2022-10-16,7호선,논현,6247,6343
2022-10-16,7호선,학동,7744,8153
2022-10-16,7호선,강남구청,6663,7402
2022-10-16,7호선,청담,7826,8497
2022-10-16,7호선,뚝섬유원지,8155,7619
2022-10-16,7호선,건대입구,8369,8823
2022-10-16,7호선,어린이대공원,9130,9485
2022-10-16,7호선,군자,8845,6771
2022-10-16,7호선,중곡,5867,5458
2022-10-16,7호선,용마산,3499,3959
2022-10-16,7호선,사가정,9817,9533
2022-10-16,7호선,면목,8907,8566
2022-10-16,7호선,상봉,10673,10148
2022-10-16,7호선,중화,6401,6239
2022-10-16,7호선,먹골,5962,5776
2022-10-16,7호선,태릉입구,5529,5255
2022-10-16,7호선,공릉,6783,6905
2022-10-16,7호선,하계,10432,9976
2022-10-16,7호선,중계,7595,7045
2022-10-16,7호선,노원,11544,11717
2022-10-16,7호선,마들,6557,6047
2022-10-16,7호선,수락산,8687,8561
2022-10-16,7호선,도봉산,6255,8680
2022-10-16,7호선,장암,1463,1020
2022-10-17,7호선,장암,2569,973
2022-10-17,7호선,도봉산,10380,11649
2022-10-17,7호선,수락산,13502,13273
2022-10-17,7호선,마들,14064,13237
2022-10-17,7호선,노원,20118,20993
2022-10-17,7호선,중계,16337,14972
2022-10-17,7호선,하계,19482,18383
2022-10-17,7호선,공릉,13200,13136
2022-10-17,7호선,태릉입구,9922,9391
2022-10-17,7호선,먹골,10814,10588
2022-10-17,7호선,중화,11443,11348
2022-10-17,7호선,상봉,17581,16626
2022-10-17,7호선,면목,17261,16919
2022-10-17,7호선,사가정,17197,17299
2022-10-17,7호선,용마산,6466,6166
2022-10-17,7호선,중곡,12088,11201
2022-10-17,7호선,군자,16211,12683
2022-10-17,7호선,어린이대공원,18781,19138
2022-10-17,7호선,건대입구,13363,13705
2022-10-17,7호선,뚝섬유원지,8420,8125
2022-10-17,7호선,청담,21226,23275
2022-10-17,7호선,강남구청,17658,19322
2022-10-17,7호선,학동,26454,27812
2022-10-17,7호선,논현,20304,21178
2022-10-17,7호선,반포,6571,6565
2022-10-17,7호선,고속터미널,16846,13893
2022-10-17,7호선,내방,16110,16430
2022-10-17,7호선,이수,16479,15675
2022-10-17,7호선,남성,12500,11770
2022-10-17,7호선,숭실대입구,16919,17158
2022-10-17,7호선,상도,12069,11854
2022-10-17,7호선,장승배기,9957,9995
2022-10-17,7호선,신대방삼거리,16176,15647
2022-10-17,7호선,보라매,7938,8174
2022-10-17,7호선,신풍,12578,11966
2022-10-17,7호선,대림,8824,8587
2022-10-17,7호선,남구로,17118,17832
2022-10-17,7호선,가산디지털단지,49322,49492
2022-10-17,7호선,철산,22809,23222
2022-10-17,7호선,광명사거리,22272,21984
2022-10-17,7호선,천왕,12658,12120
2022-10-17,7호선,온수,12029,11075
2022-10-18,7호선,장암,2668,990
2022-10-18,7호선,도봉산,10919,12247
2022-10-18,7호선,수락산,13864,13758
2022-10-18,7호선,마들,14351,13471
2022-10-18,7호선,노원,20944,22077
2022-10-18,7호선,중계,16434,15071
2022-10-18,7호선,하계,19576,18437
2022-10-18,7호선,공릉,13326,13232
2022-10-18,7호선,태릉입구,10267,9604
2022-10-18,7호선,먹골,11045,10922
2022-10-18,7호선,중화,11848,11692
2022-10-18,7호선,상봉,17962,16924
2022-10-18,7호선,면목,17790,17320
2022-10-18,7호선,사가정,17696,17881
2022-10-18,7호선,용마산,6507,6324
2022-10-18,7호선,중곡,12129,11427
2022-10-18,7호선,군자,16366,13060
2022-10-18,7호선,어린이대공원,19643,19991
2022-10-18,7호선,건대입구,14113,14336
2022-10-18,7호선,뚝섬유원지,8805,8633
2022-10-18,7호선,청담,21900,24451
2022-10-18,7호선,강남구청,18565,20713
2022-10-18,7호선,학동,27329,28678
2022-10-18,7호선,논현,20837,21800
2022-10-18,7호선,반포,6707,6517
2022-10-18,7호선,고속터미널,16256,14339
2022-10-18,7호선,내방,16151,16508
2022-10-18,7호선,이수,17100,15987
2022-10-18,7호선,남성,12758,12063
2022-10-18,7호선,숭실대입구,17204,17442
2022-10-18,7호선,상도,13524,13283
2022-10-18,7호선,장승배기,9882,9829
2022-10-18,7호선,신대방삼거리,16801,16069
2022-10-18,7호선,보라매,8279,8407
2022-10-18,7호선,신풍,12844,12263
2022-10-18,7호선,대림,8648,8595
2022-10-18,7호선,남구로,17367,18116
2022-10-18,7호선,가산디지털단지,49531,49755
2022-10-18,7호선,철산,23761,24216
2022-10-18,7호선,광명사거리,23044,22625
2022-10-18,7호선,천왕,13000,12418
2022-10-18,7호선,온수,12483,11526
2022-10-19,7호선,마들,14432,13499
2022-10-19,7호선,어린이대공원,19378,19988
2022-10-19,7호선,건대입구,14139,14624
2022-10-19,7호선,뚝섬유원지,9152,8919
2022-10-19,7호선,청담,22633,25132
2022-10-19,7호선,강남구청,19097,21238
2022-10-19,7호선,학동,27043,29148
2022-10-19,7호선,논현,20751,21488
2022-10-19,7호선,반포,6809,6672
2022-10-19,7호선,고속터미널,16208,14358
2022-10-19,7호선,내방,16765,17081
2022-10-19,7호선,이수,17556,16747
2022-10-19,7호선,남성,12662,11773
2022-10-19,7호선,숭실대입구,17295,17341
2022-10-19,7호선,상도,13418,13244
2022-10-19,7호선,장승배기,10127,9953
2022-10-19,7호선,신대방삼거리,16950,15992
2022-10-19,7호선,보라매,8342,8514
2022-10-19,7호선,신풍,12979,12335
2022-10-19,7호선,대림,8592,8793
2022-10-19,7호선,남구로,17105,18042
2022-10-19,7호선,가산디지털단지,49342,49728
2022-10-19,7호선,철산,23654,24045
2022-10-19,7호선,광명사거리,23181,22541
2022-10-19,7호선,천왕,13093,12508
2022-10-19,7호선,온수,12337,11541
2022-10-19,7호선,장암,2652,1015
2022-10-19,7호선,도봉산,10829,12164
2022-10-19,7호선,수락산,13911,13723
2022-10-19,7호선,노원,21050,22418
2022-10-19,7호선,중계,16469,15058
2022-10-19,7호선,하계,20464,19482
2022-10-19,7호선,공릉,13386,13228
2022-10-19,7호선,태릉입구,10232,9711
2022-10-19,7호선,먹골,11006,10751
2022-10-19,7호선,중화,11643,11555
2022-10-19,7호선,상봉,18137,17178
2022-10-19,7호선,면목,17472,17126
2022-10-19,7호선,사가정,17635,17540
2022-10-19,7호선,용마산,6625,6473
2022-10-19,7호선,중곡,12298,11369
2022-10-19,7호선,군자,16390,13039
2022-10-20,7호선,장암,2654,1010
2022-10-20,7호선,도봉산,10802,12300
2022-10-20,7호선,수락산,14011,13696
2022-10-20,7호선,마들,14546,13605
2022-10-20,7호선,노원,21062,22316
2022-10-20,7호선,중계,16608,15064
2022-10-20,7호선,하계,19604,18582
2022-10-20,7호선,공릉,13369,13309
2022-10-20,7호선,태릉입구,10512,9716
2022-10-20,7호선,먹골,11256,10917
2022-10-20,7호선,중화,11870,11504
2022-10-20,7호선,상봉,18549,17697
2022-10-20,7호선,면목,17855,17231
2022-10-20,7호선,사가정,17718,17873
2022-10-20,7호선,용마산,6545,6375
2022-10-20,7호선,중곡,12515,11531
2022-10-20,7호선,군자,16431,12956
2022-10-20,7호선,어린이대공원,18940,19376
2022-10-20,7호선,건대입구,14256,14670
2022-10-20,7호선,뚝섬유원지,9602,9242
2022-10-20,7호선,청담,21846,24553
2022-10-20,7호선,강남구청,18828,21017
2022-10-20,7호선,학동,26509,28394
2022-10-20,7호선,논현,20782,21687
2022-10-20,7호선,반포,6733,6593
2022-10-20,7호선,고속터미널,16640,14049
2022-10-20,7호선,내방,16357,16682
2022-10-20,7호선,이수,17426,16221
2022-10-20,7호선,남성,12837,11890
2022-10-20,7호선,숭실대입구,16615,16784
2022-10-20,7호선,상도,13244,12648
2022-10-20,7호선,장승배기,9945,9764
2022-10-20,7호선,신대방삼거리,16646,15632
2022-10-20,7호선,보라매,8164,8419
2022-10-20,7호선,신풍,12609,11955
2022-10-20,7호선,대림,8489,8587
2022-10-20,7호선,남구로,16659,17745
2022-10-20,7호선,가산디지털단지,49132,49677
2022-10-20,7호선,철산,23944,24268
2022-10-20,7호선,광명사거리,23043,22798
2022-10-20,7호선,천왕,13012,12409
2022-10-20,7호선,온수,12114,11308
2022-10-21,7호선,온수,12180,11182
2022-10-21,7호선,천왕,13162,12148
2022-10-21,7호선,광명사거리,24249,23627
2022-10-21,7호선,철산,24511,25231
2022-10-21,7호선,가산디지털단지,48166,48123
2022-10-21,7호선,남구로,16603,17598
2022-10-21,7호선,대림,8376,8783
2022-10-21,7호선,신풍,12765,11847
2022-10-21,7호선,보라매,8207,8160
2022-10-21,7호선,신대방삼거리,16733,15563
2022-10-21,7호선,장승배기,10185,9952
2022-10-21,7호선,상도,13373,12600
2022-10-21,7호선,숭실대입구,15972,15594
2022-10-21,7호선,남성,12794,11729
2022-10-21,7호선,이수,18148,17162
2022-10-21,7호선,내방,16385,16553
2022-10-21,7호선,고속터미널,19874,15826
2022-10-21,7호선,반포,7022,6767
2022-10-21,7호선,논현,21144,22520
2022-10-21,7호선,학동,25884,27721
2022-10-21,7호선,강남구청,19001,21107
2022-10-21,7호선,청담,21339,24247
2022-10-21,7호선,뚝섬유원지,10977,10497
2022-10-21,7호선,건대입구,14165,14857
2022-10-21,7호선,어린이대공원,17558,17626
2022-10-21,7호선,군자,16749,13139
2022-10-21,7호선,중곡,12616,11403
2022-10-21,7호선,용마산,6484,6259
2022-10-21,7호선,사가정,17980,17824
2022-10-21,7호선,면목,17709,16879
2022-10-21,7호선,상봉,18969,18313
2022-10-21,7호선,중화,11844,11513
2022-10-21,7호선,먹골,11355,10890
2022-10-21,7호선,태릉입구,10066,9279
2022-10-21,7호선,공릉,13504,13253
2022-10-21,7호선,하계,19860,18216
2022-10-21,7호선,중계,16540,14904
2022-10-21,7호선,노원,22068,23849
2022-10-21,7호선,마들,14681,13499
2022-10-21,7호선,수락산,14242,14000
2022-10-21,7호선,도봉산,10730,12292
2022-10-21,7호선,장암,2639,1104
2022-10-22,7호선,온수,6628,6376
2022-10-22,7호선,천왕,7870,7417
2022-10-22,7호선,광명사거리,18070,17812
2022-10-22,7호선,철산,17543,17551
2022-10-22,7호선,가산디지털단지,17063,15382
2022-10-22,7호선,남구로,8853,9275
2022-10-22,7호선,대림,7954,8607
2022-10-22,7호선,신풍,8952,8478
2022-10-22,7호선,보라매,5985,5894
2022-10-22,7호선,신대방삼거리,12065,11051
2022-10-22,7호선,장승배기,7049,6680
2022-10-22,7호선,숭실대입구,10643,10266
2022-10-22,7호선,남성,8854,7892
2022-10-22,7호선,이수,13281,12288
2022-10-22,7호선,내방,8631,8634
2022-10-22,7호선,고속터미널,18094,13377
2022-10-22,7호선,반포,5197,5153
2022-10-22,7호선,논현,10981,11851
2022-10-22,7호선,학동,12527,13275
2022-10-22,7호선,강남구청,11650,13361
2022-10-22,7호선,청담,13160,13865
2022-10-22,7호선,뚝섬유원지,10842,10313
2022-10-22,7호선,건대입구,12331,12674
2022-10-22,7호선,어린이대공원,14563,14407
2022-10-22,7호선,군자,12300,8900
2022-10-22,7호선,중곡,7859,6965
2022-10-22,7호선,용마산,5098,5172
2022-10-22,7호선,사가정,13538,12752
2022-10-22,7호선,면목,12676,11785
2022-10-22,7호선,상봉,15108,14339
2022-10-22,7호선,중화,8543,7898
2022-10-22,7호선,먹골,8428,7984
2022-10-22,7호선,태릉입구,7465,6820
2022-10-22,7호선,공릉,10301,9772
2022-10-22,7호선,하계,14238,13029
2022-10-22,7호선,중계,10843,9422
2022-10-22,7호선,노원,16743,17613
2022-10-22,7호선,마들,10038,9093
2022-10-22,7호선,수락산,11578,11174
2022-10-22,7호선,도봉산,8154,10986
2022-10-22,7호선,장암,1916,1340
2022-10-22,7호선,상도,8931,8177
2022-10-23,7호선,장암,1594,1003
2022-10-23,7호선,도봉산,6856,9851
2022-10-23,7호선,마들,6680,6213
2022-10-23,7호선,노원,12145,11905
2022-10-23,7호선,중계,7607,7245
2022-10-23,7호선,하계,10503,10018
2022-10-23,7호선,공릉,6611,6717
2022-10-23,7호선,태릉입구,5495,5309
2022-10-23,7호선,먹골,5773,5704
2022-10-23,7호선,중화,6080,5980
2022-10-23,7호선,상봉,10512,9478
2022-10-23,7호선,면목,8628,8588
2022-10-23,7호선,사가정,9634,9395
2022-10-23,7호선,용마산,3493,4031
2022-10-23,7호선,중곡,5802,5465
2022-10-23,7호선,군자,8795,6602
2022-10-23,7호선,어린이대공원,10009,10507
2022-10-23,7호선,건대입구,7785,8595
2022-10-23,7호선,뚝섬유원지,8066,7668
2022-10-23,7호선,청담,7984,8683
2022-10-23,7호선,강남구청,6753,7510
2022-10-23,7호선,학동,7731,8227
2022-10-23,7호선,논현,6248,6493
2022-10-23,7호선,반포,3228,3330
2022-10-23,7호선,고속터미널,15698,9616
2022-10-23,7호선,내방,5732,5918
2022-10-23,7호선,이수,9147,8330
2022-10-23,7호선,남성,6110,6057
2022-10-23,7호선,숭실대입구,6443,6881
2022-10-23,7호선,상도,5890,6036
2022-10-23,7호선,장승배기,5005,4953
2022-10-23,7호선,신대방삼거리,8295,8346
2022-10-23,7호선,보라매,4322,4439
2022-10-23,7호선,신풍,7029,6567
2022-10-23,7호선,대림,8901,8271
2022-10-23,7호선,남구로,7587,7499
2022-10-23,7호선,가산디지털단지,13112,11779
2022-10-23,7호선,철산,11888,11964
2022-10-23,7호선,광명사거리,13518,13450
2022-10-23,7호선,천왕,5590,5374
2022-10-23,7호선,온수,4485,4530
2022-10-23,7호선,수락산,8788,8682
2022-10-24,7호선,온수,12156,11386
2022-10-24,7호선,천왕,12812,12329
2022-10-24,7호선,광명사거리,22366,22090
2022-10-24,7호선,철산,23167,23393
2022-10-24,7호선,가산디지털단지,49088,49293
2022-10-24,7호선,남구로,17153,17854
2022-10-24,7호선,대림,8510,8501
2022-10-24,7호선,신풍,12556,11805
2022-10-24,7호선,보라매,8024,8070
2022-10-24,7호선,신대방삼거리,16305,15695
2022-10-24,7호선,장승배기,9814,9820
2022-10-24,7호선,상도,12999,12749
2022-10-24,7호선,숭실대입구,16675,17018
2022-10-24,7호선,남성,12286,11653
2022-10-24,7호선,이수,16366,15546
2022-10-24,7호선,내방,16117,16471
2022-10-24,7호선,고속터미널,16740,14008
2022-10-24,7호선,반포,6552,6475
2022-10-24,7호선,논현,20310,21022
2022-10-24,7호선,학동,26248,27675
2022-10-24,7호선,강남구청,17930,19593
2022-10-24,7호선,청담,21387,23417
2022-10-24,7호선,뚝섬유원지,8355,8065
2022-10-24,7호선,건대입구,13527,14230
2022-10-24,7호선,어린이대공원,18198,18781
2022-10-24,7호선,군자,15830,12750
2022-10-24,7호선,중곡,12069,11080
2022-10-24,7호선,용마산,6308,6183
2022-10-24,7호선,사가정,17232,17258
2022-10-24,7호선,면목,17424,16970
2022-10-24,7호선,상봉,17988,17092
2022-10-24,7호선,중화,11379,11220
2022-10-24,7호선,먹골,10712,10685
2022-10-24,7호선,태릉입구,9979,9402
2022-10-24,7호선,공릉,12968,13068
2022-10-24,7호선,하계,19326,18104
2022-10-24,7호선,중계,16295,14918
2022-10-24,7호선,노원,20816,21759
2022-10-24,7호선,마들,14221,13313
2022-10-24,7호선,수락산,13396,13269
2022-10-24,7호선,도봉산,10648,11701
2022-10-24,7호선,장암,2664,978
2022-10-25,7호선,온수,12272,11423
2022-10-25,7호선,천왕,13078,12707
2022-10-25,7호선,광명사거리,23174,22833
2022-10-25,7호선,철산,23588,24183
2022-10-25,7호선,가산디지털단지,49624,50021
2022-10-25,7호선,남구로,17172,17994
2022-10-25,7호선,대림,8371,8546
2022-10-25,7호선,신풍,12580,11861
2022-10-25,7호선,보라매,8275,8454
2022-10-25,7호선,신대방삼거리,16621,15874
2022-10-25,7호선,장승배기,10037,9968
2022-10-25,7호선,상도,13384,12982
2022-10-25,7호선,숭실대입구,16928,17178
2022-10-25,7호선,남성,12834,12111
2022-10-25,7호선,이수,17825,16021
2022-10-25,7호선,내방,16572,16827
2022-10-25,7호선,고속터미널,15961,14027
2022-10-25,7호선,반포,6766,6639
2022-10-25,7호선,논현,21117,21645
2022-10-25,7호선,학동,26854,28420
2022-10-25,7호선,강남구청,18736,20623
2022-10-25,7호선,청담,22201,24548
2022-10-25,7호선,뚝섬유원지,8972,8749
2022-10-25,7호선,건대입구,14283,14629
2022-10-25,7호선,어린이대공원,18563,19249
2022-10-25,7호선,군자,16622,13126
2022-10-25,7호선,중곡,12307,11302
2022-10-25,7호선,용마산,6498,6400
2022-10-25,7호선,사가정,17908,17928
2022-10-25,7호선,면목,18091,17531
2022-10-25,7호선,상봉,18250,17428
2022-10-25,7호선,중화,11780,11636
2022-10-25,7호선,먹골,11051,10912
2022-10-25,7호선,태릉입구,10376,9728
2022-10-25,7호선,공릉,13417,13357
2022-10-25,7호선,하계,19739,18444
2022-10-25,7호선,중계,16654,15132
2022-10-25,7호선,노원,21398,22590
2022-10-25,7호선,마들,14592,13610
2022-10-25,7호선,수락산,13979,13839
2022-10-25,7호선,도봉산,10985,12708
2022-10-25,7호선,장암,2671,968
2022-10-26,7호선,강남구청,18788,21050
2022-10-26,7호선,청담,22099,24684
2022-10-26,7호선,뚝섬유원지,9161,8802
2022-10-26,7호선,건대입구,15140,16728
2022-10-26,7호선,어린이대공원,19170,20536
2022-10-26,7호선,군자,16568,13105
2022-10-26,7호선,중곡,12612,11602
2022-10-26,7호선,용마산,6687,6467
2022-10-26,7호선,사가정,17750,17763
2022-10-26,7호선,면목,17688,17049
2022-10-26,7호선,상봉,18484,17803
2022-10-26,7호선,중화,11875,11486
2022-10-26,7호선,먹골,10944,10884
2022-10-26,7호선,태릉입구,10575,9792
2022-10-26,7호선,공릉,13755,13541
2022-10-26,7호선,하계,20518,19343
2022-10-26,7호선,중계,16597,15233
2022-10-26,7호선,노원,21376,22502
2022-10-26,7호선,마들,14638,13702
2022-10-26,7호선,수락산,14198,13811
2022-10-26,7호선,도봉산,10754,12384
2022-10-26,7호선,장암,2680,1030
2022-10-26,7호선,온수,12321,11429
2022-10-26,7호선,천왕,13016,12398
2022-10-26,7호선,광명사거리,23106,22968
2022-10-26,7호선,철산,23506,23890
2022-10-26,7호선,가산디지털단지,49100,49572
2022-10-26,7호선,남구로,16904,17765
2022-10-26,7호선,대림,8419,8548
2022-10-26,7호선,신풍,12614,11971
2022-10-26,7호선,보라매,8128,8309
2022-10-26,7호선,신대방삼거리,16692,15927
2022-10-26,7호선,장승배기,10120,9964
2022-10-26,7호선,상도,13601,13286
2022-10-26,7호선,숭실대입구,17308,17259
2022-10-26,7호선,남성,12704,11670
2022-10-26,7호선,이수,17623,16705
2022-10-26,7호선,내방,16437,16826
2022-10-26,7호선,고속터미널,16191,14169
2022-10-26,7호선,반포,6864,6707
2022-10-26,7호선,논현,20823,21480
2022-10-26,7호선,학동,26678,28449
2022-10-27,7호선,온수,12189,11413
2022-10-27,7호선,천왕,13011,12285
2022-10-27,7호선,광명사거리,22928,22729
2022-10-27,7호선,철산,23762,24110
2022-10-27,7호선,가산디지털단지,48587,49285
2022-10-27,7호선,남구로,16741,17655
2022-10-27,7호선,대림,8363,8395
2022-10-27,7호선,신풍,12603,11792
2022-10-27,7호선,보라매,8156,8246
2022-10-27,7호선,신대방삼거리,16458,15657
2022-10-27,7호선,장승배기,10103,9835
2022-10-27,7호선,상도,13815,13543
2022-10-27,7호선,숭실대입구,17094,17190
2022-10-27,7호선,남성,12836,11991
2022-10-27,7호선,이수,17611,16461
2022-10-27,7호선,내방,16541,16766
2022-10-27,7호선,고속터미널,16994,14231
2022-10-27,7호선,반포,6949,6711
2022-10-27,7호선,논현,20556,21463
2022-10-27,7호선,학동,26520,28127
2022-10-27,7호선,강남구청,18816,20949
2022-10-27,7호선,청담,22180,24828
2022-10-27,7호선,뚝섬유원지,9565,9084
2022-10-27,7호선,건대입구,15571,17501
2022-10-27,7호선,어린이대공원,20216,21639
2022-10-27,7호선,군자,16636,13157
2022-10-27,7호선,중곡,12374,11519
2022-10-27,7호선,용마산,6612,6439
2022-10-27,7호선,사가정,17954,17752
2022-10-27,7호선,면목,17807,17147
2022-10-27,7호선,상봉,18508,17811
2022-10-27,7호선,중화,11902,11637
2022-10-27,7호선,먹골,11199,11087
2022-10-27,7호선,태릉입구,10518,9773
2022-10-27,7호선,공릉,13866,13550
2022-10-27,7호선,하계,20189,18831
2022-10-27,7호선,중계,16789,15261
2022-10-27,7호선,노원,21128,22484
2022-10-27,7호선,마들,14950,13938
2022-10-27,7호선,수락산,13957,13635
2022-10-27,7호선,도봉산,10903,12440
2022-10-27,7호선,장암,2595,985
2022-10-28,7호선,장암,2677,1142
2022-10-28,7호선,도봉산,11005,12460
2022-10-28,7호선,수락산,14196,14041
2022-10-28,7호선,마들,14873,13611
2022-10-28,7호선,노원,22396,24279
2022-10-28,7호선,중계,16671,14885
2022-10-28,7호선,하계,21562,19715
2022-10-28,7호선,공릉,13907,13453
2022-10-28,7호선,태릉입구,10476,9631
2022-10-28,7호선,먹골,11501,10896
2022-10-28,7호선,중화,11990,11467
2022-10-28,7호선,상봉,19089,18739
2022-10-28,7호선,면목,17913,16927
2022-10-28,7호선,사가정,18186,18224
2022-10-28,7호선,용마산,6798,6399
2022-10-28,7호선,중곡,12361,11332
2022-10-28,7호선,군자,16968,13100
2022-10-28,7호선,어린이대공원,19379,18575
2022-10-28,7호선,건대입구,14571,15595
2022-10-28,7호선,뚝섬유원지,11101,10627
2022-10-28,7호선,청담,21901,24519
2022-10-28,7호선,강남구청,18698,21200
2022-10-28,7호선,학동,25452,27570
2022-10-28,7호선,논현,20784,22249
2022-10-28,7호선,반포,7212,6856
2022-10-28,7호선,고속터미널,20732,15819
2022-10-28,7호선,내방,16404,16673
2022-10-28,7호선,이수,18154,17232
2022-10-28,7호선,남성,13117,11744
2022-10-28,7호선,숭실대입구,15998,15457
2022-10-28,7호선,상도,13862,13085
2022-10-28,7호선,장승배기,10020,9821
2022-10-28,7호선,신대방삼거리,16982,15636
2022-10-28,7호선,보라매,8378,8356
2022-10-28,7호선,신풍,12820,12010
2022-10-28,7호선,대림,8367,8921
2022-10-28,7호선,남구로,16681,17574
2022-10-28,7호선,가산디지털단지,48021,47875
2022-10-28,7호선,철산,24578,25209
2022-10-28,7호선,광명사거리,23849,23357
2022-10-28,7호선,천왕,13030,12157
2022-10-28,7호선,온수,12110,11228
2022-10-28,7호선,부천종합운동장,1,0
2022-10-29,7호선,상도,9514,8455
2022-10-29,7호선,장암,2025,1543
2022-10-29,7호선,도봉산,8778,11811
2022-10-29,7호선,수락산,11827,11316
2022-10-29,7호선,마들,10917,9716
2022-10-29,7호선,노원,17372,18182
2022-10-29,7호선,중계,11265,9748
2022-10-29,7호선,하계,16864,15599
2022-10-29,7호선,공릉,10672,10132
2022-10-29,7호선,태릉입구,7866,7319
2022-10-29,7호선,먹골,8683,8280
2022-10-29,7호선,중화,8665,8057
2022-10-29,7호선,상봉,15547,14683
2022-10-29,7호선,면목,12781,11591
2022-10-29,7호선,사가정,13867,13039
2022-10-29,7호선,용마산,5391,5496
2022-10-29,7호선,중곡,7975,7252
2022-10-29,7호선,군자,12230,9033
2022-10-29,7호선,어린이대공원,14467,14063
2022-10-29,7호선,건대입구,12289,12942
2022-10-29,7호선,뚝섬유원지,11028,10185
2022-10-29,7호선,청담,12888,14264
2022-10-29,7호선,강남구청,11618,13326
2022-10-29,7호선,학동,13004,13971
2022-10-29,7호선,논현,11087,11965
2022-10-29,7호선,반포,5376,5277
2022-10-29,7호선,고속터미널,19097,13350
2022-10-29,7호선,내방,8660,8393
2022-10-29,7호선,이수,13740,12604
2022-10-29,7호선,남성,8883,7990
2022-10-29,7호선,숭실대입구,10836,10347
2022-10-29,7호선,장승배기,7309,6938
2022-10-29,7호선,신대방삼거리,12162,11195
2022-10-29,7호선,보라매,6341,6191
2022-10-29,7호선,신풍,9190,8408
2022-10-29,7호선,대림,7987,8752
2022-10-29,7호선,남구로,8845,9254
2022-10-29,7호선,가산디지털단지,16576,14957
2022-10-29,7호선,철산,17940,17872
2022-10-29,7호선,광명사거리,18667,18071
2022-10-29,7호선,천왕,8043,7348
2022-10-29,7호선,온수,6356,6183
2022-10-29,7호선,까치울,1,0
2022-10-30,7호선,장암,1627,1008
2022-10-30,7호선,도봉산,6835,9804
2022-10-30,7호선,수락산,8804,8792
2022-10-30,7호선,마들,6738,6300
2022-10-30,7호선,노원,11705,11717
2022-10-30,7호선,중계,7654,7115
2022-10-30,7호선,하계,11787,11640
2022-10-30,7호선,공릉,7255,7358
2022-10-30,7호선,태릉입구,5760,5552
2022-10-30,7호선,먹골,5867,5764
2022-10-30,7호선,중화,6207,5886
2022-10-30,7호선,상봉,10610,9875
2022-10-30,7호선,면목,8550,8369
2022-10-30,7호선,사가정,9781,9534
2022-10-30,7호선,용마산,3422,3798
2022-10-30,7호선,중곡,5867,5699
2022-10-30,7호선,군자,8465,6508
2022-10-30,7호선,어린이대공원,9968,10120
2022-10-30,7호선,건대입구,8241,8606
2022-10-30,7호선,뚝섬유원지,8464,7802
2022-10-30,7호선,청담,8365,8887
2022-10-30,7호선,강남구청,6605,7278
2022-10-30,7호선,학동,7501,7858
2022-10-30,7호선,논현,6251,6225
2022-10-30,7호선,반포,3226,3308
2022-10-30,7호선,고속터미널,16774,9916
2022-10-30,7호선,내방,5512,5670
2022-10-30,7호선,이수,9162,8515
2022-10-30,7호선,남성,6054,6037
2022-10-30,7호선,숭실대입구,6724,7414
2022-10-30,7호선,상도,6319,6527
2022-10-30,7호선,장승배기,5003,5040
2022-10-30,7호선,신대방삼거리,8476,8325
2022-10-30,7호선,보라매,4291,4371
2022-10-30,7호선,신풍,7047,6783
2022-10-30,7호선,대림,8724,8121
2022-10-30,7호선,남구로,7558,7204
2022-10-30,7호선,가산디지털단지,11863,10989
2022-10-30,7호선,철산,11927,11868
2022-10-30,7호선,광명사거리,13113,13130
2022-10-30,7호선,천왕,5403,5369
2022-10-30,7호선,온수,4374,4535
2022-10-31,7호선,장암,2663,918
2022-10-31,7호선,도봉산,10958,12179
2022-10-31,7호선,수락산,13503,13464
2022-10-31,7호선,마들,14046,13130
2022-10-31,7호선,노원,20636,21823
2022-10-31,7호선,중계,15692,14439
2022-10-31,7호선,하계,18879,17819
2022-10-31,7호선,공릉,13109,13077
2022-10-31,7호선,태릉입구,10003,9409
2022-10-31,7호선,먹골,10748,10485
2022-10-31,7호선,중화,11267,11112
2022-10-31,7호선,상봉,17394,16669
2022-10-31,7호선,면목,17363,16952
2022-10-31,7호선,사가정,17133,17245
2022-10-31,7호선,용마산,6268,6079
2022-10-31,7호선,중곡,11836,11022
2022-10-31,7호선,군자,15662,12689
2022-10-31,7호선,어린이대공원,18676,19546
2022-10-31,7호선,건대입구,13781,14470
2022-10-31,7호선,뚝섬유원지,8677,8356
2022-10-31,7호선,청담,21161,23248
2022-10-31,7호선,강남구청,17549,19356
2022-10-31,7호선,학동,25726,27230
2022-10-31,7호선,논현,19886,20406
2022-10-31,7호선,반포,6655,6394
2022-10-31,7호선,고속터미널,17079,14181
2022-10-31,7호선,내방,15981,16211
2022-10-31,7호선,이수,16212,15580
2022-10-31,7호선,남성,12229,11449
2022-10-31,7호선,숭실대입구,16785,17185
2022-10-31,7호선,상도,13436,13359
2022-10-31,7호선,장승배기,9736,9734
2022-10-31,7호선,신대방삼거리,15980,15504
2022-10-31,7호선,보라매,7899,8076
2022-10-31,7호선,신풍,12409,11658
2022-10-31,7호선,대림,8368,8439
2022-10-31,7호선,남구로,16839,17560
2022-10-31,7호선,가산디지털단지,48261,48639
2022-10-31,7호선,철산,22725,23210
2022-10-31,7호선,광명사거리,22383,21806
2022-10-31,7호선,천왕,12767,12207
2022-10-31,7호선,온수,11834,11001
2022-11-01,7호선,장암,2696,962
2022-11-01,7호선,도봉산,10725,12174
2022-11-01,7호선,마들,14273,13470
2022-11-01,7호선,노원,20944,21978
2022-11-01,7호선,중계,16148,14761
2022-11-01,7호선,하계,19590,18510
2022-11-01,7호선,공릉,13465,13366
2022-11-01,7호선,태릉입구,10094,9678
2022-11-01,7호선,먹골,11051,10743
2022-11-01,7호선,중화,11552,11512
2022-11-01,7호선,상봉,17796,16968
2022-11-01,7호선,면목,17637,17051
2022-11-01,7호선,사가정,17358,17542
2022-11-01,7호선,고속터미널,15911,13797
2022-11-01,7호선,용마산,6501,6312
2022-11-01,7호선,중곡,12285,11335
2022-11-01,7호선,군자,16052,12784
2022-11-01,7호선,어린이대공원,18941,19599
2022-11-01,7호선,건대입구,13989,14610
2022-11-01,7호선,뚝섬유원지,8883,8655
2022-11-01,7호선,청담,21952,24261
2022-11-01,7호선,강남구청,18494,20593
2022-11-01,7호선,학동,26599,27770
2022-11-01,7호선,논현,20399,21097
2022-11-01,7호선,온수,11957,10949
2022-11-01,7호선,천왕,12793,12147
2022-11-01,7호선,광명사거리,22552,22313
2022-11-01,7호선,철산,23110,23721
2022-11-01,7호선,가산디지털단지,48893,49190
2022-11-01,7호선,남구로,17099,17843
2022-11-01,7호선,대림,8430,8393
2022-11-01,7호선,신풍,12518,11898
2022-11-01,7호선,보라매,7980,8069
2022-11-01,7호선,신대방삼거리,16541,15790
2022-11-01,7호선,장승배기,9866,9911
2022-11-01,7호선,상도,13825,13449
2022-11-01,7호선,숭실대입구,17342,17685
2022-11-01,7호선,남성,12707,11817
2022-11-01,7호선,이수,17217,16478
2022-11-01,7호선,내방,16180,16438
2022-11-01,7호선,수락산,13828,13575
2022-11-01,7호선,반포,6769,6603
2022-11-02,7호선,중계,16407,15121
2022-11-02,7호선,장암,2645,988
2022-11-02,7호선,도봉산,10716,12234
2022-11-02,7호선,수락산,13852,13740
2022-11-02,7호선,마들,14225,13360
2022-11-02,7호선,노원,20764,21973
2022-11-02,7호선,하계,20129,19022
2022-11-02,7호선,공릉,13475,13423
2022-11-02,7호선,태릉입구,10353,9817
2022-11-02,7호선,먹골,10901,10591
2022-11-02,7호선,중화,11712,11366
2022-11-02,7호선,상봉,18075,17051
2022-11-02,7호선,면목,17563,17187
2022-11-02,7호선,사가정,17521,17383
2022-11-02,7호선,용마산,6444,6348
2022-11-02,7호선,중곡,12237,11323
2022-11-02,7호선,군자,16120,13004
2022-11-02,7호선,어린이대공원,19194,20015
2022-11-02,7호선,건대입구,14245,14875
2022-11-02,7호선,뚝섬유원지,8924,8658
2022-11-02,7호선,청담,22014,24348
2022-11-02,7호선,강남구청,18707,20764
2022-11-02,7호선,학동,26764,28184
2022-11-02,7호선,논현,20416,21193
2022-11-02,7호선,고속터미널,15655,13710
2022-11-02,7호선,내방,16614,16765
2022-11-02,7호선,이수,17092,16266
2022-11-02,7호선,남성,12508,11643
2022-11-02,7호선,숭실대입구,17326,17432
2022-11-02,7호선,상도,13726,13592
2022-11-02,7호선,장승배기,9804,9707
2022-11-02,7호선,신대방삼거리,16616,15884
2022-11-02,7호선,보라매,8045,8206
2022-11-02,7호선,신풍,12668,11873
2022-11-02,7호선,대림,8377,8526
2022-11-02,7호선,남구로,16980,17953
2022-11-02,7호선,가산디지털단지,48777,49183
2022-11-02,7호선,철산,23450,23917
2022-11-02,7호선,광명사거리,22987,22712
2022-11-02,7호선,천왕,13408,12805
2022-11-02,7호선,온수,12018,11090
2022-11-02,7호선,부천시청,1,0
2022-11-02,7호선,반포,7056,6885
2022-11-03,7호선,장암,2680,1022
2022-11-03,7호선,도봉산,10535,12147
2022-11-03,7호선,수락산,13470,13382
2022-11-03,7호선,마들,14354,13506
2022-11-03,7호선,노원,20219,21536
2022-11-03,7호선,중계,16287,15037
2022-11-03,7호선,하계,19433,18386
2022-11-03,7호선,공릉,13500,13198
2022-11-03,7호선,태릉입구,10285,9558
2022-11-03,7호선,먹골,10984,10777
2022-11-03,7호선,중화,11610,11407
2022-11-03,7호선,상봉,17993,17163
2022-11-03,7호선,면목,17467,17049
2022-11-03,7호선,사가정,17647,17705
2022-11-03,7호선,용마산,6467,6242
2022-11-03,7호선,중곡,11937,11017
2022-11-03,7호선,군자,16307,12973
2022-11-03,7호선,어린이대공원,19282,20096
2022-11-03,7호선,건대입구,14441,14933
2022-11-03,7호선,뚝섬유원지,8456,8196
2022-11-03,7호선,청담,21708,24340
2022-11-03,7호선,강남구청,18593,20739
2022-11-03,7호선,학동,26520,28180
2022-11-03,7호선,논현,20123,21270
2022-11-03,7호선,반포,6826,6691
2022-11-03,7호선,고속터미널,16462,13869
2022-11-03,7호선,내방,16313,16629
2022-11-03,7호선,이수,17149,15988
2022-11-03,7호선,남성,12594,11810
2022-11-03,7호선,숭실대입구,16730,16933
2022-11-03,7호선,상도,13591,13500
2022-11-03,7호선,장승배기,9957,9634
2022-11-03,7호선,신대방삼거리,16619,15639
2022-11-03,7호선,보라매,7880,8118
2022-11-03,7호선,신풍,12434,11742
2022-11-03,7호선,대림,8265,8312
2022-11-03,7호선,남구로,16788,17684
2022-11-03,7호선,가산디지털단지,48839,49172
2022-11-03,7호선,철산,23341,23926
2022-11-03,7호선,광명사거리,22527,22386
2022-11-03,7호선,천왕,12912,12415
2022-11-03,7호선,온수,11920,11177
2022-11-04,7호선,온수,11726,10839
2022-11-04,7호선,천왕,13100,12234
2022-11-04,7호선,광명사거리,23346,23084
2022-11-04,7호선,철산,23759,24553
2022-11-04,7호선,가산디지털단지,48849,48216
2022-11-04,7호선,남구로,16240,17218
2022-11-04,7호선,대림,8546,8939
2022-11-04,7호선,신풍,12514,11876
2022-11-04,7호선,보라매,8172,8045
2022-11-04,7호선,신대방삼거리,16654,15673
2022-11-04,7호선,장승배기,9976,9788
2022-11-04,7호선,상도,13964,12968
2022-11-04,7호선,숭실대입구,15887,15481
2022-11-04,7호선,남성,12837,11538
2022-11-04,7호선,이수,17918,17034
2022-11-04,7호선,내방,16356,16469
2022-11-04,7호선,고속터미널,20073,15815
2022-11-04,7호선,반포,7114,6765
2022-11-04,7호선,논현,20403,21641
2022-11-04,7호선,학동,25793,27445
2022-11-04,7호선,강남구청,18460,20660
2022-11-04,7호선,청담,21294,24094
2022-11-04,7호선,뚝섬유원지,8488,8272
2022-11-04,7호선,건대입구,14762,15347
2022-11-04,7호선,어린이대공원,18376,18130
2022-11-04,7호선,군자,16628,12999
2022-11-04,7호선,중곡,12262,11160
2022-11-04,7호선,용마산,6634,6320
2022-11-04,7호선,사가정,17764,17721
2022-11-04,7호선,면목,17399,16783
2022-11-04,7호선,상봉,18367,18080
2022-11-04,7호선,중화,11818,11566
2022-11-04,7호선,먹골,11127,10795
2022-11-04,7호선,태릉입구,10204,9501
2022-11-04,7호선,공릉,13859,13354
2022-11-04,7호선,하계,19386,17860
2022-11-04,7호선,중계,16160,14487
2022-11-04,7호선,노원,22028,23674
2022-11-04,7호선,마들,14396,13383
2022-11-04,7호선,수락산,13848,13593
2022-11-04,7호선,도봉산,10155,11614
2022-11-04,7호선,장암,2581,1109
2022-11-05,7호선,온수,6084,6019
2022-11-05,7호선,천왕,7707,7305
2022-11-05,7호선,광명사거리,17594,17690
2022-11-05,7호선,철산,16766,16740
2022-11-05,7호선,가산디지털단지,16828,15221
2022-11-05,7호선,남구로,8742,9124
2022-11-05,7호선,대림,7746,8596
2022-11-05,7호선,신풍,8671,8189
2022-11-05,7호선,보라매,6507,6505
2022-11-05,7호선,신대방삼거리,11798,10709
2022-11-05,7호선,장승배기,7638,7296
2022-11-05,7호선,상도,9271,8385
2022-11-05,7호선,숭실대입구,10032,9493
2022-11-05,7호선,남성,8432,7579
2022-11-05,7호선,이수,13563,12522
2022-11-05,7호선,내방,8380,8312
2022-11-05,7호선,고속터미널,18024,13467
2022-11-05,7호선,반포,5119,4944
2022-11-05,7호선,논현,10612,11339
2022-11-05,7호선,학동,12063,12662
2022-11-05,7호선,강남구청,11186,12544
2022-11-05,7호선,청담,12503,13721
2022-11-05,7호선,뚝섬유원지,8334,7711
2022-11-05,7호선,건대입구,12583,13280
2022-11-05,7호선,어린이대공원,13122,12697
2022-11-05,7호선,군자,11951,8726
2022-11-05,7호선,중곡,7553,7018
2022-11-05,7호선,용마산,5054,5163
2022-11-05,7호선,사가정,13157,12722
2022-11-05,7호선,면목,11874,11155
2022-11-05,7호선,상봉,14460,13839
2022-11-05,7호선,중화,8341,7848
2022-11-05,7호선,먹골,8009,7539
2022-11-05,7호선,태릉입구,7606,6785
2022-11-05,7호선,공릉,9826,9526
2022-11-05,7호선,하계,13548,12422
2022-11-05,7호선,중계,10410,9102
2022-11-05,7호선,노원,16556,17399
2022-11-05,7호선,마들,9805,8894
2022-11-05,7호선,수락산,10962,10484
2022-11-05,7호선,도봉산,7542,10394
2022-11-05,7호선,장암,1778,1257
2022-11-06,7호선,장암,1523,1082
2022-11-06,7호선,도봉산,6252,9046
2022-11-06,7호선,수락산,8923,8692
2022-11-06,7호선,마들,6584,6224
2022-11-06,7호선,노원,11572,11583
2022-11-06,7호선,중계,7612,6980
2022-11-06,7호선,하계,10192,9748
2022-11-06,7호선,공릉,6930,7230
2022-11-06,7호선,태릉입구,5487,5312
2022-11-06,7호선,먹골,5674,5630
2022-11-06,7호선,중화,6453,6429
2022-11-06,7호선,상봉,10466,10067
2022-11-06,7호선,면목,8505,8497
2022-11-06,7호선,사가정,9527,9220
2022-11-06,7호선,용마산,3652,4086
2022-11-06,7호선,중곡,5875,5648
2022-11-06,7호선,군자,9189,6700
2022-11-06,7호선,어린이대공원,9048,9447
2022-11-06,7호선,건대입구,8511,9076
2022-11-06,7호선,뚝섬유원지,6796,6423
2022-11-06,7호선,청담,7490,8350
2022-11-06,7호선,강남구청,6639,7315
2022-11-06,7호선,학동,7683,8065
2022-11-06,7호선,논현,5789,6160
2022-11-06,7호선,반포,3239,3310
2022-11-06,7호선,고속터미널,16324,9678
2022-11-06,7호선,내방,5693,5839
2022-11-06,7호선,이수,8993,8419
2022-11-06,7호선,남성,5982,5989
2022-11-06,7호선,숭실대입구,6546,7032
2022-11-06,7호선,상도,6162,6433
2022-11-06,7호선,장승배기,4970,4986
2022-11-06,7호선,신대방삼거리,8158,8032
2022-11-06,7호선,보라매,4102,4126
2022-11-06,7호선,신풍,7077,6680
2022-11-06,7호선,대림,9011,8382
2022-11-06,7호선,남구로,7548,7238
2022-11-06,7호선,가산디지털단지,12660,11468
2022-11-06,7호선,철산,12140,11873
2022-11-06,7호선,광명사거리,13601,13237
2022-11-06,7호선,천왕,5506,5422
2022-11-06,7호선,온수,4484,4629
2022-11-07,7호선,온수,13935,12773
2022-11-07,7호선,천왕,12865,12549
2022-11-07,7호선,광명사거리,22542,22034
2022-11-07,7호선,철산,23424,23176
2022-11-07,7호선,가산디지털단지,50769,50322
2022-11-07,7호선,남구로,17284,17906
2022-11-07,7호선,대림,8707,8736
2022-11-07,7호선,신풍,12479,11828
2022-11-07,7호선,보라매,8098,8472
2022-11-07,7호선,신대방삼거리,16012,15507
2022-11-07,7호선,장승배기,10100,10047
2022-11-07,7호선,상도,13460,13654
2022-11-07,7호선,숭실대입구,16794,17172
2022-11-07,7호선,남성,12297,11773
2022-11-07,7호선,이수,16717,15486
2022-11-07,7호선,내방,16129,16193
2022-11-07,7호선,고속터미널,18949,14796
2022-11-07,7호선,반포,6482,6453
2022-11-07,7호선,논현,20002,20503
2022-11-07,7호선,학동,25998,27355
2022-11-07,7호선,강남구청,17694,19402
2022-11-07,7호선,청담,21384,23631
2022-11-07,7호선,뚝섬유원지,8010,7832
2022-11-07,7호선,건대입구,13304,13929
2022-11-07,7호선,어린이대공원,18582,19703
2022-11-07,7호선,군자,16080,12652
2022-11-07,7호선,중곡,11481,10637
2022-11-07,7호선,용마산,6302,6078
2022-11-07,7호선,사가정,17195,17310
2022-11-07,7호선,면목,17209,16852
2022-11-07,7호선,상봉,17877,17161
2022-11-07,7호선,중화,11813,11712
2022-11-07,7호선,먹골,10704,10504
2022-11-07,7호선,태릉입구,10059,9542
2022-11-07,7호선,공릉,13487,13559
2022-11-07,7호선,하계,19691,18595
2022-11-07,7호선,중계,16189,14878
2022-11-07,7호선,노원,19661,20652
2022-11-07,7호선,마들,14027,13138
2022-11-07,7호선,수락산,13295,13257
2022-11-07,7호선,도봉산,10714,12760
2022-11-07,7호선,장암,2771,1019
2022-11-08,7호선,장암,2725,967
2022-11-08,7호선,도봉산,10750,12298
2022-11-08,7호선,수락산,13895,13729
2022-11-08,7호선,마들,14449,13399
2022-11-08,7호선,노원,20784,22010
2022-11-08,7호선,중계,16414,15033
2022-11-08,7호선,하계,19837,18657
2022-11-08,7호선,공릉,13581,13370
2022-11-08,7호선,태릉입구,10299,9502
2022-11-08,7호선,먹골,10888,10631
2022-11-08,7호선,중화,11818,11699
2022-11-08,7호선,상봉,17844,16984
2022-11-08,7호선,면목,17704,17078
2022-11-08,7호선,사가정,17787,17596
2022-11-08,7호선,용마산,6546,6218
2022-11-08,7호선,중곡,11910,10988
2022-11-08,7호선,군자,17079,12973
2022-11-08,7호선,어린이대공원,19021,19440
2022-11-08,7호선,건대입구,14090,14557
2022-11-08,7호선,뚝섬유원지,8666,8248
2022-11-08,7호선,청담,22182,24556
2022-11-08,7호선,강남구청,18413,20513
2022-11-08,7호선,학동,26469,27662
2022-11-08,7호선,논현,20465,21159
2022-11-08,7호선,반포,6785,6538
2022-11-08,7호선,고속터미널,16594,14450
2022-11-08,7호선,내방,16424,16621
2022-11-08,7호선,이수,17044,16192
2022-11-08,7호선,남성,12726,11957
2022-11-08,7호선,숭실대입구,17153,17344
2022-11-08,7호선,상도,13874,13584
2022-11-08,7호선,장승배기,10111,9826
2022-11-08,7호선,신대방삼거리,16519,15980
2022-11-08,7호선,보라매,8145,8343
2022-11-08,7호선,신풍,12680,11824
2022-11-08,7호선,대림,8467,8657
2022-11-08,7호선,남구로,17105,17833
2022-11-08,7호선,가산디지털단지,49547,50050
2022-11-08,7호선,철산,23341,23726
2022-11-08,7호선,광명사거리,22723,22340
2022-11-08,7호선,천왕,13063,12492
2022-11-08,7호선,온수,12719,11534
2022-11-09,7호선,장암,2635,1022
2022-11-09,7호선,도봉산,10627,12091
2022-11-09,7호선,수락산,13759,13573
2022-11-09,7호선,마들,14424,13377
2022-11-09,7호선,노원,20747,21895
2022-11-09,7호선,중계,16695,15271
2022-11-09,7호선,하계,20509,19390
2022-11-09,7호선,공릉,13423,13391
2022-11-09,7호선,태릉입구,10306,9627
2022-11-09,7호선,먹골,11049,10779
2022-11-09,7호선,중화,11733,11563
2022-11-09,7호선,상봉,18055,17103
2022-11-09,7호선,면목,17563,17071
2022-11-09,7호선,사가정,17922,17682
2022-11-09,7호선,용마산,6538,6348
2022-11-09,7호선,중곡,11736,11041
2022-11-09,7호선,군자,17231,13027
2022-11-09,7호선,어린이대공원,18953,19359
2022-11-09,7호선,건대입구,14059,14464
2022-11-09,7호선,뚝섬유원지,8368,8230
2022-11-09,7호선,청담,21909,24329
2022-11-09,7호선,강남구청,18589,20559
2022-11-09,7호선,학동,26644,27984
2022-11-09,7호선,논현,20402,20989
2022-11-09,7호선,반포,6674,6514
2022-11-09,7호선,고속터미널,16188,14086
2022-11-09,7호선,내방,16563,16745
2022-11-09,7호선,이수,17483,16419
2022-11-09,7호선,남성,12597,11698
2022-11-09,7호선,숭실대입구,17194,17327
2022-11-09,7호선,상도,13699,13549
2022-11-09,7호선,장승배기,10003,9826
2022-11-09,7호선,신대방삼거리,16667,15958
2022-11-09,7호선,보라매,8179,8351
2022-11-09,7호선,신풍,12557,11796
2022-11-09,7호선,대림,8358,8469
2022-11-09,7호선,남구로,17013,17786
2022-11-09,7호선,가산디지털단지,48801,49198
2022-11-09,7호선,철산,23287,23707
2022-11-09,7호선,광명사거리,22957,22642
2022-11-09,7호선,천왕,12928,12433
2022-11-09,7호선,온수,12315,11239
2022-11-09,7호선,부천시청,1,0
2022-11-10,7호선,장암,2738,1092
2022-11-10,7호선,도봉산,10283,11838
2022-11-10,7호선,수락산,13973,13646
2022-11-10,7호선,마들,14389,13365
2022-11-10,7호선,노원,20202,21693
2022-11-10,7호선,중계,16584,14945
2022-11-10,7호선,하계,19481,18128
2022-11-10,7호선,공릉,13564,13378
2022-11-10,7호선,태릉입구,10339,9712
2022-11-10,7호선,먹골,10883,10639
2022-11-10,7호선,중화,11482,11399
2022-11-10,7호선,상봉,18015,17236
2022-11-10,7호선,면목,17635,16907
2022-11-10,7호선,사가정,17845,17614
2022-11-10,7호선,용마산,6594,6263
2022-11-10,7호선,중곡,11986,11064
2022-11-10,7호선,군자,17377,12895
2022-11-10,7호선,어린이대공원,19233,19480
2022-11-10,7호선,건대입구,14103,14682
2022-11-10,7호선,뚝섬유원지,8454,8229
2022-11-10,7호선,청담,21684,24330
2022-11-10,7호선,강남구청,18569,20812
2022-11-10,7호선,학동,26422,28104
2022-11-10,7호선,논현,20394,21211
2022-11-10,7호선,반포,6840,6610
2022-11-10,7호선,고속터미널,17504,14778
2022-11-10,7호선,내방,16619,16731
2022-11-10,7호선,이수,17175,16321
2022-11-10,7호선,남성,12612,11787
2022-11-10,7호선,숭실대입구,16562,16779
2022-11-10,7호선,상도,13806,13460
2022-11-10,7호선,장승배기,9904,9672
2022-11-10,7호선,신대방삼거리,16391,15577
2022-11-10,7호선,보라매,8110,8289
2022-11-10,7호선,신풍,12399,11789
2022-11-10,7호선,대림,8437,8576
2022-11-10,7호선,남구로,16632,17583
2022-11-10,7호선,가산디지털단지,48752,49394
2022-11-10,7호선,철산,23376,23679
2022-11-10,7호선,광명사거리,22949,22602
2022-11-10,7호선,천왕,13018,12428
2022-11-10,7호선,온수,12104,11247
2022-11-11,7호선,장암,2718,1177
2022-11-11,7호선,도봉산,10237,11666
2022-11-11,7호선,수락산,14009,13660
2022-11-11,7호선,마들,14520,13415
2022-11-11,7호선,노원,21899,23703
2022-11-11,7호선,중계,16272,14342
2022-11-11,7호선,하계,19632,18201
2022-11-11,7호선,공릉,14105,13440
2022-11-11,7호선,태릉입구,10296,9346
2022-11-11,7호선,먹골,11139,10759
2022-11-11,7호선,중화,11924,11509
2022-11-11,7호선,상봉,18658,18305
2022-11-11,7호선,면목,17526,16568
2022-11-11,7호선,사가정,17985,17892
2022-11-11,7호선,용마산,6671,6283
2022-11-11,7호선,중곡,12169,11054
2022-11-11,7호선,군자,16812,12954
2022-11-11,7호선,어린이대공원,18224,17605
2022-11-11,7호선,건대입구,14613,15860
2022-11-11,7호선,뚝섬유원지,9611,8951
2022-11-11,7호선,청담,21755,24385
2022-11-11,7호선,강남구청,18562,20854
2022-11-11,7호선,학동,25465,27268
2022-11-11,7호선,논현,20731,22065
2022-11-11,7호선,고속터미널,20661,16095
2022-11-11,7호선,내방,16223,16339
2022-11-11,7호선,이수,18527,17368
2022-11-11,7호선,남성,12765,11625
2022-11-11,7호선,숭실대입구,15628,15249
2022-11-11,7호선,상도,13923,13132
2022-11-11,7호선,장승배기,10265,9886
2022-11-11,7호선,신대방삼거리,16792,15644
2022-11-11,7호선,보라매,8243,8313
2022-11-11,7호선,신풍,12729,11767
2022-11-11,7호선,대림,8452,8834
2022-11-11,7호선,남구로,16192,17239
2022-11-11,7호선,가산디지털단지,47382,47311
2022-11-11,7호선,철산,23797,24656
2022-11-11,7호선,광명사거리,23381,22906
2022-11-11,7호선,천왕,12935,12111
2022-11-11,7호선,온수,11660,10762
2022-11-11,7호선,까치울,1,0
2022-11-11,7호선,반포,7106,6774
2022-11-12,7호선,장암,1715,1159
2022-11-12,7호선,도봉산,6824,9170
2022-11-12,7호선,수락산,10408,10269
2022-11-12,7호선,마들,9301,8713
2022-11-12,7호선,노원,16570,16403
2022-11-12,7호선,중계,10006,9086
2022-11-12,7호선,하계,13121,12543
2022-11-12,7호선,공릉,9533,9145
2022-11-12,7호선,태릉입구,7362,6415
2022-11-12,7호선,먹골,7903,7510
2022-11-12,7호선,중화,8256,7803
2022-11-12,7호선,상봉,13997,13302
2022-11-12,7호선,면목,11360,10775
2022-11-12,7호선,사가정,12649,12127
2022-11-12,7호선,용마산,4569,4629
2022-11-12,7호선,중곡,7139,6775
2022-11-12,7호선,군자,11474,8555
2022-11-12,7호선,어린이대공원,11933,11202
2022-11-12,7호선,건대입구,11746,12935
2022-11-12,7호선,뚝섬유원지,6087,5852
2022-11-12,7호선,청담,12602,13739
2022-11-12,7호선,강남구청,10937,12274
2022-11-12,7호선,학동,12255,13014
2022-11-12,7호선,논현,10193,11077
2022-11-12,7호선,반포,5057,4895
2022-11-12,7호선,고속터미널,18533,13550
2022-11-12,7호선,내방,8395,8315
2022-11-12,7호선,이수,13017,12144
2022-11-12,7호선,남성,8220,7668
2022-11-12,7호선,숭실대입구,9622,9511
2022-11-12,7호선,상도,8816,7932
2022-11-12,7호선,장승배기,6928,6666
2022-11-12,7호선,신대방삼거리,11278,10664
2022-11-12,7호선,보라매,5820,5782
2022-11-12,7호선,신풍,8794,8290
2022-11-12,7호선,대림,7967,8550
2022-11-12,7호선,남구로,8621,9378
2022-11-12,7호선,가산디지털단지,15888,13940
2022-11-12,7호선,철산,16288,16363
2022-11-12,7호선,광명사거리,16941,16633
2022-11-12,7호선,천왕,7365,6902
2022-11-12,7호선,온수,5770,5761
2022-11-13,7호선,장암,1252,748
2022-11-13,7호선,도봉산,5202,7195
2022-11-13,7호선,수락산,7753,7576
2022-11-13,7호선,마들,6138,5545
2022-11-13,7호선,노원,11274,11564
2022-11-13,7호선,중계,7086,6500
2022-11-13,7호선,하계,9631,9279
2022-11-13,7호선,공릉,6505,6812
2022-11-13,7호선,태릉입구,5354,5202
2022-11-13,7호선,먹골,5567,5420
2022-11-13,7호선,중화,5820,5690
2022-11-13,7호선,상봉,9542,8836
2022-11-13,7호선,면목,8165,7900
2022-11-13,7호선,사가정,8920,8741
2022-11-13,7호선,용마산,3093,3305
2022-11-13,7호선,중곡,5525,5264
2022-11-13,7호선,군자,8294,6414
2022-11-13,7호선,어린이대공원,8418,8597
2022-11-13,7호선,건대입구,7933,8777
2022-11-13,7호선,뚝섬유원지,5581,5283
2022-11-13,7호선,청담,7347,8072
2022-11-13,7호선,강남구청,6335,7141
2022-11-13,7호선,학동,7565,8055
2022-11-13,7호선,논현,6016,6031
2022-11-13,7호선,반포,2999,3052
2022-11-13,7호선,고속터미널,16324,9433
2022-11-13,7호선,내방,5348,5597
2022-11-13,7호선,이수,9047,8349
2022-11-13,7호선,남성,5681,5800
2022-11-13,7호선,숭실대입구,6387,6814
2022-11-13,7호선,상도,6051,6299
2022-11-13,7호선,장승배기,4800,4857
2022-11-13,7호선,신대방삼거리,7974,7923
2022-11-13,7호선,보라매,4169,4193
2022-11-13,7호선,신풍,6826,6504
2022-11-13,7호선,대림,9162,8437
2022-11-13,7호선,남구로,7262,7202
2022-11-13,7호선,가산디지털단지,12214,11154
2022-11-13,7호선,철산,11512,11438
2022-11-13,7호선,광명사거리,12970,12911
2022-11-13,7호선,천왕,5420,5264
2022-11-13,7호선,온수,4187,4354
2022-11-14,7호선,장암,2639,961
2022-11-14,7호선,도봉산,10075,11077
2022-11-14,7호선,수락산,13088,13030
2022-11-14,7호선,마들,13782,12827
2022-11-14,7호선,노원,20090,21194
2022-11-14,7호선,중계,15561,14246
2022-11-14,7호선,하계,18900,17642
2022-11-14,7호선,공릉,12855,12869
2022-11-14,7호선,태릉입구,9780,9282
2022-11-14,7호선,먹골,10521,10412
2022-11-14,7호선,중화,11151,11076
2022-11-14,7호선,상봉,17250,16436
2022-11-14,7호선,면목,16880,16576
2022-11-14,7호선,사가정,16992,17144
2022-11-14,7호선,용마산,6270,6080
2022-11-14,7호선,중곡,11237,10581
2022-11-14,7호선,군자,15559,12410
2022-11-14,7호선,어린이대공원,18083,18980
2022-11-14,7호선,건대입구,13557,14106
2022-11-14,7호선,뚝섬유원지,7749,7523
2022-11-14,7호선,청담,21227,23297
2022-11-14,7호선,강남구청,17305,19094
2022-11-14,7호선,학동,25739,26827
2022-11-14,7호선,논현,19788,20275
2022-11-14,7호선,고속터미널,17218,14180
2022-11-14,7호선,내방,15841,16054
2022-11-14,7호선,이수,16332,15338
2022-11-14,7호선,남성,12068,11474
2022-11-14,7호선,숭실대입구,16362,16664
2022-11-14,7호선,반포,6452,6374
2022-11-14,7호선,상도,13089,13081
2022-11-14,7호선,장승배기,9867,9626
2022-11-14,7호선,신대방삼거리,15871,15474
2022-11-14,7호선,보라매,7773,7949
2022-11-14,7호선,신풍,12149,11503
2022-11-14,7호선,대림,8534,8493
2022-11-14,7호선,남구로,16811,17568
2022-11-14,7호선,가산디지털단지,48560,48468
2022-11-14,7호선,철산,22588,22984
2022-11-14,7호선,광명사거리,22287,21782
2022-11-14,7호선,천왕,12407,11855
2022-11-14,7호선,온수,11681,10855
2022-11-15,7호선,장암,2700,1003
2022-11-15,7호선,도봉산,10361,11643
2022-11-15,7호선,수락산,13560,13544
2022-11-15,7호선,마들,14218,13321
2022-11-15,7호선,노원,20712,21565
2022-11-15,7호선,중계,15989,14809
2022-11-15,7호선,하계,18995,17938
2022-11-15,7호선,공릉,13328,13135
2022-11-15,7호선,태릉입구,10324,9588
2022-11-15,7호선,먹골,10841,10613
2022-11-15,7호선,중화,11457,11382
2022-11-15,7호선,상봉,17729,16787
2022-11-15,7호선,면목,17593,17027
2022-11-15,7호선,사가정,17620,17642
2022-11-15,7호선,용마산,6374,6184
2022-11-15,7호선,중곡,11520,10857
2022-11-15,7호선,군자,16115,12998
2022-11-15,7호선,어린이대공원,19180,19734
2022-11-15,7호선,건대입구,14154,14992
2022-11-15,7호선,뚝섬유원지,7883,7721
2022-11-15,7호선,청담,21900,24537
2022-11-15,7호선,강남구청,18296,20647
2022-11-15,7호선,학동,26383,27987
2022-11-15,7호선,논현,20293,21150
2022-11-15,7호선,반포,6696,6560
2022-11-15,7호선,고속터미널,16342,14431
2022-11-15,7호선,내방,16380,16587
2022-11-15,7호선,이수,16797,15889
2022-11-15,7호선,남성,12660,11964
2022-11-15,7호선,숭실대입구,16952,17099
2022-11-15,7호선,상도,13472,13444
2022-11-15,7호선,장승배기,9665,9653
2022-11-15,7호선,신대방삼거리,16437,15636
2022-11-15,7호선,보라매,8045,8254
2022-11-15,7호선,신풍,12435,11810
2022-11-15,7호선,대림,8389,8431
2022-11-15,7호선,남구로,16823,17705
2022-11-15,7호선,가산디지털단지,48951,49140
2022-11-15,7호선,철산,22789,23232
2022-11-15,7호선,광명사거리,22271,22016
2022-11-15,7호선,천왕,12807,12258
2022-11-15,7호선,온수,11917,11032
2022-11-16,7호선,온수,12103,11181
2022-11-16,7호선,천왕,12817,12260
2022-11-16,7호선,광명사거리,22942,22481
2022-11-16,7호선,철산,23437,24014
2022-11-16,7호선,가산디지털단지,48995,49011
2022-11-16,7호선,남구로,16858,17744
2022-11-16,7호선,대림,8441,8441
2022-11-16,7호선,신풍,12636,11888
2022-11-16,7호선,보라매,8136,8307
2022-11-16,7호선,신대방삼거리,16676,15916
2022-11-16,7호선,장승배기,10332,10153
2022-11-16,7호선,상도,13702,13282
2022-11-16,7호선,숭실대입구,17149,17131
2022-11-16,7호선,남성,12473,11593
2022-11-16,7호선,이수,17408,16343
2022-11-16,7호선,내방,16415,16828
2022-11-16,7호선,고속터미널,16420,14197
2022-11-16,7호선,반포,7068,6800
2022-11-16,7호선,논현,20351,21097
2022-11-16,7호선,학동,26250,28085
2022-11-16,7호선,강남구청,18465,20722
2022-11-16,7호선,청담,21679,24189
2022-11-16,7호선,뚝섬유원지,8405,8032
2022-11-16,7호선,건대입구,14060,14517
2022-11-16,7호선,어린이대공원,18625,19463
2022-11-16,7호선,군자,16101,12804
2022-11-16,7호선,중곡,12019,11153
2022-11-16,7호선,용마산,6463,6185
2022-11-16,7호선,사가정,17311,17365
2022-11-16,7호선,면목,17244,16794
2022-11-16,7호선,상봉,18018,17297
2022-11-16,7호선,중화,11763,11569
2022-11-16,7호선,먹골,10869,10709
2022-11-16,7호선,태릉입구,10310,9729
2022-11-16,7호선,공릉,13277,13208
2022-11-16,7호선,하계,19932,18818
2022-11-16,7호선,중계,16077,14680
2022-11-16,7호선,노원,21001,22234
2022-11-16,7호선,마들,14370,13311
2022-11-16,7호선,수락산,13658,13511
2022-11-16,7호선,도봉산,10248,11500
2022-11-16,7호선,장암,2662,1025
2022-11-17,7호선,장암,2642,1050
2022-11-17,7호선,도봉산,10267,11766
2022-11-17,7호선,수락산,13553,13489
2022-11-17,7호선,마들,14263,13271
2022-11-17,7호선,노원,20754,21794
2022-11-17,7호선,중계,15578,14226
2022-11-17,7호선,하계,19652,18272
2022-11-17,7호선,공릉,13185,13089
2022-11-17,7호선,태릉입구,10321,9599
2022-11-17,7호선,먹골,10772,10522
2022-11-17,7호선,중화,11357,11176
2022-11-17,7호선,상봉,17834,17220
2022-11-17,7호선,면목,17139,16537
2022-11-17,7호선,사가정,17335,17289
2022-11-17,7호선,용마산,6413,6021
2022-11-17,7호선,중곡,11370,10585
2022-11-17,7호선,군자,15926,12639
2022-11-17,7호선,어린이대공원,18762,19270
2022-11-17,7호선,건대입구,14188,14720
2022-11-17,7호선,뚝섬유원지,8925,8517
2022-11-17,7호선,청담,21461,23984
2022-11-17,7호선,강남구청,18487,20590
2022-11-17,7호선,학동,26274,27818
2022-11-17,7호선,논현,19939,20795
2022-11-17,7호선,반포,6735,6582
2022-11-17,7호선,고속터미널,16888,14155
2022-11-17,7호선,내방,16043,16387
2022-11-17,7호선,이수,17002,16079
2022-11-17,7호선,남성,12622,11843
2022-11-17,7호선,숭실대입구,16095,16058
2022-11-17,7호선,상도,13449,13199
2022-11-17,7호선,장승배기,9685,9494
2022-11-17,7호선,신대방삼거리,16695,15636
2022-11-17,7호선,보라매,8068,8312
2022-11-17,7호선,신풍,12376,11520
2022-11-17,7호선,대림,8250,8340
2022-11-17,7호선,남구로,16430,17326
2022-11-17,7호선,가산디지털단지,48174,48382
2022-11-17,7호선,철산,23092,23504
2022-11-17,7호선,광명사거리,22766,22472
2022-11-17,7호선,천왕,12669,11974
2022-11-17,7호선,온수,11530,10683
2022-11-17,7호선,까치울,1,0
2022-11-18,7호선,상동,1,0
2022-11-18,7호선,온수,11511,10477
2022-11-18,7호선,천왕,12649,11859
2022-11-18,7호선,광명사거리,23514,23187
2022-11-18,7호선,철산,23725,24284
2022-11-18,7호선,가산디지털단지,47491,47145
2022-11-18,7호선,남구로,16006,16811
2022-11-18,7호선,대림,8329,8705
2022-11-18,7호선,신풍,12402,11400
2022-11-18,7호선,보라매,7903,7840
2022-11-18,7호선,신대방삼거리,16658,15522
2022-11-18,7호선,장승배기,9949,9610
2022-11-18,7호선,상도,13891,13086
2022-11-18,7호선,숭실대입구,15951,15318
2022-11-18,7호선,남성,12817,11505
2022-11-18,7호선,이수,17906,17191
2022-11-18,7호선,내방,15979,16220
2022-11-18,7호선,고속터미널,20642,16232
2022-11-18,7호선,반포,6942,6713
2022-11-18,7호선,논현,20363,21396
2022-11-18,7호선,학동,25182,27027
2022-11-18,7호선,강남구청,18216,20409
2022-11-18,7호선,청담,21132,23728
2022-11-18,7호선,뚝섬유원지,9035,8505
2022-11-18,7호선,건대입구,14722,15711
2022-11-18,7호선,어린이대공원,18244,17864
2022-11-18,7호선,군자,16692,12919
2022-11-18,7호선,중곡,11281,10511
2022-11-18,7호선,용마산,6365,5941
2022-11-18,7호선,사가정,17737,17495
2022-11-18,7호선,면목,17367,16432
2022-11-18,7호선,상봉,18495,18055
2022-11-18,7호선,중화,11490,10977
2022-11-18,7호선,먹골,11097,10826
2022-11-18,7호선,태릉입구,10030,9345
2022-11-18,7호선,공릉,13704,12930
2022-11-18,7호선,하계,19394,17788
2022-11-18,7호선,중계,15816,14138
2022-11-18,7호선,노원,21944,23711
2022-11-18,7호선,마들,13939,12732
2022-11-18,7호선,수락산,13707,13399
2022-11-18,7호선,도봉산,10305,11425
2022-11-18,7호선,장암,2590,1087
2022-11-19,7호선,보라매,5822,5892
2022-11-19,7호선,장암,1922,1383
2022-11-19,7호선,도봉산,7794,9677
2022-11-19,7호선,수락산,10817,10546
2022-11-19,7호선,마들,9781,8638
2022-11-19,7호선,노원,17233,17914
2022-11-19,7호선,중계,11172,9964
2022-11-19,7호선,하계,13809,12573
2022-11-19,7호선,공릉,9798,9354
2022-11-19,7호선,태릉입구,7815,7094
2022-11-19,7호선,먹골,8209,7705
2022-11-19,7호선,중화,8541,8092
2022-11-19,7호선,상봉,14340,13685
2022-11-19,7호선,면목,11832,10783
2022-11-19,7호선,사가정,13243,12448
2022-11-19,7호선,용마산,4930,5192
2022-11-19,7호선,중곡,7511,6818
2022-11-19,7호선,군자,11814,8616
2022-11-19,7호선,어린이대공원,15427,15322
2022-11-19,7호선,건대입구,17751,18200
2022-11-19,7호선,뚝섬유원지,9111,8411
2022-11-19,7호선,청담,13371,14671
2022-11-19,7호선,강남구청,11448,12718
2022-11-19,7호선,학동,12453,13343
2022-11-19,7호선,논현,10954,11485
2022-11-19,7호선,반포,5387,5049
2022-11-19,7호선,고속터미널,18524,13936
2022-11-19,7호선,내방,8676,8581
2022-11-19,7호선,이수,13534,12906
2022-11-19,7호선,남성,8335,7562
2022-11-19,7호선,숭실대입구,11814,10929
2022-11-19,7호선,상도,8991,8194
2022-11-19,7호선,장승배기,7075,6654
2022-11-19,7호선,신대방삼거리,11431,10435
2022-11-19,7호선,신풍,8734,8390
2022-11-19,7호선,대림,7636,8561
2022-11-19,7호선,남구로,8947,9329
2022-11-19,7호선,가산디지털단지,16176,14456
2022-11-19,7호선,철산,16740,17035
2022-11-19,7호선,광명사거리,17401,17379
2022-11-19,7호선,천왕,7699,7173
2022-11-19,7호선,온수,6004,5924
2022-11-20,7호선,장암,1551,944
2022-11-20,7호선,도봉산,6609,8324
2022-11-20,7호선,수락산,8632,8621
2022-11-20,7호선,마들,6654,6065
2022-11-20,7호선,노원,11548,11756
2022-11-20,7호선,중계,8062,6803
2022-11-20,7호선,하계,10175,9655
2022-11-20,7호선,공릉,7201,7371
2022-11-20,7호선,태릉입구,5641,5370
2022-11-20,7호선,먹골,5871,5746
2022-11-20,7호선,중화,6071,5964
2022-11-20,7호선,상봉,10436,9797
2022-11-20,7호선,면목,8609,8574
2022-11-20,7호선,사가정,9953,9784
2022-11-20,7호선,용마산,3821,4155
2022-11-20,7호선,중곡,5674,5388
2022-11-20,7호선,군자,8803,6765
2022-11-20,7호선,어린이대공원,9392,9387
2022-11-20,7호선,건대입구,9017,9738
2022-11-20,7호선,뚝섬유원지,7474,6853
2022-11-20,7호선,청담,7835,8435
2022-11-20,7호선,강남구청,6358,7107
2022-11-20,7호선,학동,7881,8397
2022-11-20,7호선,논현,6174,6256
2022-11-20,7호선,반포,3227,3151
2022-11-20,7호선,고속터미널,16819,10430
2022-11-20,7호선,내방,5771,5819
2022-11-20,7호선,이수,9457,8684
2022-11-20,7호선,남성,5963,5973
2022-11-20,7호선,숭실대입구,6772,7040
2022-11-20,7호선,상도,6166,6562
2022-11-20,7호선,장승배기,4779,4923
2022-11-20,7호선,신대방삼거리,8210,8083
2022-11-20,7호선,보라매,3943,4124
2022-11-20,7호선,신풍,6790,6272
2022-11-20,7호선,대림,8927,8216
2022-11-20,7호선,남구로,7422,7230
2022-11-20,7호선,가산디지털단지,12031,11066
2022-11-20,7호선,철산,11845,11841
2022-11-20,7호선,광명사거리,13316,13295
2022-11-20,7호선,천왕,5553,5398
2022-11-20,7호선,온수,4318,4369
2022-11-21,7호선,온수,11776,10910
2022-11-21,7호선,천왕,12544,12064
2022-11-21,7호선,광명사거리,22125,21875
2022-11-21,7호선,철산,22649,23015
2022-11-21,7호선,가산디지털단지,48263,48114
2022-11-21,7호선,남구로,16895,17627
2022-11-21,7호선,대림,8514,8342
2022-11-21,7호선,신풍,12250,11594
2022-11-21,7호선,보라매,7855,8021
2022-11-21,7호선,신대방삼거리,16127,15365
2022-11-21,7호선,장승배기,9728,9651
2022-11-21,7호선,상도,13000,13069
2022-11-21,7호선,숭실대입구,16509,16920
2022-11-21,7호선,남성,12116,11431
2022-11-21,7호선,이수,16128,15317
2022-11-21,7호선,내방,15782,16072
2022-11-21,7호선,고속터미널,17742,14502
2022-11-21,7호선,반포,6619,6589
2022-11-21,7호선,논현,19699,20192
2022-11-21,7호선,학동,25868,27144
2022-11-21,7호선,강남구청,17350,19381
2022-11-21,7호선,청담,21492,23782
2022-11-21,7호선,뚝섬유원지,8127,7833
2022-11-21,7호선,건대입구,13603,14052
2022-11-21,7호선,어린이대공원,18396,19509
2022-11-21,7호선,군자,15723,12595
2022-11-21,7호선,중곡,11483,10573
2022-11-21,7호선,용마산,6298,6136
2022-11-21,7호선,사가정,16887,17091
2022-11-21,7호선,면목,17139,16618
2022-11-21,7호선,상봉,17458,16584
2022-11-21,7호선,중화,11353,11247
2022-11-21,7호선,먹골,10637,10483
2022-11-21,7호선,태릉입구,10026,9595
2022-11-21,7호선,공릉,15273,14673
2022-11-21,7호선,하계,19702,18108
2022-11-21,7호선,중계,15924,14507
2022-11-21,7호선,노원,20456,21532
2022-11-21,7호선,마들,13997,13009
2022-11-21,7호선,수락산,13265,13059
2022-11-21,7호선,도봉산,10563,11145
2022-11-21,7호선,장암,2644,946
2022-11-22,7호선,온수,12037,11037
2022-11-22,7호선,천왕,12824,12293
2022-11-22,7호선,광명사거리,22437,22124
2022-11-22,7호선,철산,23746,24298
2022-11-22,7호선,가산디지털단지,48694,48971
2022-11-22,7호선,남구로,16723,17640
2022-11-22,7호선,대림,8159,8143
2022-11-22,7호선,신풍,12717,11967
2022-11-22,7호선,보라매,7996,8091
2022-11-22,7호선,신대방삼거리,16328,15658
2022-11-22,7호선,장승배기,9597,9675
2022-11-22,7호선,상도,13383,13215
2022-11-22,7호선,숭실대입구,17002,17082
2022-11-22,7호선,남성,12616,11861
2022-11-22,7호선,이수,16856,16063
2022-11-22,7호선,내방,16192,16535
2022-11-22,7호선,고속터미널,16684,14341
2022-11-22,7호선,반포,6573,6479
2022-11-22,7호선,논현,20436,21125
2022-11-22,7호선,학동,26843,28150
2022-11-22,7호선,강남구청,18398,20425
2022-11-22,7호선,청담,21837,24330
2022-11-22,7호선,뚝섬유원지,8025,7829
2022-11-22,7호선,건대입구,14167,14635
2022-11-22,7호선,어린이대공원,18568,19227
2022-11-22,7호선,군자,15992,12803
2022-11-22,7호선,중곡,11935,11034
2022-11-22,7호선,용마산,6434,6223
2022-11-22,7호선,사가정,17524,17589
2022-11-22,7호선,면목,17454,17152
2022-11-22,7호선,상봉,17675,16830
2022-11-22,7호선,중화,11383,11458
2022-11-22,7호선,먹골,10729,10546
2022-11-22,7호선,태릉입구,10199,9636
2022-11-22,7호선,공릉,13354,13318
2022-11-22,7호선,하계,19277,18218
2022-11-22,7호선,중계,15935,14449
2022-11-22,7호선,노원,20255,21432
2022-11-22,7호선,마들,14104,13153
2022-11-22,7호선,수락산,13357,13198
2022-11-22,7호선,도봉산,10768,11469
2022-11-22,7호선,장암,2721,952
2022-11-23,7호선,온수,12184,11137
2022-11-23,7호선,천왕,12863,12269
2022-11-23,7호선,광명사거리,22897,22685
2022-11-23,7호선,철산,23416,23799
2022-11-23,7호선,가산디지털단지,48665,48943
2022-11-23,7호선,남구로,16610,17575
2022-11-23,7호선,대림,8268,8470
2022-11-23,7호선,신풍,12530,11923
2022-11-23,7호선,보라매,7923,8307
2022-11-23,7호선,신대방삼거리,16496,15727
2022-11-23,7호선,장승배기,9933,9720
2022-11-23,7호선,상도,13580,13364
2022-11-23,7호선,숭실대입구,17077,17227
2022-11-23,7호선,남성,12591,11765
2022-11-23,7호선,이수,17153,16370
2022-11-23,7호선,내방,16565,16694
2022-11-23,7호선,고속터미널,16567,14312
2022-11-23,7호선,반포,6871,6670
2022-11-23,7호선,논현,20350,21110
2022-11-23,7호선,학동,26703,28333
2022-11-23,7호선,강남구청,18789,20777
2022-11-23,7호선,청담,21736,24647
2022-11-23,7호선,뚝섬유원지,8558,8245
2022-11-23,7호선,건대입구,14096,14603
2022-11-23,7호선,어린이대공원,18870,19487
2022-11-23,7호선,군자,16238,13028
2022-11-23,7호선,중곡,12167,11075
2022-11-23,7호선,용마산,6475,6223
2022-11-23,7호선,사가정,17321,17201
2022-11-23,7호선,면목,17345,16837
2022-11-23,7호선,상봉,17966,17046
2022-11-23,7호선,중화,11488,11400
2022-11-23,7호선,먹골,10822,10676
2022-11-23,7호선,태릉입구,10220,9642
2022-11-23,7호선,공릉,13354,13334
2022-11-23,7호선,하계,20106,19031
2022-11-23,7호선,중계,16192,14526
2022-11-23,7호선,노원,20860,22007
2022-11-23,7호선,마들,14421,13380
2022-11-23,7호선,수락산,13515,13277
2022-11-23,7호선,도봉산,10822,11649
2022-11-23,7호선,장암,2768,1063
2022-11-24,7호선,장암,2707,1066
2022-11-24,7호선,도봉산,10782,11821
2022-11-24,7호선,수락산,14050,13857
2022-11-24,7호선,마들,14489,13586
2022-11-24,7호선,노원,20655,21799
2022-11-24,7호선,중계,16392,14987
2022-11-24,7호선,하계,19966,18610
2022-11-24,7호선,공릉,13437,13208
2022-11-24,7호선,태릉입구,10307,9619
2022-11-24,7호선,먹골,10928,10876
2022-11-24,7호선,중화,11558,11464
2022-11-24,7호선,상봉,18155,17622
2022-11-24,7호선,면목,17507,17034
2022-11-24,7호선,사가정,17585,17690
2022-11-24,7호선,용마산,6394,6319
2022-11-24,7호선,중곡,11798,11092
2022-11-24,7호선,군자,16195,12962
2022-11-24,7호선,어린이대공원,19184,19594
2022-11-24,7호선,건대입구,14135,14856
2022-11-24,7호선,뚝섬유원지,8448,8218
2022-11-24,7호선,청담,22135,24688
2022-11-24,7호선,강남구청,18855,20630
2022-11-24,7호선,학동,26880,28315
2022-11-24,7호선,논현,20540,21164
2022-11-24,7호선,반포,6789,6611
2022-11-24,7호선,고속터미널,17703,14754
2022-11-24,7호선,내방,16288,16624
2022-11-24,7호선,이수,17201,16208
2022-11-24,7호선,남성,12579,11698
2022-11-24,7호선,숭실대입구,16640,16970
2022-11-24,7호선,상도,13670,13447
2022-11-24,7호선,장승배기,9902,9734
2022-11-24,7호선,신대방삼거리,16571,15768
2022-11-24,7호선,보라매,7894,8168
2022-11-24,7호선,신풍,12411,11856
2022-11-24,7호선,대림,8130,8133
2022-11-24,7호선,남구로,16556,17488
2022-11-24,7호선,가산디지털단지,48630,48655
2022-11-24,7호선,철산,23178,23870
2022-11-24,7호선,광명사거리,23053,22600
2022-11-24,7호선,천왕,12766,12267
2022-11-24,7호선,온수,12004,11164
2022-11-25,7호선,상봉,18636,18359
2022-11-25,7호선,면목,17205,16511
2022-11-25,7호선,사가정,17680,17594
2022-11-25,7호선,용마산,6470,6116
2022-11-25,7호선,중곡,12163,11032
2022-11-25,7호선,군자,16524,12953
2022-11-25,7호선,어린이대공원,17989,17453
2022-11-25,7호선,건대입구,14434,15446
2022-11-25,7호선,뚝섬유원지,8795,8535
2022-11-25,7호선,청담,21718,24478
2022-11-25,7호선,강남구청,18518,20763
2022-11-25,7호선,학동,25343,27182
2022-11-25,7호선,논현,20623,21880
2022-11-25,7호선,반포,7124,6663
2022-11-25,7호선,고속터미널,20901,16255
2022-11-25,7호선,내방,16065,16398
2022-11-25,7호선,이수,18237,17467
2022-11-25,7호선,남성,12541,11376
2022-11-25,7호선,숭실대입구,15765,15315
2022-11-25,7호선,상도,13647,12826
2022-11-25,7호선,장승배기,10022,9750
2022-11-25,7호선,신대방삼거리,16654,15594
2022-11-25,7호선,보라매,8373,8355
2022-11-25,7호선,신풍,12603,11931
2022-11-25,7호선,대림,8340,8573
2022-11-25,7호선,장암,2571,1079
2022-11-25,7호선,도봉산,10024,11359
2022-11-25,7호선,수락산,13816,13520
2022-11-25,7호선,마들,14546,13465
2022-11-25,7호선,노원,21984,23762
2022-11-25,7호선,중계,16220,14572
2022-11-25,7호선,하계,19562,18270
2022-11-25,7호선,공릉,13722,13407
2022-11-25,7호선,태릉입구,10250,9284
2022-11-25,7호선,먹골,10938,10696
2022-11-25,7호선,중화,11744,11306
2022-11-25,7호선,남구로,16182,17094
2022-11-25,7호선,가산디지털단지,47795,47535
2022-11-25,7호선,철산,23611,24409
2022-11-25,7호선,광명사거리,23462,23378
2022-11-25,7호선,천왕,12688,11976
2022-11-25,7호선,온수,11733,10912
2022-11-26,7호선,사가정,13248,12434
2022-11-26,7호선,용마산,4576,4676
2022-11-26,7호선,중곡,7569,6954
2022-11-26,7호선,군자,12080,8889
2022-11-26,7호선,어린이대공원,12737,11882
2022-11-26,7호선,건대입구,12768,13397
2022-11-26,7호선,뚝섬유원지,7444,7024
2022-11-26,7호선,청담,13039,14555
2022-11-26,7호선,강남구청,11477,12776
2022-11-26,7호선,학동,12817,13614
2022-11-26,7호선,논현,10901,11888
2022-11-26,7호선,반포,5203,5044
2022-11-26,7호선,고속터미널,18189,13960
2022-11-26,7호선,내방,8699,8636
2022-11-26,7호선,이수,13775,12809
2022-11-26,7호선,남성,8439,7741
2022-11-26,7호선,숭실대입구,11202,10599
2022-11-26,7호선,상도,11155,10191
2022-11-26,7호선,장승배기,6983,6773
2022-11-26,7호선,신대방삼거리,11516,10546
2022-11-26,7호선,보라매,6105,6021
2022-11-26,7호선,장암,1764,1210
2022-11-26,7호선,도봉산,6792,9094
2022-11-26,7호선,수락산,10930,10671
2022-11-26,7호선,마들,9894,9058
2022-11-26,7호선,노원,16765,17309
2022-11-26,7호선,중계,10170,8898
2022-11-26,7호선,하계,13433,12320
2022-11-26,7호선,공릉,10232,9581
2022-11-26,7호선,태릉입구,7444,6689
2022-11-26,7호선,먹골,8191,7752
2022-11-26,7호선,중화,8195,7941
2022-11-26,7호선,상봉,14804,13965
2022-11-26,7호선,면목,11740,11167
2022-11-26,7호선,신풍,8964,8281
2022-11-26,7호선,대림,7896,8550
2022-11-26,7호선,남구로,8632,9054
2022-11-26,7호선,가산디지털단지,16343,14689
2022-11-26,7호선,철산,17038,16986
2022-11-26,7호선,광명사거리,17232,17122
2022-11-26,7호선,천왕,7623,7032
2022-11-26,7호선,온수,6024,6004
2022-11-27,7호선,온수,4367,4346
2022-11-27,7호선,천왕,5483,5380
2022-11-27,7호선,광명사거리,12653,12662
2022-11-27,7호선,철산,11588,11555
2022-11-27,7호선,가산디지털단지,11845,10928
2022-11-27,7호선,남구로,7202,7112
2022-11-27,7호선,대림,8538,7888
2022-11-27,7호선,신풍,6483,6086
2022-11-27,7호선,보라매,4001,4149
2022-11-27,7호선,신대방삼거리,7992,8204
2022-11-27,7호선,장승배기,4822,4726
2022-11-27,7호선,상도,8075,7996
2022-11-27,7호선,숭실대입구,6589,6963
2022-11-27,7호선,남성,5999,5814
2022-11-27,7호선,이수,9279,8696
2022-11-27,7호선,내방,5532,5603
2022-11-27,7호선,고속터미널,16639,10304
2022-11-27,7호선,반포,3339,3214
2022-11-27,7호선,논현,6035,6153
2022-11-27,7호선,학동,7737,8123
2022-11-27,7호선,강남구청,6195,6907
2022-11-27,7호선,청담,7726,8243
2022-11-27,7호선,뚝섬유원지,5972,5576
2022-11-27,7호선,건대입구,8371,9259
2022-11-27,7호선,어린이대공원,11891,11198
2022-11-27,7호선,군자,8840,6648
2022-11-27,7호선,중곡,5702,5455
2022-11-27,7호선,용마산,3360,3563
2022-11-27,7호선,사가정,9092,9008
2022-11-27,7호선,면목,8316,8112
2022-11-27,7호선,상봉,10098,9339
2022-11-27,7호선,중화,5984,5794
2022-11-27,7호선,먹골,5750,5643
2022-11-27,7호선,태릉입구,5398,5243
2022-11-27,7호선,공릉,7056,7088
2022-11-27,7호선,하계,9876,9445
2022-11-27,7호선,중계,7205,6647
2022-11-27,7호선,노원,11549,11555
2022-11-27,7호선,마들,6436,5900
2022-11-27,7호선,수락산,8284,8208
2022-11-27,7호선,도봉산,5291,7566
2022-11-27,7호선,장암,1464,909
2022-11-28,7호선,장암,2588,936
2022-11-28,7호선,도봉산,9844,10737
2022-11-28,7호선,수락산,12930,12912
2022-11-28,7호선,마들,13898,13295
2022-11-28,7호선,노원,20579,20987
2022-11-28,7호선,중계,15739,14639
2022-11-28,7호선,하계,18956,18010
2022-11-28,7호선,공릉,12813,13022
2022-11-28,7호선,태릉입구,9850,9192
2022-11-28,7호선,먹골,10590,10561
2022-11-28,7호선,중화,11269,11207
2022-11-28,7호선,상봉,17089,16484
2022-11-28,7호선,면목,16726,16598
2022-11-28,7호선,사가정,16550,16905
2022-11-28,7호선,용마산,6113,5899
2022-11-28,7호선,중곡,11648,11018
2022-11-28,7호선,군자,15667,12739
2022-11-28,7호선,어린이대공원,18184,19045
2022-11-28,7호선,건대입구,13643,14409
2022-11-28,7호선,뚝섬유원지,7168,6998
2022-11-28,7호선,청담,20759,22877
2022-11-28,7호선,강남구청,17198,18666
2022-11-28,7호선,학동,25613,26656
2022-11-28,7호선,논현,19308,20129
2022-11-28,7호선,반포,6690,6484
2022-11-28,7호선,고속터미널,17532,14256
2022-11-28,7호선,내방,15806,15994
2022-11-28,7호선,이수,16216,15496
2022-11-28,7호선,남성,11978,11530
2022-11-28,7호선,숭실대입구,16249,16733
2022-11-28,7호선,상도,12891,13013
2022-11-28,7호선,장승배기,9641,9723
2022-11-28,7호선,신대방삼거리,15978,15472
2022-11-28,7호선,보라매,7712,7746
2022-11-28,7호선,신풍,12013,11569
2022-11-28,7호선,대림,8397,8151
2022-11-28,7호선,남구로,16763,17357
2022-11-28,7호선,가산디지털단지,48571,47769
2022-11-28,7호선,철산,22259,22754
2022-11-28,7호선,광명사거리,21586,21146
2022-11-28,7호선,천왕,12273,11818
2022-11-28,7호선,온수,11745,10859
2022-11-29,7호선,온수,12205,11273
2022-11-29,7호선,천왕,12720,12174
2022-11-29,7호선,광명사거리,22254,21928
2022-11-29,7호선,철산,22784,23335
2022-11-29,7호선,가산디지털단지,49179,48953
2022-11-29,7호선,남구로,16648,17315
2022-11-29,7호선,대림,8241,8264
2022-11-29,7호선,신풍,12388,11772
2022-11-29,7호선,보라매,7895,8208
2022-11-29,7호선,신대방삼거리,16384,15706
2022-11-29,7호선,장승배기,9943,9757
2022-11-29,7호선,상도,13353,13336
2022-11-29,7호선,숭실대입구,16918,17035
2022-11-29,7호선,남성,12440,11715
2022-11-29,7호선,이수,17100,16004
2022-11-29,7호선,내방,16052,16274
2022-11-29,7호선,고속터미널,16696,14306
2022-11-29,7호선,반포,6645,6515
2022-11-29,7호선,논현,20286,21198
2022-11-29,7호선,학동,26407,28020
2022-11-29,7호선,강남구청,18274,20297
2022-11-29,7호선,청담,21118,23718
2022-11-29,7호선,뚝섬유원지,7731,7623
2022-11-29,7호선,건대입구,14104,14566
2022-11-29,7호선,어린이대공원,18796,19075
2022-11-29,7호선,군자,16147,13023
2022-11-29,7호선,중곡,11905,10990
2022-11-29,7호선,용마산,6376,6250
2022-11-29,7호선,사가정,17541,17498
2022-11-29,7호선,면목,17242,16917
2022-11-29,7호선,상봉,17718,16761
2022-11-29,7호선,중화,11539,11595
2022-11-29,7호선,먹골,10783,10844
2022-11-29,7호선,태릉입구,10360,9628
2022-11-29,7호선,공릉,13079,13031
2022-11-29,7호선,하계,19458,18480
2022-11-29,7호선,중계,15985,14672
2022-11-29,7호선,노원,20758,21586
2022-11-29,7호선,마들,14082,13353
2022-11-29,7호선,수락산,13365,13259
2022-11-29,7호선,도봉산,10146,11367
2022-11-29,7호선,장암,2668,929
2022-11-30,7호선,온수,12247,11314
2022-11-30,7호선,천왕,12399,11828
2022-11-30,7호선,광명사거리,21551,21231
2022-11-30,7호선,철산,22262,22708
2022-11-30,7호선,가산디지털단지,48223,48362
2022-11-30,7호선,남구로,16394,16982
2022-11-30,7호선,대림,8176,8213
2022-11-30,7호선,신풍,12093,11413
2022-11-30,7호선,보라매,7885,8083
2022-11-30,7호선,신대방삼거리,16012,15149
2022-11-30,7호선,장승배기,9458,9434
2022-11-30,7호선,상도,12911,12650
2022-11-30,7호선,숭실대입구,16339,16512
2022-11-30,7호선,남성,12004,11235
2022-11-30,7호선,이수,16975,16063
2022-11-30,7호선,내방,15997,16361
2022-11-30,7호선,고속터미널,15742,13733
2022-11-30,7호선,반포,6443,6346
2022-11-30,7호선,논현,19506,20291
2022-11-30,7호선,학동,26369,27814
2022-11-30,7호선,강남구청,18011,19990
2022-11-30,7호선,청담,21127,23664
2022-11-30,7호선,뚝섬유원지,7142,6933
2022-11-30,7호선,건대입구,13978,15199
2022-11-30,7호선,어린이대공원,18307,18779
2022-11-30,7호선,군자,15728,12567
2022-11-30,7호선,중곡,11521,10576
2022-11-30,7호선,용마산,6191,5873
2022-11-30,7호선,사가정,16475,16330
2022-11-30,7호선,면목,16523,15842
2022-11-30,7호선,상봉,17355,16326
2022-11-30,7호선,중화,11417,11117
2022-11-30,7호선,먹골,10477,10314
2022-11-30,7호선,태릉입구,9989,9662
2022-11-30,7호선,공릉,12954,12581
2022-11-30,7호선,하계,19143,18056
2022-11-30,7호선,중계,15792,14148
2022-11-30,7호선,노원,20262,21072
2022-11-30,7호선,마들,13605,12694
2022-11-30,7호선,수락산,13056,12784
2022-11-30,7호선,도봉산,9993,11151
2022-11-30,7호선,장암,2554,897
2022-12-01,7호선,온수,11860,11023
2022-12-01,7호선,천왕,12165,11642
2022-12-01,7호선,광명사거리,21343,21038
2022-12-01,7호선,철산,22311,22782
2022-12-01,7호선,가산디지털단지,48080,48066
2022-12-01,7호선,남구로,16212,17091
2022-12-01,7호선,대림,7895,7904
2022-12-01,7호선,신풍,11868,11240
2022-12-01,7호선,보라매,7580,7928
2022-12-01,7호선,신대방삼거리,15877,15068
2022-12-01,7호선,장승배기,9447,9173
2022-12-01,7호선,상도,13000,12851
2022-12-01,7호선,숭실대입구,16009,16147
2022-12-01,7호선,남성,11972,11239
2022-12-01,7호선,이수,16700,15699
2022-12-01,7호선,내방,15826,16024
2022-12-01,7호선,고속터미널,16275,13828
2022-12-01,7호선,반포,6457,6321
2022-12-01,7호선,논현,19447,20324
2022-12-01,7호선,학동,26254,27741
2022-12-01,7호선,강남구청,18133,20016
2022-12-01,7호선,청담,20604,23585
2022-12-01,7호선,뚝섬유원지,7291,7133
2022-12-01,7호선,건대입구,13980,14652
2022-12-01,7호선,어린이대공원,18767,18952
2022-12-01,7호선,군자,15852,12629
2022-12-01,7호선,중곡,11661,10873
2022-12-01,7호선,용마산,6232,5957
2022-12-01,7호선,사가정,16676,16961
2022-12-01,7호선,면목,16674,16057
2022-12-01,7호선,상봉,17570,16565
2022-12-01,7호선,중화,11217,11062
2022-12-01,7호선,먹골,10602,10531
2022-12-01,7호선,태릉입구,9963,9157
2022-12-01,7호선,공릉,12977,12762
2022-12-01,7호선,하계,19140,18237
2022-12-01,7호선,중계,15681,14354
2022-12-01,7호선,노원,20063,21117
2022-12-01,7호선,마들,13858,13140
2022-12-01,7호선,수락산,12969,12743
2022-12-01,7호선,도봉산,9892,11051
2022-12-01,7호선,장암,2479,898
2022-12-02,7호선,온수,11659,10736
2022-12-02,7호선,천왕,12665,11965
2022-12-02,7호선,광명사거리,22782,22511
2022-12-02,7호선,철산,23790,24435
2022-12-02,7호선,가산디지털단지,48417,47785
2022-12-02,7호선,남구로,16058,16880
2022-12-02,7호선,대림,8481,8678
2022-12-02,7호선,신풍,12532,11772
2022-12-02,7호선,보라매,8032,8202
2022-12-02,7호선,신대방삼거리,16532,15325
2022-12-02,7호선,장승배기,9904,9616
2022-12-02,7호선,상도,13198,12686
2022-12-02,7호선,숭실대입구,15331,14852
2022-12-02,7호선,남성,12468,11217
2022-12-02,7호선,이수,18742,17348
2022-12-02,7호선,내방,16166,16349
2022-12-02,7호선,고속터미널,20121,15728
2022-12-02,7호선,반포,6966,6502
2022-12-02,7호선,논현,20393,21617
2022-12-02,7호선,학동,26019,27422
2022-12-02,7호선,강남구청,18202,20247
2022-12-02,7호선,청담,21141,24049
2022-12-02,7호선,뚝섬유원지,7712,7599
2022-12-02,7호선,건대입구,14200,14865
2022-12-02,7호선,어린이대공원,17572,17438
2022-12-02,7호선,군자,16745,12964
2022-12-02,7호선,중곡,11986,11196
2022-12-02,7호선,용마산,6426,5990
2022-12-02,7호선,사가정,17400,17559
2022-12-02,7호선,면목,17005,16380
2022-12-02,7호선,상봉,18435,17840
2022-12-02,7호선,중화,11830,11329
2022-12-02,7호선,먹골,11084,10730
2022-12-02,7호선,태릉입구,10024,9121
2022-12-02,7호선,공릉,13926,13538
2022-12-02,7호선,하계,19544,18024
2022-12-02,7호선,중계,16138,14330
2022-12-02,7호선,노원,22055,23293
2022-12-02,7호선,마들,14316,13044
2022-12-02,7호선,수락산,13717,13398
2022-12-02,7호선,도봉산,9778,10989
2022-12-02,7호선,장암,2615,1032
2022-12-03,7호선,온수,5836,5664
2022-12-03,7호선,천왕,7196,6735
2022-12-03,7호선,광명사거리,16934,17228
2022-12-03,7호선,철산,16516,16695
2022-12-03,7호선,가산디지털단지,16142,14452
2022-12-03,7호선,남구로,8402,8673
2022-12-03,7호선,대림,7722,8135
2022-12-03,7호선,신풍,8857,8339
2022-12-03,7호선,보라매,5723,5786
2022-12-03,7호선,신대방삼거리,11027,10201
2022-12-03,7호선,장승배기,6655,6350
2022-12-03,7호선,상도,8789,8039
2022-12-03,7호선,숭실대입구,9606,9106
2022-12-03,7호선,남성,8232,7592
2022-12-03,7호선,이수,13741,12633
2022-12-03,7호선,내방,8515,8478
2022-12-03,7호선,고속터미널,18574,13822
2022-12-03,7호선,반포,4940,4759
2022-12-03,7호선,논현,10535,11260
2022-12-03,7호선,학동,11744,12670
2022-12-03,7호선,강남구청,10938,12416
2022-12-03,7호선,청담,12145,13603
2022-12-03,7호선,뚝섬유원지,6151,5837
2022-12-03,7호선,건대입구,12239,12617
2022-12-03,7호선,어린이대공원,11425,10767
2022-12-03,7호선,군자,11723,8752
2022-12-03,7호선,중곡,7194,6797
2022-12-03,7호선,용마산,4514,4388
2022-12-03,7호선,사가정,12991,12307
2022-12-03,7호선,면목,11270,10782
2022-12-03,7호선,상봉,14123,13559
2022-12-03,7호선,중화,8079,7689
2022-12-03,7호선,먹골,8108,7690
2022-12-03,7호선,태릉입구,7178,6603
2022-12-03,7호선,공릉,9180,8967
2022-12-03,7호선,하계,13094,11870
2022-12-03,7호선,중계,9605,8484
2022-12-03,7호선,노원,16202,16842
2022-12-03,7호선,마들,9494,8685
2022-12-03,7호선,수락산,10488,10039
2022-12-03,7호선,도봉산,6088,8258
2022-12-03,7호선,장암,1614,1035
2022-12-04,7호선,온수,4102,4068
2022-12-04,7호선,천왕,5004,4804
2022-12-04,7호선,광명사거리,12381,12104
2022-12-04,7호선,철산,11051,11103
2022-12-04,7호선,가산디지털단지,12253,10931
2022-12-04,7호선,남구로,6918,6785
2022-12-04,7호선,대림,8668,8061
2022-12-04,7호선,보라매,3638,3772
2022-12-04,7호선,신대방삼거리,7951,7870
2022-12-04,7호선,장승배기,4708,4741
2022-12-04,7호선,상도,6000,6039
2022-12-04,7호선,숭실대입구,5839,6312
2022-12-04,7호선,남성,5709,5714
2022-12-04,7호선,이수,9190,8396
2022-12-04,7호선,내방,5354,5470
2022-12-04,7호선,고속터미널,15169,9778
2022-12-04,7호선,반포,3162,3161
2022-12-04,7호선,논현,5535,5810
2022-12-04,7호선,학동,8008,8420
2022-12-04,7호선,강남구청,6394,6893
2022-12-04,7호선,청담,7394,8070
2022-12-04,7호선,뚝섬유원지,4407,4298
2022-12-04,7호선,건대입구,8914,8935
2022-12-04,7호선,어린이대공원,7253,7318
2022-12-04,7호선,군자,8273,6451
2022-12-04,7호선,중곡,5437,5269
2022-12-04,7호선,용마산,3256,3490
2022-12-04,7호선,사가정,9179,9034
2022-12-04,7호선,면목,7951,7857
2022-12-04,7호선,상봉,10205,9491
2022-12-04,7호선,중화,5760,5636
2022-12-04,7호선,먹골,5474,5467
2022-12-04,7호선,태릉입구,5213,4959
2022-12-04,7호선,공릉,6177,6397
2022-12-04,7호선,하계,9614,9097
2022-12-04,7호선,중계,7099,6568
2022-12-04,7호선,노원,11689,11501
2022-12-04,7호선,마들,6334,5842
2022-12-04,7호선,수락산,8023,7925
2022-12-04,7호선,도봉산,4817,6769
2022-12-04,7호선,장암,1327,978
2022-12-04,7호선,신풍,6601,6251
2022-12-05,7호선,장암,2559,862
2022-12-05,7호선,도봉산,9935,10855
2022-12-05,7호선,수락산,13095,12897
2022-12-05,7호선,마들,14074,13177
2022-12-05,7호선,노원,20794,21301
2022-12-05,7호선,중계,15925,14568
2022-12-05,7호선,하계,19741,18601
2022-12-05,7호선,공릉,12838,12995
2022-12-05,7호선,태릉입구,9730,9172
2022-12-05,7호선,먹골,10621,10566
2022-12-05,7호선,중화,11228,11218
2022-12-05,7호선,상봉,17479,16387
2022-12-05,7호선,면목,16726,16265
2022-12-05,7호선,사가정,16808,16939
2022-12-05,7호선,용마산,6235,6020
2022-12-05,7호선,중곡,11578,10657
2022-12-05,7호선,군자,15596,12570
2022-12-05,7호선,어린이대공원,17922,18881
2022-12-05,7호선,건대입구,13745,14280
2022-12-05,7호선,뚝섬유원지,7297,7133
2022-12-05,7호선,청담,20936,23288
2022-12-05,7호선,강남구청,17435,19209
2022-12-05,7호선,학동,26171,27459
2022-12-05,7호선,논현,19349,20105
2022-12-05,7호선,반포,6471,6415
2022-12-05,7호선,고속터미널,16773,13830
2022-12-05,7호선,내방,15985,16104
2022-12-05,7호선,이수,16452,15537
2022-12-05,7호선,남성,12139,11606
2022-12-05,7호선,숭실대입구,16216,16672
2022-12-05,7호선,상도,12708,13008
2022-12-05,7호선,장승배기,9768,9629
2022-12-05,7호선,신대방삼거리,15918,15461
2022-12-05,7호선,보라매,7703,7865
2022-12-05,7호선,신풍,12059,11373
2022-12-05,7호선,대림,8357,8326
2022-12-05,7호선,남구로,16734,17073
2022-12-05,7호선,가산디지털단지,49039,48629
2022-12-05,7호선,철산,22415,22697
2022-12-05,7호선,광명사거리,21830,21500
2022-12-05,7호선,천왕,12300,11646
2022-12-05,7호선,온수,11741,10813
2022-12-06,7호선,장암,2618,957
2022-12-06,7호선,도봉산,9834,11305
2022-12-06,7호선,수락산,13331,13335
2022-12-06,7호선,마들,14001,13261
2022-12-06,7호선,노원,20639,21202
2022-12-06,7호선,중계,15947,14588
2022-12-06,7호선,하계,19545,18529
2022-12-06,7호선,공릉,12999,13013
2022-12-06,7호선,태릉입구,9834,9229
2022-12-06,7호선,먹골,10620,10601
2022-12-06,7호선,중화,11456,11419
2022-12-06,7호선,상봉,17712,16847
2022-12-06,7호선,면목,17099,16754
2022-12-06,7호선,사가정,17055,17386
2022-12-06,7호선,용마산,6261,6071
2022-12-06,7호선,중곡,11623,10830
2022-12-06,7호선,군자,16071,12825
2022-12-06,7호선,어린이대공원,18515,18745
2022-12-06,7호선,건대입구,14434,14621
2022-12-06,7호선,뚝섬유원지,7495,7344
2022-12-06,7호선,청담,21798,24242
2022-12-06,7호선,강남구청,18242,20225
2022-12-06,7호선,학동,26391,27853
2022-12-06,7호선,논현,20147,20759
2022-12-06,7호선,반포,6599,6458
2022-12-06,7호선,고속터미널,16001,14258
2022-12-06,7호선,내방,16244,16456
2022-12-06,7호선,이수,16791,16025
2022-12-06,7호선,남성,12378,11511
2022-12-06,7호선,숭실대입구,16534,16512
2022-12-06,7호선,상도,13297,13076
2022-12-06,7호선,장승배기,9868,9800
2022-12-06,7호선,신대방삼거리,16071,15319
2022-12-06,7호선,보라매,7791,8078
2022-12-06,7호선,신풍,12245,11603
2022-12-06,7호선,대림,8310,8380
2022-12-06,7호선,남구로,16695,17443
2022-12-06,7호선,가산디지털단지,49048,49146
2022-12-06,7호선,철산,22947,23620
2022-12-06,7호선,광명사거리,22014,21655
2022-12-06,7호선,천왕,12581,11928
2022-12-06,7호선,온수,11691,10715
2022-12-07,7호선,반포,6662,6644
2022-12-07,7호선,장암,2732,984
2022-12-07,7호선,도봉산,10044,11400
2022-12-07,7호선,수락산,13761,13638
2022-12-07,7호선,마들,14392,13570
2022-12-07,7호선,노원,21159,22395
2022-12-07,7호선,중계,16506,14937
2022-12-07,7호선,하계,20376,19178
2022-12-07,7호선,공릉,13085,13119
2022-12-07,7호선,태릉입구,10272,9598
2022-12-07,7호선,먹골,10977,10838
2022-12-07,7호선,중화,11886,11631
2022-12-07,7호선,상봉,18063,17207
2022-12-07,7호선,면목,17180,16717
2022-12-07,7호선,사가정,17519,17568
2022-12-07,7호선,용마산,6507,6232
2022-12-07,7호선,중곡,11839,10764
2022-12-07,7호선,군자,16324,13128
2022-12-07,7호선,어린이대공원,18413,19152
2022-12-07,7호선,건대입구,14094,14606
2022-12-07,7호선,뚝섬유원지,8056,7663
2022-12-07,7호선,청담,21810,24586
2022-12-07,7호선,강남구청,18429,20571
2022-12-07,7호선,학동,26779,28604
2022-12-07,7호선,논현,20438,21000
2022-12-07,7호선,고속터미널,16195,14259
2022-12-07,7호선,내방,16375,16768
2022-12-07,7호선,이수,17460,16537
2022-12-07,7호선,남성,12460,11585
2022-12-07,7호선,숭실대입구,16787,16927
2022-12-07,7호선,상도,13532,13133
2022-12-07,7호선,장승배기,9866,9782
2022-12-07,7호선,신대방삼거리,16451,15597
2022-12-07,7호선,보라매,8164,8487
2022-12-07,7호선,신풍,12379,11707
2022-12-07,7호선,대림,8341,8476
2022-12-07,7호선,남구로,16645,17576
2022-12-07,7호선,가산디지털단지,49195,49381
2022-12-07,7호선,철산,23591,24100
2022-12-07,7호선,광명사거리,22930,22555
2022-12-07,7호선,천왕,12686,12121
2022-12-07,7호선,온수,12088,11072
2022-12-08,7호선,온수,11782,10857
2022-12-08,7호선,천왕,12786,12172
2022-12-08,7호선,광명사거리,22794,22258
2022-12-08,7호선,철산,23637,23918
2022-12-08,7호선,가산디지털단지,48583,49151
2022-12-08,7호선,남구로,16362,17528
2022-12-08,7호선,대림,8215,8403
2022-12-08,7호선,신풍,12708,11923
2022-12-08,7호선,보라매,7903,8309
2022-12-08,7호선,신대방삼거리,16438,15460
2022-12-08,7호선,장승배기,9988,9870
2022-12-08,7호선,상도,13380,13013
2022-12-08,7호선,숭실대입구,16331,16331
2022-12-08,7호선,남성,12566,11786
2022-12-08,7호선,이수,17538,16529
2022-12-08,7호선,내방,16272,16761
2022-12-08,7호선,고속터미널,16281,14053
2022-12-08,7호선,반포,6804,6666
2022-12-08,7호선,논현,20502,21074
2022-12-08,7호선,학동,26661,28832
2022-12-08,7호선,강남구청,18416,20652
2022-12-08,7호선,청담,21855,24779
2022-12-08,7호선,뚝섬유원지,8427,8172
2022-12-08,7호선,건대입구,14175,14558
2022-12-08,7호선,어린이대공원,18120,18463
2022-12-08,7호선,군자,16535,12960
2022-12-08,7호선,중곡,12031,11161
2022-12-08,7호선,용마산,6515,6191
2022-12-08,7호선,사가정,17343,17539
2022-12-08,7호선,면목,16810,16171
2022-12-08,7호선,상봉,18307,17388
2022-12-08,7호선,중화,11608,11482
2022-12-08,7호선,먹골,11087,10947
2022-12-08,7호선,태릉입구,9850,9006
2022-12-08,7호선,공릉,13229,13119
2022-12-08,7호선,하계,19968,18549
2022-12-08,7호선,중계,16437,14935
2022-12-08,7호선,노원,21087,22029
2022-12-08,7호선,마들,14370,13367
2022-12-08,7호선,수락산,13676,13608
2022-12-08,7호선,도봉산,10020,11350
2022-12-08,7호선,장암,2736,1104
2022-12-09,7호선,장암,2598,1031
2022-12-09,7호선,도봉산,10014,11137
2022-12-09,7호선,수락산,14015,13730
2022-12-09,7호선,마들,14502,13264
2022-12-09,7호선,노원,22518,24147
2022-12-09,7호선,중계,16362,14409
2022-12-09,7호선,하계,19819,18043
2022-12-09,7호선,공릉,13536,13572
2022-12-09,7호선,태릉입구,10015,9224
2022-12-09,7호선,먹골,11460,11028
2022-12-09,7호선,중화,11929,11547
2022-12-09,7호선,상봉,18721,18094
2022-12-09,7호선,면목,17447,16670
2022-12-09,7호선,사가정,17680,17822
2022-12-09,7호선,용마산,6462,6098
2022-12-09,7호선,중곡,12355,11404
2022-12-09,7호선,군자,17285,13233
2022-12-09,7호선,어린이대공원,17029,17190
2022-12-09,7호선,건대입구,14528,15434
2022-12-09,7호선,뚝섬유원지,8607,8292
2022-12-09,7호선,청담,21408,24647
2022-12-09,7호선,강남구청,18416,21025
2022-12-09,7호선,학동,25895,28067
2022-12-09,7호선,논현,20749,22311
2022-12-09,7호선,반포,7033,6839
2022-12-09,7호선,고속터미널,20008,16335
2022-12-09,7호선,내방,16361,16572
2022-12-09,7호선,이수,19185,18357
2022-12-09,7호선,남성,12694,11408
2022-12-09,7호선,숭실대입구,15273,15001
2022-12-09,7호선,상도,13478,12960
2022-12-09,7호선,장승배기,10420,9996
2022-12-09,7호선,신대방삼거리,16753,15636
2022-12-09,7호선,보라매,8351,8421
2022-12-09,7호선,신풍,12637,11724
2022-12-09,7호선,대림,8572,8704
2022-12-09,7호선,남구로,16197,17070
2022-12-09,7호선,가산디지털단지,48644,48227
2022-12-09,7호선,철산,24511,24920
2022-12-09,7호선,광명사거리,23705,23347
2022-12-09,7호선,천왕,12843,11922
2022-12-09,7호선,온수,11672,10870
2022-12-10,7호선,장암,2009,1222
2022-12-10,7호선,도봉산,6924,9156
2022-12-10,7호선,수락산,11074,10717
2022-12-10,7호선,마들,9907,8781
2022-12-10,7호선,노원,17069,17742
2022-12-10,7호선,중계,10274,8766
2022-12-10,7호선,하계,13505,12354
2022-12-10,7호선,공릉,9602,9383
2022-12-10,7호선,태릉입구,7490,6934
2022-12-10,7호선,먹골,8361,7809
2022-12-10,7호선,중화,8513,8035
2022-12-10,7호선,상봉,15013,14387
2022-12-10,7호선,면목,12063,11262
2022-12-10,7호선,사가정,13430,12954
2022-12-10,7호선,용마산,4584,4722
2022-12-10,7호선,중곡,7822,7225
2022-12-10,7호선,군자,12383,9141
2022-12-10,7호선,어린이대공원,12551,12087
2022-12-10,7호선,건대입구,11883,12883
2022-12-10,7호선,뚝섬유원지,6772,6425
2022-12-10,7호선,청담,12800,14003
2022-12-10,7호선,강남구청,11345,12586
2022-12-10,7호선,학동,11940,12883
2022-12-10,7호선,논현,10981,11642
2022-12-10,7호선,반포,5094,4933
2022-12-10,7호선,고속터미널,18488,13840
2022-12-10,7호선,내방,8648,8682
2022-12-10,7호선,이수,14541,13619
2022-12-10,7호선,남성,8685,7696
2022-12-10,7호선,숭실대입구,10457,10014
2022-12-10,7호선,상도,8647,8049
2022-12-10,7호선,장승배기,6995,6708
2022-12-10,7호선,신대방삼거리,11608,10600
2022-12-10,7호선,보라매,5848,5808
2022-12-10,7호선,신풍,9001,8709
2022-12-10,7호선,대림,7896,8467
2022-12-10,7호선,남구로,8847,9189
2022-12-10,7호선,가산디지털단지,16487,14846
2022-12-10,7호선,철산,18078,18233
2022-12-10,7호선,광명사거리,18080,17751
2022-12-10,7호선,천왕,7769,7031
2022-12-10,7호선,온수,6136,5897
2022-12-11,7호선,장암,1481,907
2022-12-11,7호선,도봉산,5260,7628
2022-12-11,7호선,수락산,8627,8666
2022-12-11,7호선,마들,6488,5938
2022-12-11,7호선,노원,11919,11751
2022-12-11,7호선,중계,7326,6875
2022-12-11,7호선,하계,9923,9388
2022-12-11,7호선,공릉,6633,6786
2022-12-11,7호선,태릉입구,5368,5135
2022-12-11,7호선,먹골,5898,5700
2022-12-11,7호선,중화,5875,5850
2022-12-11,7호선,상봉,10438,9456
2022-12-11,7호선,면목,8501,8252
2022-12-11,7호선,사가정,9594,9495
2022-12-11,7호선,용마산,3281,3514
2022-12-11,7호선,중곡,5755,5585
2022-12-11,7호선,군자,8758,6659
2022-12-11,7호선,어린이대공원,9106,9206
2022-12-11,7호선,건대입구,7975,8041
2022-12-11,7호선,뚝섬유원지,5517,5397
2022-12-11,7호선,청담,7314,8100
2022-12-11,7호선,강남구청,6633,7207
2022-12-11,7호선,학동,7319,7920
2022-12-11,7호선,논현,5746,5946
2022-12-11,7호선,반포,3002,3022
2022-12-11,7호선,고속터미널,15216,10103
2022-12-11,7호선,내방,5299,5604
2022-12-11,7호선,이수,9330,8589
2022-12-11,7호선,남성,5814,5853
2022-12-11,7호선,숭실대입구,6460,6645
2022-12-11,7호선,상도,5851,5961
2022-12-11,7호선,장승배기,5204,5161
2022-12-11,7호선,신대방삼거리,8082,7973
2022-12-11,7호선,보라매,4042,4135
2022-12-11,7호선,신풍,6568,6257
2022-12-11,7호선,대림,8838,8413
2022-12-11,7호선,남구로,7361,7201
2022-12-11,7호선,가산디지털단지,11989,11045
2022-12-11,7호선,철산,11986,11886
2022-12-11,7호선,광명사거리,13250,12938
2022-12-11,7호선,천왕,5287,5211
2022-12-11,7호선,온수,4386,4326
2022-12-12,7호선,장암,2551,971
2022-12-12,7호선,도봉산,9868,11023
2022-12-12,7호선,수락산,13597,13398
2022-12-12,7호선,마들,13887,13292
2022-12-12,7호선,노원,21294,21824
2022-12-12,7호선,중계,15955,14729
2022-12-12,7호선,하계,19628,18665
2022-12-12,7호선,공릉,12594,12722
2022-12-12,7호선,태릉입구,9579,9041
2022-12-12,7호선,먹골,10668,10705
2022-12-12,7호선,중화,11291,11265
2022-12-12,7호선,상봉,17587,16555
2022-12-12,7호선,면목,17061,16878
2022-12-12,7호선,사가정,16915,17144
2022-12-12,7호선,용마산,6232,6116
2022-12-12,7호선,중곡,11904,11246
2022-12-12,7호선,군자,15708,12757
2022-12-12,7호선,어린이대공원,18052,18469
2022-12-12,7호선,건대입구,13940,14626
2022-12-12,7호선,뚝섬유원지,7318,7181
2022-12-12,7호선,청담,20874,23473
2022-12-12,7호선,강남구청,17601,19277
2022-12-12,7호선,학동,26332,27828
2022-12-12,7호선,논현,19342,20235
2022-12-12,7호선,반포,6548,6451
2022-12-12,7호선,고속터미널,16794,14089
2022-12-12,7호선,내방,15789,16092
2022-12-12,7호선,이수,17078,15873
2022-12-12,7호선,남성,12041,11408
2022-12-12,7호선,숭실대입구,15691,16025
2022-12-12,7호선,상도,12889,12810
2022-12-12,7호선,장승배기,9710,9827
2022-12-12,7호선,신대방삼거리,15858,15464
2022-12-12,7호선,보라매,7800,7866
2022-12-12,7호선,신풍,12188,11697
2022-12-12,7호선,대림,8435,8393
2022-12-12,7호선,남구로,16617,17524
2022-12-12,7호선,가산디지털단지,49259,48341
2022-12-12,7호선,철산,22880,23361
2022-12-12,7호선,광명사거리,22223,21942
2022-12-12,7호선,천왕,12240,11669
2022-12-12,7호선,온수,11533,10863
2022-12-13,7호선,숭실대입구,16671,17127
2022-12-13,7호선,남성,12521,11937
2022-12-13,7호선,장암,2654,959
2022-12-13,7호선,도봉산,10210,11534
2022-12-13,7호선,수락산,13987,13872
2022-12-13,7호선,마들,14363,13714
2022-12-13,7호선,노원,21944,22521
2022-12-13,7호선,중계,16340,15043
2022-12-13,7호선,하계,19845,19047
2022-12-13,7호선,공릉,13007,13151
2022-12-13,7호선,태릉입구,9851,9016
2022-12-13,7호선,먹골,11052,11043
2022-12-13,7호선,중화,11646,11742
2022-12-13,7호선,상봉,18103,17315
2022-12-13,7호선,면목,17017,16829
2022-12-13,7호선,사가정,17886,18101
2022-12-13,7호선,용마산,6408,6330
2022-12-13,7호선,중곡,12365,11709
2022-12-13,7호선,군자,16466,13171
2022-12-13,7호선,어린이대공원,18524,18651
2022-12-13,7호선,건대입구,15036,15430
2022-12-13,7호선,뚝섬유원지,7602,7533
2022-12-13,7호선,청담,22329,24828
2022-12-13,7호선,강남구청,18980,20844
2022-12-13,7호선,학동,27494,28864
2022-12-13,7호선,논현,20417,21319
2022-12-13,7호선,반포,6804,6745
2022-12-13,7호선,고속터미널,17006,14557
2022-12-13,7호선,내방,16876,17189
2022-12-13,7호선,이수,17877,16953
2022-12-13,7호선,상도,13421,13268
2022-12-13,7호선,장승배기,10019,10010
2022-12-13,7호선,신대방삼거리,16477,16158
2022-12-13,7호선,보라매,8140,8539
2022-12-13,7호선,신풍,12685,12262
2022-12-13,7호선,대림,8807,8826
2022-12-13,7호선,남구로,17074,17944
2022-12-13,7호선,가산디지털단지,51338,49879
2022-12-13,7호선,철산,23512,24504
2022-12-13,7호선,광명사거리,22787,22584
2022-12-13,7호선,천왕,12761,12289
2022-12-13,7호선,온수,12020,11317
2022-12-14,7호선,장암,2514,914
2022-12-14,7호선,도봉산,9523,10842
2022-12-14,7호선,수락산,13232,13062
2022-12-14,7호선,마들,13956,13120
2022-12-14,7호선,노원,21022,21880
2022-12-14,7호선,중계,15805,14322
2022-12-14,7호선,하계,20024,18856
2022-12-14,7호선,공릉,12602,12465
2022-12-14,7호선,태릉입구,9494,8835
2022-12-14,7호선,먹골,10589,10458
2022-12-14,7호선,중화,11330,11224
2022-12-14,7호선,상봉,17515,16561
2022-12-14,7호선,면목,16165,15701
2022-12-14,7호선,사가정,16598,16690
2022-12-14,7호선,용마산,6273,6159
2022-12-14,7호선,중곡,11785,11022
2022-12-14,7호선,군자,16038,12696
2022-12-14,7호선,어린이대공원,17566,17793
2022-12-14,7호선,건대입구,14912,15282
2022-12-14,7호선,뚝섬유원지,7271,7097
2022-12-14,7호선,청담,20985,23848
2022-12-14,7호선,강남구청,17798,20096
2022-12-14,7호선,학동,26853,28575
2022-12-14,7호선,논현,19607,20401
2022-12-14,7호선,반포,6623,6567
2022-12-14,7호선,고속터미널,15924,13779
2022-12-14,7호선,내방,16301,16434
2022-12-14,7호선,이수,17668,16446
2022-12-14,7호선,남성,11977,11114
2022-12-14,7호선,숭실대입구,16169,16066
2022-12-14,7호선,상도,12777,12512
2022-12-14,7호선,장승배기,9756,9515
2022-12-14,7호선,신대방삼거리,15614,14845
2022-12-14,7호선,보라매,7806,8046
2022-12-14,7호선,신풍,12459,11774
2022-12-14,7호선,대림,8196,8277
2022-12-14,7호선,남구로,16276,17159
2022-12-14,7호선,가산디지털단지,48776,48653
2022-12-14,7호선,철산,22469,23096
2022-12-14,7호선,광명사거리,21547,21007
2022-12-14,7호선,천왕,12347,11683
2022-12-14,7호선,온수,11553,10702
2022-12-15,7호선,온수,11737,10986
2022-12-15,7호선,천왕,12645,12159
2022-12-15,7호선,광명사거리,22253,22079
2022-12-15,7호선,철산,23380,24260
2022-12-15,7호선,가산디지털단지,50199,49248
2022-12-15,7호선,남구로,16747,17708
2022-12-15,7호선,대림,8310,8512
2022-12-15,7호선,신풍,12543,12079
2022-12-15,7호선,보라매,7910,8208
2022-12-15,7호선,신대방삼거리,16221,15567
2022-12-15,7호선,장승배기,9794,9728
2022-12-15,7호선,상도,13262,13009
2022-12-15,7호선,숭실대입구,14415,14562
2022-12-15,7호선,남성,12501,11689
2022-12-15,7호선,이수,18156,17289
2022-12-15,7호선,내방,16841,17304
2022-12-15,7호선,고속터미널,17758,14998
2022-12-15,7호선,반포,6902,6830
2022-12-15,7호선,논현,20388,20998
2022-12-15,7호선,학동,27842,29279
2022-12-15,7호선,강남구청,19048,20878
2022-12-15,7호선,청담,22320,25064
2022-12-15,7호선,뚝섬유원지,7823,7715
2022-12-15,7호선,건대입구,15485,16043
2022-12-15,7호선,어린이대공원,18667,18583
2022-12-15,7호선,군자,16792,13400
2022-12-15,7호선,중곡,12374,11531
2022-12-15,7호선,용마산,6515,6222
2022-12-15,7호선,사가정,17359,17885
2022-12-15,7호선,면목,17144,16801
2022-12-15,7호선,상봉,18669,17897
2022-12-15,7호선,중화,11727,11811
2022-12-15,7호선,먹골,11136,11015
2022-12-15,7호선,태릉입구,10273,9547
2022-12-15,7호선,공릉,13475,13393
2022-12-15,7호선,하계,20302,19345
2022-12-15,7호선,중계,16480,15418
2022-12-15,7호선,노원,21737,22637
2022-12-15,7호선,마들,14549,13867
2022-12-15,7호선,수락산,13869,13794
2022-12-15,7호선,도봉산,10062,11511
2022-12-15,7호선,장암,2614,950
2022-12-16,7호선,장암,2579,1036
2022-12-16,7호선,도봉산,10042,10862
2022-12-16,7호선,수락산,14001,13655
2022-12-16,7호선,마들,14647,13430
2022-12-16,7호선,노원,22868,24298
2022-12-16,7호선,중계,15902,14119
2022-12-16,7호선,하계,20038,18528
2022-12-16,7호선,남구로,16014,17253
2022-12-16,7호선,먹골,11494,11178
2022-12-16,7호선,중화,11853,11400
2022-12-16,7호선,상봉,19092,18669
2022-12-16,7호선,면목,17008,16340
2022-12-16,7호선,사가정,17730,17547
2022-12-16,7호선,용마산,6547,6074
2022-12-16,7호선,중곡,12181,11340
2022-12-16,7호선,군자,16978,13149
2022-12-16,7호선,어린이대공원,16714,16427
2022-12-16,7호선,건대입구,15516,16988
2022-12-16,7호선,뚝섬유원지,8029,7703
2022-12-16,7호선,청담,20940,24280
2022-12-16,7호선,강남구청,18374,20714
2022-12-16,7호선,학동,25934,27879
2022-12-16,7호선,논현,20314,21870
2022-12-16,7호선,반포,7058,6657
2022-12-16,7호선,고속터미널,20722,15966
2022-12-16,7호선,내방,16472,16699
2022-12-16,7호선,이수,18858,18036
2022-12-16,7호선,남성,12540,11488
2022-12-16,7호선,숭실대입구,14698,14311
2022-12-16,7호선,상도,13242,12579
2022-12-16,7호선,장승배기,10120,9852
2022-12-16,7호선,신대방삼거리,16408,15293
2022-12-16,7호선,보라매,8027,8182
2022-12-16,7호선,신풍,12659,11805
2022-12-16,7호선,대림,8571,8795
2022-12-16,7호선,가산디지털단지,48241,48096
2022-12-16,7호선,철산,24295,24882
2022-12-16,7호선,광명사거리,23054,22599
2022-12-16,7호선,천왕,13123,12194
2022-12-16,7호선,온수,11554,10712
2022-12-16,7호선,공릉,13750,13331
2022-12-16,7호선,태릉입구,10250,9508
2022-12-17,7호선,장암,1623,1065
2022-12-17,7호선,도봉산,6317,8279
2022-12-17,7호선,수락산,10784,10496
2022-12-17,7호선,마들,10052,9192
2022-12-17,7호선,노원,18086,18493
2022-12-17,7호선,중계,10343,9115
2022-12-17,7호선,하계,14141,13202
2022-12-17,7호선,공릉,10127,9719
2022-12-17,7호선,태릉입구,7727,7018
2022-12-17,7호선,먹골,8630,8077
2022-12-17,7호선,중화,8384,7963
2022-12-17,7호선,상봉,15408,14796
2022-12-17,7호선,면목,12181,11532
2022-12-17,7호선,사가정,13743,13238
2022-12-17,7호선,용마산,4467,4346
2022-12-17,7호선,중곡,7706,7021
2022-12-17,7호선,군자,12689,9286
2022-12-17,7호선,어린이대공원,12430,12138
2022-12-17,7호선,건대입구,13747,14518
2022-12-17,7호선,뚝섬유원지,6207,6015
2022-12-17,7호선,청담,12575,13907
2022-12-17,7호선,강남구청,11500,12917
2022-12-17,7호선,학동,13246,14141
2022-12-17,7호선,논현,10968,12293
2022-12-17,7호선,반포,5210,4955
2022-12-17,7호선,고속터미널,19320,13965
2022-12-17,7호선,내방,8947,8954
2022-12-17,7호선,이수,15248,14081
2022-12-17,7호선,남성,8828,7910
2022-12-17,7호선,숭실대입구,10301,9842
2022-12-17,7호선,상도,8979,8211
2022-12-17,7호선,장승배기,7149,6874
2022-12-17,7호선,신대방삼거리,11768,10848
2022-12-17,7호선,보라매,6070,6037
2022-12-17,7호선,신풍,9264,8684
2022-12-17,7호선,대림,8332,9178
2022-12-17,7호선,남구로,9245,9529
2022-12-17,7호선,가산디지털단지,17084,15085
2022-12-17,7호선,철산,18566,18830
2022-12-17,7호선,광명사거리,18067,18156
2022-12-17,7호선,천왕,7923,7258
2022-12-17,7호선,온수,6291,6165
2022-12-18,7호선,장암,1209,718
2022-12-18,7호선,도봉산,4473,6109
2022-12-18,7호선,수락산,7382,7194
2022-12-18,7호선,마들,6287,5725
2022-12-18,7호선,노원,11815,11746
2022-12-18,7호선,중계,6766,6389
2022-12-18,7호선,하계,9440,9050
2022-12-18,7호선,공릉,6734,6602
2022-12-18,7호선,태릉입구,5117,4774
2022-12-18,7호선,먹골,5559,5366
2022-12-18,7호선,중화,5706,5557
2022-12-18,7호선,상봉,10112,9537
2022-12-18,7호선,면목,7776,7624
2022-12-18,7호선,사가정,8775,8620
2022-12-18,7호선,용마산,3054,3181
2022-12-18,7호선,중곡,5336,5293
2022-12-18,7호선,군자,8523,6469
2022-12-18,7호선,어린이대공원,7956,7967
2022-12-18,7호선,건대입구,8813,9258
2022-12-18,7호선,뚝섬유원지,3985,3909
2022-12-18,7호선,청담,7228,7652
2022-12-18,7호선,강남구청,6543,7204
2022-12-18,7호선,학동,7483,7965
2022-12-18,7호선,논현,5648,5758
2022-12-18,7호선,반포,2933,2937
2022-12-18,7호선,고속터미널,14358,9552
2022-12-18,7호선,내방,5246,5522
2022-12-18,7호선,이수,9391,8817
2022-12-18,7호선,남성,5665,5608
2022-12-18,7호선,숭실대입구,5876,6136
2022-12-18,7호선,상도,5480,5483
2022-12-18,7호선,장승배기,4901,4906
2022-12-18,7호선,신대방삼거리,7647,7539
2022-12-18,7호선,보라매,3880,3865
2022-12-18,7호선,신풍,6202,5801
2022-12-18,7호선,대림,9768,8903
2022-12-18,7호선,남구로,7238,7183
2022-12-18,7호선,가산디지털단지,11474,10169
2022-12-18,7호선,철산,11410,11432
2022-12-18,7호선,광명사거리,12489,12141
2022-12-18,7호선,천왕,5105,4972
2022-12-18,7호선,온수,4058,4084
2022-12-19,7호선,온수,10579,9691
2022-12-19,7호선,천왕,12178,11688
2022-12-19,7호선,광명사거리,21372,20897
2022-12-19,7호선,철산,22188,22779
2022-12-19,7호선,가산디지털단지,48258,48213
2022-12-19,7호선,남구로,16484,17048
2022-12-19,7호선,대림,8326,8263
2022-12-19,7호선,신풍,11896,11198
2022-12-19,7호선,보라매,7576,7719
2022-12-19,7호선,신대방삼거리,15366,14941
2022-12-19,7호선,장승배기,9465,9498
2022-12-19,7호선,상도,12559,12346
2022-12-19,7호선,숭실대입구,13171,13468
2022-12-19,7호선,남성,11449,10728
2022-12-19,7호선,이수,16231,15373
2022-12-19,7호선,내방,15152,15447
2022-12-19,7호선,고속터미널,17181,14208
2022-12-19,7호선,반포,6450,6353
2022-12-19,7호선,논현,19348,20106
2022-12-19,7호선,학동,25743,27103
2022-12-19,7호선,강남구청,17036,18701
2022-12-19,7호선,청담,20471,22868
2022-12-19,7호선,뚝섬유원지,7227,7051
2022-12-19,7호선,건대입구,13519,14197
2022-12-19,7호선,어린이대공원,16105,16108
2022-12-19,7호선,군자,15647,12596
2022-12-19,7호선,중곡,11301,10751
2022-12-19,7호선,용마산,6087,5703
2022-12-19,7호선,사가정,16590,16839
2022-12-19,7호선,면목,16324,16101
2022-12-19,7호선,상봉,17283,16927
2022-12-19,7호선,중화,11252,11067
2022-12-19,7호선,먹골,10731,10671
2022-12-19,7호선,태릉입구,9462,8932
2022-12-19,7호선,공릉,12246,12137
2022-12-19,7호선,하계,18805,18119
2022-12-19,7호선,중계,15130,13877
2022-12-19,7호선,노원,20869,21396
2022-12-19,7호선,마들,13565,12662
2022-12-19,7호선,수락산,12694,12479
2022-12-19,7호선,도봉산,9653,10513
2022-12-19,7호선,장암,2501,860
2022-12-20,7호선,장암,2617,959
2022-12-20,7호선,도봉산,9333,10686
2022-12-20,7호선,수락산,13477,13344
2022-12-20,7호선,마들,14294,13421
2022-12-20,7호선,노원,21891,22902
2022-12-20,7호선,중계,15899,14481
2022-12-20,7호선,하계,19490,18260
2022-12-20,7호선,공릉,12886,12739
2022-12-20,7호선,태릉입구,10157,9451
2022-12-20,7호선,먹골,11113,10979
2022-12-20,7호선,중화,11595,11440
2022-12-20,7호선,상봉,18061,17298
2022-12-20,7호선,면목,16923,16702
2022-12-20,7호선,사가정,17401,17438
2022-12-20,7호선,용마산,6412,6206
2022-12-20,7호선,중곡,11928,11143
2022-12-20,7호선,군자,16597,13141
2022-12-20,7호선,어린이대공원,16513,16400
2022-12-20,7호선,건대입구,14154,14813
2022-12-20,7호선,뚝섬유원지,7843,7569
2022-12-20,7호선,청담,21596,24405
2022-12-20,7호선,강남구청,18477,20454
2022-12-20,7호선,학동,26366,28292
2022-12-20,7호선,논현,20839,21412
2022-12-20,7호선,반포,6718,6526
2022-12-20,7호선,고속터미널,17335,14475
2022-12-20,7호선,내방,16281,16677
2022-12-20,7호선,이수,17561,16706
2022-12-20,7호선,남성,12318,11459
2022-12-20,7호선,숭실대입구,13203,13254
2022-12-20,7호선,상도,13363,13031
2022-12-20,7호선,장승배기,10004,9913
2022-12-20,7호선,신대방삼거리,16183,15542
2022-12-20,7호선,보라매,7895,8235
2022-12-20,7호선,신풍,12380,11656
2022-12-20,7호선,대림,8452,8613
2022-12-20,7호선,남구로,16641,17554
2022-12-20,7호선,가산디지털단지,49462,49407
2022-12-20,7호선,철산,23310,24014
2022-12-20,7호선,광명사거리,22630,22458
2022-12-20,7호선,천왕,12645,11976
2022-12-20,7호선,온수,10980,9960
2022-12-21,7호선,온수,11330,10368
2022-12-21,7호선,천왕,13114,12395
2022-12-21,7호선,광명사거리,23420,23038
2022-12-21,7호선,철산,24193,24554
2022-12-21,7호선,가산디지털단지,50710,51467
2022-12-21,7호선,남구로,17250,18365
2022-12-21,7호선,대림,8844,8862
2022-12-21,7호선,신풍,13071,12178
2022-12-21,7호선,보라매,8266,8374
2022-12-21,7호선,신대방삼거리,16732,15697
2022-12-21,7호선,장승배기,10044,9901
2022-12-21,7호선,상도,13814,13395
2022-12-21,7호선,숭실대입구,14019,14039
2022-12-21,7호선,남성,12755,11632
2022-12-21,7호선,이수,18372,17639
2022-12-21,7호선,내방,17170,17527
2022-12-21,7호선,고속터미널,18026,15025
2022-12-21,7호선,반포,7124,6888
2022-12-21,7호선,논현,20815,21439
2022-12-21,7호선,학동,27704,29482
2022-12-21,7호선,강남구청,19241,21324
2022-12-21,7호선,청담,22386,25395
2022-12-21,7호선,뚝섬유원지,8311,7821
2022-12-21,7호선,건대입구,15029,15893
2022-12-21,7호선,어린이대공원,16874,16928
2022-12-21,7호선,군자,17358,13673
2022-12-21,7호선,중곡,12787,12043
2022-12-21,7호선,용마산,6616,6245
2022-12-21,7호선,사가정,17859,17828
2022-12-21,7호선,면목,17478,17043
2022-12-21,7호선,상봉,19221,18451
2022-12-21,7호선,중화,12334,12207
2022-12-21,7호선,먹골,11833,11662
2022-12-21,7호선,태릉입구,10456,10071
2022-12-21,7호선,공릉,13714,13422
2022-12-21,7호선,하계,21810,20604
2022-12-21,7호선,중계,16567,15073
2022-12-21,7호선,노원,22829,24134
2022-12-21,7호선,마들,15185,14133
2022-12-21,7호선,수락산,14447,14342
2022-12-21,7호선,도봉산,9440,11016
2022-12-21,7호선,장암,2627,965
2022-12-22,7호선,온수,10801,9684
2022-12-22,7호선,천왕,12648,11743
2022-12-22,7호선,광명사거리,22377,21852
2022-12-22,7호선,철산,23136,23616
2022-12-22,7호선,가산디지털단지,49097,49531
2022-12-22,7호선,남구로,16328,17830
2022-12-22,7호선,대림,8428,8381
2022-12-22,7호선,신풍,12384,11596
2022-12-22,7호선,보라매,7781,7909
2022-12-22,7호선,신대방삼거리,15784,15094
2022-12-22,7호선,장승배기,9677,9216
2022-12-22,7호선,상도,12140,11214
2022-12-22,7호선,숭실대입구,13093,12828
2022-12-22,7호선,남성,12274,11129
2022-12-22,7호선,이수,17655,16588
2022-12-22,7호선,내방,15910,16307
2022-12-22,7호선,고속터미널,17390,14564
2022-12-22,7호선,반포,6544,6326
2022-12-22,7호선,논현,18272,20479
2022-12-22,7호선,학동,25384,28096
2022-12-22,7호선,강남구청,17094,20631
2022-12-22,7호선,청담,19926,26380
2022-12-22,7호선,뚝섬유원지,6978,7254
2022-12-22,7호선,건대입구,12554,15840
2022-12-22,7호선,어린이대공원,13689,14213
2022-12-22,7호선,군자,15574,12289
2022-12-22,7호선,중곡,11227,10194
2022-12-22,7호선,용마산,6066,5647
2022-12-22,7호선,사가정,16053,15035
2022-12-22,7호선,면목,15177,14093
2022-12-22,7호선,상봉,18346,17195
2022-12-22,7호선,중화,10787,9713
2022-12-22,7호선,먹골,10317,9756
2022-12-22,7호선,태릉입구,8890,10308
2022-12-22,7호선,공릉,11846,11546
2022-12-22,7호선,하계,18596,17249
2022-12-22,7호선,중계,15675,13230
2022-12-22,7호선,노원,21241,20825
2022-12-22,7호선,마들,14326,12288
2022-12-22,7호선,수락산,13230,12014
2022-12-22,7호선,도봉산,9041,9554
2022-12-22,7호선,장암,2415,814
2022-12-23,7호선,온수,10057,9260
2022-12-23,7호선,천왕,11971,11169
2022-12-23,7호선,광명사거리,21521,21284
2022-12-23,7호선,철산,22456,23177
2022-12-23,7호선,가산디지털단지,45960,44378
2022-12-23,7호선,남구로,15127,16193
2022-12-23,7호선,대림,8322,8464
2022-12-23,7호선,신풍,11735,11161
2022-12-23,7호선,보라매,7718,7792
2022-12-23,7호선,신대방삼거리,15532,14540
2022-12-23,7호선,장승배기,9518,9104
2022-12-23,7호선,상도,11802,11212
2022-12-23,7호선,숭실대입구,13014,12480
2022-12-23,7호선,남성,11820,10765
2022-12-23,7호선,이수,17415,16811
2022-12-23,7호선,내방,15486,15777
2022-12-23,7호선,고속터미널,18683,15166
2022-12-23,7호선,반포,6679,6396
2022-12-23,7호선,논현,18785,20393
2022-12-23,7호선,학동,24637,26429
2022-12-23,7호선,강남구청,17203,19197
2022-12-23,7호선,청담,19700,22564
2022-12-23,7호선,뚝섬유원지,7354,7070
2022-12-23,7호선,건대입구,15040,15875
2022-12-23,7호선,어린이대공원,14387,14052
2022-12-23,7호선,군자,16041,12667
2022-12-23,7호선,중곡,11636,10843
2022-12-23,7호선,용마산,6033,5764
2022-12-23,7호선,사가정,16413,16585
2022-12-23,7호선,면목,15362,14796
2022-12-23,7호선,상봉,18322,18085
2022-12-23,7호선,중화,11237,10878
2022-12-23,7호선,먹골,11067,10984
2022-12-23,7호선,태릉입구,9286,8544
2022-12-23,7호선,공릉,12545,12372
2022-12-23,7호선,하계,19224,17961
2022-12-23,7호선,중계,14980,13335
2022-12-23,7호선,노원,22627,23866
2022-12-23,7호선,마들,13637,12698
2022-12-23,7호선,수락산,12994,12931
2022-12-23,7호선,도봉산,8738,9762
2022-12-23,7호선,장암,2246,925
2022-12-24,7호선,온수,5172,5016
2022-12-24,7호선,천왕,6646,6237
2022-12-24,7호선,광명사거리,15941,15965
2022-12-24,7호선,철산,15224,15323
2022-12-24,7호선,가산디지털단지,14471,12967
2022-12-24,7호선,남구로,7864,8037
2022-12-24,7호선,대림,7463,8200
2022-12-24,7호선,신풍,7703,7217
2022-12-24,7호선,보라매,4696,4552
2022-12-24,7호선,신대방삼거리,10205,9449
2022-12-24,7호선,장승배기,6265,5858
2022-12-24,7호선,상도,7579,6972
2022-12-24,7호선,숭실대입구,7828,7481
2022-12-24,7호선,남성,7688,6831
2022-12-24,7호선,이수,11867,11036
2022-12-24,7호선,내방,7536,7663
2022-12-24,7호선,고속터미널,13977,10711
2022-12-24,7호선,반포,4491,4317
2022-12-24,7호선,논현,8824,9282
2022-12-24,7호선,학동,9386,9945
2022-12-24,7호선,강남구청,9005,9826
2022-12-24,7호선,청담,10308,11555
2022-12-24,7호선,뚝섬유원지,5851,5600
2022-12-24,7호선,건대입구,12113,12987
2022-12-24,7호선,어린이대공원,8717,7968
2022-12-24,7호선,군자,11002,8343
2022-12-24,7호선,중곡,6941,6374
2022-12-24,7호선,용마산,3970,3710
2022-12-24,7호선,사가정,11679,11441
2022-12-24,7호선,면목,10814,10023
2022-12-24,7호선,상봉,13636,13320
2022-12-24,7호선,중화,7634,6907
2022-12-24,7호선,먹골,7623,7432
2022-12-24,7호선,태릉입구,6380,5863
2022-12-24,7호선,공릉,8498,8141
2022-12-24,7호선,하계,12264,11080
2022-12-24,7호선,중계,8993,7948
2022-12-24,7호선,노원,17309,17837
2022-12-24,7호선,마들,8883,7983
2022-12-24,7호선,수락산,9176,8726
2022-12-24,7호선,도봉산,5631,6731
2022-12-24,7호선,장암,1200,748
2022-12-25,7호선,장암,1175,750
2022-12-25,7호선,도봉산,4926,6256
2022-12-25,7호선,수락산,7764,7496
2022-12-25,7호선,마들,6170,5536
2022-12-25,7호선,노원,13308,13770
2022-12-25,7호선,중계,6984,6451
2022-12-25,7호선,하계,9521,9007
2022-12-25,7호선,공릉,6830,6899
2022-12-25,7호선,태릉입구,5188,4868
2022-12-25,7호선,먹골,5844,5623
2022-12-25,7호선,중화,5545,5344
2022-12-25,7호선,상봉,9758,9108
2022-12-25,7호선,면목,7819,7570
2022-12-25,7호선,사가정,8777,8779
2022-12-25,7호선,용마산,3125,3101
2022-12-25,7호선,중곡,5478,5211
2022-12-25,7호선,군자,8031,6283
2022-12-25,7호선,어린이대공원,6956,6781
2022-12-25,7호선,건대입구,8931,9980
2022-12-25,7호선,뚝섬유원지,5467,5340
2022-12-25,7호선,청담,5849,6924
2022-12-25,7호선,강남구청,4268,4748
2022-12-25,7호선,학동,5107,5315
2022-12-25,7호선,논현,4775,5090
2022-12-25,7호선,반포,2782,2796
2022-12-25,7호선,고속터미널,12406,7990
2022-12-25,7호선,내방,5039,5417
2022-12-25,7호선,이수,8207,7549
2022-12-25,7호선,남성,5476,5369
2022-12-25,7호선,숭실대입구,5761,5956
2022-12-25,7호선,상도,5654,5585
2022-12-25,7호선,장승배기,4433,4245
2022-12-25,7호선,신대방삼거리,7793,7461
2022-12-25,7호선,보라매,3419,3480
2022-12-25,7호선,신풍,6168,5833
2022-12-25,7호선,대림,9005,8561
2022-12-25,7호선,남구로,7265,6894
2022-12-25,7호선,가산디지털단지,11097,9891
2022-12-25,7호선,철산,11239,11713
2022-12-25,7호선,광명사거리,12380,12088
2022-12-25,7호선,천왕,5112,4895
2022-12-25,7호선,온수,3806,3844
2022-12-26,7호선,장암,2359,839
2022-12-26,7호선,도봉산,8906,8979
2022-12-26,7호선,수락산,12871,12718
2022-12-26,7호선,마들,13315,12613
2022-12-26,7호선,노원,20900,21737
2022-12-26,7호선,중계,14505,13214
2022-12-26,7호선,하계,18167,17227
2022-12-26,7호선,공릉,11868,11782
2022-12-26,7호선,태릉입구,8596,8096
2022-12-26,7호선,먹골,10341,10367
2022-12-26,7호선,중화,10870,10681
2022-12-26,7호선,상봉,17017,16387
2022-12-26,7호선,면목,15213,14829
2022-12-26,7호선,사가정,16192,16288
2022-12-26,7호선,용마산,5833,5723
2022-12-26,7호선,중곡,11244,10641
2022-12-26,7호선,군자,15411,12275
2022-12-26,7호선,어린이대공원,12812,12762
2022-12-26,7호선,건대입구,13272,14080
2022-12-26,7호선,뚝섬유원지,7377,7321
2022-12-26,7호선,청담,19227,21481
2022-12-26,7호선,강남구청,16408,17721
2022-12-26,7호선,학동,23994,25272
2022-12-26,7호선,논현,18965,19405
2022-12-26,7호선,반포,6174,6023
2022-12-26,7호선,고속터미널,17354,13964
2022-12-26,7호선,내방,14709,14969
2022-12-26,7호선,이수,16129,15528
2022-12-26,7호선,남성,11155,10460
2022-12-26,7호선,숭실대입구,12156,12521
2022-12-26,7호선,상도,11024,10863
2022-12-26,7호선,장승배기,9427,9372
2022-12-26,7호선,신대방삼거리,15229,14707
2022-12-26,7호선,보라매,7370,7638
2022-12-26,7호선,신풍,11749,10967
2022-12-26,7호선,대림,8246,8252
2022-12-26,7호선,남구로,15775,16442
2022-12-26,7호선,가산디지털단지,45869,45386
2022-12-26,7호선,철산,21710,22150
2022-12-26,7호선,광명사거리,21372,21243
2022-12-26,7호선,천왕,11701,11121
2022-12-26,7호선,온수,10272,9336
2022-12-27,7호선,온수,10482,9534
2022-12-27,7호선,천왕,12223,11573
2022-12-27,7호선,광명사거리,22043,21875
2022-12-27,7호선,철산,22650,22927
2022-12-27,7호선,가산디지털단지,47305,47206
2022-12-27,7호선,남구로,16060,17134
2022-12-27,7호선,대림,8392,8591
2022-12-27,7호선,신풍,12085,11513
2022-12-27,7호선,보라매,7662,7869
2022-12-27,7호선,신대방삼거리,15688,14982
2022-12-27,7호선,장승배기,9872,9443
2022-12-27,7호선,상도,11788,11429
2022-12-27,7호선,숭실대입구,12600,12804
2022-12-27,7호선,남성,11778,11060
2022-12-27,7호선,이수,17379,16641
2022-12-27,7호선,내방,15438,15902
2022-12-27,7호선,고속터미널,17107,14383
2022-12-27,7호선,반포,6376,6286
2022-12-27,7호선,논현,20335,21064
2022-12-27,7호선,학동,25234,26819
2022-12-27,7호선,강남구청,17783,19624
2022-12-27,7호선,청담,20325,22919
2022-12-27,7호선,뚝섬유원지,7934,7708
2022-12-27,7호선,건대입구,13888,14587
2022-12-27,7호선,어린이대공원,13553,13459
2022-12-27,7호선,군자,16310,12837
2022-12-27,7호선,중곡,11383,10713
2022-12-27,7호선,용마산,5980,5781
2022-12-27,7호선,사가정,16976,17015
2022-12-27,7호선,면목,15523,15061
2022-12-27,7호선,상봉,17950,17144
2022-12-27,7호선,중화,11290,11022
2022-12-27,7호선,먹골,10766,10539
2022-12-27,7호선,태릉입구,9045,8579
2022-12-27,7호선,공릉,12324,12097
2022-12-27,7호선,하계,18584,17384
2022-12-27,7호선,중계,14936,13452
2022-12-27,7호선,노원,21655,22733
2022-12-27,7호선,마들,13765,13045
2022-12-27,7호선,수락산,13173,13043
2022-12-27,7호선,도봉산,9276,10094
2022-12-27,7호선,장암,2508,955
2022-12-28,7호선,온수,10488,9607
2022-12-28,7호선,천왕,12370,11664
2022-12-28,7호선,광명사거리,22129,21763
2022-12-28,7호선,철산,22860,23151
2022-12-28,7호선,가산디지털단지,46736,46800
2022-12-28,7호선,남구로,15717,16804
2022-12-28,7호선,대림,8369,8474
2022-12-28,7호선,신풍,12212,11484
2022-12-28,7호선,보라매,7678,7914
2022-12-28,7호선,신대방삼거리,15836,14876
2022-12-28,7호선,장승배기,9727,9545
2022-12-28,7호선,상도,11727,11097
2022-12-28,7호선,숭실대입구,12887,12953
2022-12-28,7호선,남성,11667,10788
2022-12-28,7호선,이수,17453,16315
2022-12-28,7호선,내방,15284,15704
2022-12-28,7호선,고속터미널,16763,14368
2022-12-28,7호선,반포,6467,6428
2022-12-28,7호선,논현,19604,20585
2022-12-28,7호선,학동,24927,27021
2022-12-28,7호선,강남구청,17698,19534
2022-12-28,7호선,청담,20015,22769
2022-12-28,7호선,뚝섬유원지,7914,7699
2022-12-28,7호선,건대입구,14094,14882
2022-12-28,7호선,어린이대공원,13352,13213
2022-12-28,7호선,군자,16269,12789
2022-12-28,7호선,중곡,11776,11012
2022-12-28,7호선,용마산,6127,5924
2022-12-28,7호선,사가정,17112,16788
2022-12-28,7호선,면목,15624,15245
2022-12-28,7호선,상봉,18051,17217
2022-12-28,7호선,중화,11422,11141
2022-12-28,7호선,먹골,10677,10567
2022-12-28,7호선,태릉입구,9281,8654
2022-12-28,7호선,공릉,12299,12134
2022-12-28,7호선,하계,19273,18004
2022-12-28,7호선,중계,14789,13390
2022-12-28,7호선,노원,22101,23141
2022-12-28,7호선,마들,14039,13099
2022-12-28,7호선,수락산,13320,13320
2022-12-28,7호선,도봉산,8914,10045
2022-12-28,7호선,장암,2488,923
2022-12-29,7호선,온수,10088,9287
2022-12-29,7호선,천왕,11988,11133
2022-12-29,7호선,광명사거리,22038,21764
2022-12-29,7호선,철산,22362,22677
2022-12-29,7호선,가산디지털단지,44264,44781
2022-12-29,7호선,남구로,15132,16354
2022-12-29,7호선,대림,8091,8273
2022-12-29,7호선,신풍,11800,11193
2022-12-29,7호선,보라매,7251,7374
2022-12-29,7호선,신대방삼거리,15327,14275
2022-12-29,7호선,장승배기,9470,9151
2022-12-29,7호선,상도,11337,10804
2022-12-29,7호선,숭실대입구,12375,12416
2022-12-29,7호선,남성,11591,10749
2022-12-29,7호선,이수,16747,15990
2022-12-29,7호선,내방,14811,14982
2022-12-29,7호선,고속터미널,16803,13895
2022-12-29,7호선,반포,6541,6298
2022-12-29,7호선,논현,18932,20201
2022-12-29,7호선,학동,24051,26019
2022-12-29,7호선,강남구청,16789,19005
2022-12-29,7호선,청담,19527,22263
2022-12-29,7호선,뚝섬유원지,7890,7640
2022-12-29,7호선,건대입구,17572,17946
2022-12-29,7호선,어린이대공원,15716,16025
2022-12-29,7호선,군자,15896,12372
2022-12-29,7호선,중곡,11264,10423
2022-12-29,7호선,용마산,5986,5755
2022-12-29,7호선,사가정,16659,16447
2022-12-29,7호선,면목,15548,15065
2022-12-29,7호선,상봉,17977,17046
2022-12-29,7호선,중화,11099,10867
2022-12-29,7호선,먹골,10755,10511
2022-12-29,7호선,태릉입구,9000,8261
2022-12-29,7호선,공릉,12051,11936
2022-12-29,7호선,하계,18647,17353
2022-12-29,7호선,중계,14772,13341
2022-12-29,7호선,노원,21451,22401
2022-12-29,7호선,마들,13916,12814
2022-12-29,7호선,수락산,13312,12975
2022-12-29,7호선,도봉산,8858,10323
2022-12-29,7호선,장암,2373,938
2022-12-30,7호선,온수,9575,8586
2022-12-30,7호선,천왕,11791,10860
2022-12-30,7호선,광명사거리,22861,22644
2022-12-30,7호선,철산,22191,22499
2022-12-30,7호선,가산디지털단지,39248,38543
2022-12-30,7호선,남구로,14210,15193
2022-12-30,7호선,대림,8631,8901
2022-12-30,7호선,신풍,11478,10794
2022-12-30,7호선,보라매,7175,7128
2022-12-30,7호선,신대방삼거리,15092,14016
2022-12-30,7호선,장승배기,9331,8756
2022-12-30,7호선,상도,11175,10132
2022-12-30,7호선,숭실대입구,12129,11561
2022-12-30,7호선,남성,11242,10200
2022-12-30,7호선,이수,16840,15938
2022-12-30,7호선,내방,14101,14266
2022-12-30,7호선,고속터미널,18528,15141
2022-12-30,7호선,반포,6576,6248
2022-12-30,7호선,논현,17019,18267
2022-12-30,7호선,학동,20991,22461
2022-12-30,7호선,강남구청,15413,17260
2022-12-30,7호선,청담,18122,20409
2022-12-30,7호선,뚝섬유원지,8039,7824
2022-12-30,7호선,건대입구,14338,14858
2022-12-30,7호선,어린이대공원,12916,12255
2022-12-30,7호선,군자,15846,12128
2022-12-30,7호선,중곡,10919,10183
2022-12-30,7호선,용마산,5863,5618
2022-12-30,7호선,사가정,16747,16840
2022-12-30,7호선,면목,15509,14839
2022-12-30,7호선,상봉,17945,17511
2022-12-30,7호선,중화,11095,10616
2022-12-30,7호선,먹골,10886,10527
2022-12-30,7호선,태릉입구,8691,8292
2022-12-30,7호선,공릉,11771,11749
2022-12-30,7호선,하계,17722,16302
2022-12-30,7호선,중계,14121,12443
2022-12-30,7호선,노원,23029,24491
2022-12-30,7호선,마들,13281,12130
2022-12-30,7호선,수락산,13198,12818
2022-12-30,7호선,도봉산,8302,9802
2022-12-30,7호선,장암,2224,979
2022-12-31,7호선,장암,1189,799
2022-12-31,7호선,도봉산,5735,7499
2022-12-31,7호선,수락산,9121,8726
2022-12-31,7호선,마들,8608,7669
2022-12-31,7호선,노원,15610,16522
2022-12-31,7호선,중계,8649,7363
2022-12-31,7호선,하계,11327,10325
2022-12-31,7호선,공릉,7845,7561
2022-12-31,7호선,태릉입구,6101,5492
2022-12-31,7호선,먹골,7259,6848
2022-12-31,7호선,중화,7054,6475
2022-12-31,7호선,상봉,12754,11992
2022-12-31,7호선,면목,10352,9580
2022-12-31,7호선,사가정,11381,10857
2022-12-31,7호선,용마산,3859,3611
2022-12-31,7호선,중곡,6576,6135
2022-12-31,7호선,군자,10297,7688
2022-12-31,7호선,어린이대공원,9057,8121
2022-12-31,7호선,건대입구,10134,10915
2022-12-31,7호선,뚝섬유원지,6195,6016
2022-12-31,7호선,청담,8426,9300
2022-12-31,7호선,강남구청,7304,7958
2022-12-31,7호선,학동,7799,8249
2022-12-31,7호선,논현,8139,8485
2022-12-31,7호선,반포,4149,4005
2022-12-31,7호선,고속터미널,12451,10173
2022-12-31,7호선,내방,6997,6829
2022-12-31,7호선,이수,10569,9671
2022-12-31,7호선,남성,7239,6372
2022-12-31,7호선,숭실대입구,7273,6655
2022-12-31,7호선,상도,7059,6216
2022-12-31,7호선,장승배기,5962,5575
2022-12-31,7호선,신대방삼거리,9903,8896
2022-12-31,7호선,보라매,4324,4159
2022-12-31,7호선,신풍,7280,6839
2022-12-31,7호선,대림,8400,9043
2022-12-31,7호선,남구로,8265,8238
2022-12-31,7호선,가산디지털단지,12945,11183
2022-12-31,7호선,철산,13387,13797
2022-12-31,7호선,광명사거리,16476,16071
2022-12-31,7호선,천왕,6400,5923
2022-12-31,7호선,온수,5078,4801
2022-01-01,8호선,남위례,1367,1592
2022-01-01,8호선,모란,2208,1927
2022-01-01,8호선,수진,2462,2262
2022-01-01,8호선,신흥,2273,2602
2022-01-01,8호선,단대오거리,4316,4142
2022-01-01,8호선,남한산성입구,5323,5004
2022-01-01,8호선,산성,2435,2447
2022-01-01,8호선,복정,3374,3023
2022-01-01,8호선,장지,7522,7404
2022-01-01,8호선,문정,3686,3717
2022-01-01,8호선,가락시장,2644,2828
2022-01-01,8호선,송파,2576,2707
2022-01-01,8호선,석촌,3107,3797
2022-01-01,8호선,잠실,8337,9287
2022-01-01,8호선,몽촌토성,2779,2571
2022-01-01,8호선,강동구청,3371,3526
2022-01-01,8호선,천호,6431,7632
2022-01-01,8호선,암사,6855,6471
2022-01-02,8호선,신흥,2385,2611
2022-01-02,8호선,남위례,1560,1796
2022-01-02,8호선,모란,2400,1983
2022-01-02,8호선,수진,2671,2496
2022-01-02,8호선,단대오거리,4737,4721
2022-01-02,8호선,남한산성입구,5625,5333
2022-01-02,8호선,산성,2646,2693
2022-01-02,8호선,복정,3633,3498
2022-01-02,8호선,장지,8000,8381
2022-01-02,8호선,문정,3765,4409
2022-01-02,8호선,가락시장,2587,3313
2022-01-02,8호선,송파,3028,3320
2022-01-02,8호선,석촌,3587,4643
2022-01-02,8호선,잠실,9634,10188
2022-01-02,8호선,몽촌토성,2790,2862
2022-01-02,8호선,강동구청,3987,4302
2022-01-02,8호선,천호,7651,9029
2022-01-02,8호선,암사,7687,7350
2022-01-03,8호선,암사,18074,16322
2022-01-03,8호선,천호,13851,16005
2022-01-03,8호선,강동구청,10029,10488
2022-01-03,8호선,몽촌토성,5659,5724
2022-01-03,8호선,잠실,13182,15254
2022-01-03,8호선,석촌,7245,8280
2022-01-03,8호선,송파,7146,7307
2022-01-03,8호선,가락시장,7104,7733
2022-01-03,8호선,문정,21983,23062
2022-01-03,8호선,장지,16033,15741
2022-01-03,8호선,복정,8772,7475
2022-01-03,8호선,산성,5008,5038
2022-01-03,8호선,남한산성입구,12695,11675
2022-01-03,8호선,단대오거리,9710,9674
2022-01-03,8호선,신흥,3999,4459
2022-01-03,8호선,수진,5131,4725
2022-01-03,8호선,모란,4097,3128
2022-01-03,8호선,남위례,3311,3646
2022-01-04,8호선,암사,18470,16513
2022-01-04,8호선,천호,14394,16402
2022-01-04,8호선,강동구청,10325,10838
2022-01-04,8호선,몽촌토성,6012,5906
2022-01-04,8호선,잠실,13673,15757
2022-01-04,8호선,석촌,7704,8867
2022-01-04,8호선,송파,7236,7405
2022-01-04,8호선,가락시장,7594,8261
2022-01-04,8호선,문정,22640,23757
2022-01-04,8호선,장지,16924,16435
2022-01-04,8호선,복정,9321,7871
2022-01-04,8호선,산성,5129,5188
2022-01-04,8호선,남한산성입구,13195,12277
2022-01-04,8호선,단대오거리,10160,10134
2022-01-04,8호선,신흥,4066,4433
2022-01-04,8호선,수진,5243,4788
2022-01-04,8호선,모란,5719,4466
2022-01-04,8호선,남위례,3426,3778
2022-01-05,8호선,암사,18548,16580
2022-01-05,8호선,천호,14547,16626
2022-01-05,8호선,강동구청,10323,10789
2022-01-05,8호선,몽촌토성,5881,6055
2022-01-05,8호선,잠실,13302,15608
2022-01-05,8호선,석촌,7704,8739
2022-01-05,8호선,송파,7165,7320
2022-01-05,8호선,가락시장,7592,8280
2022-01-05,8호선,문정,22922,24062
2022-01-05,8호선,장지,16814,16320
2022-01-05,8호선,복정,9328,7905
2022-01-05,8호선,산성,5167,5201
2022-01-05,8호선,남한산성입구,13149,12049
2022-01-05,8호선,단대오거리,10096,9908
2022-01-05,8호선,신흥,4059,4363
2022-01-05,8호선,수진,5190,4697
2022-01-05,8호선,모란,4122,3198
2022-01-05,8호선,남위례,3548,3824
2022-01-06,8호선,암사,18657,16597
2022-01-06,8호선,천호,14756,16819
2022-01-06,8호선,강동구청,10372,10724
2022-01-06,8호선,몽촌토성,6020,6107
2022-01-06,8호선,잠실,14152,16381
2022-01-06,8호선,석촌,7815,8850
2022-01-06,8호선,송파,7210,7330
2022-01-06,8호선,가락시장,7819,8549
2022-01-06,8호선,문정,22678,23904
2022-01-06,8호선,장지,17198,16487
2022-01-06,8호선,복정,9429,7912
2022-01-06,8호선,산성,5100,5225
2022-01-06,8호선,남한산성입구,13079,12040
2022-01-06,8호선,단대오거리,10172,9884
2022-01-06,8호선,신흥,4123,4556
2022-01-06,8호선,수진,5233,4726
2022-01-06,8호선,모란,4268,3227
2022-01-06,8호선,남위례,3545,3874
2022-01-07,8호선,가락시장,8036,8904
2022-01-07,8호선,강동구청,10647,11039
2022-01-07,8호선,남위례,3566,3915
2022-01-07,8호선,남한산성입구,13392,12099
2022-01-07,8호선,단대오거리,10505,10128
2022-01-07,8호선,모란,4411,3459
2022-01-07,8호선,몽촌토성,6124,6322
2022-01-07,8호선,문정,22643,23727
2022-01-07,8호선,복정,9676,8109
2022-01-07,8호선,산성,5297,5246
2022-01-07,8호선,석촌,7950,9347
2022-01-07,8호선,송파,7473,7610
2022-01-07,8호선,수진,5335,4867
2022-01-07,8호선,신흥,4251,4569
2022-01-07,8호선,암사,18966,16923
2022-01-07,8호선,잠실,14795,17253
2022-01-07,8호선,장지,17245,16739
2022-01-07,8호선,천호,15065,17735
2022-01-08,8호선,암사,11597,10700
2022-01-08,8호선,천호,11676,13571
2022-01-08,8호선,강동구청,5689,5761
2022-01-08,8호선,몽촌토성,3961,4008
2022-01-08,8호선,잠실,12827,14581
2022-01-08,8호선,석촌,5696,6892
2022-01-08,8호선,송파,4613,4937
2022-01-08,8호선,가락시장,5231,5359
2022-01-08,8호선,문정,8089,8252
2022-01-08,8호선,장지,11516,10918
2022-01-08,8호선,복정,6021,5045
2022-01-08,8호선,산성,3813,3893
2022-01-08,8호선,남한산성입구,8715,7794
2022-01-08,8호선,단대오거리,7072,6655
2022-01-08,8호선,신흥,3256,3630
2022-01-08,8호선,수진,4026,3763
2022-01-08,8호선,모란,3455,3021
2022-01-08,8호선,남위례,2576,2796
2022-01-09,8호선,신흥,2600,2882
2022-01-09,8호선,암사,8075,7758
2022-01-09,8호선,천호,8222,9376
2022-01-09,8호선,강동구청,4146,4348
2022-01-09,8호선,몽촌토성,2787,2774
2022-01-09,8호선,잠실,9598,10440
2022-01-09,8호선,석촌,3966,4859
2022-01-09,8호선,송파,3368,3491
2022-01-09,8호선,가락시장,2847,3580
2022-01-09,8호선,문정,5089,5522
2022-01-09,8호선,장지,8508,8588
2022-01-09,8호선,복정,4167,3909
2022-01-09,8호선,산성,2863,2834
2022-01-09,8호선,남한산성입구,6318,5883
2022-01-09,8호선,단대오거리,5287,5212
2022-01-09,8호선,수진,2955,2782
2022-01-09,8호선,모란,4599,3762
2022-01-09,8호선,남위례,1793,2029
2022-01-10,8호선,남위례,3457,3858
2022-01-10,8호선,모란,4214,3239
2022-01-10,8호선,수진,5155,4707
2022-01-10,8호선,신흥,4157,4526
2022-01-10,8호선,단대오거리,10126,10040
2022-01-10,8호선,남한산성입구,13205,12199
2022-01-10,8호선,산성,5055,5195
2022-01-10,8호선,복정,9180,7809
2022-01-10,8호선,장지,16458,16100
2022-01-10,8호선,문정,22817,24018
2022-01-10,8호선,가락시장,7613,8449
2022-01-10,8호선,송파,7326,7379
2022-01-10,8호선,석촌,7655,8722
2022-01-10,8호선,잠실,13458,15694
2022-01-10,8호선,몽촌토성,5967,6006
2022-01-10,8호선,강동구청,10420,10850
2022-01-10,8호선,천호,14382,16325
2022-01-10,8호선,암사,18677,16841
2022-01-11,8호선,남위례,3596,3949
2022-01-11,8호선,모란,4149,3081
2022-01-11,8호선,수진,5158,4798
2022-01-11,8호선,신흥,3987,4505
2022-01-11,8호선,단대오거리,10089,10038
2022-01-11,8호선,남한산성입구,13263,12225
2022-01-11,8호선,산성,5194,5197
2022-01-11,8호선,복정,9388,8012
2022-01-11,8호선,장지,17275,16646
2022-01-11,8호선,문정,23158,24319
2022-01-11,8호선,가락시장,7765,8457
2022-01-11,8호선,송파,7505,7661
2022-01-11,8호선,석촌,7982,8909
2022-01-11,8호선,잠실,13885,16051
2022-01-11,8호선,몽촌토성,6122,6134
2022-01-11,8호선,강동구청,10578,11052
2022-01-11,8호선,천호,14611,16789
2022-01-11,8호선,암사,18867,16917
2022-01-12,8호선,남위례,3584,3917
2022-01-12,8호선,모란,4124,3136
2022-01-12,8호선,수진,5091,4732
2022-01-12,8호선,신흥,3947,4317
2022-01-12,8호선,단대오거리,10062,9939
2022-01-12,8호선,남한산성입구,12895,11998
2022-01-12,8호선,산성,5110,5061
2022-01-12,8호선,복정,9378,7802
2022-01-12,8호선,장지,17023,16584
2022-01-12,8호선,문정,23210,24210
2022-01-12,8호선,가락시장,7578,8242
2022-01-12,8호선,송파,7203,7502
2022-01-12,8호선,석촌,7763,8861
2022-01-12,8호선,잠실,14155,16400
2022-01-12,8호선,몽촌토성,5960,6114
2022-01-12,8호선,강동구청,10562,11029
2022-01-12,8호선,천호,14500,16416
2022-01-12,8호선,암사,18482,16636
2022-01-13,8호선,암사,18779,16757
2022-01-13,8호선,천호,14551,16391
2022-01-13,8호선,강동구청,10446,10885
2022-01-13,8호선,몽촌토성,6043,6180
2022-01-13,8호선,잠실,14087,16394
2022-01-13,8호선,석촌,7829,8898
2022-01-13,8호선,송파,7286,7445
2022-01-13,8호선,가락시장,7548,8400
2022-01-13,8호선,문정,23139,24124
2022-01-13,8호선,장지,16891,16378
2022-01-13,8호선,복정,9317,7931
2022-01-13,8호선,산성,5086,5128
2022-01-13,8호선,남한산성입구,12894,11892
2022-01-13,8호선,단대오거리,10016,9977
2022-01-13,8호선,신흥,3992,4425
2022-01-13,8호선,수진,5210,4730
2022-01-13,8호선,모란,4120,3234
2022-01-13,8호선,남위례,3601,3804
2022-01-14,8호선,암사,18799,16896
2022-01-14,8호선,천호,14997,17735
2022-01-14,8호선,강동구청,10602,10974
2022-01-14,8호선,몽촌토성,5891,6126
2022-01-14,8호선,잠실,14551,17040
2022-01-14,8호선,석촌,8178,9275
2022-01-14,8호선,송파,7393,7730
2022-01-14,8호선,가락시장,8127,8966
2022-01-14,8호선,문정,22874,23845
2022-01-14,8호선,장지,17149,16539
2022-01-14,8호선,복정,9580,7792
2022-01-14,8호선,산성,5206,5072
2022-01-14,8호선,남한산성입구,13557,12153
2022-01-14,8호선,단대오거리,10530,10175
2022-01-14,8호선,수진,5363,4869
2022-01-14,8호선,모란,5735,4625
2022-01-14,8호선,남위례,3735,4105
2022-01-14,8호선,신흥,4296,4583
2022-01-15,8호선,수진,3988,3606
2022-01-15,8호선,남위례,2519,2715
2022-01-15,8호선,모란,3439,3017
2022-01-15,8호선,신흥,3292,3509
2022-01-15,8호선,단대오거리,7284,6924
2022-01-15,8호선,남한산성입구,8714,7830
2022-01-15,8호선,산성,3791,3893
2022-01-15,8호선,복정,5907,4987
2022-01-15,8호선,장지,11519,10824
2022-01-15,8호선,문정,8426,8599
2022-01-15,8호선,가락시장,5472,5521
2022-01-15,8호선,송파,4847,4877
2022-01-15,8호선,석촌,5846,7047
2022-01-15,8호선,잠실,12444,14527
2022-01-15,8호선,몽촌토성,3858,3819
2022-01-15,8호선,강동구청,5902,5996
2022-01-15,8호선,천호,11512,13528
2022-01-15,8호선,암사,11830,10864
2022-01-16,8호선,모란,2510,2093
2022-01-16,8호선,남위례,1778,1967
2022-01-16,8호선,수진,2943,2709
2022-01-16,8호선,신흥,2476,2696
2022-01-16,8호선,단대오거리,5053,5072
2022-01-16,8호선,남한산성입구,6208,5874
2022-01-16,8호선,산성,2747,2745
2022-01-16,8호선,복정,4024,3805
2022-01-16,8호선,장지,8662,8746
2022-01-16,8호선,문정,5142,5456
2022-01-16,8호선,가락시장,2964,3801
2022-01-16,8호선,송파,3271,3472
2022-01-16,8호선,석촌,3983,5007
2022-01-16,8호선,잠실,10113,11270
2022-01-16,8호선,몽촌토성,2944,3028
2022-01-16,8호선,강동구청,4295,4475
2022-01-16,8호선,천호,8652,9819
2022-01-16,8호선,암사,8236,8070
2022-01-17,8호선,암사,18597,16946
2022-01-17,8호선,천호,14351,16330
2022-01-17,8호선,강동구청,10469,11112
2022-01-17,8호선,몽촌토성,5948,6120
2022-01-17,8호선,잠실,13693,15624
2022-01-17,8호선,석촌,7702,8674
2022-01-17,8호선,송파,7288,7672
2022-01-17,8호선,가락시장,7680,8466
2022-01-17,8호선,문정,23316,24059
2022-01-17,8호선,장지,16645,16408
2022-01-17,8호선,복정,9027,7820
2022-01-17,8호선,산성,5045,5247
2022-01-17,8호선,남한산성입구,13056,12243
2022-01-17,8호선,단대오거리,10479,10351
2022-01-17,8호선,신흥,4122,4494
2022-01-17,8호선,수진,5229,4874
2022-01-17,8호선,모란,4341,3281
2022-01-17,8호선,남위례,3536,3892
2022-01-18,8호선,남위례,3762,4089
2022-01-18,8호선,모란,4146,3171
2022-01-18,8호선,수진,5032,4668
2022-01-18,8호선,신흥,4010,4350
2022-01-18,8호선,단대오거리,10256,10201
2022-01-18,8호선,남한산성입구,13344,12233
2022-01-18,8호선,산성,5247,5134
2022-01-18,8호선,복정,9496,8023
2022-01-18,8호선,장지,17201,16776
2022-01-18,8호선,문정,23357,24681
2022-01-18,8호선,가락시장,7818,8589
2022-01-18,8호선,송파,7428,7543
2022-01-18,8호선,잠실,13861,16140
2022-01-18,8호선,몽촌토성,5998,5984
2022-01-18,8호선,강동구청,10708,11187
2022-01-18,8호선,천호,14766,16755
2022-01-18,8호선,암사,19027,16957
2022-01-18,8호선,석촌,7834,9000
2022-01-19,8호선,남위례,4066,4405
2022-01-19,8호선,모란,5220,4002
2022-01-19,8호선,수진,5314,5017
2022-01-19,8호선,신흥,4243,4646
2022-01-19,8호선,단대오거리,10847,10910
2022-01-19,8호선,남한산성입구,13630,12747
2022-01-19,8호선,산성,5461,5529
2022-01-19,8호선,복정,10046,8473
2022-01-19,8호선,장지,18348,17889
2022-01-19,8호선,문정,24897,25648
2022-01-19,8호선,가락시장,8304,8965
2022-01-19,8호선,송파,7962,8335
2022-01-19,8호선,석촌,8437,9539
2022-01-19,8호선,잠실,14945,17411
2022-01-19,8호선,몽촌토성,6494,6565
2022-01-19,8호선,강동구청,11914,11943
2022-01-19,8호선,천호,15230,17411
2022-01-19,8호선,암사,19604,17786
2022-01-20,8호선,암사,19213,17091
2022-01-20,8호선,천호,15046,17074
2022-01-20,8호선,강동구청,11012,11428
2022-01-20,8호선,몽촌토성,6185,6280
2022-01-20,8호선,잠실,14154,16494
2022-01-20,8호선,석촌,7960,9080
2022-01-20,8호선,송파,7467,7600
2022-01-20,8호선,가락시장,8199,8926
2022-01-20,8호선,문정,23521,24951
2022-01-20,8호선,장지,17407,16856
2022-01-20,8호선,복정,9538,8047
2022-01-20,8호선,산성,5239,5217
2022-01-20,8호선,남한산성입구,13256,12175
2022-01-20,8호선,단대오거리,10444,10300
2022-01-20,8호선,신흥,4155,4487
2022-01-20,8호선,수진,5215,4853
2022-01-20,8호선,모란,4285,3211
2022-01-20,8호선,남위례,3865,4148
2022-01-21,8호선,남위례,4000,4202
2022-01-21,8호선,모란,4345,3430
2022-01-21,8호선,수진,5307,4830
2022-01-21,8호선,신흥,4229,4596
2022-01-21,8호선,단대오거리,10606,10250
2022-01-21,8호선,남한산성입구,13608,12348
2022-01-21,8호선,산성,5385,5325
2022-01-21,8호선,복정,9767,8266
2022-01-21,8호선,장지,17637,16833
2022-01-21,8호선,문정,22789,24000
2022-01-21,8호선,가락시장,8487,9305
2022-01-21,8호선,송파,7636,7769
2022-01-21,8호선,석촌,8067,9399
2022-01-21,8호선,잠실,14519,17005
2022-01-21,8호선,몽촌토성,6240,6346
2022-01-21,8호선,강동구청,10979,11432
2022-01-21,8호선,천호,15735,18323
2022-01-21,8호선,암사,19429,17291
2022-01-22,8호선,암사,12331,11344
2022-01-22,8호선,천호,11970,13941
2022-01-22,8호선,강동구청,6185,6220
2022-01-22,8호선,몽촌토성,4014,4091
2022-01-22,8호선,잠실,12627,14506
2022-01-22,8호선,석촌,5792,7183
2022-01-22,8호선,송파,4863,5000
2022-01-22,8호선,가락시장,5883,5887
2022-01-22,8호선,문정,8589,8743
2022-01-22,8호선,장지,11707,10848
2022-01-22,8호선,복정,6099,5114
2022-01-22,8호선,산성,3864,3874
2022-01-22,8호선,남한산성입구,8769,8088
2022-01-22,8호선,단대오거리,7453,7067
2022-01-22,8호선,신흥,3352,3585
2022-01-22,8호선,수진,4074,3678
2022-01-22,8호선,모란,3589,3011
2022-01-22,8호선,남위례,2658,2880
2022-01-23,8호선,암사,8359,7999
2022-01-23,8호선,천호,8351,9556
2022-01-23,8호선,강동구청,4229,4513
2022-01-23,8호선,몽촌토성,2978,2856
2022-01-23,8호선,잠실,9225,10588
2022-01-23,8호선,석촌,4109,4941
2022-01-23,8호선,송파,3221,3436
2022-01-23,8호선,가락시장,3133,3872
2022-01-23,8호선,문정,5295,5512
2022-01-23,8호선,장지,8295,8632
2022-01-23,8호선,복정,4316,3986
2022-01-23,8호선,산성,2937,2949
2022-01-23,8호선,남한산성입구,6380,6071
2022-01-23,8호선,단대오거리,5107,5105
2022-01-23,8호선,신흥,2405,2522
2022-01-23,8호선,수진,2964,2644
2022-01-23,8호선,모란,2502,2108
2022-01-23,8호선,남위례,1942,2032
2022-01-24,8호선,수진,5356,5038
2022-01-24,8호선,암사,18881,16840
2022-01-24,8호선,천호,14741,16531
2022-01-24,8호선,강동구청,10725,11269
2022-01-24,8호선,몽촌토성,6065,6189
2022-01-24,8호선,잠실,13465,15598
2022-01-24,8호선,석촌,7638,8896
2022-01-24,8호선,송파,7527,7595
2022-01-24,8호선,가락시장,8200,9007
2022-01-24,8호선,문정,22816,24232
2022-01-24,8호선,장지,16977,16512
2022-01-24,8호선,복정,9344,7895
2022-01-24,8호선,산성,5199,5170
2022-01-24,8호선,남한산성입구,13431,12336
2022-01-24,8호선,단대오거리,10650,10423
2022-01-24,8호선,신흥,4203,4532
2022-01-24,8호선,모란,6192,4714
2022-01-24,8호선,남위례,3721,3958
2022-01-25,8호선,남위례,3795,3995
2022-01-25,8호선,모란,4253,3217
2022-01-25,8호선,수진,5131,4644
2022-01-25,8호선,신흥,4055,4411
2022-01-25,8호선,단대오거리,10263,10192
2022-01-25,8호선,남한산성입구,13233,12212
2022-01-25,8호선,산성,5037,5104
2022-01-25,8호선,복정,9361,7991
2022-01-25,8호선,장지,17414,16775
2022-01-25,8호선,문정,23193,24613
2022-01-25,8호선,가락시장,8532,9472
2022-01-25,8호선,송파,7428,7507
2022-01-25,8호선,석촌,7790,8913
2022-01-25,8호선,잠실,13725,16004
2022-01-25,8호선,몽촌토성,5976,6071
2022-01-25,8호선,강동구청,10895,11372
2022-01-25,8호선,천호,14901,16869
2022-01-25,8호선,암사,19030,16958
2022-01-26,8호선,석촌,8030,8952
2022-01-26,8호선,암사,19236,17239
2022-01-26,8호선,천호,14941,16982
2022-01-26,8호선,강동구청,10892,11394
2022-01-26,8호선,몽촌토성,6114,6303
2022-01-26,8호선,잠실,13856,16270
2022-01-26,8호선,송파,7509,7743
2022-01-26,8호선,가락시장,8300,9134
2022-01-26,8호선,문정,23176,24464
2022-01-26,8호선,장지,17548,17125
2022-01-26,8호선,복정,9716,8265
2022-01-26,8호선,산성,5282,5289
2022-01-26,8호선,남한산성입구,13530,12301
2022-01-26,8호선,단대오거리,10483,10387
2022-01-26,8호선,신흥,4216,4560
2022-01-26,8호선,수진,5139,4733
2022-01-26,8호선,모란,4219,3265
2022-01-26,8호선,남위례,3897,4120
2022-01-27,8호선,남위례,3711,4026
2022-01-27,8호선,모란,4239,3231
2022-01-27,8호선,수진,5190,4645
2022-01-27,8호선,신흥,4053,4313
2022-01-27,8호선,단대오거리,10173,9879
2022-01-27,8호선,남한산성입구,13061,11995
2022-01-27,8호선,산성,5128,5132
2022-01-27,8호선,복정,9250,7817
2022-01-27,8호선,장지,17215,16390
2022-01-27,8호선,문정,22991,24215
2022-01-27,8호선,가락시장,8256,9274
2022-01-27,8호선,송파,7303,7452
2022-01-27,8호선,석촌,7773,8876
2022-01-27,8호선,잠실,13698,15970
2022-01-27,8호선,몽촌토성,6241,6265
2022-01-27,8호선,강동구청,10834,11365
2022-01-27,8호선,천호,14937,16830
2022-01-27,8호선,암사,18985,16789
2022-01-28,8호선,암사,18613,16450
2022-01-28,8호선,천호,15163,17407
2022-01-28,8호선,강동구청,10652,11089
2022-01-28,8호선,몽촌토성,5942,5953
2022-01-28,8호선,잠실,14240,16430
2022-01-28,8호선,석촌,7906,9082
2022-01-28,8호선,송파,7302,7469
2022-01-28,8호선,가락시장,8129,9170
2022-01-28,8호선,문정,20803,21816
2022-01-28,8호선,장지,16579,15660
2022-01-28,8호선,복정,8987,7550
2022-01-28,8호선,산성,5094,5011
2022-01-28,8호선,남한산성입구,12969,11556
2022-01-28,8호선,단대오거리,10329,9857
2022-01-28,8호선,신흥,4116,4609
2022-01-28,8호선,수진,5297,4746
2022-01-28,8호선,모란,4230,3312
2022-01-28,8호선,남위례,3652,3905
2022-01-29,8호선,남위례,2222,2236
2022-01-29,8호선,모란,4927,4000
2022-01-29,8호선,수진,3790,3323
2022-01-29,8호선,신흥,3142,3294
2022-01-29,8호선,단대오거리,6551,6120
2022-01-29,8호선,남한산성입구,7826,6925
2022-01-29,8호선,산성,3376,3377
2022-01-29,8호선,복정,4782,4108
2022-01-29,8호선,장지,9408,9080
2022-01-29,8호선,문정,5578,5290
2022-01-29,8호선,가락시장,5084,5705
2022-01-29,8호선,송파,4191,4137
2022-01-29,8호선,석촌,4953,5749
2022-01-29,8호선,잠실,10491,11558
2022-01-29,8호선,몽촌토성,3485,3329
2022-01-29,8호선,강동구청,5153,5137
2022-01-29,8호선,천호,10117,11536
2022-01-29,8호선,암사,10636,9834
2022-01-30,8호선,남위례,1514,1624
2022-01-30,8호선,모란,2273,1848
2022-01-30,8호선,수진,2490,2232
2022-01-30,8호선,신흥,2102,2252
2022-01-30,8호선,단대오거리,4615,4357
2022-01-30,8호선,남한산성입구,5605,4994
2022-01-30,8호선,산성,2460,2545
2022-01-30,8호선,복정,3441,3114
2022-01-30,8호선,장지,7142,6972
2022-01-30,8호선,문정,3601,3364
2022-01-30,8호선,가락시장,3320,3538
2022-01-30,8호선,송파,2729,2899
2022-01-30,8호선,석촌,3235,3898
2022-01-30,8호선,잠실,7950,9081
2022-01-30,8호선,몽촌토성,2417,2245
2022-01-30,8호선,강동구청,3744,3750
2022-01-30,8호선,천호,7325,8256
2022-01-30,8호선,암사,7761,7202
2022-01-31,8호선,남위례,1108,1234
2022-01-31,8호선,모란,1719,1487
2022-01-31,8호선,수진,1997,1732
2022-01-31,8호선,신흥,1695,1747
2022-01-31,8호선,단대오거리,3613,3424
2022-01-31,8호선,남한산성입구,4322,4046
2022-01-31,8호선,산성,1887,1925
2022-01-31,8호선,복정,2504,2109
2022-01-31,8호선,장지,5669,5551
2022-01-31,8호선,문정,2673,2561
2022-01-31,8호선,가락시장,2429,2604
2022-01-31,8호선,송파,2049,2156
2022-01-31,8호선,석촌,2382,2789
2022-01-31,8호선,잠실,6106,6739
2022-01-31,8호선,몽촌토성,1916,1830
2022-01-31,8호선,강동구청,2858,2900
2022-01-31,8호선,천호,5103,5712
2022-01-31,8호선,암사,5996,5757
2022-02-01,8호선,남위례,981,1077
2022-02-01,8호선,모란,1571,1264
2022-02-01,8호선,수진,1764,1739
2022-02-01,8호선,신흥,1516,1698
2022-02-01,8호선,단대오거리,3254,3349
2022-02-01,8호선,남한산성입구,3982,3878
2022-02-01,8호선,산성,1703,1711
2022-02-01,8호선,복정,2217,1917
2022-02-01,8호선,장지,3792,3775
2022-02-01,8호선,문정,1997,2380
2022-02-01,8호선,가락시장,1471,1654
2022-02-01,8호선,송파,1795,1978
2022-02-01,8호선,석촌,2042,2615
2022-02-01,8호선,잠실,5356,5827
2022-02-01,8호선,몽촌토성,1702,1874
2022-02-01,8호선,강동구청,2538,2726
2022-02-01,8호선,천호,4256,5224
2022-02-01,8호선,암사,5024,5046
2022-02-02,8호선,암사,6580,6403
2022-02-02,8호선,천호,6727,8063
2022-02-02,8호선,강동구청,3462,3728
2022-02-02,8호선,몽촌토성,2426,2729
2022-02-02,8호선,잠실,8588,9474
2022-02-02,8호선,석촌,2912,3900
2022-02-02,8호선,송파,2598,2843
2022-02-02,8호선,가락시장,2314,2631
2022-02-02,8호선,문정,3585,4102
2022-02-02,8호선,장지,6963,7608
2022-02-02,8호선,복정,2978,2994
2022-02-02,8호선,산성,2329,2377
2022-02-02,8호선,남한산성입구,5087,4858
2022-02-02,8호선,단대오거리,4226,4178
2022-02-02,8호선,신흥,2103,2364
2022-02-02,8호선,수진,2304,2193
2022-02-02,8호선,모란,2043,1673
2022-02-02,8호선,남위례,1531,1659
2022-02-03,8호선,남위례,3367,3687
2022-02-03,8호선,모란,3872,3028
2022-02-03,8호선,수진,4749,4352
2022-02-03,8호선,신흥,3944,4259
2022-02-03,8호선,단대오거리,9294,9166
2022-02-03,8호선,남한산성입구,11789,10929
2022-02-03,8호선,산성,4566,4559
2022-02-03,8호선,복정,7908,6989
2022-02-03,8호선,장지,14884,14660
2022-02-03,8호선,문정,18825,19912
2022-02-03,8호선,가락시장,5960,7136
2022-02-03,8호선,송파,6678,6816
2022-02-03,8호선,석촌,7178,8175
2022-02-03,8호선,잠실,12582,14425
2022-02-03,8호선,몽촌토성,5286,5371
2022-02-03,8호선,강동구청,9614,10131
2022-02-03,8호선,천호,13025,14866
2022-02-03,8호선,암사,16747,15060
2022-02-04,8호선,남위례,3654,3882
2022-02-04,8호선,모란,4986,3809
2022-02-04,8호선,수진,4993,4624
2022-02-04,8호선,신흥,4066,4614
2022-02-04,8호선,단대오거리,10270,9725
2022-02-04,8호선,남한산성입구,12674,11737
2022-02-04,8호선,산성,4852,4828
2022-02-04,8호선,복정,8654,7306
2022-02-04,8호선,장지,16003,15574
2022-02-04,8호선,문정,19692,20730
2022-02-04,8호선,가락시장,7070,7760
2022-02-04,8호선,송파,7032,7270
2022-02-04,8호선,석촌,7629,8678
2022-02-04,8호선,잠실,13618,15740
2022-02-04,8호선,몽촌토성,5488,5522
2022-02-04,8호선,강동구청,10152,10562
2022-02-04,8호선,천호,13974,16329
2022-02-04,8호선,암사,17765,15964
2022-02-05,8호선,암사,10447,9858
2022-02-05,8호선,천호,10179,12068
2022-02-05,8호선,강동구청,5399,5418
2022-02-05,8호선,몽촌토성,3778,3686
2022-02-05,8호선,잠실,10690,12103
2022-02-05,8호선,석촌,5111,5994
2022-02-05,8호선,송파,4202,4378
2022-02-05,8호선,가락시장,4608,4524
2022-02-05,8호선,문정,7161,7368
2022-02-05,8호선,장지,10206,9561
2022-02-05,8호선,복정,5222,4411
2022-02-05,8호선,산성,3337,3329
2022-02-05,8호선,남한산성입구,7576,6799
2022-02-05,8호선,단대오거리,6378,6099
2022-02-05,8호선,신흥,3072,3375
2022-02-05,8호선,수진,3529,3374
2022-02-05,8호선,모란,3058,2640
2022-02-05,8호선,남위례,2149,2257
2022-02-06,8호선,남위례,1640,1749
2022-02-06,8호선,모란,2188,1785
2022-02-06,8호선,수진,2558,2279
2022-02-06,8호선,신흥,2178,2368
2022-02-06,8호선,단대오거리,4530,4557
2022-02-06,8호선,남한산성입구,5496,5172
2022-02-06,8호선,산성,2416,2507
2022-02-06,8호선,복정,3782,3553
2022-02-06,8호선,장지,7330,7894
2022-02-06,8호선,문정,4384,4591
2022-02-06,8호선,가락시장,2486,3198
2022-02-06,8호선,송파,2861,3048
2022-02-06,8호선,석촌,3509,4126
2022-02-06,8호선,잠실,7800,8573
2022-02-06,8호선,몽촌토성,2605,2623
2022-02-06,8호선,강동구청,3809,4075
2022-02-06,8호선,천호,7387,8289
2022-02-06,8호선,암사,7344,7126
2022-02-07,8호선,암사,18020,16158
2022-02-07,8호선,천호,13695,15600
2022-02-07,8호선,강동구청,10248,10770
2022-02-07,8호선,몽촌토성,5730,5856
2022-02-07,8호선,잠실,12525,14444
2022-02-07,8호선,석촌,7256,8288
2022-02-07,8호선,송파,7350,7527
2022-02-07,8호선,가락시장,7208,7777
2022-02-07,8호선,문정,22225,23248
2022-02-07,8호선,장지,15772,15416
2022-02-07,8호선,복정,8595,7442
2022-02-07,8호선,산성,4846,4889
2022-02-07,8호선,남한산성입구,12669,11638
2022-02-07,8호선,단대오거리,9890,9879
2022-02-07,8호선,신흥,3974,4379
2022-02-07,8호선,수진,4976,4583
2022-02-07,8호선,모란,3972,3069
2022-02-07,8호선,남위례,3658,3913
2022-02-08,8호선,남위례,3888,4180
2022-02-08,8호선,모란,3968,3126
2022-02-08,8호선,수진,4952,4601
2022-02-08,8호선,신흥,3921,4239
2022-02-08,8호선,단대오거리,9911,9696
2022-02-08,8호선,남한산성입구,12923,11948
2022-02-08,8호선,산성,4917,5004
2022-02-08,8호선,복정,8970,7693
2022-02-08,8호선,장지,16361,15812
2022-02-08,8호선,문정,22166,23354
2022-02-08,8호선,가락시장,7325,8050
2022-02-08,8호선,송파,7407,7512
2022-02-08,8호선,석촌,7534,8581
2022-02-08,8호선,잠실,12720,14631
2022-02-08,8호선,몽촌토성,5883,5922
2022-02-08,8호선,강동구청,10317,10788
2022-02-08,8호선,천호,14039,15944
2022-02-08,8호선,암사,18295,16317
2022-02-09,8호선,암사,18633,16418
2022-02-09,8호선,천호,14427,16205
2022-02-09,8호선,강동구청,10375,10844
2022-02-09,8호선,몽촌토성,5840,5894
2022-02-09,8호선,잠실,12994,14737
2022-02-09,8호선,석촌,7615,8579
2022-02-09,8호선,송파,7433,7510
2022-02-09,8호선,가락시장,7494,8183
2022-02-09,8호선,문정,22338,23456
2022-02-09,8호선,장지,16709,16122
2022-02-09,8호선,복정,9035,7730
2022-02-09,8호선,산성,5045,5048
2022-02-09,8호선,남한산성입구,13072,11992
2022-02-09,8호선,단대오거리,10338,10140
2022-02-09,8호선,신흥,4036,4490
2022-02-09,8호선,수진,5107,4723
2022-02-09,8호선,모란,5596,4369
2022-02-09,8호선,남위례,3937,4204
2022-02-10,8호선,암사,18150,16203
2022-02-10,8호선,천호,14038,16044
2022-02-10,8호선,강동구청,10273,10639
2022-02-10,8호선,몽촌토성,5779,5801
2022-02-10,8호선,잠실,13058,15079
2022-02-10,8호선,석촌,7516,8543
2022-02-10,8호선,송파,7415,7448
2022-02-10,8호선,가락시장,7425,8133
2022-02-10,8호선,문정,22094,23356
2022-02-10,8호선,장지,16362,15744
2022-02-10,8호선,복정,8954,7709
2022-02-10,8호선,산성,4897,5014
2022-02-10,8호선,남한산성입구,12763,11702
2022-02-10,8호선,단대오거리,9993,9655
2022-02-10,8호선,신흥,3975,4283
2022-02-10,8호선,수진,5101,4665
2022-02-10,8호선,모란,4051,3199
2022-02-10,8호선,남위례,3916,4238
2022-02-11,8호선,암사,18305,16387
2022-02-11,8호선,천호,14743,17210
2022-02-11,8호선,강동구청,10414,10695
2022-02-11,8호선,몽촌토성,5806,5919
2022-02-11,8호선,잠실,13823,15986
2022-02-11,8호선,석촌,7802,9027
2022-02-11,8호선,송파,7248,7355
2022-02-11,8호선,가락시장,7594,8350
2022-02-11,8호선,문정,21763,22699
2022-02-11,8호선,장지,16786,16079
2022-02-11,8호선,복정,9311,7883
2022-02-11,8호선,산성,4979,4984
2022-02-11,8호선,남한산성입구,12970,11622
2022-02-11,8호선,단대오거리,10159,9941
2022-02-11,8호선,수진,5160,4607
2022-02-11,8호선,모란,3979,3219
2022-02-11,8호선,남위례,3989,4284
2022-02-11,8호선,신흥,4047,4472
2022-02-12,8호선,암사,11234,10308
2022-02-12,8호선,천호,11085,13021
2022-02-12,8호선,강동구청,5670,5634
2022-02-12,8호선,몽촌토성,3744,3778
2022-02-12,8호선,잠실,10971,12733
2022-02-12,8호선,석촌,5320,6488
2022-02-12,8호선,송파,4500,4529
2022-02-12,8호선,가락시장,4871,5054
2022-02-12,8호선,문정,8035,8202
2022-02-12,8호선,장지,10861,10159
2022-02-12,8호선,복정,5771,4946
2022-02-12,8호선,산성,3541,3652
2022-02-12,8호선,남한산성입구,8257,7475
2022-02-12,8호선,단대오거리,6856,6665
2022-02-12,8호선,신흥,3227,3504
2022-02-12,8호선,수진,3828,3474
2022-02-12,8호선,모란,3339,2844
2022-02-12,8호선,남위례,2806,2902
2022-02-13,8호선,남위례,1803,1937
2022-02-13,8호선,모란,2337,2030
2022-02-13,8호선,수진,2718,2573
2022-02-13,8호선,신흥,2245,2437
2022-02-13,8호선,단대오거리,4882,4831
2022-02-13,8호선,남한산성입구,5872,5566
2022-02-13,8호선,산성,2738,2813
2022-02-13,8호선,복정,3987,3658
2022-02-13,8호선,장지,7780,8161
2022-02-13,8호선,문정,4885,5249
2022-02-13,8호선,가락시장,2765,3463
2022-02-13,8호선,송파,3141,3336
2022-02-13,8호선,석촌,3738,4573
2022-02-13,8호선,잠실,8315,9247
2022-02-13,8호선,몽촌토성,2810,2742
2022-02-13,8호선,강동구청,3966,4204
2022-02-13,8호선,천호,7826,9003
2022-02-13,8호선,암사,7777,7316
2022-02-14,8호선,암사,18406,16176
2022-02-14,8호선,천호,14164,15745
2022-02-14,8호선,강동구청,10232,10748
2022-02-14,8호선,몽촌토성,5819,5762
2022-02-14,8호선,잠실,12997,14865
2022-02-14,8호선,석촌,7501,8487
2022-02-14,8호선,송파,7112,7448
2022-02-14,8호선,가락시장,7206,7975
2022-02-14,8호선,문정,22204,23134
2022-02-14,8호선,장지,15815,15436
2022-02-14,8호선,복정,8520,7476
2022-02-14,8호선,산성,4853,4942
2022-02-14,8호선,남한산성입구,12725,11730
2022-02-14,8호선,단대오거리,9960,9776
2022-02-14,8호선,신흥,4080,4327
2022-02-14,8호선,수진,5192,4854
2022-02-14,8호선,모란,5237,4006
2022-02-14,8호선,남위례,3902,4057
2022-02-15,8호선,수진,4971,4556
2022-02-15,8호선,암사,18347,16272
2022-02-15,8호선,천호,14209,15622
2022-02-15,8호선,강동구청,10040,10550
2022-02-15,8호선,몽촌토성,5806,5842
2022-02-15,8호선,잠실,12747,14491
2022-02-15,8호선,석촌,7564,8562
2022-02-15,8호선,송파,6965,7177
2022-02-15,8호선,가락시장,7178,7754
2022-02-15,8호선,문정,21796,23090
2022-02-15,8호선,장지,16060,15702
2022-02-15,8호선,복정,8923,7575
2022-02-15,8호선,산성,4914,4972
2022-02-15,8호선,남한산성입구,12622,11594
2022-02-15,8호선,단대오거리,9844,9604
2022-02-15,8호선,신흥,3855,4187
2022-02-15,8호선,모란,3888,2943
2022-02-15,8호선,남위례,3872,4191
2022-02-16,8호선,암사,17702,15737
2022-02-16,8호선,천호,13651,15312
2022-02-16,8호선,강동구청,9956,10329
2022-02-16,8호선,몽촌토성,5575,5613
2022-02-16,8호선,잠실,12749,14660
2022-02-16,8호선,석촌,7231,8256
2022-02-16,8호선,송파,6860,7048
2022-02-16,8호선,가락시장,6945,7529
2022-02-16,8호선,문정,21358,22477
2022-02-16,8호선,장지,16179,15689
2022-02-16,8호선,복정,8627,7464
2022-02-16,8호선,산성,4679,4725
2022-02-16,8호선,남한산성입구,12309,11369
2022-02-16,8호선,단대오거리,9596,9512
2022-02-16,8호선,신흥,3823,4237
2022-02-16,8호선,수진,4794,4504
2022-02-16,8호선,모란,3824,2833
2022-02-16,8호선,남위례,3716,3933
2022-02-17,8호선,남위례,3704,3943
2022-02-17,8호선,모란,3717,2895
2022-02-17,8호선,수진,4911,4567
2022-02-17,8호선,신흥,3905,4246
2022-02-17,8호선,단대오거리,9477,9278
2022-02-17,8호선,남한산성입구,12485,11629
2022-02-17,8호선,산성,4584,4572
2022-02-17,8호선,복정,8649,7374
2022-02-17,8호선,장지,15635,15302
2022-02-17,8호선,문정,21138,22219
2022-02-17,8호선,가락시장,7037,7629
2022-02-17,8호선,송파,6807,7076
2022-02-17,8호선,석촌,7292,8128
2022-02-17,8호선,잠실,12578,14230
2022-02-17,8호선,몽촌토성,5500,5577
2022-02-17,8호선,강동구청,9720,10141
2022-02-17,8호선,천호,13418,15263
2022-02-17,8호선,암사,17385,15337
2022-02-18,8호선,남위례,3829,4171
2022-02-18,8호선,모란,3886,3049
2022-02-18,8호선,수진,5002,4651
2022-02-18,8호선,신흥,3950,4352
2022-02-18,8호선,단대오거리,9896,9525
2022-02-18,8호선,남한산성입구,12558,11344
2022-02-18,8호선,산성,4762,4827
2022-02-18,8호선,복정,8948,7620
2022-02-18,8호선,장지,16022,15393
2022-02-18,8호선,문정,20838,21927
2022-02-18,8호선,가락시장,7142,7940
2022-02-18,8호선,송파,6923,6915
2022-02-18,8호선,석촌,7517,8631
2022-02-18,8호선,잠실,12830,14847
2022-02-18,8호선,몽촌토성,5661,5930
2022-02-18,8호선,강동구청,9936,10237
2022-02-18,8호선,천호,13974,16330
2022-02-18,8호선,암사,17853,15672
2022-02-19,8호선,남위례,2626,2747
2022-02-19,8호선,모란,5105,4275
2022-02-19,8호선,수진,4092,3725
2022-02-19,8호선,신흥,3279,3530
2022-02-19,8호선,단대오거리,7052,6753
2022-02-19,8호선,남한산성입구,8324,7575
2022-02-19,8호선,산성,3757,3858
2022-02-19,8호선,복정,5758,4761
2022-02-19,8호선,장지,10933,10256
2022-02-19,8호선,문정,7990,8221
2022-02-19,8호선,가락시장,4989,5067
2022-02-19,8호선,송파,4636,4683
2022-02-19,8호선,석촌,5353,6576
2022-02-19,8호선,잠실,11153,12641
2022-02-19,8호선,몽촌토성,4120,3906
2022-02-19,8호선,강동구청,5492,5524
2022-02-19,8호선,천호,10997,12912
2022-02-19,8호선,암사,11055,10353
2022-02-20,8호선,암사,7640,7310
2022-02-20,8호선,천호,7841,8908
2022-02-20,8호선,강동구청,3945,4161
2022-02-20,8호선,몽촌토성,2705,2721
2022-02-20,8호선,잠실,8618,9601
2022-02-20,8호선,석촌,3553,4318
2022-02-20,8호선,송파,2822,3114
2022-02-20,8호선,가락시장,2714,3414
2022-02-20,8호선,문정,5045,5287
2022-02-20,8호선,장지,7934,8231
2022-02-20,8호선,복정,3810,3630
2022-02-20,8호선,산성,2485,2488
2022-02-20,8호선,남한산성입구,5730,5305
2022-02-20,8호선,단대오거리,4672,4625
2022-02-20,8호선,신흥,2273,2481
2022-02-20,8호선,수진,2542,2345
2022-02-20,8호선,모란,2215,1811
2022-02-20,8호선,남위례,1660,1781
2022-02-21,8호선,암사,17414,15586
2022-02-21,8호선,천호,13303,15115
2022-02-21,8호선,강동구청,9854,10192
2022-02-21,8호선,몽촌토성,5547,5556
2022-02-21,8호선,잠실,12419,14192
2022-02-21,8호선,석촌,7066,7936
2022-02-21,8호선,송파,6724,6946
2022-02-21,8호선,가락시장,6910,7643
2022-02-21,8호선,문정,21391,22448
2022-02-21,8호선,장지,15188,15024
2022-02-21,8호선,복정,8241,7171
2022-02-21,8호선,산성,4658,4733
2022-02-21,8호선,남한산성입구,12275,11404
2022-02-21,8호선,단대오거리,9555,9346
2022-02-21,8호선,신흥,3851,4216
2022-02-21,8호선,수진,4874,4535
2022-02-21,8호선,모란,3910,2983
2022-02-21,8호선,남위례,3726,3957
2022-02-22,8호선,남위례,3727,3937
2022-02-22,8호선,모란,3956,3080
2022-02-22,8호선,수진,4898,4530
2022-02-22,8호선,신흥,3840,4111
2022-02-22,8호선,단대오거리,9696,9413
2022-02-22,8호선,남한산성입구,12251,11430
2022-02-22,8호선,산성,4640,4707
2022-02-22,8호선,복정,8590,7290
2022-02-22,8호선,장지,15747,15195
2022-02-22,8호선,문정,21410,22467
2022-02-22,8호선,가락시장,6922,7530
2022-02-22,8호선,송파,6742,7027
2022-02-22,8호선,석촌,7059,8089
2022-02-22,8호선,잠실,12557,14308
2022-02-22,8호선,몽촌토성,5512,5567
2022-02-22,8호선,강동구청,9825,10298
2022-02-22,8호선,천호,13609,15394
2022-02-22,8호선,암사,17326,15463
2022-02-23,8호선,남위례,3759,3940
2022-02-23,8호선,모란,3883,2956
2022-02-23,8호선,수진,4905,4475
2022-02-23,8호선,신흥,3773,4197
2022-02-23,8호선,단대오거리,9498,9448
2022-02-23,8호선,남한산성입구,12256,11324
2022-02-23,8호선,산성,4695,4710
2022-02-23,8호선,복정,8579,7216
2022-02-23,8호선,장지,15734,15441
2022-02-23,8호선,문정,21132,22252
2022-02-23,8호선,가락시장,6944,7572
2022-02-23,8호선,송파,6744,6970
2022-02-23,8호선,석촌,7141,8069
2022-02-23,8호선,잠실,12328,14154
2022-02-23,8호선,몽촌토성,5410,5455
2022-02-23,8호선,강동구청,10019,10303
2022-02-23,8호선,천호,13443,15017
2022-02-23,8호선,암사,17354,15590
2022-02-24,8호선,암사,17404,15445
2022-02-24,8호선,천호,13550,15437
2022-02-24,8호선,강동구청,9778,10229
2022-02-24,8호선,몽촌토성,5426,5529
2022-02-24,8호선,잠실,12235,14151
2022-02-24,8호선,석촌,7297,8168
2022-02-24,8호선,송파,6742,6964
2022-02-24,8호선,가락시장,7114,7755
2022-02-24,8호선,문정,21012,22049
2022-02-24,8호선,장지,15630,15364
2022-02-24,8호선,복정,8594,7391
2022-02-24,8호선,산성,4582,4727
2022-02-24,8호선,남한산성입구,12357,11406
2022-02-24,8호선,단대오거리,9748,9551
2022-02-24,8호선,신흥,3956,4258
2022-02-24,8호선,수진,5009,4570
2022-02-24,8호선,모란,5353,4132
2022-02-24,8호선,남위례,3779,4001
2022-02-25,8호선,암사,17493,15519
2022-02-25,8호선,천호,13827,16313
2022-02-25,8호선,강동구청,9904,10061
2022-02-25,8호선,몽촌토성,5641,5649
2022-02-25,8호선,잠실,12862,14837
2022-02-25,8호선,석촌,7250,8426
2022-02-25,8호선,송파,6886,6932
2022-02-25,8호선,가락시장,7330,8111
2022-02-25,8호선,문정,21000,21872
2022-02-25,8호선,장지,15785,15269
2022-02-25,8호선,복정,8908,7525
2022-02-25,8호선,산성,4743,4783
2022-02-25,8호선,남한산성입구,12686,11573
2022-02-25,8호선,단대오거리,10017,9616
2022-02-25,8호선,신흥,4009,4341
2022-02-25,8호선,수진,4983,4367
2022-02-25,8호선,모란,4130,3242
2022-02-25,8호선,남위례,3790,4085
2022-02-26,8호선,남위례,2436,2586
2022-02-26,8호선,모란,3171,2715
2022-02-26,8호선,수진,3790,3389
2022-02-26,8호선,신흥,3030,3245
2022-02-26,8호선,단대오거리,6610,6435
2022-02-26,8호선,남한산성입구,7902,7111
2022-02-26,8호선,산성,3508,3481
2022-02-26,8호선,복정,5361,4541
2022-02-26,8호선,장지,10430,9814
2022-02-26,8호선,문정,7539,7658
2022-02-26,8호선,가락시장,4715,4733
2022-02-26,8호선,송파,4360,4561
2022-02-26,8호선,석촌,4948,6126
2022-02-26,8호선,잠실,10614,11934
2022-02-26,8호선,몽촌토성,3829,3744
2022-02-26,8호선,강동구청,5355,5394
2022-02-26,8호선,천호,10462,12230
2022-02-26,8호선,암사,10642,9853
2022-02-27,8호선,남위례,1772,1877
2022-02-27,8호선,모란,2328,1914
2022-02-27,8호선,수진,2703,2457
2022-02-27,8호선,신흥,2319,2526
2022-02-27,8호선,단대오거리,4815,4648
2022-02-27,8호선,남한산성입구,5986,5574
2022-02-27,8호선,산성,2683,2769
2022-02-27,8호선,복정,4036,3722
2022-02-27,8호선,장지,7819,8000
2022-02-27,8호선,문정,5119,5387
2022-02-27,8호선,가락시장,2730,3321
2022-02-27,8호선,송파,3012,3178
2022-02-27,8호선,석촌,3619,4344
2022-02-27,8호선,잠실,8273,9431
2022-02-27,8호선,몽촌토성,2886,2802
2022-02-27,8호선,강동구청,3877,4023
2022-02-27,8호선,천호,7655,8875
2022-02-27,8호선,암사,7651,7285
2022-02-28,8호선,암사,16407,14563
2022-02-28,8호선,천호,12785,15006
2022-02-28,8호선,강동구청,9389,9640
2022-02-28,8호선,몽촌토성,5176,5105
2022-02-28,8호선,잠실,11947,14031
2022-02-28,8호선,석촌,6901,7950
2022-02-28,8호선,송파,6440,6408
2022-02-28,8호선,가락시장,6846,7642
2022-02-28,8호선,문정,17474,18586
2022-02-28,8호선,장지,14361,13775
2022-02-28,8호선,복정,7640,6607
2022-02-28,8호선,산성,4606,4461
2022-02-28,8호선,남한산성입구,11874,10803
2022-02-28,8호선,단대오거리,9343,8972
2022-02-28,8호선,신흥,3906,4288
2022-02-28,8호선,수진,4799,4331
2022-02-28,8호선,모란,4011,3158
2022-02-28,8호선,남위례,3545,3736
2022-03-01,8호선,남위례,1867,1879
2022-03-01,8호선,모란,2476,2139
2022-03-01,8호선,수진,2709,2598
2022-03-01,8호선,신흥,2361,2517
2022-03-01,8호선,단대오거리,5097,5142
2022-03-01,8호선,남한산성입구,6245,5933
2022-03-01,8호선,산성,2580,2659
2022-03-01,8호선,복정,4000,3605
2022-03-01,8호선,장지,8920,8981
2022-03-01,8호선,문정,5040,5119
2022-03-01,8호선,가락시장,3718,4041
2022-03-01,8호선,송파,3288,3461
2022-03-01,8호선,석촌,4039,4815
2022-03-01,8호선,잠실,9265,10208
2022-03-01,8호선,몽촌토성,3032,2905
2022-03-01,8호선,강동구청,4340,4372
2022-03-01,8호선,천호,7978,9154
2022-03-01,8호선,암사,8502,8069
2022-03-02,8호선,암사,17681,15802
2022-03-02,8호선,천호,13388,15289
2022-03-02,8호선,강동구청,10000,10498
2022-03-02,8호선,몽촌토성,5477,5575
2022-03-02,8호선,잠실,11955,13670
2022-03-02,8호선,석촌,6905,8004
2022-03-02,8호선,송파,7182,7315
2022-03-02,8호선,가락시장,6893,7701
2022-03-02,8호선,문정,21001,22064
2022-03-02,8호선,장지,15598,15231
2022-03-02,8호선,복정,8917,7757
2022-03-02,8호선,산성,4987,5086
2022-03-02,8호선,남한산성입구,13876,13137
2022-03-02,8호선,단대오거리,10837,10370
2022-03-02,8호선,신흥,3999,4348
2022-03-02,8호선,수진,5184,4711
2022-03-02,8호선,모란,4275,3394
2022-03-02,8호선,남위례,4081,4345
2022-03-03,8호선,남위례,4037,4317
2022-03-03,8호선,모란,4116,3294
2022-03-03,8호선,수진,5058,4704
2022-03-03,8호선,신흥,3854,4184
2022-03-03,8호선,단대오거리,10598,10071
2022-03-03,8호선,남한산성입구,13900,13184
2022-03-03,8호선,산성,5041,5033
2022-03-03,8호선,복정,9214,7763
2022-03-03,8호선,장지,15657,15208
2022-03-03,8호선,문정,21216,22298
2022-03-03,8호선,가락시장,7139,7833
2022-03-03,8호선,송파,7249,7190
2022-03-03,8호선,석촌,6962,8058
2022-03-03,8호선,잠실,11661,13480
2022-03-03,8호선,몽촌토성,5520,5530
2022-03-03,8호선,강동구청,9983,10238
2022-03-03,8호선,천호,13353,15104
2022-03-03,8호선,암사,17701,15799
2022-03-04,8호선,남위례,4156,4480
2022-03-04,8호선,모란,5702,4517
2022-03-04,8호선,수진,5215,4833
2022-03-04,8호선,신흥,4031,4342
2022-03-04,8호선,단대오거리,10880,10127
2022-03-04,8호선,남한산성입구,13642,12516
2022-03-04,8호선,산성,4868,4909
2022-03-04,8호선,복정,9229,7807
2022-03-04,8호선,장지,15788,15179
2022-03-04,8호선,문정,21016,21938
2022-03-04,8호선,가락시장,7045,7884
2022-03-04,8호선,송파,7138,7370
2022-03-04,8호선,석촌,7207,8383
2022-03-04,8호선,잠실,12331,14146
2022-03-04,8호선,몽촌토성,5544,5681
2022-03-04,8호선,강동구청,10117,10391
2022-03-04,8호선,천호,13786,16113
2022-03-04,8호선,암사,17701,15764
2022-03-05,8호선,암사,10782,9921
2022-03-05,8호선,천호,10785,12576
2022-03-05,8호선,강동구청,5492,5494
2022-03-05,8호선,몽촌토성,4073,3930
2022-03-05,8호선,잠실,10759,12490
2022-03-05,8호선,석촌,5367,6257
2022-03-05,8호선,송파,4438,4541
2022-03-05,8호선,가락시장,4879,4761
2022-03-05,8호선,문정,7739,7851
2022-03-05,8호선,남위례,2546,2696
2022-03-05,8호선,모란,3160,2692
2022-03-05,8호선,수진,3915,3535
2022-03-05,8호선,신흥,3071,3167
2022-03-05,8호선,단대오거리,6677,6256
2022-03-05,8호선,장지,10238,9612
2022-03-05,8호선,복정,5514,4671
2022-03-05,8호선,산성,3456,3478
2022-03-05,8호선,남한산성입구,7860,7050
2022-03-06,8호선,남위례,1643,1796
2022-03-06,8호선,모란,2213,1824
2022-03-06,8호선,수진,2636,2292
2022-03-06,8호선,신흥,2233,2399
2022-03-06,8호선,단대오거리,4466,4606
2022-03-06,8호선,남한산성입구,5602,5269
2022-03-06,8호선,산성,2602,2660
2022-03-06,8호선,복정,3813,3552
2022-03-06,8호선,장지,7415,7761
2022-03-06,8호선,문정,4489,4689
2022-03-06,8호선,가락시장,2655,3375
2022-03-06,8호선,송파,2888,3004
2022-03-06,8호선,석촌,3460,4307
2022-03-06,8호선,잠실,8233,8988
2022-03-06,8호선,몽촌토성,2830,2725
2022-03-06,8호선,강동구청,3782,3939
2022-03-06,8호선,천호,7586,8744
2022-03-06,8호선,암사,7377,6966
2022-03-07,8호선,남위례,3979,4191
2022-03-07,8호선,모란,4062,3268
2022-03-07,8호선,수진,4951,4658
2022-03-07,8호선,신흥,3823,4131
2022-03-07,8호선,단대오거리,10337,9921
2022-03-07,8호선,남한산성입구,13537,12570
2022-03-07,8호선,산성,4850,4837
2022-03-07,8호선,복정,8617,7359
2022-03-07,8호선,장지,15198,14913
2022-03-07,8호선,문정,20933,22016
2022-03-07,8호선,가락시장,6933,7584
2022-03-07,8호선,송파,6801,6996
2022-03-07,8호선,석촌,6813,7677
2022-03-07,8호선,잠실,11149,12785
2022-03-07,8호선,몽촌토성,5570,5532
2022-03-07,8호선,강동구청,9862,10154
2022-03-07,8호선,천호,12877,14825
2022-03-07,8호선,암사,17152,15262
2022-03-08,8호선,암사,17700,15470
2022-03-08,8호선,천호,13397,15657
2022-03-08,8호선,강동구청,9824,10058
2022-03-08,8호선,몽촌토성,5516,5680
2022-03-08,8호선,잠실,11915,13849
2022-03-08,8호선,석촌,6984,8064
2022-03-08,8호선,송파,7100,7007
2022-03-08,8호선,가락시장,7156,8003
2022-03-08,8호선,문정,20940,22063
2022-03-08,8호선,장지,15774,15005
2022-03-08,8호선,복정,9058,7556
2022-03-08,8호선,산성,5028,5002
2022-03-08,8호선,남한산성입구,13829,12811
2022-03-08,8호선,단대오거리,10820,10031
2022-03-08,8호선,신흥,3904,4104
2022-03-08,8호선,수진,5002,4617
2022-03-08,8호선,모란,4224,3433
2022-03-08,8호선,남위례,4181,4368
2022-03-09,8호선,신흥,2664,2810
2022-03-09,8호선,단대오거리,5945,5734
2022-03-09,8호선,남한산성입구,6990,6448
2022-03-09,8호선,산성,3088,3109
2022-03-09,8호선,복정,4261,3813
2022-03-09,8호선,장지,8806,8803
2022-03-09,8호선,문정,5506,5623
2022-03-09,8호선,가락시장,3898,4230
2022-03-09,8호선,송파,3486,3713
2022-03-09,8호선,석촌,4609,5372
2022-03-09,8호선,잠실,8965,9831
2022-03-09,8호선,몽촌토성,3502,3347
2022-03-09,8호선,강동구청,4510,4619
2022-03-09,8호선,천호,8246,9532
2022-03-09,8호선,암사,9114,8486
2022-03-09,8호선,수진,3079,2805
2022-03-09,8호선,모란,4389,3644
2022-03-09,8호선,남위례,2070,2119
2022-03-10,8호선,남위례,4031,4223
2022-03-10,8호선,모란,3898,3125
2022-03-10,8호선,수진,4880,4459
2022-03-10,8호선,신흥,3728,4032
2022-03-10,8호선,단대오거리,10450,9891
2022-03-10,8호선,남한산성입구,13445,12651
2022-03-10,8호선,산성,4848,4796
2022-03-10,8호선,복정,8771,7486
2022-03-10,8호선,장지,15206,14848
2022-03-10,8호선,문정,20585,21663
2022-03-10,8호선,가락시장,6799,7612
2022-03-10,8호선,송파,6861,6939
2022-03-10,8호선,석촌,6741,7646
2022-03-10,8호선,잠실,11168,13284
2022-03-10,8호선,몽촌토성,5362,5458
2022-03-10,8호선,강동구청,9562,10016
2022-03-10,8호선,천호,12970,14868
2022-03-10,8호선,암사,17325,15266
2022-03-11,8호선,남위례,4227,4419
2022-03-11,8호선,모란,4214,3339
2022-03-11,8호선,수진,5049,4595
2022-03-11,8호선,신흥,3982,4284
2022-03-11,8호선,단대오거리,10448,9849
2022-03-11,8호선,남한산성입구,13558,12289
2022-03-11,8호선,산성,4963,4902
2022-03-11,8호선,복정,9108,7571
2022-03-11,8호선,장지,15888,15219
2022-03-11,8호선,문정,20296,21257
2022-03-11,8호선,가락시장,7075,8043
2022-03-11,8호선,송파,7077,7060
2022-03-11,8호선,석촌,7120,8148
2022-03-11,8호선,잠실,12135,14396
2022-03-11,8호선,몽촌토성,5545,5588
2022-03-11,8호선,강동구청,9854,10100
2022-03-11,8호선,천호,13732,16109
2022-03-11,8호선,암사,17588,15515
2022-03-12,8호선,남위례,2561,2662
2022-03-12,8호선,모란,3164,2699
2022-03-12,8호선,수진,3613,3254
2022-03-12,8호선,신흥,2921,3218
2022-03-12,8호선,단대오거리,6632,6304
2022-03-12,8호선,남한산성입구,8234,7359
2022-03-12,8호선,산성,3693,3765
2022-03-12,8호선,복정,5493,4594
2022-03-12,8호선,장지,11165,10289
2022-03-12,8호선,문정,7724,7766
2022-03-12,8호선,가락시장,4741,5014
2022-03-12,8호선,송파,4316,4387
2022-03-12,8호선,석촌,5204,6470
2022-03-12,8호선,잠실,10990,12758
2022-03-12,8호선,몽촌토성,3765,3818
2022-03-12,8호선,강동구청,5356,5501
2022-03-12,8호선,천호,10671,12429
2022-03-12,8호선,암사,10839,9920
2022-03-13,8호선,남위례,1569,1665
2022-03-13,8호선,모란,1877,1665
2022-03-13,8호선,수진,2325,2083
2022-03-13,8호선,신흥,1944,2116
2022-03-13,8호선,단대오거리,4134,4157
2022-03-13,8호선,남한산성입구,5068,4712
2022-03-13,8호선,산성,2070,2097
2022-03-13,8호선,복정,3416,3270
2022-03-13,8호선,장지,6934,7268
2022-03-13,8호선,문정,4626,4768
2022-03-13,8호선,가락시장,2391,2992
2022-03-13,8호선,송파,2685,2836
2022-03-13,8호선,석촌,3336,4015
2022-03-13,8호선,잠실,7696,8798
2022-03-13,8호선,몽촌토성,2434,2389
2022-03-13,8호선,강동구청,3487,3490
2022-03-13,8호선,천호,6752,7867
2022-03-13,8호선,암사,6762,6309
2022-03-14,8호선,암사,16870,14881
2022-03-14,8호선,천호,12637,14420
2022-03-14,8호선,강동구청,9573,9941
2022-03-14,8호선,몽촌토성,5238,5223
2022-03-14,8호선,잠실,11230,12942
2022-03-14,8호선,석촌,6806,7621
2022-03-14,8호선,송파,6791,6968
2022-03-14,8호선,가락시장,6635,7211
2022-03-14,8호선,문정,20477,21315
2022-03-14,8호선,장지,14762,14672
2022-03-14,8호선,복정,8380,7237
2022-03-14,8호선,산성,4683,4683
2022-03-14,8호선,남한산성입구,13094,12344
2022-03-14,8호선,단대오거리,10194,9753
2022-03-14,8호선,신흥,3767,4020
2022-03-14,8호선,수진,4916,4756
2022-03-14,8호선,모란,4786,3673
2022-03-14,8호선,남위례,3800,4078
2022-03-15,8호선,암사,17072,15266
2022-03-15,8호선,천호,13090,15026
2022-03-15,8호선,강동구청,9680,9895
2022-03-15,8호선,몽촌토성,5417,5575
2022-03-15,8호선,잠실,11369,13072
2022-03-15,8호선,석촌,6912,7712
2022-03-15,8호선,송파,6979,7072
2022-03-15,8호선,가락시장,6942,7593
2022-03-15,8호선,문정,20470,21589
2022-03-15,8호선,장지,15598,15119
2022-03-15,8호선,복정,9086,7698
2022-03-15,8호선,산성,4904,4968
2022-03-15,8호선,남한산성입구,13459,12661
2022-03-15,8호선,단대오거리,10266,9927
2022-03-15,8호선,신흥,3691,3948
2022-03-15,8호선,수진,4908,4413
2022-03-15,8호선,모란,3933,3119
2022-03-15,8호선,남위례,4142,4368
2022-03-16,8호선,강동구청,9425,9887
2022-03-16,8호선,암사,16878,15145
2022-03-16,8호선,천호,13020,15136
2022-03-16,8호선,몽촌토성,5490,5542
2022-03-16,8호선,잠실,11600,13366
2022-03-16,8호선,석촌,6920,8003
2022-03-16,8호선,송파,6958,7075
2022-03-16,8호선,가락시장,6833,7529
2022-03-16,8호선,문정,20213,21308
2022-03-16,8호선,장지,15738,15183
2022-03-16,8호선,복정,9202,7727
2022-03-16,8호선,산성,4898,5017
2022-03-16,8호선,남한산성입구,14077,13115
2022-03-16,8호선,단대오거리,10394,9943
2022-03-16,8호선,신흥,3751,3967
2022-03-16,8호선,수진,4732,4424
2022-03-16,8호선,모란,3883,3089
2022-03-16,8호선,남위례,4104,4388
2022-03-17,8호선,석촌,6829,7731
2022-03-17,8호선,송파,6880,7056
2022-03-17,8호선,가락시장,6840,7550
2022-03-17,8호선,문정,20519,21415
2022-03-17,8호선,장지,15272,14916
2022-03-17,8호선,복정,9145,7762
2022-03-17,8호선,산성,4889,4903
2022-03-17,8호선,남한산성입구,13742,12909
2022-03-17,8호선,단대오거리,10139,9547
2022-03-17,8호선,신흥,3644,3957
2022-03-17,8호선,수진,4866,4510
2022-03-17,8호선,모란,3914,3096
2022-03-17,8호선,남위례,4191,4412
2022-03-17,8호선,암사,16887,15155
2022-03-17,8호선,천호,13014,14640
2022-03-17,8호선,강동구청,9443,9817
2022-03-17,8호선,몽촌토성,5291,5410
2022-03-17,8호선,잠실,11422,13052
2022-03-18,8호선,남위례,4176,4350
2022-03-18,8호선,모란,4048,3257
2022-03-18,8호선,수진,5017,4545
2022-03-18,8호선,신흥,3864,4234
2022-03-18,8호선,단대오거리,10018,9475
2022-03-18,8호선,남한산성입구,13472,12090
2022-03-18,8호선,산성,4851,4826
2022-03-18,8호선,복정,9088,7548
2022-03-18,8호선,장지,16507,16036
2022-03-18,8호선,문정,20286,20904
2022-03-18,8호선,가락시장,7008,7882
2022-03-18,8호선,송파,6999,6959
2022-03-18,8호선,석촌,7111,8104
2022-03-18,8호선,잠실,12044,13901
2022-03-18,8호선,몽촌토성,5427,5556
2022-03-18,8호선,강동구청,9434,9652
2022-03-18,8호선,천호,13419,15861
2022-03-18,8호선,암사,17044,15054
2022-03-19,8호선,남위례,2524,2674
2022-03-19,8호선,모란,3923,3311
2022-03-19,8호선,수진,3615,3299
2022-03-19,8호선,신흥,2990,3142
2022-03-19,8호선,단대오거리,6263,6073
2022-03-19,8호선,남한산성입구,7484,6573
2022-03-19,8호선,산성,3156,3137
2022-03-19,8호선,복정,4888,4246
2022-03-19,8호선,장지,10217,9677
2022-03-19,8호선,문정,7349,7382
2022-03-19,8호선,가락시장,4452,4514
2022-03-19,8호선,송파,4264,4376
2022-03-19,8호선,석촌,4807,5678
2022-03-19,8호선,잠실,10181,11662
2022-03-19,8호선,몽촌토성,3251,3212
2022-03-19,8호선,강동구청,4979,5028
2022-03-19,8호선,천호,9763,11626
2022-03-19,8호선,암사,9968,9201
2022-03-20,8호선,남위례,1888,2031
2022-03-20,8호선,모란,2185,1889
2022-03-20,8호선,수진,2625,2459
2022-03-20,8호선,신흥,2241,2358
2022-03-20,8호선,단대오거리,4679,4620
2022-03-20,8호선,남한산성입구,5641,5372
2022-03-20,8호선,산성,2564,2656
2022-03-20,8호선,복정,3862,3597
2022-03-20,8호선,장지,7843,8206
2022-03-20,8호선,문정,4827,5011
2022-03-20,8호선,가락시장,2731,3467
2022-03-20,8호선,송파,2974,3167
2022-03-20,8호선,석촌,3694,4513
2022-03-20,8호선,잠실,8648,9260
2022-03-20,8호선,몽촌토성,2893,2816
2022-03-20,8호선,강동구청,3715,3957
2022-03-20,8호선,천호,7730,8820
2022-03-20,8호선,암사,7522,7218
2022-03-21,8호선,암사,17065,15262
2022-03-21,8호선,천호,12636,14118
2022-03-21,8호선,강동구청,9677,10055
2022-03-21,8호선,몽촌토성,5365,5467
2022-03-21,8호선,잠실,11385,13006
2022-03-21,8호선,석촌,6842,7743
2022-03-21,8호선,송파,6843,6948
2022-03-21,8호선,가락시장,6943,7758
2022-03-21,8호선,문정,20473,21508
2022-03-21,8호선,장지,15253,15111
2022-03-21,8호선,복정,8806,7571
2022-03-21,8호선,산성,4876,4938
2022-03-21,8호선,남한산성입구,14087,13137
2022-03-21,8호선,단대오거리,10278,9874
2022-03-21,8호선,신흥,3747,4035
2022-03-21,8호선,수진,4820,4522
2022-03-21,8호선,모란,4086,3198
2022-03-21,8호선,남위례,4148,4278
2022-03-22,8호선,암사,17295,15300
2022-03-22,8호선,천호,13212,15220
2022-03-22,8호선,강동구청,9573,9978
2022-03-22,8호선,몽촌토성,5468,5505
2022-03-22,8호선,잠실,11502,13369
2022-03-22,8호선,석촌,7074,7844
2022-03-22,8호선,송파,7023,7017
2022-03-22,8호선,가락시장,7022,7683
2022-03-22,8호선,문정,20583,21757
2022-03-22,8호선,장지,15847,15433
2022-03-22,8호선,복정,9418,7969
2022-03-22,8호선,산성,5006,5049
2022-03-22,8호선,남한산성입구,14496,13668
2022-03-22,8호선,단대오거리,10479,9890
2022-03-22,8호선,신흥,3797,3948
2022-03-22,8호선,수진,4874,4462
2022-03-22,8호선,모란,3921,3184
2022-03-22,8호선,남위례,4174,4366
2022-03-23,8호선,암사,17283,15396
2022-03-23,8호선,천호,13056,14850
2022-03-23,8호선,강동구청,9679,9942
2022-03-23,8호선,몽촌토성,5343,5571
2022-03-23,8호선,잠실,11628,13434
2022-03-23,8호선,석촌,7142,7990
2022-03-23,8호선,송파,6953,6972
2022-03-23,8호선,가락시장,7039,7766
2022-03-23,8호선,문정,20773,21755
2022-03-23,8호선,장지,15795,15467
2022-03-23,8호선,복정,9304,7849
2022-03-23,8호선,산성,4982,4921
2022-03-23,8호선,남한산성입구,14231,13234
2022-03-23,8호선,단대오거리,10450,10009
2022-03-23,8호선,신흥,3703,3964
2022-03-23,8호선,수진,4958,4455
2022-03-23,8호선,모란,3930,3197
2022-03-23,8호선,남위례,4307,4423
2022-03-24,8호선,남위례,4372,4530
2022-03-24,8호선,모란,5717,4488
2022-03-24,8호선,수진,5116,4667
2022-03-24,8호선,신흥,3781,4006
2022-03-24,8호선,단대오거리,10683,9987
2022-03-24,8호선,남한산성입구,14394,13542
2022-03-24,8호선,산성,5090,5077
2022-03-24,8호선,복정,9386,8039
2022-03-24,8호선,장지,15874,15125
2022-03-24,8호선,문정,20629,21581
2022-03-24,8호선,가락시장,7037,7803
2022-03-24,8호선,송파,7063,6994
2022-03-24,8호선,석촌,7031,7948
2022-03-24,8호선,잠실,11521,13562
2022-03-24,8호선,몽촌토성,5434,5541
2022-03-24,8호선,강동구청,9658,9872
2022-03-24,8호선,천호,13089,14822
2022-03-24,8호선,암사,17203,15312
2022-03-25,8호선,남위례,4430,4563
2022-03-25,8호선,모란,4353,3528
2022-03-25,8호선,수진,5130,4721
2022-03-25,8호선,신흥,3971,4263
2022-03-25,8호선,단대오거리,10559,9873
2022-03-25,8호선,남한산성입구,14211,12652
2022-03-25,8호선,산성,4996,4976
2022-03-25,8호선,복정,9411,7875
2022-03-25,8호선,장지,16314,15634
2022-03-25,8호선,문정,20644,21290
2022-03-25,8호선,가락시장,7461,8439
2022-03-25,8호선,송파,7148,7385
2022-03-25,8호선,석촌,7498,8714
2022-03-25,8호선,잠실,12702,14715
2022-03-25,8호선,몽촌토성,5612,5818
2022-03-25,8호선,강동구청,9796,10117
2022-03-25,8호선,천호,13798,16186
2022-03-25,8호선,암사,17596,15529
2022-03-26,8호선,암사,10532,9656
2022-03-26,8호선,천호,10258,12245
2022-03-26,8호선,강동구청,5212,5253
2022-03-26,8호선,몽촌토성,3550,3522
2022-03-26,8호선,잠실,10679,12300
2022-03-26,8호선,남위례,2587,2802
2022-03-26,8호선,모란,3074,2652
2022-03-26,8호선,수진,3536,3198
2022-03-26,8호선,신흥,2890,3181
2022-03-26,8호선,단대오거리,6474,6010
2022-03-26,8호선,남한산성입구,7786,6940
2022-03-26,8호선,산성,3253,3224
2022-03-26,8호선,복정,5219,4394
2022-03-26,8호선,장지,10216,9630
2022-03-26,8호선,문정,7654,7592
2022-03-26,8호선,가락시장,4502,4754
2022-03-26,8호선,송파,4213,4218
2022-03-26,8호선,석촌,5168,6251
2022-03-27,8호선,남위례,1951,2086
2022-03-27,8호선,모란,2414,2030
2022-03-27,8호선,수진,2672,2444
2022-03-27,8호선,신흥,2300,2543
2022-03-27,8호선,단대오거리,5074,5030
2022-03-27,8호선,남한산성입구,6248,5954
2022-03-27,8호선,산성,2823,2910
2022-03-27,8호선,복정,4109,3913
2022-03-27,8호선,장지,8159,8294
2022-03-27,8호선,문정,4974,5172
2022-03-27,8호선,가락시장,2779,3553
2022-03-27,8호선,송파,3119,3231
2022-03-27,8호선,석촌,3905,5039
2022-03-27,8호선,잠실,9119,9806
2022-03-27,8호선,몽촌토성,3363,3166
2022-03-27,8호선,강동구청,4027,4139
2022-03-27,8호선,천호,7845,9070
2022-03-27,8호선,암사,7814,7434
2022-03-28,8호선,암사,17543,15577
2022-03-28,8호선,천호,13293,15144
2022-03-28,8호선,강동구청,9761,10084
2022-03-28,8호선,몽촌토성,5529,5655
2022-03-28,8호선,잠실,11731,13576
2022-03-28,8호선,석촌,6932,8047
2022-03-28,8호선,송파,7010,7066
2022-03-28,8호선,가락시장,7126,7825
2022-03-28,8호선,문정,20694,21873
2022-03-28,8호선,장지,15150,14989
2022-03-28,8호선,복정,8957,7624
2022-03-28,8호선,산성,4969,5051
2022-03-28,8호선,남한산성입구,14461,13648
2022-03-28,8호선,단대오거리,10600,10134
2022-03-28,8호선,신흥,3823,4049
2022-03-28,8호선,수진,5031,4633
2022-03-28,8호선,모란,4198,3261
2022-03-28,8호선,남위례,4265,4540
2022-03-29,8호선,암사,17779,15825
2022-03-29,8호선,천호,13659,15451
2022-03-29,8호선,강동구청,9886,10273
2022-03-29,8호선,몽촌토성,5584,5707
2022-03-29,8호선,잠실,12228,14146
2022-03-29,8호선,석촌,7290,8252
2022-03-29,8호선,송파,7148,7117
2022-03-29,8호선,가락시장,7303,7917
2022-03-29,8호선,문정,20856,22006
2022-03-29,8호선,장지,16159,15723
2022-03-29,8호선,복정,9622,8111
2022-03-29,8호선,산성,5331,5368
2022-03-29,8호선,남한산성입구,15293,14268
2022-03-29,8호선,단대오거리,11070,10482
2022-03-29,8호선,신흥,3937,4188
2022-03-29,8호선,수진,5228,4823
2022-03-29,8호선,모란,6345,4984
2022-03-29,8호선,남위례,4481,4634
2022-03-30,8호선,암사,17459,15578
2022-03-30,8호선,천호,13243,15191
2022-03-30,8호선,강동구청,9818,10120
2022-03-30,8호선,몽촌토성,5470,5525
2022-03-30,8호선,잠실,11837,13947
2022-03-30,8호선,석촌,6983,8018
2022-03-30,8호선,송파,7046,7209
2022-03-30,8호선,가락시장,7151,7906
2022-03-30,8호선,문정,20979,22001
2022-03-30,8호선,장지,16121,15537
2022-03-30,8호선,복정,9319,7916
2022-03-30,8호선,산성,5076,5089
2022-03-30,8호선,남한산성입구,14492,13604
2022-03-30,8호선,단대오거리,10572,10122
2022-03-30,8호선,신흥,3833,4164
2022-03-30,8호선,수진,5051,4645
2022-03-30,8호선,모란,4102,3118
2022-03-30,8호선,남위례,4408,4616
2022-03-31,8호선,암사,17767,15704
2022-03-31,8호선,천호,13826,15730
2022-03-31,8호선,강동구청,9876,10240
2022-03-31,8호선,몽촌토성,5652,5786
2022-03-31,8호선,잠실,12476,14353
2022-03-31,8호선,석촌,7258,8308
2022-03-31,8호선,송파,7403,7500
2022-03-31,8호선,가락시장,7427,8178
2022-03-31,8호선,문정,20827,21977
2022-03-31,8호선,장지,16082,15627
2022-03-31,8호선,복정,9512,8047
2022-03-31,8호선,산성,5261,5187
2022-03-31,8호선,남한산성입구,14662,13691
2022-03-31,8호선,단대오거리,10716,10193
2022-03-31,8호선,신흥,3908,4227
2022-03-31,8호선,수진,5011,4682
2022-03-31,8호선,모란,4198,3393
2022-03-31,8호선,남위례,4551,4720
2022-04-01,8호선,암사,18128,15953
2022-04-01,8호선,천호,14462,17016
2022-04-01,8호선,강동구청,10257,10332
2022-04-01,8호선,몽촌토성,5977,6110
2022-04-01,8호선,잠실,14090,16426
2022-04-01,8호선,석촌,7711,9041
2022-04-01,8호선,송파,7754,7598
2022-04-01,8호선,가락시장,7516,8321
2022-04-01,8호선,문정,21016,22003
2022-04-01,8호선,장지,16979,16116
2022-04-01,8호선,복정,9660,8074
2022-04-01,8호선,산성,5358,5260
2022-04-01,8호선,남한산성입구,14833,13211
2022-04-01,8호선,단대오거리,11128,10282
2022-04-01,8호선,신흥,4055,4378
2022-04-01,8호선,수진,5336,4788
2022-04-01,8호선,모란,4490,3792
2022-04-01,8호선,남위례,4658,4795
2022-04-02,8호선,남위례,2969,3113
2022-04-02,8호선,모란,3779,3320
2022-04-02,8호선,수진,4160,3670
2022-04-02,8호선,신흥,3388,3596
2022-04-02,8호선,단대오거리,7439,6869
2022-04-02,8호선,남한산성입구,8906,7964
2022-04-02,8호선,산성,4104,4121
2022-04-02,8호선,복정,5831,5061
2022-04-02,8호선,장지,11485,10649
2022-04-02,8호선,문정,8299,8256
2022-04-02,8호선,가락시장,5315,5483
2022-04-02,8호선,송파,5386,5370
2022-04-02,8호선,석촌,6302,8346
2022-04-02,8호선,잠실,14450,16018
2022-04-02,8호선,몽촌토성,4768,4639
2022-04-02,8호선,강동구청,5739,5816
2022-04-02,8호선,천호,11244,13367
2022-04-02,8호선,암사,11877,10784
2022-04-03,8호선,암사,8386,8016
2022-04-03,8호선,천호,8419,9667
2022-04-03,8호선,강동구청,4232,4325
2022-04-03,8호선,몽촌토성,3652,3536
2022-04-03,8호선,잠실,11559,12496
2022-04-03,8호선,석촌,4567,6226
2022-04-03,8호선,송파,3525,3634
2022-04-03,8호선,가락시장,2967,3748
2022-04-03,8호선,문정,5399,5679
2022-04-03,8호선,장지,8295,8690
2022-04-03,8호선,복정,4252,3930
2022-04-03,8호선,산성,2935,3131
2022-04-03,8호선,남한산성입구,6596,6214
2022-04-03,8호선,단대오거리,5330,5273
2022-04-03,8호선,신흥,2464,2690
2022-04-03,8호선,수진,2980,2646
2022-04-03,8호선,모란,2623,2230
2022-04-03,8호선,남위례,2258,2271
2022-04-04,8호선,암사,18166,16064
2022-04-04,8호선,천호,13542,15444
2022-04-04,8호선,강동구청,10013,10339
2022-04-04,8호선,몽촌토성,5833,5829
2022-04-04,8호선,잠실,13207,15393
2022-04-04,8호선,석촌,7678,8807
2022-04-04,8호선,송파,7758,7767
2022-04-04,8호선,가락시장,7391,8171
2022-04-04,8호선,문정,21532,22577
2022-04-04,8호선,장지,16175,15614
2022-04-04,8호선,복정,9450,7983
2022-04-04,8호선,산성,5353,5390
2022-04-04,8호선,남한산성입구,15215,14313
2022-04-04,8호선,단대오거리,11326,10587
2022-04-04,8호선,신흥,4122,4450
2022-04-04,8호선,수진,5355,5051
2022-04-04,8호선,모란,6480,5160
2022-04-04,8호선,남위례,4573,4760
2022-04-05,8호선,남위례,4716,4966
2022-04-05,8호선,모란,4298,3448
2022-04-05,8호선,수진,5192,4729
2022-04-05,8호선,신흥,3897,4272
2022-04-05,8호선,단대오거리,10995,10495
2022-04-05,8호선,남한산성입구,15621,14353
2022-04-05,8호선,산성,5360,5329
2022-04-05,8호선,복정,10004,8313
2022-04-05,8호선,장지,16476,15788
2022-04-05,8호선,문정,21615,22867
2022-04-05,8호선,가락시장,7452,8280
2022-04-05,8호선,송파,7783,7645
2022-04-05,8호선,석촌,7631,9196
2022-04-05,8호선,잠실,13821,16050
2022-04-05,8호선,몽촌토성,5933,5975
2022-04-05,8호선,강동구청,10064,10385
2022-04-05,8호선,천호,14003,16000
2022-04-05,8호선,암사,18588,16324
2022-04-06,8호선,남위례,4755,4935
2022-04-06,8호선,모란,4413,3411
2022-04-06,8호선,수진,5285,4891
2022-04-06,8호선,신흥,4057,4433
2022-04-06,8호선,단대오거리,11381,10662
2022-04-06,8호선,남한산성입구,15383,14142
2022-04-06,8호선,산성,5406,5394
2022-04-06,8호선,복정,9901,8286
2022-04-06,8호선,장지,17148,16404
2022-04-06,8호선,문정,21678,22758
2022-04-06,8호선,가락시장,7495,8337
2022-04-06,8호선,송파,7965,7793
2022-04-06,8호선,석촌,8034,9782
2022-04-06,8호선,잠실,14609,17192
2022-04-06,8호선,몽촌토성,6026,6069
2022-04-06,8호선,강동구청,10357,10590
2022-04-06,8호선,천호,14188,16156
2022-04-06,8호선,암사,18534,16248
2022-04-07,8호선,남위례,4800,5008
2022-04-07,8호선,모란,4395,3428
2022-04-07,8호선,수진,5335,4917
2022-04-07,8호선,신흥,3977,4346
2022-04-07,8호선,단대오거리,11254,10543
2022-04-07,8호선,남한산성입구,15357,14215
2022-04-07,8호선,산성,5413,5404
2022-04-07,8호선,복정,10101,8453
2022-04-07,8호선,장지,17015,16338
2022-04-07,8호선,문정,21776,22844
2022-04-07,8호선,가락시장,7634,8594
2022-04-07,8호선,송파,8083,7846
2022-04-07,8호선,석촌,8293,10276
2022-04-07,8호선,잠실,15854,18069
2022-04-07,8호선,몽촌토성,6362,6343
2022-04-07,8호선,강동구청,10323,10708
2022-04-07,8호선,천호,14161,16157
2022-04-07,8호선,암사,18743,16555
2022-04-08,8호선,모란,4628,3790
2022-04-08,8호선,암사,19168,16603
2022-04-08,8호선,천호,15039,17676
2022-04-08,8호선,강동구청,10566,10590
2022-04-08,8호선,몽촌토성,6638,6594
2022-04-08,8호선,잠실,18383,21756
2022-04-08,8호선,석촌,9300,12074
2022-04-08,8호선,송파,8181,8005
2022-04-08,8호선,가락시장,8079,9134
2022-04-08,8호선,문정,21876,22855
2022-04-08,8호선,장지,17834,16928
2022-04-08,8호선,복정,10133,8351
2022-04-08,8호선,산성,5536,5348
2022-04-08,8호선,남한산성입구,15533,13783
2022-04-08,8호선,단대오거리,11498,10561
2022-04-08,8호선,신흥,4290,4548
2022-04-08,8호선,수진,5476,5090
2022-04-08,8호선,남위례,4942,5132
2022-04-09,8호선,남위례,3491,3778
2022-04-09,8호선,모란,6470,5738
2022-04-09,8호선,수진,4487,3865
2022-04-09,8호선,신흥,3750,3878
2022-04-09,8호선,단대오거리,8326,7756
2022-04-09,8호선,남한산성입구,10137,8838
2022-04-09,8호선,산성,4446,4433
2022-04-09,8호선,복정,6750,5637
2022-04-09,8호선,장지,13198,12133
2022-04-09,8호선,문정,9307,9402
2022-04-09,8호선,가락시장,5872,6252
2022-04-09,8호선,송파,6241,5926
2022-04-09,8호선,석촌,10038,14568
2022-04-09,8호선,잠실,22933,26129
2022-04-09,8호선,몽촌토성,6592,5754
2022-04-09,8호선,강동구청,6633,6539
2022-04-09,8호선,천호,12853,15392
2022-04-09,8호선,암사,13154,11789
2022-04-10,8호선,신흥,2770,2961
2022-04-10,8호선,암사,9599,9020
2022-04-10,8호선,천호,9396,10845
2022-04-10,8호선,강동구청,4909,4754
2022-04-10,8호선,몽촌토성,4997,4687
2022-04-10,8호선,잠실,17985,19454
2022-04-10,8호선,석촌,7157,11008
2022-04-10,8호선,송파,4066,4011
2022-04-10,8호선,가락시장,3390,4175
2022-04-10,8호선,문정,6055,6502
2022-04-10,8호선,장지,9732,9983
2022-04-10,8호선,복정,4969,4659
2022-04-10,8호선,산성,3566,3696
2022-04-10,8호선,남한산성입구,7581,6954
2022-04-10,8호선,단대오거리,6213,6045
2022-04-10,8호선,수진,3330,3048
2022-04-10,8호선,모란,3138,2748
2022-04-10,8호선,남위례,2674,2771
2022-04-11,8호선,남한산성입구,15512,14529
2022-04-11,8호선,산성,5456,5558
2022-04-11,8호선,남위례,4659,4949
2022-04-11,8호선,모란,4580,3557
2022-04-11,8호선,수진,5446,4964
2022-04-11,8호선,신흥,4125,4451
2022-04-11,8호선,단대오거리,11448,10908
2022-04-11,8호선,복정,9869,8177
2022-04-11,8호선,장지,16660,16133
2022-04-11,8호선,문정,21692,22938
2022-04-11,8호선,가락시장,7558,8197
2022-04-11,8호선,송파,8033,7863
2022-04-11,8호선,석촌,8497,10503
2022-04-11,8호선,잠실,15614,18408
2022-04-11,8호선,몽촌토성,6337,6270
2022-04-11,8호선,강동구청,10321,10605
2022-04-11,8호선,천호,14049,16001
2022-04-11,8호선,암사,18682,16415
2022-04-12,8호선,암사,18998,16894
2022-04-12,8호선,천호,14273,16372
2022-04-12,8호선,강동구청,10353,10686
2022-04-12,8호선,몽촌토성,6202,6380
2022-04-12,8호선,잠실,14257,16661
2022-04-12,8호선,석촌,8095,9719
2022-04-12,8호선,송파,8148,8186
2022-04-12,8호선,가락시장,7758,8595
2022-04-12,8호선,문정,22054,23246
2022-04-12,8호선,장지,17162,16462
2022-04-12,8호선,복정,10331,8680
2022-04-12,8호선,산성,5667,5650
2022-04-12,8호선,남한산성입구,15666,14544
2022-04-12,8호선,단대오거리,11223,10578
2022-04-12,8호선,신흥,4064,4323
2022-04-12,8호선,수진,5337,4889
2022-04-12,8호선,모란,4368,3526
2022-04-12,8호선,남위례,4899,5032
2022-04-13,8호선,남위례,4711,4852
2022-04-13,8호선,모란,4128,3226
2022-04-13,8호선,수진,5110,4777
2022-04-13,8호선,신흥,4015,4236
2022-04-13,8호선,단대오거리,10950,10582
2022-04-13,8호선,남한산성입구,15201,14140
2022-04-13,8호선,산성,5333,5358
2022-04-13,8호선,복정,9971,8298
2022-04-13,8호선,장지,17152,16342
2022-04-13,8호선,문정,22258,23576
2022-04-13,8호선,가락시장,7511,8308
2022-04-13,8호선,송파,8295,8129
2022-04-13,8호선,석촌,7671,8678
2022-04-13,8호선,잠실,13247,15532
2022-04-13,8호선,몽촌토성,5888,5921
2022-04-13,8호선,강동구청,10340,10618
2022-04-13,8호선,천호,14021,16061
2022-04-13,8호선,암사,18623,16445
2022-04-14,8호선,암사,18986,16523
2022-04-14,8호선,천호,14502,16555
2022-04-14,8호선,강동구청,10537,10808
2022-04-14,8호선,몽촌토성,5934,6086
2022-04-14,8호선,잠실,13441,15954
2022-04-14,8호선,석촌,7823,8869
2022-04-14,8호선,송파,8215,8059
2022-04-14,8호선,가락시장,7747,8607
2022-04-14,8호선,문정,22014,23360
2022-04-14,8호선,장지,17268,16464
2022-04-14,8호선,복정,10284,8617
2022-04-14,8호선,산성,5490,5464
2022-04-14,8호선,남한산성입구,15509,14332
2022-04-14,8호선,단대오거리,11431,10818
2022-04-14,8호선,신흥,4151,4456
2022-04-14,8호선,수진,5530,4980
2022-04-14,8호선,모란,6282,4985
2022-04-14,8호선,남위례,4895,5048
2022-04-15,8호선,남위례,5142,5318
2022-04-15,8호선,모란,4584,3871
2022-04-15,8호선,수진,5552,5003
2022-04-15,8호선,신흥,4296,4565
2022-04-15,8호선,단대오거리,11539,10658
2022-04-15,8호선,남한산성입구,15660,13734
2022-04-15,8호선,산성,5605,5442
2022-04-15,8호선,복정,10337,8543
2022-04-15,8호선,장지,17516,16444
2022-04-15,8호선,문정,21924,22746
2022-04-15,8호선,가락시장,8125,9166
2022-04-15,8호선,송파,8471,8108
2022-04-15,8호선,석촌,8010,9487
2022-04-15,8호선,잠실,14707,17697
2022-04-15,8호선,몽촌토성,6400,6442
2022-04-15,8호선,강동구청,10500,10566
2022-04-15,8호선,천호,15307,18019
2022-04-15,8호선,암사,19423,16673
2022-04-16,8호선,남위례,3486,3560
2022-04-16,8호선,모란,3802,3347
2022-04-16,8호선,수진,4255,3718
2022-04-16,8호선,신흥,3511,3720
2022-04-16,8호선,단대오거리,7698,6988
2022-04-16,8호선,남한산성입구,9439,8369
2022-04-16,8호선,산성,4278,4252
2022-04-16,8호선,복정,6409,5353
2022-04-16,8호선,장지,11996,11012
2022-04-16,8호선,문정,8798,8770
2022-04-16,8호선,가락시장,5527,5863
2022-04-16,8호선,송파,5602,5422
2022-04-16,8호선,석촌,6079,7822
2022-04-16,8호선,잠실,13818,16025
2022-04-16,8호선,몽촌토성,5005,4951
2022-04-16,8호선,강동구청,6181,6009
2022-04-16,8호선,천호,12039,14146
2022-04-16,8호선,암사,12531,11391
2022-04-17,8호선,암사,8971,8410
2022-04-17,8호선,천호,8793,9767
2022-04-17,8호선,강동구청,4420,4551
2022-04-17,8호선,몽촌토성,3668,3683
2022-04-17,8호선,잠실,10205,11447
2022-04-17,8호선,석촌,4182,5399
2022-04-17,8호선,송파,3877,3988
2022-04-17,8호선,가락시장,3238,4077
2022-04-17,8호선,문정,5687,6042
2022-04-17,8호선,장지,8773,8857
2022-04-17,8호선,복정,4886,4627
2022-04-17,8호선,산성,3105,3337
2022-04-17,8호선,남한산성입구,6919,6393
2022-04-17,8호선,단대오거리,5599,5444
2022-04-17,8호선,신흥,2564,2694
2022-04-17,8호선,수진,3053,2717
2022-04-17,8호선,모란,2680,2270
2022-04-17,8호선,남위례,2323,2601
2022-04-18,8호선,석촌,7571,8600
2022-04-18,8호선,남위례,4849,5084
2022-04-18,8호선,모란,4457,3508
2022-04-18,8호선,수진,5378,5032
2022-04-18,8호선,신흥,4178,4576
2022-04-18,8호선,단대오거리,11222,10723
2022-04-18,8호선,남한산성입구,15461,14391
2022-04-18,8호선,산성,5438,5506
2022-04-18,8호선,복정,9802,8292
2022-04-18,8호선,장지,16745,16108
2022-04-18,8호선,문정,22174,23552
2022-04-18,8호선,가락시장,7531,8471
2022-04-18,8호선,송파,8170,7977
2022-04-18,8호선,잠실,12609,14993
2022-04-18,8호선,몽촌토성,6136,6213
2022-04-18,8호선,강동구청,10465,10725
2022-04-18,8호선,천호,13946,15772
2022-04-18,8호선,암사,18980,16671
2022-04-19,8호선,암사,19585,17279
2022-04-19,8호선,천호,14866,17066
2022-04-19,8호선,강동구청,10524,10867
2022-04-19,8호선,몽촌토성,6376,6415
2022-04-19,8호선,잠실,13418,15969
2022-04-19,8호선,석촌,7856,8899
2022-04-19,8호선,송파,8492,8230
2022-04-19,8호선,가락시장,7833,8713
2022-04-19,8호선,문정,22645,23841
2022-04-19,8호선,장지,17679,16824
2022-04-19,8호선,복정,10624,8937
2022-04-19,8호선,산성,5775,5806
2022-04-19,8호선,남한산성입구,16496,15209
2022-04-19,8호선,단대오거리,11747,11053
2022-04-19,8호선,신흥,4177,4426
2022-04-19,8호선,수진,5557,5110
2022-04-19,8호선,모란,6778,5494
2022-04-19,8호선,남위례,5186,5297
2022-04-20,8호선,암사,19640,17214
2022-04-20,8호선,천호,14748,16818
2022-04-20,8호선,강동구청,10599,10944
2022-04-20,8호선,몽촌토성,6282,6356
2022-04-20,8호선,잠실,13474,16234
2022-04-20,8호선,석촌,7956,9040
2022-04-20,8호선,송파,8574,8358
2022-04-20,8호선,가락시장,7863,8782
2022-04-20,8호선,문정,22478,24001
2022-04-20,8호선,장지,18220,17535
2022-04-20,8호선,복정,10449,8799
2022-04-20,8호선,산성,5698,5664
2022-04-20,8호선,남한산성입구,16043,14785
2022-04-20,8호선,단대오거리,11645,11119
2022-04-20,8호선,신흥,4223,4503
2022-04-20,8호선,수진,5454,5029
2022-04-20,8호선,모란,4511,3646
2022-04-20,8호선,남위례,5158,5256
2022-04-21,8호선,남위례,5188,5284
2022-04-21,8호선,모란,4581,3601
2022-04-21,8호선,수진,5453,4981
2022-04-21,8호선,신흥,4245,4571
2022-04-21,8호선,단대오거리,11425,10838
2022-04-21,8호선,남한산성입구,15874,14598
2022-04-21,8호선,산성,5723,5669
2022-04-21,8호선,복정,10533,8818
2022-04-21,8호선,장지,17763,16733
2022-04-21,8호선,문정,22452,23742
2022-04-21,8호선,가락시장,8051,9082
2022-04-21,8호선,송파,8285,7952
2022-04-21,8호선,석촌,7807,8976
2022-04-21,8호선,잠실,13648,16574
2022-04-21,8호선,몽촌토성,6170,6248
2022-04-21,8호선,강동구청,10660,10919
2022-04-21,8호선,천호,14933,17068
2022-04-21,8호선,암사,19715,17031
2022-04-22,8호선,남위례,5161,5306
2022-04-22,8호선,모란,4473,3807
2022-04-22,8호선,수진,5481,5005
2022-04-22,8호선,신흥,4335,4507
2022-04-22,8호선,단대오거리,11590,10576
2022-04-22,8호선,남한산성입구,15425,13561
2022-04-22,8호선,산성,5426,5365
2022-04-22,8호선,복정,10463,8480
2022-04-22,8호선,장지,17808,16656
2022-04-22,8호선,문정,22404,23366
2022-04-22,8호선,가락시장,7980,9057
2022-04-22,8호선,송파,8459,8316
2022-04-22,8호선,석촌,7856,9381
2022-04-22,8호선,잠실,13800,17051
2022-04-22,8호선,몽촌토성,6296,6307
2022-04-22,8호선,강동구청,10730,10909
2022-04-22,8호선,천호,15131,18006
2022-04-22,8호선,암사,19469,16903
2022-04-23,8호선,남위례,3486,3443
2022-04-23,8호선,모란,3750,3336
2022-04-23,8호선,수진,4231,3788
2022-04-23,8호선,신흥,3508,3637
2022-04-23,8호선,단대오거리,7989,7244
2022-04-23,8호선,남한산성입구,9681,8296
2022-04-23,8호선,산성,4461,4509
2022-04-23,8호선,복정,6439,5415
2022-04-23,8호선,장지,12362,11133
2022-04-23,8호선,문정,8734,8728
2022-04-23,8호선,가락시장,5472,5744
2022-04-23,8호선,송파,5669,5341
2022-04-23,8호선,석촌,6072,7760
2022-04-23,8호선,잠실,12799,15208
2022-04-23,8호선,몽촌토성,4916,5034
2022-04-23,8호선,강동구청,6165,6018
2022-04-23,8호선,천호,12181,14342
2022-04-23,8호선,암사,12682,11473
2022-04-24,8호선,암사,9131,8551
2022-04-24,8호선,천호,8865,9912
2022-04-24,8호선,강동구청,4423,4618
2022-04-24,8호선,몽촌토성,3822,3834
2022-04-24,8호선,잠실,9864,10979
2022-04-24,8호선,석촌,4166,5304
2022-04-24,8호선,송파,4146,4303
2022-04-24,8호선,가락시장,3112,3877
2022-04-24,8호선,문정,5843,6191
2022-04-24,8호선,장지,9065,9244
2022-04-24,8호선,복정,5028,4547
2022-04-24,8호선,산성,3413,3435
2022-04-24,8호선,남한산성입구,7257,6704
2022-04-24,8호선,단대오거리,6180,5954
2022-04-24,8호선,신흥,2680,2887
2022-04-24,8호선,수진,3269,3084
2022-04-24,8호선,모란,5563,4685
2022-04-24,8호선,남위례,2396,2532
2022-04-25,8호선,암사,19414,17007
2022-04-25,8호선,천호,14331,16361
2022-04-25,8호선,강동구청,10590,10839
2022-04-25,8호선,몽촌토성,6191,6226
2022-04-25,8호선,잠실,12907,15130
2022-04-25,8호선,석촌,7605,8612
2022-04-25,8호선,송파,8383,8265
2022-04-25,8호선,가락시장,7718,8626
2022-04-25,8호선,문정,22346,23713
2022-04-25,8호선,장지,16972,16474
2022-04-25,8호선,복정,10026,8558
2022-04-25,8호선,산성,5551,5624
2022-04-25,8호선,남한산성입구,15782,14693
2022-04-25,8호선,단대오거리,11375,10790
2022-04-25,8호선,신흥,4166,4550
2022-04-25,8호선,수진,5508,4974
2022-04-25,8호선,모란,4425,3582
2022-04-25,8호선,남위례,5036,5180
2022-04-26,8호선,남위례,5150,5342
2022-04-26,8호선,모란,4467,3623
2022-04-26,8호선,수진,5581,5042
2022-04-26,8호선,신흥,4253,4499
2022-04-26,8호선,단대오거리,11621,10902
2022-04-26,8호선,남한산성입구,16274,15089
2022-04-26,8호선,산성,5865,5889
2022-04-26,8호선,복정,10636,8795
2022-04-26,8호선,장지,17835,16829
2022-04-26,8호선,문정,22997,24259
2022-04-26,8호선,가락시장,7807,8686
2022-04-26,8호선,송파,8617,8510
2022-04-26,8호선,석촌,7898,8991
2022-04-26,8호선,잠실,13691,16561
2022-04-26,8호선,몽촌토성,6284,6391
2022-04-26,8호선,강동구청,10804,11196
2022-04-26,8호선,천호,14599,17012
2022-04-26,8호선,암사,19633,17173
2022-04-27,8호선,암사,19922,17276
2022-04-27,8호선,천호,15114,17440
2022-04-27,8호선,강동구청,10934,11272
2022-04-27,8호선,몽촌토성,6807,6786
2022-04-27,8호선,잠실,13821,17007
2022-04-27,8호선,석촌,7932,9324
2022-04-27,8호선,송파,8656,8447
2022-04-27,8호선,가락시장,8198,9061
2022-04-27,8호선,문정,23162,24445
2022-04-27,8호선,장지,18515,17679
2022-04-27,8호선,복정,10687,8841
2022-04-27,8호선,산성,6026,6001
2022-04-27,8호선,남한산성입구,16391,15124
2022-04-27,8호선,단대오거리,11901,11221
2022-04-27,8호선,신흥,4372,4837
2022-04-27,8호선,수진,5721,5132
2022-04-27,8호선,모란,4713,3734
2022-04-27,8호선,남위례,5328,5551
2022-04-28,8호선,암사,19937,17346
2022-04-28,8호선,천호,15136,17411
2022-04-28,8호선,강동구청,10848,11321
2022-04-28,8호선,몽촌토성,6642,6718
2022-04-28,8호선,잠실,14173,17223
2022-04-28,8호선,석촌,8142,9260
2022-04-28,8호선,송파,8717,8453
2022-04-28,8호선,가락시장,8126,8994
2022-04-28,8호선,문정,22905,24363
2022-04-28,8호선,장지,18247,17344
2022-04-28,8호선,복정,10786,9008
2022-04-28,8호선,산성,5886,5940
2022-04-28,8호선,남한산성입구,16325,14976
2022-04-28,8호선,단대오거리,11909,11098
2022-04-28,8호선,신흥,4377,4676
2022-04-28,8호선,수진,5659,5208
2022-04-28,8호선,모란,4671,3733
2022-04-28,8호선,남위례,5523,5677
2022-04-29,8호선,암사,20280,17389
2022-04-29,8호선,천호,16151,19239
2022-04-29,8호선,강동구청,11275,11344
2022-04-29,8호선,몽촌토성,6655,6985
2022-04-29,8호선,잠실,15176,19286
2022-04-29,8호선,석촌,8551,9955
2022-04-29,8호선,송파,9376,8907
2022-04-29,8호선,가락시장,8400,9607
2022-04-29,8호선,문정,22815,24181
2022-04-29,8호선,장지,18966,17742
2022-04-29,8호선,복정,10914,9051
2022-04-29,8호선,산성,5890,5735
2022-04-29,8호선,남한산성입구,16310,14329
2022-04-29,8호선,단대오거리,12296,11184
2022-04-29,8호선,신흥,4695,4934
2022-04-29,8호선,수진,5950,5230
2022-04-29,8호선,모란,6835,5810
2022-04-29,8호선,남위례,5545,5719
2022-04-30,8호선,암사,12963,11721
2022-04-30,8호선,천호,12584,14930
2022-04-30,8호선,강동구청,6486,6493
2022-04-30,8호선,몽촌토성,5039,5063
2022-04-30,8호선,잠실,14219,17507
2022-04-30,8호선,석촌,6345,7966
2022-04-30,8호선,송파,5870,5620
2022-04-30,8호선,가락시장,5485,5738
2022-04-30,8호선,문정,9399,9227
2022-04-30,8호선,장지,13139,11838
2022-04-30,8호선,복정,6887,5706
2022-04-30,8호선,산성,4552,4518
2022-04-30,8호선,남한산성입구,9795,8380
2022-04-30,8호선,단대오거리,8371,7630
2022-04-30,8호선,신흥,3586,3869
2022-04-30,8호선,수진,4381,3827
2022-04-30,8호선,모란,3831,3657
2022-04-30,8호선,남위례,3782,3871
2022-05-01,8호선,암사,9599,9113
2022-05-01,8호선,천호,9280,10601
2022-05-01,8호선,강동구청,4719,4979
2022-05-01,8호선,몽촌토성,3865,3766
2022-05-01,8호선,잠실,10802,12451
2022-05-01,8호선,석촌,4368,5529
2022-05-01,8호선,송파,4212,4352
2022-05-01,8호선,가락시장,3370,4176
2022-05-01,8호선,문정,5602,5966
2022-05-01,8호선,장지,9723,9796
2022-05-01,8호선,복정,5132,4863
2022-05-01,8호선,산성,3424,3580
2022-05-01,8호선,남한산성입구,7112,6916
2022-05-01,8호선,단대오거리,5900,5764
2022-05-01,8호선,신흥,2692,3033
2022-05-01,8호선,수진,3209,2937
2022-05-01,8호선,모란,2971,2429
2022-05-01,8호선,남위례,2544,2583
2022-05-02,8호선,남위례,5399,5536
2022-05-02,8호선,모란,4642,3746
2022-05-02,8호선,수진,5623,5255
2022-05-02,8호선,신흥,4299,4581
2022-05-02,8호선,단대오거리,11810,11075
2022-05-02,8호선,남한산성입구,16261,15152
2022-05-02,8호선,산성,5663,5656
2022-05-02,8호선,복정,10504,8853
2022-05-02,8호선,장지,17624,16925
2022-05-02,8호선,문정,23043,24552
2022-05-02,8호선,가락시장,7860,8819
2022-05-02,8호선,송파,8868,8548
2022-05-02,8호선,석촌,7823,8857
2022-05-02,8호선,잠실,13864,16577
2022-05-02,8호선,몽촌토성,6409,6634
2022-05-02,8호선,강동구청,10847,11323
2022-05-02,8호선,천호,14703,17011
2022-05-02,8호선,암사,19783,17138
2022-05-03,8호선,암사,20190,17549
2022-05-03,8호선,천호,15240,17644
2022-05-03,8호선,강동구청,11038,11347
2022-05-03,8호선,몽촌토성,7786,7951
2022-05-03,8호선,잠실,14184,17385
2022-05-03,8호선,석촌,8146,9299
2022-05-03,8호선,송파,9099,8784
2022-05-03,8호선,가락시장,7908,9032
2022-05-03,8호선,문정,22843,24467
2022-05-03,8호선,장지,18695,17826
2022-05-03,8호선,복정,11096,9197
2022-05-03,8호선,산성,5904,5897
2022-05-03,8호선,남한산성입구,16554,15333
2022-05-03,8호선,단대오거리,11930,11243
2022-05-03,8호선,신흥,4239,4548
2022-05-03,8호선,수진,5531,5034
2022-05-03,8호선,모란,4865,3723
2022-05-03,8호선,남위례,5508,5745
2022-05-04,8호선,암사,21276,18098
2022-05-04,8호선,천호,16168,19493
2022-05-04,8호선,강동구청,11674,11582
2022-05-04,8호선,몽촌토성,8372,8675
2022-05-04,8호선,잠실,16210,20896
2022-05-04,8호선,석촌,8675,10035
2022-05-04,8호선,송파,9830,9357
2022-05-04,8호선,가락시장,8498,9701
2022-05-04,8호선,문정,23895,25014
2022-05-04,8호선,장지,20009,18421
2022-05-04,8호선,복정,11331,9238
2022-05-04,8호선,산성,6215,5947
2022-05-04,8호선,남한산성입구,17420,15614
2022-05-04,8호선,단대오거리,13558,12202
2022-05-04,8호선,신흥,4964,5474
2022-05-04,8호선,수진,6150,5339
2022-05-04,8호선,모란,7284,6031
2022-05-04,8호선,남위례,5731,5912
2022-05-05,8호선,암사,11297,10151
2022-05-05,8호선,천호,10305,12304
2022-05-05,8호선,강동구청,5573,5533
2022-05-05,8호선,몽촌토성,4498,4311
2022-05-05,8호선,잠실,13254,15228
2022-05-05,8호선,석촌,4928,6400
2022-05-05,8호선,송파,4878,4637
2022-05-05,8호선,가락시장,4620,5067
2022-05-05,8호선,문정,6405,6281
2022-05-05,8호선,장지,11581,11502
2022-05-05,8호선,복정,5475,4706
2022-05-05,8호선,산성,3838,3855
2022-05-05,8호선,남한산성입구,8854,7939
2022-05-05,8호선,단대오거리,7208,6769
2022-05-05,8호선,신흥,3351,3682
2022-05-05,8호선,수진,3679,3105
2022-05-05,8호선,모란,3472,2932
2022-05-05,8호선,남위례,3062,3186
2022-05-06,8호선,암사,17895,15708
2022-05-06,8호선,천호,14800,17657
2022-05-06,8호선,강동구청,10190,10144
2022-05-06,8호선,몽촌토성,5922,5860
2022-05-06,8호선,잠실,15891,20512
2022-05-06,8호선,석촌,7697,9043
2022-05-06,8호선,송파,7987,7544
2022-05-06,8호선,가락시장,7307,8315
2022-05-06,8호선,문정,16571,17201
2022-05-06,8호선,장지,16536,15968
2022-05-06,8호선,복정,9265,8021
2022-05-06,8호선,산성,5269,5134
2022-05-06,8호선,남한산성입구,14962,13184
2022-05-06,8호선,단대오거리,11537,10506
2022-05-06,8호선,신흥,4503,4845
2022-05-06,8호선,수진,5312,4704
2022-05-06,8호선,모란,4725,3908
2022-05-06,8호선,남위례,4894,5018
2022-05-07,8호선,암사,12691,11614
2022-05-07,8호선,천호,11703,13804
2022-05-07,8호선,강동구청,5930,5895
2022-05-07,8호선,몽촌토성,4312,4153
2022-05-07,8호선,잠실,12525,15407
2022-05-07,8호선,석촌,5707,7041
2022-05-07,8호선,송파,5754,5456
2022-05-07,8호선,가락시장,5306,5434
2022-05-07,8호선,문정,7978,7954
2022-05-07,8호선,장지,11979,10879
2022-05-07,8호선,복정,6294,5219
2022-05-07,8호선,산성,4127,4184
2022-05-07,8호선,남한산성입구,9323,8303
2022-05-07,8호선,단대오거리,7703,7238
2022-05-07,8호선,신흥,3470,3714
2022-05-07,8호선,수진,4381,3762
2022-05-07,8호선,모란,3615,3198
2022-05-07,8호선,남위례,3404,3416
2022-05-08,8호선,남위례,2385,2489
2022-05-08,8호선,모란,2509,2181
2022-05-08,8호선,수진,3021,2864
2022-05-08,8호선,신흥,2640,2876
2022-05-08,8호선,단대오거리,5551,5662
2022-05-08,8호선,남한산성입구,6886,6594
2022-05-08,8호선,산성,3044,3136
2022-05-08,8호선,복정,4546,4431
2022-05-08,8호선,장지,8983,9059
2022-05-08,8호선,문정,4844,5418
2022-05-08,8호선,가락시장,3032,3826
2022-05-08,8호선,송파,3933,4149
2022-05-08,8호선,석촌,4276,5418
2022-05-08,8호선,잠실,9941,10725
2022-05-08,8호선,몽촌토성,2992,3124
2022-05-08,8호선,강동구청,4560,4762
2022-05-08,8호선,천호,8373,9803
2022-05-08,8호선,암사,8861,8611
2022-05-09,8호선,암사,19996,17446
2022-05-09,8호선,천호,14840,17055
2022-05-09,8호선,강동구청,10997,11350
2022-05-09,8호선,몽촌토성,6369,6441
2022-05-09,8호선,잠실,13402,16420
2022-05-09,8호선,석촌,7756,9033
2022-05-09,8호선,송파,8970,8596
2022-05-09,8호선,가락시장,7787,8753
2022-05-09,8호선,문정,22815,24413
2022-05-09,8호선,장지,17517,17042
2022-05-09,8호선,복정,10335,8705
2022-05-09,8호선,산성,5856,5944
2022-05-09,8호선,남한산성입구,16471,15368
2022-05-09,8호선,단대오거리,12330,11505
2022-05-09,8호선,신흥,4469,4774
2022-05-09,8호선,수진,5795,5325
2022-05-09,8호선,모란,6422,5134
2022-05-09,8호선,남위례,5460,5672
2022-05-10,8호선,남위례,5631,5883
2022-05-10,8호선,모란,4588,3552
2022-05-10,8호선,수진,5605,5134
2022-05-10,8호선,신흥,4375,4736
2022-05-10,8호선,단대오거리,12009,11341
2022-05-10,8호선,남한산성입구,16795,15505
2022-05-10,8호선,산성,5976,6030
2022-05-10,8호선,복정,11070,9191
2022-05-10,8호선,장지,18351,17433
2022-05-10,8호선,문정,23315,24785
2022-05-10,8호선,가락시장,8159,9264
2022-05-10,8호선,송파,8971,8798
2022-05-10,8호선,석촌,8151,9208
2022-05-10,8호선,잠실,13803,16857
2022-05-10,8호선,몽촌토성,6977,6981
2022-05-10,8호선,강동구청,11107,11330
2022-05-10,8호선,천호,15388,17603
2022-05-10,8호선,암사,20317,17697
2022-05-11,8호선,남위례,5654,5858
2022-05-11,8호선,모란,4756,3730
2022-05-11,8호선,수진,5576,5165
2022-05-11,8호선,신흥,4453,4688
2022-05-11,8호선,단대오거리,12262,11647
2022-05-11,8호선,남한산성입구,16684,15537
2022-05-11,8호선,산성,5966,6012
2022-05-11,8호선,복정,11112,9155
2022-05-11,8호선,장지,18547,17643
2022-05-11,8호선,문정,23629,25224
2022-05-11,8호선,가락시장,8187,9157
2022-05-11,8호선,송파,9199,8873
2022-05-11,8호선,석촌,8197,9440
2022-05-11,8호선,잠실,14106,17560
2022-05-11,8호선,몽촌토성,6845,6802
2022-05-11,8호선,강동구청,11381,11506
2022-05-11,8호선,천호,15582,17955
2022-05-11,8호선,암사,20454,17635
2022-05-12,8호선,남위례,5655,5852
2022-05-12,8호선,모란,4801,3667
2022-05-12,8호선,수진,5654,5189
2022-05-12,8호선,신흥,4407,4670
2022-05-12,8호선,단대오거리,11862,11289
2022-05-12,8호선,남한산성입구,16340,15066
2022-05-12,8호선,산성,6041,6019
2022-05-12,8호선,복정,11087,9367
2022-05-12,8호선,장지,18448,17613
2022-05-12,8호선,문정,23645,25120
2022-05-12,8호선,가락시장,8331,9239
2022-05-12,8호선,송파,8994,8702
2022-05-12,8호선,석촌,8105,9412
2022-05-12,8호선,잠실,14261,17235
2022-05-12,8호선,몽촌토성,6678,6888
2022-05-12,8호선,강동구청,11360,11561
2022-05-12,8호선,천호,15502,17914
2022-05-12,8호선,암사,20383,17610
2022-05-13,8호선,몽촌토성,9100,9394
2022-05-13,8호선,강동구청,11273,11347
2022-05-13,8호선,천호,16355,19200
2022-05-13,8호선,암사,20712,17830
2022-05-13,8호선,남위례,5843,6049
2022-05-13,8호선,모란,5032,4134
2022-05-13,8호선,수진,5931,5284
2022-05-13,8호선,신흥,4812,4890
2022-05-13,8호선,단대오거리,12098,11280
2022-05-13,8호선,남한산성입구,16334,14346
2022-05-13,8호선,산성,6260,6179
2022-05-13,8호선,복정,11216,9175
2022-05-13,8호선,장지,19109,17664
2022-05-13,8호선,문정,23727,24888
2022-05-13,8호선,가락시장,8402,9785
2022-05-13,8호선,송파,9141,8818
2022-05-13,8호선,석촌,8394,9976
2022-05-13,8호선,잠실,15566,19779
2022-05-14,8호선,암사,14112,12648
2022-05-14,8호선,천호,13273,16242
2022-05-14,8호선,강동구청,7017,6841
2022-05-14,8호선,몽촌토성,5273,5294
2022-05-14,8호선,잠실,14160,16835
2022-05-14,8호선,석촌,6691,8275
2022-05-14,8호선,송파,6726,6565
2022-05-14,8호선,가락시장,5874,6055
2022-05-14,8호선,문정,9787,9900
2022-05-14,8호선,장지,13620,12443
2022-05-14,8호선,복정,7185,6005
2022-05-14,8호선,산성,4942,4849
2022-05-14,8호선,남한산성입구,10930,9467
2022-05-14,8호선,단대오거리,9233,8447
2022-05-14,8호선,신흥,3993,4193
2022-05-14,8호선,수진,4860,4279
2022-05-14,8호선,모란,6476,5625
2022-05-14,8호선,남위례,4187,4256
2022-05-15,8호선,남위례,2950,3089
2022-05-15,8호선,모란,3070,2590
2022-05-15,8호선,신흥,2829,3089
2022-05-15,8호선,단대오거리,6168,6123
2022-05-15,8호선,남한산성입구,7885,7507
2022-05-15,8호선,산성,3608,3705
2022-05-15,8호선,복정,5587,5265
2022-05-15,8호선,장지,10080,10010
2022-05-15,8호선,문정,6113,6335
2022-05-15,8호선,가락시장,3456,4233
2022-05-15,8호선,송파,4457,4462
2022-05-15,8호선,석촌,4676,5811
2022-05-15,8호선,잠실,10836,12658
2022-05-15,8호선,몽촌토성,4069,4125
2022-05-15,8호선,강동구청,5045,5145
2022-05-15,8호선,천호,9853,11332
2022-05-15,8호선,암사,9875,9439
2022-05-15,8호선,수진,3256,2947
2022-05-16,8호선,암사,20056,17403
2022-05-16,8호선,천호,15031,17462
2022-05-16,8호선,강동구청,11069,11374
2022-05-16,8호선,몽촌토성,6678,6818
2022-05-16,8호선,잠실,13965,16717
2022-05-16,8호선,석촌,7960,8936
2022-05-16,8호선,송파,8808,8589
2022-05-16,8호선,가락시장,7999,8992
2022-05-16,8호선,문정,23298,24732
2022-05-16,8호선,장지,17686,16889
2022-05-16,8호선,복정,10314,8888
2022-05-16,8호선,산성,5775,5925
2022-05-16,8호선,남한산성입구,16430,15346
2022-05-16,8호선,단대오거리,12019,11410
2022-05-16,8호선,신흥,4413,4709
2022-05-16,8호선,수진,5600,5264
2022-05-16,8호선,모란,4618,3691
2022-05-16,8호선,남위례,5555,5737
2022-05-17,8호선,암사,20467,17781
2022-05-17,8호선,천호,15584,17790
2022-05-17,8호선,강동구청,11209,11501
2022-05-17,8호선,몽촌토성,7256,7240
2022-05-17,8호선,잠실,13791,17011
2022-05-17,8호선,석촌,8233,9370
2022-05-17,8호선,송파,9018,8850
2022-05-17,8호선,가락시장,8029,9039
2022-05-17,8호선,문정,23323,24829
2022-05-17,8호선,장지,18352,17470
2022-05-17,8호선,복정,11101,9429
2022-05-17,8호선,산성,5896,5958
2022-05-17,8호선,남한산성입구,17124,15853
2022-05-17,8호선,단대오거리,12151,11480
2022-05-17,8호선,신흥,4426,4660
2022-05-17,8호선,수진,5646,5131
2022-05-17,8호선,모란,4652,3780
2022-05-17,8호선,남위례,5851,6117
2022-05-18,8호선,암사,20418,17650
2022-05-18,8호선,천호,15352,17682
2022-05-18,8호선,강동구청,11233,11528
2022-05-18,8호선,몽촌토성,6741,6747
2022-05-18,8호선,잠실,13974,16956
2022-05-18,8호선,석촌,8279,9409
2022-05-18,8호선,송파,9217,8836
2022-05-18,8호선,가락시장,8140,9009
2022-05-18,8호선,문정,23406,24815
2022-05-18,8호선,장지,18452,17718
2022-05-18,8호선,복정,10952,9184
2022-05-18,8호선,산성,5949,5810
2022-05-18,8호선,남한산성입구,16663,15238
2022-05-18,8호선,단대오거리,12107,11531
2022-05-18,8호선,신흥,4432,4804
2022-05-18,8호선,수진,5727,5220
2022-05-18,8호선,모란,4616,3624
2022-05-18,8호선,남위례,5690,5994
2022-05-19,8호선,암사,20716,17872
2022-05-19,8호선,천호,15642,17924
2022-05-19,8호선,강동구청,11570,11704
2022-05-19,8호선,몽촌토성,8091,8042
2022-05-19,8호선,잠실,14574,17558
2022-05-19,8호선,석촌,8441,9549
2022-05-19,8호선,송파,9140,8870
2022-05-19,8호선,가락시장,8169,9260
2022-05-19,8호선,문정,23342,24845
2022-05-19,8호선,장지,18868,18047
2022-05-19,8호선,복정,11148,9391
2022-05-19,8호선,산성,6124,6160
2022-05-19,8호선,남한산성입구,17223,15805
2022-05-19,8호선,단대오거리,12525,11788
2022-05-19,8호선,신흥,4442,4702
2022-05-19,8호선,수진,5833,5388
2022-05-19,8호선,모란,6862,5383
2022-05-19,8호선,남위례,6010,6120
2022-05-20,8호선,암사,20579,17595
2022-05-20,8호선,천호,16314,19361
2022-05-20,8호선,강동구청,11625,11420
2022-05-20,8호선,몽촌토성,8090,8267
2022-05-20,8호선,잠실,15745,20197
2022-05-20,8호선,석촌,8411,9690
2022-05-20,8호선,송파,9124,8827
2022-05-20,8호선,가락시장,8509,9732
2022-05-20,8호선,문정,23384,24338
2022-05-20,8호선,장지,19443,17837
2022-05-20,8호선,복정,11079,9260
2022-05-20,8호선,산성,6147,5989
2022-05-20,8호선,남한산성입구,16624,14626
2022-05-20,8호선,단대오거리,12539,11400
2022-05-20,8호선,신흥,4947,5351
2022-05-20,8호선,수진,6301,5646
2022-05-20,8호선,모란,4988,4189
2022-05-20,8호선,남위례,6055,6219
2022-05-21,8호선,암사,14000,12258
2022-05-21,8호선,천호,13057,15949
2022-05-21,8호선,강동구청,6909,6641
2022-05-21,8호선,몽촌토성,5831,5677
2022-05-21,8호선,잠실,14369,17482
2022-05-21,8호선,석촌,6509,7972
2022-05-21,8호선,송파,6468,6115
2022-05-21,8호선,가락시장,6030,6417
2022-05-21,8호선,문정,9833,9847
2022-05-21,8호선,장지,13671,12363
2022-05-21,8호선,복정,7226,6177
2022-05-21,8호선,산성,5041,4908
2022-05-21,8호선,남한산성입구,10382,9186
2022-05-21,8호선,단대오거리,8675,7843
2022-05-21,8호선,신흥,3986,4203
2022-05-21,8호선,수진,4447,3896
2022-05-21,8호선,모란,4070,3744
2022-05-21,8호선,남위례,4027,4152
2022-05-22,8호선,암사,9789,9226
2022-05-22,8호선,천호,9667,10977
2022-05-22,8호선,강동구청,4939,4880
2022-05-22,8호선,몽촌토성,4040,3763
2022-05-22,8호선,잠실,10975,12821
2022-05-22,8호선,석촌,4539,5691
2022-05-22,8호선,송파,4550,4539
2022-05-22,8호선,가락시장,3295,4139
2022-05-22,8호선,문정,6347,6588
2022-05-22,8호선,장지,9595,9702
2022-05-22,8호선,복정,5487,4955
2022-05-22,8호선,산성,3500,3655
2022-05-22,8호선,남한산성입구,7461,7015
2022-05-22,8호선,단대오거리,6277,6071
2022-05-22,8호선,신흥,2916,3238
2022-05-22,8호선,수진,3208,2989
2022-05-22,8호선,모란,2993,2497
2022-05-22,8호선,남위례,2894,3040
2022-05-23,8호선,남위례,5604,5829
2022-05-23,8호선,모란,4621,3588
2022-05-23,8호선,수진,5676,5239
2022-05-23,8호선,신흥,4450,4789
2022-05-23,8호선,단대오거리,11944,11308
2022-05-23,8호선,남한산성입구,16558,15458
2022-05-23,8호선,산성,5732,5801
2022-05-23,8호선,복정,10280,8777
2022-05-23,8호선,장지,17635,16979
2022-05-23,8호선,문정,23061,24532
2022-05-23,8호선,가락시장,7787,8694
2022-05-23,8호선,송파,8815,8580
2022-05-23,8호선,석촌,8001,8879
2022-05-23,8호선,잠실,13591,16147
2022-05-23,8호선,몽촌토성,6728,6703
2022-05-23,8호선,강동구청,11100,11278
2022-05-23,8호선,천호,14718,16675
2022-05-23,8호선,암사,19818,17349
2022-05-24,8호선,남위례,5769,5936
2022-05-24,8호선,모란,6588,5171
2022-05-24,8호선,수진,5774,5387
2022-05-24,8호선,신흥,4480,4713
2022-05-24,8호선,단대오거리,12485,11693
2022-05-24,8호선,남한산성입구,16922,15638
2022-05-24,8호선,산성,6021,6008
2022-05-24,8호선,복정,11125,9288
2022-05-24,8호선,장지,18591,17298
2022-05-24,8호선,문정,23448,25036
2022-05-24,8호선,가락시장,8370,9293
2022-05-24,8호선,송파,9169,8852
2022-05-24,8호선,석촌,8138,9271
2022-05-24,8호선,잠실,14165,17079
2022-05-24,8호선,몽촌토성,6720,6859
2022-05-24,8호선,강동구청,11251,11486
2022-05-24,8호선,천호,15433,17907
2022-05-24,8호선,암사,20709,17837
2022-05-25,8호선,남위례,5844,6035
2022-05-25,8호선,모란,4781,3700
2022-05-25,8호선,수진,5734,5433
2022-05-25,8호선,신흥,4494,4762
2022-05-25,8호선,단대오거리,12264,11738
2022-05-25,8호선,남한산성입구,16778,15377
2022-05-25,8호선,산성,6131,6162
2022-05-25,8호선,복정,10988,9300
2022-05-25,8호선,장지,18870,17949
2022-05-25,8호선,문정,24133,25248
2022-05-25,8호선,가락시장,8324,9295
2022-05-25,8호선,송파,9303,9409
2022-05-25,8호선,석촌,8286,9508
2022-05-25,8호선,잠실,15060,17320
2022-05-25,8호선,몽촌토성,7276,7384
2022-05-25,8호선,강동구청,11310,11799
2022-05-25,8호선,천호,15736,17881
2022-05-25,8호선,암사,20694,18127
2022-05-26,8호선,암사,20802,17897
2022-05-26,8호선,천호,15726,18225
2022-05-26,8호선,강동구청,11275,11587
2022-05-26,8호선,몽촌토성,6942,7029
2022-05-26,8호선,잠실,14452,17125
2022-05-26,8호선,석촌,8268,9497
2022-05-26,8호선,송파,9196,8816
2022-05-26,8호선,가락시장,8259,9263
2022-05-26,8호선,문정,23589,25028
2022-05-26,8호선,장지,18862,17478
2022-05-26,8호선,복정,11032,9172
2022-05-26,8호선,산성,5896,5969
2022-05-26,8호선,남한산성입구,16888,15460
2022-05-26,8호선,단대오거리,12267,11397
2022-05-26,8호선,신흥,4396,4850
2022-05-26,8호선,수진,5760,5309
2022-05-26,8호선,모란,4854,3816
2022-05-26,8호선,남위례,5877,6013
2022-05-27,8호선,남위례,5964,6208
2022-05-27,8호선,모란,5012,4039
2022-05-27,8호선,수진,6092,5345
2022-05-27,8호선,신흥,4748,4986
2022-05-27,8호선,단대오거리,12508,11654
2022-05-27,8호선,남한산성입구,16659,14727
2022-05-27,8호선,산성,6034,5941
2022-05-27,8호선,복정,11170,9300
2022-05-27,8호선,장지,19070,17692
2022-05-27,8호선,문정,23089,24354
2022-05-27,8호선,가락시장,8533,9688
2022-05-27,8호선,송파,9473,9083
2022-05-27,8호선,석촌,8571,9995
2022-05-27,8호선,잠실,15403,19215
2022-05-27,8호선,몽촌토성,8829,9196
2022-05-27,8호선,강동구청,11447,11478
2022-05-27,8호선,천호,16209,19592
2022-05-27,8호선,암사,21422,18351
2022-05-28,8호선,암사,13596,12173
2022-05-28,8호선,천호,12822,15281
2022-05-28,8호선,강동구청,6669,6621
2022-05-28,8호선,몽촌토성,5707,6043
2022-05-28,8호선,잠실,13998,17034
2022-05-28,8호선,석촌,6217,7743
2022-05-28,8호선,송파,6727,6233
2022-05-28,8호선,가락시장,5629,5847
2022-05-28,8호선,문정,9482,9403
2022-05-28,8호선,장지,13586,12340
2022-05-28,8호선,복정,7273,6076
2022-05-28,8호선,산성,4944,4914
2022-05-28,8호선,남한산성입구,10468,9064
2022-05-28,8호선,단대오거리,8594,7769
2022-05-28,8호선,신흥,4034,4115
2022-05-28,8호선,수진,4583,4081
2022-05-28,8호선,모란,3990,3778
2022-05-28,8호선,남위례,4102,4112
2022-05-29,8호선,남위례,2837,2914
2022-05-29,8호선,모란,5326,4440
2022-05-29,8호선,수진,3397,3130
2022-05-29,8호선,신흥,3003,3250
2022-05-29,8호선,단대오거리,6310,6217
2022-05-29,8호선,남한산성입구,7467,7089
2022-05-29,8호선,산성,3566,3631
2022-05-29,8호선,복정,5510,5049
2022-05-29,8호선,장지,9627,9668
2022-05-29,8호선,문정,6169,6558
2022-05-29,8호선,가락시장,3429,4119
2022-05-29,8호선,송파,4428,4286
2022-05-29,8호선,석촌,4354,5476
2022-05-29,8호선,잠실,10715,12089
2022-05-29,8호선,몽촌토성,4175,4223
2022-05-29,8호선,강동구청,4966,5078
2022-05-29,8호선,천호,9639,10749
2022-05-29,8호선,암사,9772,9002
2022-05-30,8호선,장지,17288,16662
2022-05-30,8호선,남위례,5508,5666
2022-05-30,8호선,모란,4429,3589
2022-05-30,8호선,수진,5584,5203
2022-05-30,8호선,신흥,4222,4644
2022-05-30,8호선,단대오거리,11611,11059
2022-05-30,8호선,남한산성입구,16503,15122
2022-05-30,8호선,산성,5728,5829
2022-05-30,8호선,복정,10247,8611
2022-05-30,8호선,문정,22982,24457
2022-05-30,8호선,가락시장,7911,8679
2022-05-30,8호선,송파,8856,8692
2022-05-30,8호선,석촌,7810,8870
2022-05-30,8호선,잠실,13553,16164
2022-05-30,8호선,몽촌토성,6384,6471
2022-05-30,8호선,강동구청,10791,11164
2022-05-30,8호선,천호,14684,16784
2022-05-30,8호선,암사,19784,17339
2022-05-31,8호선,남위례,5912,6171
2022-05-31,8호선,모란,4870,4053
2022-05-31,8호선,수진,5920,5234
2022-05-31,8호선,신흥,4564,5003
2022-05-31,8호선,단대오거리,12492,11503
2022-05-31,8호선,남한산성입구,17468,15511
2022-05-31,8호선,산성,6114,6035
2022-05-31,8호선,복정,11254,9248
2022-05-31,8호선,장지,18746,17111
2022-05-31,8호선,문정,23406,24982
2022-05-31,8호선,가락시장,8357,9586
2022-05-31,8호선,송파,9200,8801
2022-05-31,8호선,석촌,8203,9522
2022-05-31,8호선,잠실,14883,18226
2022-05-31,8호선,몽촌토성,7140,7477
2022-05-31,8호선,강동구청,11282,11315
2022-05-31,8호선,천호,15996,18620
2022-05-31,8호선,암사,20996,17770
2022-06-01,8호선,남위례,3059,3196
2022-06-01,8호선,모란,3602,3057
2022-06-01,8호선,수진,4011,3650
2022-06-01,8호선,신흥,3392,3571
2022-06-01,8호선,단대오거리,7075,6781
2022-06-01,8호선,남한산성입구,8643,8005
2022-06-01,8호선,산성,4097,4156
2022-06-01,8호선,복정,5308,4664
2022-06-01,8호선,장지,11577,11372
2022-06-01,8호선,문정,6382,6462
2022-06-01,8호선,가락시장,4614,5090
2022-06-01,8호선,송파,5177,5034
2022-06-01,8호선,석촌,5226,6486
2022-06-01,8호선,잠실,11722,13646
2022-06-01,8호선,몽촌토성,4171,4152
2022-06-01,8호선,강동구청,5481,5588
2022-06-01,8호선,천호,10183,11921
2022-06-01,8호선,암사,11153,10193
2022-06-02,8호선,남위례,5721,5897
2022-06-02,8호선,모란,4619,3744
2022-06-02,8호선,수진,5703,5305
2022-06-02,8호선,신흥,4470,4733
2022-06-02,8호선,단대오거리,12006,11365
2022-06-02,8호선,남한산성입구,16338,15143
2022-06-02,8호선,산성,5886,5792
2022-06-02,8호선,복정,10588,9128
2022-06-02,8호선,장지,18198,17347
2022-06-02,8호선,문정,22631,23894
2022-06-02,8호선,가락시장,7865,8836
2022-06-02,8호선,송파,8987,8800
2022-06-02,8호선,석촌,7888,9062
2022-06-02,8호선,잠실,13942,16772
2022-06-02,8호선,몽촌토성,6596,6573
2022-06-02,8호선,강동구청,10777,11087
2022-06-02,8호선,천호,15244,17496
2022-06-02,8호선,암사,20209,17716
2022-06-03,8호선,복정,11007,9099
2022-06-03,8호선,장지,18728,17336
2022-06-03,8호선,문정,22408,23390
2022-06-03,8호선,가락시장,8009,9301
2022-06-03,8호선,송파,9087,8881
2022-06-03,8호선,석촌,8113,9382
2022-06-03,8호선,잠실,14994,18429
2022-06-03,8호선,몽촌토성,6615,6778
2022-06-03,8호선,강동구청,11221,11325
2022-06-03,8호선,천호,16080,18861
2022-06-03,8호선,암사,20555,17587
2022-06-03,8호선,남위례,5830,6045
2022-06-03,8호선,모란,4778,3985
2022-06-03,8호선,수진,5801,5288
2022-06-03,8호선,신흥,4606,4919
2022-06-03,8호선,단대오거리,12446,11603
2022-06-03,8호선,남한산성입구,16294,14325
2022-06-03,8호선,산성,5960,5826
2022-06-04,8호선,남위례,3843,3881
2022-06-04,8호선,모란,5832,4975
2022-06-04,8호선,수진,4620,4177
2022-06-04,8호선,신흥,3785,4000
2022-06-04,8호선,단대오거리,8402,7345
2022-06-04,8호선,남한산성입구,9989,8560
2022-06-04,8호선,산성,4495,4419
2022-06-04,8호선,복정,6589,5349
2022-06-04,8호선,장지,12579,11513
2022-06-04,8호선,문정,8573,8600
2022-06-04,8호선,가락시장,5333,5644
2022-06-04,8호선,송파,5817,5373
2022-06-04,8호선,석촌,5754,7138
2022-06-04,8호선,잠실,12907,15812
2022-06-04,8호선,몽촌토성,4542,4469
2022-06-04,8호선,강동구청,6383,6170
2022-06-04,8호선,천호,12141,14349
2022-06-04,8호선,암사,12986,11297
2022-06-05,8호선,남위례,2566,2708
2022-06-05,8호선,모란,2790,2351
2022-06-05,8호선,수진,3044,2744
2022-06-05,8호선,신흥,2622,2882
2022-06-05,8호선,단대오거리,5928,5487
2022-06-05,8호선,남한산성입구,7179,6332
2022-06-05,8호선,산성,3244,3311
2022-06-05,8호선,복정,5156,4475
2022-06-05,8호선,장지,9202,8988
2022-06-05,8호선,문정,5391,5511
2022-06-05,8호선,가락시장,3379,4158
2022-06-05,8호선,송파,4135,4098
2022-06-05,8호선,석촌,4218,5088
2022-06-05,8호선,잠실,10647,12246
2022-06-05,8호선,몽촌토성,3447,3437
2022-06-05,8호선,강동구청,4671,4658
2022-06-05,8호선,천호,9005,10690
2022-06-05,8호선,암사,9243,8410
2022-06-06,8호선,남위례,2418,2651
2022-06-06,8호선,모란,2721,2169
2022-06-06,8호선,수진,2994,2840
2022-06-06,8호선,신흥,2695,2994
2022-06-06,8호선,단대오거리,5451,5533
2022-06-06,8호선,남한산성입구,6823,6473
2022-06-06,8호선,산성,2946,3083
2022-06-06,8호선,복정,4214,3839
2022-06-06,8호선,장지,8845,9276
2022-06-06,8호선,문정,5072,5469
2022-06-06,8호선,가락시장,3850,4486
2022-06-06,8호선,송파,4152,4068
2022-06-06,8호선,석촌,4051,4969
2022-06-06,8호선,잠실,10618,11643
2022-06-06,8호선,몽촌토성,3301,3347
2022-06-06,8호선,강동구청,4630,4846
2022-06-06,8호선,천호,8390,9720
2022-06-06,8호선,암사,9078,8614
2022-06-07,8호선,암사,20596,18204
2022-06-07,8호선,천호,15225,17329
2022-06-07,8호선,강동구청,11259,11538
2022-06-07,8호선,몽촌토성,7193,7374
2022-06-07,8호선,잠실,14000,16724
2022-06-07,8호선,석촌,7920,9127
2022-06-07,8호선,송파,9021,8806
2022-06-07,8호선,가락시장,7937,8858
2022-06-07,8호선,문정,23226,24683
2022-06-07,8호선,장지,18032,17203
2022-06-07,8호선,복정,10932,9123
2022-06-07,8호선,산성,5976,6046
2022-06-07,8호선,남한산성입구,16706,15564
2022-06-07,8호선,단대오거리,12045,11480
2022-06-07,8호선,신흥,4373,4778
2022-06-07,8호선,수진,5602,5220
2022-06-07,8호선,모란,4756,3804
2022-06-07,8호선,남위례,5840,6032
2022-06-08,8호선,암사,20815,18292
2022-06-08,8호선,천호,15557,17804
2022-06-08,8호선,강동구청,11379,11614
2022-06-08,8호선,몽촌토성,6689,6763
2022-06-08,8호선,잠실,14412,17289
2022-06-08,8호선,석촌,8047,9280
2022-06-08,8호선,송파,9127,8927
2022-06-08,8호선,가락시장,8325,9320
2022-06-08,8호선,문정,23732,25073
2022-06-08,8호선,장지,18651,17846
2022-06-08,8호선,복정,10966,9115
2022-06-08,8호선,산성,5968,6063
2022-06-08,8호선,남한산성입구,16784,15478
2022-06-08,8호선,단대오거리,12066,11511
2022-06-08,8호선,신흥,4408,4805
2022-06-08,8호선,수진,5805,5382
2022-06-08,8호선,모란,4715,3742
2022-06-08,8호선,남위례,5956,6161
2022-06-09,8호선,남위례,5896,6133
2022-06-09,8호선,모란,6330,5027
2022-06-09,8호선,수진,5786,5366
2022-06-09,8호선,신흥,4403,4747
2022-06-09,8호선,단대오거리,11938,11464
2022-06-09,8호선,남한산성입구,16748,15335
2022-06-09,8호선,산성,5907,5993
2022-06-09,8호선,복정,10924,9270
2022-06-09,8호선,장지,18351,17459
2022-06-09,8호선,문정,23331,24967
2022-06-09,8호선,가락시장,8133,9171
2022-06-09,8호선,송파,9285,9025
2022-06-09,8호선,석촌,8217,9295
2022-06-09,8호선,잠실,14315,17384
2022-06-09,8호선,몽촌토성,6528,6676
2022-06-09,8호선,강동구청,11312,11592
2022-06-09,8호선,천호,15434,17603
2022-06-09,8호선,암사,20575,17932
2022-06-10,8호선,암사,20947,18048
2022-06-10,8호선,천호,16209,19025
2022-06-10,8호선,강동구청,11375,11633
2022-06-10,8호선,몽촌토성,7085,7569
2022-06-10,8호선,잠실,15479,18820
2022-06-10,8호선,석촌,8489,9731
2022-06-10,8호선,송파,9494,9255
2022-06-10,8호선,가락시장,8555,9640
2022-06-10,8호선,문정,23558,24894
2022-06-10,8호선,장지,18846,17543
2022-06-10,8호선,복정,10987,9061
2022-06-10,8호선,산성,6034,5882
2022-06-10,8호선,남한산성입구,16517,14682
2022-06-10,8호선,단대오거리,12273,11420
2022-06-10,8호선,신흥,4594,4864
2022-06-10,8호선,수진,5836,5356
2022-06-10,8호선,모란,4932,4224
2022-06-10,8호선,남위례,6031,6338
2022-06-11,8호선,암사,13431,12085
2022-06-11,8호선,천호,12786,14853
2022-06-11,8호선,강동구청,6717,6513
2022-06-11,8호선,몽촌토성,5204,5744
2022-06-11,8호선,잠실,13859,16741
2022-06-11,8호선,석촌,6321,7551
2022-06-11,8호선,송파,6412,5906
2022-06-11,8호선,가락시장,5887,6295
2022-06-11,8호선,문정,9771,9821
2022-06-11,8호선,장지,12947,11784
2022-06-11,8호선,복정,6898,5658
2022-06-11,8호선,산성,4684,4770
2022-06-11,8호선,남한산성입구,10252,8929
2022-06-11,8호선,단대오거리,8314,7719
2022-06-11,8호선,신흥,3730,4045
2022-06-11,8호선,수진,4768,4272
2022-06-11,8호선,모란,4186,3747
2022-06-11,8호선,남위례,4041,4229
2022-06-12,8호선,남위례,2711,2769
2022-06-12,8호선,모란,2785,2292
2022-06-12,8호선,수진,3149,2902
2022-06-12,8호선,신흥,2784,2942
2022-06-12,8호선,단대오거리,5706,5659
2022-06-12,8호선,남한산성입구,7322,6741
2022-06-12,8호선,산성,3452,3585
2022-06-12,8호선,복정,5448,4950
2022-06-12,8호선,장지,9141,9320
2022-06-12,8호선,문정,6020,6422
2022-06-12,8호선,가락시장,3064,3852
2022-06-12,8호선,송파,4333,4301
2022-06-12,8호선,석촌,4216,5352
2022-06-12,8호선,잠실,10453,11875
2022-06-12,8호선,몽촌토성,3683,3812
2022-06-12,8호선,강동구청,4816,4894
2022-06-12,8호선,천호,9321,10448
2022-06-12,8호선,암사,9369,8765
2022-06-13,8호선,암사,19831,17425
2022-06-13,8호선,천호,14591,16473
2022-06-13,8호선,강동구청,10939,11338
2022-06-13,8호선,몽촌토성,6293,6499
2022-06-13,8호선,잠실,13633,16089
2022-06-13,8호선,석촌,7814,8795
2022-06-13,8호선,송파,8924,8672
2022-06-13,8호선,가락시장,8042,8978
2022-06-13,8호선,문정,23149,24658
2022-06-13,8호선,장지,17720,17005
2022-06-13,8호선,복정,10299,8861
2022-06-13,8호선,산성,5744,5775
2022-06-13,8호선,남한산성입구,16331,15278
2022-06-13,8호선,단대오거리,11665,11058
2022-06-13,8호선,신흥,4319,4720
2022-06-13,8호선,수진,5688,5280
2022-06-13,8호선,모란,4741,3697
2022-06-13,8호선,남위례,5711,5957
2022-06-14,8호선,석촌,8183,9360
2022-06-14,8호선,암사,20646,18229
2022-06-14,8호선,천호,15723,17882
2022-06-14,8호선,강동구청,11348,11792
2022-06-14,8호선,몽촌토성,6807,7006
2022-06-14,8호선,잠실,14995,17500
2022-06-14,8호선,송파,9275,9204
2022-06-14,8호선,가락시장,8225,9237
2022-06-14,8호선,문정,23889,25202
2022-06-14,8호선,장지,18471,17610
2022-06-14,8호선,복정,10776,9183
2022-06-14,8호선,산성,6000,6069
2022-06-14,8호선,남한산성입구,16902,15557
2022-06-14,8호선,단대오거리,12062,11312
2022-06-14,8호선,신흥,4346,4682
2022-06-14,8호선,수진,5896,5456
2022-06-14,8호선,모란,6619,5215
2022-06-14,8호선,남위례,5841,6161
2022-06-15,8호선,암사,20229,17859
2022-06-15,8호선,천호,15037,17340
2022-06-15,8호선,강동구청,11368,11807
2022-06-15,8호선,몽촌토성,6721,6715
2022-06-15,8호선,잠실,15071,17358
2022-06-15,8호선,석촌,8075,9126
2022-06-15,8호선,송파,9265,9257
2022-06-15,8호선,가락시장,8541,9299
2022-06-15,8호선,문정,23834,25060
2022-06-15,8호선,장지,19038,18209
2022-06-15,8호선,복정,10881,9133
2022-06-15,8호선,산성,5798,5813
2022-06-15,8호선,남한산성입구,15788,14665
2022-06-15,8호선,단대오거리,11762,11294
2022-06-15,8호선,신흥,4524,4840
2022-06-15,8호선,수진,5700,5351
2022-06-15,8호선,모란,4600,3654
2022-06-15,8호선,남위례,5729,5954
2022-06-16,8호선,암사,20544,17815
2022-06-16,8호선,천호,15751,17948
2022-06-16,8호선,강동구청,11407,11691
2022-06-16,8호선,몽촌토성,6608,6754
2022-06-16,8호선,잠실,14936,18136
2022-06-16,8호선,석촌,7950,9213
2022-06-16,8호선,송파,9346,8955
2022-06-16,8호선,가락시장,8286,9287
2022-06-16,8호선,문정,23400,25147
2022-06-16,8호선,장지,18718,17660
2022-06-16,8호선,복정,10934,9152
2022-06-16,8호선,산성,5991,6006
2022-06-16,8호선,남한산성입구,15812,14672
2022-06-16,8호선,단대오거리,11957,11362
2022-06-16,8호선,신흥,4382,4788
2022-06-16,8호선,수진,5706,5249
2022-06-16,8호선,모란,4853,3836
2022-06-16,8호선,남위례,5945,6271
2022-06-17,8호선,암사,20608,17836
2022-06-17,8호선,천호,16094,19031
2022-06-17,8호선,강동구청,11571,11700
2022-06-17,8호선,몽촌토성,6629,7009
2022-06-17,8호선,잠실,15493,18733
2022-06-17,8호선,석촌,8449,9857
2022-06-17,8호선,송파,9445,9209
2022-06-17,8호선,가락시장,8634,9633
2022-06-17,8호선,문정,23595,24767
2022-06-17,8호선,장지,18972,17871
2022-06-17,8호선,복정,11098,9059
2022-06-17,8호선,산성,5976,5835
2022-06-17,8호선,남한산성입구,16110,14264
2022-06-17,8호선,단대오거리,12260,11445
2022-06-17,8호선,신흥,4661,4899
2022-06-17,8호선,수진,5972,5468
2022-06-17,8호선,모란,5014,4344
2022-06-17,8호선,남위례,6202,6387
2022-06-18,8호선,남위례,4009,4203
2022-06-18,8호선,모란,4139,3579
2022-06-18,8호선,수진,4696,4115
2022-06-18,8호선,신흥,3810,3980
2022-06-18,8호선,단대오거리,8204,7661
2022-06-18,8호선,남한산성입구,10061,8732
2022-06-18,8호선,산성,4661,4601
2022-06-18,8호선,복정,6888,5670
2022-06-18,8호선,장지,12758,11614
2022-06-18,8호선,문정,9410,9523
2022-06-18,8호선,가락시장,5660,5893
2022-06-18,8호선,송파,6257,5893
2022-06-18,8호선,석촌,5934,7585
2022-06-18,8호선,잠실,13735,16522
2022-06-18,8호선,몽촌토성,4710,4808
2022-06-18,8호선,강동구청,6695,6587
2022-06-18,8호선,천호,12735,14683
2022-06-18,8호선,암사,13161,11692
2022-06-19,8호선,남위례,2948,3011
2022-06-19,8호선,모란,4921,4157
2022-06-19,8호선,수진,3390,3053
2022-06-19,8호선,신흥,2823,3118
2022-06-19,8호선,단대오거리,6149,5940
2022-06-19,8호선,남한산성입구,7375,6876
2022-06-19,8호선,산성,3333,3518
2022-06-19,8호선,복정,5530,5063
2022-06-19,8호선,장지,9394,9438
2022-06-19,8호선,문정,5642,6033
2022-06-19,8호선,가락시장,3166,4016
2022-06-19,8호선,송파,4385,4390
2022-06-19,8호선,석촌,4269,5369
2022-06-19,8호선,잠실,10431,11602
2022-06-19,8호선,몽촌토성,3330,3325
2022-06-19,8호선,강동구청,4729,4923
2022-06-19,8호선,천호,9164,10411
2022-06-19,8호선,암사,9420,8797
2022-06-20,8호선,암사,20202,17746
2022-06-20,8호선,천호,14866,17178
2022-06-20,8호선,강동구청,11071,11403
2022-06-20,8호선,몽촌토성,6221,6462
2022-06-20,8호선,잠실,14244,16998
2022-06-20,8호선,석촌,7828,8863
2022-06-20,8호선,송파,8914,8842
2022-06-20,8호선,가락시장,8000,8849
2022-06-20,8호선,문정,23042,24398
2022-06-20,8호선,장지,17735,16968
2022-06-20,8호선,복정,10255,8770
2022-06-20,8호선,산성,5624,5694
2022-06-20,8호선,남한산성입구,15340,14163
2022-06-20,8호선,단대오거리,11506,11174
2022-06-20,8호선,신흥,4292,4744
2022-06-20,8호선,수진,5583,5184
2022-06-20,8호선,모란,4771,3610
2022-06-20,8호선,남위례,5754,6022
2022-06-21,8호선,암사,20463,17835
2022-06-21,8호선,천호,15549,17858
2022-06-21,8호선,강동구청,11303,11723
2022-06-21,8호선,몽촌토성,6555,6733
2022-06-21,8호선,잠실,14995,18017
2022-06-21,8호선,석촌,8194,9205
2022-06-21,8호선,송파,9177,8934
2022-06-21,8호선,가락시장,8366,9164
2022-06-21,8호선,문정,23502,24828
2022-06-21,8호선,장지,18579,17676
2022-06-21,8호선,복정,10500,9092
2022-06-21,8호선,산성,5768,5898
2022-06-21,8호선,남한산성입구,15199,13821
2022-06-21,8호선,단대오거리,11658,11222
2022-06-21,8호선,신흥,4330,4686
2022-06-21,8호선,수진,5715,5249
2022-06-21,8호선,모란,4787,3771
2022-06-21,8호선,남위례,5926,6269
2022-06-22,8호선,남위례,6112,6195
2022-06-22,8호선,모란,4818,3765
2022-06-22,8호선,수진,5776,5376
2022-06-22,8호선,신흥,4444,4799
2022-06-22,8호선,단대오거리,11941,11501
2022-06-22,8호선,남한산성입구,15245,14078
2022-06-22,8호선,산성,5869,5762
2022-06-22,8호선,복정,10288,8620
2022-06-22,8호선,장지,18830,18110
2022-06-22,8호선,문정,23552,25095
2022-06-22,8호선,가락시장,8346,9276
2022-06-22,8호선,송파,9199,9198
2022-06-22,8호선,석촌,8307,9424
2022-06-22,8호선,잠실,15088,18254
2022-06-22,8호선,몽촌토성,6679,6801
2022-06-22,8호선,강동구청,11382,11631
2022-06-22,8호선,천호,15616,17940
2022-06-22,8호선,암사,20882,18060
2022-06-23,8호선,남위례,5520,5606
2022-06-23,8호선,모란,4436,3583
2022-06-23,8호선,수진,5595,5221
2022-06-23,8호선,신흥,4314,4588
2022-06-23,8호선,단대오거리,10449,10447
2022-06-23,8호선,남한산성입구,14037,12924
2022-06-23,8호선,산성,5322,5562
2022-06-23,8호선,복정,9755,8496
2022-06-23,8호선,장지,17815,17082
2022-06-23,8호선,문정,24055,24916
2022-06-23,8호선,가락시장,8156,8861
2022-06-23,8호선,송파,9344,9828
2022-06-23,8호선,석촌,7966,9114
2022-06-23,8호선,잠실,16247,17918
2022-06-23,8호선,몽촌토성,6682,6872
2022-06-23,8호선,강동구청,10961,11580
2022-06-23,8호선,천호,14884,16890
2022-06-23,8호선,암사,19625,17585
2022-06-24,8호선,암사,20585,17942
2022-06-24,8호선,천호,16325,19048
2022-06-24,8호선,강동구청,11472,11517
2022-06-24,8호선,몽촌토성,6502,6917
2022-06-24,8호선,잠실,16031,19289
2022-06-24,8호선,석촌,8254,9696
2022-06-24,8호선,송파,9479,9036
2022-06-24,8호선,가락시장,8517,9551
2022-06-24,8호선,문정,23250,24340
2022-06-24,8호선,장지,18667,17614
2022-06-24,8호선,복정,10542,8685
2022-06-24,8호선,산성,5861,5749
2022-06-24,8호선,남한산성입구,15339,13140
2022-06-24,8호선,단대오거리,11519,10936
2022-06-24,8호선,신흥,4656,5000
2022-06-24,8호선,수진,6052,5438
2022-06-24,8호선,모란,6248,5238
2022-06-24,8호선,남위례,6144,6356
2022-06-25,8호선,암사,13633,12031
2022-06-25,8호선,천호,13075,15430
2022-06-25,8호선,강동구청,6713,6544
2022-06-25,8호선,몽촌토성,4969,5220
2022-06-25,8호선,잠실,14653,17132
2022-06-25,8호선,석촌,6159,7680
2022-06-25,8호선,송파,6373,6165
2022-06-25,8호선,가락시장,5749,5848
2022-06-25,8호선,문정,9506,9465
2022-06-25,8호선,장지,12784,11807
2022-06-25,8호선,복정,6899,5838
2022-06-25,8호선,산성,4644,4449
2022-06-25,8호선,남한산성입구,10245,8882
2022-06-25,8호선,단대오거리,8415,7713
2022-06-25,8호선,신흥,3761,4092
2022-06-25,8호선,수진,4592,4284
2022-06-25,8호선,모란,4026,3698
2022-06-25,8호선,남위례,3960,4188
2022-06-26,8호선,암사,8991,8394
2022-06-26,8호선,천호,8820,10122
2022-06-26,8호선,강동구청,4439,4707
2022-06-26,8호선,몽촌토성,3417,3556
2022-06-26,8호선,잠실,10735,11928
2022-06-26,8호선,석촌,4105,5111
2022-06-26,8호선,송파,4097,4161
2022-06-26,8호선,가락시장,3048,3880
2022-06-26,8호선,문정,5649,5977
2022-06-26,8호선,장지,8921,9233
2022-06-26,8호선,복정,5236,4637
2022-06-26,8호선,산성,3071,3268
2022-06-26,8호선,남한산성입구,6839,6373
2022-06-26,8호선,단대오거리,5553,5485
2022-06-26,8호선,신흥,2610,2849
2022-06-26,8호선,수진,3164,2834
2022-06-26,8호선,모란,2656,2268
2022-06-26,8호선,남위례,2590,2732
2022-06-27,8호선,남위례,5498,5579
2022-06-27,8호선,모란,4493,3470
2022-06-27,8호선,수진,5593,5197
2022-06-27,8호선,신흥,4299,4646
2022-06-27,8호선,단대오거리,10732,10525
2022-06-27,8호선,남한산성입구,13883,12637
2022-06-27,8호선,산성,5292,5314
2022-06-27,8호선,복정,9312,8032
2022-06-27,8호선,장지,17480,16879
2022-06-27,8호선,문정,22995,24269
2022-06-27,8호선,가락시장,7700,8619
2022-06-27,8호선,송파,9127,9132
2022-06-27,8호선,석촌,7614,8595
2022-06-27,8호선,잠실,14631,17253
2022-06-27,8호선,몽촌토성,6396,6444
2022-06-27,8호선,강동구청,10936,11307
2022-06-27,8호선,천호,14661,16572
2022-06-27,8호선,암사,19405,17082
2022-06-28,8호선,암사,19735,17293
2022-06-28,8호선,천호,15079,17050
2022-06-28,8호선,강동구청,10906,11344
2022-06-28,8호선,몽촌토성,6338,6573
2022-06-28,8호선,잠실,15064,17333
2022-06-28,8호선,석촌,7842,8924
2022-06-28,8호선,송파,9362,9412
2022-06-28,8호선,가락시장,7951,8818
2022-06-28,8호선,문정,23227,24531
2022-06-28,8호선,장지,18142,17354
2022-06-28,8호선,복정,9653,8178
2022-06-28,8호선,산성,5421,5469
2022-06-28,8호선,남한산성입구,14211,12884
2022-06-28,8호선,단대오거리,10858,10584
2022-06-28,8호선,신흥,4238,4559
2022-06-28,8호선,수진,5541,5089
2022-06-28,8호선,모란,4570,3730
2022-06-28,8호선,남위례,5791,6008
2022-06-29,8호선,암사,19990,17721
2022-06-29,8호선,천호,15343,17339
2022-06-29,8호선,강동구청,10937,11586
2022-06-29,8호선,몽촌토성,6629,6684
2022-06-29,8호선,잠실,15764,17939
2022-06-29,8호선,석촌,7913,8857
2022-06-29,8호선,송파,9392,9575
2022-06-29,8호선,가락시장,8152,8965
2022-06-29,8호선,문정,23628,24775
2022-06-29,8호선,장지,18649,18079
2022-06-29,8호선,복정,9607,8212
2022-06-29,8호선,산성,5434,5448
2022-06-29,8호선,남한산성입구,13942,12590
2022-06-29,8호선,단대오거리,10785,10729
2022-06-29,8호선,신흥,4421,4892
2022-06-29,8호선,수진,5733,5330
2022-06-29,8호선,모란,5342,4186
2022-06-29,8호선,남위례,5618,5783
2022-06-30,8호선,남위례,5176,5387
2022-06-30,8호선,모란,4361,3417
2022-06-30,8호선,수진,5497,5068
2022-06-30,8호선,신흥,4161,4599
2022-06-30,8호선,단대오거리,10087,10104
2022-06-30,8호선,남한산성입구,13172,12062
2022-06-30,8호선,산성,5223,5330
2022-06-30,8호선,복정,9278,8068
2022-06-30,8호선,장지,18006,17208
2022-06-30,8호선,문정,23704,24663
2022-06-30,8호선,가락시장,7780,8429
2022-06-30,8호선,송파,10168,9985
2022-06-30,8호선,석촌,7645,8753
2022-06-30,8호선,잠실,15827,18076
2022-06-30,8호선,몽촌토성,6495,6696
2022-06-30,8호선,강동구청,10853,11300
2022-06-30,8호선,천호,14638,16717
2022-06-30,8호선,암사,19265,17156
2022-07-01,8호선,암사,20436,17625
2022-07-01,8호선,천호,16350,19359
2022-07-01,8호선,강동구청,11163,11173
2022-07-01,8호선,몽촌토성,6953,7163
2022-07-01,8호선,잠실,16813,20177
2022-07-01,8호선,석촌,8419,9783
2022-07-01,8호선,송파,9759,9365
2022-07-01,8호선,가락시장,8283,9494
2022-07-01,8호선,문정,22784,23981
2022-07-01,8호선,장지,19184,17963
2022-07-01,8호선,복정,10190,8551
2022-07-01,8호선,산성,5793,5649
2022-07-01,8호선,남한산성입구,14804,12923
2022-07-01,8호선,단대오거리,11451,10920
2022-07-01,8호선,신흥,4831,5166
2022-07-01,8호선,수진,5925,5383
2022-07-01,8호선,모란,4813,4008
2022-07-01,8호선,남위례,6080,6211
2022-07-02,8호선,남위례,3567,3733
2022-07-02,8호선,모란,3919,3505
2022-07-02,8호선,수진,4438,3867
2022-07-02,8호선,신흥,3776,4038
2022-07-02,8호선,단대오거리,8006,7433
2022-07-02,8호선,남한산성입구,9693,8340
2022-07-02,8호선,산성,4267,4192
2022-07-02,8호선,복정,6384,5453
2022-07-02,8호선,장지,13326,12356
2022-07-02,8호선,문정,8982,8890
2022-07-02,8호선,가락시장,5586,5788
2022-07-02,8호선,송파,6512,6259
2022-07-02,8호선,석촌,6031,7280
2022-07-02,8호선,잠실,15477,18471
2022-07-02,8호선,몽촌토성,4295,4281
2022-07-02,8호선,강동구청,6383,6354
2022-07-02,8호선,천호,12569,15119
2022-07-02,8호선,암사,13218,11890
2022-07-03,8호선,암사,9154,8635
2022-07-03,8호선,천호,9245,10388
2022-07-03,8호선,강동구청,4842,4898
2022-07-03,8호선,몽촌토성,3227,3272
2022-07-03,8호선,잠실,11650,13287
2022-07-03,8호선,석촌,4014,5122
2022-07-03,8호선,송파,4580,4508
2022-07-03,8호선,가락시장,3244,4090
2022-07-03,8호선,문정,5662,5894
2022-07-03,8호선,장지,9515,9711
2022-07-03,8호선,복정,5103,4642
2022-07-03,8호선,산성,3039,3293
2022-07-03,8호선,남한산성입구,6807,6404
2022-07-03,8호선,단대오거리,5462,5475
2022-07-03,8호선,신흥,2807,2973
2022-07-03,8호선,수진,3167,2941
2022-07-03,8호선,모란,2685,2270
2022-07-03,8호선,남위례,2469,2650
2022-07-04,8호선,암사,19925,17563
2022-07-04,8호선,천호,15150,17374
2022-07-04,8호선,강동구청,11101,11578
2022-07-04,8호선,몽촌토성,6386,6516
2022-07-04,8호선,잠실,15264,17833
2022-07-04,8호선,석촌,7968,9044
2022-07-04,8호선,송파,9260,9199
2022-07-04,8호선,가락시장,7915,8829
2022-07-04,8호선,문정,23270,24696
2022-07-04,8호선,장지,17922,17599
2022-07-04,8호선,복정,9640,8261
2022-07-04,8호선,산성,5544,5655
2022-07-04,8호선,남한산성입구,14370,12881
2022-07-04,8호선,단대오거리,10945,10889
2022-07-04,8호선,신흥,4536,4941
2022-07-04,8호선,수진,5844,5426
2022-07-04,8호선,모란,5890,4645
2022-07-04,8호선,남위례,5699,5884
2022-07-05,8호선,암사,20006,17660
2022-07-05,8호선,천호,15792,18026
2022-07-05,8호선,강동구청,11339,11739
2022-07-05,8호선,몽촌토성,6594,7009
2022-07-05,8호선,잠실,16221,18572
2022-07-05,8호선,석촌,8067,9193
2022-07-05,8호선,송파,9571,9390
2022-07-05,8호선,가락시장,7892,8925
2022-07-05,8호선,문정,23523,24875
2022-07-05,8호선,장지,18468,17820
2022-07-05,8호선,복정,9944,8289
2022-07-05,8호선,산성,5646,5722
2022-07-05,8호선,남한산성입구,14250,12941
2022-07-05,8호선,단대오거리,11070,10873
2022-07-05,8호선,신흥,4421,4830
2022-07-05,8호선,수진,5789,5166
2022-07-05,8호선,모란,4624,3799
2022-07-05,8호선,남위례,5818,6012
2022-07-06,8호선,남위례,5880,6006
2022-07-06,8호선,모란,4616,3697
2022-07-06,8호선,수진,5839,5411
2022-07-06,8호선,신흥,4543,5023
2022-07-06,8호선,단대오거리,11037,10912
2022-07-06,8호선,남한산성입구,14518,13090
2022-07-06,8호선,산성,5686,5679
2022-07-06,8호선,복정,10015,8427
2022-07-06,8호선,장지,18924,18275
2022-07-06,8호선,문정,23605,24991
2022-07-06,8호선,가락시장,8221,8903
2022-07-06,8호선,송파,9482,9378
2022-07-06,8호선,석촌,8143,9375
2022-07-06,8호선,잠실,16479,18973
2022-07-06,8호선,몽촌토성,6421,6713
2022-07-06,8호선,강동구청,11072,11553
2022-07-06,8호선,천호,15519,17747
2022-07-06,8호선,암사,20147,17761
2022-07-07,8호선,남위례,5786,5871
2022-07-07,8호선,모란,4500,3608
2022-07-07,8호선,수진,5748,5232
2022-07-07,8호선,신흥,4562,4923
2022-07-07,8호선,단대오거리,10742,10614
2022-07-07,8호선,남한산성입구,14190,12729
2022-07-07,8호선,산성,5432,5540
2022-07-07,8호선,복정,9797,8349
2022-07-07,8호선,장지,18319,17545
2022-07-07,8호선,문정,23445,24879
2022-07-07,8호선,가락시장,7862,8774
2022-07-07,8호선,송파,9455,9380
2022-07-07,8호선,석촌,7999,9143
2022-07-07,8호선,잠실,15688,18388
2022-07-07,8호선,몽촌토성,6510,6696
2022-07-07,8호선,강동구청,11029,11444
2022-07-07,8호선,천호,15264,17263
2022-07-07,8호선,암사,19752,17444
2022-07-08,8호선,남위례,6025,6257
2022-07-08,8호선,모란,4888,4044
2022-07-08,8호선,수진,5930,5325
2022-07-08,8호선,신흥,4737,4979
2022-07-08,8호선,단대오거리,11221,10736
2022-07-08,8호선,남한산성입구,14945,12953
2022-07-08,8호선,산성,5736,5497
2022-07-08,8호선,복정,10043,8326
2022-07-08,8호선,장지,18910,17943
2022-07-08,8호선,문정,23395,24391
2022-07-08,8호선,가락시장,8195,9270
2022-07-08,8호선,송파,9569,9229
2022-07-08,8호선,석촌,8154,9524
2022-07-08,8호선,잠실,16285,19737
2022-07-08,8호선,몽촌토성,6674,6785
2022-07-08,8호선,강동구청,11264,11422
2022-07-08,8호선,천호,15963,19037
2022-07-08,8호선,암사,20414,17623
2022-07-09,8호선,남위례,3864,3870
2022-07-09,8호선,모란,5501,4762
2022-07-09,8호선,수진,4568,4114
2022-07-09,8호선,신흥,3924,4156
2022-07-09,8호선,단대오거리,8047,7634
2022-07-09,8호선,남한산성입구,9898,8434
2022-07-09,8호선,산성,4508,4462
2022-07-09,8호선,복정,6613,5458
2022-07-09,8호선,장지,13304,12385
2022-07-09,8호선,문정,8923,8787
2022-07-09,8호선,가락시장,5476,5673
2022-07-09,8호선,송파,6263,5867
2022-07-09,8호선,석촌,6092,7205
2022-07-09,8호선,잠실,14921,17837
2022-07-09,8호선,몽촌토성,4269,4404
2022-07-09,8호선,강동구청,6488,6526
2022-07-09,8호선,천호,12786,15230
2022-07-09,8호선,암사,13192,11709
2022-07-10,8호선,남위례,2551,2629
2022-07-10,8호선,모란,2738,2398
2022-07-10,8호선,수진,3157,2846
2022-07-10,8호선,신흥,2922,3132
2022-07-10,8호선,단대오거리,5519,5495
2022-07-10,8호선,남한산성입구,6965,6423
2022-07-10,8호선,산성,3046,3191
2022-07-10,8호선,복정,4998,4665
2022-07-10,8호선,장지,9597,9939
2022-07-10,8호선,문정,5466,5754
2022-07-10,8호선,가락시장,3245,3891
2022-07-10,8호선,송파,4657,4599
2022-07-10,8호선,석촌,4314,5212
2022-07-10,8호선,잠실,11782,13335
2022-07-10,8호선,몽촌토성,3177,3218
2022-07-10,8호선,강동구청,4678,4819
2022-07-10,8호선,천호,9130,10433
2022-07-10,8호선,암사,9043,8603
2022-07-11,8호선,남위례,5573,5749
2022-07-11,8호선,모란,4688,3655
2022-07-11,8호선,수진,5582,5244
2022-07-11,8호선,신흥,4278,4762
2022-07-11,8호선,단대오거리,10707,10584
2022-07-11,8호선,남한산성입구,13945,12516
2022-07-11,8호선,산성,5442,5503
2022-07-11,8호선,복정,9294,7861
2022-07-11,8호선,장지,17585,16808
2022-07-11,8호선,문정,23281,24560
2022-07-11,8호선,가락시장,7773,8730
2022-07-11,8호선,송파,9034,9101
2022-07-11,8호선,석촌,7676,8784
2022-07-11,8호선,잠실,15010,17567
2022-07-11,8호선,몽촌토성,6224,6391
2022-07-11,8호선,강동구청,10930,11264
2022-07-11,8호선,천호,14444,16124
2022-07-11,8호선,암사,19439,17088
2022-07-12,8호선,남위례,5814,6107
2022-07-12,8호선,모란,4733,3685
2022-07-12,8호선,수진,5672,5286
2022-07-12,8호선,신흥,4462,4742
2022-07-12,8호선,단대오거리,11041,10918
2022-07-12,8호선,남한산성입구,14458,13038
2022-07-12,8호선,산성,5576,5641
2022-07-12,8호선,복정,9734,8313
2022-07-12,8호선,장지,18413,17482
2022-07-12,8호선,문정,23620,25074
2022-07-12,8호선,가락시장,8016,9135
2022-07-12,8호선,송파,9145,8953
2022-07-12,8호선,잠실,15266,18293
2022-07-12,8호선,몽촌토성,6630,6777
2022-07-12,8호선,강동구청,11030,11420
2022-07-12,8호선,천호,15388,17646
2022-07-12,8호선,암사,20239,17699
2022-07-12,8호선,석촌,7989,9118
2022-07-13,8호선,암사,19070,17093
2022-07-13,8호선,천호,14532,16201
2022-07-13,8호선,강동구청,10839,11295
2022-07-13,8호선,몽촌토성,6192,6477
2022-07-13,8호선,잠실,15343,17528
2022-07-13,8호선,석촌,7680,8740
2022-07-13,8호선,송파,9441,9771
2022-07-13,8호선,가락시장,7763,8303
2022-07-13,8호선,문정,23687,24458
2022-07-13,8호선,장지,17935,17248
2022-07-13,8호선,복정,9332,7972
2022-07-13,8호선,산성,5257,5233
2022-07-13,8호선,남한산성입구,13323,12242
2022-07-13,8호선,단대오거리,10092,10141
2022-07-13,8호선,신흥,4148,4638
2022-07-13,8호선,수진,5459,5172
2022-07-13,8호선,모란,4233,3247
2022-07-13,8호선,남위례,5326,5314
2022-07-14,8호선,암사,20139,17507
2022-07-14,8호선,천호,15314,17768
2022-07-14,8호선,강동구청,11131,11588
2022-07-14,8호선,몽촌토성,6416,6599
2022-07-14,8호선,잠실,15490,18484
2022-07-14,8호선,석촌,8071,9278
2022-07-14,8호선,송파,9466,9209
2022-07-14,8호선,가락시장,8156,9156
2022-07-14,8호선,문정,23584,25005
2022-07-14,8호선,장지,18653,17713
2022-07-14,8호선,복정,9744,8178
2022-07-14,8호선,산성,5455,5633
2022-07-14,8호선,남한산성입구,14594,12947
2022-07-14,8호선,단대오거리,11134,10811
2022-07-14,8호선,신흥,4523,4885
2022-07-14,8호선,수진,5809,5290
2022-07-14,8호선,모란,5820,4595
2022-07-14,8호선,남위례,5948,6153
2022-07-15,8호선,암사,20378,17666
2022-07-15,8호선,천호,16409,19300
2022-07-15,8호선,강동구청,11431,11583
2022-07-15,8호선,몽촌토성,6666,7060
2022-07-15,8호선,잠실,16367,19845
2022-07-15,8호선,석촌,8455,9928
2022-07-15,8호선,송파,9551,9342
2022-07-15,8호선,가락시장,8401,9633
2022-07-15,8호선,문정,23453,24735
2022-07-15,8호선,장지,19062,18153
2022-07-15,8호선,복정,10222,8439
2022-07-15,8호선,산성,5856,5596
2022-07-15,8호선,남한산성입구,14760,12824
2022-07-15,8호선,단대오거리,11272,10809
2022-07-15,8호선,신흥,4715,5065
2022-07-15,8호선,수진,5875,5380
2022-07-15,8호선,모란,4989,4031
2022-07-15,8호선,남위례,5930,6333
2022-07-16,8호선,남위례,3584,3596
2022-07-16,8호선,모란,3703,3305
2022-07-16,8호선,수진,4376,3937
2022-07-16,8호선,신흥,3764,3951
2022-07-16,8호선,단대오거리,7653,7180
2022-07-16,8호선,남한산성입구,9365,8223
2022-07-16,8호선,산성,4301,4262
2022-07-16,8호선,복정,6138,5171
2022-07-16,8호선,장지,12745,11756
2022-07-16,8호선,문정,8628,8551
2022-07-16,8호선,가락시장,5241,5445
2022-07-16,8호선,송파,6155,6047
2022-07-16,8호선,석촌,5984,7015
2022-07-16,8호선,잠실,13926,16394
2022-07-16,8호선,몽촌토성,4401,4327
2022-07-16,8호선,강동구청,6214,6172
2022-07-16,8호선,천호,12049,14004
2022-07-16,8호선,암사,12717,11663
2022-07-17,8호선,암사,9169,8527
2022-07-17,8호선,천호,8942,10182
2022-07-17,8호선,강동구청,4607,4778
2022-07-17,8호선,몽촌토성,3197,3312
2022-07-17,8호선,잠실,11043,12516
2022-07-17,8호선,석촌,4213,5278
2022-07-17,8호선,송파,4399,4399
2022-07-17,8호선,가락시장,3083,3946
2022-07-17,8호선,문정,5404,5576
2022-07-17,8호선,장지,9295,9499
2022-07-17,8호선,복정,5039,4632
2022-07-17,8호선,산성,3104,3229
2022-07-17,8호선,남한산성입구,6859,6189
2022-07-17,8호선,단대오거리,5554,5536
2022-07-17,8호선,신흥,2622,2909
2022-07-17,8호선,수진,3010,2747
2022-07-17,8호선,모란,2825,2236
2022-07-17,8호선,남위례,2632,2813
2022-07-18,8호선,암사,19568,17259
2022-07-18,8호선,천호,14781,16909
2022-07-18,8호선,강동구청,10762,11056
2022-07-18,8호선,몽촌토성,6421,6339
2022-07-18,8호선,잠실,14487,16485
2022-07-18,8호선,석촌,7676,8743
2022-07-18,8호선,송파,8923,8768
2022-07-18,8호선,가락시장,7804,8633
2022-07-18,8호선,문정,23038,24467
2022-07-18,8호선,장지,17337,16872
2022-07-18,8호선,복정,9281,7940
2022-07-18,8호선,산성,5328,5345
2022-07-18,8호선,남한산성입구,13982,12631
2022-07-18,8호선,단대오거리,10675,10563
2022-07-18,8호선,신흥,4395,4771
2022-07-18,8호선,수진,5596,5193
2022-07-18,8호선,모란,4547,3621
2022-07-18,8호선,남위례,5729,6003
2022-07-19,8호선,암사,19952,17610
2022-07-19,8호선,천호,15188,17261
2022-07-19,8호선,강동구청,11011,11429
2022-07-19,8호선,몽촌토성,6403,6577
2022-07-19,8호선,잠실,15234,18056
2022-07-19,8호선,석촌,8071,9119
2022-07-19,8호선,송파,9369,9149
2022-07-19,8호선,가락시장,7979,8878
2022-07-19,8호선,문정,23472,24779
2022-07-19,8호선,장지,18361,17623
2022-07-19,8호선,복정,9872,8199
2022-07-19,8호선,산성,5432,5565
2022-07-19,8호선,남한산성입구,14364,12954
2022-07-19,8호선,단대오거리,11048,10845
2022-07-19,8호선,신흥,4453,4747
2022-07-19,8호선,수진,5642,5239
2022-07-19,8호선,모란,5922,4683
2022-07-19,8호선,남위례,5949,6143
2022-07-20,8호선,석촌,8138,9321
2022-07-20,8호선,남위례,5833,5941
2022-07-20,8호선,모란,4576,3662
2022-07-20,8호선,수진,5747,5279
2022-07-20,8호선,신흥,4591,4905
2022-07-20,8호선,단대오거리,11006,10983
2022-07-20,8호선,남한산성입구,14495,13016
2022-07-20,8호선,산성,5611,5657
2022-07-20,8호선,복정,9804,8343
2022-07-20,8호선,장지,18543,17926
2022-07-20,8호선,문정,23557,24893
2022-07-20,8호선,가락시장,8279,9015
2022-07-20,8호선,송파,9360,9453
2022-07-20,8호선,잠실,15916,18421
2022-07-20,8호선,몽촌토성,6415,6771
2022-07-20,8호선,강동구청,11049,11402
2022-07-20,8호선,천호,15521,17478
2022-07-20,8호선,암사,20189,17670
2022-07-21,8호선,암사,19754,17069
2022-07-21,8호선,천호,14882,17057
2022-07-21,8호선,강동구청,10769,11146
2022-07-21,8호선,몽촌토성,6555,6593
2022-07-21,8호선,잠실,14664,17713
2022-07-21,8호선,석촌,7968,8991
2022-07-21,8호선,송파,9176,8629
2022-07-21,8호선,가락시장,7872,8636
2022-07-21,8호선,문정,23090,24844
2022-07-21,8호선,장지,17985,17139
2022-07-21,8호선,복정,9538,7967
2022-07-21,8호선,산성,5262,5197
2022-07-21,8호선,남한산성입구,13727,12529
2022-07-21,8호선,단대오거리,10473,10344
2022-07-21,8호선,신흥,4399,4613
2022-07-21,8호선,수진,5706,5161
2022-07-21,8호선,모란,4332,3480
2022-07-21,8호선,남위례,5542,5765
2022-07-22,8호선,암사,19959,17160
2022-07-22,8호선,천호,15428,18296
2022-07-22,8호선,강동구청,10852,11067
2022-07-22,8호선,몽촌토성,6336,6494
2022-07-22,8호선,잠실,15592,18675
2022-07-22,8호선,석촌,8214,9366
2022-07-22,8호선,송파,9108,8828
2022-07-22,8호선,가락시장,8051,9184
2022-07-22,8호선,문정,22816,23948
2022-07-22,8호선,장지,18299,17068
2022-07-22,8호선,복정,9833,8165
2022-07-22,8호선,산성,5497,5453
2022-07-22,8호선,남한산성입구,14251,12414
2022-07-22,8호선,단대오거리,11027,10465
2022-07-22,8호선,신흥,4394,4873
2022-07-22,8호선,수진,5662,5043
2022-07-22,8호선,모란,4520,3796
2022-07-22,8호선,남위례,5686,5891
2022-07-23,8호선,암사,12366,11142
2022-07-23,8호선,천호,11384,13560
2022-07-23,8호선,강동구청,6175,6257
2022-07-23,8호선,몽촌토성,4134,4163
2022-07-23,8호선,잠실,14274,15843
2022-07-23,8호선,석촌,5800,7003
2022-07-23,8호선,송파,6199,6272
2022-07-23,8호선,가락시장,5274,5491
2022-07-23,8호선,문정,8191,8159
2022-07-23,8호선,장지,12135,11099
2022-07-23,8호선,복정,5961,4913
2022-07-23,8호선,산성,4018,3975
2022-07-23,8호선,남한산성입구,9362,8260
2022-07-23,8호선,단대오거리,7476,6985
2022-07-23,8호선,신흥,3617,3967
2022-07-23,8호선,수진,4366,3937
2022-07-23,8호선,모란,3656,3240
2022-07-23,8호선,남위례,3585,3595
2022-07-24,8호선,남위례,2629,2775
2022-07-24,8호선,모란,4293,3689
2022-07-24,8호선,수진,3441,3084
2022-07-24,8호선,신흥,2696,2919
2022-07-24,8호선,단대오거리,5544,5416
2022-07-24,8호선,남한산성입구,6750,6263
2022-07-24,8호선,산성,2833,2938
2022-07-24,8호선,복정,4798,4385
2022-07-24,8호선,장지,8761,8923
2022-07-24,8호선,문정,5033,5287
2022-07-24,8호선,가락시장,2978,3799
2022-07-24,8호선,송파,4317,4404
2022-07-24,8호선,석촌,3970,4984
2022-07-24,8호선,잠실,10063,11165
2022-07-24,8호선,몽촌토성,3272,3316
2022-07-24,8호선,강동구청,4511,4782
2022-07-24,8호선,천호,8174,9343
2022-07-24,8호선,암사,8806,8370
2022-07-25,8호선,암사,19140,16802
2022-07-25,8호선,천호,14553,16500
2022-07-25,8호선,강동구청,10490,10861
2022-07-25,8호선,몽촌토성,5952,6188
2022-07-25,8호선,잠실,14917,17370
2022-07-25,8호선,석촌,7558,8609
2022-07-25,8호선,송파,8533,8454
2022-07-25,8호선,가락시장,7598,8469
2022-07-25,8호선,문정,22174,23608
2022-07-25,8호선,장지,16704,16332
2022-07-25,8호선,복정,8797,7601
2022-07-25,8호선,산성,5100,5173
2022-07-25,8호선,남한산성입구,13198,12014
2022-07-25,8호선,단대오거리,10473,10412
2022-07-25,8호선,신흥,4230,4648
2022-07-25,8호선,수진,5336,4858
2022-07-25,8호선,모란,4351,3269
2022-07-25,8호선,남위례,5430,5560
2022-07-26,8호선,암사,19360,17182
2022-07-26,8호선,천호,14845,17067
2022-07-26,8호선,강동구청,10448,10887
2022-07-26,8호선,몽촌토성,6167,6379
2022-07-26,8호선,잠실,15248,17943
2022-07-26,8호선,석촌,7836,8868
2022-07-26,8호선,송파,8584,8622
2022-07-26,8호선,가락시장,7597,8481
2022-07-26,8호선,문정,22619,23815
2022-07-26,8호선,장지,17357,16455
2022-07-26,8호선,복정,9308,7867
2022-07-26,8호선,산성,5270,5291
2022-07-26,8호선,남한산성입구,13346,12106
2022-07-26,8호선,단대오거리,10347,10189
2022-07-26,8호선,신흥,4373,4679
2022-07-26,8호선,수진,5266,4821
2022-07-26,8호선,모란,4374,3409
2022-07-26,8호선,남위례,5383,5566
2022-07-27,8호선,남위례,5427,5635
2022-07-27,8호선,모란,4403,3333
2022-07-27,8호선,수진,5336,4787
2022-07-27,8호선,신흥,4253,4780
2022-07-27,8호선,단대오거리,10601,10261
2022-07-27,8호선,남한산성입구,13227,11967
2022-07-27,8호선,산성,5293,5269
2022-07-27,8호선,복정,9212,7664
2022-07-27,8호선,장지,17334,16612
2022-07-27,8호선,문정,22298,23499
2022-07-27,8호선,가락시장,7680,8395
2022-07-27,8호선,송파,8488,8447
2022-07-27,8호선,석촌,7856,8868
2022-07-27,8호선,잠실,15423,18055
2022-07-27,8호선,몽촌토성,6156,6352
2022-07-27,8호선,강동구청,10325,10790
2022-07-27,8호선,천호,14880,16961
2022-07-27,8호선,암사,19149,16704
2022-07-28,8호선,암사,19075,16680
2022-07-28,8호선,천호,14774,17082
2022-07-28,8호선,강동구청,10383,10811
2022-07-28,8호선,몽촌토성,6072,6147
2022-07-28,8호선,잠실,15649,18301
2022-07-28,8호선,송파,8555,8305
2022-07-28,8호선,가락시장,7418,8294
2022-07-28,8호선,문정,21951,23205
2022-07-28,8호선,장지,17000,16397
2022-07-28,8호선,복정,8888,7461
2022-07-28,8호선,산성,5168,5271
2022-07-28,8호선,남한산성입구,13173,11787
2022-07-28,8호선,단대오거리,10430,10281
2022-07-28,8호선,신흥,4291,4703
2022-07-28,8호선,수진,5265,4773
2022-07-28,8호선,모란,4310,3273
2022-07-28,8호선,남위례,5472,5613
2022-07-28,8호선,석촌,7685,8819
2022-07-29,8호선,암사,18870,16467
2022-07-29,8호선,천호,15145,17731
2022-07-29,8호선,강동구청,10253,10393
2022-07-29,8호선,몽촌토성,6057,6139
2022-07-29,8호선,잠실,16274,19091
2022-07-29,8호선,석촌,7667,8895
2022-07-29,8호선,송파,8573,8351
2022-07-29,8호선,가락시장,7584,8552
2022-07-29,8호선,문정,21764,22659
2022-07-29,8호선,장지,17420,16494
2022-07-29,8호선,복정,9040,7574
2022-07-29,8호선,산성,5251,5173
2022-07-29,8호선,남한산성입구,13174,11438
2022-07-29,8호선,단대오거리,10781,10227
2022-07-29,8호선,신흥,4458,4885
2022-07-29,8호선,수진,5432,4912
2022-07-29,8호선,모란,5543,4422
2022-07-29,8호선,남위례,5308,5508
2022-07-30,8호선,천호,11153,13009
2022-07-30,8호선,강동구청,5781,5679
2022-07-30,8호선,몽촌토성,3850,3785
2022-07-30,8호선,잠실,14158,16124
2022-07-30,8호선,석촌,5339,6359
2022-07-30,8호선,송파,6078,5725
2022-07-30,8호선,가락시장,4648,4923
2022-07-30,8호선,문정,7384,7316
2022-07-30,8호선,장지,11491,10484
2022-07-30,8호선,복정,5320,4455
2022-07-30,8호선,산성,3832,3848
2022-07-30,8호선,남한산성입구,8491,7458
2022-07-30,8호선,단대오거리,7069,6478
2022-07-30,8호선,신흥,3472,3725
2022-07-30,8호선,수진,4021,3455
2022-07-30,8호선,모란,3404,3047
2022-07-30,8호선,남위례,3101,3056
2022-07-30,8호선,암사,11537,10438
2022-07-31,8호선,남위례,2085,2230
2022-07-31,8호선,모란,2274,1990
2022-07-31,8호선,수진,2784,2561
2022-07-31,8호선,신흥,2620,2792
2022-07-31,8호선,단대오거리,4697,4780
2022-07-31,8호선,남한산성입구,5790,5514
2022-07-31,8호선,산성,2494,2548
2022-07-31,8호선,복정,4356,3990
2022-07-31,8호선,장지,8212,8496
2022-07-31,8호선,문정,4306,4475
2022-07-31,8호선,가락시장,2710,3445
2022-07-31,8호선,송파,4095,4361
2022-07-31,8호선,석촌,3883,4600
2022-07-31,8호선,잠실,11285,12180
2022-07-31,8호선,몽촌토성,2945,2881
2022-07-31,8호선,강동구청,4158,4375
2022-07-31,8호선,천호,7880,8931
2022-07-31,8호선,암사,7839,7539
2022-08-01,8호선,암사,18364,15556
2022-08-01,8호선,천호,14703,15902
2022-08-01,8호선,강동구청,9693,9789
2022-08-01,8호선,몽촌토성,5590,5541
2022-08-01,8호선,잠실,15386,17806
2022-08-01,8호선,석촌,7193,8054
2022-08-01,8호선,송파,8116,7930
2022-08-01,8호선,가락시장,6881,7590
2022-08-01,8호선,문정,20598,22055
2022-08-01,8호선,장지,16153,15735
2022-08-01,8호선,복정,8123,6943
2022-08-01,8호선,산성,4638,4668
2022-08-01,8호선,남한산성입구,11992,10956
2022-08-01,8호선,단대오거리,9461,9410
2022-08-01,8호선,신흥,4214,4511
2022-08-01,8호선,수진,5045,4547
2022-08-01,8호선,모란,4104,3211
2022-08-01,8호선,남위례,4854,5004
2022-08-02,8호선,남위례,4893,5056
2022-08-02,8호선,모란,4023,3246
2022-08-02,8호선,수진,4949,4548
2022-08-02,8호선,신흥,4082,4488
2022-08-02,8호선,단대오거리,9678,9487
2022-08-02,8호선,남한산성입구,12210,11237
2022-08-02,8호선,산성,4801,4814
2022-08-02,8호선,복정,8508,7302
2022-08-02,8호선,장지,16499,15616
2022-08-02,8호선,문정,21081,22139
2022-08-02,8호선,가락시장,7068,7781
2022-08-02,8호선,송파,8303,8476
2022-08-02,8호선,석촌,7405,8296
2022-08-02,8호선,잠실,15632,18063
2022-08-02,8호선,몽촌토성,5769,5851
2022-08-02,8호선,강동구청,9827,10303
2022-08-02,8호선,천호,13883,15825
2022-08-02,8호선,암사,17930,15896
2022-08-03,8호선,암사,17904,15721
2022-08-03,8호선,천호,13703,15755
2022-08-03,8호선,강동구청,9598,10085
2022-08-03,8호선,몽촌토성,5882,6006
2022-08-03,8호선,잠실,14949,17466
2022-08-03,8호선,석촌,7310,8220
2022-08-03,8호선,송파,8435,8001
2022-08-03,8호선,가락시장,7117,7768
2022-08-03,8호선,문정,20719,22117
2022-08-03,8호선,장지,16863,16249
2022-08-03,8호선,복정,8608,7117
2022-08-03,8호선,산성,4772,4816
2022-08-03,8호선,남한산성입구,12424,11207
2022-08-03,8호선,단대오거리,9590,9574
2022-08-03,8호선,신흥,4138,4494
2022-08-03,8호선,수진,5110,4619
2022-08-03,8호선,모란,4019,3138
2022-08-03,8호선,남위례,4906,5085
2022-08-04,8호선,암사,18723,16281
2022-08-04,8호선,천호,14477,16629
2022-08-04,8호선,강동구청,10065,10329
2022-08-04,8호선,몽촌토성,6071,6032
2022-08-04,8호선,잠실,15329,17805
2022-08-04,8호선,석촌,7556,8684
2022-08-04,8호선,송파,8483,8120
2022-08-04,8호선,가락시장,7306,8154
2022-08-04,8호선,문정,21176,22608
2022-08-04,8호선,장지,17118,16239
2022-08-04,8호선,복정,8797,7509
2022-08-04,8호선,산성,5052,5146
2022-08-04,8호선,남한산성입구,12995,11683
2022-08-04,8호선,단대오거리,10133,9916
2022-08-04,8호선,신흥,4196,4682
2022-08-04,8호선,수진,5453,4947
2022-08-04,8호선,모란,5585,4395
2022-08-04,8호선,남위례,5188,5407
2022-08-05,8호선,남위례,5244,5457
2022-08-05,8호선,모란,4261,3565
2022-08-05,8호선,수진,5444,4894
2022-08-05,8호선,신흥,4409,4883
2022-08-05,8호선,단대오거리,10103,9804
2022-08-05,8호선,남한산성입구,12671,11252
2022-08-05,8호선,산성,5112,5062
2022-08-05,8호선,복정,8967,7421
2022-08-05,8호선,장지,17088,16119
2022-08-05,8호선,문정,20864,21879
2022-08-05,8호선,가락시장,7305,7796
2022-08-05,8호선,송파,8522,8235
2022-08-05,8호선,석촌,7606,8952
2022-08-05,8호선,잠실,15926,18666
2022-08-05,8호선,몽촌토성,6076,6184
2022-08-05,8호선,강동구청,10051,10195
2022-08-05,8호선,천호,14705,17357
2022-08-05,8호선,암사,18845,16162
2022-08-06,8호선,암사,11701,10483
2022-08-06,8호선,천호,11067,12998
2022-08-06,8호선,강동구청,5608,5622
2022-08-06,8호선,몽촌토성,4106,3962
2022-08-06,8호선,잠실,13333,15562
2022-08-06,8호선,석촌,5400,6478
2022-08-06,8호선,송파,6229,5931
2022-08-06,8호선,가락시장,4226,4662
2022-08-06,8호선,문정,7327,7367
2022-08-06,8호선,장지,11354,10617
2022-08-06,8호선,복정,5347,4536
2022-08-06,8호선,산성,3810,3759
2022-08-06,8호선,남한산성입구,8471,7331
2022-08-06,8호선,단대오거리,7007,6559
2022-08-06,8호선,신흥,3612,3958
2022-08-06,8호선,수진,4237,3622
2022-08-06,8호선,모란,3457,3072
2022-08-06,8호선,남위례,3237,3303
2022-08-07,8호선,암사,8375,7993
2022-08-07,8호선,천호,8248,9267
2022-08-07,8호선,강동구청,4225,4477
2022-08-07,8호선,몽촌토성,2887,2937
2022-08-07,8호선,잠실,10865,11947
2022-08-07,8호선,석촌,3933,4696
2022-08-07,8호선,송파,4046,4148
2022-08-07,8호선,가락시장,2685,3464
2022-08-07,8호선,문정,4808,5046
2022-08-07,8호선,장지,8343,8675
2022-08-07,8호선,복정,4535,4189
2022-08-07,8호선,산성,2759,2876
2022-08-07,8호선,남한산성입구,6199,5766
2022-08-07,8호선,단대오거리,5050,5011
2022-08-07,8호선,신흥,2791,3033
2022-08-07,8호선,수진,2944,2650
2022-08-07,8호선,모란,2512,2074
2022-08-07,8호선,남위례,2426,2569
2022-08-08,8호선,암사,17670,15949
2022-08-08,8호선,천호,13210,14493
2022-08-08,8호선,강동구청,9908,10522
2022-08-08,8호선,몽촌토성,5678,6093
2022-08-08,8호선,잠실,15487,16790
2022-08-08,8호선,석촌,7179,8396
2022-08-08,8호선,송파,8553,9162
2022-08-08,8호선,가락시장,7237,7889
2022-08-08,8호선,문정,22371,22961
2022-08-08,8호선,장지,16255,15975
2022-08-08,8호선,복정,8265,7290
2022-08-08,8호선,산성,4712,4845
2022-08-08,8호선,남한산성입구,12001,11249
2022-08-08,8호선,단대오거리,9333,9477
2022-08-08,8호선,신흥,3990,4297
2022-08-08,8호선,수진,4961,4758
2022-08-08,8호선,모란,4158,3112
2022-08-08,8호선,남위례,4773,5034
2022-08-09,8호선,암사,17045,15538
2022-08-09,8호선,천호,13194,14889
2022-08-09,8호선,강동구청,9546,10109
2022-08-09,8호선,몽촌토성,5612,5725
2022-08-09,8호선,잠실,13751,15117
2022-08-09,8호선,석촌,7429,8491
2022-08-09,8호선,송파,8374,8667
2022-08-09,8호선,가락시장,6933,7338
2022-08-09,8호선,문정,21763,22347
2022-08-09,8호선,장지,15641,15046
2022-08-09,8호선,복정,8199,7124
2022-08-09,8호선,산성,4489,4750
2022-08-09,8호선,남한산성입구,12269,11266
2022-08-09,8호선,단대오거리,9601,9367
2022-08-09,8호선,신흥,3861,4334
2022-08-09,8호선,수진,4850,4652
2022-08-09,8호선,모란,4179,3201
2022-08-09,8호선,남위례,4838,5077
2022-08-10,8호선,석촌,7614,8597
2022-08-10,8호선,암사,18824,16480
2022-08-10,8호선,천호,14296,16596
2022-08-10,8호선,강동구청,10043,10613
2022-08-10,8호선,몽촌토성,6163,6225
2022-08-10,8호선,잠실,14773,16929
2022-08-10,8호선,송파,8355,8455
2022-08-10,8호선,가락시장,7501,8264
2022-08-10,8호선,문정,22111,23421
2022-08-10,8호선,장지,16979,16467
2022-08-10,8호선,복정,8795,7456
2022-08-10,8호선,산성,4905,4938
2022-08-10,8호선,남한산성입구,13349,11969
2022-08-10,8호선,단대오거리,10441,10137
2022-08-10,8호선,신흥,4210,4571
2022-08-10,8호선,수진,5244,4839
2022-08-10,8호선,모란,4351,3535
2022-08-10,8호선,남위례,5330,5510
2022-08-11,8호선,암사,18629,16270
2022-08-11,8호선,천호,14099,16140
2022-08-11,8호선,강동구청,10052,10428
2022-08-11,8호선,몽촌토성,6027,6018
2022-08-11,8호선,잠실,14596,17104
2022-08-11,8호선,석촌,7357,8474
2022-08-11,8호선,송파,8430,8087
2022-08-11,8호선,가락시장,7446,8267
2022-08-11,8호선,문정,21739,23161
2022-08-11,8호선,장지,16803,16144
2022-08-11,8호선,복정,8671,7383
2022-08-11,8호선,산성,4912,4905
2022-08-11,8호선,남한산성입구,13176,11537
2022-08-11,8호선,단대오거리,10060,9696
2022-08-11,8호선,신흥,3994,4385
2022-08-11,8호선,수진,5153,4718
2022-08-11,8호선,모란,4266,3390
2022-08-11,8호선,남위례,5331,5467
2022-08-12,8호선,남위례,5566,5572
2022-08-12,8호선,모란,4708,3969
2022-08-12,8호선,수진,5573,5031
2022-08-12,8호선,신흥,4486,4890
2022-08-12,8호선,단대오거리,10850,10125
2022-08-12,8호선,남한산성입구,13820,11830
2022-08-12,8호선,산성,5282,5206
2022-08-12,8호선,복정,9267,7699
2022-08-12,8호선,장지,17636,16626
2022-08-12,8호선,문정,21655,22426
2022-08-12,8호선,가락시장,8007,9019
2022-08-12,8호선,송파,8721,8447
2022-08-12,8호선,석촌,7870,9169
2022-08-12,8호선,잠실,16085,18773
2022-08-12,8호선,몽촌토성,6234,6487
2022-08-12,8호선,강동구청,10432,10684
2022-08-12,8호선,천호,15468,18212
2022-08-12,8호선,암사,19328,16653
2022-08-13,8호선,남위례,3145,3224
2022-08-13,8호선,모란,3465,3046
2022-08-13,8호선,수진,4053,3502
2022-08-13,8호선,신흥,3330,3601
2022-08-13,8호선,단대오거리,7097,6400
2022-08-13,8호선,남한산성입구,8209,7005
2022-08-13,8호선,산성,3529,3495
2022-08-13,8호선,복정,5284,4449
2022-08-13,8호선,장지,10670,10149
2022-08-13,8호선,문정,6986,6885
2022-08-13,8호선,가락시장,4843,5015
2022-08-13,8호선,송파,5632,5403
2022-08-13,8호선,석촌,5073,6022
2022-08-13,8호선,잠실,12979,15482
2022-08-13,8호선,몽촌토성,3931,3862
2022-08-13,8호선,강동구청,5628,5520
2022-08-13,8호선,천호,10838,12570
2022-08-13,8호선,암사,11455,10118
2022-08-14,8호선,암사,8960,8215
2022-08-14,8호선,천호,8484,10028
2022-08-14,8호선,강동구청,4537,4585
2022-08-14,8호선,몽촌토성,3080,2921
2022-08-14,8호선,잠실,10984,12634
2022-08-14,8호선,석촌,3881,4883
2022-08-14,8호선,송파,4394,4336
2022-08-14,8호선,가락시장,2845,3663
2022-08-14,8호선,문정,4813,4668
2022-08-14,8호선,장지,8944,8780
2022-08-14,8호선,복정,4463,4206
2022-08-14,8호선,산성,2822,2811
2022-08-14,8호선,남한산성입구,6670,6021
2022-08-14,8호선,단대오거리,5412,5273
2022-08-14,8호선,신흥,2703,2886
2022-08-14,8호선,수진,3251,2865
2022-08-14,8호선,모란,4415,3811
2022-08-14,8호선,남위례,2491,2581
2022-08-15,8호선,남위례,2378,2587
2022-08-15,8호선,모란,2500,2195
2022-08-15,8호선,수진,2786,2652
2022-08-15,8호선,신흥,2653,2870
2022-08-15,8호선,단대오거리,5239,5230
2022-08-15,8호선,남한산성입구,6265,5819
2022-08-15,8호선,산성,2635,2770
2022-08-15,8호선,복정,3552,3541
2022-08-15,8호선,장지,8741,9071
2022-08-15,8호선,문정,4834,5200
2022-08-15,8호선,가락시장,3596,3967
2022-08-15,8호선,송파,4313,4413
2022-08-15,8호선,석촌,3820,4774
2022-08-15,8호선,잠실,10893,11728
2022-08-15,8호선,몽촌토성,2886,2891
2022-08-15,8호선,강동구청,4394,4483
2022-08-15,8호선,천호,7971,9136
2022-08-15,8호선,암사,8762,8333
2022-08-16,8호선,암사,18713,16673
2022-08-16,8호선,천호,14452,16556
2022-08-16,8호선,강동구청,10228,10553
2022-08-16,8호선,몽촌토성,6010,6242
2022-08-16,8호선,잠실,14273,16765
2022-08-16,8호선,석촌,7471,8593
2022-08-16,8호선,송파,8511,8272
2022-08-16,8호선,가락시장,7452,8270
2022-08-16,8호선,문정,21749,22877
2022-08-16,8호선,장지,16672,16032
2022-08-16,8호선,복정,8819,7546
2022-08-16,8호선,산성,5070,5144
2022-08-16,8호선,남한산성입구,13629,12260
2022-08-16,8호선,단대오거리,10261,10137
2022-08-16,8호선,신흥,4123,4560
2022-08-16,8호선,수진,5245,4855
2022-08-16,8호선,모란,4433,3578
2022-08-16,8호선,남위례,5281,5413
2022-08-17,8호선,암사,19127,16757
2022-08-17,8호선,천호,14510,16818
2022-08-17,8호선,강동구청,10410,10827
2022-08-17,8호선,몽촌토성,6261,6411
2022-08-17,8호선,잠실,14476,17133
2022-08-17,8호선,석촌,7566,8734
2022-08-17,8호선,송파,8612,8377
2022-08-17,8호선,가락시장,7633,8423
2022-08-17,8호선,문정,22132,23384
2022-08-17,8호선,장지,17505,16674
2022-08-17,8호선,복정,9155,7617
2022-08-17,8호선,산성,5358,5314
2022-08-17,8호선,남한산성입구,13438,12138
2022-08-17,8호선,단대오거리,10416,10308
2022-08-17,8호선,신흥,4225,4592
2022-08-17,8호선,수진,5294,4933
2022-08-17,8호선,모란,4437,3408
2022-08-17,8호선,남위례,5367,5654
2022-08-18,8호선,남위례,5695,5824
2022-08-18,8호선,모란,4548,3646
2022-08-18,8호선,수진,5319,4903
2022-08-18,8호선,신흥,4058,4577
2022-08-18,8호선,단대오거리,10463,10238
2022-08-18,8호선,남한산성입구,13598,12213
2022-08-18,8호선,산성,5314,5319
2022-08-18,8호선,복정,9272,7831
2022-08-18,8호선,장지,17261,16242
2022-08-18,8호선,문정,22238,23462
2022-08-18,8호선,가락시장,7804,8488
2022-08-18,8호선,송파,8542,8300
2022-08-18,8호선,석촌,7647,8964
2022-08-18,8호선,잠실,14554,16793
2022-08-18,8호선,몽촌토성,6211,6426
2022-08-18,8호선,강동구청,10514,10865
2022-08-18,8호선,천호,14774,16935
2022-08-18,8호선,암사,19323,16731
2022-08-19,8호선,석촌,8005,9099
2022-08-19,8호선,암사,19163,17027
2022-08-19,8호선,천호,15174,17682
2022-08-19,8호선,강동구청,10769,11054
2022-08-19,8호선,몽촌토성,6372,6592
2022-08-19,8호선,잠실,15681,17659
2022-08-19,8호선,송파,9014,9418
2022-08-19,8호선,가락시장,7924,8731
2022-08-19,8호선,문정,22959,23320
2022-08-19,8호선,장지,17822,16742
2022-08-19,8호선,복정,9423,8043
2022-08-19,8호선,산성,5467,5478
2022-08-19,8호선,남한산성입구,14057,12303
2022-08-19,8호선,단대오거리,11026,10481
2022-08-19,8호선,신흥,4397,4809
2022-08-19,8호선,수진,5615,5237
2022-08-19,8호선,모란,6089,4971
2022-08-19,8호선,남위례,5720,5879
2022-08-20,8호선,남위례,3719,3641
2022-08-20,8호선,모란,3758,3179
2022-08-20,8호선,수진,4262,3823
2022-08-20,8호선,신흥,3614,3824
2022-08-20,8호선,단대오거리,7589,7032
2022-08-20,8호선,남한산성입구,9032,7889
2022-08-20,8호선,산성,4080,3973
2022-08-20,8호선,복정,5853,4985
2022-08-20,8호선,장지,12270,10794
2022-08-20,8호선,문정,8489,8401
2022-08-20,8호선,가락시장,5303,5449
2022-08-20,8호선,송파,6526,6122
2022-08-20,8호선,석촌,5710,7100
2022-08-20,8호선,잠실,13588,15898
2022-08-20,8호선,몽촌토성,4381,4220
2022-08-20,8호선,강동구청,5962,5922
2022-08-20,8호선,천호,11908,14010
2022-08-20,8호선,암사,12423,11207
2022-08-21,8호선,암사,8805,8267
2022-08-21,8호선,천호,8580,9757
2022-08-21,8호선,강동구청,4389,4583
2022-08-21,8호선,몽촌토성,3264,3225
2022-08-21,8호선,잠실,10700,11888
2022-08-21,8호선,석촌,4035,4829
2022-08-21,8호선,송파,4315,4339
2022-08-21,8호선,가락시장,3101,3881
2022-08-21,8호선,문정,5351,5741
2022-08-21,8호선,장지,8738,8979
2022-08-21,8호선,복정,4937,4493
2022-08-21,8호선,산성,2951,3067
2022-08-21,8호선,남한산성입구,6506,6090
2022-08-21,8호선,단대오거리,5399,5365
2022-08-21,8호선,신흥,2702,2871
2022-08-21,8호선,수진,3026,2697
2022-08-21,8호선,모란,2515,2250
2022-08-21,8호선,남위례,2531,2692
2022-08-22,8호선,남위례,5483,5641
2022-08-22,8호선,모란,4420,3583
2022-08-22,8호선,수진,5403,5150
2022-08-22,8호선,신흥,4153,4512
2022-08-22,8호선,단대오거리,10308,10118
2022-08-22,8호선,남한산성입구,13468,12149
2022-08-22,8호선,산성,5338,5409
2022-08-22,8호선,복정,8817,7541
2022-08-22,8호선,장지,16772,16090
2022-08-22,8호선,문정,22255,23430
2022-08-22,8호선,가락시장,7622,8495
2022-08-22,8호선,송파,8406,8370
2022-08-22,8호선,석촌,7476,8485
2022-08-22,8호선,잠실,13927,15923
2022-08-22,8호선,몽촌토성,5923,6153
2022-08-22,8호선,강동구청,10342,10823
2022-08-22,8호선,천호,14247,16139
2022-08-22,8호선,암사,18880,16712
2022-08-23,8호선,암사,19441,17377
2022-08-23,8호선,천호,14726,17681
2022-08-23,8호선,강동구청,10676,10745
2022-08-23,8호선,몽촌토성,6190,6249
2022-08-23,8호선,잠실,14490,16644
2022-08-23,8호선,석촌,7587,8821
2022-08-23,8호선,송파,8849,8836
2022-08-23,8호선,가락시장,7754,8583
2022-08-23,8호선,문정,22392,23509
2022-08-23,8호선,장지,17165,16279
2022-08-23,8호선,복정,9108,7824
2022-08-23,8호선,산성,5478,5469
2022-08-23,8호선,남한산성입구,13847,12429
2022-08-23,8호선,단대오거리,10591,10323
2022-08-23,8호선,신흥,4202,4619
2022-08-23,8호선,수진,5477,5180
2022-08-23,8호선,모란,4575,3652
2022-08-23,8호선,남위례,5747,5983
2022-08-24,8호선,남위례,5965,6144
2022-08-24,8호선,모란,6367,5143
2022-08-24,8호선,수진,5691,5372
2022-08-24,8호선,신흥,4380,4702
2022-08-24,8호선,단대오거리,11049,10758
2022-08-24,8호선,남한산성입구,14232,12702
2022-08-24,8호선,산성,5561,5581
2022-08-24,8호선,복정,9508,8014
2022-08-24,8호선,장지,17815,16879
2022-08-24,8호선,문정,22527,23836
2022-08-24,8호선,가락시장,7951,8844
2022-08-24,8호선,송파,9081,8807
2022-08-24,8호선,석촌,7755,8921
2022-08-24,8호선,잠실,14444,16921
2022-08-24,8호선,몽촌토성,6218,6462
2022-08-24,8호선,강동구청,10665,10895
2022-08-24,8호선,천호,15039,17030
2022-08-24,8호선,암사,19520,17174
2022-08-25,8호선,남위례,5787,5950
2022-08-25,8호선,모란,4634,3671
2022-08-25,8호선,수진,5613,5195
2022-08-25,8호선,신흥,4309,4701
2022-08-25,8호선,단대오거리,10592,10444
2022-08-25,8호선,남한산성입구,13885,12510
2022-08-25,8호선,산성,5524,5629
2022-08-25,8호선,복정,9330,7761
2022-08-25,8호선,장지,17557,16685
2022-08-25,8호선,문정,22529,23871
2022-08-25,8호선,가락시장,8004,8848
2022-08-25,8호선,송파,9041,8830
2022-08-25,8호선,석촌,7786,8815
2022-08-25,8호선,잠실,14332,16838
2022-08-25,8호선,몽촌토성,6303,6347
2022-08-25,8호선,강동구청,10582,10908
2022-08-25,8호선,천호,14807,17037
2022-08-25,8호선,암사,19432,17077
2022-08-26,8호선,암사,20113,17308
2022-08-26,8호선,천호,15655,18567
2022-08-26,8호선,강동구청,10989,11422
2022-08-26,8호선,몽촌토성,6449,6674
2022-08-26,8호선,잠실,15147,18059
2022-08-26,8호선,석촌,8039,9532
2022-08-26,8호선,송파,9260,8853
2022-08-26,8호선,가락시장,8436,9202
2022-08-26,8호선,문정,22601,23644
2022-08-26,8호선,장지,17936,16830
2022-08-26,8호선,복정,9868,8223
2022-08-26,8호선,산성,5683,5549
2022-08-26,8호선,남한산성입구,14641,12566
2022-08-26,8호선,단대오거리,11110,10825
2022-08-26,8호선,신흥,4615,4897
2022-08-26,8호선,수진,5804,5175
2022-08-26,8호선,모란,4876,3978
2022-08-26,8호선,남위례,6083,6300
2022-08-27,8호선,남위례,4138,4161
2022-08-27,8호선,모란,3856,3454
2022-08-27,8호선,수진,4464,3904
2022-08-27,8호선,신흥,3655,3803
2022-08-27,8호선,단대오거리,8202,7535
2022-08-27,8호선,남한산성입구,9794,8394
2022-08-27,8호선,산성,4454,4487
2022-08-27,8호선,복정,6602,5607
2022-08-27,8호선,장지,12666,11330
2022-08-27,8호선,문정,9123,9188
2022-08-27,8호선,가락시장,5789,5973
2022-08-27,8호선,송파,6253,5812
2022-08-27,8호선,석촌,5936,7494
2022-08-27,8호선,잠실,14176,16577
2022-08-27,8호선,몽촌토성,5094,5091
2022-08-27,8호선,강동구청,6702,6548
2022-08-27,8호선,천호,12239,14659
2022-08-27,8호선,암사,13355,11806
2022-08-28,8호선,암사,9284,8790
2022-08-28,8호선,천호,9079,10122
2022-08-28,8호선,강동구청,4560,4747
2022-08-28,8호선,몽촌토성,3634,3657
2022-08-28,8호선,잠실,10746,12152
2022-08-28,8호선,석촌,4159,5470
2022-08-28,8호선,송파,4297,4312
2022-08-28,8호선,가락시장,3112,4012
2022-08-28,8호선,문정,5958,6166
2022-08-28,8호선,장지,9299,9359
2022-08-28,8호선,복정,5213,4770
2022-08-28,8호선,산성,3079,3244
2022-08-28,8호선,남한산성입구,7126,6570
2022-08-28,8호선,단대오거리,5701,5601
2022-08-28,8호선,신흥,2742,2936
2022-08-28,8호선,수진,3142,2825
2022-08-28,8호선,모란,2733,2332
2022-08-28,8호선,남위례,2978,3053
2022-08-29,8호선,남위례,5682,6037
2022-08-29,8호선,모란,5998,4774
2022-08-29,8호선,수진,5600,5164
2022-08-29,8호선,신흥,4240,4552
2022-08-29,8호선,단대오거리,11497,10957
2022-08-29,8호선,남한산성입구,14709,13689
2022-08-29,8호선,산성,5480,5556
2022-08-29,8호선,복정,9930,8381
2022-08-29,8호선,장지,17114,16183
2022-08-29,8호선,문정,22491,24120
2022-08-29,8호선,가락시장,7890,8795
2022-08-29,8호선,송파,9185,8723
2022-08-29,8호선,석촌,7672,8679
2022-08-29,8호선,잠실,13837,16330
2022-08-29,8호선,몽촌토성,6201,6278
2022-08-29,8호선,강동구청,10907,11199
2022-08-29,8호선,천호,14649,16787
2022-08-29,8호선,암사,19496,16967
2022-08-30,8호선,암사,19234,17038
2022-08-30,8호선,천호,14503,16330
2022-08-30,8호선,강동구청,10914,11173
2022-08-30,8호선,몽촌토성,6254,6314
2022-08-30,8호선,잠실,14359,16838
2022-08-30,8호선,석촌,7700,8800
2022-08-30,8호선,송파,9540,9322
2022-08-30,8호선,가락시장,7828,8486
2022-08-30,8호선,문정,22883,24253
2022-08-30,8호선,장지,17600,16620
2022-08-30,8호선,복정,9928,8391
2022-08-30,8호선,산성,5217,5285
2022-08-30,8호선,남한산성입구,14437,13550
2022-08-30,8호선,단대오거리,11032,10503
2022-08-30,8호선,신흥,4025,4336
2022-08-30,8호선,수진,5567,5149
2022-08-30,8호선,모란,4311,3487
2022-08-30,8호선,남위례,5845,5976
2022-08-31,8호선,암사,20141,17460
2022-08-31,8호선,천호,15129,17419
2022-08-31,8호선,강동구청,11075,11234
2022-08-31,8호선,몽촌토성,6392,6507
2022-08-31,8호선,잠실,14963,18302
2022-08-31,8호선,석촌,7826,9065
2022-08-31,8호선,송파,9258,9004
2022-08-31,8호선,가락시장,8562,9289
2022-08-31,8호선,문정,22829,24364
2022-08-31,8호선,장지,18292,17396
2022-08-31,8호선,복정,10274,8453
2022-08-31,8호선,산성,5572,5648
2022-08-31,8호선,남한산성입구,15033,14026
2022-08-31,8호선,단대오거리,11827,11279
2022-08-31,8호선,신흥,4424,4746
2022-08-31,8호선,수진,5709,5121
2022-08-31,8호선,모란,4720,3767
2022-08-31,8호선,남위례,6178,6382
2022-09-01,8호선,남위례,6243,6480
2022-09-01,8호선,모란,4829,3812
2022-09-01,8호선,수진,5648,5270
2022-09-01,8호선,신흥,4359,4814
2022-09-01,8호선,단대오거리,11953,11187
2022-09-01,8호선,남한산성입구,16424,15214
2022-09-01,8호선,산성,5625,5673
2022-09-01,8호선,복정,10591,8776
2022-09-01,8호선,장지,18309,17265
2022-09-01,8호선,문정,22988,24410
2022-09-01,8호선,가락시장,8614,9600
2022-09-01,8호선,송파,9431,9149
2022-09-01,8호선,석촌,7993,9409
2022-09-01,8호선,잠실,14638,17387
2022-09-01,8호선,몽촌토성,6556,6546
2022-09-01,8호선,강동구청,11328,11645
2022-09-01,8호선,천호,15340,17487
2022-09-01,8호선,암사,20656,17907
2022-09-02,8호선,남위례,6302,6624
2022-09-02,8호선,모란,5083,4266
2022-09-02,8호선,수진,5919,5531
2022-09-02,8호선,신흥,4608,4894
2022-09-02,8호선,단대오거리,12126,11337
2022-09-02,8호선,남한산성입구,16230,14342
2022-09-02,8호선,산성,5735,5701
2022-09-02,8호선,복정,10475,8636
2022-09-02,8호선,장지,18751,17443
2022-09-02,8호선,문정,22742,23987
2022-09-02,8호선,가락시장,8911,9996
2022-09-02,8호선,송파,9577,9310
2022-09-02,8호선,석촌,8317,9790
2022-09-02,8호선,잠실,15277,18454
2022-09-02,8호선,몽촌토성,6592,6883
2022-09-02,8호선,강동구청,11455,11538
2022-09-02,8호선,천호,15921,19207
2022-09-02,8호선,암사,20901,18226
2022-09-03,8호선,암사,13660,12285
2022-09-03,8호선,천호,12656,14703
2022-09-03,8호선,강동구청,6615,6476
2022-09-03,8호선,몽촌토성,4963,5240
2022-09-03,8호선,잠실,13566,16458
2022-09-03,8호선,석촌,5887,7329
2022-09-03,8호선,송파,6365,6029
2022-09-03,8호선,가락시장,6260,6571
2022-09-03,8호선,문정,9675,9576
2022-09-03,8호선,장지,13037,11813
2022-09-03,8호선,복정,6687,5533
2022-09-03,8호선,산성,4327,4376
2022-09-03,8호선,남한산성입구,9980,8711
2022-09-03,8호선,단대오거리,8173,7480
2022-09-03,8호선,신흥,3860,4145
2022-09-03,8호선,수진,4576,4012
2022-09-03,8호선,모란,3919,3486
2022-09-03,8호선,남위례,4064,4068
2022-09-04,8호선,암사,8680,8332
2022-09-04,8호선,천호,8462,9374
2022-09-04,8호선,강동구청,4402,4528
2022-09-04,8호선,몽촌토성,3172,3153
2022-09-04,8호선,잠실,10119,10983
2022-09-04,8호선,석촌,4033,4921
2022-09-04,8호선,송파,4431,4572
2022-09-04,8호선,가락시장,3438,4306
2022-09-04,8호선,문정,5721,5946
2022-09-04,8호선,장지,8907,9190
2022-09-04,8호선,복정,4655,4458
2022-09-04,8호선,산성,2618,2686
2022-09-04,8호선,남한산성입구,6478,5998
2022-09-04,8호선,단대오거리,5398,5364
2022-09-04,8호선,신흥,2683,2866
2022-09-04,8호선,수진,3069,2847
2022-09-04,8호선,모란,4368,3597
2022-09-04,8호선,남위례,2613,2691
2022-09-05,8호선,남위례,5293,5314
2022-09-05,8호선,모란,4167,3241
2022-09-05,8호선,수진,5472,5168
2022-09-05,8호선,신흥,3926,4377
2022-09-05,8호선,단대오거리,10492,10325
2022-09-05,8호선,남한산성입구,14810,13951
2022-09-05,8호선,산성,5164,5200
2022-09-05,8호선,복정,9437,8175
2022-09-05,8호선,장지,17053,16105
2022-09-05,8호선,문정,23743,24389
2022-09-05,8호선,가락시장,7761,8531
2022-09-05,8호선,송파,9543,9865
2022-09-05,8호선,석촌,7520,8460
2022-09-05,8호선,잠실,14278,15974
2022-09-05,8호선,몽촌토성,5881,6062
2022-09-05,8호선,강동구청,10721,11255
2022-09-05,8호선,천호,13844,15530
2022-09-05,8호선,암사,18928,16886
2022-09-06,8호선,남위례,5578,5738
2022-09-06,8호선,모란,4472,3594
2022-09-06,8호선,수진,5247,4830
2022-09-06,8호선,신흥,4071,4368
2022-09-06,8호선,단대오거리,11117,10583
2022-09-06,8호선,남한산성입구,15297,13982
2022-09-06,8호선,산성,5185,5277
2022-09-06,8호선,복정,9391,7855
2022-09-06,8호선,장지,16958,16124
2022-09-06,8호선,문정,21765,23326
2022-09-06,8호선,가락시장,8180,9088
2022-09-06,8호선,송파,8585,8196
2022-09-06,8호선,석촌,7465,8578
2022-09-06,8호선,잠실,12830,15080
2022-09-06,8호선,몽촌토성,5990,5953
2022-09-06,8호선,강동구청,10446,10646
2022-09-06,8호선,천호,14223,16401
2022-09-06,8호선,암사,19018,16701
2022-09-07,8호선,암사,21142,18480
2022-09-07,8호선,천호,15973,18316
2022-09-07,8호선,강동구청,11702,11807
2022-09-07,8호선,몽촌토성,6519,6590
2022-09-07,8호선,잠실,15341,18453
2022-09-07,8호선,석촌,8303,9252
2022-09-07,8호선,송파,9561,9349
2022-09-07,8호선,가락시장,8991,10103
2022-09-07,8호선,문정,23233,24751
2022-09-07,8호선,장지,18890,17255
2022-09-07,8호선,복정,10609,8819
2022-09-07,8호선,산성,5850,5819
2022-09-07,8호선,남한산성입구,16849,15135
2022-09-07,8호선,단대오거리,12435,11776
2022-09-07,8호선,신흥,4479,4941
2022-09-07,8호선,수진,5984,5453
2022-09-07,8호선,모란,5048,4060
2022-09-07,8호선,남위례,6298,6431
2022-09-08,8호선,암사,20392,17708
2022-09-08,8호선,천호,15716,18469
2022-09-08,8호선,강동구청,10931,10986
2022-09-08,8호선,몽촌토성,6242,6149
2022-09-08,8호선,잠실,15167,18464
2022-09-08,8호선,석촌,8036,9373
2022-09-08,8호선,송파,9084,8732
2022-09-08,8호선,가락시장,8753,9780
2022-09-08,8호선,문정,20825,21560
2022-09-08,8호선,장지,17522,16070
2022-09-08,8호선,복정,10145,8092
2022-09-08,8호선,산성,5573,5538
2022-09-08,8호선,남한산성입구,16360,14331
2022-09-08,8호선,단대오거리,12120,10925
2022-09-08,8호선,신흥,4592,5004
2022-09-08,8호선,수진,5806,5207
2022-09-08,8호선,모란,4972,4016
2022-09-08,8호선,남위례,5966,6219
2022-09-09,8호선,암사,8268,7273
2022-09-09,8호선,천호,6932,7511
2022-09-09,8호선,강동구청,4075,3797
2022-09-09,8호선,몽촌토성,2799,2468
2022-09-09,8호선,잠실,9243,11234
2022-09-09,8호선,석촌,3418,3824
2022-09-09,8호선,송파,3665,3391
2022-09-09,8호선,가락시장,3745,4044
2022-09-09,8호선,문정,4122,3574
2022-09-09,8호선,장지,7759,7301
2022-09-09,8호선,복정,4015,3325
2022-09-09,8호선,산성,2642,2517
2022-09-09,8호선,남한산성입구,6417,5419
2022-09-09,8호선,단대오거리,5349,4877
2022-09-09,8호선,신흥,2507,2567
2022-09-09,8호선,수진,2797,2297
2022-09-09,8호선,모란,3673,3181
2022-09-09,8호선,남위례,2184,2199
2022-09-10,8호선,남위례,1671,1688
2022-09-10,8호선,모란,1765,1695
2022-09-10,8호선,수진,1910,1666
2022-09-10,8호선,신흥,1757,1845
2022-09-10,8호선,단대오거리,3913,3821
2022-09-10,8호선,남한산성입구,4725,4418
2022-09-10,8호선,산성,2095,2057
2022-09-10,8호선,복정,2570,2089
2022-09-10,8호선,장지,4367,4020
2022-09-10,8호선,문정,2434,2473
2022-09-10,8호선,가락시장,1749,2014
2022-09-10,8호선,송파,2521,2409
2022-09-10,8호선,석촌,2408,2964
2022-09-10,8호선,잠실,7175,8303
2022-09-10,8호선,몽촌토성,2260,2206
2022-09-10,8호선,강동구청,2815,2851
2022-09-10,8호선,천호,4854,5706
2022-09-10,8호선,암사,6102,5699
2022-09-11,8호선,남위례,2417,2445
2022-09-11,8호선,모란,2339,2212
2022-09-11,8호선,수진,2528,2371
2022-09-11,8호선,신흥,2427,2610
2022-09-11,8호선,단대오거리,5197,4839
2022-09-11,8호선,남한산성입구,6263,5707
2022-09-11,8호선,산성,3015,2947
2022-09-11,8호선,복정,3858,3476
2022-09-11,8호선,장지,7765,7614
2022-09-11,8호선,문정,3491,3916
2022-09-11,8호선,가락시장,2438,2873
2022-09-11,8호선,송파,3520,3604
2022-09-11,8호선,석촌,3230,4265
2022-09-11,8호선,잠실,10366,11694
2022-09-11,8호선,몽촌토성,2748,3157
2022-09-11,8호선,강동구청,3764,3841
2022-09-11,8호선,천호,7049,8610
2022-09-11,8호선,암사,7700,7252
2022-09-12,8호선,남위례,2510,2619
2022-09-12,8호선,모란,2734,2261
2022-09-12,8호선,수진,2859,2770
2022-09-12,8호선,신흥,2929,3142
2022-09-12,8호선,단대오거리,5482,5309
2022-09-12,8호선,남한산성입구,6807,6446
2022-09-12,8호선,산성,3050,3133
2022-09-12,8호선,복정,3660,3570
2022-09-12,8호선,장지,8937,9179
2022-09-12,8호선,문정,4287,4852
2022-09-12,8호선,가락시장,2942,3797
2022-09-12,8호선,송파,3954,3895
2022-09-12,8호선,석촌,3615,4883
2022-09-12,8호선,잠실,10951,12166
2022-09-12,8호선,몽촌토성,3427,3780
2022-09-12,8호선,강동구청,4220,4326
2022-09-12,8호선,천호,7882,9414
2022-09-12,8호선,암사,8638,8052
2022-09-13,8호선,남위례,5778,6030
2022-09-13,8호선,모란,4446,3672
2022-09-13,8호선,수진,5460,5097
2022-09-13,8호선,신흥,4216,4495
2022-09-13,8호선,단대오거리,10468,10491
2022-09-13,8호선,남한산성입구,14876,13479
2022-09-13,8호선,산성,5453,5581
2022-09-13,8호선,복정,9838,8301
2022-09-13,8호선,장지,16750,16056
2022-09-13,8호선,문정,21420,22617
2022-09-13,8호선,가락시장,7269,8031
2022-09-13,8호선,송파,8692,8554
2022-09-13,8호선,석촌,7545,8702
2022-09-13,8호선,잠실,13541,15678
2022-09-13,8호선,몽촌토성,5852,6186
2022-09-13,8호선,강동구청,10558,10843
2022-09-13,8호선,천호,14165,16405
2022-09-13,8호선,암사,19169,16764
2022-09-14,8호선,남위례,6357,6471
2022-09-14,8호선,모란,6198,4879
2022-09-14,8호선,수진,5831,5417
2022-09-14,8호선,신흥,4549,4940
2022-09-14,8호선,단대오거리,12126,11681
2022-09-14,8호선,남한산성입구,16533,15171
2022-09-14,8호선,산성,5845,5976
2022-09-14,8호선,복정,10481,8720
2022-09-14,8호선,장지,18173,17302
2022-09-14,8호선,문정,23471,24709
2022-09-14,8호선,가락시장,7873,8750
2022-09-14,8호선,송파,9432,9210
2022-09-14,8호선,석촌,7946,9199
2022-09-14,8호선,잠실,14275,17081
2022-09-14,8호선,몽촌토성,6517,6599
2022-09-14,8호선,강동구청,11495,11467
2022-09-14,8호선,천호,15255,17343
2022-09-14,8호선,암사,20650,18164
2022-09-15,8호선,암사,20583,17884
2022-09-15,8호선,천호,15177,17434
2022-09-15,8호선,강동구청,11352,11673
2022-09-15,8호선,몽촌토성,6571,6672
2022-09-15,8호선,잠실,14326,17251
2022-09-15,8호선,석촌,8119,9184
2022-09-15,8호선,송파,9430,9127
2022-09-15,8호선,가락시장,8050,8889
2022-09-15,8호선,문정,23415,24906
2022-09-15,8호선,장지,18300,17221
2022-09-15,8호선,복정,10551,8782
2022-09-15,8호선,산성,5802,5915
2022-09-15,8호선,남한산성입구,16370,15014
2022-09-15,8호선,단대오거리,11951,11428
2022-09-15,8호선,신흥,4414,4857
2022-09-15,8호선,수진,5586,5243
2022-09-15,8호선,모란,4664,3815
2022-09-15,8호선,남위례,6327,6457
2022-09-16,8호선,남위례,6544,6678
2022-09-16,8호선,모란,4869,4113
2022-09-16,8호선,수진,5998,5485
2022-09-16,8호선,신흥,4626,4944
2022-09-16,8호선,단대오거리,12078,11455
2022-09-16,8호선,남한산성입구,16238,14400
2022-09-16,8호선,산성,5897,5849
2022-09-16,8호선,복정,10858,8893
2022-09-16,8호선,장지,18940,17432
2022-09-16,8호선,문정,24031,24781
2022-09-16,8호선,가락시장,8403,9401
2022-09-16,8호선,송파,9709,9848
2022-09-16,8호선,석촌,8436,9806
2022-09-16,8호선,잠실,16417,18713
2022-09-16,8호선,몽촌토성,6945,7270
2022-09-16,8호선,강동구청,11487,11782
2022-09-16,8호선,천호,16067,18670
2022-09-16,8호선,암사,20670,18154
2022-09-17,8호선,강동구청,6685,6591
2022-09-17,8호선,천호,12610,15082
2022-09-17,8호선,암사,13341,12017
2022-09-17,8호선,남위례,4425,4486
2022-09-17,8호선,모란,3869,3561
2022-09-17,8호선,수진,4516,4082
2022-09-17,8호선,신흥,3695,3917
2022-09-17,8호선,단대오거리,8060,7415
2022-09-17,8호선,남한산성입구,10025,8582
2022-09-17,8호선,산성,4477,4481
2022-09-17,8호선,복정,6861,5588
2022-09-17,8호선,장지,13051,12037
2022-09-17,8호선,문정,9645,9670
2022-09-17,8호선,가락시장,5590,5982
2022-09-17,8호선,송파,6531,6125
2022-09-17,8호선,석촌,6108,7594
2022-09-17,8호선,잠실,13738,16932
2022-09-17,8호선,몽촌토성,11470,11235
2022-09-18,8호선,암사,9643,8915
2022-09-18,8호선,천호,9184,10283
2022-09-18,8호선,강동구청,4772,4715
2022-09-18,8호선,몽촌토성,3958,3938
2022-09-18,8호선,잠실,10876,12347
2022-09-18,8호선,석촌,4154,5312
2022-09-18,8호선,송파,4285,4324
2022-09-18,8호선,가락시장,3450,4156
2022-09-18,8호선,문정,6436,6717
2022-09-18,8호선,장지,9605,9669
2022-09-18,8호선,복정,5660,5062
2022-09-18,8호선,산성,3318,3439
2022-09-18,8호선,남한산성입구,7221,6615
2022-09-18,8호선,단대오거리,5605,5675
2022-09-18,8호선,신흥,2816,3002
2022-09-18,8호선,수진,3178,2880
2022-09-18,8호선,모란,2736,2341
2022-09-18,8호선,남위례,2983,3110
2022-09-19,8호선,암사,20356,17766
2022-09-19,8호선,천호,15083,16942
2022-09-19,8호선,강동구청,11544,11789
2022-09-19,8호선,몽촌토성,6704,6675
2022-09-19,8호선,잠실,14322,16803
2022-09-19,8호선,석촌,7915,8984
2022-09-19,8호선,송파,9189,9092
2022-09-19,8호선,가락시장,7779,8625
2022-09-19,8호선,문정,23578,24871
2022-09-19,8호선,장지,17649,16623
2022-09-19,8호선,복정,10296,8654
2022-09-19,8호선,산성,5671,5784
2022-09-19,8호선,남한산성입구,16316,15049
2022-09-19,8호선,단대오거리,11836,11225
2022-09-19,8호선,신흥,4350,4867
2022-09-19,8호선,수진,5747,5269
2022-09-19,8호선,모란,6179,4973
2022-09-19,8호선,남위례,6220,6464
2022-09-20,8호선,암사,20862,18159
2022-09-20,8호선,천호,15248,17854
2022-09-20,8호선,강동구청,11433,11733
2022-09-20,8호선,몽촌토성,6657,6750
2022-09-20,8호선,잠실,14748,17352
2022-09-20,8호선,석촌,8174,9242
2022-09-20,8호선,송파,9476,9204
2022-09-20,8호선,가락시장,8092,8950
2022-09-20,8호선,문정,23509,25000
2022-09-20,8호선,장지,18325,17104
2022-09-20,8호선,복정,10689,8852
2022-09-20,8호선,산성,5890,6025
2022-09-20,8호선,남한산성입구,16828,15484
2022-09-20,8호선,단대오거리,11922,11298
2022-09-20,8호선,신흥,4329,4737
2022-09-20,8호선,수진,5727,5215
2022-09-20,8호선,모란,4741,3752
2022-09-20,8호선,남위례,6500,6693
2022-09-21,8호선,남위례,6646,6750
2022-09-21,8호선,모란,4920,3937
2022-09-21,8호선,수진,5841,5336
2022-09-21,8호선,신흥,4436,4922
2022-09-21,8호선,단대오거리,12187,11768
2022-09-21,8호선,남한산성입구,16955,15701
2022-09-21,8호선,산성,5962,6017
2022-09-21,8호선,복정,10944,8921
2022-09-21,8호선,장지,19168,17726
2022-09-21,8호선,문정,23740,25249
2022-09-21,8호선,가락시장,8189,9119
2022-09-21,8호선,송파,9466,9303
2022-09-21,8호선,석촌,8192,9467
2022-09-21,8호선,잠실,15019,17801
2022-09-21,8호선,몽촌토성,6794,6880
2022-09-21,8호선,강동구청,11369,11469
2022-09-21,8호선,천호,15541,17628
2022-09-21,8호선,암사,20725,18067
2022-09-22,8호선,암사,20837,18096
2022-09-22,8호선,천호,15467,17781
2022-09-22,8호선,강동구청,11478,11770
2022-09-22,8호선,몽촌토성,6703,6819
2022-09-22,8호선,잠실,14859,17571
2022-09-22,8호선,석촌,8249,9391
2022-09-22,8호선,송파,9742,9386
2022-09-22,8호선,가락시장,8396,9053
2022-09-22,8호선,문정,23407,24892
2022-09-22,8호선,장지,18964,17798
2022-09-22,8호선,복정,10647,8899
2022-09-22,8호선,산성,5985,5997
2022-09-22,8호선,남한산성입구,16699,15205
2022-09-22,8호선,단대오거리,11933,11394
2022-09-22,8호선,신흥,4508,4869
2022-09-22,8호선,수진,5671,5149
2022-09-22,8호선,모란,4907,3846
2022-09-22,8호선,남위례,6541,6615
2022-09-23,8호선,암사,20656,17937
2022-09-23,8호선,천호,16171,19282
2022-09-23,8호선,강동구청,11660,11716
2022-09-23,8호선,몽촌토성,7027,7280
2022-09-23,8호선,잠실,15936,19633
2022-09-23,8호선,석촌,8350,9980
2022-09-23,8호선,송파,9664,9318
2022-09-23,8호선,가락시장,8582,9705
2022-09-23,8호선,문정,23588,24430
2022-09-23,8호선,장지,19081,17731
2022-09-23,8호선,복정,10793,8883
2022-09-23,8호선,산성,5809,5860
2022-09-23,8호선,남한산성입구,17071,15037
2022-09-23,8호선,단대오거리,12304,11509
2022-09-23,8호선,신흥,4642,4953
2022-09-23,8호선,수진,6148,5318
2022-09-23,8호선,모란,5157,4275
2022-09-23,8호선,남위례,6701,6945
2022-09-24,8호선,암사,13909,12508
2022-09-24,8호선,천호,13195,15296
2022-09-24,8호선,강동구청,6957,6902
2022-09-24,8호선,몽촌토성,5750,6061
2022-09-24,8호선,잠실,14416,17515
2022-09-24,8호선,석촌,6317,8185
2022-09-24,8호선,송파,6678,6319
2022-09-24,8호선,가락시장,6062,6467
2022-09-24,8호선,문정,10302,10421
2022-09-24,8호선,장지,13948,12623
2022-09-24,8호선,복정,7416,6037
2022-09-24,8호선,산성,4899,4809
2022-09-24,8호선,남한산성입구,10977,9356
2022-09-24,8호선,단대오거리,8865,8088
2022-09-24,8호선,신흥,3954,4146
2022-09-24,8호선,수진,4803,4203
2022-09-24,8호선,모란,6379,5619
2022-09-24,8호선,남위례,4993,5065
2022-09-25,8호선,신흥,2896,2976
2022-09-25,8호선,암사,10566,10042
2022-09-25,8호선,천호,9364,10404
2022-09-25,8호선,강동구청,4915,4994
2022-09-25,8호선,몽촌토성,4386,4364
2022-09-25,8호선,잠실,11060,12497
2022-09-25,8호선,석촌,4350,5645
2022-09-25,8호선,송파,4446,4523
2022-09-25,8호선,가락시장,3454,4242
2022-09-25,8호선,문정,6477,6659
2022-09-25,8호선,장지,10162,9985
2022-09-25,8호선,복정,5445,5010
2022-09-25,8호선,산성,3463,3594
2022-09-25,8호선,남한산성입구,7459,6930
2022-09-25,8호선,단대오거리,5962,6025
2022-09-25,8호선,수진,3316,2954
2022-09-25,8호선,모란,2781,2472
2022-09-25,8호선,남위례,3188,3287
2022-09-26,8호선,산성,5642,5750
2022-09-26,8호선,암사,20285,17799
2022-09-26,8호선,천호,14999,17095
2022-09-26,8호선,강동구청,11399,11720
2022-09-26,8호선,몽촌토성,6555,6522
2022-09-26,8호선,잠실,14217,16900
2022-09-26,8호선,석촌,7786,9000
2022-09-26,8호선,송파,9243,9056
2022-09-26,8호선,가락시장,7953,8807
2022-09-26,8호선,문정,23297,24687
2022-09-26,8호선,장지,17910,17016
2022-09-26,8호선,복정,10177,8678
2022-09-26,8호선,남한산성입구,16222,15082
2022-09-26,8호선,단대오거리,11860,11236
2022-09-26,8호선,신흥,4326,4683
2022-09-26,8호선,수진,5560,5191
2022-09-26,8호선,모란,4660,3664
2022-09-26,8호선,남위례,6421,6484
2022-09-27,8호선,남위례,6590,6792
2022-09-27,8호선,모란,4860,2894
2022-09-27,8호선,수진,5691,5326
2022-09-27,8호선,신흥,4367,4679
2022-09-27,8호선,단대오거리,11963,11564
2022-09-27,8호선,남한산성입구,16963,15610
2022-09-27,8호선,산성,5823,5940
2022-09-27,8호선,복정,11082,9270
2022-09-27,8호선,장지,18817,17474
2022-09-27,8호선,문정,23428,24848
2022-09-27,8호선,가락시장,8193,9068
2022-09-27,8호선,송파,9506,9230
2022-09-27,8호선,석촌,8004,9269
2022-09-27,8호선,잠실,14595,17365
2022-09-27,8호선,몽촌토성,6831,7136
2022-09-27,8호선,강동구청,11631,11932
2022-09-27,8호선,천호,15567,17656
2022-09-27,8호선,암사,20965,18201
2022-09-28,8호선,암사,21032,18208
2022-09-28,8호선,천호,16046,17855
2022-09-28,8호선,강동구청,11583,11562
2022-09-28,8호선,몽촌토성,7347,7334
2022-09-28,8호선,잠실,14972,17803
2022-09-28,8호선,송파,9424,9321
2022-09-28,8호선,가락시장,8239,9129
2022-09-28,8호선,문정,23465,24912
2022-09-28,8호선,장지,19248,18111
2022-09-28,8호선,복정,10876,9029
2022-09-28,8호선,산성,5887,5981
2022-09-28,8호선,남한산성입구,16641,15385
2022-09-28,8호선,단대오거리,12089,11605
2022-09-28,8호선,신흥,4406,4758
2022-09-28,8호선,수진,5706,5251
2022-09-28,8호선,모란,4722,3744
2022-09-28,8호선,남위례,6550,6742
2022-09-28,8호선,석촌,7981,9179
2022-09-29,8호선,남위례,6693,6858
2022-09-29,8호선,모란,6753,5484
2022-09-29,8호선,수진,6123,5671
2022-09-29,8호선,신흥,4870,5327
2022-09-29,8호선,단대오거리,12308,11744
2022-09-29,8호선,남한산성입구,17017,15641
2022-09-29,8호선,산성,5999,6059
2022-09-29,8호선,복정,10835,8998
2022-09-29,8호선,장지,18783,17521
2022-09-29,8호선,문정,23544,25154
2022-09-29,8호선,가락시장,8309,9107
2022-09-29,8호선,송파,9632,9364
2022-09-29,8호선,석촌,8012,9463
2022-09-29,8호선,잠실,15335,18109
2022-09-29,8호선,몽촌토성,7012,7234
2022-09-29,8호선,강동구청,11528,11859
2022-09-29,8호선,천호,15546,17676
2022-09-29,8호선,암사,20886,18223
2022-09-30,8호선,암사,21084,18289
2022-09-30,8호선,천호,16371,19000
2022-09-30,8호선,강동구청,11810,11709
2022-09-30,8호선,몽촌토성,8747,9151
2022-09-30,8호선,잠실,16225,19709
2022-09-30,8호선,석촌,8480,9891
2022-09-30,8호선,송파,9859,9468
2022-09-30,8호선,가락시장,8557,9735
2022-09-30,8호선,문정,23216,24337
2022-09-30,8호선,장지,19234,17966
2022-09-30,8호선,복정,10922,8867
2022-09-30,8호선,산성,6032,5987
2022-09-30,8호선,남한산성입구,16543,14564
2022-09-30,8호선,단대오거리,12440,11529
2022-09-30,8호선,신흥,4659,4996
2022-09-30,8호선,수진,5937,5282
2022-09-30,8호선,모란,4989,4208
2022-09-30,8호선,남위례,6485,6676
2022-10-01,8호선,남위례,4499,4459
2022-10-01,8호선,모란,3917,3576
2022-10-01,8호선,수진,4496,4030
2022-10-01,8호선,신흥,3827,3930
2022-10-01,8호선,단대오거리,8373,7597
2022-10-01,8호선,남한산성입구,10148,8784
2022-10-01,8호선,산성,4608,4433
2022-10-01,8호선,복정,6790,5631
2022-10-01,8호선,장지,13435,12380
2022-10-01,8호선,문정,9618,9547
2022-10-01,8호선,가락시장,6217,6431
2022-10-01,8호선,송파,6606,6348
2022-10-01,8호선,석촌,6191,7889
2022-10-01,8호선,잠실,15030,17708
2022-10-01,8호선,몽촌토성,9586,9988
2022-10-01,8호선,강동구청,6693,6582
2022-10-01,8호선,천호,12724,14589
2022-10-01,8호선,암사,13548,12217
2022-10-02,8호선,암사,9792,9230
2022-10-02,8호선,천호,9534,10888
2022-10-02,8호선,강동구청,5041,5226
2022-10-02,8호선,몽촌토성,7679,7555
2022-10-02,8호선,잠실,14308,15379
2022-10-02,8호선,석촌,4709,6104
2022-10-02,8호선,송파,4759,5153
2022-10-02,8호선,가락시장,3802,4887
2022-10-02,8호선,문정,6527,6608
2022-10-02,8호선,장지,10157,9786
2022-10-02,8호선,복정,5535,4849
2022-10-02,8호선,산성,3351,3344
2022-10-02,8호선,남한산성입구,7341,6309
2022-10-02,8호선,단대오거리,6114,5807
2022-10-02,8호선,신흥,2892,3074
2022-10-02,8호선,수진,3219,2889
2022-10-02,8호선,모란,2833,2555
2022-10-02,8호선,남위례,3035,3092
2022-10-03,8호선,암사,8474,7971
2022-10-03,8호선,천호,7969,8617
2022-10-03,8호선,강동구청,4360,4655
2022-10-03,8호선,몽촌토성,3010,3043
2022-10-03,8호선,잠실,10903,11837
2022-10-03,8호선,석촌,3958,4730
2022-10-03,8호선,송파,4466,4423
2022-10-03,8호선,가락시장,3810,4296
2022-10-03,8호선,문정,5616,5800
2022-10-03,8호선,장지,8857,9078
2022-10-03,8호선,복정,3754,3493
2022-10-03,8호선,산성,2608,2634
2022-10-03,8호선,남한산성입구,6132,5890
2022-10-03,8호선,단대오거리,5258,5276
2022-10-03,8호선,신흥,2678,2793
2022-10-03,8호선,수진,2836,2576
2022-10-03,8호선,모란,2459,2092
2022-10-03,8호선,남위례,2313,2391
2022-10-04,8호선,남위례,6422,6539
2022-10-04,8호선,모란,5977,4840
2022-10-04,8호선,수진,5647,5195
2022-10-04,8호선,신흥,4471,4879
2022-10-04,8호선,단대오거리,11928,11387
2022-10-04,8호선,남한산성입구,16760,15477
2022-10-04,8호선,산성,5924,5999
2022-10-04,8호선,복정,10710,8974
2022-10-04,8호선,장지,18224,17012
2022-10-04,8호선,문정,23514,24829
2022-10-04,8호선,가락시장,7941,8812
2022-10-04,8호선,송파,9629,9396
2022-10-04,8호선,석촌,8135,9373
2022-10-04,8호선,잠실,14397,17095
2022-10-04,8호선,몽촌토성,6650,6880
2022-10-04,8호선,강동구청,11449,11781
2022-10-04,8호선,천호,15236,17323
2022-10-04,8호선,암사,20661,18106
2022-10-05,8호선,암사,20985,18300
2022-10-05,8호선,천호,15510,17832
2022-10-05,8호선,강동구청,11643,11890
2022-10-05,8호선,몽촌토성,6947,7076
2022-10-05,8호선,잠실,15556,18397
2022-10-05,8호선,석촌,8252,9586
2022-10-05,8호선,송파,9506,9474
2022-10-05,8호선,가락시장,8198,9186
2022-10-05,8호선,문정,23415,25044
2022-10-05,8호선,장지,19169,17852
2022-10-05,8호선,복정,10747,8767
2022-10-05,8호선,산성,5928,5952
2022-10-05,8호선,남한산성입구,16482,15273
2022-10-05,8호선,단대오거리,12167,11672
2022-10-05,8호선,신흥,4573,4979
2022-10-05,8호선,수진,5850,5384
2022-10-05,8호선,모란,4812,3749
2022-10-05,8호선,남위례,6738,6813
2022-10-06,8호선,수진,5838,5307
2022-10-06,8호선,모란,4741,3820
2022-10-06,8호선,남위례,6786,6899
2022-10-06,8호선,석촌,8242,9650
2022-10-06,8호선,암사,20838,18263
2022-10-06,8호선,천호,15587,17866
2022-10-06,8호선,강동구청,11603,11771
2022-10-06,8호선,몽촌토성,6930,7100
2022-10-06,8호선,잠실,15757,18940
2022-10-06,8호선,송파,9562,9470
2022-10-06,8호선,가락시장,8499,9514
2022-10-06,8호선,문정,23623,25022
2022-10-06,8호선,장지,18742,17733
2022-10-06,8호선,복정,10825,8942
2022-10-06,8호선,산성,5899,6074
2022-10-06,8호선,남한산성입구,16812,15244
2022-10-06,8호선,단대오거리,12174,11506
2022-10-06,8호선,신흥,4680,5046
2022-10-07,8호선,복정,10949,9067
2022-10-07,8호선,장지,19332,18072
2022-10-07,8호선,문정,23826,24599
2022-10-07,8호선,가락시장,8828,9982
2022-10-07,8호선,남위례,6792,7054
2022-10-07,8호선,모란,5141,4384
2022-10-07,8호선,수진,6075,5502
2022-10-07,8호선,신흥,5024,5271
2022-10-07,8호선,단대오거리,12915,12074
2022-10-07,8호선,남한산성입구,17074,14992
2022-10-07,8호선,산성,6095,6109
2022-10-07,8호선,송파,9780,9427
2022-10-07,8호선,석촌,8604,10301
2022-10-07,8호선,잠실,17818,21557
2022-10-07,8호선,몽촌토성,7455,7895
2022-10-07,8호선,강동구청,11943,12015
2022-10-07,8호선,천호,16709,19770
2022-10-07,8호선,암사,22696,20440
2022-10-08,8호선,남위례,4851,4970
2022-10-08,8호선,모란,4119,3654
2022-10-08,8호선,수진,4620,4096
2022-10-08,8호선,신흥,4147,4185
2022-10-08,8호선,단대오거리,8772,7913
2022-10-08,8호선,남한산성입구,10835,9218
2022-10-08,8호선,산성,5087,4922
2022-10-08,8호선,복정,7128,5791
2022-10-08,8호선,장지,13998,12578
2022-10-08,8호선,문정,10063,9818
2022-10-08,8호선,가락시장,6127,6397
2022-10-08,8호선,송파,6647,6341
2022-10-08,8호선,석촌,6392,8645
2022-10-08,8호선,잠실,16709,19139
2022-10-08,8호선,몽촌토성,5726,5853
2022-10-08,8호선,강동구청,7072,6953
2022-10-08,8호선,천호,13246,15556
2022-10-08,8호선,암사,16065,15115
2022-10-09,8호선,암사,10169,9665
2022-10-09,8호선,천호,9363,10657
2022-10-09,8호선,강동구청,4748,4866
2022-10-09,8호선,몽촌토성,3643,3799
2022-10-09,8호선,잠실,13632,15068
2022-10-09,8호선,석촌,4456,5483
2022-10-09,8호선,송파,4765,4734
2022-10-09,8호선,가락시장,3557,4569
2022-10-09,8호선,문정,6445,6630
2022-10-09,8호선,장지,9518,9278
2022-10-09,8호선,복정,5030,4569
2022-10-09,8호선,산성,3023,3001
2022-10-09,8호선,남한산성입구,6957,6188
2022-10-09,8호선,단대오거리,5778,5493
2022-10-09,8호선,신흥,2788,3094
2022-10-09,8호선,수진,3356,3054
2022-10-09,8호선,모란,3950,3550
2022-10-09,8호선,남위례,2882,2961
2022-10-10,8호선,암사,9761,9313
2022-10-10,8호선,천호,9144,10424
2022-10-10,8호선,강동구청,4896,5205
2022-10-10,8호선,몽촌토성,3896,4002
2022-10-10,8호선,잠실,13181,14244
2022-10-10,8호선,석촌,4623,5670
2022-10-10,8호선,송파,4888,5024
2022-10-10,8호선,가락시장,4683,5228
2022-10-10,8호선,문정,5676,5879
2022-10-10,8호선,장지,10147,10114
2022-10-10,8호선,복정,4246,3924
2022-10-10,8호선,산성,3033,3115
2022-10-10,8호선,남한산성입구,7224,6696
2022-10-10,8호선,단대오거리,6054,6090
2022-10-10,8호선,신흥,3083,3330
2022-10-10,8호선,수진,3434,3204
2022-10-10,8호선,모란,2950,2449
2022-10-10,8호선,남위례,2785,2912
2022-10-11,8호선,암사,20698,18157
2022-10-11,8호선,천호,15491,17768
2022-10-11,8호선,강동구청,11547,11774
2022-10-11,8호선,몽촌토성,6882,6885
2022-10-11,8호선,잠실,15286,17975
2022-10-11,8호선,석촌,8361,9570
2022-10-11,8호선,송파,9564,9367
2022-10-11,8호선,가락시장,8211,9199
2022-10-11,8호선,문정,23529,24909
2022-10-11,8호선,장지,18513,17599
2022-10-11,8호선,복정,10787,8965
2022-10-11,8호선,산성,5999,6035
2022-10-11,8호선,남한산성입구,16684,15451
2022-10-11,8호선,단대오거리,12089,11578
2022-10-11,8호선,신흥,4647,5040
2022-10-11,8호선,수진,5718,5223
2022-10-11,8호선,모란,4856,3884
2022-10-11,8호선,남위례,6543,6781
2022-10-12,8호선,암사,21063,18492
2022-10-12,8호선,천호,15607,17971
2022-10-12,8호선,강동구청,11733,11953
2022-10-12,8호선,몽촌토성,7332,7502
2022-10-12,8호선,잠실,15270,18294
2022-10-12,8호선,석촌,8384,9570
2022-10-12,8호선,송파,9613,9361
2022-10-12,8호선,가락시장,8565,9289
2022-10-12,8호선,문정,23444,25030
2022-10-12,8호선,장지,19339,18320
2022-10-12,8호선,복정,10870,9017
2022-10-12,8호선,산성,6004,6059
2022-10-12,8호선,남한산성입구,16785,15298
2022-10-12,8호선,단대오거리,12346,12002
2022-10-12,8호선,신흥,4761,5185
2022-10-12,8호선,수진,5741,5227
2022-10-12,8호선,모란,4762,3847
2022-10-12,8호선,남위례,6762,6903
2022-10-13,8호선,석촌,8258,9535
2022-10-13,8호선,암사,21045,18244
2022-10-13,8호선,천호,15706,18003
2022-10-13,8호선,강동구청,11736,12085
2022-10-13,8호선,몽촌토성,7330,7340
2022-10-13,8호선,잠실,15477,18716
2022-10-13,8호선,송파,9693,9374
2022-10-13,8호선,가락시장,8726,9495
2022-10-13,8호선,문정,23561,25132
2022-10-13,8호선,장지,19130,18031
2022-10-13,8호선,복정,10877,8949
2022-10-13,8호선,산성,5995,5928
2022-10-13,8호선,남한산성입구,16686,15280
2022-10-13,8호선,단대오거리,12066,11542
2022-10-13,8호선,신흥,4722,5077
2022-10-13,8호선,수진,5751,5354
2022-10-13,8호선,모란,4853,3817
2022-10-13,8호선,남위례,6757,6960
2022-10-14,8호선,남위례,6821,7088
2022-10-14,8호선,모란,6894,5700
2022-10-14,8호선,수진,6005,5547
2022-10-14,8호선,신흥,5034,5289
2022-10-14,8호선,단대오거리,12695,12114
2022-10-14,8호선,남한산성입구,16534,14696
2022-10-14,8호선,산성,6112,5978
2022-10-14,8호선,복정,11121,9167
2022-10-14,8호선,장지,19368,18099
2022-10-14,8호선,문정,23445,24746
2022-10-14,8호선,가락시장,8797,9915
2022-10-14,8호선,송파,9996,9613
2022-10-14,8호선,석촌,8679,10080
2022-10-14,8호선,잠실,16930,21050
2022-10-14,8호선,몽촌토성,9371,9493
2022-10-14,8호선,강동구청,11839,11925
2022-10-14,8호선,천호,16580,19518
2022-10-14,8호선,암사,21058,18042
2022-10-15,8호선,암사,14064,12704
2022-10-15,8호선,천호,12942,15478
2022-10-15,8호선,강동구청,7058,6882
2022-10-15,8호선,몽촌토성,6441,6731
2022-10-15,8호선,잠실,15615,18671
2022-10-15,8호선,석촌,6420,8316
2022-10-15,8호선,송파,6543,6207
2022-10-15,8호선,가락시장,6259,6509
2022-10-15,8호선,문정,9844,9806
2022-10-15,8호선,장지,13861,12653
2022-10-15,8호선,복정,7231,5902
2022-10-15,8호선,산성,4997,4855
2022-10-15,8호선,남한산성입구,10692,9273
2022-10-15,8호선,단대오거리,9156,8469
2022-10-15,8호선,신흥,3915,4177
2022-10-15,8호선,수진,4675,4191
2022-10-15,8호선,모란,4085,3780
2022-10-15,8호선,남위례,4962,5017
2022-10-16,8호선,남위례,3344,3477
2022-10-16,8호선,모란,2850,2442
2022-10-16,8호선,수진,3270,2930
2022-10-16,8호선,신흥,2967,3150
2022-10-16,8호선,단대오거리,6525,6391
2022-10-16,8호선,남한산성입구,7309,6662
2022-10-16,8호선,산성,3359,3476
2022-10-16,8호선,복정,5601,5207
2022-10-16,8호선,장지,9639,9635
2022-10-16,8호선,문정,6703,7046
2022-10-16,8호선,가락시장,3668,4466
2022-10-16,8호선,송파,4559,4550
2022-10-16,8호선,석촌,4468,5779
2022-10-16,8호선,잠실,11834,13462
2022-10-16,8호선,몽촌토성,5351,5992
2022-10-16,8호선,강동구청,4908,4894
2022-10-16,8호선,천호,9348,10678
2022-10-16,8호선,암사,9675,9118
2022-10-17,8호선,암사,20968,17853
2022-10-17,8호선,천호,15417,16689
2022-10-17,8호선,강동구청,11576,11709
2022-10-17,8호선,몽촌토성,7007,6977
2022-10-17,8호선,잠실,14679,17023
2022-10-17,8호선,석촌,8070,9221
2022-10-17,8호선,송파,9361,9241
2022-10-17,8호선,가락시장,8111,8859
2022-10-17,8호선,문정,23307,24662
2022-10-17,8호선,장지,18004,17216
2022-10-17,8호선,복정,10207,8448
2022-10-17,8호선,산성,5711,5723
2022-10-17,8호선,남한산성입구,16179,15009
2022-10-17,8호선,단대오거리,11630,11320
2022-10-17,8호선,신흥,4691,5033
2022-10-17,8호선,수진,5638,5233
2022-10-17,8호선,모란,4643,3609
2022-10-17,8호선,남위례,6536,6637
2022-10-18,8호선,암사,21096,18338
2022-10-18,8호선,천호,15747,17934
2022-10-18,8호선,강동구청,11648,11949
2022-10-18,8호선,몽촌토성,6935,6972
2022-10-18,8호선,잠실,15834,18732
2022-10-18,8호선,석촌,8297,9616
2022-10-18,8호선,송파,9723,9506
2022-10-18,8호선,가락시장,8503,9344
2022-10-18,8호선,문정,23391,24862
2022-10-18,8호선,장지,18657,17333
2022-10-18,8호선,복정,10627,9064
2022-10-18,8호선,산성,5950,6025
2022-10-18,8호선,남한산성입구,16875,15764
2022-10-18,8호선,단대오거리,12168,11531
2022-10-18,8호선,신흥,4712,5051
2022-10-18,8호선,수진,5660,5226
2022-10-18,8호선,모란,4692,3741
2022-10-18,8호선,남위례,6915,7063
2022-10-19,8호선,암사,21138,18381
2022-10-19,8호선,천호,15763,17978
2022-10-19,8호선,강동구청,11604,11961
2022-10-19,8호선,몽촌토성,6945,7095
2022-10-19,8호선,잠실,15746,19320
2022-10-19,8호선,석촌,8407,9588
2022-10-19,8호선,송파,9646,9449
2022-10-19,8호선,가락시장,8530,9423
2022-10-19,8호선,문정,23950,25187
2022-10-19,8호선,장지,19069,17980
2022-10-19,8호선,복정,11048,8937
2022-10-19,8호선,산성,6118,6089
2022-10-19,8호선,남한산성입구,16687,15611
2022-10-19,8호선,단대오거리,12766,12031
2022-10-19,8호선,신흥,4995,5286
2022-10-19,8호선,수진,5939,5495
2022-10-19,8호선,모란,6808,5457
2022-10-19,8호선,남위례,6798,7003
2022-10-20,8호선,단대오거리,12251,11523
2022-10-20,8호선,신흥,4815,5249
2022-10-20,8호선,암사,21136,18361
2022-10-20,8호선,천호,15855,18019
2022-10-20,8호선,강동구청,11621,11954
2022-10-20,8호선,몽촌토성,7077,7158
2022-10-20,8호선,잠실,15441,18380
2022-10-20,8호선,석촌,8472,9646
2022-10-20,8호선,송파,9673,9395
2022-10-20,8호선,가락시장,8505,9442
2022-10-20,8호선,문정,23650,25038
2022-10-20,8호선,장지,18546,17474
2022-10-20,8호선,복정,10772,8908
2022-10-20,8호선,산성,5966,5972
2022-10-20,8호선,남한산성입구,16361,15427
2022-10-20,8호선,수진,5759,5326
2022-10-20,8호선,모란,4971,3886
2022-10-20,8호선,남위례,6752,6847
2022-10-21,8호선,남위례,7055,7266
2022-10-21,8호선,모란,5132,4335
2022-10-21,8호선,수진,5863,5462
2022-10-21,8호선,신흥,5060,5381
2022-10-21,8호선,단대오거리,12683,11547
2022-10-21,8호선,남한산성입구,16092,14641
2022-10-21,8호선,산성,6053,5983
2022-10-21,8호선,복정,10854,9024
2022-10-21,8호선,장지,19225,17810
2022-10-21,8호선,문정,23192,24179
2022-10-21,8호선,가락시장,8665,9792
2022-10-21,8호선,송파,9643,9390
2022-10-21,8호선,석촌,8636,10204
2022-10-21,8호선,잠실,16612,20472
2022-10-21,8호선,몽촌토성,7625,7736
2022-10-21,8호선,강동구청,11620,11985
2022-10-21,8호선,천호,16310,19270
2022-10-21,8호선,암사,21168,18233
2022-10-22,8호선,남위례,4773,4951
2022-10-22,8호선,모란,4079,3830
2022-10-22,8호선,수진,4631,4064
2022-10-22,8호선,신흥,4192,4378
2022-10-22,8호선,단대오거리,8524,7715
2022-10-22,8호선,남한산성입구,10338,9121
2022-10-22,8호선,산성,4908,4932
2022-10-22,8호선,복정,7162,5849
2022-10-22,8호선,장지,13469,12208
2022-10-22,8호선,문정,9659,9776
2022-10-22,8호선,가락시장,6190,6336
2022-10-22,8호선,송파,6563,6169
2022-10-22,8호선,석촌,6368,8339
2022-10-22,8호선,잠실,15017,18220
2022-10-22,8호선,몽촌토성,5977,6364
2022-10-22,8호선,강동구청,6891,6659
2022-10-22,8호선,천호,12921,15177
2022-10-22,8호선,암사,13990,12641
2022-10-23,8호선,암사,9859,9348
2022-10-23,8호선,천호,9409,10424
2022-10-23,8호선,강동구청,4764,4879
2022-10-23,8호선,몽촌토성,4832,4838
2022-10-23,8호선,잠실,11612,13397
2022-10-23,8호선,석촌,4601,5843
2022-10-23,8호선,송파,4538,4653
2022-10-23,8호선,가락시장,3597,4465
2022-10-23,8호선,문정,6592,6697
2022-10-23,8호선,장지,9645,9694
2022-10-23,8호선,복정,5483,5111
2022-10-23,8호선,산성,3585,3813
2022-10-23,8호선,남한산성입구,7490,6840
2022-10-23,8호선,단대오거리,5981,5833
2022-10-23,8호선,신흥,3056,3105
2022-10-23,8호선,수진,3225,2955
2022-10-23,8호선,모란,2765,2334
2022-10-23,8호선,남위례,3365,3559
2022-10-24,8호선,남위례,6515,6687
2022-10-24,8호선,모란,6433,5199
2022-10-24,8호선,수진,5721,5294
2022-10-24,8호선,신흥,4885,5194
2022-10-24,8호선,단대오거리,11751,11390
2022-10-24,8호선,남한산성입구,16241,14969
2022-10-24,8호선,산성,5896,6029
2022-10-24,8호선,복정,10264,8613
2022-10-24,8호선,장지,17947,17096
2022-10-24,8호선,문정,23001,24282
2022-10-24,8호선,가락시장,8121,8919
2022-10-24,8호선,송파,9389,9292
2022-10-24,8호선,석촌,8100,9138
2022-10-24,8호선,잠실,15044,17672
2022-10-24,8호선,몽촌토성,6854,6844
2022-10-24,8호선,강동구청,11304,11632
2022-10-24,8호선,천호,15095,17395
2022-10-24,8호선,암사,20563,18138
2022-10-25,8호선,남위례,6818,7004
2022-10-25,8호선,모란,4712,3874
2022-10-25,8호선,수진,5609,5262
2022-10-25,8호선,신흥,4935,5231
2022-10-25,8호선,단대오거리,11797,11467
2022-10-25,8호선,남한산성입구,16813,15457
2022-10-25,8호선,산성,6056,6079
2022-10-25,8호선,복정,10788,8850
2022-10-25,8호선,장지,18644,17508
2022-10-25,8호선,문정,23474,24725
2022-10-25,8호선,가락시장,8379,9329
2022-10-25,8호선,송파,9507,9352
2022-10-25,8호선,석촌,8251,9518
2022-10-25,8호선,잠실,15324,17867
2022-10-25,8호선,몽촌토성,6960,7257
2022-10-25,8호선,강동구청,11739,12017
2022-10-25,8호선,천호,15925,18058
2022-10-25,8호선,암사,21180,18252
2022-10-26,8호선,남위례,6808,7023
2022-10-26,8호선,모란,4724,3884
2022-10-26,8호선,수진,5666,5206
2022-10-26,8호선,신흥,5017,5240
2022-10-26,8호선,단대오거리,11853,11574
2022-10-26,8호선,남한산성입구,16617,15144
2022-10-26,8호선,산성,6100,6103
2022-10-26,8호선,복정,10712,8739
2022-10-26,8호선,장지,18885,17709
2022-10-26,8호선,문정,23520,24867
2022-10-26,8호선,가락시장,8507,9339
2022-10-26,8호선,송파,9624,9418
2022-10-26,8호선,석촌,8388,9768
2022-10-26,8호선,잠실,15537,18510
2022-10-26,8호선,몽촌토성,7579,7662
2022-10-26,8호선,강동구청,11718,11899
2022-10-26,8호선,천호,15629,17906
2022-10-26,8호선,암사,21253,18380
2022-10-27,8호선,남위례,6740,6838
2022-10-27,8호선,모란,4763,3936
2022-10-27,8호선,수진,5665,5370
2022-10-27,8호선,신흥,4942,5303
2022-10-27,8호선,단대오거리,11969,11476
2022-10-27,8호선,남한산성입구,16662,15237
2022-10-27,8호선,산성,5945,5986
2022-10-27,8호선,복정,10551,8785
2022-10-27,8호선,장지,18935,17554
2022-10-27,8호선,문정,23549,25013
2022-10-27,8호선,가락시장,8449,9443
2022-10-27,8호선,송파,9580,9400
2022-10-27,8호선,석촌,8504,9782
2022-10-27,8호선,잠실,15585,18947
2022-10-27,8호선,몽촌토성,7328,7519
2022-10-27,8호선,강동구청,11622,12089
2022-10-27,8호선,천호,15778,18196
2022-10-27,8호선,암사,21171,18104
2022-10-28,8호선,암사,21078,18318
2022-10-28,8호선,천호,16140,19146
2022-10-28,8호선,강동구청,11755,12060
2022-10-28,8호선,몽촌토성,7672,7773
2022-10-28,8호선,잠실,16832,20964
2022-10-28,8호선,석촌,8782,10596
2022-10-28,8호선,송파,9795,9440
2022-10-28,8호선,가락시장,8787,9880
2022-10-28,8호선,문정,22930,24017
2022-10-28,8호선,장지,19468,17919
2022-10-28,8호선,복정,10786,8893
2022-10-28,8호선,산성,6153,6123
2022-10-28,8호선,남한산성입구,16666,14713
2022-10-28,8호선,단대오거리,12285,11455
2022-10-28,8호선,신흥,5166,5535
2022-10-28,8호선,수진,5834,5404
2022-10-28,8호선,모란,5121,4238
2022-10-28,8호선,남위례,6958,7140
2022-10-29,8호선,암사,14450,12722
2022-10-29,8호선,천호,13200,15298
2022-10-29,8호선,강동구청,7280,7114
2022-10-29,8호선,몽촌토성,6401,6588
2022-10-29,8호선,잠실,15783,19212
2022-10-29,8호선,석촌,6733,8627
2022-10-29,8호선,송파,6888,6457
2022-10-29,8호선,가락시장,6288,6783
2022-10-29,8호선,문정,10111,10115
2022-10-29,8호선,장지,14182,12648
2022-10-29,8호선,복정,7343,6106
2022-10-29,8호선,산성,5451,5415
2022-10-29,8호선,남한산성입구,11213,9741
2022-10-29,8호선,단대오거리,8645,7911
2022-10-29,8호선,신흥,4368,4560
2022-10-29,8호선,수진,4838,4312
2022-10-29,8호선,모란,6480,5600
2022-10-29,8호선,남위례,4906,5013
2022-10-30,8호선,암사,9572,9119
2022-10-30,8호선,천호,9317,10494
2022-10-30,8호선,강동구청,4921,5071
2022-10-30,8호선,몽촌토성,4240,4199
2022-10-30,8호선,잠실,11442,12786
2022-10-30,8호선,석촌,4500,6115
2022-10-30,8호선,송파,4364,4379
2022-10-30,8호선,가락시장,3460,4344
2022-10-30,8호선,문정,6629,6982
2022-10-30,8호선,장지,9847,9741
2022-10-30,8호선,복정,5664,5147
2022-10-30,8호선,산성,3560,3854
2022-10-30,8호선,남한산성입구,7510,7023
2022-10-30,8호선,단대오거리,5827,5827
2022-10-30,8호선,신흥,3002,3190
2022-10-30,8호선,수진,3215,2869
2022-10-30,8호선,모란,2764,2411
2022-10-30,8호선,남위례,3175,3361
2022-10-31,8호선,남위례,6368,6620
2022-10-31,8호선,모란,4706,3767
2022-10-31,8호선,수진,5538,5122
2022-10-31,8호선,신흥,4939,5276
2022-10-31,8호선,단대오거리,11638,11211
2022-10-31,8호선,남한산성입구,16132,14951
2022-10-31,8호선,산성,5706,5764
2022-10-31,8호선,복정,10023,8455
2022-10-31,8호선,장지,17862,16856
2022-10-31,8호선,문정,22853,24142
2022-10-31,8호선,가락시장,8050,8808
2022-10-31,8호선,송파,9088,8882
2022-10-31,8호선,석촌,7898,9396
2022-10-31,8호선,암사,20336,17602
2022-10-31,8호선,천호,14892,16888
2022-10-31,8호선,강동구청,11116,11428
2022-10-31,8호선,잠실,14537,17019
2022-10-31,8호선,몽촌토성,6629,6967
2022-11-01,8호선,남위례,6596,6798
2022-11-01,8호선,모란,4690,3795
2022-11-01,8호선,수진,5537,5142
2022-11-01,8호선,신흥,4974,5259
2022-11-01,8호선,단대오거리,11831,11385
2022-11-01,8호선,남한산성입구,16727,15349
2022-11-01,8호선,산성,5874,5945
2022-11-01,8호선,복정,10585,8882
2022-11-01,8호선,장지,18193,17102
2022-11-01,8호선,문정,22854,24199
2022-11-01,8호선,가락시장,8112,9102
2022-11-01,8호선,송파,9256,9074
2022-11-01,8호선,석촌,8260,9497
2022-11-01,8호선,잠실,14485,17120
2022-11-01,8호선,몽촌토성,6851,6935
2022-11-01,8호선,강동구청,11359,11713
2022-11-01,8호선,천호,15089,17343
2022-11-01,8호선,암사,20885,18068
2022-11-02,8호선,암사,20901,18383
2022-11-02,8호선,천호,15293,17591
2022-11-02,8호선,강동구청,11460,11842
2022-11-02,8호선,몽촌토성,6846,7188
2022-11-02,8호선,잠실,14846,17638
2022-11-02,8호선,석촌,8318,9594
2022-11-02,8호선,송파,9613,9385
2022-11-02,8호선,가락시장,8152,9199
2022-11-02,8호선,문정,23594,24650
2022-11-02,8호선,장지,19099,18274
2022-11-02,8호선,복정,10703,8864
2022-11-02,8호선,산성,5917,5954
2022-11-02,8호선,남한산성입구,16579,15158
2022-11-02,8호선,단대오거리,11886,11481
2022-11-02,8호선,신흥,4997,5461
2022-11-02,8호선,수진,5703,5216
2022-11-02,8호선,모란,4755,3756
2022-11-02,8호선,남위례,6785,6998
2022-11-03,8호선,암사,21009,18561
2022-11-03,8호선,천호,15460,17569
2022-11-03,8호선,강동구청,11583,11931
2022-11-03,8호선,몽촌토성,6981,7172
2022-11-03,8호선,잠실,14938,17793
2022-11-03,8호선,석촌,8231,9462
2022-11-03,8호선,송파,9502,9311
2022-11-03,8호선,가락시장,8409,9296
2022-11-03,8호선,문정,23106,24659
2022-11-03,8호선,장지,18674,17453
2022-11-03,8호선,복정,10601,8823
2022-11-03,8호선,산성,5768,5820
2022-11-03,8호선,남한산성입구,16052,14877
2022-11-03,8호선,단대오거리,11757,11319
2022-11-03,8호선,신흥,4898,5148
2022-11-03,8호선,수진,5726,5184
2022-11-03,8호선,모란,4760,3748
2022-11-03,8호선,남위례,6708,6882
2022-11-04,8호선,남위례,6727,7051
2022-11-04,8호선,모란,6464,5507
2022-11-04,8호선,수진,6084,5512
2022-11-04,8호선,신흥,5299,5623
2022-11-04,8호선,단대오거리,12440,11579
2022-11-04,8호선,남한산성입구,16100,14251
2022-11-04,8호선,산성,5991,5844
2022-11-04,8호선,복정,10699,8848
2022-11-04,8호선,장지,19052,17828
2022-11-04,8호선,문정,22747,23827
2022-11-04,8호선,가락시장,8800,9739
2022-11-04,8호선,송파,9690,9420
2022-11-04,8호선,석촌,8630,9909
2022-11-04,8호선,잠실,16233,19678
2022-11-04,8호선,몽촌토성,7160,7385
2022-11-04,8호선,강동구청,11558,11835
2022-11-04,8호선,천호,16006,18914
2022-11-04,8호선,암사,20809,18175
2022-11-05,8호선,남위례,4640,4636
2022-11-05,8호선,모란,3834,3585
2022-11-05,8호선,수진,4603,4086
2022-11-05,8호선,신흥,4011,4231
2022-11-05,8호선,단대오거리,8057,7470
2022-11-05,8호선,남한산성입구,10075,8659
2022-11-05,8호선,산성,4811,4936
2022-11-05,8호선,복정,6754,5577
2022-11-05,8호선,장지,13612,12312
2022-11-05,8호선,문정,9520,9645
2022-11-05,8호선,가락시장,6162,6527
2022-11-05,8호선,송파,7056,6754
2022-11-05,8호선,석촌,6322,7761
2022-11-05,8호선,잠실,14440,17099
2022-11-05,8호선,몽촌토성,5535,5653
2022-11-05,8호선,강동구청,6681,6513
2022-11-05,8호선,천호,12793,15011
2022-11-05,8호선,암사,13381,12240
2022-11-06,8호선,신흥,3010,3183
2022-11-06,8호선,암사,9796,9129
2022-11-06,8호선,천호,10106,10782
2022-11-06,8호선,강동구청,5150,5129
2022-11-06,8호선,몽촌토성,4203,4374
2022-11-06,8호선,잠실,11658,13484
2022-11-06,8호선,석촌,4529,5963
2022-11-06,8호선,송파,5263,4987
2022-11-06,8호선,가락시장,3651,4539
2022-11-06,8호선,문정,6421,6758
2022-11-06,8호선,장지,10492,10345
2022-11-06,8호선,복정,5387,4932
2022-11-06,8호선,산성,3508,3685
2022-11-06,8호선,남한산성입구,7531,6986
2022-11-06,8호선,단대오거리,5777,5743
2022-11-06,8호선,수진,3174,2883
2022-11-06,8호선,모란,2767,2351
2022-11-06,8호선,남위례,3327,3443
2022-11-07,8호선,남위례,6427,6555
2022-11-07,8호선,모란,4653,3579
2022-11-07,8호선,수진,5471,5045
2022-11-07,8호선,신흥,4858,5139
2022-11-07,8호선,단대오거리,11513,10955
2022-11-07,8호선,남한산성입구,15614,14508
2022-11-07,8호선,산성,5615,5737
2022-11-07,8호선,복정,10289,8496
2022-11-07,8호선,장지,17666,16532
2022-11-07,8호선,문정,22873,23925
2022-11-07,8호선,가락시장,7902,9095
2022-11-07,8호선,송파,9021,8908
2022-11-07,8호선,석촌,7780,8981
2022-11-07,8호선,잠실,14167,16568
2022-11-07,8호선,몽촌토성,6729,6731
2022-11-07,8호선,강동구청,11150,11932
2022-11-07,8호선,천호,14975,17526
2022-11-07,8호선,암사,20299,17976
2022-11-08,8호선,암사,21301,18155
2022-11-08,8호선,천호,16647,18400
2022-11-08,8호선,강동구청,11345,11596
2022-11-08,8호선,몽촌토성,6918,7011
2022-11-08,8호선,잠실,15133,17662
2022-11-08,8호선,석촌,8280,9271
2022-11-08,8호선,송파,9351,9159
2022-11-08,8호선,가락시장,8407,9151
2022-11-08,8호선,문정,23295,24364
2022-11-08,8호선,장지,18642,17454
2022-11-08,8호선,복정,10961,8967
2022-11-08,8호선,산성,5938,5805
2022-11-08,8호선,남한산성입구,16711,15384
2022-11-08,8호선,단대오거리,11816,11437
2022-11-08,8호선,신흥,4978,5287
2022-11-08,8호선,수진,5677,5334
2022-11-08,8호선,모란,4767,3770
2022-11-08,8호선,남위례,6695,6974
2022-11-09,8호선,암사,21933,18484
2022-11-09,8호선,천호,17005,18023
2022-11-09,8호선,강동구청,11717,11803
2022-11-09,8호선,몽촌토성,7239,7067
2022-11-09,8호선,잠실,15445,17879
2022-11-09,8호선,석촌,8158,9451
2022-11-09,8호선,송파,9562,9320
2022-11-09,8호선,가락시장,8402,9245
2022-11-09,8호선,문정,23556,24556
2022-11-09,8호선,장지,19038,17879
2022-11-09,8호선,복정,11017,9093
2022-11-09,8호선,산성,5866,5989
2022-11-09,8호선,남한산성입구,16632,15167
2022-11-09,8호선,단대오거리,12286,11773
2022-11-09,8호선,신흥,5262,5522
2022-11-09,8호선,수진,5828,5387
2022-11-09,8호선,모란,6720,5378
2022-11-09,8호선,남위례,6830,7109
2022-11-10,8호선,암사,21935,18044
2022-11-10,8호선,천호,16692,18108
2022-11-10,8호선,강동구청,11698,11785
2022-11-10,8호선,몽촌토성,7042,7086
2022-11-10,8호선,잠실,15356,18490
2022-11-10,8호선,석촌,8063,9145
2022-11-10,8호선,송파,9493,9204
2022-11-10,8호선,가락시장,8373,9371
2022-11-10,8호선,문정,23460,24628
2022-11-10,8호선,장지,18531,17334
2022-11-10,8호선,복정,10833,8896
2022-11-10,8호선,산성,5832,5725
2022-11-10,8호선,남한산성입구,16454,15023
2022-11-10,8호선,단대오거리,11817,11280
2022-11-10,8호선,신흥,5034,5389
2022-11-10,8호선,수진,5749,5328
2022-11-10,8호선,모란,4750,3738
2022-11-10,8호선,남위례,6693,6985
2022-11-11,8호선,암사,21236,18172
2022-11-11,8호선,천호,16200,19029
2022-11-11,8호선,강동구청,11605,11695
2022-11-11,8호선,몽촌토성,7237,7403
2022-11-11,8호선,잠실,16065,19090
2022-11-11,8호선,석촌,8475,9853
2022-11-11,8호선,송파,9657,9323
2022-11-11,8호선,가락시장,8587,9802
2022-11-11,8호선,문정,22739,23699
2022-11-11,8호선,장지,18914,17492
2022-11-11,8호선,복정,11032,9002
2022-11-11,8호선,산성,5910,5888
2022-11-11,8호선,남한산성입구,16334,14345
2022-11-11,8호선,단대오거리,12133,11309
2022-11-11,8호선,신흥,5230,5500
2022-11-11,8호선,수진,5874,5309
2022-11-11,8호선,모란,4913,4056
2022-11-11,8호선,남위례,6954,7289
2022-11-12,8호선,암사,12981,11780
2022-11-12,8호선,천호,12196,14363
2022-11-12,8호선,강동구청,6509,6529
2022-11-12,8호선,몽촌토성,4990,5139
2022-11-12,8호선,잠실,15111,16812
2022-11-12,8호선,석촌,6188,7525
2022-11-12,8호선,송파,6457,6543
2022-11-12,8호선,가락시장,6146,6239
2022-11-12,8호선,문정,9374,9545
2022-11-12,8호선,장지,12961,11703
2022-11-12,8호선,복정,6545,5467
2022-11-12,8호선,산성,4498,4423
2022-11-12,8호선,남한산성입구,9573,8481
2022-11-12,8호선,단대오거리,7732,7280
2022-11-12,8호선,신흥,4183,4442
2022-11-12,8호선,수진,4420,4056
2022-11-12,8호선,모란,3807,3415
2022-11-12,8호선,남위례,4339,4480
2022-11-13,8호선,암사,9054,8456
2022-11-13,8호선,천호,8947,10128
2022-11-13,8호선,강동구청,4421,4527
2022-11-13,8호선,몽촌토성,4726,5038
2022-11-13,8호선,잠실,11098,12771
2022-11-13,8호선,석촌,4238,5207
2022-11-13,8호선,송파,4363,4313
2022-11-13,8호선,가락시장,3310,4229
2022-11-13,8호선,문정,6117,6369
2022-11-13,8호선,장지,9146,9263
2022-11-13,8호선,복정,5058,4709
2022-11-13,8호선,산성,2979,3125
2022-11-13,8호선,남한산성입구,6990,6499
2022-11-13,8호선,단대오거리,5386,5232
2022-11-13,8호선,신흥,2993,3065
2022-11-13,8호선,수진,3160,2875
2022-11-13,8호선,모란,2629,2179
2022-11-13,8호선,남위례,3012,3112
2022-11-14,8호선,암사,20338,17635
2022-11-14,8호선,천호,14538,16513
2022-11-14,8호선,강동구청,11255,11566
2022-11-14,8호선,몽촌토성,6413,6607
2022-11-14,8호선,잠실,14834,17317
2022-11-14,8호선,석촌,7757,8958
2022-11-14,8호선,송파,9164,9008
2022-11-14,8호선,가락시장,8057,8971
2022-11-14,8호선,문정,22726,24044
2022-11-14,8호선,장지,17777,16891
2022-11-14,8호선,복정,10110,8634
2022-11-14,8호선,산성,5603,5511
2022-11-14,8호선,남한산성입구,15806,14636
2022-11-14,8호선,단대오거리,11614,11245
2022-11-14,8호선,신흥,4908,5354
2022-11-14,8호선,수진,5547,5084
2022-11-14,8호선,모란,6074,4686
2022-11-14,8호선,남위례,6434,6552
2022-11-15,8호선,단대오거리,11559,11104
2022-11-15,8호선,수진,5435,4998
2022-11-15,8호선,모란,4579,3464
2022-11-15,8호선,남위례,6432,6694
2022-11-15,8호선,암사,20593,18189
2022-11-15,8호선,천호,15441,17505
2022-11-15,8호선,강동구청,11484,11752
2022-11-15,8호선,몽촌토성,6677,6825
2022-11-15,8호선,잠실,15226,17675
2022-11-15,8호선,석촌,8192,9406
2022-11-15,8호선,송파,9511,9430
2022-11-15,8호선,가락시장,8327,9232
2022-11-15,8호선,문정,23193,24189
2022-11-15,8호선,장지,18332,17189
2022-11-15,8호선,복정,10707,8919
2022-11-15,8호선,산성,5726,5676
2022-11-15,8호선,남한산성입구,16168,15005
2022-11-15,8호선,신흥,4907,5257
2022-11-16,8호선,남위례,6785,7054
2022-11-16,8호선,모란,4643,3650
2022-11-16,8호선,수진,5745,5260
2022-11-16,8호선,신흥,5144,5458
2022-11-16,8호선,단대오거리,11968,11531
2022-11-16,8호선,남한산성입구,16273,14912
2022-11-16,8호선,산성,5744,5773
2022-11-16,8호선,복정,10643,8866
2022-11-16,8호선,장지,19292,18203
2022-11-16,8호선,문정,23178,24484
2022-11-16,8호선,가락시장,8259,9177
2022-11-16,8호선,송파,9589,9255
2022-11-16,8호선,석촌,8116,9381
2022-11-16,8호선,잠실,15328,18199
2022-11-16,8호선,몽촌토성,6669,6782
2022-11-16,8호선,강동구청,11878,11982
2022-11-16,8호선,천호,15599,17970
2022-11-16,8호선,암사,20900,18097
2022-11-17,8호선,암사,20646,17819
2022-11-17,8호선,천호,15425,17870
2022-11-17,8호선,강동구청,11447,11755
2022-11-17,8호선,몽촌토성,6819,6906
2022-11-17,8호선,잠실,15716,18392
2022-11-17,8호선,석촌,8073,9348
2022-11-17,8호선,송파,9520,9152
2022-11-17,8호선,가락시장,8277,9321
2022-11-17,8호선,문정,22985,24350
2022-11-17,8호선,장지,18615,17496
2022-11-17,8호선,복정,10412,8757
2022-11-17,8호선,산성,5673,5681
2022-11-17,8호선,남한산성입구,16056,14695
2022-11-17,8호선,단대오거리,11747,11263
2022-11-17,8호선,신흥,5119,5445
2022-11-17,8호선,수진,5758,5141
2022-11-17,8호선,모란,4624,3703
2022-11-17,8호선,남위례,6865,7120
2022-11-18,8호선,산성,5781,5545
2022-11-18,8호선,남위례,6733,6969
2022-11-18,8호선,모란,4795,3886
2022-11-18,8호선,수진,5685,5144
2022-11-18,8호선,신흥,5331,5546
2022-11-18,8호선,단대오거리,11783,11165
2022-11-18,8호선,남한산성입구,15935,13955
2022-11-18,8호선,복정,10461,8600
2022-11-18,8호선,장지,19026,17735
2022-11-18,8호선,문정,22766,23638
2022-11-18,8호선,가락시장,8666,9826
2022-11-18,8호선,송파,9416,9116
2022-11-18,8호선,석촌,8293,9712
2022-11-18,8호선,잠실,16774,19659
2022-11-18,8호선,몽촌토성,6839,7098
2022-11-18,8호선,강동구청,11519,11763
2022-11-18,8호선,천호,15991,19076
2022-11-18,8호선,암사,20647,17836
2022-11-19,8호선,암사,13559,12066
2022-11-19,8호선,천호,12978,15299
2022-11-19,8호선,강동구청,6664,6421
2022-11-19,8호선,몽촌토성,5383,5371
2022-11-19,8호선,잠실,15403,17776
2022-11-19,8호선,석촌,6214,7882
2022-11-19,8호선,송파,6424,6008
2022-11-19,8호선,가락시장,6347,6784
2022-11-19,8호선,문정,9501,9660
2022-11-19,8호선,장지,13590,12166
2022-11-19,8호선,복정,6819,5686
2022-11-19,8호선,산성,4672,4629
2022-11-19,8호선,남한산성입구,10383,8937
2022-11-19,8호선,단대오거리,8445,7723
2022-11-19,8호선,신흥,4349,4339
2022-11-19,8호선,수진,4776,4547
2022-11-19,8호선,모란,6011,5169
2022-11-19,8호선,남위례,4570,4749
2022-11-20,8호선,암사,9649,9038
2022-11-20,8호선,천호,9757,10985
2022-11-20,8호선,강동구청,4901,5009
2022-11-20,8호선,몽촌토성,3803,3916
2022-11-20,8호선,잠실,11500,12758
2022-11-20,8호선,석촌,4475,5772
2022-11-20,8호선,송파,4547,4523
2022-11-20,8호선,가락시장,3602,4439
2022-11-20,8호선,문정,6369,6712
2022-11-20,8호선,장지,9894,9907
2022-11-20,8호선,복정,5393,4941
2022-11-20,8호선,산성,3277,3388
2022-11-20,8호선,남한산성입구,7307,6741
2022-11-20,8호선,단대오거리,5778,5621
2022-11-20,8호선,신흥,3145,3331
2022-11-20,8호선,수진,3281,2933
2022-11-20,8호선,모란,3005,2306
2022-11-20,8호선,남위례,3244,3270
2022-11-21,8호선,남위례,6642,6819
2022-11-21,8호선,모란,4479,3466
2022-11-21,8호선,수진,5621,5133
2022-11-21,8호선,신흥,4998,5286
2022-11-21,8호선,단대오거리,11555,11152
2022-11-21,8호선,남한산성입구,15690,14621
2022-11-21,8호선,산성,5721,5743
2022-11-21,8호선,복정,10094,8476
2022-11-21,8호선,장지,17731,17079
2022-11-21,8호선,문정,23045,24243
2022-11-21,8호선,가락시장,7949,8863
2022-11-21,8호선,송파,8988,8906
2022-11-21,8호선,석촌,7771,8951
2022-11-21,8호선,잠실,14686,16959
2022-11-21,8호선,몽촌토성,6479,6491
2022-11-21,8호선,강동구청,11403,11632
2022-11-21,8호선,천호,14745,16859
2022-11-21,8호선,암사,20221,17827
2022-11-22,8호선,남위례,6747,6932
2022-11-22,8호선,모란,4571,3532
2022-11-22,8호선,수진,5642,5281
2022-11-22,8호선,신흥,4960,5362
2022-11-22,8호선,단대오거리,11543,11292
2022-11-22,8호선,남한산성입구,16274,14978
2022-11-22,8호선,산성,5705,5687
2022-11-22,8호선,복정,10641,9045
2022-11-22,8호선,장지,18287,17068
2022-11-22,8호선,문정,23321,24656
2022-11-22,8호선,가락시장,8211,9246
2022-11-22,8호선,송파,9369,9223
2022-11-22,8호선,석촌,8084,9333
2022-11-22,8호선,잠실,14769,17324
2022-11-22,8호선,몽촌토성,6582,6761
2022-11-22,8호선,강동구청,11505,11778
2022-11-22,8호선,천호,15271,17503
2022-11-22,8호선,암사,20763,18160
2022-11-23,8호선,남위례,6974,7144
2022-11-23,8호선,모란,4744,3529
2022-11-23,8호선,수진,5827,5430
2022-11-23,8호선,신흥,5176,5504
2022-11-23,8호선,단대오거리,11873,11546
2022-11-23,8호선,남한산성입구,16221,14922
2022-11-23,8호선,산성,5803,5835
2022-11-23,8호선,복정,10620,8937
2022-11-23,8호선,장지,18943,17782
2022-11-23,8호선,문정,23263,24741
2022-11-23,8호선,가락시장,8478,9435
2022-11-23,8호선,송파,9397,9201
2022-11-23,8호선,석촌,8136,9342
2022-11-23,8호선,잠실,15760,18343
2022-11-23,8호선,몽촌토성,6818,6911
2022-11-23,8호선,강동구청,11355,11705
2022-11-23,8호선,천호,15288,17584
2022-11-23,8호선,암사,20730,18074
2022-11-24,8호선,암사,20985,18319
2022-11-24,8호선,천호,15633,17769
2022-11-24,8호선,강동구청,11475,11882
2022-11-24,8호선,몽촌토성,6868,6976
2022-11-24,8호선,잠실,15651,18089
2022-11-24,8호선,석촌,8054,9464
2022-11-24,8호선,송파,9504,9330
2022-11-24,8호선,가락시장,8374,9295
2022-11-24,8호선,문정,23598,25008
2022-11-24,8호선,장지,18633,17504
2022-11-24,8호선,복정,10726,9087
2022-11-24,8호선,산성,5837,5764
2022-11-24,8호선,남한산성입구,16644,15124
2022-11-24,8호선,단대오거리,12139,11599
2022-11-24,8호선,신흥,5408,5635
2022-11-24,8호선,수진,5851,5400
2022-11-24,8호선,모란,6290,5025
2022-11-24,8호선,남위례,7018,7379
2022-11-25,8호선,암사,20747,18043
2022-11-25,8호선,천호,16140,18748
2022-11-25,8호선,강동구청,11602,11748
2022-11-25,8호선,몽촌토성,6911,7006
2022-11-25,8호선,잠실,16571,19745
2022-11-25,8호선,석촌,8249,9781
2022-11-25,8호선,송파,9539,9264
2022-11-25,8호선,가락시장,8531,9797
2022-11-25,8호선,문정,22825,23759
2022-11-25,8호선,장지,18898,17416
2022-11-25,8호선,복정,10452,8743
2022-11-25,8호선,산성,5860,5802
2022-11-25,8호선,남한산성입구,16148,14157
2022-11-25,8호선,단대오거리,11681,11111
2022-11-25,8호선,신흥,5369,5601
2022-11-25,8호선,수진,5842,5315
2022-11-25,8호선,모란,4804,3950
2022-11-25,8호선,남위례,7059,7281
2022-11-26,8호선,가락시장,6279,6690
2022-11-26,8호선,문정,9798,9766
2022-11-26,8호선,장지,13562,12232
2022-11-26,8호선,복정,6817,5511
2022-11-26,8호선,산성,4540,4534
2022-11-26,8호선,남한산성입구,9861,8464
2022-11-26,8호선,단대오거리,8114,7460
2022-11-26,8호선,신흥,4205,4375
2022-11-26,8호선,암사,13365,12163
2022-11-26,8호선,천호,12812,15105
2022-11-26,8호선,강동구청,6745,6654
2022-11-26,8호선,몽촌토성,5083,5226
2022-11-26,8호선,잠실,15842,18073
2022-11-26,8호선,석촌,6405,7862
2022-11-26,8호선,송파,6519,6285
2022-11-26,8호선,수진,4465,4079
2022-11-26,8호선,모란,3797,3448
2022-11-26,8호선,남위례,4531,4554
2022-11-27,8호선,남위례,3131,3215
2022-11-27,8호선,모란,2772,2322
2022-11-27,8호선,수진,3146,2870
2022-11-27,8호선,신흥,3105,3226
2022-11-27,8호선,단대오거리,5922,5705
2022-11-27,8호선,남한산성입구,6877,6422
2022-11-27,8호선,산성,3216,3347
2022-11-27,8호선,복정,5160,4891
2022-11-27,8호선,장지,9851,9666
2022-11-27,8호선,문정,6454,6899
2022-11-27,8호선,가락시장,3506,4227
2022-11-27,8호선,송파,4421,4486
2022-11-27,8호선,석촌,4339,5683
2022-11-27,8호선,잠실,11644,13177
2022-11-27,8호선,몽촌토성,3616,3700
2022-11-27,8호선,강동구청,4684,4741
2022-11-27,8호선,천호,9135,10409
2022-11-27,8호선,암사,9325,8788
2022-11-28,8호선,암사,19955,17738
2022-11-28,8호선,천호,14728,16557
2022-11-28,8호선,강동구청,11226,11883
2022-11-28,8호선,몽촌토성,6505,6742
2022-11-28,8호선,잠실,15347,17007
2022-11-28,8호선,석촌,7753,8792
2022-11-28,8호선,송파,9564,9867
2022-11-28,8호선,가락시장,7931,8697
2022-11-28,8호선,문정,23353,24187
2022-11-28,8호선,장지,17924,17154
2022-11-28,8호선,복정,9788,8282
2022-11-28,8호선,산성,5503,5533
2022-11-28,8호선,남한산성입구,15428,14271
2022-11-28,8호선,단대오거리,11218,10952
2022-11-28,8호선,신흥,5016,5309
2022-11-28,8호선,수진,5513,5255
2022-11-28,8호선,모란,4410,3482
2022-11-28,8호선,남위례,6399,6544
2022-11-29,8호선,남위례,6507,6665
2022-11-29,8호선,모란,5991,4593
2022-11-29,8호선,수진,5726,5323
2022-11-29,8호선,신흥,5220,5509
2022-11-29,8호선,단대오거리,11665,11324
2022-11-29,8호선,남한산성입구,16097,14921
2022-11-29,8호선,산성,5600,5684
2022-11-29,8호선,복정,10400,8707
2022-11-29,8호선,장지,18468,17377
2022-11-29,8호선,문정,23110,24257
2022-11-29,8호선,가락시장,8165,8999
2022-11-29,8호선,송파,9573,9493
2022-11-29,8호선,석촌,8246,9379
2022-11-29,8호선,잠실,15529,18124
2022-11-29,8호선,몽촌토성,6650,6890
2022-11-29,8호선,강동구청,11584,11962
2022-11-29,8호선,천호,15419,17278
2022-11-29,8호선,암사,20339,18012
2022-11-30,8호선,남위례,6262,6278
2022-11-30,8호선,모란,4503,3500
2022-11-30,8호선,수진,5487,5112
2022-11-30,8호선,신흥,5215,5405
2022-11-30,8호선,단대오거리,11339,11042
2022-11-30,8호선,남한산성입구,15454,14302
2022-11-30,8호선,산성,5592,5540
2022-11-30,8호선,복정,10169,8378
2022-11-30,8호선,장지,18066,16943
2022-11-30,8호선,문정,22790,23622
2022-11-30,8호선,가락시장,8008,8909
2022-11-30,8호선,송파,9234,9198
2022-11-30,8호선,석촌,7859,9153
2022-11-30,8호선,잠실,15923,18784
2022-11-30,8호선,몽촌토성,6355,6511
2022-11-30,8호선,강동구청,11154,11328
2022-11-30,8호선,천호,14969,17390
2022-11-30,8호선,암사,19993,17221
2022-12-01,8호선,남위례,6264,6457
2022-12-01,8호선,모란,4512,3324
2022-12-01,8호선,수진,5520,5090
2022-12-01,8호선,신흥,5022,5286
2022-12-01,8호선,단대오거리,11238,10948
2022-12-01,8호선,남한산성입구,15361,13975
2022-12-01,8호선,산성,5550,5547
2022-12-01,8호선,복정,10062,8397
2022-12-01,8호선,장지,18230,17200
2022-12-01,8호선,문정,22781,24053
2022-12-01,8호선,가락시장,8064,8833
2022-12-01,8호선,송파,9466,9320
2022-12-01,8호선,석촌,7851,8963
2022-12-01,8호선,잠실,15974,18655
2022-12-01,8호선,몽촌토성,6537,6586
2022-12-01,8호선,강동구청,11195,11486
2022-12-01,8호선,천호,15070,17804
2022-12-01,8호선,암사,19938,17625
2022-12-02,8호선,석촌,8342,9983
2022-12-02,8호선,남위례,6674,7054
2022-12-02,8호선,모란,4714,3728
2022-12-02,8호선,수진,5919,5339
2022-12-02,8호선,신흥,5344,5743
2022-12-02,8호선,단대오거리,11878,11232
2022-12-02,8호선,남한산성입구,15586,13760
2022-12-02,8호선,산성,5654,5482
2022-12-02,8호선,복정,10457,8575
2022-12-02,8호선,장지,19291,18100
2022-12-02,8호선,문정,23457,24177
2022-12-02,8호선,가락시장,8889,10053
2022-12-02,8호선,송파,9757,9595
2022-12-02,8호선,잠실,17144,20276
2022-12-02,8호선,몽촌토성,7180,7495
2022-12-02,8호선,강동구청,11641,11883
2022-12-02,8호선,천호,16247,19000
2022-12-02,8호선,암사,20558,17849
2022-12-03,8호선,남위례,4529,4554
2022-12-03,8호선,모란,3870,3243
2022-12-03,8호선,수진,4444,3977
2022-12-03,8호선,신흥,4138,4328
2022-12-03,8호선,단대오거리,8089,7548
2022-12-03,8호선,남한산성입구,9445,8298
2022-12-03,8호선,산성,4142,4054
2022-12-03,8호선,복정,6407,5227
2022-12-03,8호선,장지,13235,12313
2022-12-03,8호선,문정,9644,9762
2022-12-03,8호선,가락시장,6416,6878
2022-12-03,8호선,송파,6720,6375
2022-12-03,8호선,석촌,6092,7410
2022-12-03,8호선,잠실,16122,18343
2022-12-03,8호선,몽촌토성,4875,4946
2022-12-03,8호선,강동구청,6697,6541
2022-12-03,8호선,천호,12577,14706
2022-12-03,8호선,암사,13141,12036
2022-12-04,8호선,남위례,2965,3075
2022-12-04,8호선,모란,4612,3396
2022-12-04,8호선,수진,3394,3116
2022-12-04,8호선,신흥,3281,3385
2022-12-04,8호선,단대오거리,6024,5911
2022-12-04,8호선,남한산성입구,6763,6406
2022-12-04,8호선,산성,2910,3024
2022-12-04,8호선,복정,4967,4584
2022-12-04,8호선,장지,9940,9804
2022-12-04,8호선,문정,5893,6137
2022-12-04,8호선,가락시장,3572,4403
2022-12-04,8호선,송파,4519,4658
2022-12-04,8호선,석촌,4316,5508
2022-12-04,8호선,잠실,12492,13542
2022-12-04,8호선,몽촌토성,3612,3598
2022-12-04,8호선,강동구청,4756,4984
2022-12-04,8호선,천호,9442,10589
2022-12-04,8호선,암사,9074,8579
2022-12-05,8호선,암사,20049,17628
2022-12-05,8호선,천호,15049,17056
2022-12-05,8호선,강동구청,11474,11757
2022-12-05,8호선,몽촌토성,6594,6617
2022-12-05,8호선,잠실,15582,18487
2022-12-05,8호선,석촌,7906,8926
2022-12-05,8호선,송파,9399,9187
2022-12-05,8호선,가락시장,8126,8788
2022-12-05,8호선,문정,23183,24455
2022-12-05,8호선,장지,18007,17164
2022-12-05,8호선,복정,9935,8215
2022-12-05,8호선,산성,5463,5505
2022-12-05,8호선,남한산성입구,15326,14214
2022-12-05,8호선,단대오거리,11630,11128
2022-12-05,8호선,신흥,5195,5413
2022-12-05,8호선,수진,5594,5112
2022-12-05,8호선,모란,4531,3400
2022-12-05,8호선,남위례,6375,6486
2022-12-06,8호선,암사,20285,17991
2022-12-06,8호선,천호,15352,17535
2022-12-06,8호선,강동구청,11531,11963
2022-12-06,8호선,몽촌토성,6894,7006
2022-12-06,8호선,잠실,15600,18628
2022-12-06,8호선,석촌,8300,9272
2022-12-06,8호선,송파,9790,9448
2022-12-06,8호선,가락시장,8391,9239
2022-12-06,8호선,문정,23395,24824
2022-12-06,8호선,장지,18987,17807
2022-12-06,8호선,복정,10141,8600
2022-12-06,8호선,산성,5590,5530
2022-12-06,8호선,남한산성입구,15967,14956
2022-12-06,8호선,단대오거리,11742,11372
2022-12-06,8호선,신흥,5126,5442
2022-12-06,8호선,수진,5598,5260
2022-12-06,8호선,모란,4604,3357
2022-12-06,8호선,남위례,6515,6808
2022-12-07,8호선,석촌,8249,9618
2022-12-07,8호선,암사,20935,18340
2022-12-07,8호선,천호,15503,18080
2022-12-07,8호선,강동구청,11665,12009
2022-12-07,8호선,몽촌토성,7101,7285
2022-12-07,8호선,잠실,16153,18926
2022-12-07,8호선,송파,9645,9439
2022-12-07,8호선,가락시장,8645,9431
2022-12-07,8호선,문정,23500,24527
2022-12-07,8호선,장지,19199,18097
2022-12-07,8호선,복정,10552,8712
2022-12-07,8호선,산성,5776,5830
2022-12-07,8호선,남한산성입구,16194,14664
2022-12-07,8호선,단대오거리,12159,11782
2022-12-07,8호선,신흥,5376,5698
2022-12-07,8호선,수진,5661,5189
2022-12-07,8호선,모란,4717,3431
2022-12-07,8호선,남위례,6805,6964
2022-12-08,8호선,남위례,6999,7213
2022-12-08,8호선,모란,4734,3686
2022-12-08,8호선,수진,5640,5289
2022-12-08,8호선,신흥,5331,5699
2022-12-08,8호선,단대오거리,12114,11580
2022-12-08,8호선,남한산성입구,16141,14732
2022-12-08,8호선,산성,5779,5753
2022-12-08,8호선,복정,10553,8733
2022-12-08,8호선,장지,19400,18025
2022-12-08,8호선,문정,23798,25123
2022-12-08,8호선,가락시장,8856,9754
2022-12-08,8호선,송파,9780,9546
2022-12-08,8호선,석촌,8358,9518
2022-12-08,8호선,잠실,16079,19344
2022-12-08,8호선,몽촌토성,7211,7516
2022-12-08,8호선,강동구청,11748,12026
2022-12-08,8호선,천호,15767,17908
2022-12-08,8호선,암사,20822,18170
2022-12-09,8호선,암사,21173,18255
2022-12-09,8호선,천호,16513,19420
2022-12-09,8호선,강동구청,11900,12088
2022-12-09,8호선,몽촌토성,7131,7721
2022-12-09,8호선,잠실,17317,20868
2022-12-09,8호선,석촌,8526,10120
2022-12-09,8호선,송파,9967,9652
2022-12-09,8호선,가락시장,9008,10392
2022-12-09,8호선,문정,23718,24541
2022-12-09,8호선,장지,19504,17854
2022-12-09,8호선,복정,10851,8730
2022-12-09,8호선,산성,5985,5748
2022-12-09,8호선,남한산성입구,16037,14171
2022-12-09,8호선,단대오거리,12637,11774
2022-12-09,8호선,수진,5994,5452
2022-12-09,8호선,모란,6716,5238
2022-12-09,8호선,남위례,7152,7459
2022-12-09,8호선,신흥,5638,5844
2022-12-10,8호선,암사,13848,12307
2022-12-10,8호선,천호,13213,15617
2022-12-10,8호선,강동구청,6952,6859
2022-12-10,8호선,몽촌토성,4971,5417
2022-12-10,8호선,잠실,16630,19256
2022-12-10,8호선,석촌,6634,8292
2022-12-10,8호선,송파,6655,6376
2022-12-10,8호선,가락시장,6959,7520
2022-12-10,8호선,문정,9832,10130
2022-12-10,8호선,장지,13659,12433
2022-12-10,8호선,복정,6935,5398
2022-12-10,8호선,산성,4562,4370
2022-12-10,8호선,남한산성입구,10196,8842
2022-12-10,8호선,단대오거리,8706,8028
2022-12-10,8호선,신흥,4221,4570
2022-12-10,8호선,수진,4628,4250
2022-12-10,8호선,모란,4060,3421
2022-12-10,8호선,남위례,4808,4684
2022-12-11,8호선,암사,9523,8966
2022-12-11,8호선,천호,9508,10743
2022-12-11,8호선,강동구청,4891,5056
2022-12-11,8호선,남위례,3180,3277
2022-12-11,8호선,모란,2855,2251
2022-12-11,8호선,수진,3256,2978
2022-12-11,8호선,신흥,3220,3289
2022-12-11,8호선,단대오거리,5942,5839
2022-12-11,8호선,남한산성입구,7035,6423
2022-12-11,8호선,산성,3082,3198
2022-12-11,8호선,복정,5369,4944
2022-12-11,8호선,장지,9695,9799
2022-12-11,8호선,문정,6438,6705
2022-12-11,8호선,가락시장,3758,4559
2022-12-11,8호선,송파,4513,4561
2022-12-11,8호선,석촌,4512,5711
2022-12-11,8호선,잠실,12488,13441
2022-12-11,8호선,몽촌토성,4013,3934
2022-12-12,8호선,암사,20493,18288
2022-12-12,8호선,천호,15266,17187
2022-12-12,8호선,강동구청,11684,12014
2022-12-12,8호선,몽촌토성,6851,7070
2022-12-12,8호선,잠실,16263,18341
2022-12-12,8호선,석촌,8040,9307
2022-12-12,8호선,송파,9693,9888
2022-12-12,8호선,가락시장,8286,9150
2022-12-12,8호선,문정,23589,24462
2022-12-12,8호선,장지,18251,17369
2022-12-12,8호선,복정,10213,8594
2022-12-12,8호선,산성,5383,5402
2022-12-12,8호선,남한산성입구,15436,14441
2022-12-12,8호선,단대오거리,12040,11660
2022-12-12,8호선,신흥,5178,5446
2022-12-12,8호선,수진,5685,5218
2022-12-12,8호선,모란,4644,3466
2022-12-12,8호선,남위례,6454,6526
2022-12-13,8호선,천호,15883,18260
2022-12-13,8호선,강동구청,12308,12743
2022-12-13,8호선,몽촌토성,7070,7352
2022-12-13,8호선,잠실,17333,19916
2022-12-13,8호선,석촌,8474,9693
2022-12-13,8호선,송파,10412,10522
2022-12-13,8호선,가락시장,9109,9883
2022-12-13,8호선,문정,24651,25374
2022-12-13,8호선,장지,19614,18438
2022-12-13,8호선,복정,10874,9121
2022-12-13,8호선,산성,5674,5879
2022-12-13,8호선,남한산성입구,15961,15166
2022-12-13,8호선,단대오거리,12517,12157
2022-12-13,8호선,신흥,5459,5810
2022-12-13,8호선,수진,5842,5457
2022-12-13,8호선,모란,4924,3578
2022-12-13,8호선,남위례,6747,6999
2022-12-13,8호선,암사,21143,18951
2022-12-14,8호선,암사,20350,17907
2022-12-14,8호선,천호,15343,17564
2022-12-14,8호선,강동구청,11748,12214
2022-12-14,8호선,몽촌토성,7007,7250
2022-12-14,8호선,잠실,17163,19908
2022-12-14,8호선,석촌,8015,9324
2022-12-14,8호선,송파,9939,9676
2022-12-14,8호선,가락시장,8534,9400
2022-12-14,8호선,문정,23580,24875
2022-12-14,8호선,장지,19542,18649
2022-12-14,8호선,복정,10335,8390
2022-12-14,8호선,산성,5616,5501
2022-12-14,8호선,남한산성입구,15715,14254
2022-12-14,8호선,단대오거리,11975,11765
2022-12-14,8호선,신흥,5362,5726
2022-12-14,8호선,수진,5649,5250
2022-12-14,8호선,모란,5427,4020
2022-12-14,8호선,남위례,6424,6671
2022-12-15,8호선,문정,25009,25801
2022-12-15,8호선,가락시장,9409,10194
2022-12-15,8호선,송파,10400,10447
2022-12-15,8호선,석촌,8642,9823
2022-12-15,8호선,잠실,18501,21633
2022-12-15,8호선,몽촌토성,7105,7343
2022-12-15,8호선,강동구청,12326,12678
2022-12-15,8호선,천호,16086,18474
2022-12-15,8호선,암사,21118,18803
2022-12-15,8호선,남위례,7073,7344
2022-12-15,8호선,모란,4815,3676
2022-12-15,8호선,수진,5932,5579
2022-12-15,8호선,신흥,5453,5886
2022-12-15,8호선,단대오거리,12602,12302
2022-12-15,8호선,남한산성입구,14885,14045
2022-12-15,8호선,산성,5677,5668
2022-12-15,8호선,복정,10683,9063
2022-12-15,8호선,장지,20519,19305
2022-12-16,8호선,암사,21266,18248
2022-12-16,8호선,천호,16615,19620
2022-12-16,8호선,강동구청,12131,12213
2022-12-16,8호선,몽촌토성,7083,7419
2022-12-16,8호선,잠실,19362,23358
2022-12-16,8호선,석촌,8751,10278
2022-12-16,8호선,송파,10444,10243
2022-12-16,8호선,가락시장,9304,10469
2022-12-16,8호선,문정,23642,24601
2022-12-16,8호선,장지,20480,19166
2022-12-16,8호선,복정,10352,8567
2022-12-16,8호선,산성,5859,5540
2022-12-16,8호선,남한산성입구,15402,13647
2022-12-16,8호선,단대오거리,12535,12114
2022-12-16,8호선,신흥,5674,5791
2022-12-16,8호선,수진,5958,5441
2022-12-16,8호선,모란,5057,4287
2022-12-16,8호선,남위례,6865,7051
2022-12-17,8호선,암사,14133,12848
2022-12-17,8호선,천호,13510,16141
2022-12-17,8호선,강동구청,7350,7376
2022-12-17,8호선,몽촌토성,5518,5820
2022-12-17,8호선,잠실,19548,22252
2022-12-17,8호선,석촌,7068,8550
2022-12-17,8호선,송파,7551,7300
2022-12-17,8호선,가락시장,7217,7711
2022-12-17,8호선,문정,10239,10303
2022-12-17,8호선,장지,14839,13353
2022-12-17,8호선,복정,6833,5574
2022-12-17,8호선,산성,4485,4274
2022-12-17,8호선,남한산성입구,10060,8532
2022-12-17,8호선,단대오거리,9192,8506
2022-12-17,8호선,신흥,4666,4841
2022-12-17,8호선,수진,4777,4145
2022-12-17,8호선,모란,3977,3612
2022-12-17,8호선,남위례,4584,4609
2022-12-18,8호선,암사,9020,8539
2022-12-18,8호선,천호,9586,10809
2022-12-18,8호선,강동구청,4832,4993
2022-12-18,8호선,몽촌토성,3524,3652
2022-12-18,8호선,잠실,14160,15342
2022-12-18,8호선,석촌,4592,5606
2022-12-18,8호선,송파,4605,4808
2022-12-18,8호선,가락시장,3796,4691
2022-12-18,8호선,문정,6074,6301
2022-12-18,8호선,장지,9740,9726
2022-12-18,8호선,복정,4895,4487
2022-12-18,8호선,산성,2786,2758
2022-12-18,8호선,남한산성입구,6425,5954
2022-12-18,8호선,단대오거리,5888,5671
2022-12-18,8호선,신흥,3270,3426
2022-12-18,8호선,수진,3282,3069
2022-12-18,8호선,모란,2618,2269
2022-12-18,8호선,남위례,2866,3088
2022-12-19,8호선,남위례,6310,6385
2022-12-19,8호선,모란,5552,4340
2022-12-19,8호선,수진,5734,5282
2022-12-19,8호선,신흥,5216,5428
2022-12-19,8호선,단대오거리,11464,11250
2022-12-19,8호선,남한산성입구,13751,12597
2022-12-19,8호선,산성,5324,5361
2022-12-19,8호선,복정,8924,7717
2022-12-19,8호선,장지,18595,17752
2022-12-19,8호선,문정,23027,24278
2022-12-19,8호선,가락시장,8049,9040
2022-12-19,8호선,송파,9484,9406
2022-12-19,8호선,석촌,7990,9117
2022-12-19,8호선,잠실,16704,18907
2022-12-19,8호선,몽촌토성,6440,6836
2022-12-19,8호선,강동구청,11127,11478
2022-12-19,8호선,천호,14720,16910
2022-12-19,8호선,암사,19439,17293
2022-12-20,8호선,암사,20710,18206
2022-12-20,8호선,천호,15694,18274
2022-12-20,8호선,강동구청,11716,12120
2022-12-20,8호선,몽촌토성,7024,7265
2022-12-20,8호선,잠실,17744,20937
2022-12-20,8호선,석촌,8388,9662
2022-12-20,8호선,송파,10216,9883
2022-12-20,8호선,가락시장,9058,9935
2022-12-20,8호선,문정,23740,25011
2022-12-20,8호선,장지,19522,18605
2022-12-20,8호선,복정,9693,8113
2022-12-20,8호선,산성,5551,5508
2022-12-20,8호선,남한산성입구,14238,12811
2022-12-20,8호선,단대오거리,11920,11764
2022-12-20,8호선,신흥,5310,5759
2022-12-20,8호선,수진,5806,5408
2022-12-20,8호선,모란,4767,3525
2022-12-20,8호선,남위례,6547,6733
2022-12-21,8호선,남위례,7606,7671
2022-12-21,8호선,모란,4921,3794
2022-12-21,8호선,수진,6149,5736
2022-12-21,8호선,신흥,5629,5977
2022-12-21,8호선,단대오거리,12468,12421
2022-12-21,8호선,남한산성입구,14883,13335
2022-12-21,8호선,산성,6085,5909
2022-12-21,8호선,복정,10531,8754
2022-12-21,8호선,장지,21359,20309
2022-12-21,8호선,문정,25869,27538
2022-12-21,8호선,가락시장,9495,10568
2022-12-21,8호선,송파,11389,10781
2022-12-21,8호선,석촌,9114,10257
2022-12-21,8호선,잠실,19172,23010
2022-12-21,8호선,몽촌토성,7558,7729
2022-12-21,8호선,강동구청,12772,13051
2022-12-21,8호선,천호,16658,19333
2022-12-21,8호선,암사,21982,19345
2022-12-22,8호선,남위례,6818,6974
2022-12-22,8호선,모란,4676,3743
2022-12-22,8호선,수진,5941,5584
2022-12-22,8호선,신흥,5601,5788
2022-12-22,8호선,단대오거리,12016,11780
2022-12-22,8호선,남한산성입구,14034,12546
2022-12-22,8호선,산성,5698,5622
2022-12-22,8호선,복정,9736,8229
2022-12-22,8호선,장지,19713,18677
2022-12-22,8호선,문정,24163,25488
2022-12-22,8호선,가락시장,9037,9807
2022-12-22,8호선,송파,10386,10362
2022-12-22,8호선,석촌,9002,10229
2022-12-22,8호선,잠실,19614,22908
2022-12-22,8호선,몽촌토성,7108,7361
2022-12-22,8호선,강동구청,12373,12591
2022-12-22,8호선,천호,16164,18642
2022-12-22,8호선,암사,20903,18257
2022-12-23,8호선,남위례,6228,6333
2022-12-23,8호선,모란,4582,3942
2022-12-23,8호선,수진,5735,5333
2022-12-23,8호선,신흥,5356,5719
2022-12-23,8호선,단대오거리,11581,11055
2022-12-23,8호선,남한산성입구,13412,11912
2022-12-23,8호선,산성,5331,5175
2022-12-23,8호선,복정,9504,7900
2022-12-23,8호선,장지,19276,18337
2022-12-23,8호선,문정,22245,22879
2022-12-23,8호선,가락시장,8784,9935
2022-12-23,8호선,송파,10045,9842
2022-12-23,8호선,석촌,8535,10087
2022-12-23,8호선,잠실,19714,22878
2022-12-23,8호선,몽촌토성,6869,7216
2022-12-23,8호선,강동구청,11514,11676
2022-12-23,8호선,천호,16145,19203
2022-12-23,8호선,암사,19579,17233
2022-12-24,8호선,남위례,3731,3886
2022-12-24,8호선,모란,4795,4232
2022-12-24,8호선,수진,4659,4138
2022-12-24,8호선,신흥,4379,4729
2022-12-24,8호선,단대오거리,8206,7742
2022-12-24,8호선,남한산성입구,8934,7656
2022-12-24,8호선,산성,3787,3648
2022-12-24,8호선,복정,5517,4557
2022-12-24,8호선,장지,12858,12129
2022-12-24,8호선,문정,8196,7961
2022-12-24,8호선,가락시장,6096,6175
2022-12-24,8호선,송파,6630,6409
2022-12-24,8호선,석촌,6336,7805
2022-12-24,8호선,잠실,20381,22842
2022-12-24,8호선,몽촌토성,4364,4423
2022-12-24,8호선,강동구청,6478,6433
2022-12-24,8호선,천호,12348,15029
2022-12-24,8호선,암사,12370,11138
2022-12-25,8호선,산성,2885,2888
2022-12-25,8호선,암사,9343,8702
2022-12-25,8호선,천호,9374,11446
2022-12-25,8호선,강동구청,4846,4884
2022-12-25,8호선,몽촌토성,3645,3595
2022-12-25,8호선,잠실,17041,18905
2022-12-25,8호선,석촌,4774,6091
2022-12-25,8호선,송파,4614,4724
2022-12-25,8호선,가락시장,3439,4324
2022-12-25,8호선,문정,4714,4818
2022-12-25,8호선,장지,10098,10237
2022-12-25,8호선,복정,4604,4306
2022-12-25,8호선,남한산성입구,6899,6218
2022-12-25,8호선,단대오거리,6318,6208
2022-12-25,8호선,신흥,3533,3817
2022-12-25,8호선,수진,3346,2977
2022-12-25,8호선,모란,3027,2656
2022-12-25,8호선,남위례,2899,3021
2022-12-26,8호선,암사,18975,16883
2022-12-26,8호선,천호,15049,17135
2022-12-26,8호선,강동구청,10954,11260
2022-12-26,8호선,몽촌토성,6118,6258
2022-12-26,8호선,잠실,16885,19433
2022-12-26,8호선,석촌,7820,8955
2022-12-26,8호선,송파,9181,9004
2022-12-26,8호선,가락시장,8222,9090
2022-12-26,8호선,문정,21761,22737
2022-12-26,8호선,장지,17565,16808
2022-12-26,8호선,복정,8719,7357
2022-12-26,8호선,산성,5107,5089
2022-12-26,8호선,남한산성입구,13048,11873
2022-12-26,8호선,단대오거리,11353,11109
2022-12-26,8호선,신흥,5189,5435
2022-12-26,8호선,수진,5553,5088
2022-12-26,8호선,모란,4501,3527
2022-12-26,8호선,남위례,6081,6263
2022-12-27,8호선,남위례,6452,6684
2022-12-27,8호선,모란,4859,3944
2022-12-27,8호선,수진,5755,5309
2022-12-27,8호선,신흥,5361,5678
2022-12-27,8호선,단대오거리,11816,11442
2022-12-27,8호선,남한산성입구,13750,12360
2022-12-27,8호선,산성,5380,5420
2022-12-27,8호선,복정,9359,7820
2022-12-27,8호선,장지,18416,17555
2022-12-27,8호선,문정,22664,23974
2022-12-27,8호선,가락시장,8887,9610
2022-12-27,8호선,송파,9801,9620
2022-12-27,8호선,석촌,8171,9344
2022-12-27,8호선,잠실,17303,20128
2022-12-27,8호선,몽촌토성,6410,6532
2022-12-27,8호선,강동구청,11262,11412
2022-12-27,8호선,천호,15577,17903
2022-12-27,8호선,암사,19877,17558
2022-12-28,8호선,남위례,6407,6586
2022-12-28,8호선,모란,4766,3775
2022-12-28,8호선,수진,5504,5122
2022-12-28,8호선,신흥,5349,5640
2022-12-28,8호선,단대오거리,11833,11643
2022-12-28,8호선,남한산성입구,13517,12136
2022-12-28,8호선,산성,5373,5301
2022-12-28,8호선,복정,9268,7729
2022-12-28,8호선,장지,18644,17748
2022-12-28,8호선,문정,22084,23571
2022-12-28,8호선,가락시장,8807,9776
2022-12-28,8호선,송파,9625,9476
2022-12-28,8호선,석촌,8285,9615
2022-12-28,8호선,잠실,17859,20836
2022-12-28,8호선,몽촌토성,6551,6773
2022-12-28,8호선,강동구청,11342,11661
2022-12-28,8호선,천호,15709,18288
2022-12-28,8호선,암사,20104,17693
2022-12-29,8호선,남위례,6493,6668
2022-12-29,8호선,모란,6535,5166
2022-12-29,8호선,수진,5645,5125
2022-12-29,8호선,신흥,5467,5685
2022-12-29,8호선,단대오거리,11819,11513
2022-12-29,8호선,남한산성입구,13490,12162
2022-12-29,8호선,산성,5308,5233
2022-12-29,8호선,복정,8930,7420
2022-12-29,8호선,장지,18002,17185
2022-12-29,8호선,문정,21212,22653
2022-12-29,8호선,가락시장,8755,9776
2022-12-29,8호선,송파,9638,9361
2022-12-29,8호선,석촌,8320,9655
2022-12-29,8호선,잠실,17800,20789
2022-12-29,8호선,몽촌토성,6277,6489
2022-12-29,8호선,강동구청,11137,11363
2022-12-29,8호선,천호,15544,17839
2022-12-29,8호선,암사,19761,17264
2022-12-30,8호선,남위례,5951,6035
2022-12-30,8호선,모란,4831,4109
2022-12-30,8호선,수진,5612,5009
2022-12-30,8호선,신흥,5441,5506
2022-12-30,8호선,단대오거리,11574,11136
2022-12-30,8호선,남한산성입구,13324,11503
2022-12-30,8호선,산성,5115,4849
2022-12-30,8호선,복정,8629,7281
2022-12-30,8호선,장지,17460,16478
2022-12-30,8호선,문정,17951,18448
2022-12-30,8호선,가락시장,8514,9642
2022-12-30,8호선,송파,9320,9009
2022-12-30,8호선,석촌,8070,9511
2022-12-30,8호선,잠실,18534,21654
2022-12-30,8호선,몽촌토성,6155,6204
2022-12-30,8호선,강동구청,10536,10681
2022-12-30,8호선,천호,15589,18535
2022-12-30,8호선,암사,19076,16574
2022-12-31,8호선,몽촌토성,3888,3980
2022-12-31,8호선,잠실,14674,17134
2022-12-31,8호선,석촌,5527,6861
2022-12-31,8호선,송파,5701,5469
2022-12-31,8호선,가락시장,5489,5828
2022-12-31,8호선,문정,6146,5933
2022-12-31,8호선,장지,11622,10642
2022-12-31,8호선,복정,5331,4590
2022-12-31,8호선,산성,3567,3400
2022-12-31,8호선,남한산성입구,8553,7168
2022-12-31,8호선,단대오거리,7736,7031
2022-12-31,8호선,신흥,3864,4036
2022-12-31,8호선,수진,3960,3482
2022-12-31,8호선,모란,3502,3361
2022-12-31,8호선,남위례,3380,3522
2022-12-31,8호선,암사,11804,10328
2022-12-31,8호선,천호,10873,12859
2022-12-31,8호선,강동구청,5740,5733
2022-01-01,9호선,신논현,11872,11567
2022-01-01,9호선,사평,1135,1165
2022-01-01,9호선,고속터미널,5747,8054
2022-01-01,9호선,신반포,915,923
2022-01-01,9호선,구반포,374,367
2022-01-01,9호선,동작,979,871
2022-01-01,9호선,흑석,2765,2866
2022-01-01,9호선,노들,1846,1592
2022-01-01,9호선,노량진,11914,12084
2022-01-01,9호선,샛강,1321,1284
2022-01-01,9호선,여의도,4901,4639
2022-01-01,9호선,국회의사당,2450,2192
2022-01-01,9호선,당산,6380,6129
2022-01-01,9호선,선유도,2097,2041
2022-01-01,9호선,신목동,1286,1123
2022-01-01,9호선,염창,6195,6059
2022-01-01,9호선,등촌,3980,4040
2022-01-01,9호선,증미,2496,2544
2022-01-01,9호선,가양,7454,7393
2022-01-01,9호선,양천향교,3038,3065
2022-01-01,9호선,마곡나루,3936,3840
2022-01-01,9호선,신방화,2613,2658
2022-01-01,9호선,공항시장,1414,1491
2022-01-01,9호선,김포공항,5785,7500
2022-01-01,9호선,개화,888,806
2022-01-02,9호선,신논현,13234,12492
2022-01-02,9호선,사평,1353,1448
2022-01-02,9호선,고속터미널,9114,10548
2022-01-02,9호선,신반포,1328,1321
2022-01-02,9호선,구반포,471,462
2022-01-02,9호선,동작,1006,830
2022-01-02,9호선,흑석,3220,3460
2022-01-02,9호선,노들,2110,1966
2022-01-02,9호선,노량진,11771,13531
2022-01-02,9호선,샛강,1347,1380
2022-01-02,9호선,여의도,7506,6835
2022-01-02,9호선,국회의사당,3731,3447
2022-01-02,9호선,당산,6893,7440
2022-01-02,9호선,선유도,2131,2391
2022-01-02,9호선,신목동,1427,1327
2022-01-02,9호선,염창,6847,7311
2022-01-02,9호선,등촌,4364,4656
2022-01-02,9호선,증미,2648,2964
2022-01-02,9호선,가양,8201,8663
2022-01-02,9호선,양천향교,3297,3844
2022-01-02,9호선,마곡나루,4081,4380
2022-01-02,9호선,신방화,3021,3038
2022-01-02,9호선,공항시장,1523,1707
2022-01-02,9호선,김포공항,7550,9801
2022-01-02,9호선,개화,808,790
2022-01-03,9호선,개화,2398,1693
2022-01-03,9호선,김포공항,7033,9468
2022-01-03,9호선,공항시장,2706,3052
2022-01-03,9호선,신방화,6460,6503
2022-01-03,9호선,마곡나루,11020,11024
2022-01-03,9호선,양천향교,9060,9383
2022-01-03,9호선,가양,19220,18972
2022-01-03,9호선,증미,7311,7350
2022-01-03,9호선,등촌,10860,10868
2022-01-03,9호선,염창,16434,16203
2022-01-03,9호선,신목동,3826,3553
2022-01-03,9호선,선유도,8455,8120
2022-01-03,9호선,당산,16755,17187
2022-01-03,9호선,국회의사당,16264,16597
2022-01-03,9호선,여의도,26574,25459
2022-01-03,9호선,샛강,5535,5803
2022-01-03,9호선,노량진,23994,23948
2022-01-03,9호선,노들,4118,3630
2022-01-03,9호선,흑석,7304,7850
2022-01-03,9호선,동작,1768,1468
2022-01-03,9호선,구반포,1419,1474
2022-01-03,9호선,신반포,3006,2898
2022-01-03,9호선,고속터미널,10878,13257
2022-01-03,9호선,사평,3332,3376
2022-01-03,9호선,신논현,30463,30150
2022-01-04,9호선,개화,2352,1738
2022-01-04,9호선,김포공항,6735,9862
2022-01-04,9호선,공항시장,2800,3086
2022-01-04,9호선,신방화,6615,6453
2022-01-04,9호선,마곡나루,11490,11390
2022-01-04,9호선,양천향교,9242,9484
2022-01-04,9호선,가양,19877,19401
2022-01-04,9호선,증미,7374,7394
2022-01-04,9호선,등촌,11239,11024
2022-01-04,9호선,염창,16795,16567
2022-01-04,9호선,신목동,3989,3660
2022-01-04,9호선,선유도,8898,8579
2022-01-04,9호선,당산,17550,17565
2022-01-04,9호선,국회의사당,16980,17245
2022-01-04,9호선,여의도,27296,26028
2022-01-04,9호선,샛강,5824,6072
2022-01-04,9호선,노량진,24908,24385
2022-01-04,9호선,노들,4260,3815
2022-01-04,9호선,흑석,7598,7997
2022-01-04,9호선,동작,1740,1451
2022-01-04,9호선,구반포,1478,1569
2022-01-04,9호선,신반포,3034,3088
2022-01-04,9호선,고속터미널,10962,13876
2022-01-04,9호선,사평,3434,3375
2022-01-04,9호선,신논현,31815,31270
2022-01-05,9호선,개화,2403,1663
2022-01-05,9호선,김포공항,6614,9920
2022-01-05,9호선,공항시장,2818,3090
2022-01-05,9호선,신방화,6566,6446
2022-01-05,9호선,마곡나루,11527,11420
2022-01-05,9호선,양천향교,9384,9620
2022-01-05,9호선,가양,19568,19215
2022-01-05,9호선,증미,7325,7403
2022-01-05,9호선,등촌,11279,11222
2022-01-05,9호선,염창,16715,16527
2022-01-05,9호선,신목동,3889,3515
2022-01-05,9호선,선유도,8773,8379
2022-01-05,9호선,당산,17740,17807
2022-01-05,9호선,국회의사당,16996,17297
2022-01-05,9호선,여의도,27463,26079
2022-01-05,9호선,샛강,5743,6122
2022-01-05,9호선,노량진,25026,24391
2022-01-05,9호선,노들,4255,3687
2022-01-05,9호선,흑석,7715,8026
2022-01-05,9호선,동작,1899,1474
2022-01-05,9호선,구반포,1430,1566
2022-01-05,9호선,신반포,3163,3181
2022-01-05,9호선,고속터미널,11344,14525
2022-01-05,9호선,사평,3377,3225
2022-01-05,9호선,신논현,31524,30903
2022-01-06,9호선,개화,2436,1672
2022-01-06,9호선,김포공항,6839,10131
2022-01-06,9호선,공항시장,2842,3149
2022-01-06,9호선,신방화,6745,6599
2022-01-06,9호선,마곡나루,11810,11643
2022-01-06,9호선,양천향교,9457,9774
2022-01-06,9호선,가양,19891,19636
2022-01-06,9호선,증미,7316,7334
2022-01-06,9호선,등촌,11255,11134
2022-01-06,9호선,염창,16983,16675
2022-01-06,9호선,신목동,3907,3552
2022-01-06,9호선,선유도,8683,8328
2022-01-06,9호선,당산,17890,17815
2022-01-06,9호선,국회의사당,17264,17499
2022-01-06,9호선,여의도,27737,26498
2022-01-06,9호선,샛강,6000,6345
2022-01-06,9호선,노량진,25383,24626
2022-01-06,9호선,노들,4363,3757
2022-01-06,9호선,흑석,7699,8134
2022-01-06,9호선,동작,1837,1485
2022-01-06,9호선,구반포,1434,1553
2022-01-06,9호선,신반포,3206,3167
2022-01-06,9호선,고속터미널,11423,14551
2022-01-06,9호선,사평,3434,3329
2022-01-06,9호선,신논현,32112,31789
2022-01-07,9호선,가양,20176,19643
2022-01-07,9호선,개화,2476,1733
2022-01-07,9호선,고속터미널,12236,16914
2022-01-07,9호선,공항시장,2885,3119
2022-01-07,9호선,구반포,1477,1594
2022-01-07,9호선,국회의사당,16418,16640
2022-01-07,9호선,김포공항,7700,12232
2022-01-07,9호선,노들,4373,3799
2022-01-07,9호선,노량진,26431,25588
2022-01-07,9호선,당산,18382,18374
2022-01-07,9호선,동작,1840,1415
2022-01-07,9호선,등촌,11432,11240
2022-01-07,9호선,마곡나루,11979,11743
2022-01-07,9호선,사평,3688,3493
2022-01-07,9호선,샛강,5874,6175
2022-01-07,9호선,선유도,8679,8413
2022-01-07,9호선,신논현,34483,34252
2022-01-07,9호선,신목동,3976,3459
2022-01-07,9호선,신반포,3259,3208
2022-01-07,9호선,신방화,6708,6420
2022-01-07,9호선,양천향교,9533,9625
2022-01-07,9호선,여의도,28284,26378
2022-01-07,9호선,염창,17239,16574
2022-01-07,9호선,증미,7599,7460
2022-01-07,9호선,흑석,7859,8095
2022-01-08,9호선,개화,1131,1015
2022-01-08,9호선,김포공항,7124,11213
2022-01-08,9호선,공항시장,2230,2479
2022-01-08,9호선,신방화,4442,4211
2022-01-08,9호선,마곡나루,7566,7430
2022-01-08,9호선,양천향교,5611,5552
2022-01-08,9호선,가양,12934,12431
2022-01-08,9호선,증미,3847,3754
2022-01-08,9호선,등촌,6839,6810
2022-01-08,9호선,염창,10882,10267
2022-01-08,9호선,신목동,2100,1831
2022-01-08,9호선,선유도,3492,3353
2022-01-08,9호선,당산,11828,11280
2022-01-08,9호선,국회의사당,3848,4018
2022-01-08,9호선,여의도,10717,10361
2022-01-08,9호선,샛강,2423,2409
2022-01-08,9호선,노량진,20144,19809
2022-01-08,9호선,노들,2909,2501
2022-01-08,9호선,흑석,5103,5163
2022-01-08,9호선,동작,1335,1098
2022-01-08,9호선,구반포,1068,1097
2022-01-08,9호선,신반포,2447,2280
2022-01-08,9호선,고속터미널,10828,15273
2022-01-08,9호선,사평,2098,1975
2022-01-08,9호선,신논현,25609,24730
2022-01-09,9호선,개화,921,811
2022-01-09,9호선,김포공항,6767,10490
2022-01-09,9호선,공항시장,1614,1709
2022-01-09,9호선,신방화,3151,3055
2022-01-09,9호선,마곡나루,5263,5144
2022-01-09,9호선,양천향교,3748,3913
2022-01-09,9호선,가양,8996,8918
2022-01-09,9호선,증미,2263,2316
2022-01-09,9호선,등촌,4574,4795
2022-01-09,9호선,염창,7430,7506
2022-01-09,9호선,신목동,1566,1376
2022-01-09,9호선,선유도,2523,2560
2022-01-09,9호선,당산,8116,8125
2022-01-09,9호선,국회의사당,4217,3965
2022-01-09,9호선,여의도,8527,7728
2022-01-09,9호선,샛강,1464,1529
2022-01-09,9호선,노량진,13491,14531
2022-01-09,9호선,노들,2242,1984
2022-01-09,9호선,흑석,5491,4964
2022-01-09,9호선,동작,1028,937
2022-01-09,9호선,구반포,545,540
2022-01-09,9호선,신반포,1500,1548
2022-01-09,9호선,고속터미널,8526,11666
2022-01-09,9호선,사평,1382,1463
2022-01-09,9호선,신논현,15098,14248
2022-01-10,9호선,신논현,32094,31321
2022-01-10,9호선,사평,3393,3335
2022-01-10,9호선,고속터미널,11095,14222
2022-01-10,9호선,신반포,3104,3054
2022-01-10,9호선,구반포,1429,1522
2022-01-10,9호선,동작,1666,1386
2022-01-10,9호선,흑석,7649,7979
2022-01-10,9호선,노들,4252,3690
2022-01-10,9호선,노량진,25665,25115
2022-01-10,9호선,샛강,5897,6207
2022-01-10,9호선,여의도,27796,26561
2022-01-10,9호선,국회의사당,16879,17166
2022-01-10,9호선,당산,17601,17703
2022-01-10,9호선,선유도,8884,8566
2022-01-10,9호선,신목동,4033,3643
2022-01-10,9호선,염창,16890,16702
2022-01-10,9호선,등촌,11304,11323
2022-01-10,9호선,증미,7367,7398
2022-01-10,9호선,가양,20056,19770
2022-01-10,9호선,양천향교,9461,9689
2022-01-10,9호선,마곡나루,11536,11537
2022-01-10,9호선,신방화,6544,6380
2022-01-10,9호선,공항시장,2808,3147
2022-01-10,9호선,김포공항,7019,10677
2022-01-10,9호선,개화,2479,1728
2022-01-11,9호선,신반포,3103,3055
2022-01-11,9호선,구반포,1474,1507
2022-01-11,9호선,동작,1736,1333
2022-01-11,9호선,흑석,7625,8130
2022-01-11,9호선,노들,4275,3724
2022-01-11,9호선,노량진,26066,25185
2022-01-11,9호선,샛강,6026,6401
2022-01-11,9호선,여의도,28497,27116
2022-01-11,9호선,국회의사당,17722,17931
2022-01-11,9호선,당산,18333,18219
2022-01-11,9호선,선유도,9165,8918
2022-01-11,9호선,신목동,4029,3569
2022-01-11,9호선,염창,17038,16576
2022-01-11,9호선,등촌,11413,11308
2022-01-11,9호선,증미,7527,7546
2022-01-11,9호선,가양,20097,19685
2022-01-11,9호선,양천향교,9599,9980
2022-01-11,9호선,마곡나루,11887,11644
2022-01-11,9호선,신방화,6592,6423
2022-01-11,9호선,공항시장,2876,3184
2022-01-11,9호선,김포공항,6755,10692
2022-01-11,9호선,개화,2424,1739
2022-01-11,9호선,신논현,32704,32257
2022-01-11,9호선,사평,3495,3474
2022-01-11,9호선,고속터미널,10971,14125
2022-01-12,9호선,신논현,32038,31596
2022-01-12,9호선,사평,3400,3384
2022-01-12,9호선,고속터미널,11174,14138
2022-01-12,9호선,신반포,3093,3065
2022-01-12,9호선,구반포,1483,1541
2022-01-12,9호선,동작,1770,1370
2022-01-12,9호선,흑석,7622,8052
2022-01-12,9호선,노들,4264,3744
2022-01-12,9호선,노량진,25918,25224
2022-01-12,9호선,샛강,5988,6266
2022-01-12,9호선,여의도,28100,26388
2022-01-12,9호선,국회의사당,17399,17661
2022-01-12,9호선,당산,17928,18024
2022-01-12,9호선,선유도,8913,8719
2022-01-12,9호선,신목동,3930,3526
2022-01-12,9호선,염창,16962,16662
2022-01-12,9호선,등촌,11062,11087
2022-01-12,9호선,증미,7363,7319
2022-01-12,9호선,가양,19600,19246
2022-01-12,9호선,양천향교,9372,9754
2022-01-12,9호선,마곡나루,11814,11660
2022-01-12,9호선,신방화,6465,6383
2022-01-12,9호선,공항시장,2827,3090
2022-01-12,9호선,김포공항,6764,10490
2022-01-12,9호선,개화,2303,1629
2022-01-13,9호선,개화,2376,1683
2022-01-13,9호선,김포공항,6906,10731
2022-01-13,9호선,공항시장,2846,3186
2022-01-13,9호선,신방화,6499,6501
2022-01-13,9호선,마곡나루,11933,11801
2022-01-13,9호선,양천향교,9571,9826
2022-01-13,9호선,가양,19871,19258
2022-01-13,9호선,증미,7368,7274
2022-01-13,9호선,등촌,11147,11157
2022-01-13,9호선,염창,16906,16512
2022-01-13,9호선,신목동,4011,3564
2022-01-13,9호선,선유도,8902,8622
2022-01-13,9호선,당산,18428,18303
2022-01-13,9호선,국회의사당,17729,17713
2022-01-13,9호선,여의도,28542,26713
2022-01-13,9호선,샛강,5988,6144
2022-01-13,9호선,노량진,26086,25343
2022-01-13,9호선,노들,4257,3710
2022-01-13,9호선,흑석,7732,8111
2022-01-13,9호선,동작,1743,1386
2022-01-13,9호선,구반포,1390,1507
2022-01-13,9호선,신반포,3116,3117
2022-01-13,9호선,고속터미널,11284,14602
2022-01-13,9호선,사평,3482,3445
2022-01-13,9호선,신논현,32531,32026
2022-01-14,9호선,개화,2329,1665
2022-01-14,9호선,김포공항,8050,12636
2022-01-14,9호선,공항시장,2910,3105
2022-01-14,9호선,신방화,6643,6454
2022-01-14,9호선,마곡나루,11785,11673
2022-01-14,9호선,양천향교,9641,9801
2022-01-14,9호선,가양,20054,19439
2022-01-14,9호선,증미,7346,7413
2022-01-14,9호선,등촌,11315,11232
2022-01-14,9호선,염창,17120,16562
2022-01-14,9호선,신목동,3904,3505
2022-01-14,9호선,선유도,8841,8338
2022-01-14,9호선,당산,18663,18465
2022-01-14,9호선,국회의사당,16946,17031
2022-01-14,9호선,여의도,28605,26665
2022-01-14,9호선,샛강,5954,6120
2022-01-14,9호선,노량진,27202,26146
2022-01-14,9호선,노들,4364,3725
2022-01-14,9호선,흑석,7892,8150
2022-01-14,9호선,동작,1856,1397
2022-01-14,9호선,구반포,1481,1528
2022-01-14,9호선,신반포,3215,3211
2022-01-14,9호선,고속터미널,12438,16952
2022-01-14,9호선,사평,3542,3502
2022-01-14,9호선,신논현,34553,34015
2022-01-15,9호선,신논현,25785,25095
2022-01-15,9호선,사평,2146,1996
2022-01-15,9호선,고속터미널,10865,15712
2022-01-15,9호선,신반포,2313,2218
2022-01-15,9호선,구반포,955,1017
2022-01-15,9호선,동작,1317,1089
2022-01-15,9호선,흑석,5244,5229
2022-01-15,9호선,노들,3031,2517
2022-01-15,9호선,노량진,20662,20482
2022-01-15,9호선,샛강,2299,2317
2022-01-15,9호선,여의도,12647,11617
2022-01-15,9호선,국회의사당,5130,4977
2022-01-15,9호선,당산,12026,11171
2022-01-15,9호선,선유도,3605,3437
2022-01-15,9호선,신목동,2105,1826
2022-01-15,9호선,염창,11116,10375
2022-01-15,9호선,등촌,6806,6740
2022-01-15,9호선,증미,3974,3778
2022-01-15,9호선,가양,12855,12423
2022-01-15,9호선,양천향교,5498,5479
2022-01-15,9호선,마곡나루,7498,7299
2022-01-15,9호선,신방화,4310,4280
2022-01-15,9호선,공항시장,2160,2252
2022-01-15,9호선,김포공항,7378,11602
2022-01-15,9호선,개화,1147,989
2022-01-16,9호선,개화,828,854
2022-01-16,9호선,김포공항,6913,10973
2022-01-16,9호선,공항시장,1669,1876
2022-01-16,9호선,신방화,3253,3201
2022-01-16,9호선,마곡나루,5403,5334
2022-01-16,9호선,양천향교,3765,4027
2022-01-16,9호선,가양,9241,9247
2022-01-16,9호선,증미,2736,2844
2022-01-16,9호선,등촌,4964,5116
2022-01-16,9호선,염창,7830,7892
2022-01-16,9호선,신목동,1541,1367
2022-01-16,9호선,선유도,2482,2466
2022-01-16,9호선,당산,8063,8061
2022-01-16,9호선,국회의사당,4485,4193
2022-01-16,9호선,여의도,8533,7574
2022-01-16,9호선,샛강,1547,1540
2022-01-16,9호선,노량진,13882,14708
2022-01-16,9호선,노들,2315,2044
2022-01-16,9호선,흑석,3427,3560
2022-01-16,9호선,동작,1097,855
2022-01-16,9호선,구반포,491,532
2022-01-16,9호선,신반포,1615,1642
2022-01-16,9호선,고속터미널,8440,11905
2022-01-16,9호선,사평,1416,1479
2022-01-16,9호선,신논현,15338,14463
2022-01-17,9호선,개화,2435,1736
2022-01-17,9호선,김포공항,7329,11259
2022-01-17,9호선,공항시장,2826,3077
2022-01-17,9호선,신방화,6645,6742
2022-01-17,9호선,마곡나루,11718,11493
2022-01-17,9호선,양천향교,9522,9867
2022-01-17,9호선,가양,20157,19844
2022-01-17,9호선,증미,7661,7672
2022-01-17,9호선,등촌,11501,11763
2022-01-17,9호선,염창,16990,16770
2022-01-17,9호선,신목동,3972,3760
2022-01-17,9호선,선유도,9184,8688
2022-01-17,9호선,당산,18175,18340
2022-01-17,9호선,국회의사당,18001,17743
2022-01-17,9호선,여의도,28684,27006
2022-01-17,9호선,샛강,6291,6328
2022-01-17,9호선,노량진,25677,25188
2022-01-17,9호선,노들,4164,3698
2022-01-17,9호선,흑석,7818,8352
2022-01-17,9호선,동작,1743,1346
2022-01-17,9호선,구반포,1399,1519
2022-01-17,9호선,신반포,3094,3088
2022-01-17,9호선,고속터미널,11317,14138
2022-01-17,9호선,사평,3488,3645
2022-01-17,9호선,신논현,32232,31773
2022-01-18,9호선,신논현,33303,32801
2022-01-18,9호선,사평,3532,3455
2022-01-18,9호선,고속터미널,11374,14462
2022-01-18,9호선,신반포,3134,3192
2022-01-18,9호선,구반포,1502,1543
2022-01-18,9호선,동작,1778,1411
2022-01-18,9호선,흑석,7626,8004
2022-01-18,9호선,노들,4391,3765
2022-01-18,9호선,노량진,26040,25260
2022-01-18,9호선,샛강,6111,6426
2022-01-18,9호선,여의도,28823,27451
2022-01-18,9호선,국회의사당,18032,18393
2022-01-18,9호선,당산,18263,18441
2022-01-18,9호선,선유도,9143,8818
2022-01-18,9호선,신목동,4154,3685
2022-01-18,9호선,염창,17322,16835
2022-01-18,9호선,등촌,11607,11490
2022-01-18,9호선,증미,7595,7638
2022-01-18,9호선,가양,20143,19761
2022-01-18,9호선,양천향교,9704,9950
2022-01-18,9호선,마곡나루,12112,12073
2022-01-18,9호선,신방화,6647,6575
2022-01-18,9호선,공항시장,2895,3187
2022-01-18,9호선,김포공항,7106,10973
2022-01-18,9호선,개화,2423,1718
2022-01-19,9호선,신논현,33109,32818
2022-01-19,9호선,사평,3781,3777
2022-01-19,9호선,고속터미널,11646,14971
2022-01-19,9호선,신반포,3431,3406
2022-01-19,9호선,구반포,1463,1516
2022-01-19,9호선,동작,1756,1413
2022-01-19,9호선,흑석,8109,8482
2022-01-19,9호선,노들,4493,3911
2022-01-19,9호선,노량진,26761,26241
2022-01-19,9호선,샛강,6403,6558
2022-01-19,9호선,여의도,30218,28149
2022-01-19,9호선,국회의사당,19131,18901
2022-01-19,9호선,당산,18848,19126
2022-01-19,9호선,선유도,9538,9253
2022-01-19,9호선,신목동,4219,3877
2022-01-19,9호선,염창,17738,17518
2022-01-19,9호선,등촌,11732,11860
2022-01-19,9호선,증미,7932,7922
2022-01-19,9호선,가양,20619,20334
2022-01-19,9호선,양천향교,10043,10309
2022-01-19,9호선,마곡나루,12599,12245
2022-01-19,9호선,신방화,6915,6758
2022-01-19,9호선,공항시장,2950,3224
2022-01-19,9호선,김포공항,7427,11687
2022-01-19,9호선,개화,2503,1755
2022-01-20,9호선,개화,2457,1743
2022-01-20,9호선,김포공항,7624,11383
2022-01-20,9호선,공항시장,3000,3318
2022-01-20,9호선,신방화,6705,6552
2022-01-20,9호선,마곡나루,12177,11980
2022-01-20,9호선,양천향교,9677,9969
2022-01-20,9호선,가양,20391,20053
2022-01-20,9호선,증미,7660,7659
2022-01-20,9호선,등촌,11677,11436
2022-01-20,9호선,염창,17502,17133
2022-01-20,9호선,신목동,4186,3665
2022-01-20,9호선,선유도,8889,8654
2022-01-20,9호선,당산,18679,18481
2022-01-20,9호선,국회의사당,17521,18156
2022-01-20,9호선,여의도,28503,27387
2022-01-20,9호선,샛강,6172,6394
2022-01-20,9호선,노량진,26783,25626
2022-01-20,9호선,노들,4402,3746
2022-01-20,9호선,흑석,7804,8160
2022-01-20,9호선,동작,1867,1463
2022-01-20,9호선,구반포,1377,1483
2022-01-20,9호선,신반포,3269,3192
2022-01-20,9호선,고속터미널,11684,14910
2022-01-20,9호선,사평,3516,3427
2022-01-20,9호선,신논현,32749,32536
2022-01-21,9호선,신논현,34993,34956
2022-01-21,9호선,사평,3639,3496
2022-01-21,9호선,고속터미널,12581,16999
2022-01-21,9호선,신반포,3438,3268
2022-01-21,9호선,구반포,1528,1571
2022-01-21,9호선,동작,1961,1565
2022-01-21,9호선,흑석,8030,8330
2022-01-21,9호선,노들,4490,3813
2022-01-21,9호선,노량진,27307,26419
2022-01-21,9호선,샛강,6194,6265
2022-01-21,9호선,여의도,29243,27206
2022-01-21,9호선,국회의사당,17211,17561
2022-01-21,9호선,당산,18997,18999
2022-01-21,9호선,선유도,8991,8597
2022-01-21,9호선,신목동,4148,3672
2022-01-21,9호선,염창,17715,16996
2022-01-21,9호선,등촌,11682,11661
2022-01-21,9호선,증미,7622,7621
2022-01-21,9호선,가양,20678,20113
2022-01-21,9호선,양천향교,9782,9927
2022-01-21,9호선,마곡나루,12162,12051
2022-01-21,9호선,신방화,6864,6498
2022-01-21,9호선,공항시장,2966,3262
2022-01-21,9호선,김포공항,8242,13149
2022-01-21,9호선,개화,2449,1729
2022-01-22,9호선,개화,1265,1054
2022-01-22,9호선,김포공항,7727,11769
2022-01-22,9호선,공항시장,2266,2352
2022-01-22,9호선,신방화,4535,4413
2022-01-22,9호선,마곡나루,7805,7620
2022-01-22,9호선,양천향교,5687,5569
2022-01-22,9호선,가양,13753,13070
2022-01-22,9호선,증미,3961,3943
2022-01-22,9호선,등촌,7145,6997
2022-01-22,9호선,염창,11455,10767
2022-01-22,9호선,신목동,2278,1992
2022-01-22,9호선,선유도,3740,3574
2022-01-22,9호선,당산,12686,11720
2022-01-22,9호선,국회의사당,4148,4332
2022-01-22,9호선,여의도,11566,11114
2022-01-22,9호선,샛강,2441,2472
2022-01-22,9호선,노량진,20878,20449
2022-01-22,9호선,노들,3153,2696
2022-01-22,9호선,흑석,5301,5434
2022-01-22,9호선,동작,1556,1252
2022-01-22,9호선,구반포,1165,1169
2022-01-22,9호선,신반포,2465,2358
2022-01-22,9호선,고속터미널,11234,16062
2022-01-22,9호선,사평,2204,2014
2022-01-22,9호선,신논현,26414,25630
2022-01-23,9호선,개화,885,882
2022-01-23,9호선,김포공항,6866,11132
2022-01-23,9호선,공항시장,1653,1852
2022-01-23,9호선,신방화,3183,3130
2022-01-23,9호선,마곡나루,5266,5297
2022-01-23,9호선,양천향교,4023,4237
2022-01-23,9호선,가양,9723,9441
2022-01-23,9호선,증미,2345,2315
2022-01-23,9호선,등촌,4869,4891
2022-01-23,9호선,염창,7877,8007
2022-01-23,9호선,신목동,1620,1441
2022-01-23,9호선,선유도,2579,2604
2022-01-23,9호선,당산,8618,8441
2022-01-23,9호선,국회의사당,4597,4417
2022-01-23,9호선,여의도,8466,7598
2022-01-23,9호선,샛강,1512,1636
2022-01-23,9호선,노량진,14646,15360
2022-01-23,9호선,노들,2370,2122
2022-01-23,9호선,흑석,3537,3780
2022-01-23,9호선,동작,1454,1040
2022-01-23,9호선,구반포,507,514
2022-01-23,9호선,신반포,1712,1689
2022-01-23,9호선,고속터미널,8530,11945
2022-01-23,9호선,사평,1450,1549
2022-01-23,9호선,신논현,15627,14859
2022-01-24,9호선,개화,2498,1747
2022-01-24,9호선,김포공항,7117,11348
2022-01-24,9호선,공항시장,2866,3234
2022-01-24,9호선,신방화,6725,6612
2022-01-24,9호선,마곡나루,11830,11651
2022-01-24,9호선,양천향교,9423,9580
2022-01-24,9호선,가양,20411,19901
2022-01-24,9호선,증미,7677,7699
2022-01-24,9호선,등촌,11508,11407
2022-01-24,9호선,염창,17034,16629
2022-01-24,9호선,신목동,4090,3651
2022-01-24,9호선,선유도,8951,8411
2022-01-24,9호선,당산,17724,17929
2022-01-24,9호선,국회의사당,17048,17741
2022-01-24,9호선,여의도,28214,27265
2022-01-24,9호선,샛강,5988,6220
2022-01-24,9호선,노량진,25747,24843
2022-01-24,9호선,노들,4393,3829
2022-01-24,9호선,흑석,8012,8470
2022-01-24,9호선,동작,2081,1621
2022-01-24,9호선,구반포,1389,1475
2022-01-24,9호선,신반포,3271,3210
2022-01-24,9호선,고속터미널,11473,14441
2022-01-24,9호선,사평,3435,3364
2022-01-24,9호선,신논현,32373,31851
2022-01-25,9호선,신논현,32981,32931
2022-01-25,9호선,사평,3574,3445
2022-01-25,9호선,고속터미널,11431,14992
2022-01-25,9호선,신반포,3231,3210
2022-01-25,9호선,구반포,1455,1520
2022-01-25,9호선,동작,2143,1675
2022-01-25,9호선,흑석,8148,8453
2022-01-25,9호선,노들,4493,3811
2022-01-25,9호선,노량진,25773,24969
2022-01-25,9호선,샛강,6163,6328
2022-01-25,9호선,여의도,28512,27435
2022-01-25,9호선,국회의사당,17833,18350
2022-01-25,9호선,당산,18180,18068
2022-01-25,9호선,선유도,9163,8900
2022-01-25,9호선,신목동,4106,3660
2022-01-25,9호선,염창,17464,16728
2022-01-25,9호선,등촌,11611,11580
2022-01-25,9호선,증미,7680,7637
2022-01-25,9호선,가양,20414,20064
2022-01-25,9호선,양천향교,9662,9802
2022-01-25,9호선,마곡나루,12182,11917
2022-01-25,9호선,신방화,6779,6610
2022-01-25,9호선,공항시장,2963,3249
2022-01-25,9호선,김포공항,7029,10897
2022-01-25,9호선,개화,2443,1739
2022-01-26,9호선,개화,2515,1696
2022-01-26,9호선,김포공항,7227,11289
2022-01-26,9호선,공항시장,2963,3214
2022-01-26,9호선,신방화,6885,6665
2022-01-26,9호선,마곡나루,12204,12058
2022-01-26,9호선,양천향교,9714,9896
2022-01-26,9호선,가양,20581,20197
2022-01-26,9호선,증미,7546,7526
2022-01-26,9호선,등촌,11775,11696
2022-01-26,9호선,염창,17566,17084
2022-01-26,9호선,신목동,4218,3800
2022-01-26,9호선,선유도,9123,8765
2022-01-26,9호선,당산,18419,18415
2022-01-26,9호선,국회의사당,18193,18619
2022-01-26,9호선,여의도,29140,27745
2022-01-26,9호선,샛강,6137,6374
2022-01-26,9호선,노량진,26574,25750
2022-01-26,9호선,노들,4575,3939
2022-01-26,9호선,흑석,8158,8451
2022-01-26,9호선,동작,2245,1768
2022-01-26,9호선,구반포,1447,1494
2022-01-26,9호선,신반포,3280,3260
2022-01-26,9호선,고속터미널,11773,15517
2022-01-26,9호선,사평,3499,3456
2022-01-26,9호선,신논현,32884,32514
2022-01-27,9호선,신논현,32847,32368
2022-01-27,9호선,사평,3525,3459
2022-01-27,9호선,고속터미널,11657,16139
2022-01-27,9호선,신반포,3009,3032
2022-01-27,9호선,구반포,1422,1513
2022-01-27,9호선,동작,2330,1805
2022-01-27,9호선,흑석,8020,8344
2022-01-27,9호선,노들,4476,3833
2022-01-27,9호선,노량진,26398,25085
2022-01-27,9호선,샛강,6054,6168
2022-01-27,9호선,여의도,28124,26712
2022-01-27,9호선,국회의사당,17880,17979
2022-01-27,9호선,당산,18284,17986
2022-01-27,9호선,선유도,8889,8564
2022-01-27,9호선,신목동,4077,3689
2022-01-27,9호선,염창,17349,16588
2022-01-27,9호선,등촌,11810,11581
2022-01-27,9호선,증미,7721,7673
2022-01-27,9호선,가양,20469,19748
2022-01-27,9호선,양천향교,9497,9565
2022-01-27,9호선,마곡나루,11885,11574
2022-01-27,9호선,신방화,6805,6674
2022-01-27,9호선,공항시장,2974,3217
2022-01-27,9호선,김포공항,7473,12503
2022-01-27,9호선,개화,2458,1721
2022-01-28,9호선,개화,2336,1671
2022-01-28,9호선,김포공항,7775,14698
2022-01-28,9호선,공항시장,2976,3116
2022-01-28,9호선,신방화,6763,6483
2022-01-28,9호선,마곡나루,11509,11079
2022-01-28,9호선,양천향교,9206,9052
2022-01-28,9호선,가양,20330,19310
2022-01-28,9호선,증미,7652,7392
2022-01-28,9호선,등촌,11821,11344
2022-01-28,9호선,염창,17140,16096
2022-01-28,9호선,신목동,3996,3440
2022-01-28,9호선,선유도,8444,7917
2022-01-28,9호선,당산,18067,17592
2022-01-28,9호선,국회의사당,15388,15506
2022-01-28,9호선,여의도,27794,25194
2022-01-28,9호선,샛강,5589,5700
2022-01-28,9호선,노량진,27022,25165
2022-01-28,9호선,노들,4509,3636
2022-01-28,9호선,흑석,7974,8125
2022-01-28,9호선,동작,2362,1890
2022-01-28,9호선,구반포,1404,1461
2022-01-28,9호선,신반포,2944,3000
2022-01-28,9호선,고속터미널,12310,23067
2022-01-28,9호선,사평,3598,3381
2022-01-28,9호선,신논현,33427,33100
2022-01-29,9호선,신논현,19991,19432
2022-01-29,9호선,사평,1932,1829
2022-01-29,9호선,고속터미널,8773,19640
2022-01-29,9호선,신반포,1624,1545
2022-01-29,9호선,구반포,663,694
2022-01-29,9호선,동작,1255,918
2022-01-29,9호선,흑석,4300,4219
2022-01-29,9호선,노들,2679,2215
2022-01-29,9호선,노량진,17626,16109
2022-01-29,9호선,샛강,1787,1869
2022-01-29,9호선,여의도,8746,7809
2022-01-29,9호선,국회의사당,2706,2686
2022-01-29,9호선,당산,9964,8546
2022-01-29,9호선,선유도,3054,2626
2022-01-29,9호선,신목동,1770,1504
2022-01-29,9호선,염창,9484,8300
2022-01-29,9호선,등촌,6528,5994
2022-01-29,9호선,증미,3662,3418
2022-01-29,9호선,가양,11456,10270
2022-01-29,9호선,양천향교,4697,4206
2022-01-29,9호선,마곡나루,5678,5155
2022-01-29,9호선,신방화,4013,3749
2022-01-29,9호선,공항시장,1975,2052
2022-01-29,9호선,김포공항,6626,13318
2022-01-29,9호선,개화,1062,903
2022-01-30,9호선,신논현,12150,11509
2022-01-30,9호선,사평,1122,1138
2022-01-30,9호선,고속터미널,6281,14433
2022-01-30,9호선,신반포,1198,1187
2022-01-30,9호선,구반포,429,376
2022-01-30,9호선,동작,1130,802
2022-01-30,9호선,흑석,3148,3112
2022-01-30,9호선,노들,1980,1652
2022-01-30,9호선,노량진,12060,11009
2022-01-30,9호선,샛강,1191,1170
2022-01-30,9호선,여의도,6539,5769
2022-01-30,9호선,국회의사당,2976,2644
2022-01-30,9호선,당산,6524,5881
2022-01-30,9호선,선유도,2190,1940
2022-01-30,9호선,신목동,1294,1130
2022-01-30,9호선,염창,7020,5969
2022-01-30,9호선,등촌,4534,4172
2022-01-30,9호선,증미,2668,2543
2022-01-30,9호선,가양,8315,7421
2022-01-30,9호선,양천향교,3324,2906
2022-01-30,9호선,마곡나루,3874,3573
2022-01-30,9호선,신방화,2771,2700
2022-01-30,9호선,공항시장,1406,1436
2022-01-30,9호선,김포공항,5427,10787
2022-01-30,9호선,개화,850,769
2022-01-31,9호선,신논현,9001,8353
2022-01-31,9호선,사평,946,943
2022-01-31,9호선,고속터미널,4686,9228
2022-01-31,9호선,신반포,826,811
2022-01-31,9호선,구반포,266,280
2022-01-31,9호선,동작,828,602
2022-01-31,9호선,흑석,2314,2444
2022-01-31,9호선,노들,1512,1253
2022-01-31,9호선,노량진,10416,9547
2022-01-31,9호선,샛강,1034,1011
2022-01-31,9호선,여의도,3592,3302
2022-01-31,9호선,국회의사당,1484,1371
2022-01-31,9호선,당산,4897,4591
2022-01-31,9호선,선유도,1607,1429
2022-01-31,9호선,신목동,1024,926
2022-01-31,9호선,염창,5156,4783
2022-01-31,9호선,등촌,3646,3599
2022-01-31,9호선,증미,2172,2159
2022-01-31,9호선,가양,6483,6086
2022-01-31,9호선,양천향교,2621,2360
2022-01-31,9호선,마곡나루,2949,2725
2022-01-31,9호선,신방화,2213,2185
2022-01-31,9호선,공항시장,1186,1206
2022-01-31,9호선,김포공항,4990,8934
2022-01-31,9호선,개화,769,666
2022-02-01,9호선,신논현,6205,6213
2022-02-01,9호선,사평,820,863
2022-02-01,9호선,고속터미널,7335,4824
2022-02-01,9호선,신반포,537,539
2022-02-01,9호선,구반포,230,202
2022-02-01,9호선,동작,803,664
2022-02-01,9호선,흑석,2146,2272
2022-02-01,9호선,노들,1243,1188
2022-02-01,9호선,노량진,7781,9072
2022-02-01,9호선,샛강,732,753
2022-02-01,9호선,여의도,2734,2738
2022-02-01,9호선,국회의사당,1118,1172
2022-02-01,9호선,당산,4156,4902
2022-02-01,9호선,선유도,1393,1643
2022-02-01,9호선,신목동,996,905
2022-02-01,9호선,염창,4572,5255
2022-02-01,9호선,등촌,2940,3445
2022-02-01,9호선,증미,1612,1868
2022-02-01,9호선,가양,5635,6248
2022-02-01,9호선,양천향교,2297,2680
2022-02-01,9호선,마곡나루,2564,2989
2022-02-01,9호선,신방화,2125,2147
2022-02-01,9호선,공항시장,1045,1216
2022-02-01,9호선,김포공항,6900,8777
2022-02-01,9호선,개화,493,464
2022-02-02,9호선,개화,832,778
2022-02-02,9호선,김포공항,8234,9932
2022-02-02,9호선,공항시장,1209,1488
2022-02-02,9호선,신방화,2454,2551
2022-02-02,9호선,마곡나루,3722,4293
2022-02-02,9호선,양천향교,2990,3676
2022-02-02,9호선,가양,6875,7678
2022-02-02,9호선,증미,2134,2458
2022-02-02,9호선,등촌,3915,4611
2022-02-02,9호선,염창,6045,6909
2022-02-02,9호선,신목동,1322,1177
2022-02-02,9호선,선유도,1920,2213
2022-02-02,9호선,당산,6054,7143
2022-02-02,9호선,국회의사당,2230,2405
2022-02-02,9호선,여의도,7076,6666
2022-02-02,9호선,샛강,1215,1209
2022-02-02,9호선,노량진,10519,12624
2022-02-02,9호선,노들,1632,1630
2022-02-02,9호선,흑석,2590,2998
2022-02-02,9호선,동작,1282,1026
2022-02-02,9호선,구반포,328,350
2022-02-02,9호선,신반포,936,945
2022-02-02,9호선,고속터미널,12259,9083
2022-02-02,9호선,사평,1257,1318
2022-02-02,9호선,신논현,11181,11370
2022-02-03,9호선,양천향교,8408,8947
2022-02-03,9호선,마곡나루,9797,10106
2022-02-03,9호선,신방화,6057,6046
2022-02-03,9호선,공항시장,2704,2921
2022-02-03,9호선,김포공항,6937,10304
2022-02-03,9호선,개화,2188,1509
2022-02-03,9호선,신논현,28665,28701
2022-02-03,9호선,사평,3149,3111
2022-02-03,9호선,고속터미널,10907,12957
2022-02-03,9호선,신반포,2603,2691
2022-02-03,9호선,구반포,1171,1236
2022-02-03,9호선,동작,1853,1570
2022-02-03,9호선,흑석,6850,7366
2022-02-03,9호선,노들,3854,3403
2022-02-03,9호선,노량진,22171,22310
2022-02-03,9호선,샛강,5118,5292
2022-02-03,9호선,여의도,23468,22609
2022-02-03,9호선,국회의사당,14993,15060
2022-02-03,9호선,당산,15588,16220
2022-02-03,9호선,선유도,7452,7257
2022-02-03,9호선,신목동,3562,3258
2022-02-03,9호선,염창,15106,15126
2022-02-03,9호선,등촌,10239,10352
2022-02-03,9호선,증미,6448,6610
2022-02-03,9호선,가양,17854,17917
2022-02-04,9호선,신논현,31320,31194
2022-02-04,9호선,사평,3354,3259
2022-02-04,9호선,고속터미널,11116,14306
2022-02-04,9호선,신반포,2718,2691
2022-02-04,9호선,구반포,1257,1377
2022-02-04,9호선,동작,1896,1495
2022-02-04,9호선,흑석,7102,7498
2022-02-04,9호선,노들,4101,3529
2022-02-04,9호선,노량진,24027,23467
2022-02-04,9호선,샛강,5436,5761
2022-02-04,9호선,여의도,25193,23682
2022-02-04,9호선,국회의사당,15332,15236
2022-02-04,9호선,당산,16799,17050
2022-02-04,9호선,선유도,7944,7720
2022-02-04,9호선,신목동,3631,3251
2022-02-04,9호선,염창,15849,15365
2022-02-04,9호선,등촌,10562,10604
2022-02-04,9호선,증미,6882,6868
2022-02-04,9호선,가양,18805,18445
2022-02-04,9호선,양천향교,8876,9230
2022-02-04,9호선,마곡나루,10676,10425
2022-02-04,9호선,신방화,6412,6324
2022-02-04,9호선,공항시장,2758,3045
2022-02-04,9호선,김포공항,7529,11106
2022-02-04,9호선,개화,2262,1596
2022-02-05,9호선,개화,1023,923
2022-02-05,9호선,김포공항,6789,9781
2022-02-05,9호선,공항시장,1985,2195
2022-02-05,9호선,신방화,4002,3994
2022-02-05,9호선,마곡나루,6656,6644
2022-02-05,9호선,양천향교,4814,4891
2022-02-05,9호선,가양,11191,10844
2022-02-05,9호선,증미,3504,3504
2022-02-05,9호선,등촌,6413,6263
2022-02-05,9호선,염창,9515,9160
2022-02-05,9호선,신목동,1803,1607
2022-02-05,9호선,선유도,3145,3158
2022-02-05,9호선,당산,10620,10241
2022-02-05,9호선,국회의사당,3994,4014
2022-02-05,9호선,여의도,10075,9410
2022-02-05,9호선,샛강,1973,2069
2022-02-05,9호선,노량진,17278,17151
2022-02-05,9호선,노들,2584,2252
2022-02-05,9호선,흑석,4396,4547
2022-02-05,9호선,동작,1464,1134
2022-02-05,9호선,구반포,667,744
2022-02-05,9호선,신반포,1849,1840
2022-02-05,9호선,고속터미널,9025,12896
2022-02-05,9호선,사평,1870,1859
2022-02-05,9호선,신논현,22696,22464
2022-02-06,9호선,신논현,13147,12232
2022-02-06,9호선,사평,1231,1330
2022-02-06,9호선,고속터미널,7257,10003
2022-02-06,9호선,신반포,1230,1315
2022-02-06,9호선,구반포,428,462
2022-02-06,9호선,동작,1619,1156
2022-02-06,9호선,흑석,3004,3257
2022-02-06,9호선,노들,2106,1885
2022-02-06,9호선,노량진,12058,12666
2022-02-06,9호선,샛강,1306,1350
2022-02-06,9호선,여의도,7240,6509
2022-02-06,9호선,국회의사당,3901,3734
2022-02-06,9호선,당산,7133,7026
2022-02-06,9호선,선유도,2347,2328
2022-02-06,9호선,신목동,1351,1240
2022-02-06,9호선,염창,7023,7001
2022-02-06,9호선,등촌,4264,4431
2022-02-06,9호선,증미,2430,2491
2022-02-06,9호선,가양,8361,8251
2022-02-06,9호선,양천향교,3428,3682
2022-02-06,9호선,마곡나루,4691,4794
2022-02-06,9호선,신방화,2920,2972
2022-02-06,9호선,공항시장,1510,1595
2022-02-06,9호선,김포공항,6376,9830
2022-02-06,9호선,개화,735,735
2022-02-07,9호선,개화,2376,1681
2022-02-07,9호선,김포공항,6645,10245
2022-02-07,9호선,공항시장,2842,3073
2022-02-07,9호선,신방화,6392,6313
2022-02-07,9호선,마곡나루,11045,11026
2022-02-07,9호선,양천향교,9171,9361
2022-02-07,9호선,가양,19705,19163
2022-02-07,9호선,증미,7159,7186
2022-02-07,9호선,등촌,11034,10867
2022-02-07,9호선,염창,16316,16136
2022-02-07,9호선,신목동,3934,3478
2022-02-07,9호선,선유도,8563,8349
2022-02-07,9호선,당산,16923,17278
2022-02-07,9호선,국회의사당,16672,17126
2022-02-07,9호선,여의도,26032,25048
2022-02-07,9호선,샛강,5583,5928
2022-02-07,9호선,노량진,24168,23356
2022-02-07,9호선,노들,4134,3627
2022-02-07,9호선,흑석,7451,7860
2022-02-07,9호선,동작,1852,1511
2022-02-07,9호선,구반포,1369,1406
2022-02-07,9호선,신반포,3123,2994
2022-02-07,9호선,고속터미널,10393,13291
2022-02-07,9호선,사평,3359,3320
2022-02-07,9호선,신논현,30218,29832
2022-02-08,9호선,신논현,30428,30210
2022-02-08,9호선,사평,3295,3260
2022-02-08,9호선,고속터미널,10466,13322
2022-02-08,9호선,신반포,3147,3060
2022-02-08,9호선,구반포,1365,1460
2022-02-08,9호선,동작,1812,1450
2022-02-08,9호선,흑석,7495,7854
2022-02-08,9호선,노들,4150,3574
2022-02-08,9호선,노량진,24192,23409
2022-02-08,9호선,샛강,5837,6137
2022-02-08,9호선,여의도,26540,25212
2022-02-08,9호선,국회의사당,16847,17356
2022-02-08,9호선,당산,17304,17320
2022-02-08,9호선,선유도,8614,8309
2022-02-08,9호선,신목동,3969,3528
2022-02-08,9호선,염창,16662,16302
2022-02-08,9호선,등촌,10887,10827
2022-02-08,9호선,증미,7129,7065
2022-02-08,9호선,가양,19509,19093
2022-02-08,9호선,양천향교,9149,9374
2022-02-08,9호선,마곡나루,11438,11362
2022-02-08,9호선,신방화,6510,6425
2022-02-08,9호선,공항시장,2893,3163
2022-02-08,9호선,김포공항,6668,10414
2022-02-08,9호선,개화,2309,1620
2022-02-09,9호선,개화,2390,1648
2022-02-09,9호선,김포공항,6727,10426
2022-02-09,9호선,공항시장,2912,3130
2022-02-09,9호선,신방화,6472,6328
2022-02-09,9호선,마곡나루,11447,11396
2022-02-09,9호선,양천향교,9242,9566
2022-02-09,9호선,가양,19727,19274
2022-02-09,9호선,증미,7128,7117
2022-02-09,9호선,등촌,10977,10782
2022-02-09,9호선,염창,16773,16459
2022-02-09,9호선,신목동,3980,3542
2022-02-09,9호선,선유도,8563,8251
2022-02-09,9호선,당산,17422,17621
2022-02-09,9호선,국회의사당,16460,17043
2022-02-09,9호선,여의도,26732,25690
2022-02-09,9호선,샛강,5723,5911
2022-02-09,9호선,노량진,24687,23982
2022-02-09,9호선,노들,4281,3754
2022-02-09,9호선,흑석,7634,8082
2022-02-09,9호선,동작,1940,1499
2022-02-09,9호선,구반포,1325,1429
2022-02-09,9호선,신반포,3347,3112
2022-02-09,9호선,고속터미널,10703,13862
2022-02-09,9호선,사평,3255,3250
2022-02-09,9호선,신논현,30175,29747
2022-02-10,9호선,개화,2364,1694
2022-02-10,9호선,김포공항,6997,10638
2022-02-10,9호선,공항시장,2830,3127
2022-02-10,9호선,신방화,6541,6401
2022-02-10,9호선,마곡나루,11409,11276
2022-02-10,9호선,양천향교,9072,9272
2022-02-10,9호선,가양,19502,19202
2022-02-10,9호선,증미,7042,6994
2022-02-10,9호선,등촌,10986,10902
2022-02-10,9호선,염창,16437,16186
2022-02-10,9호선,신목동,3908,3443
2022-02-10,9호선,선유도,8433,8071
2022-02-10,9호선,당산,17423,17410
2022-02-10,9호선,국회의사당,16366,16839
2022-02-10,9호선,여의도,26187,25306
2022-02-10,9호선,샛강,5790,5865
2022-02-10,9호선,노량진,24269,23575
2022-02-10,9호선,노들,4222,3648
2022-02-10,9호선,흑석,7610,7928
2022-02-10,9호선,동작,1945,1502
2022-02-10,9호선,구반포,1284,1394
2022-02-10,9호선,신반포,3130,3147
2022-02-10,9호선,고속터미널,10856,14102
2022-02-10,9호선,사평,3238,3157
2022-02-10,9호선,신논현,30368,30332
2022-02-11,9호선,개화,2394,1641
2022-02-11,9호선,김포공항,7601,12123
2022-02-11,9호선,공항시장,2894,3107
2022-02-11,9호선,신방화,6496,6266
2022-02-11,9호선,마곡나루,11675,11307
2022-02-11,9호선,양천향교,9205,9311
2022-02-11,9호선,가양,19648,19138
2022-02-11,9호선,증미,7107,6952
2022-02-11,9호선,등촌,11152,11036
2022-02-11,9호선,염창,16446,16024
2022-02-11,9호선,신목동,3805,3404
2022-02-11,9호선,선유도,8464,8111
2022-02-11,9호선,당산,17852,17805
2022-02-11,9호선,국회의사당,15489,15995
2022-02-11,9호선,여의도,26712,25131
2022-02-11,9호선,샛강,5539,5598
2022-02-11,9호선,노량진,25213,23853
2022-02-11,9호선,노들,4366,3613
2022-02-11,9호선,흑석,7728,7963
2022-02-11,9호선,동작,1949,1562
2022-02-11,9호선,구반포,1360,1392
2022-02-11,9호선,신반포,3112,3047
2022-02-11,9호선,고속터미널,11800,15952
2022-02-11,9호선,사평,3428,3196
2022-02-11,9호선,신논현,32001,31664
2022-02-12,9호선,개화,1159,1051
2022-02-12,9호선,김포공항,6879,11143
2022-02-12,9호선,공항시장,2101,2240
2022-02-12,9호선,신방화,4329,4144
2022-02-12,9호선,마곡나루,7335,7203
2022-02-12,9호선,양천향교,5309,5300
2022-02-12,9호선,가양,12710,12085
2022-02-12,9호선,증미,3825,3603
2022-02-12,9호선,등촌,6643,6527
2022-02-12,9호선,염창,10562,10130
2022-02-12,9호선,신목동,2066,1733
2022-02-12,9호선,선유도,3484,3352
2022-02-12,9호선,당산,11525,10954
2022-02-12,9호선,국회의사당,4384,4590
2022-02-12,9호선,여의도,10954,10273
2022-02-12,9호선,샛강,2138,2158
2022-02-12,9호선,노량진,18893,18681
2022-02-12,9호선,노들,2889,2450
2022-02-12,9호선,흑석,4920,4869
2022-02-12,9호선,동작,1581,1237
2022-02-12,9호선,구반포,1080,1138
2022-02-12,9호선,신반포,2282,2123
2022-02-12,9호선,고속터미널,10135,14510
2022-02-12,9호선,사평,1934,1873
2022-02-12,9호선,신논현,23250,23009
2022-02-13,9호선,신논현,13665,13140
2022-02-13,9호선,사평,1493,1465
2022-02-13,9호선,고속터미널,7901,10868
2022-02-13,9호선,신반포,1458,1564
2022-02-13,9호선,구반포,544,573
2022-02-13,9호선,동작,1640,1352
2022-02-13,9호선,흑석,3222,3421
2022-02-13,9호선,노들,2283,1990
2022-02-13,9호선,노량진,12756,13547
2022-02-13,9호선,샛강,1417,1455
2022-02-13,9호선,여의도,8177,7429
2022-02-13,9호선,국회의사당,4509,4260
2022-02-13,9호선,당산,7939,7804
2022-02-13,9호선,선유도,2429,2439
2022-02-13,9호선,신목동,1490,1342
2022-02-13,9호선,염창,7410,7422
2022-02-13,9호선,등촌,4555,4591
2022-02-13,9호선,증미,2160,2119
2022-02-13,9호선,가양,8369,8353
2022-02-13,9호선,양천향교,3536,3758
2022-02-13,9호선,마곡나루,5006,4975
2022-02-13,9호선,신방화,2986,2974
2022-02-13,9호선,공항시장,1553,1668
2022-02-13,9호선,김포공항,6069,10165
2022-02-13,9호선,개화,861,829
2022-02-14,9호선,개화,2454,1733
2022-02-14,9호선,김포공항,6808,11202
2022-02-14,9호선,공항시장,2835,3118
2022-02-14,9호선,신방화,6323,6299
2022-02-14,9호선,마곡나루,11104,10932
2022-02-14,9호선,양천향교,9145,9333
2022-02-14,9호선,가양,19308,19009
2022-02-14,9호선,증미,7195,7201
2022-02-14,9호선,등촌,11305,11182
2022-02-14,9호선,염창,16139,15943
2022-02-14,9호선,신목동,3871,3478
2022-02-14,9호선,선유도,8514,8191
2022-02-14,9호선,당산,16854,17107
2022-02-14,9호선,국회의사당,16749,16868
2022-02-14,9호선,여의도,26754,25394
2022-02-14,9호선,샛강,5665,5868
2022-02-14,9호선,노량진,24131,23416
2022-02-14,9호선,노들,4156,3704
2022-02-14,9호선,흑석,7536,8030
2022-02-14,9호선,동작,1923,1497
2022-02-14,9호선,구반포,1307,1356
2022-02-14,9호선,신반포,3065,3057
2022-02-14,9호선,고속터미널,10697,13743
2022-02-14,9호선,사평,3229,3237
2022-02-14,9호선,신논현,29672,29219
2022-02-15,9호선,개화,2409,1793
2022-02-15,9호선,김포공항,6855,10819
2022-02-15,9호선,공항시장,2833,3068
2022-02-15,9호선,신방화,6395,6337
2022-02-15,9호선,마곡나루,11293,11062
2022-02-15,9호선,양천향교,9170,9397
2022-02-15,9호선,가양,19196,18758
2022-02-15,9호선,증미,7213,7230
2022-02-15,9호선,등촌,10937,10763
2022-02-15,9호선,염창,16164,15853
2022-02-15,9호선,신목동,3757,3448
2022-02-15,9호선,선유도,8605,8294
2022-02-15,9호선,당산,17202,17238
2022-02-15,9호선,국회의사당,16459,16618
2022-02-15,9호선,여의도,26258,25406
2022-02-15,9호선,샛강,5687,5892
2022-02-15,9호선,노량진,24170,23360
2022-02-15,9호선,노들,4147,3636
2022-02-15,9호선,흑석,7636,8018
2022-02-15,9호선,동작,1895,1500
2022-02-15,9호선,구반포,1330,1420
2022-02-15,9호선,신반포,3060,3056
2022-02-15,9호선,고속터미널,11002,14223
2022-02-15,9호선,사평,3318,3260
2022-02-15,9호선,신논현,29849,29508
2022-02-16,9호선,개화,2363,1645
2022-02-16,9호선,김포공항,6830,10988
2022-02-16,9호선,공항시장,2793,2997
2022-02-16,9호선,신방화,6273,6176
2022-02-16,9호선,마곡나루,11151,10968
2022-02-16,9호선,양천향교,8916,9258
2022-02-16,9호선,가양,18646,18271
2022-02-16,9호선,증미,6972,6993
2022-02-16,9호선,등촌,10503,10610
2022-02-16,9호선,염창,15953,15722
2022-02-16,9호선,신목동,3738,3404
2022-02-16,9호선,선유도,8287,7874
2022-02-16,9호선,당산,16852,17020
2022-02-16,9호선,국회의사당,16694,16626
2022-02-16,9호선,여의도,25918,24699
2022-02-16,9호선,샛강,5492,5895
2022-02-16,9호선,노량진,23861,23027
2022-02-16,9호선,노들,4004,3523
2022-02-16,9호선,흑석,7236,7642
2022-02-16,9호선,동작,1749,1431
2022-02-16,9호선,구반포,1274,1346
2022-02-16,9호선,신반포,3091,3073
2022-02-16,9호선,고속터미널,10268,13200
2022-02-16,9호선,사평,3176,3236
2022-02-16,9호선,신논현,28748,28491
2022-02-17,9호선,신논현,28990,28622
2022-02-17,9호선,사평,3211,3124
2022-02-17,9호선,고속터미널,10698,14111
2022-02-17,9호선,신반포,2966,2905
2022-02-17,9호선,구반포,1193,1300
2022-02-17,9호선,동작,1744,1421
2022-02-17,9호선,흑석,7066,7296
2022-02-17,9호선,노들,4019,3484
2022-02-17,9호선,노량진,23382,22434
2022-02-17,9호선,샛강,5444,5695
2022-02-17,9호선,여의도,25060,24022
2022-02-17,9호선,국회의사당,15670,15980
2022-02-17,9호선,당산,16623,16581
2022-02-17,9호선,선유도,8072,7755
2022-02-17,9호선,신목동,3691,3316
2022-02-17,9호선,염창,15760,15314
2022-02-17,9호선,등촌,10444,10343
2022-02-17,9호선,증미,6784,6756
2022-02-17,9호선,가양,18525,18207
2022-02-17,9호선,양천향교,8837,9174
2022-02-17,9호선,마곡나루,11122,10842
2022-02-17,9호선,신방화,6207,6126
2022-02-17,9호선,공항시장,2799,3048
2022-02-17,9호선,김포공항,6785,11048
2022-02-17,9호선,개화,2331,1599
2022-02-18,9호선,신논현,30854,30771
2022-02-18,9호선,사평,3388,3208
2022-02-18,9호선,고속터미널,11240,15416
2022-02-18,9호선,신반포,3150,3050
2022-02-18,9호선,구반포,1290,1329
2022-02-18,9호선,동작,1805,1521
2022-02-18,9호선,흑석,7569,7836
2022-02-18,9호선,노들,4123,3436
2022-02-18,9호선,노량진,24310,23323
2022-02-18,9호선,샛강,5417,5626
2022-02-18,9호선,여의도,25162,23578
2022-02-18,9호선,국회의사당,14523,14959
2022-02-18,9호선,당산,17276,16943
2022-02-18,9호선,선유도,7943,7582
2022-02-18,9호선,신목동,3759,3281
2022-02-18,9호선,염창,15923,15322
2022-02-18,9호선,등촌,10677,10527
2022-02-18,9호선,증미,6851,6755
2022-02-18,9호선,가양,19083,18574
2022-02-18,9호선,양천향교,8889,8323
2022-02-18,9호선,마곡나루,11029,10920
2022-02-18,9호선,신방화,6269,6087
2022-02-18,9호선,공항시장,2779,2948
2022-02-18,9호선,김포공항,7610,12320
2022-02-18,9호선,개화,2239,1608
2022-02-19,9호선,국회의사당,4465,4683
2022-02-19,9호선,신논현,23369,23060
2022-02-19,9호선,사평,2035,1918
2022-02-19,9호선,고속터미널,9526,13993
2022-02-19,9호선,신반포,2376,2263
2022-02-19,9호선,구반포,1049,1090
2022-02-19,9호선,동작,1564,1165
2022-02-19,9호선,흑석,4933,4892
2022-02-19,9호선,노들,2760,2473
2022-02-19,9호선,노량진,18602,18296
2022-02-19,9호선,샛강,2148,2137
2022-02-19,9호선,여의도,10398,9627
2022-02-19,9호선,당산,11301,10690
2022-02-19,9호선,선유도,3409,3295
2022-02-19,9호선,신목동,2016,1782
2022-02-19,9호선,염창,10284,9547
2022-02-19,9호선,등촌,6483,6346
2022-02-19,9호선,증미,3687,3715
2022-02-19,9호선,가양,12431,11795
2022-02-19,9호선,양천향교,5305,5060
2022-02-19,9호선,마곡나루,7496,7236
2022-02-19,9호선,신방화,4200,4133
2022-02-19,9호선,공항시장,2070,2275
2022-02-19,9호선,김포공항,7008,10825
2022-02-19,9호선,개화,1073,950
2022-02-20,9호선,개화,836,820
2022-02-20,9호선,김포공항,6339,9897
2022-02-20,9호선,공항시장,1604,1670
2022-02-20,9호선,신방화,2873,2933
2022-02-20,9호선,마곡나루,5136,5010
2022-02-20,9호선,양천향교,3494,3754
2022-02-20,9호선,가양,8414,8330
2022-02-20,9호선,증미,2596,2606
2022-02-20,9호선,등촌,4353,4491
2022-02-20,9호선,염창,7170,7124
2022-02-20,9호선,신목동,1413,1307
2022-02-20,9호선,선유도,2349,2392
2022-02-20,9호선,당산,7629,7585
2022-02-20,9호선,국회의사당,3989,3850
2022-02-20,9호선,여의도,7587,6664
2022-02-20,9호선,샛강,1443,1480
2022-02-20,9호선,노량진,12833,13482
2022-02-20,9호선,노들,2194,1984
2022-02-20,9호선,흑석,3225,3403
2022-02-20,9호선,동작,1690,1176
2022-02-20,9호선,구반포,396,441
2022-02-20,9호선,신반포,1473,1496
2022-02-20,9호선,고속터미널,7604,10545
2022-02-20,9호선,사평,1208,1289
2022-02-20,9호선,신논현,13466,12847
2022-02-21,9호선,신논현,28711,28436
2022-02-21,9호선,사평,3174,3158
2022-02-21,9호선,고속터미널,10216,13025
2022-02-21,9호선,신반포,2861,2760
2022-02-21,9호선,구반포,1193,1290
2022-02-21,9호선,동작,1786,1413
2022-02-21,9호선,흑석,7327,7716
2022-02-21,9호선,노들,3912,3400
2022-02-21,9호선,노량진,23091,22455
2022-02-21,9호선,샛강,5404,5594
2022-02-21,9호선,여의도,24816,23995
2022-02-21,9호선,국회의사당,15382,15815
2022-02-21,9호선,당산,16156,16512
2022-02-21,9호선,선유도,8099,7788
2022-02-21,9호선,신목동,3588,3209
2022-02-21,9호선,염창,15491,15151
2022-02-21,9호선,등촌,10606,10447
2022-02-21,9호선,증미,6707,6828
2022-02-21,9호선,개화,2275,1659
2022-02-21,9호선,김포공항,6514,10858
2022-02-21,9호선,공항시장,2768,2992
2022-02-21,9호선,신방화,6208,6094
2022-02-21,9호선,마곡나루,10590,10560
2022-02-21,9호선,양천향교,8899,8674
2022-02-21,9호선,가양,18669,18038
2022-02-22,9호선,신논현,29376,28791
2022-02-22,9호선,사평,3119,3141
2022-02-22,9호선,고속터미널,10374,13315
2022-02-22,9호선,신반포,2895,2831
2022-02-22,9호선,구반포,1365,1452
2022-02-22,9호선,동작,1793,1389
2022-02-22,9호선,흑석,7191,7635
2022-02-22,9호선,노들,4039,3445
2022-02-22,9호선,노량진,23274,22577
2022-02-22,9호선,샛강,5722,5948
2022-02-22,9호선,여의도,25109,23804
2022-02-22,9호선,국회의사당,15447,15905
2022-02-22,9호선,당산,16443,16724
2022-02-22,9호선,선유도,8085,7751
2022-02-22,9호선,신목동,3667,3318
2022-02-22,9호선,염창,15607,15312
2022-02-22,9호선,등촌,10557,10440
2022-02-22,9호선,증미,6829,6856
2022-02-22,9호선,가양,18582,18241
2022-02-22,9호선,양천향교,9037,9237
2022-02-22,9호선,마곡나루,10967,10765
2022-02-22,9호선,신방화,6286,6198
2022-02-22,9호선,공항시장,2812,2977
2022-02-22,9호선,김포공항,6421,10021
2022-02-22,9호선,개화,2305,1692
2022-02-23,9호선,신논현,28474,28058
2022-02-23,9호선,사평,3188,3165
2022-02-23,9호선,고속터미널,10101,13060
2022-02-23,9호선,신반포,2983,2920
2022-02-23,9호선,구반포,1166,1228
2022-02-23,9호선,동작,1800,1436
2022-02-23,9호선,흑석,7186,7598
2022-02-23,9호선,노들,3921,3449
2022-02-23,9호선,노량진,23344,22839
2022-02-23,9호선,샛강,5510,5720
2022-02-23,9호선,여의도,25135,23861
2022-02-23,9호선,국회의사당,15946,16210
2022-02-23,9호선,당산,16758,16632
2022-02-23,9호선,선유도,8065,7755
2022-02-23,9호선,신목동,3655,3247
2022-02-23,9호선,염창,15587,15458
2022-02-23,9호선,등촌,10391,10304
2022-02-23,9호선,증미,6782,6621
2022-02-23,9호선,가양,18221,17934
2022-02-23,9호선,양천향교,8725,8912
2022-02-23,9호선,마곡나루,10953,10660
2022-02-23,9호선,신방화,6319,6219
2022-02-23,9호선,공항시장,2722,3007
2022-02-23,9호선,김포공항,6511,10207
2022-02-23,9호선,개화,2237,1601
2022-02-24,9호선,개화,2207,1602
2022-02-24,9호선,김포공항,6689,10269
2022-02-24,9호선,공항시장,2819,3026
2022-02-24,9호선,신방화,6197,6128
2022-02-24,9호선,마곡나루,10820,10656
2022-02-24,9호선,양천향교,8867,9026
2022-02-24,9호선,가양,18403,17967
2022-02-24,9호선,증미,6723,6701
2022-02-24,9호선,등촌,10440,10336
2022-02-24,9호선,염창,15668,15340
2022-02-24,9호선,신목동,3657,3213
2022-02-24,9호선,선유도,7809,7502
2022-02-24,9호선,당산,16631,16401
2022-02-24,9호선,국회의사당,15048,15258
2022-02-24,9호선,여의도,24844,23616
2022-02-24,9호선,샛강,5304,5493
2022-02-24,9호선,노량진,23389,22686
2022-02-24,9호선,노들,3921,3369
2022-02-24,9호선,흑석,7184,7529
2022-02-24,9호선,동작,1825,1518
2022-02-24,9호선,구반포,1193,1257
2022-02-24,9호선,신반포,2925,2898
2022-02-24,9호선,고속터미널,10291,13409
2022-02-24,9호선,사평,3141,3005
2022-02-24,9호선,신논현,28628,28333
2022-02-25,9호선,개화,2296,1657
2022-02-25,9호선,김포공항,7671,12108
2022-02-25,9호선,공항시장,2897,3116
2022-02-25,9호선,신방화,6361,6132
2022-02-25,9호선,마곡나루,11196,10972
2022-02-25,9호선,양천향교,8981,8976
2022-02-25,9호선,가양,18880,18276
2022-02-25,9호선,증미,6906,6755
2022-02-25,9호선,등촌,10764,10484
2022-02-25,9호선,염창,16007,15402
2022-02-25,9호선,신목동,3637,3234
2022-02-25,9호선,선유도,7713,7391
2022-02-25,9호선,당산,17135,17030
2022-02-25,9호선,국회의사당,14350,14856
2022-02-25,9호선,여의도,26138,24562
2022-02-25,9호선,샛강,5377,5488
2022-02-25,9호선,노량진,24595,23370
2022-02-25,9호선,노들,4024,3379
2022-02-25,9호선,흑석,7756,7957
2022-02-25,9호선,동작,1828,1504
2022-02-25,9호선,구반포,1288,1375
2022-02-25,9호선,신반포,2997,3025
2022-02-25,9호선,고속터미널,11444,15732
2022-02-25,9호선,사평,3347,3156
2022-02-25,9호선,신논현,31088,31020
2022-02-26,9호선,신논현,22669,22035
2022-02-26,9호선,사평,2204,2111
2022-02-26,9호선,고속터미널,9594,14169
2022-02-26,9호선,신반포,2302,2175
2022-02-26,9호선,구반포,920,973
2022-02-26,9호선,동작,1611,1146
2022-02-26,9호선,흑석,4649,4676
2022-02-26,9호선,노들,2682,2363
2022-02-26,9호선,노량진,17806,17422
2022-02-26,9호선,샛강,2152,2143
2022-02-26,9호선,여의도,11254,10095
2022-02-26,9호선,국회의사당,4254,4302
2022-02-26,9호선,당산,11297,10478
2022-02-26,9호선,선유도,3254,3043
2022-02-26,9호선,신목동,1883,1676
2022-02-26,9호선,염창,10084,9378
2022-02-26,9호선,등촌,6399,6227
2022-02-26,9호선,증미,3505,3402
2022-02-26,9호선,가양,12011,11474
2022-02-26,9호선,양천향교,4945,4842
2022-02-26,9호선,마곡나루,7085,6747
2022-02-26,9호선,신방화,4051,3932
2022-02-26,9호선,공항시장,2022,2175
2022-02-26,9호선,김포공항,6751,11413
2022-02-26,9호선,개화,1085,927
2022-02-27,9호선,신논현,13684,13059
2022-02-27,9호선,사평,1291,1386
2022-02-27,9호선,고속터미널,7870,10744
2022-02-27,9호선,신반포,1486,1641
2022-02-27,9호선,구반포,432,430
2022-02-27,9호선,동작,1726,1227
2022-02-27,9호선,흑석,3490,3734
2022-02-27,9호선,노들,2254,2027
2022-02-27,9호선,노량진,13121,13758
2022-02-27,9호선,샛강,1450,1553
2022-02-27,9호선,여의도,8780,7923
2022-02-27,9호선,국회의사당,4152,4025
2022-02-27,9호선,당산,7761,7602
2022-02-27,9호선,선유도,2467,2517
2022-02-27,9호선,신목동,1434,1257
2022-02-27,9호선,염창,7369,7329
2022-02-27,9호선,등촌,4436,4591
2022-02-27,9호선,증미,2089,2156
2022-02-27,9호선,가양,8673,8464
2022-02-27,9호선,양천향교,3553,3742
2022-02-27,9호선,마곡나루,5078,4983
2022-02-27,9호선,신방화,2952,2856
2022-02-27,9호선,공항시장,1544,1696
2022-02-27,9호선,김포공항,6305,10078
2022-02-27,9호선,개화,894,891
2022-02-28,9호선,개화,2110,1581
2022-02-28,9호선,김포공항,6938,9631
2022-02-28,9호선,공항시장,2800,2924
2022-02-28,9호선,신방화,6064,5828
2022-02-28,9호선,마곡나루,9822,9811
2022-02-28,9호선,양천향교,8211,8300
2022-02-28,9호선,가양,17988,17507
2022-02-28,9호선,증미,6361,6313
2022-02-28,9호선,등촌,10483,10175
2022-02-28,9호선,염창,14665,14276
2022-02-28,9호선,신목동,3333,2897
2022-02-28,9호선,선유도,7085,6984
2022-02-28,9호선,당산,15532,15399
2022-02-28,9호선,국회의사당,13101,13530
2022-02-28,9호선,여의도,23641,22928
2022-02-28,9호선,샛강,4774,4976
2022-02-28,9호선,노량진,22728,22014
2022-02-28,9호선,노들,3802,3224
2022-02-28,9호선,흑석,7440,7857
2022-02-28,9호선,동작,1755,1465
2022-02-28,9호선,구반포,1109,1177
2022-02-28,9호선,신반포,2892,2825
2022-02-28,9호선,고속터미널,10478,13604
2022-02-28,9호선,사평,2929,2866
2022-02-28,9호선,신논현,28240,28052
2022-03-01,9호선,신논현,13981,13557
2022-03-01,9호선,사평,1401,1413
2022-03-01,9호선,고속터미널,7516,9974
2022-03-01,9호선,신반포,1516,1440
2022-03-01,9호선,구반포,520,546
2022-03-01,9호선,동작,1364,1073
2022-03-01,9호선,흑석,5002,4917
2022-03-01,9호선,노들,2095,1863
2022-03-01,9호선,노량진,14283,14600
2022-03-01,9호선,샛강,1687,1670
2022-03-01,9호선,여의도,9199,8361
2022-03-01,9호선,국회의사당,3687,3636
2022-03-01,9호선,선유도,2622,2475
2022-03-01,9호선,신목동,1463,1308
2022-03-01,9호선,염창,7746,7524
2022-03-01,9호선,등촌,4978,5052
2022-03-01,9호선,증미,2842,2880
2022-03-01,9호선,가양,9263,9086
2022-03-01,9호선,양천향교,4006,4142
2022-03-01,9호선,마곡나루,5363,5305
2022-03-01,9호선,신방화,3196,3179
2022-03-01,9호선,공항시장,1615,1793
2022-03-01,9호선,김포공항,6503,8831
2022-03-01,9호선,개화,918,897
2022-03-01,9호선,당산,7633,7554
2022-03-02,9호선,개화,2240,1645
2022-03-02,9호선,김포공항,6049,8334
2022-03-02,9호선,공항시장,2836,3076
2022-03-02,9호선,신방화,6721,6497
2022-03-02,9호선,마곡나루,11002,10905
2022-03-02,9호선,양천향교,9101,9352
2022-03-02,9호선,가양,18985,18839
2022-03-02,9호선,증미,6997,6879
2022-03-02,9호선,등촌,10927,10739
2022-03-02,9호선,염창,15829,15528
2022-03-02,9호선,신목동,3736,3386
2022-03-02,9호선,선유도,8129,7807
2022-03-02,9호선,당산,16521,16697
2022-03-02,9호선,국회의사당,15839,15955
2022-03-02,9호선,여의도,24378,23606
2022-03-02,9호선,샛강,5295,5539
2022-03-02,9호선,노량진,23417,22793
2022-03-02,9호선,노들,4058,3513
2022-03-02,9호선,흑석,8989,9129
2022-03-02,9호선,동작,1824,1496
2022-03-02,9호선,구반포,1230,1285
2022-03-02,9호선,신반포,3219,3023
2022-03-02,9호선,고속터미널,9913,12483
2022-03-02,9호선,사평,3182,3192
2022-03-02,9호선,신논현,27413,27291
2022-03-03,9호선,신논현,27697,27468
2022-03-03,9호선,사평,3198,3152
2022-03-03,9호선,고속터미널,9975,12215
2022-03-03,9호선,신반포,3032,2898
2022-03-03,9호선,구반포,1199,1236
2022-03-03,9호선,동작,1835,1470
2022-03-03,9호선,흑석,8672,8852
2022-03-03,9호선,노들,4041,3407
2022-03-03,9호선,노량진,23339,22789
2022-03-03,9호선,샛강,5322,5453
2022-03-03,9호선,여의도,24705,23903
2022-03-03,9호선,국회의사당,14298,14607
2022-03-03,9호선,당산,16435,16729
2022-03-03,9호선,선유도,8016,7714
2022-03-03,9호선,신목동,3863,3394
2022-03-03,9호선,염창,15852,15716
2022-03-03,9호선,등촌,10916,10688
2022-03-03,9호선,증미,6903,6827
2022-03-03,9호선,가양,19142,18684
2022-03-03,9호선,양천향교,9129,9367
2022-03-03,9호선,마곡나루,10788,10910
2022-03-03,9호선,신방화,6515,6373
2022-03-03,9호선,공항시장,2805,3092
2022-03-03,9호선,김포공항,5605,8550
2022-03-03,9호선,개화,2279,1670
2022-03-04,9호선,신논현,30075,30189
2022-03-04,9호선,사평,3278,3242
2022-03-04,9호선,고속터미널,11046,14500
2022-03-04,9호선,신반포,3296,3142
2022-03-04,9호선,구반포,1253,1302
2022-03-04,9호선,동작,1818,1470
2022-03-04,9호선,흑석,8664,8743
2022-03-04,9호선,노들,4081,3488
2022-03-04,9호선,노량진,24353,23492
2022-03-04,9호선,샛강,5576,5634
2022-03-04,9호선,여의도,25105,23537
2022-03-04,9호선,국회의사당,14424,14604
2022-03-04,9호선,당산,16842,16769
2022-03-04,9호선,선유도,8041,7528
2022-03-04,9호선,신목동,3824,3413
2022-03-04,9호선,염창,16006,15458
2022-03-04,9호선,등촌,10514,10401
2022-03-04,9호선,증미,6956,6711
2022-03-04,9호선,가양,18800,18425
2022-03-04,9호선,양천향교,8948,9189
2022-03-04,9호선,마곡나루,11044,10945
2022-03-04,9호선,신방화,6650,6520
2022-03-04,9호선,공항시장,2825,3035
2022-03-04,9호선,김포공항,6505,10762
2022-03-04,9호선,개화,2256,1595
2022-03-05,9호선,국회의사당,3976,4092
2022-03-05,9호선,당산,10671,10086
2022-03-05,9호선,선유도,3230,3118
2022-03-05,9호선,신목동,1851,1651
2022-03-05,9호선,염창,10091,9489
2022-03-05,9호선,등촌,6405,6147
2022-03-05,9호선,증미,3489,3443
2022-03-05,9호선,가양,11662,11276
2022-03-05,9호선,양천향교,5023,4954
2022-03-05,9호선,마곡나루,6814,6750
2022-03-05,9호선,신방화,4291,4017
2022-03-05,9호선,공항시장,2128,2194
2022-03-05,9호선,김포공항,6133,10048
2022-03-05,9호선,개화,1107,966
2022-03-05,9호선,신논현,22204,21984
2022-03-05,9호선,사평,2020,1816
2022-03-05,9호선,고속터미널,9486,13089
2022-03-05,9호선,신반포,2294,2161
2022-03-05,9호선,구반포,837,801
2022-03-05,9호선,동작,1625,1216
2022-03-05,9호선,흑석,5292,5200
2022-03-05,9호선,노들,2856,2413
2022-03-05,9호선,노량진,18424,17600
2022-03-05,9호선,샛강,2198,2281
2022-03-05,9호선,여의도,11419,10379
2022-03-06,9호선,신논현,13038,12416
2022-03-06,9호선,사평,1329,1415
2022-03-06,9호선,고속터미널,7497,10661
2022-03-06,9호선,신반포,1440,1568
2022-03-06,9호선,구반포,406,392
2022-03-06,9호선,동작,1840,1281
2022-03-06,9호선,흑석,3446,3669
2022-03-06,9호선,노들,2285,2064
2022-03-06,9호선,노량진,12231,12746
2022-03-06,9호선,샛강,1401,1454
2022-03-06,9호선,여의도,8347,7483
2022-03-06,9호선,국회의사당,4375,4088
2022-03-06,9호선,당산,7379,7113
2022-03-06,9호선,선유도,2304,2264
2022-03-06,9호선,신목동,1504,1325
2022-03-06,9호선,염창,7058,6911
2022-03-06,9호선,등촌,4289,4277
2022-03-06,9호선,증미,2405,2530
2022-03-06,9호선,가양,8382,8286
2022-03-06,9호선,양천향교,3496,3572
2022-03-06,9호선,마곡나루,4691,4722
2022-03-06,9호선,신방화,2907,2902
2022-03-06,9호선,공항시장,1521,1622
2022-03-06,9호선,김포공항,5826,8775
2022-03-06,9호선,개화,826,821
2022-03-07,9호선,양천향교,9345,9561
2022-03-07,9호선,가양,18835,18152
2022-03-07,9호선,증미,6804,6688
2022-03-07,9호선,등촌,10641,10375
2022-03-07,9호선,염창,15360,14875
2022-03-07,9호선,신목동,3808,3344
2022-03-07,9호선,선유도,8139,7737
2022-03-07,9호선,당산,16021,16425
2022-03-07,9호선,국회의사당,14232,14747
2022-03-07,9호선,여의도,22957,22218
2022-03-07,9호선,샛강,5298,5508
2022-03-07,9호선,노량진,22918,22554
2022-03-07,9호선,노들,3929,3379
2022-03-07,9호선,흑석,8483,8810
2022-03-07,9호선,동작,1917,1480
2022-03-07,9호선,구반포,1197,1265
2022-03-07,9호선,신반포,3039,2923
2022-03-07,9호선,고속터미널,9815,12342
2022-03-07,9호선,사평,3112,3073
2022-03-07,9호선,신논현,27169,27147
2022-03-07,9호선,마곡나루,10550,10497
2022-03-07,9호선,신방화,6340,6238
2022-03-07,9호선,공항시장,2809,3079
2022-03-07,9호선,김포공항,5452,7868
2022-03-07,9호선,개화,2298,1638
2022-03-08,9호선,개화,2199,1604
2022-03-08,9호선,김포공항,5742,8927
2022-03-08,9호선,공항시장,2889,3095
2022-03-08,9호선,신방화,6338,6025
2022-03-08,9호선,마곡나루,11023,11055
2022-03-08,9호선,양천향교,9536,9550
2022-03-08,9호선,가양,19027,18368
2022-03-08,9호선,증미,6822,6640
2022-03-08,9호선,등촌,10610,10159
2022-03-08,9호선,염창,15722,15117
2022-03-08,9호선,신목동,3821,3306
2022-03-08,9호선,선유도,7998,7788
2022-03-08,9호선,당산,16733,16904
2022-03-08,9호선,국회의사당,13785,14513
2022-03-08,9호선,여의도,24732,23835
2022-03-08,9호선,샛강,5425,5477
2022-03-08,9호선,노량진,23740,23219
2022-03-08,9호선,노들,4025,3350
2022-03-08,9호선,흑석,8985,8904
2022-03-08,9호선,동작,2037,1565
2022-03-08,9호선,구반포,1168,1242
2022-03-08,9호선,신반포,3030,2942
2022-03-08,9호선,고속터미널,10193,12779
2022-03-08,9호선,사평,3155,3095
2022-03-08,9호선,신논현,28758,29195
2022-03-09,9호선,신논현,15646,15371
2022-03-09,9호선,개화,1061,969
2022-03-09,9호선,김포공항,5299,7718
2022-03-09,9호선,공항시장,1693,1941
2022-03-09,9호선,신방화,3444,3241
2022-03-09,9호선,마곡나루,5448,5271
2022-03-09,9호선,양천향교,4228,4314
2022-03-09,9호선,가양,9423,9201
2022-03-09,9호선,증미,3068,2918
2022-03-09,9호선,등촌,5374,5285
2022-03-09,9호선,염창,8064,7862
2022-03-09,9호선,신목동,1672,1485
2022-03-09,9호선,선유도,2920,2735
2022-03-09,9호선,당산,8314,8074
2022-03-09,9호선,국회의사당,3775,4225
2022-03-09,9호선,여의도,8666,8149
2022-03-09,9호선,샛강,1832,1806
2022-03-09,9호선,노량진,14941,14921
2022-03-09,9호선,노들,2337,2110
2022-03-09,9호선,흑석,4268,4301
2022-03-09,9호선,동작,1429,1140
2022-03-09,9호선,구반포,575,597
2022-03-09,9호선,신반포,1520,1541
2022-03-09,9호선,고속터미널,7589,10055
2022-03-09,9호선,사평,1604,1544
2022-03-10,9호선,신논현,27484,27263
2022-03-10,9호선,사평,3084,3093
2022-03-10,9호선,고속터미널,10296,12878
2022-03-10,9호선,신반포,3017,3038
2022-03-10,9호선,구반포,1172,1215
2022-03-10,9호선,동작,1885,1525
2022-03-10,9호선,흑석,8421,8640
2022-03-10,9호선,노들,3953,3369
2022-03-10,9호선,노량진,22899,22341
2022-03-10,9호선,샛강,5130,5362
2022-03-10,9호선,여의도,23480,22821
2022-03-10,9호선,국회의사당,13728,13847
2022-03-10,9호선,당산,16214,16362
2022-03-10,9호선,선유도,7917,7580
2022-03-10,9호선,신목동,3653,3202
2022-03-10,9호선,염창,15484,15057
2022-03-10,9호선,등촌,10377,10113
2022-03-10,9호선,증미,6698,6560
2022-03-10,9호선,가양,18643,18124
2022-03-10,9호선,양천향교,9368,9440
2022-03-10,9호선,마곡나루,10693,10626
2022-03-10,9호선,신방화,6233,6019
2022-03-10,9호선,공항시장,2784,2970
2022-03-10,9호선,김포공항,5638,8549
2022-03-10,9호선,개화,2187,1616
2022-03-11,9호선,신논현,29884,29683
2022-03-11,9호선,사평,3193,3054
2022-03-11,9호선,고속터미널,11730,15190
2022-03-11,9호선,신반포,3164,3109
2022-03-11,9호선,구반포,1343,1374
2022-03-11,9호선,동작,1929,1646
2022-03-11,9호선,흑석,8553,8507
2022-03-11,9호선,노들,4185,3537
2022-03-11,9호선,노량진,23937,23134
2022-03-11,9호선,샛강,5324,5507
2022-03-11,9호선,여의도,24289,23254
2022-03-11,9호선,국회의사당,13011,13459
2022-03-11,9호선,당산,16688,16825
2022-03-11,9호선,선유도,7880,7452
2022-03-11,9호선,신목동,3777,3284
2022-03-11,9호선,염창,15825,15032
2022-03-11,9호선,등촌,10598,10355
2022-03-11,9호선,증미,6702,6605
2022-03-11,9호선,가양,19082,18426
2022-03-11,9호선,양천향교,9250,9220
2022-03-11,9호선,마곡나루,10978,10967
2022-03-11,9호선,신방화,6407,6063
2022-03-11,9호선,공항시장,2834,3107
2022-03-11,9호선,김포공항,6345,11229
2022-03-11,9호선,개화,2244,1662
2022-03-12,9호선,신논현,22921,22591
2022-03-12,9호선,사평,1935,1763
2022-03-12,9호선,고속터미널,10231,14534
2022-03-12,9호선,신반포,2329,2236
2022-03-12,9호선,구반포,1146,1157
2022-03-12,9호선,동작,1985,1557
2022-03-12,9호선,흑석,5192,5104
2022-03-12,9호선,노들,2867,2443
2022-03-12,9호선,노량진,18137,17827
2022-03-12,9호선,샛강,2226,2152
2022-03-12,9호선,여의도,11271,10749
2022-03-12,9호선,국회의사당,3569,3680
2022-03-12,9호선,당산,11230,10472
2022-03-12,9호선,선유도,3354,3240
2022-03-12,9호선,신목동,1975,1676
2022-03-12,9호선,염창,10290,9557
2022-03-12,9호선,등촌,6505,6289
2022-03-12,9호선,증미,3633,3378
2022-03-12,9호선,가양,12347,11856
2022-03-12,9호선,양천향교,5204,5042
2022-03-12,9호선,마곡나루,7254,6989
2022-03-12,9호선,신방화,4073,4021
2022-03-12,9호선,공항시장,2014,2138
2022-03-12,9호선,김포공항,6696,9684
2022-03-12,9호선,개화,1269,1103
2022-03-13,9호선,신논현,12443,12028
2022-03-13,9호선,사평,1151,1256
2022-03-13,9호선,고속터미널,7539,10986
2022-03-13,9호선,신반포,1198,1341
2022-03-13,9호선,구반포,373,339
2022-03-13,9호선,동작,1724,1265
2022-03-13,9호선,흑석,3106,3270
2022-03-13,9호선,노들,1993,1732
2022-03-13,9호선,노량진,11530,12065
2022-03-13,9호선,샛강,1193,1416
2022-03-13,9호선,여의도,7449,6703
2022-03-13,9호선,국회의사당,3411,3264
2022-03-13,9호선,당산,6951,6763
2022-03-13,9호선,선유도,2084,1975
2022-03-13,9호선,신목동,1240,1143
2022-03-13,9호선,염창,6537,6449
2022-03-13,9호선,등촌,3811,3897
2022-03-13,9호선,증미,1795,1903
2022-03-13,9호선,가양,7598,7248
2022-03-13,9호선,양천향교,3106,3289
2022-03-13,9호선,마곡나루,4343,4325
2022-03-13,9호선,신방화,2602,2594
2022-03-13,9호선,공항시장,1332,1510
2022-03-13,9호선,김포공항,5945,8768
2022-03-13,9호선,개화,789,799
2022-03-14,9호선,개화,2237,1641
2022-03-14,9호선,김포공항,5846,8309
2022-03-14,9호선,공항시장,2795,2960
2022-03-14,9호선,신방화,6207,6074
2022-03-14,9호선,마곡나루,10350,10180
2022-03-14,9호선,양천향교,9092,8728
2022-03-14,9호선,가양,18099,17598
2022-03-14,9호선,증미,6643,6548
2022-03-14,9호선,등촌,10105,10002
2022-03-14,9호선,염창,14979,14746
2022-03-14,9호선,신목동,3570,3069
2022-03-14,9호선,선유도,7952,7611
2022-03-14,9호선,당산,15552,15818
2022-03-14,9호선,국회의사당,13569,13998
2022-03-14,9호선,여의도,23474,22601
2022-03-14,9호선,샛강,5133,5464
2022-03-14,9호선,노량진,22097,21506
2022-03-14,9호선,노들,3737,3202
2022-03-14,9호선,흑석,8055,8291
2022-03-14,9호선,동작,1660,1360
2022-03-14,9호선,구반포,1223,1238
2022-03-14,9호선,신반포,2939,2906
2022-03-14,9호선,고속터미널,9561,11949
2022-03-14,9호선,사평,3068,3147
2022-03-14,9호선,신논현,25940,25565
2022-03-15,9호선,개화,2289,1696
2022-03-15,9호선,김포공항,5522,8078
2022-03-15,9호선,공항시장,2866,3111
2022-03-15,9호선,신방화,6308,6200
2022-03-15,9호선,마곡나루,10919,10759
2022-03-15,9호선,양천향교,9263,9368
2022-03-15,9호선,가양,18658,18154
2022-03-15,9호선,증미,6751,6673
2022-03-15,9호선,등촌,10449,10125
2022-03-15,9호선,염창,15348,15149
2022-03-15,9호선,신목동,3623,3262
2022-03-15,9호선,선유도,7954,7590
2022-03-15,9호선,당산,16227,16050
2022-03-15,9호선,국회의사당,13544,14055
2022-03-15,9호선,여의도,23503,23026
2022-03-15,9호선,샛강,5410,5377
2022-03-15,9호선,노량진,22866,22106
2022-03-15,9호선,노들,3934,3316
2022-03-15,9호선,흑석,8336,8429
2022-03-15,9호선,동작,1742,1441
2022-03-15,9호선,구반포,1209,1270
2022-03-15,9호선,신반포,2952,2855
2022-03-15,9호선,고속터미널,9781,12016
2022-03-15,9호선,사평,3150,3049
2022-03-15,9호선,신논현,26949,26727
2022-03-16,9호선,개화,2186,1586
2022-03-16,9호선,김포공항,5396,8547
2022-03-16,9호선,공항시장,2869,3060
2022-03-16,9호선,신방화,6444,6243
2022-03-16,9호선,마곡나루,11092,10813
2022-03-16,9호선,양천향교,9127,9401
2022-03-16,9호선,가양,18440,18091
2022-03-16,9호선,증미,6741,6716
2022-03-16,9호선,등촌,10240,9967
2022-03-16,9호선,염창,15486,15205
2022-03-16,9호선,신목동,3717,3285
2022-03-16,9호선,선유도,7928,7592
2022-03-16,9호선,당산,16021,15958
2022-03-16,9호선,국회의사당,13691,14195
2022-03-16,9호선,여의도,23547,22903
2022-03-16,9호선,샛강,5097,5382
2022-03-16,9호선,노량진,23127,22616
2022-03-16,9호선,노들,4005,3469
2022-03-16,9호선,흑석,8566,8702
2022-03-16,9호선,동작,1817,1498
2022-03-16,9호선,구반포,1459,1591
2022-03-16,9호선,신반포,3045,2942
2022-03-16,9호선,고속터미널,10105,12362
2022-03-16,9호선,사평,3114,3026
2022-03-16,9호선,신논현,26236,26080
2022-03-17,9호선,개화,2106,1541
2022-03-17,9호선,김포공항,5627,9675
2022-03-17,9호선,공항시장,2769,3046
2022-03-17,9호선,신방화,6314,6083
2022-03-17,9호선,마곡나루,10959,10721
2022-03-17,9호선,양천향교,9126,9431
2022-03-17,9호선,가양,18044,17689
2022-03-17,9호선,증미,6595,6521
2022-03-17,9호선,등촌,10226,9961
2022-03-17,9호선,염창,15614,15337
2022-03-17,9호선,신목동,3726,3314
2022-03-17,9호선,선유도,7678,7382
2022-03-17,9호선,당산,15987,15934
2022-03-17,9호선,국회의사당,13292,13650
2022-03-17,9호선,여의도,23044,22491
2022-03-17,9호선,샛강,5083,5249
2022-03-17,9호선,노량진,22974,22119
2022-03-17,9호선,노들,3829,3297
2022-03-17,9호선,흑석,8234,8305
2022-03-17,9호선,동작,1721,1330
2022-03-17,9호선,구반포,1145,1193
2022-03-17,9호선,신반포,2938,2887
2022-03-17,9호선,고속터미널,9799,12017
2022-03-17,9호선,사평,3019,3006
2022-03-17,9호선,신논현,26321,26244
2022-03-18,9호선,신논현,28871,29024
2022-03-18,9호선,사평,3202,3087
2022-03-18,9호선,고속터미널,11145,14415
2022-03-18,9호선,신반포,3023,2879
2022-03-18,9호선,구반포,1175,1234
2022-03-18,9호선,동작,1715,1365
2022-03-18,9호선,흑석,8256,8193
2022-03-18,9호선,노들,4039,3394
2022-03-18,9호선,노량진,23739,22966
2022-03-18,9호선,샛강,5039,5243
2022-03-18,9호선,여의도,24021,22884
2022-03-18,9호선,국회의사당,13610,13960
2022-03-18,9호선,당산,16262,16249
2022-03-18,9호선,선유도,7778,7192
2022-03-18,9호선,신목동,3534,3084
2022-03-18,9호선,염창,15445,15104
2022-03-18,9호선,등촌,10213,9822
2022-03-18,9호선,증미,6746,6676
2022-03-18,9호선,가양,18660,17946
2022-03-18,9호선,양천향교,9261,9259
2022-03-18,9호선,마곡나루,11049,10857
2022-03-18,9호선,신방화,6329,6187
2022-03-18,9호선,공항시장,2807,2993
2022-03-18,9호선,김포공항,6370,12306
2022-03-18,9호선,개화,2067,1544
2022-03-19,9호선,신논현,21101,21036
2022-03-19,9호선,사평,1728,1670
2022-03-19,9호선,고속터미널,9330,13078
2022-03-19,9호선,신반포,2007,1884
2022-03-19,9호선,구반포,705,745
2022-03-19,9호선,동작,1182,993
2022-03-19,9호선,흑석,4593,4559
2022-03-19,9호선,노들,2464,2160
2022-03-19,9호선,노량진,16694,16128
2022-03-19,9호선,샛강,2029,1982
2022-03-19,9호선,여의도,10372,9879
2022-03-19,9호선,국회의사당,3949,3952
2022-03-19,9호선,당산,10406,9616
2022-03-19,9호선,선유도,3113,2874
2022-03-19,9호선,신목동,1707,1463
2022-03-19,9호선,염창,9437,8883
2022-03-19,9호선,등촌,5855,5581
2022-03-19,9호선,증미,3343,3273
2022-03-19,9호선,가양,10871,10296
2022-03-19,9호선,양천향교,4770,4706
2022-03-19,9호선,마곡나루,6697,6446
2022-03-19,9호선,신방화,3789,3670
2022-03-19,9호선,공항시장,1924,1972
2022-03-19,9호선,김포공항,6196,9614
2022-03-19,9호선,개화,1007,906
2022-03-20,9호선,신논현,13351,12537
2022-03-20,9호선,사평,1253,1329
2022-03-20,9호선,고속터미널,8096,11433
2022-03-20,9호선,신반포,1512,1579
2022-03-20,9호선,구반포,383,343
2022-03-20,9호선,동작,1448,1142
2022-03-20,9호선,흑석,3424,3748
2022-03-20,9호선,노들,2159,1842
2022-03-20,9호선,노량진,12512,12970
2022-03-20,9호선,샛강,1378,1396
2022-03-20,9호선,여의도,8003,7174
2022-03-20,9호선,국회의사당,3447,3326
2022-03-20,9호선,당산,7589,7367
2022-03-20,9호선,선유도,2468,2285
2022-03-20,9호선,신목동,1451,1326
2022-03-20,9호선,염창,7034,7126
2022-03-20,9호선,등촌,4347,4372
2022-03-20,9호선,증미,2601,2569
2022-03-20,9호선,가양,8486,8292
2022-03-20,9호선,양천향교,3501,3674
2022-03-20,9호선,마곡나루,5315,5052
2022-03-20,9호선,신방화,2916,2859
2022-03-20,9호선,공항시장,1505,1545
2022-03-20,9호선,김포공항,6019,9129
2022-03-20,9호선,개화,893,871
2022-03-21,9호선,신논현,26913,26373
2022-03-21,9호선,개화,2192,1605
2022-03-21,9호선,김포공항,5996,8226
2022-03-21,9호선,공항시장,2770,2907
2022-03-21,9호선,신방화,6165,6064
2022-03-21,9호선,마곡나루,10818,10529
2022-03-21,9호선,양천향교,9242,9387
2022-03-21,9호선,가양,18652,18188
2022-03-21,9호선,증미,6706,6677
2022-03-21,9호선,등촌,10425,10081
2022-03-21,9호선,염창,15567,15122
2022-03-21,9호선,신목동,3632,3271
2022-03-21,9호선,선유도,7820,7542
2022-03-21,9호선,당산,15946,15718
2022-03-21,9호선,국회의사당,13482,13953
2022-03-21,9호선,여의도,23662,22975
2022-03-21,9호선,샛강,5140,5405
2022-03-21,9호선,노량진,22907,22158
2022-03-21,9호선,노들,3860,3307
2022-03-21,9호선,흑석,8179,8440
2022-03-21,9호선,동작,1688,1392
2022-03-21,9호선,구반포,1221,1239
2022-03-21,9호선,신반포,3079,2955
2022-03-21,9호선,고속터미널,9385,11757
2022-03-21,9호선,사평,2982,2976
2022-03-22,9호선,노량진,23044,22383
2022-03-22,9호선,노들,4039,3426
2022-03-22,9호선,흑석,8486,8488
2022-03-22,9호선,동작,1727,1414
2022-03-22,9호선,구반포,1214,1231
2022-03-22,9호선,신반포,2973,2865
2022-03-22,9호선,고속터미널,9902,12057
2022-03-22,9호선,신논현,27509,27131
2022-03-22,9호선,사평,3063,3071
2022-03-22,9호선,개화,2120,1598
2022-03-22,9호선,김포공항,5535,7836
2022-03-22,9호선,공항시장,2777,2978
2022-03-22,9호선,신방화,6351,6198
2022-03-22,9호선,마곡나루,11098,10855
2022-03-22,9호선,양천향교,9355,9520
2022-03-22,9호선,가양,18817,18405
2022-03-22,9호선,증미,6770,6592
2022-03-22,9호선,등촌,10441,10166
2022-03-22,9호선,염창,15739,15358
2022-03-22,9호선,신목동,3709,3271
2022-03-22,9호선,선유도,7939,7550
2022-03-22,9호선,당산,16540,16121
2022-03-22,9호선,국회의사당,13682,14104
2022-03-22,9호선,여의도,23906,23350
2022-03-22,9호선,샛강,5138,5398
2022-03-23,9호선,개화,2199,1642
2022-03-23,9호선,김포공항,5434,8842
2022-03-23,9호선,공항시장,2788,3072
2022-03-23,9호선,신방화,6282,6122
2022-03-23,9호선,마곡나루,11152,10858
2022-03-23,9호선,양천향교,9362,9604
2022-03-23,9호선,가양,18759,18286
2022-03-23,9호선,증미,6740,6680
2022-03-23,9호선,등촌,10306,9948
2022-03-23,9호선,염창,15687,15321
2022-03-23,9호선,신목동,3697,3284
2022-03-23,9호선,선유도,7909,7526
2022-03-23,9호선,당산,16707,16514
2022-03-23,9호선,국회의사당,14761,15063
2022-03-23,9호선,여의도,24438,23522
2022-03-23,9호선,샛강,5416,5548
2022-03-23,9호선,노량진,23365,22536
2022-03-23,9호선,노들,3917,3392
2022-03-23,9호선,흑석,8537,8545
2022-03-23,9호선,동작,1747,1440
2022-03-23,9호선,구반포,1655,1675
2022-03-23,9호선,신반포,3062,2967
2022-03-23,9호선,고속터미널,10044,12189
2022-03-23,9호선,사평,3164,3056
2022-03-23,9호선,신논현,27000,26525
2022-03-24,9호선,신논현,28956,27588
2022-03-24,9호선,사평,3095,3091
2022-03-24,9호선,고속터미널,10532,12635
2022-03-24,9호선,신반포,3107,2979
2022-03-24,9호선,구반포,1146,1202
2022-03-24,9호선,동작,1845,1537
2022-03-24,9호선,흑석,8193,8413
2022-03-24,9호선,노들,4120,3519
2022-03-24,9호선,노량진,23733,22593
2022-03-24,9호선,샛강,5145,5435
2022-03-24,9호선,여의도,23970,23427
2022-03-24,9호선,국회의사당,14710,15102
2022-03-24,9호선,당산,16968,17045
2022-03-24,9호선,선유도,7890,7481
2022-03-24,9호선,신목동,3849,3337
2022-03-24,9호선,염창,15756,15288
2022-03-24,9호선,등촌,10234,9859
2022-03-24,9호선,증미,6729,6531
2022-03-24,9호선,가양,18840,18186
2022-03-24,9호선,양천향교,9232,9435
2022-03-24,9호선,마곡나루,11196,10937
2022-03-24,9호선,신방화,6362,6160
2022-03-24,9호선,공항시장,2807,3008
2022-03-24,9호선,김포공항,5764,9435
2022-03-24,9호선,개화,2126,1567
2022-03-25,9호선,신논현,31199,30685
2022-03-25,9호선,사평,3257,3133
2022-03-25,9호선,고속터미널,11790,15363
2022-03-25,9호선,신반포,3211,3092
2022-03-25,9호선,구반포,1196,1282
2022-03-25,9호선,동작,1840,1534
2022-03-25,9호선,흑석,8447,8359
2022-03-25,9호선,노들,4134,3545
2022-03-25,9호선,노량진,24843,23468
2022-03-25,9호선,샛강,5521,5476
2022-03-25,9호선,여의도,25349,23865
2022-03-25,9호선,국회의사당,13506,13638
2022-03-25,9호선,당산,17461,17034
2022-03-25,9호선,선유도,8034,7678
2022-03-25,9호선,신목동,3773,3331
2022-03-25,9호선,염창,15898,15412
2022-03-25,9호선,등촌,10523,10227
2022-03-25,9호선,증미,6900,6764
2022-03-25,9호선,가양,19319,18552
2022-03-25,9호선,양천향교,9367,9451
2022-03-25,9호선,마곡나루,11544,11116
2022-03-25,9호선,신방화,6460,6299
2022-03-25,9호선,공항시장,2878,3156
2022-03-25,9호선,김포공항,7167,10725
2022-03-25,9호선,개화,2176,1636
2022-03-26,9호선,신논현,22535,22250
2022-03-26,9호선,사평,1904,1726
2022-03-26,9호선,고속터미널,10266,14124
2022-03-26,9호선,양천향교,5226,4867
2022-03-26,9호선,가양,11858,11123
2022-03-26,9호선,증미,3499,3228
2022-03-26,9호선,등촌,6146,5837
2022-03-26,9호선,염창,9891,9281
2022-03-26,9호선,신목동,1891,1576
2022-03-26,9호선,선유도,3306,3081
2022-03-26,9호선,당산,10990,10246
2022-03-26,9호선,국회의사당,3994,4183
2022-03-26,9호선,여의도,10787,10401
2022-03-26,9호선,샛강,2140,2058
2022-03-26,9호선,노량진,18249,17565
2022-03-26,9호선,노들,2788,2289
2022-03-26,9호선,흑석,4934,4910
2022-03-26,9호선,동작,1301,1095
2022-03-26,9호선,구반포,919,955
2022-03-26,9호선,신반포,2299,2229
2022-03-26,9호선,마곡나루,6898,6703
2022-03-26,9호선,신방화,3942,3614
2022-03-26,9호선,공항시장,2007,2059
2022-03-26,9호선,김포공항,6978,10728
2022-03-26,9호선,개화,1114,1025
2022-03-27,9호선,신논현,14499,13563
2022-03-27,9호선,사평,1277,1387
2022-03-27,9호선,고속터미널,8947,12490
2022-03-27,9호선,신반포,1605,1741
2022-03-27,9호선,구반포,532,508
2022-03-27,9호선,동작,1417,1157
2022-03-27,9호선,흑석,3883,4162
2022-03-27,9호선,노들,2352,2115
2022-03-27,9호선,노량진,13133,13583
2022-03-27,9호선,샛강,1606,1451
2022-03-27,9호선,여의도,9372,7836
2022-03-27,9호선,국회의사당,3715,3560
2022-03-27,9호선,당산,8324,7982
2022-03-27,9호선,선유도,2600,2478
2022-03-27,9호선,신목동,1571,1412
2022-03-27,9호선,염창,7749,7565
2022-03-27,9호선,등촌,4674,4572
2022-03-27,9호선,증미,2159,2252
2022-03-27,9호선,가양,8866,8704
2022-03-27,9호선,양천향교,3916,4058
2022-03-27,9호선,마곡나루,5457,5307
2022-03-27,9호선,신방화,2963,2966
2022-03-27,9호선,공항시장,1591,1691
2022-03-27,9호선,김포공항,6198,10304
2022-03-27,9호선,개화,1023,1002
2022-03-28,9호선,고속터미널,10408,12785
2022-03-28,9호선,사평,3132,3134
2022-03-28,9호선,신논현,27769,27421
2022-03-28,9호선,개화,2304,1624
2022-03-28,9호선,김포공항,6233,8890
2022-03-28,9호선,공항시장,2926,3173
2022-03-28,9호선,신방화,6638,6380
2022-03-28,9호선,마곡나루,11206,11138
2022-03-28,9호선,양천향교,9415,9531
2022-03-28,9호선,가양,19258,18623
2022-03-28,9호선,증미,6840,6739
2022-03-28,9호선,등촌,10555,10333
2022-03-28,9호선,염창,15908,15507
2022-03-28,9호선,신목동,3846,3425
2022-03-28,9호선,선유도,8128,7837
2022-03-28,9호선,당산,16514,16480
2022-03-28,9호선,국회의사당,13740,14325
2022-03-28,9호선,여의도,24383,23714
2022-03-28,9호선,샛강,5295,5556
2022-03-28,9호선,노량진,23660,23048
2022-03-28,9호선,노들,4100,3471
2022-03-28,9호선,흑석,8483,8776
2022-03-28,9호선,동작,1803,1492
2022-03-28,9호선,구반포,1202,1189
2022-03-28,9호선,신반포,3245,3110
2022-03-29,9호선,신논현,28754,28386
2022-03-29,9호선,개화,2332,1730
2022-03-29,9호선,김포공항,6145,8437
2022-03-29,9호선,공항시장,2868,3160
2022-03-29,9호선,신방화,6532,6307
2022-03-29,9호선,마곡나루,11670,11514
2022-03-29,9호선,양천향교,9420,9488
2022-03-29,9호선,가양,19323,18705
2022-03-29,9호선,증미,6780,6703
2022-03-29,9호선,등촌,10583,10123
2022-03-29,9호선,염창,16059,15603
2022-03-29,9호선,신목동,3845,3394
2022-03-29,9호선,선유도,8243,7924
2022-03-29,9호선,당산,17149,16680
2022-03-29,9호선,국회의사당,13964,14513
2022-03-29,9호선,여의도,24626,23963
2022-03-29,9호선,샛강,5311,5606
2022-03-29,9호선,노량진,23982,23321
2022-03-29,9호선,노들,4214,3530
2022-03-29,9호선,흑석,8613,8780
2022-03-29,9호선,동작,1857,1478
2022-03-29,9호선,구반포,1190,1279
2022-03-29,9호선,신반포,3155,3055
2022-03-29,9호선,고속터미널,10420,12562
2022-03-29,9호선,사평,3231,3109
2022-03-30,9호선,사평,3255,3175
2022-03-30,9호선,신논현,28028,27426
2022-03-30,9호선,고속터미널,10200,12493
2022-03-30,9호선,개화,2375,1647
2022-03-30,9호선,김포공항,5907,8570
2022-03-30,9호선,공항시장,2857,3126
2022-03-30,9호선,신방화,6612,6449
2022-03-30,9호선,마곡나루,11436,11087
2022-03-30,9호선,양천향교,9322,9566
2022-03-30,9호선,가양,19102,18512
2022-03-30,9호선,증미,6664,6499
2022-03-30,9호선,등촌,10379,9942
2022-03-30,9호선,염창,15857,15532
2022-03-30,9호선,신목동,3873,3382
2022-03-30,9호선,선유도,8133,7713
2022-03-30,9호선,당산,16850,16649
2022-03-30,9호선,국회의사당,14489,14827
2022-03-30,9호선,여의도,24861,23996
2022-03-30,9호선,샛강,5267,5526
2022-03-30,9호선,노량진,24250,23258
2022-03-30,9호선,노들,4043,3396
2022-03-30,9호선,흑석,8772,8792
2022-03-30,9호선,동작,1690,1403
2022-03-30,9호선,구반포,1155,1235
2022-03-30,9호선,신반포,3139,2911
2022-03-31,9호선,샛강,5493,5666
2022-03-31,9호선,노량진,24337,23331
2022-03-31,9호선,노들,4247,3478
2022-03-31,9호선,흑석,8689,8688
2022-03-31,9호선,동작,1867,1551
2022-03-31,9호선,구반포,1238,1255
2022-03-31,9호선,신반포,3173,3081
2022-03-31,9호선,고속터미널,10958,13301
2022-03-31,9호선,사평,3219,3133
2022-03-31,9호선,신논현,28552,28122
2022-03-31,9호선,개화,2318,1676
2022-03-31,9호선,김포공항,6146,9902
2022-03-31,9호선,공항시장,2861,3084
2022-03-31,9호선,신방화,6483,6292
2022-03-31,9호선,마곡나루,11683,11528
2022-03-31,9호선,양천향교,9482,9682
2022-03-31,9호선,가양,19218,18583
2022-03-31,9호선,증미,6867,6630
2022-03-31,9호선,등촌,10651,10086
2022-03-31,9호선,염창,16283,15995
2022-03-31,9호선,신목동,3833,3391
2022-03-31,9호선,선유도,8197,7822
2022-03-31,9호선,당산,17376,17015
2022-03-31,9호선,국회의사당,14326,14908
2022-03-31,9호선,여의도,25284,24696
2022-04-01,9호선,개화,2409,1716
2022-04-01,9호선,김포공항,7252,12324
2022-04-01,9호선,공항시장,3016,3225
2022-04-01,9호선,신방화,6745,6479
2022-04-01,9호선,마곡나루,11883,11772
2022-04-01,9호선,양천향교,9786,9781
2022-04-01,9호선,가양,20123,19063
2022-04-01,9호선,증미,7007,6777
2022-04-01,9호선,등촌,10895,10320
2022-04-01,9호선,염창,16856,16074
2022-04-01,9호선,신목동,3942,3373
2022-04-01,9호선,선유도,8291,7873
2022-04-01,9호선,당산,18142,17838
2022-04-01,9호선,국회의사당,14600,14813
2022-04-01,9호선,여의도,26482,25126
2022-04-01,9호선,샛강,5630,5852
2022-04-01,9호선,노량진,26055,24712
2022-04-01,9호선,노들,4437,3632
2022-04-01,9호선,흑석,9319,9087
2022-04-01,9호선,동작,2072,1712
2022-04-01,9호선,구반포,1244,1297
2022-04-01,9호선,신반포,3383,3285
2022-04-01,9호선,고속터미널,12707,16803
2022-04-01,9호선,사평,3435,3342
2022-04-01,9호선,신논현,31736,31458
2022-04-02,9호선,신논현,24815,24045
2022-04-02,9호선,사평,2315,2146
2022-04-02,9호선,고속터미널,12321,17514
2022-04-02,9호선,신반포,2702,2651
2022-04-02,9호선,구반포,1016,1003
2022-04-02,9호선,동작,1771,1512
2022-04-02,9호선,흑석,5761,5576
2022-04-02,9호선,노들,3115,2640
2022-04-02,9호선,노량진,20869,20175
2022-04-02,9호선,샛강,2699,2550
2022-04-02,9호선,여의도,13824,13242
2022-04-02,9호선,국회의사당,5161,5606
2022-04-02,9호선,당산,12897,12010
2022-04-02,9호선,선유도,4046,3969
2022-04-02,9호선,신목동,2297,1947
2022-04-02,9호선,염창,11758,10710
2022-04-02,9호선,등촌,6850,6396
2022-04-02,9호선,증미,3944,3758
2022-04-02,9호선,가양,13442,12573
2022-04-02,9호선,양천향교,5536,5276
2022-04-02,9호선,마곡나루,8233,7911
2022-04-02,9호선,신방화,4458,4167
2022-04-02,9호선,공항시장,2265,2326
2022-04-02,9호선,김포공항,7087,11359
2022-04-02,9호선,개화,1417,1205
2022-04-03,9호선,샛강,1828,1608
2022-04-03,9호선,개화,1021,1061
2022-04-03,9호선,김포공항,6715,10614
2022-04-03,9호선,공항시장,1711,1846
2022-04-03,9호선,신방화,3371,3246
2022-04-03,9호선,마곡나루,5546,5576
2022-04-03,9호선,양천향교,3923,4164
2022-04-03,9호선,가양,9746,9640
2022-04-03,9호선,증미,2794,2826
2022-04-03,9호선,등촌,4812,4817
2022-04-03,9호선,염창,8086,7906
2022-04-03,9호선,신목동,1688,1542
2022-04-03,9호선,선유도,2982,2997
2022-04-03,9호선,당산,8594,8535
2022-04-03,9호선,국회의사당,5128,4981
2022-04-03,9호선,여의도,10303,9249
2022-04-03,9호선,노량진,13903,14856
2022-04-03,9호선,노들,2541,2308
2022-04-03,9호선,흑석,4219,4334
2022-04-03,9호선,동작,1561,1262
2022-04-03,9호선,구반포,475,477
2022-04-03,9호선,신반포,1818,1971
2022-04-03,9호선,고속터미널,10245,13877
2022-04-03,9호선,사평,1418,1516
2022-04-03,9호선,신논현,14579,13765
2022-04-04,9호선,개화,2483,1843
2022-04-04,9호선,김포공항,6828,9510
2022-04-04,9호선,공항시장,2876,3129
2022-04-04,9호선,신방화,6636,6500
2022-04-04,9호선,마곡나루,11274,11281
2022-04-04,9호선,양천향교,9629,9801
2022-04-04,9호선,가양,19793,19128
2022-04-04,9호선,증미,7022,6823
2022-04-04,9호선,등촌,10822,10270
2022-04-04,9호선,염창,16482,15840
2022-04-04,9호선,신목동,3950,3483
2022-04-04,9호선,선유도,8410,8092
2022-04-04,9호선,당산,17102,17223
2022-04-04,9호선,국회의사당,15000,15776
2022-04-04,9호선,여의도,25893,25267
2022-04-04,9호선,샛강,5593,5871
2022-04-04,9호선,노량진,24769,24057
2022-04-04,9호선,노들,4226,3566
2022-04-04,9호선,흑석,8770,8918
2022-04-04,9호선,동작,2022,1681
2022-04-04,9호선,구반포,1211,1307
2022-04-04,9호선,신반포,3208,3152
2022-04-04,9호선,고속터미널,11038,13566
2022-04-04,9호선,사평,3300,3255
2022-04-04,9호선,신논현,28646,28099
2022-04-05,9호선,신논현,29167,28786
2022-04-05,9호선,사평,3305,3243
2022-04-05,9호선,고속터미널,10885,13324
2022-04-05,9호선,신반포,3355,3190
2022-04-05,9호선,구반포,1242,1285
2022-04-05,9호선,동작,2166,1772
2022-04-05,9호선,흑석,9121,9322
2022-04-05,9호선,노들,4280,3571
2022-04-05,9호선,노량진,25211,24666
2022-04-05,9호선,샛강,5660,5981
2022-04-05,9호선,여의도,26500,26078
2022-04-05,9호선,국회의사당,15455,16114
2022-04-05,9호선,당산,17515,17409
2022-04-05,9호선,선유도,8586,8236
2022-04-05,9호선,신목동,4093,3591
2022-04-05,9호선,염창,16754,16127
2022-04-05,9호선,등촌,10870,10483
2022-04-05,9호선,증미,7082,6931
2022-04-05,9호선,가양,20002,19339
2022-04-05,9호선,양천향교,9860,9983
2022-04-05,9호선,마곡나루,11911,11661
2022-04-05,9호선,신방화,6645,6373
2022-04-05,9호선,공항시장,2970,3176
2022-04-05,9호선,김포공항,6598,9462
2022-04-05,9호선,개화,2519,1733
2022-04-06,9호선,신논현,29183,28822
2022-04-06,9호선,사평,3400,3309
2022-04-06,9호선,고속터미널,11326,13586
2022-04-06,9호선,신반포,3405,3365
2022-04-06,9호선,구반포,1339,1343
2022-04-06,9호선,동작,2297,1840
2022-04-06,9호선,흑석,9202,9202
2022-04-06,9호선,노들,4428,3660
2022-04-06,9호선,노량진,25794,24907
2022-04-06,9호선,샛강,5967,6155
2022-04-06,9호선,여의도,27264,26912
2022-04-06,9호선,국회의사당,16374,16986
2022-04-06,9호선,당산,17858,17653
2022-04-06,9호선,선유도,8604,8245
2022-04-06,9호선,신목동,4146,3620
2022-04-06,9호선,염창,16884,16360
2022-04-06,9호선,등촌,10981,10478
2022-04-06,9호선,증미,6983,6731
2022-04-06,9호선,가양,20275,19569
2022-04-06,9호선,양천향교,9813,10052
2022-04-06,9호선,마곡나루,11971,11845
2022-04-06,9호선,신방화,6754,6561
2022-04-06,9호선,공항시장,2922,3232
2022-04-06,9호선,김포공항,6241,9756
2022-04-06,9호선,개화,2400,1738
2022-04-07,9호선,사평,3459,3341
2022-04-07,9호선,신논현,29759,29673
2022-04-07,9호선,고속터미널,11635,14271
2022-04-07,9호선,신반포,3352,3262
2022-04-07,9호선,구반포,1280,1309
2022-04-07,9호선,동작,2584,2286
2022-04-07,9호선,흑석,9155,9214
2022-04-07,9호선,노들,4495,3721
2022-04-07,9호선,노량진,26205,25299
2022-04-07,9호선,샛강,6011,6286
2022-04-07,9호선,여의도,27705,27445
2022-04-07,9호선,국회의사당,17221,17646
2022-04-07,9호선,당산,18273,17886
2022-04-07,9호선,선유도,8712,8257
2022-04-07,9호선,신목동,4248,3687
2022-04-07,9호선,염창,17236,16408
2022-04-07,9호선,등촌,11110,10493
2022-04-07,9호선,증미,7321,7026
2022-04-07,9호선,가양,20415,19633
2022-04-07,9호선,양천향교,9885,10108
2022-04-07,9호선,마곡나루,12088,11846
2022-04-07,9호선,신방화,6766,6510
2022-04-07,9호선,공항시장,3002,3180
2022-04-07,9호선,김포공항,6631,10640
2022-04-07,9호선,개화,2482,1785
2022-04-08,9호선,개화,2494,1817
2022-04-08,9호선,김포공항,8017,12654
2022-04-08,9호선,공항시장,3017,3271
2022-04-08,9호선,신방화,7076,6676
2022-04-08,9호선,마곡나루,12097,12010
2022-04-08,9호선,양천향교,10055,9809
2022-04-08,9호선,가양,21285,19889
2022-04-08,9호선,증미,7320,6906
2022-04-08,9호선,등촌,11409,10756
2022-04-08,9호선,염창,17950,16685
2022-04-08,9호선,신목동,4356,3822
2022-04-08,9호선,선유도,8951,8432
2022-04-08,9호선,당산,19330,18706
2022-04-08,9호선,국회의사당,21266,21503
2022-04-08,9호선,여의도,29291,29483
2022-04-08,9호선,샛강,6335,6737
2022-04-08,9호선,노량진,28234,26504
2022-04-08,9호선,노들,4751,3806
2022-04-08,9호선,흑석,9651,9419
2022-04-08,9호선,동작,3128,2656
2022-04-08,9호선,구반포,1326,1351
2022-04-08,9호선,신반포,3748,3606
2022-04-08,9호선,고속터미널,13996,18186
2022-04-08,9호선,사평,3538,3412
2022-04-08,9호선,신논현,32835,33573
2022-04-09,9호선,신논현,27225,26914
2022-04-09,9호선,사평,2478,2134
2022-04-09,9호선,고속터미널,14946,20085
2022-04-09,9호선,신반포,3373,3428
2022-04-09,9호선,구반포,1428,1498
2022-04-09,9호선,동작,4832,3829
2022-04-09,9호선,흑석,6672,6353
2022-04-09,9호선,노들,4109,3420
2022-04-09,9호선,노량진,23331,23184
2022-04-09,9호선,여의도,22453,21754
2022-04-09,9호선,국회의사당,25961,24406
2022-04-09,9호선,당산,15041,13852
2022-04-09,9호선,선유도,5682,5752
2022-04-09,9호선,신목동,3098,2748
2022-04-09,9호선,염창,12884,11740
2022-04-09,9호선,등촌,7793,7187
2022-04-09,9호선,증미,4197,3998
2022-04-09,9호선,가양,15403,13931
2022-04-09,9호선,양천향교,6295,5785
2022-04-09,9호선,마곡나루,8497,8372
2022-04-09,9호선,신방화,4908,4541
2022-04-09,9호선,공항시장,2368,2488
2022-04-09,9호선,김포공항,7826,11687
2022-04-09,9호선,개화,1588,1348
2022-04-09,9호선,샛강,4336,3929
2022-04-10,9호선,노들,3261,2794
2022-04-10,9호선,개화,1312,1182
2022-04-10,9호선,김포공항,7198,11246
2022-04-10,9호선,공항시장,1882,2028
2022-04-10,9호선,신방화,3703,3524
2022-04-10,9호선,마곡나루,6031,6318
2022-04-10,9호선,양천향교,4440,4670
2022-04-10,9호선,가양,11039,10839
2022-04-10,9호선,증미,2767,2728
2022-04-10,9호선,등촌,5879,5812
2022-04-10,9호선,염창,9717,9231
2022-04-10,9호선,신목동,2408,2337
2022-04-10,9호선,선유도,4589,4475
2022-04-10,9호선,당산,11045,10125
2022-04-10,9호선,국회의사당,22751,20588
2022-04-10,9호선,여의도,17398,15889
2022-04-10,9호선,샛강,2799,2787
2022-04-10,9호선,노량진,16859,17769
2022-04-10,9호선,흑석,4703,4766
2022-04-10,9호선,동작,4238,3413
2022-04-10,9호선,구반포,663,641
2022-04-10,9호선,신반포,2192,2432
2022-04-10,9호선,고속터미널,12062,16279
2022-04-10,9호선,사평,1670,1664
2022-04-10,9호선,신논현,16736,15887
2022-04-11,9호선,신논현,29815,29477
2022-04-11,9호선,사평,3451,3417
2022-04-11,9호선,고속터미널,12080,14567
2022-04-11,9호선,신반포,3537,3488
2022-04-11,9호선,구반포,1260,1352
2022-04-11,9호선,동작,3180,2600
2022-04-11,9호선,흑석,9483,9512
2022-04-11,9호선,노들,4597,3783
2022-04-11,9호선,노량진,26072,25574
2022-04-11,9호선,샛강,6073,6484
2022-04-11,9호선,여의도,28928,28920
2022-04-11,9호선,국회의사당,23019,22768
2022-04-11,9호선,당산,18319,17960
2022-04-11,9호선,선유도,9114,8696
2022-04-11,9호선,신목동,4288,3867
2022-04-11,9호선,염창,17302,16555
2022-04-11,9호선,등촌,11464,11001
2022-04-11,9호선,증미,7477,7291
2022-04-11,9호선,가양,20905,20025
2022-04-11,9호선,양천향교,10103,10315
2022-04-11,9호선,마곡나루,11739,11925
2022-04-11,9호선,신방화,6864,6677
2022-04-11,9호선,공항시장,2973,3211
2022-04-11,9호선,김포공항,6950,9692
2022-04-11,9호선,개화,2602,1864
2022-04-12,9호선,개화,2560,1859
2022-04-12,9호선,김포공항,6470,8986
2022-04-12,9호선,공항시장,3030,3262
2022-04-12,9호선,신방화,6952,6595
2022-04-12,9호선,마곡나루,12134,11961
2022-04-12,9호선,양천향교,9993,10177
2022-04-12,9호선,가양,20615,20065
2022-04-12,9호선,증미,7432,7260
2022-04-12,9호선,등촌,11355,10920
2022-04-12,9호선,염창,17361,16693
2022-04-12,9호선,신목동,4363,3875
2022-04-12,9호선,선유도,8876,8526
2022-04-12,9호선,당산,18373,18174
2022-04-12,9호선,국회의사당,18840,19329
2022-04-12,9호선,여의도,28747,27818
2022-04-12,9호선,샛강,6158,6352
2022-04-12,9호선,노량진,25990,25080
2022-04-12,9호선,노들,4427,3809
2022-04-12,9호선,흑석,9292,9346
2022-04-12,9호선,동작,2747,2345
2022-04-12,9호선,구반포,1247,1356
2022-04-12,9호선,신반포,3446,3379
2022-04-12,9호선,고속터미널,11639,14186
2022-04-12,9호선,사평,3512,3446
2022-04-12,9호선,신논현,30336,29909
2022-04-13,9호선,신논현,29522,29391
2022-04-13,9호선,사평,3469,3408
2022-04-13,9호선,고속터미널,11188,13428
2022-04-13,9호선,신반포,3373,3160
2022-04-13,9호선,구반포,1192,1301
2022-04-13,9호선,동작,1947,1567
2022-04-13,9호선,흑석,8986,9106
2022-04-13,9호선,노들,4403,3696
2022-04-13,9호선,노량진,26170,25063
2022-04-13,9호선,샛강,6111,6138
2022-04-13,9호선,여의도,27668,26920
2022-04-13,9호선,국회의사당,16657,16825
2022-04-13,9호선,당산,18097,17976
2022-04-13,9호선,선유도,8747,8259
2022-04-13,9호선,신목동,4095,3608
2022-04-13,9호선,염창,17010,16463
2022-04-13,9호선,등촌,10987,10512
2022-04-13,9호선,증미,7176,7017
2022-04-13,9호선,가양,20207,19829
2022-04-13,9호선,양천향교,9917,10169
2022-04-13,9호선,마곡나루,12116,11835
2022-04-13,9호선,신방화,6899,6700
2022-04-13,9호선,공항시장,2978,3150
2022-04-13,9호선,김포공항,6378,10190
2022-04-13,9호선,개화,2463,1671
2022-04-14,9호선,구반포,1232,1334
2022-04-14,9호선,개화,2461,1745
2022-04-14,9호선,김포공항,6724,10929
2022-04-14,9호선,공항시장,3108,3313
2022-04-14,9호선,신방화,6715,6457
2022-04-14,9호선,마곡나루,12179,12162
2022-04-14,9호선,양천향교,10068,10122
2022-04-14,9호선,가양,20728,19972
2022-04-14,9호선,증미,7300,7058
2022-04-14,9호선,등촌,11089,10643
2022-04-14,9호선,염창,17589,16917
2022-04-14,9호선,신목동,4182,3565
2022-04-14,9호선,선유도,8819,8338
2022-04-14,9호선,당산,18305,18255
2022-04-14,9호선,국회의사당,16317,17074
2022-04-14,9호선,여의도,27664,27156
2022-04-14,9호선,샛강,5863,6085
2022-04-14,9호선,노량진,26172,25223
2022-04-14,9호선,노들,4394,3712
2022-04-14,9호선,흑석,9019,9069
2022-04-14,9호선,동작,2145,1759
2022-04-14,9호선,신반포,3469,3461
2022-04-14,9호선,고속터미널,11822,14167
2022-04-14,9호선,사평,3501,3322
2022-04-14,9호선,신논현,30523,30527
2022-04-15,9호선,신논현,33415,34328
2022-04-15,9호선,사평,3673,3443
2022-04-15,9호선,고속터미널,13772,18511
2022-04-15,9호선,신반포,3773,3727
2022-04-15,9호선,구반포,1339,1434
2022-04-15,9호선,동작,2254,1822
2022-04-15,9호선,흑석,9168,9060
2022-04-15,9호선,노들,4707,3732
2022-04-15,9호선,노량진,27756,26602
2022-04-15,9호선,여의도,29020,27772
2022-04-15,9호선,국회의사당,15741,16299
2022-04-15,9호선,당산,19118,18714
2022-04-15,9호선,선유도,8912,8188
2022-04-15,9호선,신목동,4211,3581
2022-04-15,9호선,염창,17940,16641
2022-04-15,9호선,등촌,11465,10907
2022-04-15,9호선,증미,7652,7159
2022-04-15,9호선,가양,21376,20246
2022-04-15,9호선,양천향교,10309,10295
2022-04-15,9호선,마곡나루,12609,12579
2022-04-15,9호선,신방화,7213,6752
2022-04-15,9호선,공항시장,3122,3256
2022-04-15,9호선,김포공항,8197,13193
2022-04-15,9호선,개화,2518,1806
2022-04-15,9호선,샛강,6153,6291
2022-04-16,9호선,신논현,25405,25483
2022-04-16,9호선,사평,2203,2027
2022-04-16,9호선,고속터미널,13897,18946
2022-04-16,9호선,신반포,3008,2967
2022-04-16,9호선,구반포,1337,1415
2022-04-16,9호선,동작,1886,1701
2022-04-16,9호선,흑석,5713,5528
2022-04-16,9호선,노들,3502,2952
2022-04-16,9호선,노량진,21567,20420
2022-04-16,9호선,샛강,2917,2823
2022-04-16,9호선,여의도,14704,13901
2022-04-16,9호선,국회의사당,8336,8391
2022-04-16,9호선,당산,13399,12165
2022-04-16,9호선,선유도,4447,4263
2022-04-16,9호선,신목동,2528,2072
2022-04-16,9호선,염창,12233,11145
2022-04-16,9호선,등촌,7293,6936
2022-04-16,9호선,증미,4155,3831
2022-04-16,9호선,가양,14267,13156
2022-04-16,9호선,양천향교,5997,5627
2022-04-16,9호선,마곡나루,8861,8437
2022-04-16,9호선,신방화,4635,4402
2022-04-16,9호선,공항시장,2342,2378
2022-04-16,9호선,김포공항,7894,12467
2022-04-16,9호선,개화,1557,1319
2022-04-17,9호선,개화,1125,1097
2022-04-17,9호선,김포공항,7420,11566
2022-04-17,9호선,공항시장,1784,1976
2022-04-17,9호선,신방화,3480,3394
2022-04-17,9호선,마곡나루,5956,5982
2022-04-17,9호선,양천향교,4167,4341
2022-04-17,9호선,가양,10308,10343
2022-04-17,9호선,증미,2974,2924
2022-04-17,9호선,등촌,5169,5287
2022-04-17,9호선,염창,8666,8464
2022-04-17,9호선,신목동,1916,1635
2022-04-17,9호선,선유도,3121,3151
2022-04-17,9호선,당산,9296,8869
2022-04-17,9호선,국회의사당,5448,5042
2022-04-17,9호선,여의도,10110,9140
2022-04-17,9호선,샛강,1853,1831
2022-04-17,9호선,노량진,14928,15648
2022-04-17,9호선,노들,2826,2436
2022-04-17,9호선,흑석,3835,4109
2022-04-17,9호선,동작,1731,1295
2022-04-17,9호선,구반포,611,628
2022-04-17,9호선,신반포,2043,2142
2022-04-17,9호선,고속터미널,10971,14669
2022-04-17,9호선,사평,1415,1510
2022-04-17,9호선,신논현,15234,14458
2022-04-18,9호선,신논현,30113,30083
2022-04-18,9호선,사평,3472,3380
2022-04-18,9호선,고속터미널,11477,13921
2022-04-18,9호선,신반포,3487,3392
2022-04-18,9호선,구반포,1258,1328
2022-04-18,9호선,동작,2063,1607
2022-04-18,9호선,흑석,8719,9046
2022-04-18,9호선,노들,4276,3564
2022-04-18,9호선,노량진,25837,25189
2022-04-18,9호선,샛강,5908,6327
2022-04-18,9호선,여의도,26269,25953
2022-04-18,9호선,국회의사당,15888,16523
2022-04-18,9호선,당산,18091,18145
2022-04-18,9호선,선유도,8757,8325
2022-04-18,9호선,신목동,4298,3837
2022-04-18,9호선,염창,17400,16664
2022-04-18,9호선,등촌,11394,11043
2022-04-18,9호선,증미,7417,7131
2022-04-18,9호선,가양,20673,19933
2022-04-18,9호선,양천향교,9940,10104
2022-04-18,9호선,마곡나루,12000,12013
2022-04-18,9호선,신방화,6866,6696
2022-04-18,9호선,공항시장,2983,3208
2022-04-18,9호선,김포공항,6875,10221
2022-04-18,9호선,개화,2531,1768
2022-04-19,9호선,등촌,11627,11153
2022-04-19,9호선,개화,2552,1850
2022-04-19,9호선,김포공항,7185,10555
2022-04-19,9호선,공항시장,2993,3227
2022-04-19,9호선,신방화,7042,6667
2022-04-19,9호선,마곡나루,12689,12533
2022-04-19,9호선,양천향교,10234,10398
2022-04-19,9호선,가양,21236,20566
2022-04-19,9호선,증미,7369,7167
2022-04-19,9호선,염창,17887,17127
2022-04-19,9호선,신목동,4284,3770
2022-04-19,9호선,선유도,8920,8464
2022-04-19,9호선,당산,18745,18490
2022-04-19,9호선,국회의사당,16061,17006
2022-04-19,9호선,여의도,28378,27939
2022-04-19,9호선,샛강,6239,6560
2022-04-19,9호선,노량진,26032,25235
2022-04-19,9호선,노들,4627,3850
2022-04-19,9호선,흑석,9024,9264
2022-04-19,9호선,동작,2086,1738
2022-04-19,9호선,구반포,1367,1424
2022-04-19,9호선,신반포,3522,3465
2022-04-19,9호선,고속터미널,11977,14332
2022-04-19,9호선,사평,3498,3462
2022-04-19,9호선,신논현,30873,30787
2022-04-20,9호선,개화,2683,1830
2022-04-20,9호선,김포공항,6915,11052
2022-04-20,9호선,공항시장,3046,3307
2022-04-20,9호선,신방화,7226,6945
2022-04-20,9호선,마곡나루,12772,12600
2022-04-20,9호선,양천향교,10233,10460
2022-04-20,9호선,가양,21297,20678
2022-04-20,9호선,증미,7456,7245
2022-04-20,9호선,등촌,11535,11094
2022-04-20,9호선,염창,18079,17528
2022-04-20,9호선,신목동,4366,3796
2022-04-20,9호선,선유도,9096,8729
2022-04-20,9호선,당산,19030,19047
2022-04-20,9호선,국회의사당,18715,18471
2022-04-20,9호선,여의도,29202,28274
2022-04-20,9호선,샛강,6381,6535
2022-04-20,9호선,노량진,26790,25750
2022-04-20,9호선,노들,4615,3878
2022-04-20,9호선,흑석,8700,8896
2022-04-20,9호선,동작,2057,1690
2022-04-20,9호선,구반포,1305,1388
2022-04-20,9호선,신반포,3588,3449
2022-04-20,9호선,고속터미널,12424,14937
2022-04-20,9호선,사평,3566,3548
2022-04-20,9호선,신논현,31111,31277
2022-04-21,9호선,신논현,31907,32826
2022-04-21,9호선,사평,3574,3443
2022-04-21,9호선,고속터미널,13235,16578
2022-04-21,9호선,신반포,3602,3519
2022-04-21,9호선,구반포,1403,1454
2022-04-21,9호선,동작,2219,1798
2022-04-21,9호선,흑석,8658,8578
2022-04-21,9호선,노들,4616,3846
2022-04-21,9호선,노량진,26688,25681
2022-04-21,9호선,샛강,6117,6226
2022-04-21,9호선,여의도,28619,27941
2022-04-21,9호선,국회의사당,16090,16523
2022-04-21,9호선,당산,19520,18942
2022-04-21,9호선,선유도,9203,8619
2022-04-21,9호선,신목동,4479,3795
2022-04-21,9호선,염창,18029,17357
2022-04-21,9호선,등촌,11709,11070
2022-04-21,9호선,증미,7496,7159
2022-04-21,9호선,가양,21360,20541
2022-04-21,9호선,양천향교,10370,10623
2022-04-21,9호선,마곡나루,13043,12656
2022-04-21,9호선,신방화,7098,6683
2022-04-21,9호선,공항시장,3141,3332
2022-04-21,9호선,김포공항,6949,11219
2022-04-21,9호선,개화,2657,1820
2022-04-22,9호선,신논현,34000,35894
2022-04-22,9호선,사평,3724,3458
2022-04-22,9호선,고속터미널,13978,18466
2022-04-22,9호선,신반포,3706,3570
2022-04-22,9호선,구반포,1383,1418
2022-04-22,9호선,동작,2063,1645
2022-04-22,9호선,흑석,8907,8983
2022-04-22,9호선,노들,4635,3862
2022-04-22,9호선,노량진,27817,26353
2022-04-22,9호선,샛강,6113,6424
2022-04-22,9호선,여의도,29394,27956
2022-04-22,9호선,국회의사당,15928,16346
2022-04-22,9호선,당산,19354,19058
2022-04-22,9호선,선유도,9136,8443
2022-04-22,9호선,신목동,4355,3699
2022-04-22,9호선,염창,18246,17125
2022-04-22,9호선,등촌,11564,10955
2022-04-22,9호선,증미,7591,7104
2022-04-22,9호선,가양,21475,20096
2022-04-22,9호선,양천향교,10453,10223
2022-04-22,9호선,마곡나루,12607,12523
2022-04-22,9호선,신방화,7155,6676
2022-04-22,9호선,공항시장,3129,3294
2022-04-22,9호선,김포공항,8303,13241
2022-04-22,9호선,개화,2568,1780
2022-04-23,9호선,신논현,26616,26442
2022-04-23,9호선,사평,2317,2110
2022-04-23,9호선,고속터미널,14340,19788
2022-04-23,9호선,신반포,3225,3323
2022-04-23,9호선,구반포,1077,1135
2022-04-23,9호선,동작,1980,1560
2022-04-23,9호선,흑석,5791,5732
2022-04-23,9호선,노들,3626,3039
2022-04-23,9호선,노량진,21869,21212
2022-04-23,9호선,샛강,2791,2700
2022-04-23,9호선,여의도,13535,13073
2022-04-23,9호선,국회의사당,9154,8695
2022-04-23,9호선,당산,13725,12635
2022-04-23,9호선,선유도,4384,4198
2022-04-23,9호선,신목동,2548,2026
2022-04-23,9호선,염창,12666,11385
2022-04-23,9호선,등촌,7456,7100
2022-04-23,9호선,증미,4231,3880
2022-04-23,9호선,가양,14613,13612
2022-04-23,9호선,양천향교,6423,5887
2022-04-23,9호선,마곡나루,9018,8808
2022-04-23,9호선,신방화,4798,4544
2022-04-23,9호선,공항시장,2424,2416
2022-04-23,9호선,김포공항,8136,12383
2022-04-23,9호선,개화,1554,1312
2022-04-24,9호선,개화,1195,1114
2022-04-24,9호선,김포공항,7315,11381
2022-04-24,9호선,공항시장,1828,2045
2022-04-24,9호선,신방화,3424,3414
2022-04-24,9호선,마곡나루,6037,6066
2022-04-24,9호선,양천향교,4278,4406
2022-04-24,9호선,가양,10164,10084
2022-04-24,9호선,증미,2459,2363
2022-04-24,9호선,등촌,5181,5266
2022-04-24,9호선,염창,8903,8761
2022-04-24,9호선,신목동,1761,1554
2022-04-24,9호선,선유도,3169,3131
2022-04-24,9호선,당산,9421,9160
2022-04-24,9호선,국회의사당,5733,5387
2022-04-24,9호선,여의도,9960,9138
2022-04-24,9호선,샛강,1715,1746
2022-04-24,9호선,노량진,15010,15725
2022-04-24,9호선,노들,2747,2392
2022-04-24,9호선,흑석,3984,4211
2022-04-24,9호선,동작,1528,1268
2022-04-24,9호선,구반포,547,550
2022-04-24,9호선,신반포,2085,2205
2022-04-24,9호선,고속터미널,10998,15074
2022-04-24,9호선,사평,1510,1518
2022-04-24,9호선,신논현,15781,14850
2022-04-25,9호선,개화,2710,1847
2022-04-25,9호선,김포공항,7160,10193
2022-04-25,9호선,공항시장,3105,3332
2022-04-25,9호선,신방화,7008,6773
2022-04-25,9호선,마곡나루,12266,12103
2022-04-25,9호선,양천향교,10267,10380
2022-04-25,9호선,가양,21168,20554
2022-04-25,9호선,증미,7500,7345
2022-04-25,9호선,등촌,11603,11113
2022-04-25,9호선,염창,17682,17155
2022-04-25,9호선,신목동,4353,3829
2022-04-25,9호선,선유도,9107,8672
2022-04-25,9호선,당산,18354,18531
2022-04-25,9호선,국회의사당,16162,17025
2022-04-25,9호선,여의도,27821,27513
2022-04-25,9호선,샛강,5921,6357
2022-04-25,9호선,노량진,26156,25499
2022-04-25,9호선,노들,4462,3855
2022-04-25,9호선,흑석,8796,9023
2022-04-25,9호선,동작,1981,1629
2022-04-25,9호선,구반포,1326,1400
2022-04-25,9호선,고속터미널,11936,14628
2022-04-25,9호선,사평,3527,3415
2022-04-25,9호선,신논현,31045,30598
2022-04-25,9호선,신반포,3478,3481
2022-04-26,9호선,신논현,32229,32449
2022-04-26,9호선,사평,3978,3705
2022-04-26,9호선,고속터미널,12548,14937
2022-04-26,9호선,신반포,3519,3556
2022-04-26,9호선,구반포,1300,1392
2022-04-26,9호선,동작,1994,1671
2022-04-26,9호선,흑석,9187,9438
2022-04-26,9호선,노들,4663,3931
2022-04-26,9호선,노량진,26464,25509
2022-04-26,9호선,샛강,6268,6583
2022-04-26,9호선,여의도,28366,28183
2022-04-26,9호선,국회의사당,16278,17214
2022-04-26,9호선,당산,19177,19047
2022-04-26,9호선,선유도,9303,8904
2022-04-26,9호선,신목동,4430,3821
2022-04-26,9호선,염창,18188,17215
2022-04-26,9호선,등촌,11672,11143
2022-04-26,9호선,증미,7573,7222
2022-04-26,9호선,가양,21620,20832
2022-04-26,9호선,양천향교,10283,10482
2022-04-26,9호선,마곡나루,12841,12660
2022-04-26,9호선,신방화,7142,6816
2022-04-26,9호선,공항시장,3093,3290
2022-04-26,9호선,김포공항,7198,10229
2022-04-26,9호선,개화,2690,1900
2022-04-27,9호선,개화,2742,2040
2022-04-27,9호선,김포공항,7058,11349
2022-04-27,9호선,공항시장,3228,3364
2022-04-27,9호선,신방화,7320,6812
2022-04-27,9호선,마곡나루,13068,13046
2022-04-27,9호선,양천향교,10477,10587
2022-04-27,9호선,가양,21900,21389
2022-04-27,9호선,증미,7662,7338
2022-04-27,9호선,등촌,11922,11236
2022-04-27,9호선,염창,18398,17881
2022-04-27,9호선,신목동,4529,3889
2022-04-27,9호선,선유도,9476,8934
2022-04-27,9호선,당산,19827,19634
2022-04-27,9호선,국회의사당,18048,18369
2022-04-27,9호선,여의도,29456,28899
2022-04-27,9호선,샛강,6332,6640
2022-04-27,9호선,노량진,27613,26730
2022-04-27,9호선,노들,4853,4045
2022-04-27,9호선,흑석,9916,9959
2022-04-27,9호선,동작,2127,1735
2022-04-27,9호선,구반포,1443,1488
2022-04-27,9호선,신반포,3915,3895
2022-04-27,9호선,고속터미널,12904,15895
2022-04-27,9호선,사평,3863,3767
2022-04-27,9호선,신논현,32503,32201
2022-04-28,9호선,구반포,1344,1478
2022-04-28,9호선,염창,18353,17608
2022-04-28,9호선,개화,2705,1880
2022-04-28,9호선,김포공항,7492,12108
2022-04-28,9호선,공항시장,3160,3387
2022-04-28,9호선,신방화,7133,6881
2022-04-28,9호선,마곡나루,13086,12925
2022-04-28,9호선,양천향교,10330,10627
2022-04-28,9호선,가양,22086,21161
2022-04-28,9호선,증미,7689,7437
2022-04-28,9호선,등촌,11794,11208
2022-04-28,9호선,신목동,4742,4027
2022-04-28,9호선,선유도,9251,8912
2022-04-28,9호선,당산,19438,19551
2022-04-28,9호선,국회의사당,17123,17780
2022-04-28,9호선,여의도,29155,29097
2022-04-28,9호선,샛강,6446,6791
2022-04-28,9호선,노량진,27682,26655
2022-04-28,9호선,노들,4845,4010
2022-04-28,9호선,흑석,9586,9641
2022-04-28,9호선,동작,2152,1772
2022-04-28,9호선,신반포,3878,3837
2022-04-28,9호선,고속터미널,13323,16441
2022-04-28,9호선,사평,3850,3609
2022-04-28,9호선,신논현,33154,33409
2022-04-29,9호선,고속터미널,15577,20148
2022-04-29,9호선,개화,2721,1895
2022-04-29,9호선,김포공항,9368,13695
2022-04-29,9호선,공항시장,3254,3408
2022-04-29,9호선,신방화,7279,6847
2022-04-29,9호선,마곡나루,13264,13383
2022-04-29,9호선,양천향교,10803,10637
2022-04-29,9호선,가양,22644,21233
2022-04-29,9호선,증미,7919,7548
2022-04-29,9호선,등촌,12116,11275
2022-04-29,9호선,염창,18890,17601
2022-04-29,9호선,신목동,4691,3936
2022-04-29,9호선,선유도,9516,8805
2022-04-29,9호선,당산,20225,20214
2022-04-29,9호선,국회의사당,16166,16646
2022-04-29,9호선,여의도,30427,29264
2022-04-29,9호선,샛강,6538,6834
2022-04-29,9호선,노량진,29309,27451
2022-04-29,9호선,노들,4931,4005
2022-04-29,9호선,흑석,9943,9815
2022-04-29,9호선,동작,2126,1878
2022-04-29,9호선,구반포,1408,1451
2022-04-29,9호선,신반포,4038,3965
2022-04-29,9호선,사평,4012,3777
2022-04-29,9호선,신논현,36076,37673
2022-04-30,9호선,개화,1576,1359
2022-04-30,9호선,김포공항,8659,12883
2022-04-30,9호선,공항시장,2551,2603
2022-04-30,9호선,신방화,4878,4578
2022-04-30,9호선,마곡나루,9051,8816
2022-04-30,9호선,양천향교,6187,5761
2022-04-30,9호선,가양,15293,14089
2022-04-30,9호선,증미,4164,3905
2022-04-30,9호선,등촌,7625,7240
2022-04-30,9호선,염창,13198,11855
2022-04-30,9호선,신목동,2694,2287
2022-04-30,9호선,선유도,4608,4275
2022-04-30,9호선,당산,14158,13197
2022-04-30,9호선,국회의사당,6847,6761
2022-04-30,9호선,여의도,15031,14010
2022-04-30,9호선,샛강,2858,2815
2022-04-30,9호선,노량진,22898,22113
2022-04-30,9호선,노들,3743,3222
2022-04-30,9호선,흑석,6389,6342
2022-04-30,9호선,동작,1893,1651
2022-04-30,9호선,구반포,1318,1327
2022-04-30,9호선,신반포,3716,3683
2022-04-30,9호선,고속터미널,15611,22499
2022-04-30,9호선,사평,2790,2506
2022-04-30,9호선,신논현,29518,29076
2022-05-01,9호선,개화,1288,1141
2022-05-01,9호선,김포공항,7687,11819
2022-05-01,9호선,공항시장,1862,2014
2022-05-01,9호선,신방화,3576,3563
2022-05-01,9호선,마곡나루,6460,6452
2022-05-01,9호선,양천향교,4349,4596
2022-05-01,9호선,가양,10898,10933
2022-05-01,9호선,증미,2966,2935
2022-05-01,9호선,등촌,5316,5486
2022-05-01,9호선,염창,9212,9223
2022-05-01,9호선,신목동,1978,1748
2022-05-01,9호선,선유도,3321,3387
2022-05-01,9호선,당산,10093,9701
2022-05-01,9호선,국회의사당,5260,4762
2022-05-01,9호선,여의도,10992,9752
2022-05-01,9호선,샛강,2069,1922
2022-05-01,9호선,노량진,16085,16910
2022-05-01,9호선,노들,3026,2808
2022-05-01,9호선,흑석,4503,4868
2022-05-01,9호선,동작,1633,1370
2022-05-01,9호선,구반포,453,467
2022-05-01,9호선,신반포,2335,2590
2022-05-01,9호선,고속터미널,12979,18275
2022-05-01,9호선,사평,1713,1765
2022-05-01,9호선,신논현,17982,16476
2022-05-02,9호선,신논현,32965,32506
2022-05-02,9호선,사평,3815,3626
2022-05-02,9호선,고속터미널,12893,16168
2022-05-02,9호선,신반포,3778,3642
2022-05-02,9호선,구반포,1325,1403
2022-05-02,9호선,동작,2038,1717
2022-05-02,9호선,흑석,9570,9887
2022-05-02,9호선,노들,4723,3986
2022-05-02,9호선,노량진,27319,26608
2022-05-02,9호선,샛강,6496,6841
2022-05-02,9호선,여의도,29155,29064
2022-05-02,9호선,국회의사당,16592,17507
2022-05-02,9호선,당산,18982,19312
2022-05-02,9호선,선유도,9350,8911
2022-05-02,9호선,신목동,4443,3871
2022-05-02,9호선,염창,18327,17778
2022-05-02,9호선,등촌,12079,11523
2022-05-02,9호선,증미,7707,7548
2022-05-02,9호선,가양,21972,21002
2022-05-02,9호선,양천향교,10274,10458
2022-05-02,9호선,마곡나루,12959,12822
2022-05-02,9호선,신방화,7091,6807
2022-05-02,9호선,공항시장,3119,3328
2022-05-02,9호선,김포공항,7274,10787
2022-05-02,9호선,개화,2822,1936
2022-05-03,9호선,개화,2895,1979
2022-05-03,9호선,김포공항,7250,11310
2022-05-03,9호선,공항시장,3156,3418
2022-05-03,9호선,신방화,7325,6876
2022-05-03,9호선,마곡나루,13311,13128
2022-05-03,9호선,양천향교,10435,10617
2022-05-03,9호선,가양,22453,21654
2022-05-03,9호선,증미,7843,7660
2022-05-03,9호선,등촌,12111,11745
2022-05-03,9호선,염창,18654,17901
2022-05-03,9호선,신목동,4648,3934
2022-05-03,9호선,선유도,9474,9085
2022-05-03,9호선,당산,19776,19782
2022-05-03,9호선,국회의사당,18376,18938
2022-05-03,9호선,여의도,29945,29558
2022-05-03,9호선,샛강,6762,6767
2022-05-03,9호선,노량진,27780,26876
2022-05-03,9호선,노들,4817,4062
2022-05-03,9호선,흑석,10153,10296
2022-05-03,9호선,동작,2140,1743
2022-05-03,9호선,구반포,1398,1439
2022-05-03,9호선,신반포,3909,3827
2022-05-03,9호선,고속터미널,13331,16138
2022-05-03,9호선,사평,3904,3852
2022-05-03,9호선,신논현,34030,33934
2022-05-04,9호선,개화,3031,2019
2022-05-04,9호선,김포공항,8174,12314
2022-05-04,9호선,공항시장,3389,3425
2022-05-04,9호선,신방화,7731,7188
2022-05-04,9호선,마곡나루,13896,13823
2022-05-04,9호선,양천향교,11153,10931
2022-05-04,9호선,가양,23640,22306
2022-05-04,9호선,증미,8158,7738
2022-05-04,9호선,등촌,12387,11617
2022-05-04,9호선,염창,19518,18168
2022-05-04,9호선,신목동,4939,4066
2022-05-04,9호선,선유도,9830,9187
2022-05-04,9호선,당산,21026,20554
2022-05-04,9호선,국회의사당,17500,18253
2022-05-04,9호선,여의도,31305,30699
2022-05-04,9호선,샛강,6627,6961
2022-05-04,9호선,노량진,29514,28484
2022-05-04,9호선,노들,5037,4105
2022-05-04,9호선,흑석,10676,10486
2022-05-04,9호선,동작,2318,1967
2022-05-04,9호선,구반포,1344,1446
2022-05-04,9호선,신반포,4427,4232
2022-05-04,9호선,고속터미널,16179,22042
2022-05-04,9호선,사평,4184,3849
2022-05-04,9호선,신논현,36398,37092
2022-05-05,9호선,개화,1526,1280
2022-05-05,9호선,김포공항,7795,12114
2022-05-05,9호선,공항시장,2059,2052
2022-05-05,9호선,신방화,4029,3706
2022-05-05,9호선,마곡나루,7397,7111
2022-05-05,9호선,양천향교,5395,4901
2022-05-05,9호선,가양,12065,11363
2022-05-05,9호선,증미,3697,3398
2022-05-05,9호선,등촌,6317,6003
2022-05-05,9호선,염창,10461,9712
2022-05-05,9호선,신목동,2200,1998
2022-05-05,9호선,선유도,4193,4025
2022-05-05,9호선,당산,10746,10045
2022-05-05,9호선,국회의사당,3697,3744
2022-05-05,9호선,여의도,12302,11922
2022-05-05,9호선,샛강,2478,2332
2022-05-05,9호선,노량진,19164,18931
2022-05-05,9호선,노들,3249,2849
2022-05-05,9호선,흑석,5512,5280
2022-05-05,9호선,동작,1700,1449
2022-05-05,9호선,구반포,575,574
2022-05-05,9호선,신반포,2760,3076
2022-05-05,9호선,고속터미널,14246,20604
2022-05-05,9호선,사평,1973,1810
2022-05-05,9호선,신논현,19798,18479
2022-05-06,9호선,개화,2419,1766
2022-05-06,9호선,김포공항,8402,13432
2022-05-06,9호선,공항시장,2942,3012
2022-05-06,9호선,신방화,6702,6164
2022-05-06,9호선,마곡나루,11582,11232
2022-05-06,9호선,양천향교,9407,9182
2022-05-06,9호선,가양,20314,19217
2022-05-06,9호선,증미,7277,6732
2022-05-06,9호선,등촌,10889,10369
2022-05-06,9호선,염창,17017,15879
2022-05-06,9호선,신목동,4226,3596
2022-05-06,9호선,선유도,7520,6846
2022-05-06,9호선,당산,17809,17137
2022-05-06,9호선,국회의사당,13971,13904
2022-05-06,9호선,여의도,27167,26135
2022-05-06,9호선,샛강,5444,5487
2022-05-06,9호선,노량진,26746,25777
2022-05-06,9호선,노들,4605,3676
2022-05-06,9호선,흑석,9300,9235
2022-05-06,9호선,동작,2025,1729
2022-05-06,9호선,구반포,1206,1228
2022-05-06,9호선,신반포,4043,4182
2022-05-06,9호선,고속터미널,16847,23636
2022-05-06,9호선,사평,3482,3164
2022-05-06,9호선,신논현,33243,33638
2022-05-07,9호선,개화,1556,1343
2022-05-07,9호선,김포공항,7815,12003
2022-05-07,9호선,공항시장,2303,2353
2022-05-07,9호선,신방화,4649,4406
2022-05-07,9호선,마곡나루,8040,8069
2022-05-07,9호선,양천향교,5836,5411
2022-05-07,9호선,가양,13807,13000
2022-05-07,9호선,증미,4086,3816
2022-05-07,9호선,등촌,7151,6712
2022-05-07,9호선,염창,12090,10902
2022-05-07,9호선,신목동,2572,2126
2022-05-07,9호선,선유도,4170,3903
2022-05-07,9호선,당산,12285,11559
2022-05-07,9호선,국회의사당,4828,4740
2022-05-07,9호선,여의도,12625,12225
2022-05-07,9호선,샛강,2789,2642
2022-05-07,9호선,노량진,21459,20243
2022-05-07,9호선,노들,3553,2862
2022-05-07,9호선,흑석,6341,6101
2022-05-07,9호선,동작,1928,1563
2022-05-07,9호선,구반포,1199,1240
2022-05-07,9호선,신반포,3143,3232
2022-05-07,9호선,고속터미널,15704,22561
2022-05-07,9호선,사평,2262,2003
2022-05-07,9호선,신논현,25403,24974
2022-05-08,9호선,신논현,14786,13690
2022-05-08,9호선,사평,1603,1725
2022-05-08,9호선,고속터미널,13328,16315
2022-05-08,9호선,신반포,1838,1915
2022-05-08,9호선,구반포,423,448
2022-05-08,9호선,동작,1760,1471
2022-05-08,9호선,흑석,4148,4372
2022-05-08,9호선,노들,2671,2416
2022-05-08,9호선,노량진,14777,15973
2022-05-08,9호선,샛강,1765,1709
2022-05-08,9호선,여의도,8759,7893
2022-05-08,9호선,국회의사당,4861,4483
2022-05-08,9호선,당산,8816,9301
2022-05-08,9호선,선유도,2795,2894
2022-05-08,9호선,신목동,1927,1787
2022-05-08,9호선,염창,8589,8880
2022-05-08,9호선,등촌,5037,5553
2022-05-08,9호선,증미,2474,2622
2022-05-08,9호선,가양,10061,10461
2022-05-08,9호선,양천향교,4056,4668
2022-05-08,9호선,마곡나루,5361,5537
2022-05-08,9호선,신방화,3486,3412
2022-05-08,9호선,공항시장,1699,1920
2022-05-08,9호선,김포공항,8068,11400
2022-05-08,9호선,개화,1161,1099
2022-05-09,9호선,개화,2887,1934
2022-05-09,9호선,김포공항,7501,10859
2022-05-09,9호선,공항시장,3140,3324
2022-05-09,9호선,신방화,7424,7183
2022-05-09,9호선,마곡나루,13149,13151
2022-05-09,9호선,양천향교,10471,10756
2022-05-09,9호선,가양,22146,21490
2022-05-09,9호선,증미,7754,7647
2022-05-09,9호선,등촌,12065,11619
2022-05-09,9호선,염창,18418,17746
2022-05-09,9호선,신목동,4655,4192
2022-05-09,9호선,선유도,9317,8974
2022-05-09,9호선,당산,18950,19371
2022-05-09,9호선,국회의사당,17288,18425
2022-05-09,9호선,여의도,28795,29254
2022-05-09,9호선,샛강,6455,6778
2022-05-09,9호선,노량진,27321,27034
2022-05-09,9호선,노들,4718,4029
2022-05-09,9호선,흑석,9862,10103
2022-05-09,9호선,동작,2095,1689
2022-05-09,9호선,구반포,1355,1436
2022-05-09,9호선,신반포,4110,3786
2022-05-09,9호선,고속터미널,13766,16295
2022-05-09,9호선,사평,3772,3601
2022-05-09,9호선,신논현,32838,32616
2022-05-10,9호선,신논현,34214,33724
2022-05-10,9호선,사평,3966,3712
2022-05-10,9호선,고속터미널,13644,16406
2022-05-10,9호선,신반포,4339,4085
2022-05-10,9호선,구반포,1472,1504
2022-05-10,9호선,동작,2232,1807
2022-05-10,9호선,흑석,10276,10394
2022-05-10,9호선,노들,5009,4141
2022-05-10,9호선,노량진,28510,27764
2022-05-10,9호선,샛강,7032,7300
2022-05-10,9호선,여의도,34126,32680
2022-05-10,9호선,국회의사당,24492,28063
2022-05-10,9호선,당산,20710,20479
2022-05-10,9호선,선유도,9818,9175
2022-05-10,9호선,신목동,4722,4077
2022-05-10,9호선,염창,18976,18140
2022-05-10,9호선,등촌,12336,11675
2022-05-10,9호선,증미,7827,7590
2022-05-10,9호선,가양,22818,21953
2022-05-10,9호선,양천향교,10674,10967
2022-05-10,9호선,마곡나루,13998,13556
2022-05-10,9호선,신방화,7364,6929
2022-05-10,9호선,공항시장,3192,3441
2022-05-10,9호선,김포공항,7157,10560
2022-05-10,9호선,개화,2868,2064
2022-05-11,9호선,신논현,33806,33586
2022-05-11,9호선,사평,3934,3771
2022-05-11,9호선,고속터미널,13578,16428
2022-05-11,9호선,신반포,4177,3925
2022-05-11,9호선,구반포,1400,1466
2022-05-11,9호선,동작,2134,1828
2022-05-11,9호선,흑석,10343,10259
2022-05-11,9호선,노들,5084,4187
2022-05-11,9호선,노량진,28802,27656
2022-05-11,9호선,샛강,6519,7011
2022-05-11,9호선,여의도,30396,30085
2022-05-11,9호선,국회의사당,17380,18233
2022-05-11,9호선,당산,20056,20050
2022-05-11,9호선,선유도,9536,9126
2022-05-11,9호선,신목동,4721,4043
2022-05-11,9호선,염창,18797,17999
2022-05-11,9호선,등촌,12379,11626
2022-05-11,9호선,증미,7780,7492
2022-05-11,9호선,가양,22686,21917
2022-05-11,9호선,양천향교,10715,10879
2022-05-11,9호선,마곡나루,13993,13715
2022-05-11,9호선,신방화,7508,7118
2022-05-11,9호선,공항시장,3208,3440
2022-05-11,9호선,김포공항,7070,11457
2022-05-11,9호선,개화,2826,1942
2022-05-12,9호선,신논현,33928,33794
2022-05-12,9호선,사평,3929,3732
2022-05-12,9호선,고속터미널,14036,16923
2022-05-12,9호선,신반포,3959,3905
2022-05-12,9호선,구반포,1383,1421
2022-05-12,9호선,동작,2233,2055
2022-05-12,9호선,흑석,10161,10192
2022-05-12,9호선,노들,5006,4203
2022-05-12,9호선,노량진,28713,27614
2022-05-12,9호선,샛강,6690,7075
2022-05-12,9호선,여의도,30272,30175
2022-05-12,9호선,국회의사당,16773,17844
2022-05-12,9호선,당산,20124,20181
2022-05-12,9호선,선유도,9376,9038
2022-05-12,9호선,신목동,4676,4026
2022-05-12,9호선,염창,18934,18075
2022-05-12,9호선,등촌,12201,11648
2022-05-12,9호선,증미,7757,7637
2022-05-12,9호선,가양,22857,21822
2022-05-12,9호선,양천향교,10567,10699
2022-05-12,9호선,마곡나루,13492,13560
2022-05-12,9호선,신방화,7435,7003
2022-05-12,9호선,공항시장,3251,3348
2022-05-12,9호선,김포공항,7476,12130
2022-05-12,9호선,개화,2814,1956
2022-05-13,9호선,신논현,37366,38660
2022-05-13,9호선,사평,4256,3903
2022-05-13,9호선,고속터미널,16942,21915
2022-05-13,9호선,신반포,4354,4355
2022-05-13,9호선,구반포,1436,1543
2022-05-13,9호선,동작,2452,1955
2022-05-13,9호선,흑석,10418,10338
2022-05-13,9호선,노들,5110,4208
2022-05-13,9호선,노량진,30236,28991
2022-05-13,9호선,샛강,6606,6913
2022-05-13,9호선,여의도,31300,30546
2022-05-13,9호선,국회의사당,17384,17750
2022-05-13,9호선,당산,20803,20666
2022-05-13,9호선,선유도,9548,8884
2022-05-13,9호선,신목동,4756,3956
2022-05-13,9호선,염창,19518,18101
2022-05-13,9호선,등촌,12544,11727
2022-05-13,9호선,증미,8011,7658
2022-05-13,9호선,가양,23231,22076
2022-05-13,9호선,양천향교,10865,10605
2022-05-13,9호선,마곡나루,13814,13748
2022-05-13,9호선,신방화,7415,6969
2022-05-13,9호선,공항시장,3319,3397
2022-05-13,9호선,김포공항,8963,14154
2022-05-13,9호선,개화,2819,2020
2022-05-14,9호선,개화,1674,1370
2022-05-14,9호선,김포공항,8718,13064
2022-05-14,9호선,공항시장,2485,2537
2022-05-14,9호선,신방화,5062,4735
2022-05-14,9호선,마곡나루,9671,9475
2022-05-14,9호선,양천향교,6816,6438
2022-05-14,9호선,가양,15926,15126
2022-05-14,9호선,증미,4518,4160
2022-05-14,9호선,등촌,8055,7449
2022-05-14,9호선,염창,13488,12173
2022-05-14,9호선,신목동,2757,2259
2022-05-14,9호선,선유도,4932,4595
2022-05-14,9호선,당산,15148,14064
2022-05-14,9호선,국회의사당,4854,5035
2022-05-14,9호선,여의도,15578,14569
2022-05-14,9호선,샛강,2995,3098
2022-05-14,9호선,노량진,24017,23067
2022-05-14,9호선,노들,3912,3398
2022-05-14,9호선,흑석,7038,6821
2022-05-14,9호선,동작,2145,1729
2022-05-14,9호선,구반포,1207,1285
2022-05-14,9호선,신반포,3640,3834
2022-05-14,9호선,고속터미널,17602,24653
2022-05-14,9호선,사평,2639,2370
2022-05-14,9호선,신논현,30498,30315
2022-05-15,9호선,샛강,2013,1893
2022-05-15,9호선,신논현,19082,17826
2022-05-15,9호선,사평,1848,1863
2022-05-15,9호선,고속터미널,14207,19418
2022-05-15,9호선,신반포,2872,3224
2022-05-15,9호선,구반포,539,715
2022-05-15,9호선,동작,1580,1285
2022-05-15,9호선,흑석,4796,4950
2022-05-15,9호선,노들,3305,2855
2022-05-15,9호선,노량진,16443,17110
2022-05-15,9호선,여의도,11402,10384
2022-05-15,9호선,국회의사당,7649,6736
2022-05-15,9호선,당산,10719,10439
2022-05-15,9호선,선유도,3563,3467
2022-05-15,9호선,신목동,2062,1890
2022-05-15,9호선,염창,9765,9658
2022-05-15,9호선,등촌,5582,5668
2022-05-15,9호선,증미,3219,3175
2022-05-15,9호선,가양,12104,11655
2022-05-15,9호선,양천향교,4728,4842
2022-05-15,9호선,마곡나루,6791,6789
2022-05-15,9호선,신방화,3837,3733
2022-05-15,9호선,공항시장,1908,2141
2022-05-15,9호선,김포공항,8092,12349
2022-05-15,9호선,개화,1278,1208
2022-05-16,9호선,개화,2827,1927
2022-05-16,9호선,김포공항,7531,11047
2022-05-16,9호선,공항시장,3156,3427
2022-05-16,9호선,신방화,7160,6851
2022-05-16,9호선,마곡나루,12634,12732
2022-05-16,9호선,양천향교,10513,10701
2022-05-16,9호선,가양,22377,21554
2022-05-16,9호선,증미,7807,7724
2022-05-16,9호선,등촌,12158,11632
2022-05-16,9호선,염창,18561,17856
2022-05-16,9호선,신목동,4670,4077
2022-05-16,9호선,선유도,9353,8972
2022-05-16,9호선,당산,19283,19510
2022-05-16,9호선,국회의사당,16669,17509
2022-05-16,9호선,여의도,28282,28451
2022-05-16,9호선,샛강,6309,6719
2022-05-16,9호선,노량진,27728,27181
2022-05-16,9호선,노들,4673,3810
2022-05-16,9호선,흑석,10096,10124
2022-05-16,9호선,동작,2152,1795
2022-05-16,9호선,구반포,1353,1461
2022-05-16,9호선,신반포,3894,3878
2022-05-16,9호선,고속터미널,13135,16151
2022-05-16,9호선,사평,3844,3746
2022-05-16,9호선,신논현,33388,32755
2022-05-17,9호선,개화,2974,2112
2022-05-17,9호선,김포공항,7422,11126
2022-05-17,9호선,공항시장,3181,3356
2022-05-17,9호선,신방화,7323,6931
2022-05-17,9호선,마곡나루,13291,13201
2022-05-17,9호선,양천향교,10749,10836
2022-05-17,9호선,가양,22768,21965
2022-05-17,9호선,증미,7976,7695
2022-05-17,9호선,등촌,12198,11608
2022-05-17,9호선,염창,19012,18216
2022-05-17,9호선,신목동,4650,4010
2022-05-17,9호선,선유도,9618,9106
2022-05-17,9호선,당산,20020,20279
2022-05-17,9호선,국회의사당,17213,18101
2022-05-17,9호선,여의도,30043,29970
2022-05-17,9호선,샛강,6614,6923
2022-05-17,9호선,노량진,28186,27268
2022-05-17,9호선,노들,4855,4090
2022-05-17,9호선,흑석,9933,10122
2022-05-17,9호선,동작,2308,1861
2022-05-17,9호선,구반포,1356,1444
2022-05-17,9호선,신반포,4070,3996
2022-05-17,9호선,고속터미널,13707,16566
2022-05-17,9호선,사평,3993,3754
2022-05-17,9호선,신논현,34075,34014
2022-05-18,9호선,개화,2817,1957
2022-05-18,9호선,김포공항,7154,11558
2022-05-18,9호선,공항시장,3208,3357
2022-05-18,9호선,신방화,7461,7073
2022-05-18,9호선,마곡나루,13302,13284
2022-05-18,9호선,양천향교,10602,10690
2022-05-18,9호선,가양,22562,22159
2022-05-18,9호선,증미,7807,7481
2022-05-18,9호선,등촌,11936,11263
2022-05-18,9호선,염창,18455,17737
2022-05-18,9호선,신목동,4707,4009
2022-05-18,9호선,선유도,9423,9092
2022-05-18,9호선,당산,20110,20020
2022-05-18,9호선,국회의사당,16549,17717
2022-05-18,9호선,여의도,30040,29867
2022-05-18,9호선,샛강,6590,6945
2022-05-18,9호선,노량진,28510,27556
2022-05-18,9호선,노들,4929,4115
2022-05-18,9호선,흑석,10051,10106
2022-05-18,9호선,동작,2345,1913
2022-05-18,9호선,구반포,1318,1477
2022-05-18,9호선,신반포,3973,3858
2022-05-18,9호선,고속터미널,13293,16391
2022-05-18,9호선,사평,3908,3668
2022-05-18,9호선,신논현,33738,33404
2022-05-19,9호선,개화,2886,1928
2022-05-19,9호선,김포공항,7745,12576
2022-05-19,9호선,공항시장,3246,3388
2022-05-19,9호선,신방화,7292,7049
2022-05-19,9호선,마곡나루,13474,13267
2022-05-19,9호선,양천향교,10790,10933
2022-05-19,9호선,가양,22764,21884
2022-05-19,9호선,증미,7872,7599
2022-05-19,9호선,등촌,12243,11493
2022-05-19,9호선,염창,19053,18350
2022-05-19,9호선,신목동,4800,4107
2022-05-19,9호선,선유도,9739,9194
2022-05-19,9호선,당산,20266,20293
2022-05-19,9호선,국회의사당,16737,17733
2022-05-19,9호선,여의도,30112,29959
2022-05-19,9호선,샛강,6443,6871
2022-05-19,9호선,노량진,28859,27488
2022-05-19,9호선,노들,4915,4069
2022-05-19,9호선,흑석,10108,10174
2022-05-19,9호선,동작,2212,1773
2022-05-19,9호선,구반포,1325,1442
2022-05-19,9호선,신반포,4137,4054
2022-05-19,9호선,고속터미널,14192,17073
2022-05-19,9호선,사평,3926,3752
2022-05-19,9호선,신논현,33904,34087
2022-05-20,9호선,개화,2868,1978
2022-05-20,9호선,김포공항,8914,14631
2022-05-20,9호선,공항시장,3304,3405
2022-05-20,9호선,신방화,7649,7024
2022-05-20,9호선,마곡나루,13721,13652
2022-05-20,9호선,양천향교,11135,10799
2022-05-20,9호선,가양,23369,22362
2022-05-20,9호선,증미,8047,7676
2022-05-20,9호선,등촌,12571,11512
2022-05-20,9호선,염창,19239,17819
2022-05-20,9호선,신목동,5231,4271
2022-05-20,9호선,선유도,9503,8922
2022-05-20,9호선,당산,20596,20824
2022-05-20,9호선,국회의사당,17002,17653
2022-05-20,9호선,여의도,30423,29800
2022-05-20,9호선,샛강,6401,6823
2022-05-20,9호선,노량진,30397,28977
2022-05-20,9호선,노들,5200,4313
2022-05-20,9호선,흑석,10133,10032
2022-05-20,9호선,동작,2637,2157
2022-05-20,9호선,구반포,1450,1548
2022-05-20,9호선,신반포,4279,4279
2022-05-20,9호선,고속터미널,16782,21832
2022-05-20,9호선,사평,4250,3843
2022-05-20,9호선,신논현,37570,39157
2022-05-21,9호선,개화,1650,1356
2022-05-21,9호선,김포공항,8882,13331
2022-05-21,9호선,공항시장,2511,2646
2022-05-21,9호선,신방화,5348,4897
2022-05-21,9호선,마곡나루,9581,9348
2022-05-21,9호선,양천향교,6681,6156
2022-05-21,9호선,가양,15999,15298
2022-05-21,9호선,증미,4441,4090
2022-05-21,9호선,등촌,8006,7475
2022-05-21,9호선,염창,13591,12259
2022-05-21,9호선,신목동,2972,2426
2022-05-21,9호선,선유도,5034,4782
2022-05-21,9호선,당산,15608,15774
2022-05-21,9호선,국회의사당,5216,5327
2022-05-21,9호선,여의도,14479,14445
2022-05-21,9호선,샛강,3087,2987
2022-05-21,9호선,노량진,24186,22854
2022-05-21,9호선,노들,4248,3670
2022-05-21,9호선,흑석,6749,6345
2022-05-21,9호선,동작,2943,2521
2022-05-21,9호선,구반포,1417,1617
2022-05-21,9호선,신반포,3767,3932
2022-05-21,9호선,고속터미널,17294,24327
2022-05-21,9호선,사평,2689,2398
2022-05-21,9호선,신논현,29540,29613
2022-05-22,9호선,개화,1255,1212
2022-05-22,9호선,김포공항,8343,12363
2022-05-22,9호선,공항시장,1837,2052
2022-05-22,9호선,신방화,3743,3633
2022-05-22,9호선,마곡나루,6530,6534
2022-05-22,9호선,양천향교,4491,4741
2022-05-22,9호선,가양,12310,11839
2022-05-22,9호선,증미,2657,2636
2022-05-22,9호선,등촌,5574,5575
2022-05-22,9호선,염창,9637,9381
2022-05-22,9호선,신목동,2007,1811
2022-05-22,9호선,선유도,3572,3536
2022-05-22,9호선,당산,11100,11305
2022-05-22,9호선,국회의사당,5595,4895
2022-05-22,9호선,여의도,10685,10032
2022-05-22,9호선,샛강,2061,1991
2022-05-22,9호선,노량진,16468,16925
2022-05-22,9호선,노들,3128,2744
2022-05-22,9호선,흑석,4388,4642
2022-05-22,9호선,동작,1560,1305
2022-05-22,9호선,구반포,466,565
2022-05-22,9호선,신반포,2925,3098
2022-05-22,9호선,고속터미널,14254,19454
2022-05-22,9호선,사평,1651,1651
2022-05-22,9호선,신논현,18000,16924
2022-05-23,9호선,신논현,33047,32835
2022-05-23,9호선,고속터미널,13324,16651
2022-05-23,9호선,신반포,4362,3930
2022-05-23,9호선,구반포,1389,1464
2022-05-23,9호선,동작,2217,1808
2022-05-23,9호선,흑석,9657,9953
2022-05-23,9호선,노들,4813,3932
2022-05-23,9호선,노량진,27642,26738
2022-05-23,9호선,샛강,6512,6948
2022-05-23,9호선,여의도,29282,28892
2022-05-23,9호선,국회의사당,16091,17085
2022-05-23,9호선,당산,18974,19385
2022-05-23,9호선,선유도,9129,8603
2022-05-23,9호선,신목동,4839,4176
2022-05-23,9호선,염창,18419,17722
2022-05-23,9호선,등촌,11977,11566
2022-05-23,9호선,증미,7867,7677
2022-05-23,9호선,가양,22217,21611
2022-05-23,9호선,양천향교,10597,10737
2022-05-23,9호선,마곡나루,12746,12956
2022-05-23,9호선,신방화,7239,6984
2022-05-23,9호선,공항시장,3173,3384
2022-05-23,9호선,김포공항,7464,10874
2022-05-23,9호선,개화,2954,2030
2022-05-23,9호선,사평,3853,3640
2022-05-24,9호선,신논현,34466,34385
2022-05-24,9호선,사평,4102,3849
2022-05-24,9호선,고속터미널,13980,16568
2022-05-24,9호선,신반포,3951,3896
2022-05-24,9호선,구반포,1452,1547
2022-05-24,9호선,동작,2317,1926
2022-05-24,9호선,흑석,10027,10145
2022-05-24,9호선,노들,4886,4092
2022-05-24,9호선,노량진,28064,26958
2022-05-24,9호선,샛강,6606,6925
2022-05-24,9호선,여의도,29897,29897
2022-05-24,9호선,국회의사당,16786,17801
2022-05-24,9호선,당산,19696,20186
2022-05-24,9호선,선유도,9620,9081
2022-05-24,9호선,신목동,4830,4196
2022-05-24,9호선,염창,18744,17916
2022-05-24,9호선,등촌,12253,11583
2022-05-24,9호선,증미,7993,7837
2022-05-24,9호선,가양,22868,21899
2022-05-24,9호선,양천향교,10643,10867
2022-05-24,9호선,마곡나루,13217,13172
2022-05-24,9호선,신방화,7381,7125
2022-05-24,9호선,공항시장,3182,3354
2022-05-24,9호선,김포공항,7450,10540
2022-05-24,9호선,개화,2989,2072
2022-05-25,9호선,신논현,33927,33783
2022-05-25,9호선,사평,4067,4001
2022-05-25,9호선,고속터미널,13254,16292
2022-05-25,9호선,신반포,4084,3931
2022-05-25,9호선,구반포,1398,1490
2022-05-25,9호선,동작,2416,2013
2022-05-25,9호선,흑석,10218,10486
2022-05-25,9호선,노들,4999,4263
2022-05-25,9호선,노량진,28989,27582
2022-05-25,9호선,샛강,6937,7036
2022-05-25,9호선,여의도,30808,29985
2022-05-25,9호선,국회의사당,18210,18515
2022-05-25,9호선,당산,19932,20305
2022-05-25,9호선,선유도,9940,9489
2022-05-25,9호선,신목동,4843,4254
2022-05-25,9호선,염창,18839,18211
2022-05-25,9호선,등촌,12348,11934
2022-05-25,9호선,증미,8052,7819
2022-05-25,9호선,가양,23119,22398
2022-05-25,9호선,양천향교,10861,11099
2022-05-25,9호선,마곡나루,13846,13314
2022-05-25,9호선,신방화,7611,7378
2022-05-25,9호선,공항시장,3228,3558
2022-05-25,9호선,김포공항,7389,11441
2022-05-25,9호선,개화,2985,2000
2022-05-26,9호선,개화,2922,2007
2022-05-26,9호선,김포공항,7965,11933
2022-05-26,9호선,공항시장,3110,3376
2022-05-26,9호선,신방화,7438,7162
2022-05-26,9호선,마곡나루,13795,13746
2022-05-26,9호선,양천향교,10652,10933
2022-05-26,9호선,가양,23052,22185
2022-05-26,9호선,증미,8016,7714
2022-05-26,9호선,등촌,12284,11572
2022-05-26,9호선,염창,19078,18229
2022-05-26,9호선,신목동,4810,4127
2022-05-26,9호선,선유도,9526,9157
2022-05-26,9호선,당산,20029,20220
2022-05-26,9호선,국회의사당,17166,18092
2022-05-26,9호선,여의도,30070,29970
2022-05-26,9호선,샛강,6756,7114
2022-05-26,9호선,노량진,28817,27448
2022-05-26,9호선,노들,4901,4014
2022-05-26,9호선,흑석,10223,10267
2022-05-26,9호선,동작,2220,1887
2022-05-26,9호선,구반포,1335,1366
2022-05-26,9호선,신반포,3960,3878
2022-05-26,9호선,고속터미널,14020,17044
2022-05-26,9호선,사평,3994,3735
2022-05-26,9호선,신논현,34074,33888
2022-05-27,9호선,신논현,37982,39832
2022-05-27,9호선,사평,4173,3871
2022-05-27,9호선,고속터미널,16689,21852
2022-05-27,9호선,신반포,4255,4200
2022-05-27,9호선,구반포,1576,1597
2022-05-27,9호선,동작,2499,2068
2022-05-27,9호선,흑석,11276,11317
2022-05-27,9호선,노들,5214,4272
2022-05-27,9호선,노량진,30319,29094
2022-05-27,9호선,샛강,7638,7643
2022-05-27,9호선,여의도,30855,29840
2022-05-27,9호선,국회의사당,16349,17171
2022-05-27,9호선,당산,20665,21043
2022-05-27,9호선,선유도,9917,9066
2022-05-27,9호선,신목동,4972,4126
2022-05-27,9호선,염창,19518,18385
2022-05-27,9호선,등촌,12617,11654
2022-05-27,9호선,증미,8154,7689
2022-05-27,9호선,가양,23473,22348
2022-05-27,9호선,양천향교,11065,10700
2022-05-27,9호선,마곡나루,13869,13795
2022-05-27,9호선,신방화,7631,7146
2022-05-27,9호선,공항시장,3308,3464
2022-05-27,9호선,김포공항,9222,14526
2022-05-27,9호선,개화,2922,2023
2022-05-28,9호선,개화,1682,1443
2022-05-28,9호선,김포공항,8597,12993
2022-05-28,9호선,공항시장,2440,2619
2022-05-28,9호선,신방화,5335,4860
2022-05-28,9호선,마곡나루,9221,9142
2022-05-28,9호선,양천향교,6639,6040
2022-05-28,9호선,가양,15878,14946
2022-05-28,9호선,증미,4405,4226
2022-05-28,9호선,등촌,8039,7508
2022-05-28,9호선,염창,13464,12248
2022-05-28,9호선,신목동,2864,2371
2022-05-28,9호선,선유도,5014,4780
2022-05-28,9호선,당산,15897,15808
2022-05-28,9호선,국회의사당,5079,5212
2022-05-28,9호선,여의도,14768,14204
2022-05-28,9호선,샛강,3825,3277
2022-05-28,9호선,노량진,23645,22889
2022-05-28,9호선,노들,4290,3602
2022-05-28,9호선,흑석,6871,6825
2022-05-28,9호선,동작,2175,1835
2022-05-28,9호선,구반포,982,1065
2022-05-28,9호선,신반포,3624,3926
2022-05-28,9호선,고속터미널,16941,24199
2022-05-28,9호선,사평,3011,2713
2022-05-28,9호선,신논현,28196,28263
2022-05-29,9호선,신논현,16617,15874
2022-05-29,9호선,사평,1846,1874
2022-05-29,9호선,고속터미널,13143,18631
2022-05-29,9호선,신반포,2604,2787
2022-05-29,9호선,구반포,706,739
2022-05-29,9호선,동작,1691,1453
2022-05-29,9호선,흑석,4616,4648
2022-05-29,9호선,노들,3020,2719
2022-05-29,9호선,노량진,15886,16763
2022-05-29,9호선,샛강,2520,2072
2022-05-29,9호선,여의도,10024,9387
2022-05-29,9호선,국회의사당,5534,5489
2022-05-29,9호선,당산,10396,10060
2022-05-29,9호선,선유도,3441,3397
2022-05-29,9호선,신목동,2119,1895
2022-05-29,9호선,염창,9507,9369
2022-05-29,9호선,등촌,5425,5443
2022-05-29,9호선,증미,3163,3053
2022-05-29,9호선,가양,12312,11838
2022-05-29,9호선,양천향교,4561,4740
2022-05-29,9호선,마곡나루,6329,6297
2022-05-29,9호선,신방화,3696,3623
2022-05-29,9호선,공항시장,1828,2033
2022-05-29,9호선,김포공항,8015,12158
2022-05-29,9호선,개화,1254,1146
2022-05-30,9호선,신논현,31579,31308
2022-05-30,9호선,사평,3928,3806
2022-05-30,9호선,고속터미널,12991,16340
2022-05-30,9호선,신반포,3842,3783
2022-05-30,9호선,구반포,1334,1388
2022-05-30,9호선,동작,2057,1719
2022-05-30,9호선,흑석,9612,9971
2022-05-30,9호선,노들,4725,3917
2022-05-30,9호선,노량진,26874,26543
2022-05-30,9호선,샛강,7055,6776
2022-05-30,9호선,여의도,30049,29669
2022-05-30,9호선,국회의사당,16105,16942
2022-05-30,9호선,당산,18794,19481
2022-05-30,9호선,선유도,9354,8999
2022-05-30,9호선,신목동,4840,4199
2022-05-30,9호선,염창,18281,17720
2022-05-30,9호선,등촌,12025,11511
2022-05-30,9호선,증미,7778,7621
2022-05-30,9호선,가양,22073,21597
2022-05-30,9호선,양천향교,10738,10986
2022-05-30,9호선,마곡나루,12833,12996
2022-05-30,9호선,신방화,7189,6862
2022-05-30,9호선,공항시장,3029,3301
2022-05-30,9호선,김포공항,7474,11357
2022-05-30,9호선,개화,3022,2043
2022-05-31,9호선,신논현,34326,35414
2022-05-31,9호선,사평,4167,3933
2022-05-31,9호선,고속터미널,14682,18028
2022-05-31,9호선,신반포,4174,3963
2022-05-31,9호선,구반포,1874,1934
2022-05-31,9호선,동작,2373,1963
2022-05-31,9호선,흑석,10253,10483
2022-05-31,9호선,노들,5264,4389
2022-05-31,9호선,노량진,28781,28433
2022-05-31,9호선,샛강,7725,7389
2022-05-31,9호선,여의도,30999,30843
2022-05-31,9호선,국회의사당,16309,17469
2022-05-31,9호선,당산,20521,20954
2022-05-31,9호선,선유도,9832,9375
2022-05-31,9호선,신목동,4972,4171
2022-05-31,9호선,염창,19415,18223
2022-05-31,9호선,등촌,12428,11569
2022-05-31,9호선,증미,8061,7715
2022-05-31,9호선,가양,23218,22376
2022-05-31,9호선,양천향교,11191,11181
2022-05-31,9호선,마곡나루,13994,13930
2022-05-31,9호선,신방화,7527,7199
2022-05-31,9호선,공항시장,3286,3427
2022-05-31,9호선,김포공항,8169,11591
2022-05-31,9호선,개화,2981,2009
2022-06-01,9호선,신논현,19170,18393
2022-06-01,9호선,사평,2329,2187
2022-06-01,9호선,고속터미널,12284,16345
2022-06-01,9호선,신반포,2599,2638
2022-06-01,9호선,구반포,593,628
2022-06-01,9호선,동작,2173,1993
2022-06-01,9호선,흑석,5484,5240
2022-06-01,9호선,노들,3181,2763
2022-06-01,9호선,노량진,19061,19249
2022-06-01,9호선,샛강,3073,2577
2022-06-01,9호선,여의도,10860,10481
2022-06-01,9호선,국회의사당,3699,3755
2022-06-01,9호선,당산,11066,10238
2022-06-01,9호선,선유도,3873,3781
2022-06-01,9호선,신목동,2225,2031
2022-06-01,9호선,염창,10512,9939
2022-06-01,9호선,등촌,6356,6250
2022-06-01,9호선,증미,3560,3428
2022-06-01,9호선,가양,11922,11423
2022-06-01,9호선,양천향교,5361,5332
2022-06-01,9호선,마곡나루,6981,7109
2022-06-01,9호선,신방화,4268,4038
2022-06-01,9호선,공항시장,2085,2247
2022-06-01,9호선,김포공항,7648,10936
2022-06-01,9호선,개화,1342,1125
2022-06-02,9호선,신논현,32462,32142
2022-06-02,9호선,사평,3937,3846
2022-06-02,9호선,고속터미널,13756,17116
2022-06-02,9호선,신반포,3973,3943
2022-06-02,9호선,구반포,1333,1399
2022-06-02,9호선,동작,2808,2524
2022-06-02,9호선,흑석,9546,9707
2022-06-02,9호선,노들,4918,4202
2022-06-02,9호선,노량진,27075,26597
2022-06-02,9호선,샛강,6999,6796
2022-06-02,9호선,여의도,29737,29603
2022-06-02,9호선,국회의사당,16395,17369
2022-06-02,9호선,당산,19825,20009
2022-06-02,9호선,선유도,9600,9112
2022-06-02,9호선,신목동,4840,4148
2022-06-02,9호선,염창,18609,17911
2022-06-02,9호선,등촌,12123,11679
2022-06-02,9호선,가양,22497,21907
2022-06-02,9호선,양천향교,10750,10984
2022-06-02,9호선,마곡나루,13402,13182
2022-06-02,9호선,신방화,7306,7027
2022-06-02,9호선,공항시장,3217,3473
2022-06-02,9호선,김포공항,7545,11869
2022-06-02,9호선,개화,2978,1998
2022-06-02,9호선,증미,7834,7670
2022-06-03,9호선,노들,5146,4192
2022-06-03,9호선,흑석,9998,9780
2022-06-03,9호선,동작,3070,2841
2022-06-03,9호선,노량진,28749,27804
2022-06-03,9호선,샛강,7945,7571
2022-06-03,9호선,여의도,30342,29283
2022-06-03,9호선,국회의사당,16179,16655
2022-06-03,9호선,당산,20562,20402
2022-06-03,9호선,선유도,9713,8870
2022-06-03,9호선,신목동,4816,4069
2022-06-03,9호선,염창,19069,18033
2022-06-03,9호선,등촌,12545,11845
2022-06-03,9호선,증미,8019,7661
2022-06-03,9호선,가양,23005,21949
2022-06-03,9호선,양천향교,11011,10787
2022-06-03,9호선,마곡나루,13214,13198
2022-06-03,9호선,신방화,7398,6981
2022-06-03,9호선,공항시장,3257,3365
2022-06-03,9호선,김포공항,8730,14232
2022-06-03,9호선,개화,2884,2073
2022-06-03,9호선,구반포,1449,1415
2022-06-03,9호선,신반포,4215,4144
2022-06-03,9호선,고속터미널,16072,23075
2022-06-03,9호선,사평,4084,3932
2022-06-03,9호선,신논현,34207,35451
2022-06-04,9호선,신논현,25052,25479
2022-06-04,9호선,사평,2512,2263
2022-06-04,9호선,고속터미널,16055,24854
2022-06-04,9호선,신반포,3423,3412
2022-06-04,9호선,구반포,1284,1400
2022-06-04,9호선,동작,3518,3540
2022-06-04,9호선,흑석,6250,6101
2022-06-04,9호선,노들,3725,3088
2022-06-04,9호선,노량진,21486,20955
2022-06-04,9호선,샛강,3203,2848
2022-06-04,9호선,여의도,13081,13009
2022-06-04,9호선,국회의사당,4882,5008
2022-06-04,9호선,당산,13699,12502
2022-06-04,9호선,선유도,4428,4080
2022-06-04,9호선,신목동,2642,2156
2022-06-04,9호선,염창,12777,11210
2022-06-04,9호선,등촌,7763,7111
2022-06-04,9호선,증미,4207,3823
2022-06-04,9호선,가양,14898,13895
2022-06-04,9호선,양천향교,6231,5565
2022-06-04,9호선,마곡나루,8595,8584
2022-06-04,9호선,신방화,5029,4562
2022-06-04,9호선,공항시장,2412,2402
2022-06-04,9호선,김포공항,8237,12195
2022-06-04,9호선,개화,1536,1338
2022-06-05,9호선,신논현,15717,15779
2022-06-05,9호선,사평,1722,1606
2022-06-05,9호선,고속터미널,11654,16426
2022-06-05,9호선,신반포,2027,2118
2022-06-05,9호선,구반포,472,506
2022-06-05,9호선,동작,3990,3837
2022-06-05,9호선,흑석,4117,4302
2022-06-05,9호선,노들,2810,2495
2022-06-05,9호선,노량진,15424,15945
2022-06-05,9호선,샛강,2154,1871
2022-06-05,9호선,여의도,10573,9398
2022-06-05,9호선,국회의사당,5042,4911
2022-06-05,9호선,당산,9593,9088
2022-06-05,9호선,선유도,3099,3001
2022-06-05,9호선,신목동,1906,1599
2022-06-05,9호선,염창,9305,8978
2022-06-05,9호선,등촌,5469,5131
2022-06-05,9호선,증미,2983,2909
2022-06-05,9호선,가양,11928,11323
2022-06-05,9호선,양천향교,4266,4089
2022-06-05,9호선,마곡나루,6109,6130
2022-06-05,9호선,신방화,3641,3499
2022-06-05,9호선,공항시장,1796,1902
2022-06-05,9호선,김포공항,7622,11181
2022-06-05,9호선,개화,1231,1061
2022-06-06,9호선,신논현,14645,14075
2022-06-06,9호선,사평,1771,1780
2022-06-06,9호선,고속터미널,13753,17312
2022-06-06,9호선,신반포,1996,1991
2022-06-06,9호선,구반포,566,577
2022-06-06,9호선,동작,12278,12510
2022-06-06,9호선,흑석,4648,4763
2022-06-06,9호선,노들,2646,2365
2022-06-06,9호선,노량진,16079,17037
2022-06-06,9호선,샛강,2378,2210
2022-06-06,9호선,여의도,9843,9119
2022-06-06,9호선,국회의사당,3318,3371
2022-06-06,9호선,당산,8703,9039
2022-06-06,9호선,선유도,3014,2939
2022-06-06,9호선,신목동,1878,1684
2022-06-06,9호선,염창,8814,8776
2022-06-06,9호선,등촌,5516,5735
2022-06-06,9호선,증미,2993,3095
2022-06-06,9호선,가양,9824,10092
2022-06-06,9호선,양천향교,4285,4521
2022-06-06,9호선,마곡나루,5596,5893
2022-06-06,9호선,신방화,3480,3498
2022-06-06,9호선,공항시장,1704,1880
2022-06-06,9호선,김포공항,7639,11247
2022-06-06,9호선,개화,1104,1033
2022-06-07,9호선,개화,3021,2080
2022-06-07,9호선,김포공항,7445,10868
2022-06-07,9호선,공항시장,3170,3439
2022-06-07,9호선,신방화,7091,6882
2022-06-07,9호선,마곡나루,13169,13259
2022-06-07,9호선,양천향교,10461,10939
2022-06-07,9호선,가양,22464,21957
2022-06-07,9호선,증미,7849,7703
2022-06-07,9호선,등촌,12385,11777
2022-06-07,9호선,염창,18783,18171
2022-06-07,9호선,신목동,4835,4130
2022-06-07,9호선,선유도,9546,9192
2022-06-07,9호선,당산,19421,20072
2022-06-07,9호선,국회의사당,17537,18561
2022-06-07,9호선,여의도,29889,29538
2022-06-07,9호선,샛강,7022,7026
2022-06-07,9호선,노량진,26920,26600
2022-06-07,9호선,노들,4913,4083
2022-06-07,9호선,흑석,9709,10045
2022-06-07,9호선,동작,2447,2035
2022-06-07,9호선,구반포,1348,1377
2022-06-07,9호선,신반포,3992,3885
2022-06-07,9호선,고속터미널,13523,16372
2022-06-07,9호선,사평,3908,3877
2022-06-07,9호선,신논현,31987,31869
2022-06-08,9호선,개화,2964,2038
2022-06-08,9호선,김포공항,7562,10943
2022-06-08,9호선,공항시장,3132,3391
2022-06-08,9호선,신방화,7486,7245
2022-06-08,9호선,마곡나루,13440,13404
2022-06-08,9호선,양천향교,10728,11045
2022-06-08,9호선,가양,22845,22466
2022-06-08,9호선,증미,8019,7792
2022-06-08,9호선,등촌,12438,11878
2022-06-08,9호선,염창,18866,18257
2022-06-08,9호선,신목동,4919,4128
2022-06-08,9호선,선유도,9730,9324
2022-06-08,9호선,당산,20046,20500
2022-06-08,9호선,국회의사당,17928,18785
2022-06-08,9호선,여의도,30617,30034
2022-06-08,9호선,샛강,7047,6942
2022-06-08,9호선,노량진,27238,26840
2022-06-08,9호선,노들,5131,4334
2022-06-08,9호선,흑석,10041,10134
2022-06-08,9호선,동작,2282,1816
2022-06-08,9호선,구반포,1434,1479
2022-06-08,9호선,신반포,4038,3981
2022-06-08,9호선,고속터미널,13328,16206
2022-06-08,9호선,사평,4090,3886
2022-06-08,9호선,신논현,32220,31966
2022-06-09,9호선,신논현,32193,31837
2022-06-09,9호선,사평,4059,3929
2022-06-09,9호선,고속터미널,13576,16581
2022-06-09,9호선,신반포,4004,3998
2022-06-09,9호선,구반포,1390,1461
2022-06-09,9호선,동작,2169,1811
2022-06-09,9호선,흑석,9537,9621
2022-06-09,9호선,노들,4895,4085
2022-06-09,9호선,노량진,26864,26315
2022-06-09,9호선,샛강,6870,6900
2022-06-09,9호선,여의도,30497,30147
2022-06-09,9호선,국회의사당,17354,18415
2022-06-09,9호선,당산,20057,20324
2022-06-09,9호선,선유도,9566,9275
2022-06-09,9호선,신목동,4798,4100
2022-06-09,9호선,염창,18974,18104
2022-06-09,9호선,등촌,12253,11735
2022-06-09,9호선,증미,7991,7735
2022-06-09,9호선,가양,22660,22104
2022-06-09,9호선,양천향교,10630,11019
2022-06-09,9호선,마곡나루,13344,13398
2022-06-09,9호선,신방화,7337,7074
2022-06-09,9호선,공항시장,3201,3368
2022-06-09,9호선,김포공항,7688,11681
2022-06-09,9호선,개화,2900,1958
2022-06-10,9호선,개화,2872,1976
2022-06-10,9호선,김포공항,9097,13312
2022-06-10,9호선,공항시장,3287,3471
2022-06-10,9호선,신방화,7642,7209
2022-06-10,9호선,마곡나루,13925,14031
2022-06-10,9호선,양천향교,11128,11064
2022-06-10,9호선,가양,23106,22337
2022-06-10,9호선,증미,8276,7967
2022-06-10,9호선,등촌,12601,11788
2022-06-10,9호선,염창,19422,18406
2022-06-10,9호선,신목동,4879,4105
2022-06-10,9호선,선유도,9799,9061
2022-06-10,9호선,당산,20976,21166
2022-06-10,9호선,국회의사당,17496,18657
2022-06-10,9호선,여의도,31396,29846
2022-06-10,9호선,샛강,7552,7325
2022-06-10,9호선,노량진,28608,27669
2022-06-10,9호선,노들,5022,4155
2022-06-10,9호선,흑석,9681,9854
2022-06-10,9호선,동작,2620,2205
2022-06-10,9호선,구반포,1399,1471
2022-06-10,9호선,신반포,4114,4029
2022-06-10,9호선,고속터미널,15387,19994
2022-06-10,9호선,사평,4166,3862
2022-06-10,9호선,신논현,35217,35955
2022-06-11,9호선,동작,2340,2045
2022-06-11,9호선,개화,1547,1348
2022-06-11,9호선,김포공항,8350,12329
2022-06-11,9호선,공항시장,2440,2509
2022-06-11,9호선,신방화,5217,4820
2022-06-11,9호선,마곡나루,9151,9025
2022-06-11,9호선,양천향교,6604,6096
2022-06-11,9호선,가양,15304,14463
2022-06-11,9호선,증미,4391,4113
2022-06-11,9호선,등촌,7971,7433
2022-06-11,9호선,염창,13065,11796
2022-06-11,9호선,신목동,2823,2282
2022-06-11,9호선,선유도,4558,4089
2022-06-11,9호선,당산,14279,13425
2022-06-11,9호선,국회의사당,5166,5410
2022-06-11,9호선,여의도,13698,13361
2022-06-11,9호선,샛강,3178,3019
2022-06-11,9호선,노량진,22187,21592
2022-06-11,9호선,노들,3810,3256
2022-06-11,9호선,흑석,6355,6338
2022-06-11,9호선,구반포,1051,1131
2022-06-11,9호선,신반포,3526,3449
2022-06-11,9호선,고속터미널,15186,21091
2022-06-11,9호선,사평,2598,2326
2022-06-11,9호선,신논현,26076,26649
2022-06-12,9호선,신논현,15883,15098
2022-06-12,9호선,사평,1971,1940
2022-06-12,9호선,고속터미널,11959,16518
2022-06-12,9호선,신반포,2442,2604
2022-06-12,9호선,구반포,572,542
2022-06-12,9호선,동작,1478,1211
2022-06-12,9호선,흑석,4197,4396
2022-06-12,9호선,노들,2908,2501
2022-06-12,9호선,노량진,15058,15968
2022-06-12,9호선,샛강,2242,2004
2022-06-12,9호선,여의도,10035,9280
2022-06-12,9호선,국회의사당,5415,5060
2022-06-12,9호선,당산,9995,9689
2022-06-12,9호선,선유도,3172,3027
2022-06-12,9호선,신목동,1966,1711
2022-06-12,9호선,염창,9429,9499
2022-06-12,9호선,등촌,5353,5476
2022-06-12,9호선,증미,2866,2812
2022-06-12,9호선,가양,11395,10954
2022-06-12,9호선,양천향교,4393,4603
2022-06-12,9호선,마곡나루,6004,6212
2022-06-12,9호선,신방화,3559,3539
2022-06-12,9호선,공항시장,1857,2021
2022-06-12,9호선,김포공항,7803,11382
2022-06-12,9호선,개화,1114,1043
2022-06-13,9호선,개화,2961,2006
2022-06-13,9호선,김포공항,7463,10944
2022-06-13,9호선,공항시장,3081,3374
2022-06-13,9호선,신방화,7248,6988
2022-06-13,9호선,마곡나루,12900,12929
2022-06-13,9호선,양천향교,10575,10797
2022-06-13,9호선,가양,22297,21688
2022-06-13,9호선,증미,7989,7723
2022-06-13,9호선,등촌,12360,11817
2022-06-13,9호선,염창,18404,17895
2022-06-13,9호선,신목동,4690,4060
2022-06-13,9호선,선유도,9409,8981
2022-06-13,9호선,당산,19029,19664
2022-06-13,9호선,국회의사당,17890,18640
2022-06-13,9호선,여의도,28651,28485
2022-06-13,9호선,샛강,6821,6733
2022-06-13,9호선,노량진,26040,26675
2022-06-13,9호선,노들,4755,3957
2022-06-13,9호선,흑석,9316,9561
2022-06-13,9호선,동작,2177,1740
2022-06-13,9호선,구반포,1357,1399
2022-06-13,9호선,신반포,3837,3624
2022-06-13,9호선,고속터미널,13043,16314
2022-06-13,9호선,사평,3903,3832
2022-06-13,9호선,신논현,31161,30295
2022-06-14,9호선,개화,2993,2021
2022-06-14,9호선,김포공항,7548,11249
2022-06-14,9호선,공항시장,3193,3435
2022-06-14,9호선,신방화,7390,7072
2022-06-14,9호선,마곡나루,13686,13618
2022-06-14,9호선,양천향교,10678,11016
2022-06-14,9호선,가양,22871,22296
2022-06-14,9호선,증미,8029,7842
2022-06-14,9호선,등촌,12391,11731
2022-06-14,9호선,염창,18915,18294
2022-06-14,9호선,신목동,4859,4124
2022-06-14,9호선,선유도,9697,9274
2022-06-14,9호선,당산,20054,20584
2022-06-14,9호선,국회의사당,17714,18489
2022-06-14,9호선,여의도,31283,30377
2022-06-14,9호선,샛강,6942,7000
2022-06-14,9호선,노량진,26791,26450
2022-06-14,9호선,노들,4852,4085
2022-06-14,9호선,흑석,9454,9747
2022-06-14,9호선,동작,2194,1743
2022-06-14,9호선,구반포,1408,1428
2022-06-14,9호선,신반포,3860,3766
2022-06-14,9호선,고속터미널,13329,16382
2022-06-14,9호선,사평,4107,4022
2022-06-14,9호선,신논현,32590,31966
2022-06-15,9호선,개화,2837,1933
2022-06-15,9호선,김포공항,7506,11529
2022-06-15,9호선,공항시장,3219,3531
2022-06-15,9호선,신방화,7394,7132
2022-06-15,9호선,마곡나루,13340,13341
2022-06-15,9호선,양천향교,10679,11063
2022-06-15,9호선,가양,22610,22207
2022-06-15,9호선,증미,7854,7638
2022-06-15,9호선,등촌,12458,11609
2022-06-15,9호선,염창,18695,18126
2022-06-15,9호선,신목동,4725,4082
2022-06-15,9호선,선유도,9679,9429
2022-06-15,9호선,당산,20203,20477
2022-06-15,9호선,국회의사당,18353,19182
2022-06-15,9호선,여의도,31509,30489
2022-06-15,9호선,샛강,6944,6914
2022-06-15,9호선,노량진,26853,25960
2022-06-15,9호선,노들,4910,4096
2022-06-15,9호선,흑석,9662,9719
2022-06-15,9호선,동작,2027,1635
2022-06-15,9호선,구반포,1347,1427
2022-06-15,9호선,신반포,3871,3811
2022-06-15,9호선,고속터미널,13548,16865
2022-06-15,9호선,사평,4043,3898
2022-06-15,9호선,신논현,31874,31443
2022-06-16,9호선,개화,3002,2005
2022-06-16,9호선,김포공항,7936,12042
2022-06-16,9호선,공항시장,3258,3509
2022-06-16,9호선,신방화,7483,7185
2022-06-16,9호선,마곡나루,13640,13638
2022-06-16,9호선,양천향교,10700,11046
2022-06-16,9호선,가양,23178,22363
2022-06-16,9호선,증미,7981,7671
2022-06-16,9호선,등촌,12535,11658
2022-06-16,9호선,염창,19270,18573
2022-06-16,9호선,신목동,4924,4254
2022-06-16,9호선,선유도,9785,9463
2022-06-16,9호선,당산,20275,20849
2022-06-16,9호선,국회의사당,17463,19020
2022-06-16,9호선,여의도,31150,30534
2022-06-16,9호선,샛강,6995,7111
2022-06-16,9호선,노량진,26892,26429
2022-06-16,9호선,노들,5039,4219
2022-06-16,9호선,흑석,9662,9741
2022-06-16,9호선,동작,2195,1715
2022-06-16,9호선,구반포,1447,1479
2022-06-16,9호선,신반포,4074,4045
2022-06-16,9호선,고속터미널,14344,17472
2022-06-16,9호선,사평,4085,3794
2022-06-16,9호선,신논현,33001,32714
2022-06-17,9호선,개화,2960,2022
2022-06-17,9호선,김포공항,9039,13940
2022-06-17,9호선,공항시장,3355,3543
2022-06-17,9호선,신방화,7546,7191
2022-06-17,9호선,마곡나루,13669,13740
2022-06-17,9호선,양천향교,10951,10866
2022-06-17,9호선,가양,23259,22331
2022-06-17,9호선,증미,8088,7632
2022-06-17,9호선,등촌,12819,11847
2022-06-17,9호선,염창,19600,18317
2022-06-17,9호선,신목동,4848,4054
2022-06-17,9호선,선유도,9637,8918
2022-06-17,9호선,당산,20930,21010
2022-06-17,9호선,국회의사당,17861,18624
2022-06-17,9호선,여의도,31139,29899
2022-06-17,9호선,샛강,6934,6920
2022-06-17,9호선,노량진,28577,27417
2022-06-17,9호선,노들,5586,4697
2022-06-17,9호선,흑석,10026,9958
2022-06-17,9호선,동작,2811,2276
2022-06-17,9호선,구반포,1472,1506
2022-06-17,9호선,신반포,4088,4054
2022-06-17,9호선,고속터미널,16161,21973
2022-06-17,9호선,사평,4298,3998
2022-06-17,9호선,신논현,35652,36642
2022-06-18,9호선,신논현,27142,27740
2022-06-18,9호선,사평,2800,2534
2022-06-18,9호선,고속터미널,15840,23032
2022-06-18,9호선,신반포,3279,3275
2022-06-18,9호선,구반포,1097,1147
2022-06-18,9호선,동작,1892,1638
2022-06-18,9호선,흑석,6273,6189
2022-06-18,9호선,노들,4332,3675
2022-06-18,9호선,노량진,21800,21403
2022-06-18,9호선,샛강,3159,2925
2022-06-18,9호선,여의도,13701,13176
2022-06-18,9호선,국회의사당,5153,5421
2022-06-18,9호선,당산,14785,13830
2022-06-18,9호선,선유도,4257,3982
2022-06-18,9호선,신목동,2815,2251
2022-06-18,9호선,염창,13590,12195
2022-06-18,9호선,등촌,8031,7397
2022-06-18,9호선,증미,4292,3911
2022-06-18,9호선,가양,15513,14800
2022-06-18,9호선,양천향교,6462,5955
2022-06-18,9호선,마곡나루,9016,9229
2022-06-18,9호선,신방화,5245,4786
2022-06-18,9호선,공항시장,2530,2588
2022-06-18,9호선,김포공항,8869,13311
2022-06-18,9호선,개화,1612,1292
2022-06-19,9호선,신논현,16210,15353
2022-06-19,9호선,사평,1733,1683
2022-06-19,9호선,고속터미널,12461,16927
2022-06-19,9호선,신반포,2175,2391
2022-06-19,9호선,구반포,438,411
2022-06-19,9호선,동작,1405,1167
2022-06-19,9호선,흑석,4097,4354
2022-06-19,9호선,노들,2905,2542
2022-06-19,9호선,노량진,15143,16047
2022-06-19,9호선,샛강,2092,1916
2022-06-19,9호선,여의도,9669,8756
2022-06-19,9호선,국회의사당,5379,5065
2022-06-19,9호선,당산,9867,9695
2022-06-19,9호선,선유도,3082,2903
2022-06-19,9호선,신목동,2014,1788
2022-06-19,9호선,염창,9411,9296
2022-06-19,9호선,등촌,5336,5422
2022-06-19,9호선,증미,3072,3118
2022-06-19,9호선,가양,11684,11519
2022-06-19,9호선,양천향교,4377,4572
2022-06-19,9호선,마곡나루,6220,6353
2022-06-19,9호선,신방화,3706,3668
2022-06-19,9호선,공항시장,1817,2026
2022-06-19,9호선,김포공항,7771,12087
2022-06-19,9호선,개화,1128,1047
2022-06-20,9호선,개화,2956,2020
2022-06-20,9호선,김포공항,7934,11635
2022-06-20,9호선,공항시장,3238,3406
2022-06-20,9호선,신방화,7381,7120
2022-06-20,9호선,마곡나루,13222,13238
2022-06-20,9호선,양천향교,10545,10863
2022-06-20,9호선,등촌,12247,11672
2022-06-20,9호선,염창,18696,18068
2022-06-20,9호선,신목동,4760,4074
2022-06-20,9호선,선유도,9835,9403
2022-06-20,9호선,당산,19097,19564
2022-06-20,9호선,국회의사당,16827,17740
2022-06-20,9호선,여의도,30475,29786
2022-06-20,9호선,샛강,6885,6945
2022-06-20,9호선,노량진,25796,25772
2022-06-20,9호선,노들,4930,4007
2022-06-20,9호선,흑석,9620,9871
2022-06-20,9호선,동작,2338,1982
2022-06-20,9호선,구반포,1369,1377
2022-06-20,9호선,신반포,4065,3924
2022-06-20,9호선,고속터미널,13732,16951
2022-06-20,9호선,사평,4019,3819
2022-06-20,9호선,신논현,32325,31629
2022-06-20,9호선,증미,7943,7808
2022-06-20,9호선,가양,22576,22179
2022-06-21,9호선,개화,3027,2029
2022-06-21,9호선,김포공항,8067,12041
2022-06-21,9호선,공항시장,3147,3492
2022-06-21,9호선,신방화,7431,7194
2022-06-21,9호선,마곡나루,13669,13641
2022-06-21,9호선,양천향교,10795,11008
2022-06-21,9호선,가양,22957,22344
2022-06-21,9호선,증미,8147,7911
2022-06-21,9호선,등촌,12537,11831
2022-06-21,9호선,염창,18956,18387
2022-06-21,9호선,신목동,4792,4126
2022-06-21,9호선,선유도,9745,9399
2022-06-21,9호선,당산,20479,20792
2022-06-21,9호선,국회의사당,18300,19122
2022-06-21,9호선,여의도,31639,30809
2022-06-21,9호선,샛강,7163,7349
2022-06-21,9호선,노량진,26866,26361
2022-06-21,9호선,노들,5020,4239
2022-06-21,9호선,흑석,9988,10261
2022-06-21,9호선,동작,2194,1780
2022-06-21,9호선,구반포,1343,1369
2022-06-21,9호선,신반포,4072,3878
2022-06-21,9호선,고속터미널,14374,17774
2022-06-21,9호선,신논현,33447,33217
2022-06-21,9호선,사평,4087,3918
2022-06-22,9호선,신논현,33814,33333
2022-06-22,9호선,사평,4175,4069
2022-06-22,9호선,고속터미널,14559,18171
2022-06-22,9호선,신반포,4192,4158
2022-06-22,9호선,구반포,1437,1454
2022-06-22,9호선,동작,2587,2056
2022-06-22,9호선,흑석,9466,9623
2022-06-22,9호선,노들,5153,4208
2022-06-22,9호선,노량진,27500,26772
2022-06-22,9호선,샛강,7085,7227
2022-06-22,9호선,여의도,31860,31292
2022-06-22,9호선,국회의사당,17979,18873
2022-06-22,9호선,당산,20381,20789
2022-06-22,9호선,선유도,9941,9479
2022-06-22,9호선,신목동,5013,4317
2022-06-22,9호선,염창,19050,18582
2022-06-22,9호선,등촌,12614,11874
2022-06-22,9호선,증미,8212,7920
2022-06-22,9호선,가양,22791,22126
2022-06-22,9호선,양천향교,10773,11104
2022-06-22,9호선,마곡나루,13728,13669
2022-06-22,9호선,신방화,7506,7273
2022-06-22,9호선,공항시장,3219,3453
2022-06-22,9호선,김포공항,7968,12959
2022-06-22,9호선,개화,2972,2041
2022-06-23,9호선,신논현,31644,31540
2022-06-23,9호선,사평,4205,4216
2022-06-23,9호선,고속터미널,13014,17194
2022-06-23,9호선,신반포,4025,4114
2022-06-23,9호선,구반포,1323,1297
2022-06-23,9호선,동작,2168,1913
2022-06-23,9호선,흑석,8544,8857
2022-06-23,9호선,노들,4764,4187
2022-06-23,9호선,노량진,26007,24945
2022-06-23,9호선,샛강,7380,6875
2022-06-23,9호선,여의도,32599,30102
2022-06-23,9호선,국회의사당,19045,18724
2022-06-23,9호선,당산,19930,19949
2022-06-23,9호선,선유도,10058,9401
2022-06-23,9호선,신목동,4614,4070
2022-06-23,9호선,염창,18314,17634
2022-06-23,9호선,등촌,11974,11849
2022-06-23,9호선,증미,8012,7933
2022-06-23,9호선,가양,21661,21199
2022-06-23,9호선,양천향교,10671,10987
2022-06-23,9호선,마곡나루,13227,12815
2022-06-23,9호선,신방화,7188,7309
2022-06-23,9호선,공항시장,3107,3490
2022-06-23,9호선,김포공항,8440,12597
2022-06-23,9호선,개화,2728,1963
2022-06-24,9호선,개화,2790,1868
2022-06-24,9호선,김포공항,9593,14039
2022-06-24,9호선,공항시장,3313,3471
2022-06-24,9호선,신방화,7684,7248
2022-06-24,9호선,마곡나루,13775,13646
2022-06-24,9호선,양천향교,11130,10977
2022-06-24,9호선,가양,23067,22201
2022-06-24,9호선,증미,8300,7851
2022-06-24,9호선,등촌,12636,11628
2022-06-24,9호선,염창,19358,18043
2022-06-24,9호선,신목동,4864,4102
2022-06-24,9호선,선유도,9584,8998
2022-06-24,9호선,당산,21117,21052
2022-06-24,9호선,국회의사당,18415,18914
2022-06-24,9호선,여의도,31987,30601
2022-06-24,9호선,샛강,6782,6768
2022-06-24,9호선,노량진,27668,26976
2022-06-24,9호선,노들,5288,4311
2022-06-24,9호선,흑석,9314,9586
2022-06-24,9호선,동작,2193,1784
2022-06-24,9호선,구반포,1376,1377
2022-06-24,9호선,신반포,4156,4020
2022-06-24,9호선,고속터미널,16141,22279
2022-06-24,9호선,사평,4338,4019
2022-06-24,9호선,신논현,36457,37059
2022-06-25,9호선,동작,2271,2141
2022-06-25,9호선,개화,1629,1339
2022-06-25,9호선,김포공항,8831,12898
2022-06-25,9호선,공항시장,2519,2585
2022-06-25,9호선,신방화,5169,4845
2022-06-25,9호선,마곡나루,9119,8831
2022-06-25,9호선,양천향교,6486,5966
2022-06-25,9호선,가양,15691,14467
2022-06-25,9호선,증미,4485,4137
2022-06-25,9호선,등촌,7986,7466
2022-06-25,9호선,염창,13602,12180
2022-06-25,9호선,신목동,2892,2419
2022-06-25,9호선,선유도,4498,4021
2022-06-25,9호선,당산,14536,13427
2022-06-25,9호선,국회의사당,5264,5343
2022-06-25,9호선,여의도,14587,13472
2022-06-25,9호선,샛강,3158,3108
2022-06-25,9호선,노량진,22790,22193
2022-06-25,9호선,노들,4062,3347
2022-06-25,9호선,흑석,6775,6526
2022-06-25,9호선,구반포,1078,1065
2022-06-25,9호선,신반포,3078,3162
2022-06-25,9호선,고속터미널,16143,23059
2022-06-25,9호선,사평,2654,2421
2022-06-25,9호선,신논현,27886,28171
2022-06-26,9호선,개화,1109,1026
2022-06-26,9호선,김포공항,7971,12297
2022-06-26,9호선,공항시장,1792,1989
2022-06-26,9호선,신방화,3553,3526
2022-06-26,9호선,마곡나루,5753,5902
2022-06-26,9호선,양천향교,4271,4449
2022-06-26,9호선,가양,11161,10972
2022-06-26,9호선,증미,2582,2586
2022-06-26,9호선,등촌,5203,5282
2022-06-26,9호선,염창,9252,9121
2022-06-26,9호선,신목동,2009,1739
2022-06-26,9호선,선유도,2958,3000
2022-06-26,9호선,당산,9704,9601
2022-06-26,9호선,국회의사당,5201,4961
2022-06-26,9호선,여의도,10042,8776
2022-06-26,9호선,샛강,1965,1868
2022-06-26,9호선,노량진,15687,16505
2022-06-26,9호선,노들,2895,2523
2022-06-26,9호선,흑석,4217,4386
2022-06-26,9호선,동작,1423,1175
2022-06-26,9호선,구반포,359,376
2022-06-26,9호선,신반포,2121,2158
2022-06-26,9호선,고속터미널,12301,17515
2022-06-26,9호선,사평,1706,1806
2022-06-26,9호선,신논현,17092,15939
2022-06-27,9호선,신논현,31505,31159
2022-06-27,9호선,고속터미널,13084,17286
2022-06-27,9호선,신반포,3766,3708
2022-06-27,9호선,구반포,1352,1403
2022-06-27,9호선,동작,1999,1548
2022-06-27,9호선,흑석,8489,9042
2022-06-27,9호선,노들,4764,3906
2022-06-27,9호선,노량진,25202,24588
2022-06-27,9호선,샛강,6787,6794
2022-06-27,9호선,여의도,30868,29602
2022-06-27,9호선,국회의사당,17093,17639
2022-06-27,9호선,당산,19119,19680
2022-06-27,9호선,선유도,9359,9058
2022-06-27,9호선,신목동,4565,3923
2022-06-27,9호선,염창,18226,17688
2022-06-27,9호선,등촌,12220,11803
2022-06-27,9호선,증미,7958,7878
2022-06-27,9호선,가양,21954,21355
2022-06-27,9호선,양천향교,10307,10704
2022-06-27,9호선,마곡나루,12854,12828
2022-06-27,9호선,신방화,7265,7105
2022-06-27,9호선,공항시장,3155,3389
2022-06-27,9호선,김포공항,7662,11773
2022-06-27,9호선,개화,2853,1925
2022-06-27,9호선,사평,4022,3913
2022-06-28,9호선,개화,2803,1933
2022-06-28,9호선,김포공항,7416,11224
2022-06-28,9호선,공항시장,3111,3434
2022-06-28,9호선,신방화,7264,7089
2022-06-28,9호선,마곡나루,13375,13078
2022-06-28,9호선,양천향교,10376,10756
2022-06-28,9호선,가양,22137,21525
2022-06-28,9호선,증미,7911,7702
2022-06-28,9호선,등촌,12189,11753
2022-06-28,9호선,염창,18437,17785
2022-06-28,9호선,신목동,4678,4076
2022-06-28,9호선,선유도,9466,9078
2022-06-28,9호선,당산,19366,19838
2022-06-28,9호선,국회의사당,18467,19060
2022-06-28,9호선,여의도,31509,30003
2022-06-28,9호선,샛강,6912,6863
2022-06-28,9호선,노량진,25489,24684
2022-06-28,9호선,노들,4644,3962
2022-06-28,9호선,흑석,8650,8982
2022-06-28,9호선,동작,1880,1563
2022-06-28,9호선,구반포,1355,1335
2022-06-28,9호선,신반포,3760,3714
2022-06-28,9호선,고속터미널,13251,16580
2022-06-28,9호선,사평,4142,4014
2022-06-28,9호선,신논현,32665,32323
2022-06-29,9호선,개화,2748,1878
2022-06-29,9호선,김포공항,7485,12137
2022-06-29,9호선,공항시장,3222,3522
2022-06-29,9호선,신방화,7366,7342
2022-06-29,9호선,마곡나루,13347,13111
2022-06-29,9호선,양천향교,10471,10913
2022-06-29,9호선,가양,22021,21841
2022-06-29,9호선,증미,7848,7708
2022-06-29,9호선,등촌,12091,11691
2022-06-29,9호선,염창,18050,17783
2022-06-29,9호선,신목동,4571,3985
2022-06-29,9호선,선유도,9717,9376
2022-06-29,9호선,당산,19813,20095
2022-06-29,9호선,국회의사당,18239,18418
2022-06-29,9호선,여의도,31934,30103
2022-06-29,9호선,샛강,7203,6966
2022-06-29,9호선,노량진,25771,25046
2022-06-29,9호선,노들,4771,4080
2022-06-29,9호선,흑석,8616,9041
2022-06-29,9호선,동작,1850,1500
2022-06-29,9호선,구반포,1355,1362
2022-06-29,9호선,신반포,3798,3829
2022-06-29,9호선,고속터미널,12806,16605
2022-06-29,9호선,사평,4258,4203
2022-06-29,9호선,신논현,32028,31568
2022-06-30,9호선,신논현,30925,30582
2022-06-30,9호선,사평,4295,4166
2022-06-30,9호선,고속터미널,12556,16324
2022-06-30,9호선,신반포,3694,3632
2022-06-30,9호선,구반포,1388,1423
2022-06-30,9호선,동작,2079,1577
2022-06-30,9호선,흑석,8420,8792
2022-06-30,9호선,노들,4667,3826
2022-06-30,9호선,노량진,25180,24074
2022-06-30,9호선,샛강,6979,6854
2022-06-30,9호선,여의도,31716,30203
2022-06-30,9호선,국회의사당,18590,19025
2022-06-30,9호선,당산,19494,19990
2022-06-30,9호선,선유도,10073,9519
2022-06-30,9호선,신목동,4563,3913
2022-06-30,9호선,염창,18063,17312
2022-06-30,9호선,등촌,11960,11518
2022-06-30,9호선,증미,7948,7683
2022-06-30,9호선,가양,21328,20912
2022-06-30,9호선,양천향교,10232,10714
2022-06-30,9호선,마곡나루,12979,12839
2022-06-30,9호선,신방화,7148,7076
2022-06-30,9호선,공항시장,3074,3295
2022-06-30,9호선,김포공항,8455,12291
2022-06-30,9호선,개화,2836,1852
2022-07-01,9호선,개화,2889,1927
2022-07-01,9호선,김포공항,9955,14381
2022-07-01,9호선,공항시장,3311,3478
2022-07-01,9호선,신방화,7655,7176
2022-07-01,9호선,마곡나루,13939,13929
2022-07-01,9호선,양천향교,10715,10544
2022-07-01,9호선,가양,23604,22386
2022-07-01,9호선,증미,8226,7925
2022-07-01,9호선,등촌,12871,11935
2022-07-01,9호선,염창,19493,18222
2022-07-01,9호선,신목동,4909,4097
2022-07-01,9호선,선유도,9646,8984
2022-07-01,9호선,당산,21003,20992
2022-07-01,9호선,국회의사당,18448,18994
2022-07-01,9호선,여의도,32388,30642
2022-07-01,9호선,샛강,6802,6905
2022-07-01,9호선,노량진,27754,27044
2022-07-01,9호선,노들,5206,4190
2022-07-01,9호선,흑석,9232,9456
2022-07-01,9호선,동작,2424,1884
2022-07-01,9호선,구반포,1464,1391
2022-07-01,9호선,신반포,4420,4183
2022-07-01,9호선,고속터미널,16013,21887
2022-07-01,9호선,사평,4629,4321
2022-07-01,9호선,신논현,36595,37103
2022-07-02,9호선,염창,13085,11908
2022-07-02,9호선,신논현,28043,28266
2022-07-02,9호선,사평,2765,2516
2022-07-02,9호선,고속터미널,15487,22790
2022-07-02,9호선,신반포,3262,3340
2022-07-02,9호선,구반포,1414,1528
2022-07-02,9호선,동작,1786,1522
2022-07-02,9호선,흑석,6437,6414
2022-07-02,9호선,노들,3881,3198
2022-07-02,9호선,노량진,21934,21627
2022-07-02,9호선,샛강,2969,2968
2022-07-02,9호선,여의도,14749,14020
2022-07-02,9호선,국회의사당,5065,5168
2022-07-02,9호선,당산,13872,13255
2022-07-02,9호선,선유도,4173,3764
2022-07-02,9호선,신목동,2797,2212
2022-07-02,9호선,등촌,7924,7463
2022-07-02,9호선,증미,4359,4128
2022-07-02,9호선,가양,15597,14690
2022-07-02,9호선,양천향교,6467,6142
2022-07-02,9호선,마곡나루,8609,8564
2022-07-02,9호선,신방화,5075,4743
2022-07-02,9호선,공항시장,2496,2608
2022-07-02,9호선,김포공항,9103,12890
2022-07-02,9호선,개화,1446,1205
2022-07-03,9호선,개화,1020,1023
2022-07-03,9호선,김포공항,8391,11804
2022-07-03,9호선,공항시장,1827,2101
2022-07-03,9호선,신방화,3757,3714
2022-07-03,9호선,마곡나루,5792,6006
2022-07-03,9호선,양천향교,4619,4783
2022-07-03,9호선,가양,11745,11447
2022-07-03,9호선,증미,3146,3165
2022-07-03,9호선,등촌,5212,5496
2022-07-03,9호선,염창,8883,8827
2022-07-03,9호선,신목동,1811,1652
2022-07-03,9호선,선유도,2876,2838
2022-07-03,9호선,당산,9942,9951
2022-07-03,9호선,국회의사당,5331,4892
2022-07-03,9호선,여의도,10642,9323
2022-07-03,9호선,샛강,1970,1823
2022-07-03,9호선,노량진,14481,15303
2022-07-03,9호선,노들,2873,2517
2022-07-03,9호선,흑석,4237,4349
2022-07-03,9호선,동작,1295,1128
2022-07-03,9호선,구반포,407,371
2022-07-03,9호선,신반포,2228,2307
2022-07-03,9호선,고속터미널,12445,17105
2022-07-03,9호선,사평,1896,1939
2022-07-03,9호선,신논현,16802,16267
2022-07-04,9호선,개화,2996,1959
2022-07-04,9호선,김포공항,7696,11892
2022-07-04,9호선,공항시장,3083,3398
2022-07-04,9호선,신방화,7342,7210
2022-07-04,9호선,마곡나루,12981,12989
2022-07-04,9호선,양천향교,10212,10474
2022-07-04,9호선,가양,22307,21809
2022-07-04,9호선,증미,8102,7965
2022-07-04,9호선,등촌,12270,12038
2022-07-04,9호선,염창,18346,17750
2022-07-04,9호선,신목동,4749,4070
2022-07-04,9호선,선유도,9592,9291
2022-07-04,9호선,당산,19213,19977
2022-07-04,9호선,국회의사당,17607,18515
2022-07-04,9호선,여의도,31156,30200
2022-07-04,9호선,샛강,6766,6845
2022-07-04,9호선,노량진,25376,24883
2022-07-04,9호선,노들,4861,4073
2022-07-04,9호선,흑석,8736,9082
2022-07-04,9호선,동작,1970,1589
2022-07-04,9호선,구반포,1344,1416
2022-07-04,9호선,신반포,4061,3927
2022-07-04,9호선,고속터미널,13177,16686
2022-07-04,9호선,사평,4156,4108
2022-07-04,9호선,신논현,32319,31884
2022-07-05,9호선,개화,2935,2014
2022-07-05,9호선,김포공항,8023,12533
2022-07-05,9호선,공항시장,3221,3526
2022-07-05,9호선,신방화,7511,7360
2022-07-05,9호선,마곡나루,13502,13490
2022-07-05,9호선,양천향교,10343,10786
2022-07-05,9호선,가양,22702,22100
2022-07-05,9호선,증미,8232,8055
2022-07-05,9호선,등촌,12773,12227
2022-07-05,9호선,염창,18527,17961
2022-07-05,9호선,신목동,4696,4029
2022-07-05,9호선,선유도,9762,9407
2022-07-05,9호선,당산,20022,20397
2022-07-05,9호선,국회의사당,19062,19705
2022-07-05,9호선,여의도,32180,30873
2022-07-05,9호선,샛강,6910,6971
2022-07-05,9호선,노량진,25978,25313
2022-07-05,9호선,노들,4911,4052
2022-07-05,9호선,흑석,8782,9196
2022-07-05,9호선,동작,2075,1618
2022-07-05,9호선,구반포,1274,1340
2022-07-05,9호선,신반포,4057,4011
2022-07-05,9호선,고속터미널,13663,16844
2022-07-05,9호선,사평,4591,4423
2022-07-05,9호선,신논현,33551,33350
2022-07-06,9호선,선유도,10058,9688
2022-07-06,9호선,신목동,4845,4180
2022-07-06,9호선,염창,18707,18062
2022-07-06,9호선,등촌,12642,12298
2022-07-06,9호선,증미,8125,8128
2022-07-06,9호선,가양,22765,22309
2022-07-06,9호선,양천향교,10290,10645
2022-07-06,9호선,마곡나루,13868,13401
2022-07-06,9호선,신방화,7610,7507
2022-07-06,9호선,공항시장,3203,3518
2022-07-06,9호선,김포공항,8250,12491
2022-07-06,9호선,개화,2907,2003
2022-07-06,9호선,국회의사당,18509,18959
2022-07-06,9호선,당산,20559,20711
2022-07-06,9호선,여의도,32287,30578
2022-07-06,9호선,샛강,7112,7062
2022-07-06,9호선,노량진,26766,26174
2022-07-06,9호선,노들,5045,4229
2022-07-06,9호선,흑석,8788,9120
2022-07-06,9호선,동작,2084,1602
2022-07-06,9호선,구반포,1263,1353
2022-07-06,9호선,신반포,4053,3943
2022-07-06,9호선,고속터미널,13583,17131
2022-07-06,9호선,사평,4306,4215
2022-07-06,9호선,신논현,33538,33096
2022-07-07,9호선,신논현,32907,32854
2022-07-07,9호선,사평,4232,4168
2022-07-07,9호선,고속터미널,13422,17412
2022-07-07,9호선,신반포,4010,3863
2022-07-07,9호선,구반포,1264,1313
2022-07-07,9호선,동작,1913,1519
2022-07-07,9호선,흑석,8545,8919
2022-07-07,9호선,노들,4924,4128
2022-07-07,9호선,노량진,26095,25179
2022-07-07,9호선,샛강,6955,6967
2022-07-07,9호선,여의도,31627,30472
2022-07-07,9호선,국회의사당,18191,18812
2022-07-07,9호선,당산,20140,20496
2022-07-07,9호선,선유도,9725,9437
2022-07-07,9호선,가양,22267,21699
2022-07-07,9호선,증미,8051,7999
2022-07-07,9호선,등촌,12220,11730
2022-07-07,9호선,염창,18556,17814
2022-07-07,9호선,신목동,4722,4096
2022-07-07,9호선,양천향교,10269,10604
2022-07-07,9호선,마곡나루,13389,13293
2022-07-07,9호선,신방화,7304,7165
2022-07-07,9호선,공항시장,3125,3442
2022-07-07,9호선,김포공항,8192,12124
2022-07-07,9호선,개화,2795,1907
2022-07-08,9호선,신논현,35756,36842
2022-07-08,9호선,사평,4358,4149
2022-07-08,9호선,고속터미널,15685,21317
2022-07-08,9호선,신반포,4298,4077
2022-07-08,9호선,구반포,1291,1335
2022-07-08,9호선,동작,2138,1681
2022-07-08,9호선,흑석,8980,9291
2022-07-08,9호선,노들,5215,4202
2022-07-08,9호선,노량진,27502,26633
2022-07-08,9호선,샛강,6757,6800
2022-07-08,9호선,여의도,32189,30126
2022-07-08,9호선,국회의사당,18414,19038
2022-07-08,9호선,당산,20679,20646
2022-07-08,9호선,선유도,9687,9196
2022-07-08,9호선,신목동,4758,4035
2022-07-08,9호선,염창,19168,18061
2022-07-08,9호선,등촌,12491,11906
2022-07-08,9호선,증미,8122,7736
2022-07-08,9호선,가양,23108,22133
2022-07-08,9호선,양천향교,10524,10482
2022-07-08,9호선,마곡나루,13604,13628
2022-07-08,9호선,신방화,7608,7102
2022-07-08,9호선,공항시장,3235,3470
2022-07-08,9호선,김포공항,9728,14102
2022-07-08,9호선,개화,2865,1918
2022-07-09,9호선,신논현,27558,28211
2022-07-09,9호선,사평,2728,2468
2022-07-09,9호선,고속터미널,15654,22519
2022-07-09,9호선,신반포,3195,3249
2022-07-09,9호선,구반포,851,877
2022-07-09,9호선,동작,1515,1450
2022-07-09,9호선,흑석,6346,6256
2022-07-09,9호선,노들,3846,3201
2022-07-09,9호선,노량진,21486,21404
2022-07-09,9호선,샛강,3252,3013
2022-07-09,9호선,여의도,14231,13773
2022-07-09,9호선,국회의사당,5086,5255
2022-07-09,9호선,당산,14208,13155
2022-07-09,9호선,선유도,4097,3864
2022-07-09,9호선,신목동,2696,2192
2022-07-09,9호선,염창,12926,11801
2022-07-09,9호선,등촌,7819,7218
2022-07-09,9호선,증미,4414,4174
2022-07-09,9호선,가양,15064,14289
2022-07-09,9호선,양천향교,6136,5814
2022-07-09,9호선,마곡나루,8497,8489
2022-07-09,9호선,신방화,5180,4785
2022-07-09,9호선,공항시장,2458,2445
2022-07-09,9호선,김포공항,8819,13152
2022-07-09,9호선,개화,1487,1265
2022-07-10,9호선,신논현,17504,16627
2022-07-10,9호선,사평,1786,1867
2022-07-10,9호선,고속터미널,12307,16810
2022-07-10,9호선,신반포,2120,2258
2022-07-10,9호선,구반포,395,413
2022-07-10,9호선,동작,1336,1118
2022-07-10,9호선,흑석,4033,4311
2022-07-10,9호선,노들,2682,2334
2022-07-10,9호선,노량진,14719,15814
2022-07-10,9호선,샛강,1993,1917
2022-07-10,9호선,여의도,10993,10154
2022-07-10,9호선,국회의사당,5228,4829
2022-07-10,9호선,당산,9597,9616
2022-07-10,9호선,선유도,2962,2938
2022-07-10,9호선,신목동,1857,1692
2022-07-10,9호선,염창,9063,8963
2022-07-10,9호선,등촌,5236,5404
2022-07-10,9호선,증미,2643,2614
2022-07-10,9호선,가양,11801,11484
2022-07-10,9호선,양천향교,4195,4350
2022-07-10,9호선,마곡나루,5596,5806
2022-07-10,9호선,신방화,3715,3616
2022-07-10,9호선,공항시장,1885,2093
2022-07-10,9호선,김포공항,8740,12127
2022-07-10,9호선,개화,1143,1009
2022-07-11,9호선,신논현,31840,31538
2022-07-11,9호선,사평,4069,3919
2022-07-11,9호선,고속터미널,13044,16726
2022-07-11,9호선,신반포,3749,3695
2022-07-11,9호선,구반포,1313,1356
2022-07-11,9호선,동작,1883,1484
2022-07-11,9호선,흑석,8540,8965
2022-07-11,9호선,노들,4755,3901
2022-07-11,9호선,노량진,25628,25418
2022-07-11,9호선,샛강,6503,6735
2022-07-11,9호선,여의도,29416,28882
2022-07-11,9호선,국회의사당,17341,18126
2022-07-11,9호선,당산,18868,19542
2022-07-11,9호선,선유도,9516,9206
2022-07-11,9호선,신목동,4650,3939
2022-07-11,9호선,염창,17985,17460
2022-07-11,9호선,등촌,12392,11943
2022-07-11,9호선,증미,7971,7935
2022-07-11,9호선,가양,22275,21757
2022-07-11,9호선,양천향교,9946,10400
2022-07-11,9호선,마곡나루,13023,12930
2022-07-11,9호선,신방화,7358,7255
2022-07-11,9호선,공항시장,3116,3425
2022-07-11,9호선,김포공항,7705,11400
2022-07-11,9호선,개화,2954,1980
2022-07-12,9호선,신논현,33429,32973
2022-07-12,9호선,사평,4123,4031
2022-07-12,9호선,고속터미널,13610,16966
2022-07-12,9호선,신반포,3884,3770
2022-07-12,9호선,구반포,1282,1349
2022-07-12,9호선,동작,1937,1554
2022-07-12,9호선,흑석,8750,9073
2022-07-12,9호선,노들,4961,4196
2022-07-12,9호선,노량진,26659,26371
2022-07-12,9호선,샛강,7002,6918
2022-07-12,9호선,여의도,31550,30657
2022-07-12,9호선,국회의사당,18509,19366
2022-07-12,9호선,당산,20220,20664
2022-07-12,9호선,선유도,9861,9399
2022-07-12,9호선,신목동,4772,4061
2022-07-12,9호선,염창,18739,18388
2022-07-12,9호선,등촌,12642,12077
2022-07-12,9호선,증미,8207,7943
2022-07-12,9호선,가양,22794,22229
2022-07-12,9호선,양천향교,10189,10559
2022-07-12,9호선,마곡나루,13553,13437
2022-07-12,9호선,신방화,7518,7320
2022-07-12,9호선,공항시장,3152,3445
2022-07-12,9호선,김포공항,7743,11638
2022-07-12,9호선,개화,2856,2012
2022-07-13,9호선,개화,2717,1847
2022-07-13,9호선,김포공항,7895,11323
2022-07-13,9호선,공항시장,3062,3340
2022-07-13,9호선,신방화,7177,7152
2022-07-13,9호선,마곡나루,12955,12698
2022-07-13,9호선,양천향교,9916,10411
2022-07-13,9호선,가양,21070,20793
2022-07-13,9호선,증미,7834,7680
2022-07-13,9호선,등촌,11694,11458
2022-07-13,9호선,염창,17698,17195
2022-07-13,9호선,신목동,4861,4122
2022-07-13,9호선,선유도,10069,9473
2022-07-13,9호선,당산,19267,19806
2022-07-13,9호선,국회의사당,19089,19050
2022-07-13,9호선,여의도,32503,30217
2022-07-13,9호선,샛강,6881,6636
2022-07-13,9호선,노량진,25579,24595
2022-07-13,9호선,노들,4597,3992
2022-07-13,9호선,흑석,8043,8449
2022-07-13,9호선,동작,1978,1490
2022-07-13,9호선,구반포,1902,1930
2022-07-13,9호선,신반포,3750,3617
2022-07-13,9호선,고속터미널,12555,16735
2022-07-13,9호선,사평,4476,4411
2022-07-13,9호선,신논현,30573,29970
2022-07-14,9호선,개화,2908,1947
2022-07-14,9호선,김포공항,8229,12250
2022-07-14,9호선,공항시장,3200,3434
2022-07-14,9호선,신방화,7346,7114
2022-07-14,9호선,마곡나루,13787,13599
2022-07-14,9호선,양천향교,10279,10443
2022-07-14,9호선,가양,22739,22013
2022-07-14,9호선,증미,8202,7975
2022-07-14,9호선,등촌,12633,12009
2022-07-14,9호선,염창,18993,18193
2022-07-14,9호선,신목동,4688,4031
2022-07-14,9호선,선유도,9661,9097
2022-07-14,9호선,당산,20055,20376
2022-07-14,9호선,국회의사당,18157,19219
2022-07-14,9호선,여의도,32186,31130
2022-07-14,9호선,샛강,6908,6994
2022-07-14,9호선,노량진,26945,26165
2022-07-14,9호선,노들,4938,4069
2022-07-14,9호선,흑석,9049,9434
2022-07-14,9호선,동작,2029,1649
2022-07-14,9호선,구반포,1348,1372
2022-07-14,9호선,신반포,3958,3967
2022-07-14,9호선,고속터미널,13939,18114
2022-07-14,9호선,사평,4586,4230
2022-07-14,9호선,신논현,33765,33560
2022-07-15,9호선,개화,2852,1976
2022-07-15,9호선,김포공항,9301,13875
2022-07-15,9호선,공항시장,3357,3556
2022-07-15,9호선,신방화,7616,7328
2022-07-15,9호선,마곡나루,13339,13365
2022-07-15,9호선,양천향교,10631,10474
2022-07-15,9호선,가양,23293,22421
2022-07-15,9호선,증미,8293,7879
2022-07-15,9호선,등촌,12776,11965
2022-07-15,9호선,염창,19347,18225
2022-07-15,9호선,신목동,4723,3940
2022-07-15,9호선,선유도,9444,8729
2022-07-15,9호선,당산,20878,20962
2022-07-15,9호선,국회의사당,18610,19123
2022-07-15,9호선,여의도,31962,30405
2022-07-15,9호선,샛강,7015,7058
2022-07-15,9호선,노량진,28614,27638
2022-07-15,9호선,노들,5102,4094
2022-07-15,9호선,흑석,9076,9243
2022-07-15,9호선,동작,2155,1660
2022-07-15,9호선,구반포,1345,1419
2022-07-15,9호선,신반포,4225,4249
2022-07-15,9호선,고속터미널,16026,22149
2022-07-15,9호선,사평,4853,4634
2022-07-15,9호선,신논현,36299,36750
2022-07-16,9호선,신논현,26402,26785
2022-07-16,9호선,사평,2687,2558
2022-07-16,9호선,고속터미널,15143,21994
2022-07-16,9호선,신반포,3056,3013
2022-07-16,9호선,구반포,635,687
2022-07-16,9호선,동작,1661,1448
2022-07-16,9호선,흑석,6305,6211
2022-07-16,9호선,노들,3540,2802
2022-07-16,9호선,노량진,21945,21431
2022-07-16,9호선,샛강,2879,2806
2022-07-16,9호선,여의도,13667,13078
2022-07-16,9호선,국회의사당,4479,4639
2022-07-16,9호선,당산,14124,13012
2022-07-16,9호선,선유도,4078,3669
2022-07-16,9호선,신목동,2643,2174
2022-07-16,9호선,염창,12528,11613
2022-07-16,9호선,등촌,7519,7175
2022-07-16,9호선,증미,4280,4026
2022-07-16,9호선,가양,14849,14125
2022-07-16,9호선,양천향교,6200,5729
2022-07-16,9호선,마곡나루,8409,8129
2022-07-16,9호선,신방화,5037,4720
2022-07-16,9호선,공항시장,2427,2444
2022-07-16,9호선,김포공항,8657,12510
2022-07-16,9호선,개화,1448,1180
2022-07-17,9호선,개화,1029,988
2022-07-17,9호선,김포공항,7788,11772
2022-07-17,9호선,공항시장,1809,2018
2022-07-17,9호선,신방화,3676,3737
2022-07-17,9호선,마곡나루,5543,5672
2022-07-17,9호선,양천향교,4300,4661
2022-07-17,9호선,가양,11651,11180
2022-07-17,9호선,증미,3006,3017
2022-07-17,9호선,등촌,5398,5374
2022-07-17,9호선,염창,8948,8810
2022-07-17,9호선,신목동,1813,1652
2022-07-17,9호선,선유도,2861,2822
2022-07-17,9호선,당산,9503,9251
2022-07-17,9호선,국회의사당,5444,5043
2022-07-17,9호선,여의도,9564,8811
2022-07-17,9호선,샛강,1885,1842
2022-07-17,9호선,노량진,14434,15468
2022-07-17,9호선,노들,2734,2354
2022-07-17,9호선,흑석,4078,4170
2022-07-17,9호선,동작,1278,1061
2022-07-17,9호선,구반포,384,385
2022-07-17,9호선,신반포,2074,2276
2022-07-17,9호선,고속터미널,12122,17051
2022-07-17,9호선,사평,1751,1832
2022-07-17,9호선,신논현,16471,15779
2022-07-18,9호선,개화,2931,1960
2022-07-18,9호선,김포공항,7610,11532
2022-07-18,9호선,공항시장,3080,3358
2022-07-18,9호선,신방화,7166,6988
2022-07-18,9호선,마곡나루,12884,12811
2022-07-18,9호선,양천향교,9966,10266
2022-07-18,9호선,가양,21914,21603
2022-07-18,9호선,증미,7922,7737
2022-07-18,9호선,등촌,12094,11731
2022-07-18,9호선,염창,17973,17516
2022-07-18,9호선,신목동,4633,3917
2022-07-18,9호선,선유도,9346,9177
2022-07-18,9호선,당산,18777,19243
2022-07-18,9호선,국회의사당,17060,17833
2022-07-18,9호선,여의도,30255,29432
2022-07-18,9호선,샛강,6495,6503
2022-07-18,9호선,노량진,25741,25217
2022-07-18,9호선,노들,4754,3995
2022-07-18,9호선,흑석,8384,8850
2022-07-18,9호선,동작,1938,1555
2022-07-18,9호선,구반포,1284,1289
2022-07-18,9호선,신반포,3783,3791
2022-07-18,9호선,고속터미널,12897,16279
2022-07-18,9호선,사평,3983,3887
2022-07-18,9호선,신논현,32050,31324
2022-07-19,9호선,개화,2911,2003
2022-07-19,9호선,김포공항,7755,11586
2022-07-19,9호선,공항시장,3107,3432
2022-07-19,9호선,신방화,7309,7026
2022-07-19,9호선,마곡나루,13209,13233
2022-07-19,9호선,양천향교,10087,10321
2022-07-19,9호선,가양,22215,21511
2022-07-19,9호선,증미,7913,7740
2022-07-19,9호선,등촌,12377,11951
2022-07-19,9호선,염창,18425,17828
2022-07-19,9호선,신목동,4613,3936
2022-07-19,9호선,선유도,9542,9160
2022-07-19,9호선,당산,19889,20040
2022-07-19,9호선,국회의사당,18727,19631
2022-07-19,9호선,여의도,31119,30200
2022-07-19,9호선,샛강,6798,6916
2022-07-19,9호선,노량진,26277,25727
2022-07-19,9호선,노들,5098,4217
2022-07-19,9호선,흑석,8525,8982
2022-07-19,9호선,동작,2230,1896
2022-07-19,9호선,구반포,1320,1306
2022-07-19,9호선,신반포,3799,3877
2022-07-19,9호선,고속터미널,13540,17299
2022-07-19,9호선,사평,4202,4074
2022-07-19,9호선,신논현,33305,32741
2022-07-20,9호선,신논현,32879,32357
2022-07-20,9호선,사평,4070,3996
2022-07-20,9호선,고속터미널,13656,17411
2022-07-20,9호선,신반포,3967,3962
2022-07-20,9호선,구반포,1277,1339
2022-07-20,9호선,동작,2077,1619
2022-07-20,9호선,흑석,8609,8976
2022-07-20,9호선,노들,4922,4119
2022-07-20,9호선,노량진,26977,26224
2022-07-20,9호선,샛강,7290,7026
2022-07-20,9호선,여의도,31413,30199
2022-07-20,9호선,국회의사당,18723,19222
2022-07-20,9호선,당산,20050,20015
2022-07-20,9호선,선유도,9820,9104
2022-07-20,9호선,신목동,4620,3966
2022-07-20,9호선,염창,18591,17939
2022-07-20,9호선,등촌,12407,11911
2022-07-20,9호선,증미,7970,7870
2022-07-20,9호선,가양,22441,21878
2022-07-20,9호선,양천향교,10105,10601
2022-07-20,9호선,마곡나루,13445,13337
2022-07-20,9호선,신방화,7366,7200
2022-07-20,9호선,공항시장,3173,3499
2022-07-20,9호선,김포공항,7897,11751
2022-07-20,9호선,개화,2887,1909
2022-07-21,9호선,개화,2862,1889
2022-07-21,9호선,김포공항,7705,11466
2022-07-21,9호선,공항시장,3114,3288
2022-07-21,9호선,신방화,6962,6737
2022-07-21,9호선,마곡나루,13339,13155
2022-07-21,9호선,양천향교,10296,10387
2022-07-21,9호선,가양,22022,21177
2022-07-21,9호선,증미,7849,7649
2022-07-21,9호선,등촌,12201,11395
2022-07-21,9호선,염창,18227,17613
2022-07-21,9호선,신목동,4625,3882
2022-07-21,9호선,선유도,9289,8937
2022-07-21,9호선,당산,19564,19735
2022-07-21,9호선,국회의사당,17868,19278
2022-07-21,9호선,여의도,30427,29909
2022-07-21,9호선,샛강,6673,6769
2022-07-21,9호선,노량진,26127,25519
2022-07-21,9호선,노들,4862,3920
2022-07-21,9호선,흑석,8346,8739
2022-07-21,9호선,동작,1922,1502
2022-07-21,9호선,구반포,1218,1250
2022-07-21,9호선,신반포,3659,3599
2022-07-21,9호선,고속터미널,13416,17328
2022-07-21,9호선,사평,4001,3742
2022-07-21,9호선,신논현,32855,32122
2022-07-22,9호선,개화,2875,1902
2022-07-22,9호선,김포공항,8852,13307
2022-07-22,9호선,공항시장,3182,3430
2022-07-22,9호선,신방화,7207,6799
2022-07-22,9호선,마곡나루,13438,13244
2022-07-22,9호선,양천향교,10377,10212
2022-07-22,9호선,가양,22453,21492
2022-07-22,9호선,증미,8001,7655
2022-07-22,9호선,등촌,12226,11393
2022-07-22,9호선,염창,18684,17597
2022-07-22,9호선,신목동,4616,3812
2022-07-22,9호선,선유도,9518,8776
2022-07-22,9호선,당산,20148,19949
2022-07-22,9호선,국회의사당,18728,19423
2022-07-22,9호선,여의도,31108,29546
2022-07-22,9호선,샛강,6521,6705
2022-07-22,9호선,노량진,27633,26628
2022-07-22,9호선,노들,4885,3938
2022-07-22,9호선,흑석,8572,8687
2022-07-22,9호선,동작,2028,1555
2022-07-22,9호선,구반포,1420,1454
2022-07-22,9호선,신반포,3857,3856
2022-07-22,9호선,고속터미널,15377,21438
2022-07-22,9호선,사평,4278,3952
2022-07-22,9호선,신논현,34982,35831
2022-07-23,9호선,개화,1393,1147
2022-07-23,9호선,김포공항,7791,11433
2022-07-23,9호선,증미,4223,4036
2022-07-23,9호선,등촌,7206,6840
2022-07-23,9호선,염창,11778,10863
2022-07-23,9호선,신목동,2514,2118
2022-07-23,9호선,선유도,3849,3609
2022-07-23,9호선,당산,13119,12538
2022-07-23,9호선,국회의사당,4219,4407
2022-07-23,9호선,여의도,12740,11620
2022-07-23,9호선,샛강,2806,2676
2022-07-23,9호선,노량진,21385,20750
2022-07-23,9호선,노들,3275,2786
2022-07-23,9호선,흑석,6007,5908
2022-07-23,9호선,동작,1586,1329
2022-07-23,9호선,구반포,920,893
2022-07-23,9호선,신반포,2685,2514
2022-07-23,9호선,고속터미널,13588,20113
2022-07-23,9호선,사평,2461,2438
2022-07-23,9호선,신논현,24948,25170
2022-07-23,9호선,공항시장,2200,2290
2022-07-23,9호선,신방화,4837,4719
2022-07-23,9호선,마곡나루,7498,7369
2022-07-23,9호선,양천향교,5826,5538
2022-07-23,9호선,가양,13869,13104
2022-07-24,9호선,신논현,15784,14825
2022-07-24,9호선,사평,1652,1636
2022-07-24,9호선,고속터미널,11248,15753
2022-07-24,9호선,신반포,1776,1783
2022-07-24,9호선,구반포,513,528
2022-07-24,9호선,동작,1225,1051
2022-07-24,9호선,흑석,3827,3954
2022-07-24,9호선,노들,2638,2206
2022-07-24,9호선,노량진,14223,14943
2022-07-24,9호선,샛강,1853,1768
2022-07-24,9호선,여의도,9049,8337
2022-07-24,9호선,국회의사당,4547,4301
2022-07-24,9호선,당산,9037,9137
2022-07-24,9호선,선유도,2574,2697
2022-07-24,9호선,신목동,1755,1532
2022-07-24,9호선,염창,8352,8377
2022-07-24,9호선,등촌,4863,4942
2022-07-24,9호선,증미,2438,2475
2022-07-24,9호선,가양,11162,10598
2022-07-24,9호선,양천향교,4280,4486
2022-07-24,9호선,마곡나루,5199,5498
2022-07-24,9호선,신방화,3539,3398
2022-07-24,9호선,공항시장,1693,1877
2022-07-24,9호선,김포공항,7445,10861
2022-07-24,9호선,개화,1009,963
2022-07-25,9호선,개화,2823,1933
2022-07-25,9호선,김포공항,7475,10756
2022-07-25,9호선,공항시장,3028,3326
2022-07-25,9호선,신방화,6877,6720
2022-07-25,9호선,마곡나루,12595,12528
2022-07-25,9호선,양천향교,9888,10160
2022-07-25,9호선,가양,21496,21064
2022-07-25,9호선,증미,7810,7722
2022-07-25,9호선,등촌,12056,11483
2022-07-25,9호선,염창,17756,17260
2022-07-25,9호선,신목동,4319,3659
2022-07-25,9호선,선유도,9151,8952
2022-07-25,9호선,당산,18632,19133
2022-07-25,9호선,국회의사당,17049,17868
2022-07-25,9호선,여의도,29694,28771
2022-07-25,9호선,샛강,6383,6406
2022-07-25,9호선,노량진,25240,24990
2022-07-25,9호선,노들,4697,3776
2022-07-25,9호선,흑석,7946,8434
2022-07-25,9호선,동작,1981,1603
2022-07-25,9호선,구반포,1256,1284
2022-07-25,9호선,신반포,3476,3645
2022-07-25,9호선,고속터미널,13468,17159
2022-07-25,9호선,사평,3642,3481
2022-07-25,9호선,신논현,31427,30919
2022-07-26,9호선,개화,2876,1961
2022-07-26,9호선,김포공항,7554,10666
2022-07-26,9호선,공항시장,3044,3286
2022-07-26,9호선,신방화,7026,6739
2022-07-26,9호선,마곡나루,12843,12898
2022-07-26,9호선,양천향교,9908,10154
2022-07-26,9호선,가양,21894,21339
2022-07-26,9호선,증미,7883,7684
2022-07-26,9호선,등촌,12059,11638
2022-07-26,9호선,염창,17877,17345
2022-07-26,9호선,신목동,4411,3707
2022-07-26,9호선,선유도,9154,8813
2022-07-26,9호선,당산,19269,19555
2022-07-26,9호선,국회의사당,17892,18583
2022-07-26,9호선,여의도,30338,29294
2022-07-26,9호선,샛강,6396,6659
2022-07-26,9호선,노량진,25768,25033
2022-07-26,9호선,노들,4721,3925
2022-07-26,9호선,흑석,8174,8633
2022-07-26,9호선,동작,1938,1513
2022-07-26,9호선,구반포,1203,1257
2022-07-26,9호선,신반포,3670,3575
2022-07-26,9호선,고속터미널,13204,16720
2022-07-26,9호선,사평,3786,3621
2022-07-26,9호선,신논현,31922,31614
2022-07-27,9호선,신논현,32329,32099
2022-07-27,9호선,사평,3783,3529
2022-07-27,9호선,고속터미널,13075,17396
2022-07-27,9호선,신반포,3596,3561
2022-07-27,9호선,구반포,1183,1244
2022-07-27,9호선,동작,2022,1628
2022-07-27,9호선,흑석,8078,8435
2022-07-27,9호선,노들,4677,3917
2022-07-27,9호선,노량진,26121,25505
2022-07-27,9호선,샛강,6601,6707
2022-07-27,9호선,여의도,30861,29536
2022-07-27,9호선,국회의사당,17630,18396
2022-07-27,9호선,당산,19315,19184
2022-07-27,9호선,선유도,9143,8758
2022-07-27,9호선,신목동,4472,3832
2022-07-27,9호선,염창,17992,17471
2022-07-27,9호선,등촌,11805,11358
2022-07-27,9호선,증미,7814,7712
2022-07-27,9호선,가양,21610,21082
2022-07-27,9호선,양천향교,9872,10110
2022-07-27,9호선,마곡나루,12793,12842
2022-07-27,9호선,신방화,6857,6671
2022-07-27,9호선,공항시장,3072,3323
2022-07-27,9호선,김포공항,7483,10754
2022-07-27,9호선,개화,2731,1839
2022-07-28,9호선,사평,3662,3593
2022-07-28,9호선,개화,2764,1851
2022-07-28,9호선,김포공항,7732,11467
2022-07-28,9호선,공항시장,3107,3302
2022-07-28,9호선,신방화,6794,6529
2022-07-28,9호선,마곡나루,12848,12837
2022-07-28,9호선,양천향교,9796,9943
2022-07-28,9호선,가양,21365,20724
2022-07-28,9호선,증미,7727,7662
2022-07-28,9호선,등촌,11815,11316
2022-07-28,9호선,염창,17839,17009
2022-07-28,9호선,신목동,4359,3660
2022-07-28,9호선,선유도,9090,8704
2022-07-28,9호선,당산,19294,19474
2022-07-28,9호선,국회의사당,17613,18359
2022-07-28,9호선,여의도,30361,29304
2022-07-28,9호선,샛강,6463,6589
2022-07-28,9호선,노량진,25999,25335
2022-07-28,9호선,노들,4769,3917
2022-07-28,9호선,흑석,7996,8381
2022-07-28,9호선,동작,2070,1559
2022-07-28,9호선,구반포,1207,1196
2022-07-28,9호선,신반포,3577,3577
2022-07-28,9호선,고속터미널,13873,18310
2022-07-28,9호선,신논현,32792,32109
2022-07-29,9호선,개화,2748,1828
2022-07-29,9호선,김포공항,8650,13222
2022-07-29,9호선,공항시장,3108,3274
2022-07-29,9호선,신방화,6960,6663
2022-07-29,9호선,마곡나루,12640,12585
2022-07-29,9호선,양천향교,9962,9975
2022-07-29,9호선,가양,21573,20701
2022-07-29,9호선,증미,7912,7580
2022-07-29,9호선,등촌,11906,11221
2022-07-29,9호선,염창,17943,16820
2022-07-29,9호선,신목동,4318,3574
2022-07-29,9호선,선유도,9172,8581
2022-07-29,9호선,당산,19691,19438
2022-07-29,9호선,국회의사당,18561,18526
2022-07-29,9호선,여의도,30684,28752
2022-07-29,9호선,샛강,6231,6412
2022-07-29,9호선,노량진,26756,25776
2022-07-29,9호선,노들,4925,4084
2022-07-29,9호선,흑석,7968,8252
2022-07-29,9호선,동작,2049,1593
2022-07-29,9호선,구반포,1196,1230
2022-07-29,9호선,신반포,3901,3926
2022-07-29,9호선,고속터미널,16272,23561
2022-07-29,9호선,사평,3828,3696
2022-07-29,9호선,신논현,34311,34816
2022-07-30,9호선,개화,1382,1118
2022-07-30,9호선,김포공항,7852,11690
2022-07-30,9호선,공항시장,2228,2348
2022-07-30,9호선,신방화,4546,4273
2022-07-30,9호선,마곡나루,6798,6646
2022-07-30,9호선,양천향교,5538,5209
2022-07-30,9호선,가양,12996,12291
2022-07-30,9호선,증미,4086,3872
2022-07-30,9호선,등촌,6899,6505
2022-07-30,9호선,염창,11236,10206
2022-07-30,9호선,신목동,2237,1876
2022-07-30,9호선,선유도,3790,3361
2022-07-30,9호선,당산,12319,11453
2022-07-30,9호선,국회의사당,3402,3530
2022-07-30,9호선,여의도,13126,12333
2022-07-30,9호선,샛강,2668,2637
2022-07-30,9호선,노량진,19592,18853
2022-07-30,9호선,노들,3141,2588
2022-07-30,9호선,흑석,5086,5086
2022-07-30,9호선,동작,1364,1268
2022-07-30,9호선,구반포,608,608
2022-07-30,9호선,신반포,2644,2673
2022-07-30,9호선,고속터미널,14637,22102
2022-07-30,9호선,사평,2352,2216
2022-07-30,9호선,신논현,24009,24457
2022-07-31,9호선,동작,1099,899
2022-07-31,9호선,흑석,3558,3804
2022-07-31,9호선,노들,2481,2226
2022-07-31,9호선,노량진,13648,14222
2022-07-31,9호선,샛강,1741,1652
2022-07-31,9호선,여의도,9916,8385
2022-07-31,9호선,국회의사당,4294,4035
2022-07-31,9호선,당산,8250,8296
2022-07-31,9호선,선유도,2467,2548
2022-07-31,9호선,신목동,1515,1514
2022-07-31,9호선,염창,7733,7647
2022-07-31,9호선,등촌,4718,4974
2022-07-31,9호선,증미,2720,2749
2022-07-31,9호선,가양,10244,9886
2022-07-31,9호선,양천향교,3729,4033
2022-07-31,9호선,마곡나루,4603,4637
2022-07-31,9호선,신방화,3280,3289
2022-07-31,9호선,공항시장,1725,1831
2022-07-31,9호선,김포공항,7219,10183
2022-07-31,9호선,개화,872,847
2022-07-31,9호선,구반포,301,326
2022-07-31,9호선,신반포,1779,1878
2022-07-31,9호선,고속터미널,11088,16536
2022-07-31,9호선,사평,1577,1730
2022-07-31,9호선,신논현,14400,14006
2022-08-01,9호선,개화,2549,1797
2022-08-01,9호선,김포공항,7863,10971
2022-08-01,9호선,공항시장,2881,3128
2022-08-01,9호선,신방화,6230,6042
2022-08-01,9호선,마곡나루,11452,11477
2022-08-01,9호선,양천향교,9056,9378
2022-08-01,9호선,가양,19751,19383
2022-08-01,9호선,증미,7284,7128
2022-08-01,9호선,등촌,11159,10877
2022-08-01,9호선,염창,16308,15772
2022-08-01,9호선,신목동,3894,3410
2022-08-01,9호선,선유도,8528,8226
2022-08-01,9호선,당산,17552,17961
2022-08-01,9호선,국회의사당,16238,16773
2022-08-01,9호선,여의도,29302,28712
2022-08-01,9호선,샛강,5932,6051
2022-08-01,9호선,노량진,23758,23511
2022-08-01,9호선,노들,4361,3602
2022-08-01,9호선,흑석,7336,7761
2022-08-01,9호선,동작,1672,1397
2022-08-01,9호선,구반포,1108,1179
2022-08-01,9호선,신반포,3036,3110
2022-08-01,9호선,고속터미널,12882,17184
2022-08-01,9호선,사평,3396,3373
2022-08-01,9호선,신논현,29727,29159
2022-08-02,9호선,사평,3599,3627
2022-08-02,9호선,신논현,30450,29952
2022-08-02,9호선,고속터미널,12508,16826
2022-08-02,9호선,신반포,3016,3064
2022-08-02,9호선,구반포,1101,1118
2022-08-02,9호선,동작,1765,1341
2022-08-02,9호선,흑석,7574,7998
2022-08-02,9호선,노들,4262,3689
2022-08-02,9호선,노량진,24125,23334
2022-08-02,9호선,샛강,6186,6137
2022-08-02,9호선,여의도,30505,28458
2022-08-02,9호선,국회의사당,16823,16888
2022-08-02,9호선,당산,17953,18199
2022-08-02,9호선,선유도,8730,8422
2022-08-02,9호선,신목동,3912,3448
2022-08-02,9호선,염창,16453,16168
2022-08-02,9호선,등촌,10988,10782
2022-08-02,9호선,증미,7316,7236
2022-08-02,9호선,가양,19912,19446
2022-08-02,9호선,양천향교,9243,9614
2022-08-02,9호선,마곡나루,11896,11713
2022-08-02,9호선,신방화,6244,6249
2022-08-02,9호선,공항시장,2867,3166
2022-08-02,9호선,김포공항,7219,10570
2022-08-02,9호선,개화,2496,1710
2022-08-03,9호선,개화,2529,1755
2022-08-03,9호선,김포공항,7221,10437
2022-08-03,9호선,공항시장,3014,3192
2022-08-03,9호선,신방화,6439,6244
2022-08-03,9호선,마곡나루,12208,12039
2022-08-03,9호선,양천향교,9276,9556
2022-08-03,9호선,가양,20176,19861
2022-08-03,9호선,증미,7319,7091
2022-08-03,9호선,등촌,11177,10739
2022-08-03,9호선,염창,16810,16210
2022-08-03,9호선,신목동,4016,3551
2022-08-03,9호선,선유도,8565,8251
2022-08-03,9호선,당산,18331,18399
2022-08-03,9호선,국회의사당,16535,17368
2022-08-03,9호선,여의도,29451,28101
2022-08-03,9호선,샛강,6241,6301
2022-08-03,9호선,노량진,24155,24032
2022-08-03,9호선,노들,4451,3683
2022-08-03,9호선,흑석,7785,8212
2022-08-03,9호선,동작,1813,1425
2022-08-03,9호선,구반포,1036,1123
2022-08-03,9호선,신반포,3129,3272
2022-08-03,9호선,고속터미널,13051,16776
2022-08-03,9호선,신논현,30471,29616
2022-08-03,9호선,사평,3627,3426
2022-08-04,9호선,개화,2599,1772
2022-08-04,9호선,김포공항,7861,11111
2022-08-04,9호선,공항시장,2967,3297
2022-08-04,9호선,신방화,6527,6377
2022-08-04,9호선,마곡나루,12198,12325
2022-08-04,9호선,양천향교,9413,9573
2022-08-04,9호선,가양,20712,20203
2022-08-04,9호선,증미,7575,7224
2022-08-04,9호선,등촌,11560,11112
2022-08-04,9호선,염창,17379,16891
2022-08-04,9호선,신목동,4184,3581
2022-08-04,9호선,선유도,8636,8348
2022-08-04,9호선,당산,18811,18895
2022-08-04,9호선,국회의사당,16717,17295
2022-08-04,9호선,여의도,29718,28525
2022-08-04,9호선,샛강,6359,6397
2022-08-04,9호선,노량진,25092,24284
2022-08-04,9호선,노들,4496,3786
2022-08-04,9호선,흑석,8082,8451
2022-08-04,9호선,동작,1878,1536
2022-08-04,9호선,구반포,1168,1191
2022-08-04,9호선,신반포,3405,3451
2022-08-04,9호선,고속터미널,13133,17206
2022-08-04,9호선,사평,3696,3527
2022-08-04,9호선,신논현,31118,30940
2022-08-05,9호선,신논현,32877,33358
2022-08-05,9호선,사평,3845,3710
2022-08-05,9호선,고속터미널,14508,20058
2022-08-05,9호선,신반포,3533,3538
2022-08-05,9호선,구반포,1242,1243
2022-08-05,9호선,동작,1908,1521
2022-08-05,9호선,흑석,8093,8377
2022-08-05,9호선,노들,4657,3809
2022-08-05,9호선,노량진,25729,24759
2022-08-05,9호선,샛강,6116,6138
2022-08-05,9호선,여의도,30296,28485
2022-08-05,9호선,국회의사당,16963,17275
2022-08-05,9호선,당산,19344,18839
2022-08-05,9호선,선유도,8749,8120
2022-08-05,9호선,신목동,4141,3422
2022-08-05,9호선,염창,17472,16469
2022-08-05,9호선,등촌,11404,10924
2022-08-05,9호선,증미,7588,7202
2022-08-05,9호선,가양,20821,19876
2022-08-05,9호선,양천향교,9584,9628
2022-08-05,9호선,마곡나루,12269,12330
2022-08-05,9호선,신방화,6682,6372
2022-08-05,9호선,공항시장,3067,3211
2022-08-05,9호선,김포공항,8606,12733
2022-08-05,9호선,개화,2511,1752
2022-08-06,9호선,개화,1217,1072
2022-08-06,9호선,김포공항,7776,11389
2022-08-06,9호선,공항시장,2242,2347
2022-08-06,9호선,신방화,4476,4244
2022-08-06,9호선,마곡나루,7400,7265
2022-08-06,9호선,양천향교,5249,5136
2022-08-06,9호선,가양,13205,12556
2022-08-06,9호선,증미,3876,3726
2022-08-06,9호선,등촌,6734,6449
2022-08-06,9호선,염창,10950,10047
2022-08-06,9호선,신목동,2159,1798
2022-08-06,9호선,선유도,3447,3163
2022-08-06,9호선,당산,11982,11212
2022-08-06,9호선,국회의사당,3569,3587
2022-08-06,9호선,여의도,12470,11479
2022-08-06,9호선,샛강,2699,2608
2022-08-06,9호선,노량진,19683,19017
2022-08-06,9호선,노들,3095,2541
2022-08-06,9호선,흑석,5464,5316
2022-08-06,9호선,동작,1403,1255
2022-08-06,9호선,구반포,646,646
2022-08-06,9호선,신반포,2530,2398
2022-08-06,9호선,고속터미널,12314,18218
2022-08-06,9호선,사평,2278,2165
2022-08-06,9호선,신논현,22859,23278
2022-08-07,9호선,개화,952,891
2022-08-07,9호선,김포공항,7408,10448
2022-08-07,9호선,공항시장,1702,1943
2022-08-07,9호선,신방화,3412,3406
2022-08-07,9호선,마곡나루,4932,5081
2022-08-07,9호선,양천향교,4087,4388
2022-08-07,9호선,가양,10930,10729
2022-08-07,9호선,증미,2821,2859
2022-08-07,9호선,등촌,4817,5066
2022-08-07,9호선,염창,7984,7877
2022-08-07,9호선,신목동,1644,1506
2022-08-07,9호선,선유도,2494,2580
2022-08-07,9호선,당산,8911,8766
2022-08-07,9호선,국회의사당,4547,4232
2022-08-07,9호선,여의도,9629,8422
2022-08-07,9호선,샛강,1704,1675
2022-08-07,9호선,노량진,13587,14381
2022-08-07,9호선,노들,2524,2217
2022-08-07,9호선,흑석,3667,3693
2022-08-07,9호선,동작,1301,1012
2022-08-07,9호선,구반포,344,397
2022-08-07,9호선,신반포,1776,1821
2022-08-07,9호선,고속터미널,10484,14491
2022-08-07,9호선,사평,1677,1736
2022-08-07,9호선,신논현,15022,14358
2022-08-08,9호선,염창,16285,15158
2022-08-08,9호선,개화,2552,1729
2022-08-08,9호선,김포공항,7458,10025
2022-08-08,9호선,공항시장,2806,3092
2022-08-08,9호선,신방화,6288,6322
2022-08-08,9호선,마곡나루,11666,11227
2022-08-08,9호선,양천향교,9319,9642
2022-08-08,9호선,가양,19537,18771
2022-08-08,9호선,증미,7318,7229
2022-08-08,9호선,등촌,11113,11020
2022-08-08,9호선,신목동,3907,3491
2022-08-08,9호선,선유도,9127,8590
2022-08-08,9호선,당산,17704,17867
2022-08-08,9호선,국회의사당,17762,17254
2022-08-08,9호선,여의도,28399,26578
2022-08-08,9호선,샛강,6631,6403
2022-08-08,9호선,노량진,23903,25091
2022-08-08,9호선,노들,4097,3286
2022-08-08,9호선,흑석,7111,7460
2022-08-08,9호선,동작,1573,1176
2022-08-08,9호선,구반포,1231,1246
2022-08-08,9호선,신반포,3258,3265
2022-08-08,9호선,고속터미널,10890,15365
2022-08-08,9호선,사평,3582,3746
2022-08-08,9호선,신논현,28909,30924
2022-08-09,9호선,개화,2506,1707
2022-08-09,9호선,김포공항,6145,9019
2022-08-09,9호선,공항시장,2613,2998
2022-08-09,9호선,신방화,5981,6160
2022-08-09,9호선,마곡나루,10891,10254
2022-08-09,9호선,양천향교,9228,9442
2022-08-09,9호선,가양,18012,17732
2022-08-09,9호선,증미,8028,7426
2022-08-09,9호선,등촌,11429,11028
2022-08-09,9호선,염창,15045,15276
2022-08-09,9호선,신목동,3793,3625
2022-08-09,9호선,선유도,8604,8013
2022-08-09,9호선,당산,15780,15285
2022-08-09,9호선,국회의사당,16595,15305
2022-08-09,9호선,여의도,24270,16465
2022-08-09,9호선,샛강,5630,4961
2022-08-09,9호선,노량진,21436,27894
2022-08-09,9호선,노들,890,2070
2022-08-09,9호선,흑석,2436,3195
2022-08-09,9호선,동작,121,324
2022-08-09,9호선,구반포,705,588
2022-08-09,9호선,신반포,1267,1111
2022-08-09,9호선,고속터미널,4372,5164
2022-08-09,9호선,사평,964,1702
2022-08-09,9호선,신논현,16758,17997
2022-08-10,9호선,공항시장,3028,3259
2022-08-10,9호선,흑석,10130,9427
2022-08-10,9호선,구반포,1642,1350
2022-08-10,9호선,신반포,3816,3571
2022-08-10,9호선,고속터미널,12379,14900
2022-08-10,9호선,사평,4101,3876
2022-08-10,9호선,신논현,28216,27748
2022-08-10,9호선,당산,20162,19702
2022-08-10,9호선,국회의사당,18899,19355
2022-08-10,9호선,여의도,31183,29815
2022-08-10,9호선,샛강,7205,7182
2022-08-10,9호선,노량진,25135,24550
2022-08-10,9호선,노들,5417,4035
2022-08-10,9호선,동작,2261,1402
2022-08-10,9호선,신방화,6861,6747
2022-08-10,9호선,마곡나루,12669,12766
2022-08-10,9호선,양천향교,10206,10451
2022-08-10,9호선,가양,21821,21235
2022-08-10,9호선,증미,8347,7906
2022-08-10,9호선,등촌,12458,11952
2022-08-10,9호선,염창,18338,17730
2022-08-10,9호선,신목동,4374,3931
2022-08-10,9호선,선유도,9196,8723
2022-08-10,9호선,개화,2780,1940
2022-08-10,9호선,김포공항,7100,11076
2022-08-11,9호선,노들,4586,3844
2022-08-11,9호선,개화,2836,1937
2022-08-11,9호선,김포공항,7317,11454
2022-08-11,9호선,공항시장,2961,3237
2022-08-11,9호선,신방화,6664,6494
2022-08-11,9호선,마곡나루,12634,12591
2022-08-11,9호선,양천향교,10033,10218
2022-08-11,9호선,가양,21499,20659
2022-08-11,9호선,증미,8255,7725
2022-08-11,9호선,등촌,11989,11481
2022-08-11,9호선,염창,18273,17574
2022-08-11,9호선,신목동,4428,3836
2022-08-11,9호선,선유도,8978,8537
2022-08-11,9호선,당산,19118,19282
2022-08-11,9호선,국회의사당,18038,18972
2022-08-11,9호선,여의도,30859,29722
2022-08-11,9호선,샛강,6783,6897
2022-08-11,9호선,노량진,24750,24297
2022-08-11,9호선,흑석,8421,8703
2022-08-11,9호선,동작,1844,1302
2022-08-11,9호선,구반포,1317,1272
2022-08-11,9호선,신반포,3595,3470
2022-08-11,9호선,고속터미널,12255,15164
2022-08-11,9호선,사평,4192,4083
2022-08-11,9호선,신논현,29307,28638
2022-08-12,9호선,신논현,34353,34224
2022-08-12,9호선,사평,4223,3863
2022-08-12,9호선,고속터미널,14957,21682
2022-08-12,9호선,신반포,3872,3837
2022-08-12,9호선,구반포,1359,1418
2022-08-12,9호선,동작,1882,1414
2022-08-12,9호선,흑석,8727,9000
2022-08-12,9호선,노들,4967,4033
2022-08-12,9호선,노량진,26842,26245
2022-08-12,9호선,샛강,6611,6727
2022-08-12,9호선,여의도,31896,29884
2022-08-12,9호선,국회의사당,17989,18521
2022-08-12,9호선,당산,20224,19853
2022-08-12,9호선,선유도,9226,8296
2022-08-12,9호선,신목동,4384,3665
2022-08-12,9호선,염창,18616,17499
2022-08-12,9호선,등촌,12369,11660
2022-08-12,9호선,증미,8184,7708
2022-08-12,9호선,가양,22319,21152
2022-08-12,9호선,양천향교,10276,10297
2022-08-12,9호선,마곡나루,13027,12859
2022-08-12,9호선,신방화,7058,6704
2022-08-12,9호선,공항시장,3166,3273
2022-08-12,9호선,김포공항,8800,13500
2022-08-12,9호선,개화,2789,1926
2022-08-13,9호선,신논현,21711,21571
2022-08-13,9호선,사평,2368,2146
2022-08-13,9호선,고속터미널,12189,19880
2022-08-13,9호선,신반포,2517,2405
2022-08-13,9호선,구반포,570,560
2022-08-13,9호선,동작,1091,957
2022-08-13,9호선,흑석,5163,5123
2022-08-13,9호선,노들,2981,2463
2022-08-13,9호선,노량진,19093,18568
2022-08-13,9호선,여의도,12476,11116
2022-08-13,9호선,국회의사당,3817,3858
2022-08-13,9호선,당산,12657,12084
2022-08-13,9호선,선유도,3431,3034
2022-08-13,9호선,신목동,2297,1927
2022-08-13,9호선,염창,11273,9750
2022-08-13,9호선,등촌,6802,6259
2022-08-13,9호선,증미,3863,3606
2022-08-13,9호선,가양,13051,12026
2022-08-13,9호선,양천향교,5450,4979
2022-08-13,9호선,마곡나루,7279,7026
2022-08-13,9호선,신방화,4462,4231
2022-08-13,9호선,공항시장,2117,2224
2022-08-13,9호선,김포공항,7658,12270
2022-08-13,9호선,개화,1337,1143
2022-08-13,9호선,샛강,2474,2404
2022-08-14,9호선,개화,1122,980
2022-08-14,9호선,김포공항,7261,10622
2022-08-14,9호선,공항시장,1701,1814
2022-08-14,9호선,신방화,3618,3500
2022-08-14,9호선,마곡나루,5228,5285
2022-08-14,9호선,양천향교,4159,4009
2022-08-14,9호선,가양,10143,9763
2022-08-14,9호선,증미,2529,2423
2022-08-14,9호선,등촌,4993,5039
2022-08-14,9호선,염창,8279,7973
2022-08-14,9호선,신목동,1777,1546
2022-08-14,9호선,선유도,2713,2512
2022-08-14,9호선,당산,9702,9583
2022-08-14,9호선,국회의사당,4542,4212
2022-08-14,9호선,여의도,10519,9158
2022-08-14,9호선,샛강,1756,1681
2022-08-14,9호선,노량진,13867,14370
2022-08-14,9호선,노들,2689,2216
2022-08-14,9호선,흑석,3854,3913
2022-08-14,9호선,동작,1064,924
2022-08-14,9호선,구반포,305,308
2022-08-14,9호선,신반포,1781,1778
2022-08-14,9호선,고속터미널,9818,14009
2022-08-14,9호선,사평,1727,1679
2022-08-14,9호선,신논현,14829,14339
2022-08-15,9호선,신논현,13416,13098
2022-08-15,9호선,사평,1666,1798
2022-08-15,9호선,고속터미널,11069,13296
2022-08-15,9호선,신반포,1720,1726
2022-08-15,9호선,구반포,394,370
2022-08-15,9호선,동작,1016,888
2022-08-15,9호선,흑석,3771,3969
2022-08-15,9호선,노들,2303,2119
2022-08-15,9호선,노량진,14439,15385
2022-08-15,9호선,샛강,1941,1950
2022-08-15,9호선,여의도,9970,8744
2022-08-15,9호선,국회의사당,3182,3233
2022-08-15,9호선,당산,7955,8262
2022-08-15,9호선,선유도,2552,2661
2022-08-15,9호선,신목동,1687,1558
2022-08-15,9호선,염창,7925,8163
2022-08-15,9호선,등촌,5133,5435
2022-08-15,9호선,증미,3016,3055
2022-08-15,9호선,가양,9299,9668
2022-08-15,9호선,양천향교,3843,4193
2022-08-15,9호선,마곡나루,4720,5070
2022-08-15,9호선,신방화,3385,3416
2022-08-15,9호선,공항시장,1614,1815
2022-08-15,9호선,김포공항,7565,10782
2022-08-15,9호선,개화,1052,993
2022-08-16,9호선,개화,2808,1919
2022-08-16,9호선,김포공항,7302,10475
2022-08-16,9호선,공항시장,2985,3263
2022-08-16,9호선,신방화,6687,6643
2022-08-16,9호선,마곡나루,12164,12269
2022-08-16,9호선,양천향교,9625,9867
2022-08-16,9호선,사평,3761,3700
2022-08-16,9호선,가양,20962,20607
2022-08-16,9호선,증미,7747,7566
2022-08-16,9호선,등촌,11875,11654
2022-08-16,9호선,염창,17547,17089
2022-08-16,9호선,신목동,4268,3650
2022-08-16,9호선,선유도,8836,8476
2022-08-16,9호선,당산,18415,18995
2022-08-16,9호선,국회의사당,16816,17472
2022-08-16,9호선,여의도,29137,28036
2022-08-16,9호선,샛강,6332,6417
2022-08-16,9호선,노량진,23999,23926
2022-08-16,9호선,노들,4733,4014
2022-08-16,9호선,흑석,7950,8471
2022-08-16,9호선,동작,1660,1289
2022-08-16,9호선,구반포,1209,1207
2022-08-16,9호선,신반포,3739,3733
2022-08-16,9호선,고속터미널,13319,15948
2022-08-16,9호선,신논현,30165,29868
2022-08-17,9호선,개화,2813,1897
2022-08-17,9호선,김포공항,7517,10584
2022-08-17,9호선,공항시장,3020,3313
2022-08-17,9호선,신방화,6956,6762
2022-08-17,9호선,마곡나루,12815,12569
2022-08-17,9호선,양천향교,9993,10215
2022-08-17,9호선,가양,21359,21144
2022-08-17,9호선,증미,7738,7532
2022-08-17,9호선,등촌,12021,11496
2022-08-17,9호선,염창,17905,17368
2022-08-17,9호선,신목동,4333,3746
2022-08-17,9호선,선유도,8998,8615
2022-08-17,9호선,당산,18900,19447
2022-08-17,9호선,국회의사당,17715,18480
2022-08-17,9호선,여의도,30508,29157
2022-08-17,9호선,샛강,6531,6590
2022-08-17,9호선,노량진,24969,24462
2022-08-17,9호선,노들,4848,4070
2022-08-17,9호선,흑석,8293,8655
2022-08-17,9호선,동작,1850,1394
2022-08-17,9호선,구반포,1244,1274
2022-08-17,9호선,신반포,3817,3726
2022-08-17,9호선,고속터미널,13220,16454
2022-08-17,9호선,사평,3938,3814
2022-08-17,9호선,신논현,31076,30596
2022-08-18,9호선,김포공항,7402,10788
2022-08-18,9호선,개화,2723,1944
2022-08-18,9호선,공항시장,3050,3285
2022-08-18,9호선,신방화,6989,6907
2022-08-18,9호선,마곡나루,12786,12656
2022-08-18,9호선,양천향교,9842,10110
2022-08-18,9호선,가양,21719,21122
2022-08-18,9호선,증미,7788,7551
2022-08-18,9호선,등촌,11852,11442
2022-08-18,9호선,염창,18200,17409
2022-08-18,9호선,신목동,4502,3795
2022-08-18,9호선,선유도,8959,8563
2022-08-18,9호선,당산,19426,19757
2022-08-18,9호선,국회의사당,19006,19641
2022-08-18,9호선,여의도,30664,29677
2022-08-18,9호선,샛강,6551,6526
2022-08-18,9호선,노량진,25406,24757
2022-08-18,9호선,노들,4866,4031
2022-08-18,9호선,흑석,8399,8757
2022-08-18,9호선,동작,1850,1473
2022-08-18,9호선,구반포,1186,1186
2022-08-18,9호선,신반포,3794,3717
2022-08-18,9호선,고속터미널,13216,16814
2022-08-18,9호선,사평,3854,3774
2022-08-18,9호선,신논현,31579,31411
2022-08-19,9호선,김포공항,8326,12529
2022-08-19,9호선,공항시장,3067,3430
2022-08-19,9호선,개화,2737,1939
2022-08-19,9호선,신방화,7208,6991
2022-08-19,9호선,마곡나루,12880,12742
2022-08-19,9호선,양천향교,9995,10216
2022-08-19,9호선,가양,21672,20835
2022-08-19,9호선,증미,7878,7676
2022-08-19,9호선,등촌,11889,11755
2022-08-19,9호선,염창,17883,17247
2022-08-19,9호선,신목동,4449,3792
2022-08-19,9호선,선유도,9015,8401
2022-08-19,9호선,당산,19852,19674
2022-08-19,9호선,국회의사당,19238,18666
2022-08-19,9호선,여의도,31893,28726
2022-08-19,9호선,샛강,6630,6425
2022-08-19,9호선,노량진,25988,25104
2022-08-19,9호선,노들,4770,4105
2022-08-19,9호선,흑석,8348,8861
2022-08-19,9호선,동작,1823,1414
2022-08-19,9호선,구반포,1300,1265
2022-08-19,9호선,신반포,3998,3911
2022-08-19,9호선,고속터미널,13204,18616
2022-08-19,9호선,사평,3995,3935
2022-08-19,9호선,신논현,32263,32461
2022-08-20,9호선,신논현,24575,25341
2022-08-20,9호선,사평,2499,2305
2022-08-20,9호선,고속터미널,13277,18716
2022-08-20,9호선,신반포,3006,2963
2022-08-20,9호선,구반포,1019,1008
2022-08-20,9호선,동작,1393,1140
2022-08-20,9호선,흑석,5731,5587
2022-08-20,9호선,노들,3511,2990
2022-08-20,9호선,노량진,21194,20731
2022-08-20,9호선,샛강,2924,2803
2022-08-20,9호선,여의도,13656,13030
2022-08-20,9호선,국회의사당,4492,4734
2022-08-20,9호선,당산,13441,12729
2022-08-20,9호선,선유도,3943,3638
2022-08-20,9호선,신목동,2488,2037
2022-08-20,9호선,염창,11911,10935
2022-08-20,9호선,등촌,7473,6855
2022-08-20,9호선,증미,4312,4037
2022-08-20,9호선,가양,14554,13675
2022-08-20,9호선,양천향교,5783,5527
2022-08-20,9호선,마곡나루,8305,8201
2022-08-20,9호선,신방화,4753,4540
2022-08-20,9호선,공항시장,2348,2305
2022-08-20,9호선,김포공항,7760,11692
2022-08-20,9호선,개화,1362,1175
2022-08-21,9호선,개화,1011,959
2022-08-21,9호선,김포공항,7191,10921
2022-08-21,9호선,공항시장,1806,2030
2022-08-21,9호선,신방화,3534,3504
2022-08-21,9호선,마곡나루,5529,5539
2022-08-21,9호선,양천향교,4079,4224
2022-08-21,9호선,가양,10971,10961
2022-08-21,9호선,증미,2911,3006
2022-08-21,9호선,등촌,5145,5374
2022-08-21,9호선,염창,8741,8576
2022-08-21,9호선,신목동,1832,1588
2022-08-21,9호선,선유도,2786,2734
2022-08-21,9호선,당산,9417,9183
2022-08-21,9호선,국회의사당,5317,5027
2022-08-21,9호선,여의도,9952,9024
2022-08-21,9호선,샛강,1863,1836
2022-08-21,9호선,노량진,14220,14958
2022-08-21,9호선,노들,2869,2487
2022-08-21,9호선,흑석,3816,3970
2022-08-21,9호선,동작,1151,999
2022-08-21,9호선,구반포,428,485
2022-08-21,9호선,신반포,2201,2275
2022-08-21,9호선,고속터미널,10693,14667
2022-08-21,9호선,사평,1714,1736
2022-08-21,9호선,신논현,15233,14452
2022-08-22,9호선,신논현,30109,29231
2022-08-22,9호선,사평,3753,3744
2022-08-22,9호선,고속터미널,12512,15861
2022-08-22,9호선,신반포,3697,3693
2022-08-22,9호선,구반포,1205,1216
2022-08-22,9호선,동작,1754,1333
2022-08-22,9호선,흑석,8163,8670
2022-08-22,9호선,노들,4674,3911
2022-08-22,9호선,노량진,24886,24633
2022-08-22,9호선,샛강,6311,6307
2022-08-22,9호선,여의도,29535,28580
2022-08-22,9호선,국회의사당,17064,18003
2022-08-22,9호선,당산,18406,18958
2022-08-22,9호선,선유도,8990,8619
2022-08-22,9호선,신목동,4215,3725
2022-08-22,9호선,염창,17505,17116
2022-08-22,9호선,등촌,11875,11539
2022-08-22,9호선,증미,7826,7648
2022-08-22,9호선,가양,21375,20942
2022-08-22,9호선,양천향교,10036,10301
2022-08-22,9호선,마곡나루,12153,12221
2022-08-22,9호선,신방화,6915,6921
2022-08-22,9호선,공항시장,3080,3379
2022-08-22,9호선,김포공항,7146,10727
2022-08-22,9호선,개화,2828,1928
2022-08-23,9호선,개화,2912,1953
2022-08-23,9호선,김포공항,7260,10908
2022-08-23,9호선,공항시장,3045,3323
2022-08-23,9호선,신방화,7214,7009
2022-08-23,9호선,마곡나루,12647,12678
2022-08-23,9호선,양천향교,10362,10575
2022-08-23,9호선,가양,22117,21476
2022-08-23,9호선,증미,7884,7698
2022-08-23,9호선,등촌,12089,11661
2022-08-23,9호선,염창,17968,17164
2022-08-23,9호선,신목동,4474,3806
2022-08-23,9호선,선유도,9219,8819
2022-08-23,9호선,당산,19058,19302
2022-08-23,9호선,국회의사당,17237,18421
2022-08-23,9호선,여의도,30151,29460
2022-08-23,9호선,샛강,6639,6676
2022-08-23,9호선,노량진,25526,25053
2022-08-23,9호선,노들,4761,4028
2022-08-23,9호선,흑석,8379,8902
2022-08-23,9호선,동작,1772,1363
2022-08-23,9호선,구반포,1723,1740
2022-08-23,9호선,신반포,3904,3813
2022-08-23,9호선,고속터미널,12705,16099
2022-08-23,9호선,사평,4006,3897
2022-08-23,9호선,신논현,31157,30457
2022-08-24,9호선,신논현,31467,30836
2022-08-24,9호선,사평,4008,3900
2022-08-24,9호선,고속터미널,13079,16705
2022-08-24,9호선,신반포,3943,3911
2022-08-24,9호선,구반포,1214,1180
2022-08-24,9호선,동작,1839,1462
2022-08-24,9호선,흑석,8552,8986
2022-08-24,9호선,노들,4960,4218
2022-08-24,9호선,노량진,26162,25514
2022-08-24,9호선,샛강,6728,6849
2022-08-24,9호선,여의도,30079,29567
2022-08-24,9호선,국회의사당,17780,18541
2022-08-24,9호선,당산,19239,19395
2022-08-24,9호선,선유도,9401,8788
2022-08-24,9호선,신목동,4480,3936
2022-08-24,9호선,염창,18143,17538
2022-08-24,9호선,등촌,12181,11646
2022-08-24,9호선,증미,7925,7704
2022-08-24,9호선,가양,22132,21631
2022-08-24,9호선,양천향교,10365,10723
2022-08-24,9호선,마곡나루,12811,12787
2022-08-24,9호선,신방화,7265,7058
2022-08-24,9호선,공항시장,3086,3316
2022-08-24,9호선,김포공항,7477,11582
2022-08-24,9호선,개화,2926,2019
2022-08-25,9호선,개화,2825,1944
2022-08-25,9호선,신논현,31376,31078
2022-08-25,9호선,사평,3930,3703
2022-08-25,9호선,고속터미널,13256,17252
2022-08-25,9호선,신반포,3847,3861
2022-08-25,9호선,구반포,1208,1185
2022-08-25,9호선,동작,1831,1401
2022-08-25,9호선,흑석,8464,8915
2022-08-25,9호선,노들,4899,4056
2022-08-25,9호선,노량진,26163,25610
2022-08-25,9호선,샛강,6607,6731
2022-08-25,9호선,여의도,31116,29991
2022-08-25,9호선,국회의사당,17513,18213
2022-08-25,9호선,당산,19593,19880
2022-08-25,9호선,선유도,9168,8727
2022-08-25,9호선,신목동,4599,3901
2022-08-25,9호선,염창,18116,17505
2022-08-25,9호선,등촌,12137,11569
2022-08-25,9호선,증미,7907,7630
2022-08-25,9호선,가양,22435,21888
2022-08-25,9호선,양천향교,10227,10476
2022-08-25,9호선,마곡나루,12869,12700
2022-08-25,9호선,신방화,7219,6979
2022-08-25,9호선,공항시장,3161,3308
2022-08-25,9호선,김포공항,7672,11031
2022-08-26,9호선,개화,2859,2008
2022-08-26,9호선,김포공항,8959,13896
2022-08-26,9호선,공항시장,3174,3399
2022-08-26,9호선,신방화,7489,7204
2022-08-26,9호선,마곡나루,13150,13126
2022-08-26,9호선,양천향교,10626,10715
2022-08-26,9호선,가양,23026,21863
2022-08-26,9호선,증미,8112,7739
2022-08-26,9호선,등촌,12280,11558
2022-08-26,9호선,염창,18686,17854
2022-08-26,9호선,신목동,4604,3920
2022-08-26,9호선,선유도,9369,8659
2022-08-26,9호선,당산,20637,20464
2022-08-26,9호선,국회의사당,18234,18538
2022-08-26,9호선,여의도,31527,29904
2022-08-26,9호선,샛강,6732,6685
2022-08-26,9호선,노량진,27779,27136
2022-08-26,9호선,노들,5316,4340
2022-08-26,9호선,흑석,9213,9684
2022-08-26,9호선,동작,1975,1562
2022-08-26,9호선,구반포,1382,1405
2022-08-26,9호선,신반포,6784,8805
2022-08-26,9호선,고속터미널,20821,27642
2022-08-26,9호선,사평,4135,3962
2022-08-26,9호선,신논현,35108,35926
2022-08-27,9호선,신논현,27897,28278
2022-08-27,9호선,사평,2969,2511
2022-08-27,9호선,고속터미널,24784,32235
2022-08-27,9호선,신반포,7460,9800
2022-08-27,9호선,구반포,1211,1215
2022-08-27,9호선,동작,1769,1533
2022-08-27,9호선,흑석,6391,6383
2022-08-27,9호선,노들,4387,3727
2022-08-27,9호선,노량진,22855,22681
2022-08-27,9호선,샛강,3352,3231
2022-08-27,9호선,여의도,14460,14231
2022-08-27,9호선,국회의사당,4909,5167
2022-08-27,9호선,당산,14854,14246
2022-08-27,9호선,선유도,4559,4020
2022-08-27,9호선,신목동,2807,2335
2022-08-27,9호선,염창,13180,11915
2022-08-27,9호선,등촌,7787,7211
2022-08-27,9호선,증미,4459,4095
2022-08-27,9호선,가양,16554,15973
2022-08-27,9호선,양천향교,6152,5745
2022-08-27,9호선,마곡나루,8705,8519
2022-08-27,9호선,신방화,5021,4696
2022-08-27,9호선,공항시장,2388,2506
2022-08-27,9호선,김포공항,8175,12379
2022-08-27,9호선,개화,1648,1317
2022-08-28,9호선,여의도,11049,10120
2022-08-28,9호선,개화,1190,1118
2022-08-28,9호선,김포공항,7534,11213
2022-08-28,9호선,공항시장,1808,2077
2022-08-28,9호선,신방화,3678,3658
2022-08-28,9호선,마곡나루,6198,6268
2022-08-28,9호선,양천향교,4529,4845
2022-08-28,9호선,가양,11720,11357
2022-08-28,9호선,증미,2623,2633
2022-08-28,9호선,등촌,5501,5597
2022-08-28,9호선,염창,9436,9126
2022-08-28,9호선,신목동,1952,1686
2022-08-28,9호선,선유도,3184,3080
2022-08-28,9호선,당산,10432,10335
2022-08-28,9호선,샛강,2106,2049
2022-08-28,9호선,노량진,15370,16422
2022-08-28,9호선,노들,3342,2867
2022-08-28,9호선,흑석,4334,4477
2022-08-28,9호선,동작,1416,1152
2022-08-28,9호선,구반포,525,504
2022-08-28,9호선,신반포,2780,3346
2022-08-28,9호선,고속터미널,14107,18825
2022-08-28,9호선,사평,1798,1867
2022-08-28,9호선,신논현,17152,16138
2022-08-28,9호선,국회의사당,5377,5204
2022-08-29,9호선,신논현,30157,29362
2022-08-29,9호선,사평,3932,3745
2022-08-29,9호선,고속터미널,13004,16366
2022-08-29,9호선,신반포,3747,3785
2022-08-29,9호선,구반포,1223,1234
2022-08-29,9호선,동작,1779,1335
2022-08-29,9호선,흑석,8512,8923
2022-08-29,9호선,노들,4848,4028
2022-08-29,9호선,노량진,25694,25291
2022-08-29,9호선,샛강,6405,6629
2022-08-29,9호선,여의도,30096,29518
2022-08-29,9호선,국회의사당,17409,18663
2022-08-29,9호선,당산,18718,19289
2022-08-29,9호선,선유도,9266,8894
2022-08-29,9호선,신목동,4450,3868
2022-08-29,9호선,염창,17964,17493
2022-08-29,9호선,등촌,12134,11627
2022-08-29,9호선,증미,8119,7921
2022-08-29,9호선,가양,21868,21538
2022-08-29,9호선,양천향교,10223,10512
2022-08-29,9호선,마곡나루,12415,12410
2022-08-29,9호선,신방화,7222,6920
2022-08-29,9호선,공항시장,3094,3334
2022-08-29,9호선,김포공항,7528,10655
2022-08-29,9호선,개화,2896,1919
2022-08-30,9호선,개화,2763,1903
2022-08-30,9호선,김포공항,7610,10207
2022-08-30,9호선,공항시장,3025,3336
2022-08-30,9호선,신방화,7091,6887
2022-08-30,9호선,마곡나루,12539,12438
2022-08-30,9호선,양천향교,10153,10707
2022-08-30,9호선,가양,21410,20950
2022-08-30,9호선,증미,8064,7948
2022-08-30,9호선,등촌,11958,11568
2022-08-30,9호선,염창,17714,17355
2022-08-30,9호선,신목동,4383,3788
2022-08-30,9호선,선유도,9482,9016
2022-08-30,9호선,당산,19050,19810
2022-08-30,9호선,국회의사당,18598,19149
2022-08-30,9호선,여의도,31442,29688
2022-08-30,9호선,샛강,6685,6536
2022-08-30,9호선,노량진,25122,24613
2022-08-30,9호선,노들,4686,3978
2022-08-30,9호선,흑석,8408,8841
2022-08-30,9호선,동작,1774,1369
2022-08-30,9호선,구반포,1181,1156
2022-08-30,9호선,신반포,3663,3545
2022-08-30,9호선,고속터미널,11821,15459
2022-08-30,9호선,사평,4030,3918
2022-08-30,9호선,신논현,29395,29072
2022-08-31,9호선,개화,2929,1980
2022-08-31,9호선,김포공항,7711,10903
2022-08-31,9호선,공항시장,3226,3482
2022-08-31,9호선,신방화,7480,7127
2022-08-31,9호선,마곡나루,13129,13129
2022-08-31,9호선,양천향교,10549,10865
2022-08-31,9호선,가양,22690,22277
2022-08-31,9호선,증미,8234,7916
2022-08-31,9호선,등촌,12522,11888
2022-08-31,9호선,염창,18694,18167
2022-08-31,9호선,신목동,4721,4006
2022-08-31,9호선,선유도,9560,9028
2022-08-31,9호선,당산,19958,20226
2022-08-31,9호선,국회의사당,18059,19193
2022-08-31,9호선,여의도,31225,30026
2022-08-31,9호선,샛강,6834,6919
2022-08-31,9호선,노량진,27104,26459
2022-08-31,9호선,노들,5080,4280
2022-08-31,9호선,흑석,9221,9802
2022-08-31,9호선,동작,1810,1447
2022-08-31,9호선,구반포,1451,1454
2022-08-31,9호선,신반포,4082,4085
2022-08-31,9호선,고속터미널,13310,16779
2022-08-31,9호선,사평,4048,3897
2022-08-31,9호선,신논현,30808,30299
2022-09-01,9호선,신논현,31912,30996
2022-09-01,9호선,사평,4258,4040
2022-09-01,9호선,고속터미널,13990,17082
2022-09-01,9호선,신반포,4332,4351
2022-09-01,9호선,구반포,1197,1298
2022-09-01,9호선,동작,1975,1563
2022-09-01,9호선,흑석,11397,11501
2022-09-01,9호선,노들,5132,4291
2022-09-01,9호선,노량진,27951,27891
2022-09-01,9호선,샛강,6859,6902
2022-09-01,9호선,여의도,30846,30331
2022-09-01,9호선,국회의사당,18021,19165
2022-09-01,9호선,당산,20205,20558
2022-09-01,9호선,선유도,9668,9120
2022-09-01,9호선,신목동,4820,4065
2022-09-01,9호선,염창,19108,18359
2022-09-01,9호선,등촌,12710,12106
2022-09-01,9호선,증미,8258,7966
2022-09-01,9호선,가양,23022,22407
2022-09-01,9호선,양천향교,10511,10864
2022-09-01,9호선,마곡나루,13228,13100
2022-09-01,9호선,신방화,7430,7222
2022-09-01,9호선,공항시장,3179,3484
2022-09-01,9호선,김포공항,7415,10683
2022-09-01,9호선,개화,2933,1951
2022-09-02,9호선,신논현,34833,35279
2022-09-02,9호선,사평,4387,4156
2022-09-02,9호선,고속터미널,16943,21734
2022-09-02,9호선,신반포,5240,5534
2022-09-02,9호선,구반포,1382,1431
2022-09-02,9호선,동작,2170,1731
2022-09-02,9호선,흑석,11260,11058
2022-09-02,9호선,노들,5412,4395
2022-09-02,9호선,노량진,28889,28534
2022-09-02,9호선,샛강,7172,7089
2022-09-02,9호선,여의도,31750,30790
2022-09-02,9호선,국회의사당,18538,19077
2022-09-02,9호선,당산,21117,21308
2022-09-02,9호선,선유도,9715,9138
2022-09-02,9호선,신목동,4837,4051
2022-09-02,9호선,염창,19343,18404
2022-09-02,9호선,등촌,12918,12093
2022-09-02,9호선,증미,8828,8581
2022-09-02,9호선,가양,23496,22608
2022-09-02,9호선,양천향교,10774,10769
2022-09-02,9호선,마곡나루,13615,13605
2022-09-02,9호선,신방화,7660,7295
2022-09-02,9호선,공항시장,3299,3439
2022-09-02,9호선,김포공항,8196,11071
2022-09-02,9호선,개화,3040,2041
2022-09-03,9호선,개화,1675,1404
2022-09-03,9호선,김포공항,7998,9752
2022-09-03,9호선,공항시장,2440,2468
2022-09-03,9호선,신방화,5125,4800
2022-09-03,9호선,마곡나루,9064,9044
2022-09-03,9호선,양천향교,6282,5869
2022-09-03,9호선,가양,16006,15315
2022-09-03,9호선,증미,4906,4616
2022-09-03,9호선,등촌,7907,7402
2022-09-03,9호선,염창,13111,11982
2022-09-03,9호선,신목동,2732,2257
2022-09-03,9호선,선유도,4551,4253
2022-09-03,9호선,당산,15583,15175
2022-09-03,9호선,국회의사당,5329,5311
2022-09-03,9호선,여의도,14141,13760
2022-09-03,9호선,샛강,3396,3174
2022-09-03,9호선,노량진,23396,23202
2022-09-03,9호선,노들,4137,3596
2022-09-03,9호선,흑석,6893,6726
2022-09-03,9호선,동작,1950,1705
2022-09-03,9호선,구반포,1004,1076
2022-09-03,9호선,신반포,4108,4716
2022-09-03,9호선,고속터미널,17300,23431
2022-09-03,9호선,사평,2794,2544
2022-09-03,9호선,신논현,28130,28549
2022-09-04,9호선,개화,955,859
2022-09-04,9호선,김포공항,6586,8395
2022-09-04,9호선,공항시장,1788,1924
2022-09-04,9호선,신방화,3554,3629
2022-09-04,9호선,마곡나루,5360,5415
2022-09-04,9호선,양천향교,3944,4155
2022-09-04,9호선,가양,10545,10155
2022-09-04,9호선,증미,3221,3217
2022-09-04,9호선,등촌,5105,5327
2022-09-04,9호선,염창,8736,8374
2022-09-04,9호선,신목동,1719,1589
2022-09-04,9호선,선유도,2683,2652
2022-09-04,9호선,당산,9985,9856
2022-09-04,9호선,국회의사당,5506,5163
2022-09-04,9호선,여의도,10188,8516
2022-09-04,9호선,샛강,1873,1773
2022-09-04,9호선,노량진,14356,15170
2022-09-04,9호선,노들,2638,2290
2022-09-04,9호선,흑석,3968,4268
2022-09-04,9호선,동작,1150,950
2022-09-04,9호선,구반포,421,417
2022-09-04,9호선,신반포,2061,2101
2022-09-04,9호선,고속터미널,10122,16031
2022-09-04,9호선,사평,1639,1731
2022-09-04,9호선,신논현,15343,14511
2022-09-05,9호선,증미,8125,8010
2022-09-05,9호선,신논현,26082,25395
2022-09-05,9호선,사평,4070,4198
2022-09-05,9호선,고속터미널,10549,14439
2022-09-05,9호선,신반포,3565,3599
2022-09-05,9호선,구반포,1112,1156
2022-09-05,9호선,동작,1607,1203
2022-09-05,9호선,흑석,10069,10468
2022-09-05,9호선,노들,4391,3975
2022-09-05,9호선,노량진,25031,24363
2022-09-05,9호선,샛강,6752,6371
2022-09-05,9호선,여의도,29850,27606
2022-09-05,9호선,국회의사당,19106,18866
2022-09-05,9호선,당산,18566,19066
2022-09-05,9호선,선유도,9758,9140
2022-09-05,9호선,신목동,4264,3825
2022-09-05,9호선,염창,17426,16902
2022-09-05,9호선,등촌,11994,11830
2022-09-05,9호선,가양,20886,20594
2022-09-05,9호선,마곡나루,12081,11718
2022-09-05,9호선,신방화,7016,7145
2022-09-05,9호선,공항시장,2945,3264
2022-09-05,9호선,김포공항,4637,4908
2022-09-05,9호선,개화,2722,1831
2022-09-05,9호선,양천향교,10276,10692
2022-09-06,9호선,신논현,28280,27753
2022-09-06,9호선,사평,4155,3831
2022-09-06,9호선,고속터미널,12476,15098
2022-09-06,9호선,신반포,3963,3724
2022-09-06,9호선,구반포,1569,1252
2022-09-06,9호선,동작,2654,1471
2022-09-06,9호선,흑석,12206,11848
2022-09-06,9호선,노들,5519,4193
2022-09-06,9호선,노량진,26276,25721
2022-09-06,9호선,샛강,6822,7264
2022-09-06,9호선,여의도,29225,30294
2022-09-06,9호선,국회의사당,17668,19325
2022-09-06,9호선,당산,19152,19691
2022-09-06,9호선,선유도,9089,8465
2022-09-06,9호선,신목동,4519,3893
2022-09-06,9호선,등촌,13121,11800
2022-09-06,9호선,증미,9051,8241
2022-09-06,9호선,가양,22821,21788
2022-09-06,9호선,양천향교,10434,10604
2022-09-06,9호선,마곡나루,12533,12478
2022-09-06,9호선,신방화,7133,6831
2022-09-06,9호선,공항시장,3056,3305
2022-09-06,9호선,김포공항,4772,7782
2022-09-06,9호선,개화,2855,1968
2022-09-06,9호선,염창,19297,17703
2022-09-07,9호선,개화,3061,2027
2022-09-07,9호선,김포공항,6177,11851
2022-09-07,9호선,공항시장,3241,3455
2022-09-07,9호선,신방화,7777,7466
2022-09-07,9호선,마곡나루,13851,13584
2022-09-07,9호선,양천향교,11083,11211
2022-09-07,9호선,가양,24161,23235
2022-09-07,9호선,증미,8774,8446
2022-09-07,9호선,등촌,13429,12735
2022-09-07,9호선,염창,19955,18703
2022-09-07,9호선,신목동,4967,4221
2022-09-07,9호선,선유도,10226,9463
2022-09-07,9호선,당산,21035,21218
2022-09-07,9호선,국회의사당,19311,20095
2022-09-07,9호선,여의도,32313,31414
2022-09-07,9호선,샛강,7319,7121
2022-09-07,9호선,노량진,29372,28661
2022-09-07,9호선,노들,5708,4669
2022-09-07,9호선,흑석,12131,11987
2022-09-07,9호선,동작,2287,1662
2022-09-07,9호선,구반포,1317,1340
2022-09-07,9호선,신반포,4252,4283
2022-09-07,9호선,고속터미널,13945,19514
2022-09-07,9호선,사평,4343,4075
2022-09-07,9호선,신논현,33372,32328
2022-09-08,9호선,개화,2818,1959
2022-09-08,9호선,김포공항,7402,13895
2022-09-08,9호선,공항시장,3193,3289
2022-09-08,9호선,신방화,7508,7066
2022-09-08,9호선,마곡나루,12904,12627
2022-09-08,9호선,양천향교,10625,10152
2022-09-08,9호선,가양,23547,21642
2022-09-08,9호선,증미,8387,7767
2022-09-08,9호선,등촌,12711,11844
2022-09-08,9호선,염창,19385,17655
2022-09-08,9호선,신목동,4675,3749
2022-09-08,9호선,선유도,9281,8316
2022-09-08,9호선,당산,20523,19603
2022-09-08,9호선,국회의사당,15612,16097
2022-09-08,9호선,여의도,30415,28344
2022-09-08,9호선,샛강,6556,6441
2022-09-08,9호선,노량진,29614,27597
2022-09-08,9호선,노들,5260,4179
2022-09-08,9호선,흑석,11755,11283
2022-09-08,9호선,동작,2362,1734
2022-09-08,9호선,구반포,1148,1162
2022-09-08,9호선,신반포,4171,4116
2022-09-08,9호선,고속터미널,16056,29543
2022-09-08,9호선,사평,4313,4051
2022-09-08,9호선,신논현,33012,32397
2022-09-09,9호선,개화,1113,1002
2022-09-09,9호선,김포공항,5970,13038
2022-09-09,9호선,공항시장,1641,1624
2022-09-09,9호선,신방화,3084,2834
2022-09-09,9호선,마곡나루,4832,4069
2022-09-09,9호선,양천향교,4042,3022
2022-09-09,9호선,가양,10021,8213
2022-09-09,9호선,증미,3086,2650
2022-09-09,9호선,등촌,5268,4504
2022-09-09,9호선,염창,8324,6520
2022-09-09,9호선,신목동,1635,1216
2022-09-09,9호선,선유도,2797,2197
2022-09-09,9호선,당산,8283,6920
2022-09-09,9호선,국회의사당,2102,1952
2022-09-09,9호선,여의도,5732,5568
2022-09-09,9호선,샛강,1717,1518
2022-09-09,9호선,노량진,15844,13382
2022-09-09,9호선,노들,2636,2029
2022-09-09,9호선,흑석,4088,3610
2022-09-09,9호선,동작,1617,1431
2022-09-09,9호선,구반포,305,272
2022-09-09,9호선,신반포,1762,1904
2022-09-09,9호선,고속터미널,8938,22901
2022-09-09,9호선,사평,1599,1419
2022-09-09,9호선,신논현,14239,13282
2022-09-10,9호선,신논현,7939,7771
2022-09-10,9호선,사평,1141,1104
2022-09-10,9호선,고속터미널,7526,10271
2022-09-10,9호선,신반포,1367,1691
2022-09-10,9호선,구반포,208,205
2022-09-10,9호선,동작,2967,2368
2022-09-10,9호선,흑석,3057,2828
2022-09-10,9호선,노들,1816,1580
2022-09-10,9호선,노량진,10332,10573
2022-09-10,9호선,샛강,1184,1098
2022-09-10,9호선,여의도,3755,3718
2022-09-10,9호선,국회의사당,1416,1284
2022-09-10,9호선,당산,5511,5437
2022-09-10,9호선,선유도,1955,1813
2022-09-10,9호선,신목동,1354,1214
2022-09-10,9호선,염창,5861,5791
2022-09-10,9호선,등촌,3506,3403
2022-09-10,9호선,증미,2034,1991
2022-09-10,9호선,가양,7348,7202
2022-09-10,9호선,양천향교,2643,2592
2022-09-10,9호선,마곡나루,3443,3408
2022-09-10,9호선,신방화,2464,2459
2022-09-10,9호선,공항시장,1207,1349
2022-09-10,9호선,김포공항,5562,9552
2022-09-10,9호선,개화,678,566
2022-09-11,9호선,신논현,11783,12506
2022-09-11,9호선,사평,1489,1526
2022-09-11,9호선,고속터미널,13096,12570
2022-09-11,9호선,신반포,1923,2069
2022-09-11,9호선,구반포,328,281
2022-09-11,9호선,동작,1650,1459
2022-09-11,9호선,흑석,3508,3680
2022-09-11,9호선,노들,2477,2215
2022-09-11,9호선,노량진,11887,14171
2022-09-11,9호선,샛강,1665,1510
2022-09-11,9호선,여의도,8913,8344
2022-09-11,9호선,국회의사당,3312,3240
2022-09-11,9호선,당산,7140,7776
2022-09-11,9호선,선유도,2310,2643
2022-09-11,9호선,신목동,1602,1494
2022-09-11,9호선,염창,7139,7775
2022-09-11,9호선,등촌,4099,4640
2022-09-11,9호선,증미,2090,2188
2022-09-11,9호선,가양,8774,9307
2022-09-11,9호선,양천향교,3375,3686
2022-09-11,9호선,마곡나루,4327,4980
2022-09-11,9호선,신방화,3004,3005
2022-09-11,9호선,공항시장,1458,1688
2022-09-11,9호선,김포공항,7615,10095
2022-09-11,9호선,개화,1169,1050
2022-09-12,9호선,여의도,8616,8566
2022-09-12,9호선,샛강,1926,1868
2022-09-12,9호선,노량진,14237,16850
2022-09-12,9호선,노들,2486,2313
2022-09-12,9호선,흑석,3802,4406
2022-09-12,9호선,동작,1470,1286
2022-09-12,9호선,구반포,385,377
2022-09-12,9호선,신반포,1717,1867
2022-09-12,9호선,고속터미널,15656,15989
2022-09-12,9호선,사평,1555,1616
2022-09-12,9호선,신논현,14988,15009
2022-09-12,9호선,국회의사당,2246,2414
2022-09-12,9호선,당산,8583,9379
2022-09-12,9호선,선유도,2724,2960
2022-09-12,9호선,신목동,1854,1679
2022-09-12,9호선,염창,8180,8624
2022-09-12,9호선,등촌,4745,5360
2022-09-12,9호선,증미,2815,3075
2022-09-12,9호선,가양,9460,9972
2022-09-12,9호선,양천향교,3642,4364
2022-09-12,9호선,마곡나루,4857,5400
2022-09-12,9호선,신방화,3244,3205
2022-09-12,9호선,공항시장,1618,1832
2022-09-12,9호선,김포공항,8932,10995
2022-09-12,9호선,개화,1226,1105
2022-09-13,9호선,구반포,1185,1176
2022-09-13,9호선,신반포,3746,3790
2022-09-13,9호선,고속터미널,13804,15965
2022-09-13,9호선,사평,3832,3814
2022-09-13,9호선,신논현,29328,29073
2022-09-13,9호선,노량진,26177,26579
2022-09-13,9호선,노들,4654,4021
2022-09-13,9호선,흑석,10558,11113
2022-09-13,9호선,동작,1883,1419
2022-09-13,9호선,샛강,6120,6235
2022-09-13,9호선,여의도,28136,27175
2022-09-13,9호선,국회의사당,16175,16743
2022-09-13,9호선,당산,18371,19267
2022-09-13,9호선,선유도,8646,8118
2022-09-13,9호선,신목동,4439,3936
2022-09-13,9호선,염창,17867,17493
2022-09-13,9호선,등촌,11704,11557
2022-09-13,9호선,증미,7830,7693
2022-09-13,9호선,가양,21614,21120
2022-09-13,9호선,양천향교,9790,10309
2022-09-13,9호선,마곡나루,12023,12229
2022-09-13,9호선,신방화,7141,6984
2022-09-13,9호선,공항시장,2997,3305
2022-09-13,9호선,김포공항,7432,9556
2022-09-13,9호선,개화,2794,1874
2022-09-14,9호선,신논현,31374,30752
2022-09-14,9호선,사평,4237,4031
2022-09-14,9호선,고속터미널,13276,16416
2022-09-14,9호선,신반포,4184,4047
2022-09-14,9호선,구반포,1332,1365
2022-09-14,9호선,동작,1809,1455
2022-09-14,9호선,흑석,11054,11297
2022-09-14,9호선,노들,5006,4173
2022-09-14,9호선,노량진,27651,27766
2022-09-14,9호선,샛강,6806,6832
2022-09-14,9호선,여의도,30506,29806
2022-09-14,9호선,국회의사당,18307,18964
2022-09-14,9호선,당산,19917,20573
2022-09-14,9호선,선유도,9681,9338
2022-09-14,9호선,신목동,4747,4093
2022-09-14,9호선,염창,19115,18535
2022-09-14,9호선,등촌,12514,12016
2022-09-14,9호선,증미,8199,7883
2022-09-14,9호선,가양,22975,22499
2022-09-14,9호선,양천향교,10603,10952
2022-09-14,9호선,마곡나루,13184,13202
2022-09-14,9호선,신방화,7493,7267
2022-09-14,9호선,공항시장,3202,3430
2022-09-14,9호선,김포공항,7024,9622
2022-09-14,9호선,개화,2993,1978
2022-09-15,9호선,개화,3127,2146
2022-09-15,9호선,김포공항,6589,10408
2022-09-15,9호선,공항시장,3230,3453
2022-09-15,9호선,신방화,7523,7297
2022-09-15,9호선,마곡나루,13467,13439
2022-09-15,9호선,양천향교,10600,10952
2022-09-15,9호선,가양,23257,22672
2022-09-15,9호선,증미,8268,8002
2022-09-15,9호선,등촌,12522,12017
2022-09-15,9호선,염창,19356,18673
2022-09-15,9호선,신목동,4866,4280
2022-09-15,9호선,선유도,9714,9213
2022-09-15,9호선,당산,20410,20958
2022-09-15,9호선,국회의사당,18654,19640
2022-09-15,9호선,여의도,31178,30310
2022-09-15,9호선,샛강,6767,6906
2022-09-15,9호선,노량진,27965,28070
2022-09-15,9호선,노들,5126,4190
2022-09-15,9호선,흑석,11213,11450
2022-09-15,9호선,동작,1997,1469
2022-09-15,9호선,구반포,1215,1277
2022-09-15,9호선,신반포,4206,4280
2022-09-15,9호선,고속터미널,13905,16613
2022-09-15,9호선,사평,4177,4038
2022-09-15,9호선,신논현,31888,31533
2022-09-16,9호선,신논현,34801,35603
2022-09-16,9호선,사평,4356,4274
2022-09-16,9호선,고속터미널,15573,20724
2022-09-16,9호선,신반포,4328,4252
2022-09-16,9호선,구반포,1343,1343
2022-09-16,9호선,동작,1982,1441
2022-09-16,9호선,흑석,11199,11420
2022-09-16,9호선,노들,5203,4272
2022-09-16,9호선,노량진,29885,29351
2022-09-16,9호선,샛강,6982,7050
2022-09-16,9호선,여의도,32417,30095
2022-09-16,9호선,국회의사당,19392,19480
2022-09-16,9호선,당산,21170,21358
2022-09-16,9호선,선유도,9989,9236
2022-09-16,9호선,신목동,4912,4102
2022-09-16,9호선,염창,19562,19002
2022-09-16,9호선,등촌,12682,12185
2022-09-16,9호선,증미,8413,7993
2022-09-16,9호선,가양,23491,22537
2022-09-16,9호선,양천향교,11042,11127
2022-09-16,9호선,마곡나루,13927,13790
2022-09-16,9호선,신방화,7754,7570
2022-09-16,9호선,공항시장,3294,3498
2022-09-16,9호선,김포공항,7969,12293
2022-09-16,9호선,개화,3059,2092
2022-09-17,9호선,샛강,3225,3110
2022-09-17,9호선,신논현,29545,30126
2022-09-17,9호선,사평,2706,2469
2022-09-17,9호선,고속터미널,20034,27333
2022-09-17,9호선,신반포,4724,5702
2022-09-17,9호선,구반포,1265,1327
2022-09-17,9호선,동작,1755,1534
2022-09-17,9호선,흑석,7146,6918
2022-09-17,9호선,노들,4072,3462
2022-09-17,9호선,노량진,23895,23751
2022-09-17,9호선,여의도,14953,14281
2022-09-17,9호선,국회의사당,5331,5454
2022-09-17,9호선,당산,16241,15814
2022-09-17,9호선,선유도,4593,4282
2022-09-17,9호선,신목동,2795,2372
2022-09-17,9호선,염창,13620,12510
2022-09-17,9호선,등촌,7698,7163
2022-09-17,9호선,증미,4272,4062
2022-09-17,9호선,가양,16229,15326
2022-09-17,9호선,양천향교,6686,6289
2022-09-17,9호선,마곡나루,9132,9131
2022-09-17,9호선,신방화,5328,4955
2022-09-17,9호선,공항시장,2413,2508
2022-09-17,9호선,김포공항,8075,11846
2022-09-17,9호선,개화,1623,1373
2022-09-18,9호선,개화,1166,1062
2022-09-18,9호선,김포공항,7415,10442
2022-09-18,9호선,공항시장,1958,2090
2022-09-18,9호선,신방화,3792,3718
2022-09-18,9호선,마곡나루,6436,6409
2022-09-18,9호선,양천향교,4485,4463
2022-09-18,9호선,가양,12367,12132
2022-09-18,9호선,증미,3292,3244
2022-09-18,9호선,등촌,5649,5422
2022-09-18,9호선,염창,9778,9567
2022-09-18,9호선,신목동,2127,1795
2022-09-18,9호선,선유도,3073,3031
2022-09-18,9호선,당산,12145,12403
2022-09-18,9호선,국회의사당,5977,5654
2022-09-18,9호선,여의도,10942,9792
2022-09-18,9호선,노량진,16589,17247
2022-09-18,9호선,노들,3289,2768
2022-09-18,9호선,흑석,4453,4565
2022-09-18,9호선,동작,1529,1319
2022-09-18,9호선,구반포,499,524
2022-09-18,9호선,신반포,2833,3477
2022-09-18,9호선,고속터미널,14640,22042
2022-09-18,9호선,사평,1764,1769
2022-09-18,9호선,신논현,19089,17703
2022-09-18,9호선,샛강,2102,2101
2022-09-19,9호선,개화,3006,2000
2022-09-19,9호선,김포공항,6079,9437
2022-09-19,9호선,공항시장,3135,3367
2022-09-19,9호선,신방화,7356,7141
2022-09-19,9호선,마곡나루,12755,12859
2022-09-19,9호선,양천향교,10363,10785
2022-09-19,9호선,가양,22869,21992
2022-09-19,9호선,증미,8156,7817
2022-09-19,9호선,등촌,12555,11984
2022-09-19,9호선,염창,19074,18114
2022-09-19,9호선,신목동,4980,4160
2022-09-19,9호선,선유도,9598,9001
2022-09-19,9호선,당산,19619,20349
2022-09-19,9호선,국회의사당,17494,18243
2022-09-19,9호선,여의도,30395,29505
2022-09-19,9호선,샛강,6607,6700
2022-09-19,9호선,노량진,27195,27044
2022-09-19,9호선,노들,5018,4190
2022-09-19,9호선,흑석,10727,11144
2022-09-19,9호선,동작,1850,1388
2022-09-19,9호선,구반포,1291,1312
2022-09-19,9호선,신반포,4008,3908
2022-09-19,9호선,고속터미널,13152,17446
2022-09-19,9호선,사평,4061,3932
2022-09-19,9호선,신논현,30933,30326
2022-09-20,9호선,개화,3056,2072
2022-09-20,9호선,김포공항,6694,10136
2022-09-20,9호선,공항시장,3162,3537
2022-09-20,9호선,신방화,7574,7317
2022-09-20,9호선,마곡나루,13733,13608
2022-09-20,9호선,양천향교,10833,11225
2022-09-20,9호선,가양,23507,22611
2022-09-20,9호선,증미,8421,8082
2022-09-20,9호선,등촌,12638,12106
2022-09-20,9호선,염창,19528,18749
2022-09-20,9호선,신목동,5022,4259
2022-09-20,9호선,선유도,9864,9240
2022-09-20,9호선,당산,20339,20990
2022-09-20,9호선,국회의사당,18069,18965
2022-09-20,9호선,여의도,31363,30607
2022-09-20,9호선,샛강,6753,6822
2022-09-20,9호선,노량진,28236,27746
2022-09-20,9호선,노들,5136,4319
2022-09-20,9호선,흑석,11408,11599
2022-09-20,9호선,동작,1999,1509
2022-09-20,9호선,구반포,1231,1346
2022-09-20,9호선,신반포,4271,4297
2022-09-20,9호선,고속터미널,13558,17024
2022-09-20,9호선,사평,4206,4041
2022-09-20,9호선,신논현,32148,31355
2022-09-21,9호선,신논현,32139,31539
2022-09-21,9호선,사평,4193,4007
2022-09-21,9호선,고속터미널,13985,17598
2022-09-21,9호선,신반포,4224,4232
2022-09-21,9호선,구반포,1412,1434
2022-09-21,9호선,동작,2054,1509
2022-09-21,9호선,흑석,11105,11324
2022-09-21,9호선,노들,5379,4583
2022-09-21,9호선,노량진,28507,28070
2022-09-21,9호선,여의도,31141,30773
2022-09-21,9호선,국회의사당,18325,19213
2022-09-21,9호선,당산,20591,20970
2022-09-21,9호선,선유도,9706,9156
2022-09-21,9호선,신목동,5120,4259
2022-09-21,9호선,염창,19725,19067
2022-09-21,9호선,등촌,12876,12143
2022-09-21,9호선,증미,8162,7851
2022-09-21,9호선,가양,23771,23060
2022-09-21,9호선,양천향교,10792,10917
2022-09-21,9호선,마곡나루,13838,13387
2022-09-21,9호선,신방화,7600,7430
2022-09-21,9호선,공항시장,3325,3570
2022-09-21,9호선,김포공항,7155,10969
2022-09-21,9호선,개화,3150,2159
2022-09-21,9호선,샛강,7098,7247
2022-09-22,9호선,개화,3047,2120
2022-09-22,9호선,김포공항,7318,11132
2022-09-22,9호선,공항시장,3188,3452
2022-09-22,9호선,신방화,7591,7229
2022-09-22,9호선,마곡나루,13767,13667
2022-09-22,9호선,양천향교,10731,11077
2022-09-22,9호선,가양,23640,23081
2022-09-22,9호선,증미,8038,7876
2022-09-22,9호선,등촌,12964,12024
2022-09-22,9호선,염창,19479,18646
2022-09-22,9호선,신목동,5012,4277
2022-09-22,9호선,선유도,9530,9082
2022-09-22,9호선,당산,20617,21151
2022-09-22,9호선,국회의사당,18644,19608
2022-09-22,9호선,여의도,31254,30606
2022-09-22,9호선,샛강,7018,6975
2022-09-22,9호선,노량진,28968,28375
2022-09-22,9호선,노들,5247,4368
2022-09-22,9호선,흑석,11650,11783
2022-09-22,9호선,동작,1928,1430
2022-09-22,9호선,구반포,1272,1279
2022-09-22,9호선,신반포,4209,4227
2022-09-22,9호선,고속터미널,14320,17725
2022-09-22,9호선,사평,4194,4027
2022-09-22,9호선,신논현,32161,31458
2022-09-23,9호선,개화,3004,2065
2022-09-23,9호선,김포공항,8540,13156
2022-09-23,9호선,공항시장,3277,3477
2022-09-23,9호선,신방화,7820,7350
2022-09-23,9호선,마곡나루,14156,13946
2022-09-23,9호선,양천향교,10897,10904
2022-09-23,9호선,가양,24085,23161
2022-09-23,9호선,증미,8201,7741
2022-09-23,9호선,등촌,12930,12129
2022-09-23,9호선,염창,19887,19125
2022-09-23,9호선,신목동,5120,4275
2022-09-23,9호선,선유도,9536,8768
2022-09-23,9호선,당산,21281,21782
2022-09-23,9호선,국회의사당,19323,19627
2022-09-23,9호선,여의도,32949,31222
2022-09-23,9호선,샛강,6863,7035
2022-09-23,9호선,노량진,30035,29249
2022-09-23,9호선,노들,5389,4491
2022-09-23,9호선,흑석,11575,11652
2022-09-23,9호선,동작,1974,1520
2022-09-23,9호선,구반포,1344,1379
2022-09-23,9호선,신반포,4539,4779
2022-09-23,9호선,고속터미널,16986,22204
2022-09-23,9호선,사평,4390,4146
2022-09-23,9호선,신논현,36016,36286
2022-09-24,9호선,개화,1775,1591
2022-09-24,9호선,김포공항,8588,12600
2022-09-24,9호선,공항시장,2465,2586
2022-09-24,9호선,신방화,5518,4951
2022-09-24,9호선,마곡나루,9668,9478
2022-09-24,9호선,양천향교,6600,6308
2022-09-24,9호선,가양,16556,15736
2022-09-24,9호선,증미,3975,3614
2022-09-24,9호선,등촌,8120,7474
2022-09-24,9호선,염창,14087,12783
2022-09-24,9호선,신목동,3164,2534
2022-09-24,9호선,선유도,4946,4622
2022-09-24,9호선,당산,16448,15461
2022-09-24,9호선,국회의사당,6108,6361
2022-09-24,9호선,여의도,15312,14962
2022-09-24,9호선,샛강,3445,3218
2022-09-24,9호선,노량진,25074,24999
2022-09-24,9호선,노들,4808,4224
2022-09-24,9호선,흑석,7435,7034
2022-09-24,9호선,동작,1773,1551
2022-09-24,9호선,구반포,1277,1395
2022-09-24,9호선,신반포,4861,5980
2022-09-24,9호선,고속터미널,20808,28334
2022-09-24,9호선,사평,2859,2585
2022-09-24,9호선,신논현,29436,29557
2022-09-25,9호선,개화,1302,1161
2022-09-25,9호선,김포공항,7315,11302
2022-09-25,9호선,공항시장,1893,2082
2022-09-25,9호선,신방화,3791,3686
2022-09-25,9호선,마곡나루,6505,6417
2022-09-25,9호선,양천향교,4642,4784
2022-09-25,9호선,가양,12495,12181
2022-09-25,9호선,증미,2710,2574
2022-09-25,9호선,등촌,5704,5604
2022-09-25,9호선,염창,9984,9466
2022-09-25,9호선,신목동,2127,1862
2022-09-25,9호선,선유도,3378,3329
2022-09-25,9호선,당산,11593,11197
2022-09-25,9호선,국회의사당,8239,8046
2022-09-25,9호선,여의도,11632,10474
2022-09-25,9호선,샛강,2293,2146
2022-09-25,9호선,노량진,17139,18170
2022-09-25,9호선,노들,3540,3037
2022-09-25,9호선,흑석,4745,4883
2022-09-25,9호선,동작,1355,1079
2022-09-25,9호선,구반포,645,630
2022-09-25,9호선,신반포,3166,3864
2022-09-25,9호선,고속터미널,15345,21812
2022-09-25,9호선,사평,1781,1818
2022-09-25,9호선,신논현,18054,17136
2022-09-26,9호선,신방화,7387,7235
2022-09-26,9호선,개화,3076,2003
2022-09-26,9호선,김포공항,7178,10753
2022-09-26,9호선,공항시장,3131,3396
2022-09-26,9호선,마곡나루,13228,13167
2022-09-26,9호선,양천향교,10432,10635
2022-09-26,9호선,가양,23136,22521
2022-09-26,9호선,증미,7675,7340
2022-09-26,9호선,등촌,12720,11990
2022-09-26,9호선,염창,18919,18297
2022-09-26,9호선,신목동,4883,4170
2022-09-26,9호선,선유도,9565,9150
2022-09-26,9호선,당산,19864,20119
2022-09-26,9호선,국회의사당,17180,18232
2022-09-26,9호선,여의도,30219,29794
2022-09-26,9호선,샛강,6534,6651
2022-09-26,9호선,노량진,27547,27214
2022-09-26,9호선,노들,5067,4149
2022-09-26,9호선,흑석,11047,11485
2022-09-26,9호선,동작,1881,1426
2022-09-26,9호선,구반포,1305,1356
2022-09-26,9호선,신반포,4161,4129
2022-09-26,9호선,고속터미널,13450,17287
2022-09-26,9호선,사평,4143,3967
2022-09-26,9호선,신논현,30999,29988
2022-09-27,9호선,신논현,32220,31147
2022-09-27,9호선,사평,4180,4034
2022-09-27,9호선,고속터미널,13772,17193
2022-09-27,9호선,신반포,4490,4359
2022-09-27,9호선,구반포,1323,1344
2022-09-27,9호선,동작,1931,1443
2022-09-27,9호선,흑석,11565,11829
2022-09-27,9호선,노들,5169,4289
2022-09-27,9호선,노량진,28219,27924
2022-09-27,9호선,샛강,6953,6996
2022-09-27,9호선,여의도,30788,30463
2022-09-27,9호선,국회의사당,18505,19616
2022-09-27,9호선,당산,20316,21165
2022-09-27,9호선,선유도,9715,9005
2022-09-27,9호선,신목동,4952,4260
2022-09-27,9호선,염창,19606,18913
2022-09-27,9호선,등촌,12879,12203
2022-09-27,9호선,증미,7862,7439
2022-09-27,9호선,가양,23522,22673
2022-09-27,9호선,양천향교,10722,10990
2022-09-27,9호선,마곡나루,13910,13792
2022-09-27,9호선,신방화,7729,7415
2022-09-27,9호선,공항시장,3231,3474
2022-09-27,9호선,김포공항,7407,10641
2022-09-27,9호선,개화,3068,2077
2022-09-28,9호선,개화,3071,2072
2022-09-28,9호선,김포공항,6948,11124
2022-09-28,9호선,공항시장,3254,3527
2022-09-28,9호선,신방화,7560,7259
2022-09-28,9호선,마곡나루,13935,13730
2022-09-28,9호선,양천향교,10752,10902
2022-09-28,9호선,가양,23468,22886
2022-09-28,9호선,증미,7795,7374
2022-09-28,9호선,등촌,12834,12005
2022-09-28,9호선,염창,19578,18900
2022-09-28,9호선,신목동,5101,4322
2022-09-28,9호선,선유도,9740,9296
2022-09-28,9호선,당산,20584,20984
2022-09-28,9호선,국회의사당,19073,19495
2022-09-28,9호선,여의도,31301,30890
2022-09-28,9호선,샛강,6969,6986
2022-09-28,9호선,노량진,28373,28192
2022-09-28,9호선,노들,5223,4431
2022-09-28,9호선,흑석,11395,11559
2022-09-28,9호선,동작,2052,1588
2022-09-28,9호선,구반포,1342,1361
2022-09-28,9호선,신반포,4644,4416
2022-09-28,9호선,고속터미널,13777,17260
2022-09-28,9호선,사평,4254,4035
2022-09-28,9호선,신논현,31646,30934
2022-09-29,9호선,신논현,32522,31576
2022-09-29,9호선,사평,4403,4152
2022-09-29,9호선,고속터미널,14349,17798
2022-09-29,9호선,신반포,4369,4402
2022-09-29,9호선,구반포,1817,1870
2022-09-29,9호선,동작,2264,1804
2022-09-29,9호선,흑석,11716,11840
2022-09-29,9호선,노들,5302,4324
2022-09-29,9호선,노량진,28736,28367
2022-09-29,9호선,샛강,6791,6885
2022-09-29,9호선,여의도,30962,30548
2022-09-29,9호선,국회의사당,17737,18659
2022-09-29,9호선,당산,20826,21146
2022-09-29,9호선,선유도,9723,9233
2022-09-29,9호선,신목동,4926,4268
2022-09-29,9호선,염창,19612,18793
2022-09-29,9호선,등촌,12629,12053
2022-09-29,9호선,증미,7759,7293
2022-09-29,9호선,가양,23507,22671
2022-09-29,9호선,양천향교,10640,10798
2022-09-29,9호선,마곡나루,13970,13583
2022-09-29,9호선,신방화,7456,7318
2022-09-29,9호선,공항시장,3259,3462
2022-09-29,9호선,김포공항,7298,11162
2022-09-29,9호선,개화,2980,1965
2022-09-30,9호선,개화,3100,2065
2022-09-30,9호선,김포공항,8903,13502
2022-09-30,9호선,공항시장,3306,3512
2022-09-30,9호선,신방화,7745,7408
2022-09-30,9호선,마곡나루,14084,13729
2022-09-30,9호선,양천향교,11488,11246
2022-09-30,9호선,가양,24766,23811
2022-09-30,9호선,증미,7924,7290
2022-09-30,9호선,등촌,12953,12166
2022-09-30,9호선,염창,20023,18750
2022-09-30,9호선,신목동,4927,4194
2022-09-30,9호선,선유도,9819,9115
2022-09-30,9호선,당산,21472,21598
2022-09-30,9호선,국회의사당,19201,19730
2022-09-30,9호선,여의도,31959,30266
2022-09-30,9호선,샛강,6674,6844
2022-09-30,9호선,노량진,29956,29702
2022-09-30,9호선,노들,5437,4443
2022-09-30,9호선,흑석,12746,13047
2022-09-30,9호선,동작,2022,1506
2022-09-30,9호선,구반포,1347,1386
2022-09-30,9호선,신반포,4722,4669
2022-09-30,9호선,고속터미널,16991,23775
2022-09-30,9호선,사평,4637,4219
2022-09-30,9호선,신논현,34864,35109
2022-10-01,9호선,노량진,24003,23976
2022-10-01,9호선,샛강,3289,3091
2022-10-01,9호선,여의도,13963,13355
2022-10-01,9호선,국회의사당,5334,5650
2022-10-01,9호선,당산,14702,13533
2022-10-01,9호선,선유도,4739,4337
2022-10-01,9호선,신목동,2678,2301
2022-10-01,9호선,염창,13450,12021
2022-10-01,9호선,등촌,7676,7120
2022-10-01,9호선,증미,3962,3484
2022-10-01,9호선,가양,16395,15578
2022-10-01,9호선,양천향교,6289,5769
2022-10-01,9호선,마곡나루,8818,8628
2022-10-01,9호선,신방화,4987,4709
2022-10-01,9호선,공항시장,2396,2394
2022-10-01,9호선,김포공항,8402,12643
2022-10-01,9호선,개화,1650,1373
2022-10-01,9호선,신논현,26525,26686
2022-10-01,9호선,사평,2668,2311
2022-10-01,9호선,고속터미널,17011,26592
2022-10-01,9호선,신반포,3986,4040
2022-10-01,9호선,구반포,1361,1383
2022-10-01,9호선,동작,1664,1313
2022-10-01,9호선,흑석,7003,6621
2022-10-01,9호선,노들,4467,3831
2022-10-02,9호선,개화,1269,1117
2022-10-02,9호선,김포공항,7261,11501
2022-10-02,9호선,공항시장,1870,1951
2022-10-02,9호선,신방화,3747,3667
2022-10-02,9호선,마곡나루,6429,6276
2022-10-02,9호선,양천향교,4658,4574
2022-10-02,9호선,가양,13365,12509
2022-10-02,9호선,증미,2773,2606
2022-10-02,9호선,등촌,5481,5544
2022-10-02,9호선,염창,9487,9089
2022-10-02,9호선,신목동,1968,1737
2022-10-02,9호선,선유도,3066,3047
2022-10-02,9호선,당산,10639,10012
2022-10-02,9호선,국회의사당,6146,5804
2022-10-02,9호선,여의도,12542,10308
2022-10-02,9호선,샛강,2104,1951
2022-10-02,9호선,노량진,17302,17883
2022-10-02,9호선,노들,3108,2699
2022-10-02,9호선,흑석,4316,4399
2022-10-02,9호선,동작,1212,1082
2022-10-02,9호선,구반포,532,532
2022-10-02,9호선,신반포,2378,2425
2022-10-02,9호선,고속터미널,12327,18169
2022-10-02,9호선,사평,1767,1784
2022-10-02,9호선,신논현,17323,17150
2022-10-03,9호선,개화,1020,922
2022-10-03,9호선,김포공항,7120,10786
2022-10-03,9호선,공항시장,1730,1921
2022-10-03,9호선,신방화,3154,3180
2022-10-03,9호선,마곡나루,5151,5364
2022-10-03,9호선,양천향교,4035,4255
2022-10-03,9호선,가양,9205,9173
2022-10-03,9호선,증미,2454,2470
2022-10-03,9호선,등촌,4852,5024
2022-10-03,9호선,염창,7932,7933
2022-10-03,9호선,신목동,1606,1431
2022-10-03,9호선,선유도,2568,2582
2022-10-03,9호선,당산,8632,8688
2022-10-03,9호선,국회의사당,3953,4040
2022-10-03,9호선,여의도,10229,8489
2022-10-03,9호선,샛강,1905,1786
2022-10-03,9호선,노량진,15439,16375
2022-10-03,9호선,노들,2165,1920
2022-10-03,9호선,흑석,3999,4299
2022-10-03,9호선,동작,914,737
2022-10-03,9호선,구반포,485,500
2022-10-03,9호선,신반포,1413,1519
2022-10-03,9호선,고속터미널,11426,17026
2022-10-03,9호선,사평,1722,1816
2022-10-03,9호선,신논현,14069,13343
2022-10-04,9호선,신논현,30889,30634
2022-10-04,9호선,사평,4230,4145
2022-10-04,9호선,고속터미널,13292,16572
2022-10-04,9호선,신반포,3946,3926
2022-10-04,9호선,구반포,1270,1347
2022-10-04,9호선,동작,1871,1440
2022-10-04,9호선,흑석,10942,11330
2022-10-04,9호선,노들,4918,4123
2022-10-04,9호선,노량진,27651,27536
2022-10-04,9호선,샛강,6803,6804
2022-10-04,9호선,여의도,30295,29595
2022-10-04,9호선,국회의사당,16964,17970
2022-10-04,9호선,당산,19892,20485
2022-10-04,9호선,선유도,9589,9133
2022-10-04,9호선,신목동,4745,4084
2022-10-04,9호선,염창,19302,18692
2022-10-04,9호선,등촌,12632,12063
2022-10-04,9호선,증미,7654,7297
2022-10-04,9호선,가양,23400,22883
2022-10-04,9호선,양천향교,10693,11071
2022-10-04,9호선,마곡나루,13209,13135
2022-10-04,9호선,신방화,7438,7314
2022-10-04,9호선,공항시장,3118,3372
2022-10-04,9호선,김포공항,7296,9872
2022-10-04,9호선,개화,3117,2044
2022-10-05,9호선,선유도,9796,9286
2022-10-05,9호선,당산,20820,21117
2022-10-05,9호선,국회의사당,18114,18827
2022-10-05,9호선,여의도,31176,30499
2022-10-05,9호선,샛강,7156,7000
2022-10-05,9호선,노량진,28668,28137
2022-10-05,9호선,노들,5305,4499
2022-10-05,9호선,흑석,11158,11252
2022-10-05,9호선,동작,1879,1368
2022-10-05,9호선,구반포,1360,1396
2022-10-05,9호선,신반포,4294,4300
2022-10-05,9호선,고속터미널,13457,16981
2022-10-05,9호선,사평,4193,4038
2022-10-05,9호선,신논현,32276,31380
2022-10-05,9호선,개화,3119,2085
2022-10-05,9호선,김포공항,7099,10963
2022-10-05,9호선,공항시장,3179,3447
2022-10-05,9호선,신방화,7632,7224
2022-10-05,9호선,마곡나루,13826,13909
2022-10-05,9호선,양천향교,10831,11061
2022-10-05,9호선,가양,23693,23452
2022-10-05,9호선,증미,7840,7331
2022-10-05,9호선,등촌,12990,12258
2022-10-05,9호선,염창,19542,19017
2022-10-05,9호선,신목동,4995,4308
2022-10-06,9호선,개화,3078,2061
2022-10-06,9호선,김포공항,7275,11885
2022-10-06,9호선,공항시장,3230,3445
2022-10-06,9호선,신방화,7636,7331
2022-10-06,9호선,마곡나루,13743,13698
2022-10-06,9호선,양천향교,10859,11008
2022-10-06,9호선,가양,24146,23636
2022-10-06,9호선,증미,7994,7475
2022-10-06,9호선,등촌,13038,12337
2022-10-06,9호선,염창,19699,18991
2022-10-06,9호선,신목동,5413,4668
2022-10-06,9호선,선유도,9716,9173
2022-10-06,9호선,당산,20628,21133
2022-10-06,9호선,국회의사당,18512,19096
2022-10-06,9호선,여의도,31512,30728
2022-10-06,9호선,샛강,7156,7056
2022-10-06,9호선,노량진,28944,28622
2022-10-06,9호선,노들,5139,4291
2022-10-06,9호선,흑석,11174,11437
2022-10-06,9호선,동작,2239,1771
2022-10-06,9호선,구반포,1328,1354
2022-10-06,9호선,신반포,4319,4291
2022-10-06,9호선,고속터미널,14225,17806
2022-10-06,9호선,사평,4873,4477
2022-10-06,9호선,신논현,32782,32404
2022-10-07,9호선,당산,21661,21682
2022-10-07,9호선,선유도,9953,9169
2022-10-07,9호선,신목동,5161,4334
2022-10-07,9호선,염창,20159,19177
2022-10-07,9호선,등촌,13043,12199
2022-10-07,9호선,증미,8021,7279
2022-10-07,9호선,가양,24540,23631
2022-10-07,9호선,양천향교,11024,11001
2022-10-07,9호선,마곡나루,14069,14097
2022-10-07,9호선,신방화,7743,7537
2022-10-07,9호선,공항시장,3328,3524
2022-10-07,9호선,김포공항,9115,13612
2022-10-07,9호선,개화,3067,2094
2022-10-07,9호선,신논현,35985,36322
2022-10-07,9호선,사평,4531,4242
2022-10-07,9호선,고속터미널,17713,24709
2022-10-07,9호선,신반포,4524,4605
2022-10-07,9호선,구반포,1369,1344
2022-10-07,9호선,동작,2159,1759
2022-10-07,9호선,흑석,11162,11249
2022-10-07,9호선,노들,5303,4385
2022-10-07,9호선,노량진,30460,29595
2022-10-07,9호선,샛강,7239,7246
2022-10-07,9호선,여의도,32618,30904
2022-10-07,9호선,국회의사당,18879,19091
2022-10-08,9호선,신논현,31783,31230
2022-10-08,9호선,사평,3300,2858
2022-10-08,9호선,고속터미널,20349,29947
2022-10-08,9호선,신반포,5007,5151
2022-10-08,9호선,구반포,1507,1512
2022-10-08,9호선,동작,2583,2149
2022-10-08,9호선,흑석,9538,9084
2022-10-08,9호선,노들,14048,15355
2022-10-08,9호선,노량진,30652,33029
2022-10-08,9호선,샛강,19654,10974
2022-10-08,9호선,여의도,35719,31173
2022-10-08,9호선,국회의사당,14623,8011
2022-10-08,9호선,당산,17719,16836
2022-10-08,9호선,선유도,6095,6261
2022-10-08,9호선,신목동,3525,2960
2022-10-08,9호선,염창,14936,13943
2022-10-08,9호선,등촌,8874,7933
2022-10-08,9호선,증미,4224,3764
2022-10-08,9호선,가양,17195,16474
2022-10-08,9호선,양천향교,7085,6661
2022-10-08,9호선,마곡나루,10171,9817
2022-10-08,9호선,신방화,5532,5157
2022-10-08,9호선,공항시장,2499,2583
2022-10-08,9호선,김포공항,9147,13591
2022-10-08,9호선,개화,2055,1708
2022-10-09,9호선,개화,1161,960
2022-10-09,9호선,김포공항,7529,11616
2022-10-09,9호선,공항시장,1730,1817
2022-10-09,9호선,신방화,3576,3503
2022-10-09,9호선,마곡나루,6087,5963
2022-10-09,9호선,양천향교,4294,4234
2022-10-09,9호선,가양,11502,10720
2022-10-09,9호선,증미,2668,2549
2022-10-09,9호선,등촌,5165,5032
2022-10-09,9호선,염창,9104,8792
2022-10-09,9호선,신목동,1784,1561
2022-10-09,9호선,선유도,3006,2827
2022-10-09,9호선,당산,9993,9795
2022-10-09,9호선,국회의사당,5356,4964
2022-10-09,9호선,여의도,12186,9545
2022-10-09,9호선,샛강,1991,1782
2022-10-09,9호선,노량진,16393,16261
2022-10-09,9호선,노들,2768,2311
2022-10-09,9호선,흑석,3971,4093
2022-10-09,9호선,동작,1030,851
2022-10-09,9호선,구반포,423,428
2022-10-09,9호선,신반포,2125,2170
2022-10-09,9호선,고속터미널,11616,18645
2022-10-09,9호선,사평,1683,1717
2022-10-09,9호선,신논현,16221,16341
2022-10-10,9호선,개화,1199,1076
2022-10-10,9호선,김포공항,7853,11994
2022-10-10,9호선,공항시장,1858,2136
2022-10-10,9호선,신방화,3761,3665
2022-10-10,9호선,마곡나루,6656,6556
2022-10-10,9호선,양천향교,4626,4921
2022-10-10,9호선,가양,11683,11746
2022-10-10,9호선,증미,2777,2763
2022-10-10,9호선,등촌,5799,6014
2022-10-10,9호선,염창,9562,9432
2022-10-10,9호선,신목동,1887,1781
2022-10-10,9호선,선유도,3226,3150
2022-10-10,9호선,당산,9912,9996
2022-10-10,9호선,국회의사당,3610,3744
2022-10-10,9호선,여의도,10757,9242
2022-10-10,9호선,샛강,2110,2107
2022-10-10,9호선,노량진,17512,18444
2022-10-10,9호선,노들,2594,2291
2022-10-10,9호선,흑석,4666,4802
2022-10-10,9호선,동작,1088,901
2022-10-10,9호선,구반포,547,530
2022-10-10,9호선,신반포,1870,2035
2022-10-10,9호선,고속터미널,13663,19777
2022-10-10,9호선,사평,1912,2016
2022-10-10,9호선,신논현,16993,16297
2022-10-11,9호선,개화,3079,2074
2022-10-11,9호선,김포공항,7327,10826
2022-10-11,9호선,공항시장,3189,3486
2022-10-11,9호선,신방화,7523,7185
2022-10-11,9호선,마곡나루,13413,13336
2022-10-11,9호선,양천향교,10925,11009
2022-10-11,9호선,가양,23378,23212
2022-10-11,9호선,증미,7854,7411
2022-10-11,9호선,등촌,12750,12282
2022-10-11,9호선,염창,19593,19027
2022-10-11,9호선,신목동,4844,4189
2022-10-11,9호선,선유도,9712,9221
2022-10-11,9호선,당산,19965,20547
2022-10-11,9호선,국회의사당,17311,18107
2022-10-11,9호선,여의도,30783,29736
2022-10-11,9호선,샛강,6863,6876
2022-10-11,9호선,노량진,27858,27387
2022-10-11,9호선,노들,5081,4260
2022-10-11,9호선,흑석,11131,11577
2022-10-11,9호선,동작,1989,1579
2022-10-11,9호선,구반포,1273,1345
2022-10-11,9호선,신반포,4147,4017
2022-10-11,9호선,고속터미널,13640,17419
2022-10-11,9호선,사평,4196,4033
2022-10-11,9호선,신논현,31451,30541
2022-10-12,9호선,개화,3091,2079
2022-10-12,9호선,김포공항,7508,10949
2022-10-12,9호선,공항시장,3295,3538
2022-10-12,9호선,신방화,7657,7385
2022-10-12,9호선,마곡나루,14246,13941
2022-10-12,9호선,양천향교,10930,11088
2022-10-12,9호선,가양,23834,23432
2022-10-12,9호선,증미,7911,7422
2022-10-12,9호선,등촌,12899,12066
2022-10-12,9호선,염창,19970,19334
2022-10-12,9호선,신목동,5044,4321
2022-10-12,9호선,선유도,9890,9412
2022-10-12,9호선,당산,20813,20940
2022-10-12,9호선,국회의사당,18169,19244
2022-10-12,9호선,여의도,31629,30687
2022-10-12,9호선,샛강,7069,7100
2022-10-12,9호선,노량진,28442,27945
2022-10-12,9호선,노들,5285,4395
2022-10-12,9호선,흑석,11016,11334
2022-10-12,9호선,동작,1873,1433
2022-10-12,9호선,구반포,1297,1392
2022-10-12,9호선,신반포,4394,4198
2022-10-12,9호선,고속터미널,13859,17209
2022-10-12,9호선,사평,4204,4089
2022-10-12,9호선,신논현,31480,30902
2022-10-13,9호선,개화,3078,2194
2022-10-13,9호선,김포공항,7464,11486
2022-10-13,9호선,공항시장,3223,3543
2022-10-13,9호선,신방화,7614,7327
2022-10-13,9호선,마곡나루,13916,14071
2022-10-13,9호선,양천향교,10747,11133
2022-10-13,9호선,가양,23883,23214
2022-10-13,9호선,증미,7797,7376
2022-10-13,9호선,등촌,12729,12122
2022-10-13,9호선,염창,19735,19052
2022-10-13,9호선,신목동,4963,4307
2022-10-13,9호선,선유도,9671,9052
2022-10-13,9호선,당산,20673,21283
2022-10-13,9호선,국회의사당,17891,18834
2022-10-13,9호선,여의도,31673,30976
2022-10-13,9호선,샛강,7107,7214
2022-10-13,9호선,노량진,28752,28485
2022-10-13,9호선,노들,5430,4591
2022-10-13,9호선,흑석,11150,11403
2022-10-13,9호선,동작,1932,1519
2022-10-13,9호선,구반포,1327,1358
2022-10-13,9호선,신반포,4331,4219
2022-10-13,9호선,고속터미널,14386,17852
2022-10-13,9호선,사평,4245,4021
2022-10-13,9호선,신논현,32431,31794
2022-10-14,9호선,신논현,34492,34920
2022-10-14,9호선,사평,4428,4136
2022-10-14,9호선,고속터미널,16151,21594
2022-10-14,9호선,신반포,4489,4405
2022-10-14,9호선,구반포,1351,1383
2022-10-14,9호선,동작,1990,1622
2022-10-14,9호선,흑석,10795,10840
2022-10-14,9호선,노들,5549,4691
2022-10-14,9호선,노량진,30051,29414
2022-10-14,9호선,샛강,7097,7081
2022-10-14,9호선,여의도,31758,30662
2022-10-14,9호선,국회의사당,18908,19315
2022-10-14,9호선,당산,21187,21340
2022-10-14,9호선,선유도,9965,9298
2022-10-14,9호선,신목동,4969,4268
2022-10-14,9호선,염창,20052,19098
2022-10-14,9호선,등촌,13026,12128
2022-10-14,9호선,증미,7944,7287
2022-10-14,9호선,가양,24457,23713
2022-10-14,9호선,양천향교,11246,11041
2022-10-14,9호선,마곡나루,14060,14051
2022-10-14,9호선,신방화,7775,7400
2022-10-14,9호선,공항시장,3350,3517
2022-10-14,9호선,김포공항,8699,12234
2022-10-14,9호선,개화,3256,2166
2022-10-15,9호선,흑석,7192,7160
2022-10-15,9호선,구반포,1412,1450
2022-10-15,9호선,신반포,3967,3961
2022-10-15,9호선,고속터미널,16375,23863
2022-10-15,9호선,사평,2753,2507
2022-10-15,9호선,신논현,27135,27523
2022-10-15,9호선,동작,1845,1560
2022-10-15,9호선,개화,2640,2484
2022-10-15,9호선,김포공항,8613,12420
2022-10-15,9호선,공항시장,2544,2611
2022-10-15,9호선,신방화,5248,4909
2022-10-15,9호선,마곡나루,9859,9714
2022-10-15,9호선,양천향교,6552,6145
2022-10-15,9호선,가양,16442,15743
2022-10-15,9호선,증미,3884,3575
2022-10-15,9호선,등촌,8012,7636
2022-10-15,9호선,염창,13867,12631
2022-10-15,9호선,신목동,3157,2580
2022-10-15,9호선,선유도,5935,5643
2022-10-15,9호선,당산,16222,15037
2022-10-15,9호선,국회의사당,5580,5850
2022-10-15,9호선,여의도,14270,13442
2022-10-15,9호선,샛강,3422,3292
2022-10-15,9호선,노량진,24555,24487
2022-10-15,9호선,노들,4444,3710
2022-10-16,9호선,신논현,17130,16213
2022-10-16,9호선,사평,1875,1898
2022-10-16,9호선,고속터미널,13427,18994
2022-10-16,9호선,신반포,2383,2584
2022-10-16,9호선,구반포,751,782
2022-10-16,9호선,동작,1372,1224
2022-10-16,9호선,흑석,4675,4790
2022-10-16,9호선,노들,3558,3048
2022-10-16,9호선,노량진,16376,17353
2022-10-16,9호선,샛강,2051,1869
2022-10-16,9호선,여의도,9765,9082
2022-10-16,9호선,국회의사당,5855,5629
2022-10-16,9호선,당산,10578,10323
2022-10-16,9호선,선유도,3234,3175
2022-10-16,9호선,신목동,2077,1845
2022-10-16,9호선,염창,10162,9630
2022-10-16,9호선,등촌,5517,5498
2022-10-16,9호선,증미,2698,2658
2022-10-16,9호선,가양,13234,12899
2022-10-16,9호선,양천향교,4576,4570
2022-10-16,9호선,마곡나루,6641,6726
2022-10-16,9호선,신방화,3797,3778
2022-10-16,9호선,공항시장,1872,2028
2022-10-16,9호선,김포공항,7237,11162
2022-10-16,9호선,개화,1698,1508
2022-10-17,9호선,개화,3094,2047
2022-10-17,9호선,김포공항,7141,11007
2022-10-17,9호선,공항시장,3193,3470
2022-10-17,9호선,신방화,7546,7329
2022-10-17,9호선,마곡나루,13240,13047
2022-10-17,9호선,양천향교,10570,10841
2022-10-17,9호선,가양,23179,22682
2022-10-17,9호선,증미,7711,7251
2022-10-17,9호선,등촌,12599,12096
2022-10-17,9호선,염창,19102,18573
2022-10-17,9호선,신목동,4793,4138
2022-10-17,9호선,선유도,9595,9010
2022-10-17,9호선,당산,19665,20138
2022-10-17,9호선,국회의사당,17401,17954
2022-10-17,9호선,여의도,29884,29828
2022-10-17,9호선,샛강,6728,6897
2022-10-17,9호선,노량진,27539,27262
2022-10-17,9호선,노들,4977,4216
2022-10-17,9호선,흑석,9348,9790
2022-10-17,9호선,동작,2068,1409
2022-10-17,9호선,구반포,1303,1345
2022-10-17,9호선,신반포,3979,3997
2022-10-17,9호선,고속터미널,13038,16790
2022-10-17,9호선,사평,3982,3931
2022-10-17,9호선,신논현,30623,29471
2022-10-18,9호선,개화,3101,2093
2022-10-18,9호선,김포공항,7316,11132
2022-10-18,9호선,공항시장,3282,3395
2022-10-18,9호선,신방화,7731,7458
2022-10-18,9호선,마곡나루,13527,13463
2022-10-18,9호선,양천향교,10906,11160
2022-10-18,9호선,가양,23793,23285
2022-10-18,9호선,증미,7826,7506
2022-10-18,9호선,등촌,12922,12241
2022-10-18,9호선,염창,20041,19553
2022-10-18,9호선,신목동,4868,4167
2022-10-18,9호선,선유도,9758,9335
2022-10-18,9호선,당산,20488,20883
2022-10-18,9호선,국회의사당,17903,18745
2022-10-18,9호선,여의도,31888,30973
2022-10-18,9호선,샛강,7007,7055
2022-10-18,9호선,노량진,28326,27836
2022-10-18,9호선,노들,5088,4272
2022-10-18,9호선,흑석,10842,11237
2022-10-18,9호선,동작,2029,1503
2022-10-18,9호선,구반포,1272,1267
2022-10-18,9호선,신반포,4147,4041
2022-10-18,9호선,고속터미널,13477,17030
2022-10-18,9호선,사평,4107,3986
2022-10-18,9호선,신논현,31929,30841
2022-10-19,9호선,개화,2996,2059
2022-10-19,9호선,김포공항,8087,11824
2022-10-19,9호선,공항시장,3240,3507
2022-10-19,9호선,마곡나루,13937,13819
2022-10-19,9호선,양천향교,10741,11064
2022-10-19,9호선,가양,23463,23133
2022-10-19,9호선,증미,7783,7299
2022-10-19,9호선,등촌,12878,12130
2022-10-19,9호선,염창,19519,19158
2022-10-19,9호선,신목동,4971,4291
2022-10-19,9호선,선유도,9912,9212
2022-10-19,9호선,당산,20840,21147
2022-10-19,9호선,국회의사당,20702,20286
2022-10-19,9호선,여의도,31853,30965
2022-10-19,9호선,샛강,7288,7086
2022-10-19,9호선,노량진,28555,27985
2022-10-19,9호선,노들,5326,4554
2022-10-19,9호선,흑석,10728,11047
2022-10-19,9호선,동작,2092,1671
2022-10-19,9호선,구반포,1326,1386
2022-10-19,9호선,신반포,4175,4202
2022-10-19,9호선,고속터미널,13775,17638
2022-10-19,9호선,사평,4181,4035
2022-10-19,9호선,신논현,31841,31265
2022-10-19,9호선,신방화,7583,7454
2022-10-20,9호선,개화,3181,2112
2022-10-20,9호선,김포공항,7688,11276
2022-10-20,9호선,공항시장,3251,3502
2022-10-20,9호선,신방화,7639,7404
2022-10-20,9호선,마곡나루,13946,14005
2022-10-20,9호선,양천향교,10746,11059
2022-10-20,9호선,가양,23837,23357
2022-10-20,9호선,증미,7814,7451
2022-10-20,9호선,등촌,12837,11995
2022-10-20,9호선,염창,19537,18878
2022-10-20,9호선,신목동,4835,4281
2022-10-20,9호선,선유도,9778,9291
2022-10-20,9호선,당산,20734,21160
2022-10-20,9호선,국회의사당,18112,19185
2022-10-20,9호선,여의도,31612,30990
2022-10-20,9호선,샛강,6869,6899
2022-10-20,9호선,노량진,28530,27915
2022-10-20,9호선,노들,5312,4418
2022-10-20,9호선,흑석,10747,10912
2022-10-20,9호선,동작,2071,1500
2022-10-20,9호선,구반포,1252,1295
2022-10-20,9호선,신반포,4371,4326
2022-10-20,9호선,고속터미널,14126,17958
2022-10-20,9호선,사평,4140,3952
2022-10-20,9호선,신논현,32232,31177
2022-10-21,9호선,신논현,34581,34744
2022-10-21,9호선,사평,4253,4009
2022-10-21,9호선,고속터미널,16449,21932
2022-10-21,9호선,신반포,4423,4257
2022-10-21,9호선,구반포,1438,1486
2022-10-21,9호선,동작,2205,1606
2022-10-21,9호선,흑석,10629,10652
2022-10-21,9호선,노들,5432,4416
2022-10-21,9호선,노량진,29828,29027
2022-10-21,9호선,샛강,7036,6910
2022-10-21,9호선,여의도,31733,30715
2022-10-21,9호선,국회의사당,18987,19749
2022-10-21,9호선,당산,21389,21356
2022-10-21,9호선,선유도,9449,8862
2022-10-21,9호선,신목동,4932,4198
2022-10-21,9호선,염창,19942,18817
2022-10-21,9호선,등촌,12832,11974
2022-10-21,9호선,증미,7906,7242
2022-10-21,9호선,가양,24062,23286
2022-10-21,9호선,양천향교,10949,10841
2022-10-21,9호선,마곡나루,13988,14188
2022-10-21,9호선,신방화,7767,7474
2022-10-21,9호선,공항시장,3240,3403
2022-10-21,9호선,김포공항,9421,12683
2022-10-21,9호선,개화,3055,2084
2022-10-22,9호선,신논현,27884,28260
2022-10-22,9호선,사평,2791,2568
2022-10-22,9호선,고속터미널,17542,24958
2022-10-22,9호선,신반포,3761,4006
2022-10-22,9호선,구반포,1178,1238
2022-10-22,9호선,동작,1806,1525
2022-10-22,9호선,흑석,6903,6729
2022-10-22,9호선,노들,3962,3252
2022-10-22,9호선,노량진,25308,25079
2022-10-22,9호선,샛강,3396,3233
2022-10-22,9호선,여의도,14278,13875
2022-10-22,9호선,국회의사당,5854,6021
2022-10-22,9호선,당산,15560,14778
2022-10-22,9호선,선유도,4630,4216
2022-10-22,9호선,신목동,2979,2548
2022-10-22,9호선,염창,14150,13085
2022-10-22,9호선,등촌,8177,7632
2022-10-22,9호선,증미,3913,3530
2022-10-22,9호선,가양,16996,16302
2022-10-22,9호선,양천향교,6708,6216
2022-10-22,9호선,마곡나루,10710,10472
2022-10-22,9호선,신방화,5456,5112
2022-10-22,9호선,공항시장,2509,2656
2022-10-22,9호선,김포공항,8339,12116
2022-10-22,9호선,개화,1808,1472
2022-10-23,9호선,개화,1338,1153
2022-10-23,9호선,김포공항,7171,10798
2022-10-23,9호선,공항시장,1865,2099
2022-10-23,9호선,신방화,3774,3783
2022-10-23,9호선,마곡나루,6530,6477
2022-10-23,9호선,양천향교,4598,4801
2022-10-23,9호선,가양,12989,12489
2022-10-23,9호선,증미,2677,2672
2022-10-23,9호선,등촌,5688,5553
2022-10-23,9호선,염창,9908,9683
2022-10-23,9호선,신목동,2102,1869
2022-10-23,9호선,선유도,3330,3306
2022-10-23,9호선,당산,11584,11408
2022-10-23,9호선,국회의사당,6106,5716
2022-10-23,9호선,여의도,10506,9557
2022-10-23,9호선,샛강,2419,2087
2022-10-23,9호선,노량진,16702,17561
2022-10-23,9호선,노들,3129,2687
2022-10-23,9호선,흑석,4245,4532
2022-10-23,9호선,동작,1318,1099
2022-10-23,9호선,구반포,603,607
2022-10-23,9호선,신반포,2538,2750
2022-10-23,9호선,고속터미널,13988,19859
2022-10-23,9호선,사평,1712,1797
2022-10-23,9호선,신논현,17398,16165
2022-10-24,9호선,신논현,30382,29423
2022-10-24,9호선,사평,3973,3948
2022-10-24,9호선,고속터미널,13377,17561
2022-10-24,9호선,신반포,3897,3720
2022-10-24,9호선,구반포,1255,1319
2022-10-24,9호선,동작,2116,1356
2022-10-24,9호선,흑석,10090,10567
2022-10-24,9호선,노들,4801,3993
2022-10-24,9호선,노량진,27325,27026
2022-10-24,9호선,샛강,6955,6846
2022-10-24,9호선,여의도,30938,29595
2022-10-24,9호선,국회의사당,17598,18517
2022-10-24,9호선,당산,19714,20317
2022-10-24,9호선,선유도,9520,9073
2022-10-24,9호선,신목동,4692,4078
2022-10-24,9호선,염창,19291,18661
2022-10-24,9호선,등촌,12540,12141
2022-10-24,9호선,증미,7737,7336
2022-10-24,9호선,가양,23176,22836
2022-10-24,9호선,양천향교,10459,10751
2022-10-24,9호선,마곡나루,13256,13152
2022-10-24,9호선,신방화,7461,7280
2022-10-24,9호선,공항시장,3132,3387
2022-10-24,9호선,김포공항,7295,11063
2022-10-24,9호선,개화,3253,1992
2022-10-25,9호선,신논현,31691,30906
2022-10-25,9호선,사평,4200,4048
2022-10-25,9호선,고속터미널,13630,17400
2022-10-25,9호선,신반포,4097,4034
2022-10-25,9호선,구반포,1342,1296
2022-10-25,9호선,동작,2248,1672
2022-10-25,9호선,흑석,10631,10816
2022-10-25,9호선,노들,5142,4199
2022-10-25,9호선,노량진,28345,27821
2022-10-25,9호선,샛강,7187,7053
2022-10-25,9호선,여의도,31710,30847
2022-10-25,9호선,국회의사당,18437,19163
2022-10-25,9호선,당산,20578,21069
2022-10-25,9호선,선유도,9787,9325
2022-10-25,9호선,신목동,4910,4201
2022-10-25,9호선,염창,19744,19144
2022-10-25,9호선,등촌,13019,12319
2022-10-25,9호선,증미,7984,7440
2022-10-25,9호선,가양,23741,23351
2022-10-25,9호선,양천향교,10808,11156
2022-10-25,9호선,마곡나루,13982,13742
2022-10-25,9호선,신방화,7721,7479
2022-10-25,9호선,공항시장,3224,3501
2022-10-25,9호선,김포공항,7225,10427
2022-10-25,9호선,개화,3121,1975
2022-10-26,9호선,증미,7834,7383
2022-10-26,9호선,신논현,32029,30821
2022-10-26,9호선,사평,4056,4013
2022-10-26,9호선,고속터미널,13813,17441
2022-10-26,9호선,신반포,4150,4045
2022-10-26,9호선,구반포,1317,1389
2022-10-26,9호선,동작,2769,2392
2022-10-26,9호선,흑석,10780,11041
2022-10-26,9호선,노들,5066,4216
2022-10-26,9호선,노량진,28892,28050
2022-10-26,9호선,샛강,7273,7171
2022-10-26,9호선,여의도,31767,30631
2022-10-26,9호선,국회의사당,18679,19387
2022-10-26,9호선,당산,20519,20864
2022-10-26,9호선,선유도,9916,9290
2022-10-26,9호선,신목동,4958,4311
2022-10-26,9호선,염창,19898,19335
2022-10-26,9호선,등촌,12815,12154
2022-10-26,9호선,가양,23757,23175
2022-10-26,9호선,양천향교,10778,11170
2022-10-26,9호선,마곡나루,13962,13824
2022-10-26,9호선,신방화,7671,7365
2022-10-26,9호선,공항시장,3211,3458
2022-10-26,9호선,김포공항,7332,11177
2022-10-26,9호선,개화,3026,2049
2022-10-27,9호선,신논현,32480,31602
2022-10-27,9호선,사평,4189,3975
2022-10-27,9호선,고속터미널,14670,18030
2022-10-27,9호선,신반포,4198,4152
2022-10-27,9호선,구반포,1284,1373
2022-10-27,9호선,동작,2185,1641
2022-10-27,9호선,흑석,11164,11369
2022-10-27,9호선,노들,5201,4410
2022-10-27,9호선,노량진,28863,28334
2022-10-27,9호선,샛강,6979,7003
2022-10-27,9호선,여의도,31564,31003
2022-10-27,9호선,국회의사당,18204,18842
2022-10-27,9호선,당산,20853,20895
2022-10-27,9호선,선유도,9749,9242
2022-10-27,9호선,신목동,4884,4207
2022-10-27,9호선,염창,19857,19134
2022-10-27,9호선,등촌,12842,12183
2022-10-27,9호선,증미,7920,7447
2022-10-27,9호선,가양,23859,23246
2022-10-27,9호선,양천향교,10918,11088
2022-10-27,9호선,마곡나루,13917,13684
2022-10-27,9호선,신방화,7622,7280
2022-10-27,9호선,공항시장,3204,3494
2022-10-27,9호선,김포공항,7476,11263
2022-10-27,9호선,개화,3083,2036
2022-10-28,9호선,개화,3163,2131
2022-10-28,9호선,김포공항,9175,12676
2022-10-28,9호선,공항시장,3381,3467
2022-10-28,9호선,신방화,7763,7483
2022-10-28,9호선,마곡나루,14203,13986
2022-10-28,9호선,양천향교,11092,11054
2022-10-28,9호선,가양,23973,23086
2022-10-28,9호선,증미,7965,7255
2022-10-28,9호선,등촌,13123,12247
2022-10-28,9호선,염창,20121,19076
2022-10-28,9호선,신목동,4886,4126
2022-10-28,9호선,선유도,9780,9117
2022-10-28,9호선,당산,21294,21448
2022-10-28,9호선,국회의사당,18635,19155
2022-10-28,9호선,여의도,31811,30604
2022-10-28,9호선,샛강,7039,6921
2022-10-28,9호선,노량진,30085,28973
2022-10-28,9호선,노들,5346,4268
2022-10-28,9호선,흑석,11020,10988
2022-10-28,9호선,동작,2111,1559
2022-10-28,9호선,구반포,1318,1392
2022-10-28,9호선,신반포,4377,4261
2022-10-28,9호선,고속터미널,16889,22606
2022-10-28,9호선,사평,4375,4109
2022-10-28,9호선,신논현,34913,35140
2022-10-29,9호선,개화,1755,1452
2022-10-29,9호선,김포공항,8448,12258
2022-10-29,9호선,공항시장,2700,2700
2022-10-29,9호선,신방화,5418,4982
2022-10-29,9호선,마곡나루,9795,9540
2022-10-29,9호선,양천향교,6613,6102
2022-10-29,9호선,가양,16974,16304
2022-10-29,9호선,증미,3904,3444
2022-10-29,9호선,등촌,8163,7427
2022-10-29,9호선,염창,14360,13260
2022-10-29,9호선,신목동,3055,2518
2022-10-29,9호선,선유도,4953,4684
2022-10-29,9호선,당산,15779,14824
2022-10-29,9호선,국회의사당,10507,10748
2022-10-29,9호선,여의도,14654,13896
2022-10-29,9호선,샛강,3443,3246
2022-10-29,9호선,노량진,26079,26140
2022-10-29,9호선,노들,4217,3445
2022-10-29,9호선,흑석,7465,7127
2022-10-29,9호선,동작,2077,1782
2022-10-29,9호선,구반포,1319,1276
2022-10-29,9호선,신반포,3829,4010
2022-10-29,9호선,고속터미널,16821,24611
2022-10-29,9호선,사평,2948,2710
2022-10-29,9호선,신논현,27922,28346
2022-10-30,9호선,개화,1278,1098
2022-10-30,9호선,김포공항,6702,9776
2022-10-30,9호선,공항시장,1911,2142
2022-10-30,9호선,신방화,3676,3742
2022-10-30,9호선,마곡나루,6676,6410
2022-10-30,9호선,양천향교,4481,4718
2022-10-30,9호선,가양,12531,12001
2022-10-30,9호선,증미,2589,2534
2022-10-30,9호선,등촌,5636,5609
2022-10-30,9호선,염창,9633,9504
2022-10-30,9호선,신목동,2040,1752
2022-10-30,9호선,선유도,3329,3352
2022-10-30,9호선,당산,10429,10139
2022-10-30,9호선,국회의사당,5837,5559
2022-10-30,9호선,여의도,10382,9533
2022-10-30,9호선,샛강,2117,1968
2022-10-30,9호선,노량진,16419,17221
2022-10-30,9호선,노들,3203,2823
2022-10-30,9호선,흑석,4412,4707
2022-10-30,9호선,동작,1386,1128
2022-10-30,9호선,구반포,593,616
2022-10-30,9호선,신반포,2240,2400
2022-10-30,9호선,고속터미널,13394,19832
2022-10-30,9호선,사평,1797,1827
2022-10-30,9호선,신논현,17303,15739
2022-10-31,9호선,흑석,10769,11242
2022-10-31,9호선,노들,4868,4039
2022-10-31,9호선,노량진,27255,26846
2022-10-31,9호선,샛강,6488,6649
2022-10-31,9호선,여의도,30218,29666
2022-10-31,9호선,국회의사당,16983,17703
2022-10-31,9호선,당산,19372,19882
2022-10-31,9호선,선유도,9556,9024
2022-10-31,9호선,신목동,4809,4292
2022-10-31,9호선,염창,19031,18413
2022-10-31,9호선,등촌,12548,11832
2022-10-31,9호선,증미,7622,7147
2022-10-31,9호선,가양,22920,22550
2022-10-31,9호선,양천향교,10415,10697
2022-10-31,9호선,마곡나루,13014,13057
2022-10-31,9호선,신방화,7448,7222
2022-10-31,9호선,공항시장,3131,3385
2022-10-31,9호선,김포공항,7036,10032
2022-10-31,9호선,개화,3013,1992
2022-10-31,9호선,동작,2112,1320
2022-10-31,9호선,신논현,29896,29241
2022-10-31,9호선,사평,4236,4067
2022-10-31,9호선,고속터미널,13060,17198
2022-10-31,9호선,신반포,3931,3798
2022-10-31,9호선,구반포,1288,1327
2022-11-01,9호선,신논현,30961,29886
2022-11-01,9호선,사평,4277,4045
2022-11-01,9호선,고속터미널,12863,16656
2022-11-01,9호선,신반포,4238,4017
2022-11-01,9호선,구반포,1224,1287
2022-11-01,9호선,동작,2040,1594
2022-11-01,9호선,흑석,10877,11348
2022-11-01,9호선,노들,4992,4135
2022-11-01,9호선,노량진,27739,27414
2022-11-01,9호선,샛강,6868,6872
2022-11-01,9호선,여의도,31057,30121
2022-11-01,9호선,국회의사당,17450,18227
2022-11-01,9호선,당산,19767,20430
2022-11-01,9호선,선유도,9669,9125
2022-11-01,9호선,신목동,5187,4534
2022-11-01,9호선,염창,19203,18661
2022-11-01,9호선,등촌,12556,11960
2022-11-01,9호선,증미,7763,7343
2022-11-01,9호선,가양,23298,22937
2022-11-01,9호선,양천향교,10622,11086
2022-11-01,9호선,마곡나루,13285,12980
2022-11-01,9호선,신방화,7521,7247
2022-11-01,9호선,공항시장,3094,3375
2022-11-01,9호선,김포공항,6977,9927
2022-11-01,9호선,개화,3029,2044
2022-11-02,9호선,개화,3050,2038
2022-11-02,9호선,김포공항,6745,10974
2022-11-02,9호선,공항시장,3138,3429
2022-11-02,9호선,신방화,7282,7038
2022-11-02,9호선,마곡나루,13795,13578
2022-11-02,9호선,양천향교,10778,11078
2022-11-02,9호선,가양,23642,23095
2022-11-02,9호선,증미,7882,7365
2022-11-02,9호선,등촌,12870,12212
2022-11-02,9호선,염창,19603,18840
2022-11-02,9호선,신목동,5331,4741
2022-11-02,9호선,선유도,9775,9137
2022-11-02,9호선,당산,20060,20496
2022-11-02,9호선,국회의사당,18284,18964
2022-11-02,9호선,여의도,31194,30091
2022-11-02,9호선,샛강,6982,6986
2022-11-02,9호선,노량진,28218,27468
2022-11-02,9호선,노들,5231,4251
2022-11-02,9호선,흑석,11004,11292
2022-11-02,9호선,동작,2388,2005
2022-11-02,9호선,구반포,1314,1363
2022-11-02,9호선,신반포,4170,4084
2022-11-02,9호선,고속터미널,13026,16629
2022-11-02,9호선,사평,4469,4246
2022-11-02,9호선,신논현,30990,30025
2022-11-03,9호선,개화,2901,1968
2022-11-03,9호선,김포공항,6909,11150
2022-11-03,9호선,공항시장,3165,3411
2022-11-03,9호선,신방화,7463,7264
2022-11-03,9호선,마곡나루,13573,13680
2022-11-03,9호선,양천향교,10544,10885
2022-11-03,9호선,가양,23188,22922
2022-11-03,9호선,증미,7705,7162
2022-11-03,9호선,등촌,12636,12153
2022-11-03,9호선,염창,19171,18656
2022-11-03,9호선,신목동,4880,4209
2022-11-03,9호선,선유도,9507,9023
2022-11-03,9호선,당산,20355,20619
2022-11-03,9호선,국회의사당,17927,18356
2022-11-03,9호선,여의도,31554,30308
2022-11-03,9호선,샛강,6757,6923
2022-11-03,9호선,노량진,28672,27821
2022-11-03,9호선,노들,5058,4201
2022-11-03,9호선,흑석,10823,11192
2022-11-03,9호선,동작,1819,1516
2022-11-03,9호선,구반포,1230,1310
2022-11-03,9호선,신반포,4157,4089
2022-11-03,9호선,고속터미널,13856,17390
2022-11-03,9호선,사평,4127,3982
2022-11-03,9호선,신논현,31509,30364
2022-11-04,9호선,신논현,34151,33509
2022-11-04,9호선,사평,4232,4093
2022-11-04,9호선,고속터미널,15545,22300
2022-11-04,9호선,신반포,4173,4132
2022-11-04,9호선,구반포,1393,1455
2022-11-04,9호선,동작,2109,1665
2022-11-04,9호선,흑석,10789,10897
2022-11-04,9호선,노들,5110,4169
2022-11-04,9호선,노량진,29688,28908
2022-11-04,9호선,샛강,7042,6888
2022-11-04,9호선,여의도,32962,30529
2022-11-04,9호선,국회의사당,17619,17975
2022-11-04,9호선,당산,20945,20831
2022-11-04,9호선,선유도,9546,8923
2022-11-04,9호선,신목동,4874,4154
2022-11-04,9호선,염창,19826,18701
2022-11-04,9호선,등촌,12650,12137
2022-11-04,9호선,증미,7875,7160
2022-11-04,9호선,가양,23472,22748
2022-11-04,9호선,양천향교,10880,10912
2022-11-04,9호선,마곡나루,13906,13546
2022-11-04,9호선,신방화,7683,7390
2022-11-04,9호선,공항시장,3201,3413
2022-11-04,9호선,김포공항,8050,12189
2022-11-04,9호선,개화,2881,1926
2022-11-05,9호선,신논현,26416,26388
2022-11-05,9호선,사평,2621,2461
2022-11-05,9호선,고속터미널,15578,23306
2022-11-05,9호선,신반포,3488,3431
2022-11-05,9호선,구반포,1157,1133
2022-11-05,9호선,동작,1658,1430
2022-11-05,9호선,흑석,6578,6483
2022-11-05,9호선,노들,3719,2931
2022-11-05,9호선,노량진,23724,23012
2022-11-05,9호선,샛강,3328,3033
2022-11-05,9호선,여의도,16056,14551
2022-11-05,9호선,국회의사당,5485,5747
2022-11-05,9호선,당산,14653,13675
2022-11-05,9호선,선유도,4307,3918
2022-11-05,9호선,신목동,2904,2440
2022-11-05,9호선,염창,13314,12084
2022-11-05,9호선,등촌,7990,7486
2022-11-05,9호선,증미,3800,3431
2022-11-05,9호선,가양,15657,14657
2022-11-05,9호선,양천향교,6288,6014
2022-11-05,9호선,마곡나루,9056,8770
2022-11-05,9호선,신방화,5029,4723
2022-11-05,9호선,공항시장,2353,2448
2022-11-05,9호선,김포공항,7578,11149
2022-11-05,9호선,개화,1565,1346
2022-11-06,9호선,개화,1222,1115
2022-11-06,9호선,김포공항,6950,9844
2022-11-06,9호선,신논현,16654,15938
2022-11-06,9호선,사평,1885,1917
2022-11-06,9호선,고속터미널,13074,18708
2022-11-06,9호선,신반포,2377,2388
2022-11-06,9호선,구반포,520,575
2022-11-06,9호선,동작,1368,1157
2022-11-06,9호선,흑석,4519,4708
2022-11-06,9호선,노들,3121,2754
2022-11-06,9호선,노량진,16275,17558
2022-11-06,9호선,공항시장,1864,2029
2022-11-06,9호선,신방화,3716,3734
2022-11-06,9호선,마곡나루,6556,6552
2022-11-06,9호선,양천향교,4421,4605
2022-11-06,9호선,가양,11749,11866
2022-11-06,9호선,증미,2600,2555
2022-11-06,9호선,등촌,5545,5560
2022-11-06,9호선,염창,10105,9556
2022-11-06,9호선,신목동,2087,1898
2022-11-06,9호선,선유도,3138,3230
2022-11-06,9호선,당산,10751,10572
2022-11-06,9호선,국회의사당,7191,5967
2022-11-06,9호선,여의도,15713,10808
2022-11-06,9호선,샛강,2317,1894
2022-11-07,9호선,신논현,29911,28865
2022-11-07,9호선,사평,3970,3819
2022-11-07,9호선,고속터미널,13765,19457
2022-11-07,9호선,신반포,3870,3660
2022-11-07,9호선,구반포,1307,1344
2022-11-07,9호선,동작,2137,1405
2022-11-07,9호선,흑석,10491,10824
2022-11-07,9호선,노들,4857,4079
2022-11-07,9호선,노량진,26850,26369
2022-11-07,9호선,샛강,6721,6420
2022-11-07,9호선,여의도,31122,29720
2022-11-07,9호선,국회의사당,17412,18051
2022-11-07,9호선,당산,19424,19891
2022-11-07,9호선,선유도,9396,8806
2022-11-07,9호선,신목동,4651,4079
2022-11-07,9호선,염창,18700,18067
2022-11-07,9호선,등촌,12436,11834
2022-11-07,9호선,증미,7672,7244
2022-11-07,9호선,가양,22966,22503
2022-11-07,9호선,양천향교,10368,10624
2022-11-07,9호선,마곡나루,12939,12876
2022-11-07,9호선,신방화,7369,7177
2022-11-07,9호선,공항시장,3028,3267
2022-11-07,9호선,김포공항,7025,10434
2022-11-07,9호선,개화,2990,1880
2022-11-08,9호선,개화,3053,2096
2022-11-08,9호선,김포공항,6797,10561
2022-11-08,9호선,공항시장,3234,3463
2022-11-08,9호선,신방화,7565,7357
2022-11-08,9호선,마곡나루,13567,13581
2022-11-08,9호선,양천향교,10839,10984
2022-11-08,9호선,가양,23633,23213
2022-11-08,9호선,증미,7869,7380
2022-11-08,9호선,등촌,12917,12283
2022-11-08,9호선,염창,19602,19036
2022-11-08,9호선,신목동,4814,4206
2022-11-08,9호선,선유도,9627,8940
2022-11-08,9호선,당산,20141,20478
2022-11-08,9호선,국회의사당,18384,18970
2022-11-08,9호선,여의도,31952,31094
2022-11-08,9호선,샛강,6772,6834
2022-11-08,9호선,노량진,28144,27549
2022-11-08,9호선,노들,5075,4277
2022-11-08,9호선,흑석,10960,11319
2022-11-08,9호선,동작,1934,1413
2022-11-08,9호선,구반포,1283,1285
2022-11-08,9호선,신반포,4034,3968
2022-11-08,9호선,고속터미널,13120,16794
2022-11-08,9호선,사평,4060,3868
2022-11-08,9호선,신논현,31277,30362
2022-11-09,9호선,개화,2970,1978
2022-11-09,9호선,김포공항,7030,11510
2022-11-09,9호선,공항시장,3231,3461
2022-11-09,9호선,신방화,7460,7349
2022-11-09,9호선,마곡나루,13746,13695
2022-11-09,9호선,양천향교,10631,11058
2022-11-09,9호선,가양,24034,23469
2022-11-09,9호선,증미,7845,7321
2022-11-09,9호선,등촌,12898,12298
2022-11-09,9호선,염창,19408,18801
2022-11-09,9호선,신목동,4919,4316
2022-11-09,9호선,선유도,9860,9290
2022-11-09,9호선,당산,20599,20777
2022-11-09,9호선,국회의사당,18495,19174
2022-11-09,9호선,여의도,32291,31971
2022-11-09,9호선,샛강,7061,7160
2022-11-09,9호선,노량진,28739,28186
2022-11-09,9호선,노들,5058,4190
2022-11-09,9호선,흑석,10949,11158
2022-11-09,9호선,동작,1850,1443
2022-11-09,9호선,구반포,1315,1366
2022-11-09,9호선,신반포,4142,4082
2022-11-09,9호선,고속터미널,13397,16850
2022-11-09,9호선,사평,4141,3978
2022-11-09,9호선,신논현,31309,30287
2022-11-10,9호선,개화,3005,2027
2022-11-10,9호선,김포공항,7181,11555
2022-11-10,9호선,공항시장,3186,3461
2022-11-10,9호선,신방화,7447,7305
2022-11-10,9호선,마곡나루,13981,13852
2022-11-10,9호선,양천향교,10782,11175
2022-11-10,9호선,가양,23578,22976
2022-11-10,9호선,증미,7833,7346
2022-11-10,9호선,등촌,12671,12050
2022-11-10,9호선,염창,19532,18785
2022-11-10,9호선,신목동,4898,4248
2022-11-10,9호선,선유도,9549,9009
2022-11-10,9호선,당산,20471,20869
2022-11-10,9호선,국회의사당,18132,18847
2022-11-10,9호선,여의도,32327,32196
2022-11-10,9호선,샛강,6889,7168
2022-11-10,9호선,노량진,28975,28422
2022-11-10,9호선,노들,5315,4350
2022-11-10,9호선,흑석,10936,11356
2022-11-10,9호선,동작,2041,1405
2022-11-10,9호선,구반포,1321,1358
2022-11-10,9호선,신반포,4114,4012
2022-11-10,9호선,고속터미널,13820,17559
2022-11-10,9호선,사평,4139,3949
2022-11-10,9호선,신논현,32009,31371
2022-11-11,9호선,개화,2900,1975
2022-11-11,9호선,김포공항,8240,11823
2022-11-11,9호선,공항시장,3241,3413
2022-11-11,9호선,신방화,7714,7313
2022-11-11,9호선,마곡나루,14063,13772
2022-11-11,9호선,양천향교,10897,10900
2022-11-11,9호선,가양,23896,23034
2022-11-11,9호선,증미,7786,7137
2022-11-11,9호선,등촌,12717,12004
2022-11-11,9호선,염창,19634,18471
2022-11-11,9호선,신목동,4804,4110
2022-11-11,9호선,선유도,9533,8692
2022-11-11,9호선,당산,21380,21027
2022-11-11,9호선,국회의사당,18165,18652
2022-11-11,9호선,여의도,33311,31939
2022-11-11,9호선,샛강,7051,6901
2022-11-11,9호선,노량진,30407,29519
2022-11-11,9호선,노들,5208,4112
2022-11-11,9호선,흑석,10961,11080
2022-11-11,9호선,동작,1997,1499
2022-11-11,9호선,구반포,1350,1357
2022-11-11,9호선,신반포,4357,4250
2022-11-11,9호선,고속터미널,16243,22664
2022-11-11,9호선,사평,4335,4029
2022-11-11,9호선,신논현,34361,34565
2022-11-12,9호선,개화,1612,1314
2022-11-12,9호선,김포공항,7841,11028
2022-11-12,9호선,공항시장,2322,2440
2022-11-12,9호선,신방화,4922,4782
2022-11-12,9호선,마곡나루,9124,8840
2022-11-12,9호선,양천향교,6366,6135
2022-11-12,9호선,가양,15383,14858
2022-11-12,9호선,증미,3729,3518
2022-11-12,9호선,등촌,7542,7432
2022-11-12,9호선,염창,12805,11752
2022-11-12,9호선,신목동,2676,2272
2022-11-12,9호선,선유도,4148,4066
2022-11-12,9호선,당산,14812,13793
2022-11-12,9호선,국회의사당,5793,5811
2022-11-12,9호선,여의도,18975,15782
2022-11-12,9호선,샛강,3478,3111
2022-11-12,9호선,노량진,23903,23424
2022-11-12,9호선,노들,3773,3314
2022-11-12,9호선,흑석,6752,6642
2022-11-12,9호선,동작,1531,1279
2022-11-12,9호선,구반포,1422,1386
2022-11-12,9호선,신반포,3459,3514
2022-11-12,9호선,고속터미널,14781,23207
2022-11-12,9호선,사평,2868,2797
2022-11-12,9호선,신논현,26301,26764
2022-11-13,9호선,개화,1195,1004
2022-11-13,9호선,김포공항,6692,9744
2022-11-13,9호선,공항시장,1796,1951
2022-11-13,9호선,신방화,3587,3577
2022-11-13,9호선,마곡나루,6369,6494
2022-11-13,9호선,양천향교,4278,4517
2022-11-13,9호선,가양,12265,11860
2022-11-13,9호선,증미,2631,2596
2022-11-13,9호선,등촌,5410,5330
2022-11-13,9호선,염창,9481,9297
2022-11-13,9호선,신목동,1817,1625
2022-11-13,9호선,선유도,2886,2905
2022-11-13,9호선,당산,10615,10371
2022-11-13,9호선,국회의사당,5678,5321
2022-11-13,9호선,여의도,12748,11187
2022-11-13,9호선,샛강,2082,1902
2022-11-13,9호선,노량진,15512,16776
2022-11-13,9호선,노들,2960,2655
2022-11-13,9호선,흑석,4085,4339
2022-11-13,9호선,동작,1259,1019
2022-11-13,9호선,구반포,630,638
2022-11-13,9호선,신반포,2104,2160
2022-11-13,9호선,고속터미널,12779,18269
2022-11-13,9호선,사평,1777,1706
2022-11-13,9호선,신논현,16491,15706
2022-11-14,9호선,개화,2910,1964
2022-11-14,9호선,김포공항,7143,10546
2022-11-14,9호선,공항시장,3095,3357
2022-11-14,9호선,신방화,7138,6947
2022-11-14,9호선,마곡나루,12891,12817
2022-11-14,9호선,양천향교,10300,10573
2022-11-14,9호선,가양,22726,22370
2022-11-14,9호선,증미,7706,7223
2022-11-14,9호선,등촌,12296,11811
2022-11-14,9호선,염창,18825,18313
2022-11-14,9호선,신목동,4587,3952
2022-11-14,9호선,선유도,9321,8795
2022-11-14,9호선,당산,19125,19608
2022-11-14,9호선,국회의사당,18003,18653
2022-11-14,9호선,여의도,29685,28695
2022-11-14,9호선,샛강,6628,6636
2022-11-14,9호선,노량진,27182,27104
2022-11-14,9호선,노들,4888,4063
2022-11-14,9호선,흑석,10302,10816
2022-11-14,9호선,동작,2003,1325
2022-11-14,9호선,구반포,1242,1294
2022-11-14,9호선,신반포,3732,3725
2022-11-14,9호선,고속터미널,12564,16342
2022-11-14,9호선,사평,3966,3821
2022-11-14,9호선,신논현,29853,29286
2022-11-15,9호선,개화,3013,1984
2022-11-15,9호선,김포공항,6994,10272
2022-11-15,9호선,공항시장,3223,3469
2022-11-15,9호선,신방화,7273,7162
2022-11-15,9호선,마곡나루,13407,13212
2022-11-15,9호선,양천향교,10713,11034
2022-11-15,9호선,가양,23307,22954
2022-11-15,9호선,증미,7734,7321
2022-11-15,9호선,등촌,12569,12013
2022-11-15,9호선,노들,4906,4147
2022-11-15,9호선,노량진,28166,27847
2022-11-15,9호선,샛강,6917,6860
2022-11-15,9호선,여의도,32711,31237
2022-11-15,9호선,국회의사당,18610,19278
2022-11-15,9호선,당산,20178,20344
2022-11-15,9호선,신논현,31673,30627
2022-11-15,9호선,사평,4224,3998
2022-11-15,9호선,염창,19280,18463
2022-11-15,9호선,신목동,4686,4021
2022-11-15,9호선,고속터미널,13066,16800
2022-11-15,9호선,신반포,3848,3848
2022-11-15,9호선,구반포,1226,1237
2022-11-15,9호선,동작,1819,1336
2022-11-15,9호선,흑석,10780,11035
2022-11-15,9호선,선유도,9343,8884
2022-11-16,9호선,신논현,31617,30589
2022-11-16,9호선,사평,4415,4198
2022-11-16,9호선,고속터미널,13501,17269
2022-11-16,9호선,신반포,4026,3987
2022-11-16,9호선,구반포,1474,1516
2022-11-16,9호선,동작,1944,1392
2022-11-16,9호선,흑석,10768,11048
2022-11-16,9호선,노들,5141,4239
2022-11-16,9호선,노량진,28368,28031
2022-11-16,9호선,샛강,7070,6884
2022-11-16,9호선,여의도,33354,31792
2022-11-16,9호선,국회의사당,19966,19793
2022-11-16,9호선,당산,20552,20570
2022-11-16,9호선,선유도,9762,9153
2022-11-16,9호선,신목동,4802,4193
2022-11-16,9호선,염창,19557,18952
2022-11-16,9호선,등촌,12845,12201
2022-11-16,9호선,증미,7789,7295
2022-11-16,9호선,가양,23463,23134
2022-11-16,9호선,양천향교,10734,11001
2022-11-16,9호선,마곡나루,13782,13448
2022-11-16,9호선,신방화,7425,7205
2022-11-16,9호선,공항시장,3179,3553
2022-11-16,9호선,김포공항,7020,11274
2022-11-16,9호선,개화,3002,2008
2022-11-17,9호선,개화,3004,2020
2022-11-17,9호선,김포공항,7283,11052
2022-11-17,9호선,공항시장,3148,3301
2022-11-17,9호선,신방화,7324,7046
2022-11-17,9호선,마곡나루,13556,13267
2022-11-17,9호선,양천향교,10706,10967
2022-11-17,9호선,가양,23158,22625
2022-11-17,9호선,증미,7681,7027
2022-11-17,9호선,등촌,12529,11716
2022-11-17,9호선,염창,19027,18518
2022-11-17,9호선,신목동,4803,4201
2022-11-17,9호선,선유도,9280,8806
2022-11-17,9호선,당산,20102,20342
2022-11-17,9호선,국회의사당,18470,19157
2022-11-17,9호선,여의도,32727,31635
2022-11-17,9호선,샛강,7008,7173
2022-11-17,9호선,노량진,28183,27800
2022-11-17,9호선,노들,5009,4040
2022-11-17,9호선,흑석,10847,11114
2022-11-17,9호선,동작,1833,1415
2022-11-17,9호선,구반포,1355,1316
2022-11-17,9호선,신반포,3940,3773
2022-11-17,9호선,고속터미널,14169,18216
2022-11-17,9호선,사평,4430,4150
2022-11-17,9호선,신논현,31783,31108
2022-11-18,9호선,신논현,35069,35330
2022-11-18,9호선,사평,4242,3924
2022-11-18,9호선,고속터미널,16505,23023
2022-11-18,9호선,신반포,4167,4018
2022-11-18,9호선,구반포,1319,1341
2022-11-18,9호선,동작,1983,1494
2022-11-18,9호선,흑석,10904,10941
2022-11-18,9호선,노들,5254,4099
2022-11-18,9호선,노량진,29721,28976
2022-11-18,9호선,샛강,6976,6853
2022-11-18,9호선,여의도,33831,31829
2022-11-18,9호선,국회의사당,18502,19089
2022-11-18,9호선,당산,20968,20640
2022-11-18,9호선,선유도,8786,8208
2022-11-18,9호선,신목동,4739,3951
2022-11-18,9호선,염창,19446,18259
2022-11-18,9호선,등촌,12579,11792
2022-11-18,9호선,증미,7653,6974
2022-11-18,9호선,가양,23551,22587
2022-11-18,9호선,양천향교,10846,10666
2022-11-18,9호선,마곡나루,13881,13766
2022-11-18,9호선,신방화,7339,7091
2022-11-18,9호선,공항시장,3228,3366
2022-11-18,9호선,김포공항,8409,11916
2022-11-18,9호선,개화,2953,2028
2022-11-19,9호선,개화,1622,1292
2022-11-19,9호선,김포공항,7954,11272
2022-11-19,9호선,공항시장,2308,2467
2022-11-19,9호선,신방화,5201,4724
2022-11-19,9호선,마곡나루,9713,9272
2022-11-19,9호선,양천향교,6187,5759
2022-11-19,9호선,가양,15999,15063
2022-11-19,9호선,증미,3807,3366
2022-11-19,9호선,등촌,7835,7286
2022-11-19,9호선,염창,13431,12397
2022-11-19,9호선,신목동,2881,2410
2022-11-19,9호선,선유도,4259,3935
2022-11-19,9호선,당산,15013,13901
2022-11-19,9호선,국회의사당,5963,6254
2022-11-19,9호선,여의도,17081,16068
2022-11-19,9호선,샛강,3506,3083
2022-11-19,9호선,노량진,24208,24088
2022-11-19,9호선,노들,3949,3249
2022-11-19,9호선,흑석,6630,6495
2022-11-19,9호선,동작,1583,1391
2022-11-19,9호선,구반포,1157,1271
2022-11-19,9호선,신반포,3325,3228
2022-11-19,9호선,고속터미널,16054,23785
2022-11-19,9호선,사평,2690,2399
2022-11-19,9호선,신논현,27967,28082
2022-11-20,9호선,개화,1194,1020
2022-11-20,9호선,김포공항,7273,10339
2022-11-20,9호선,공항시장,1743,2010
2022-11-20,9호선,신방화,3609,3725
2022-11-20,9호선,마곡나루,6600,6721
2022-11-20,9호선,양천향교,4579,4790
2022-11-20,9호선,가양,12833,12409
2022-11-20,9호선,증미,2748,2570
2022-11-20,9호선,등촌,5555,5520
2022-11-20,9호선,염창,9749,9635
2022-11-20,9호선,신목동,2145,1850
2022-11-20,9호선,선유도,3154,3150
2022-11-20,9호선,당산,10770,10579
2022-11-20,9호선,국회의사당,6286,5860
2022-11-20,9호선,여의도,12689,11196
2022-11-20,9호선,샛강,2285,2009
2022-11-20,9호선,노량진,16231,17318
2022-11-20,9호선,노들,3249,2850
2022-11-20,9호선,흑석,4492,4732
2022-11-20,9호선,동작,1373,1170
2022-11-20,9호선,구반포,585,585
2022-11-20,9호선,신반포,2212,2362
2022-11-20,9호선,고속터미널,13801,19732
2022-11-20,9호선,사평,1816,1924
2022-11-20,9호선,신논현,17934,16665
2022-11-21,9호선,신논현,31045,30328
2022-11-21,9호선,사평,3978,3780
2022-11-21,9호선,고속터미널,13434,18003
2022-11-21,9호선,신반포,3926,3828
2022-11-21,9호선,구반포,1304,1333
2022-11-21,9호선,동작,2120,1370
2022-11-21,9호선,흑석,10458,11029
2022-11-21,9호선,노들,4805,3960
2022-11-21,9호선,노량진,27003,26815
2022-11-21,9호선,샛강,6857,6785
2022-11-21,9호선,여의도,34602,31949
2022-11-21,9호선,국회의사당,24197,23493
2022-11-21,9호선,당산,19477,20183
2022-11-21,9호선,선유도,9566,8896
2022-11-21,9호선,신목동,4652,4048
2022-11-21,9호선,염창,18917,18356
2022-11-21,9호선,등촌,12342,11832
2022-11-21,9호선,증미,7548,7220
2022-11-21,9호선,가양,23117,22824
2022-11-21,9호선,양천향교,10334,10719
2022-11-21,9호선,마곡나루,12913,12792
2022-11-21,9호선,신방화,7326,7039
2022-11-21,9호선,공항시장,3054,3316
2022-11-21,9호선,김포공항,7217,10187
2022-11-21,9호선,개화,2978,1935
2022-11-22,9호선,신논현,31602,30999
2022-11-22,9호선,사평,3998,3928
2022-11-22,9호선,고속터미널,13285,17106
2022-11-22,9호선,신반포,3991,3965
2022-11-22,9호선,구반포,1312,1397
2022-11-22,9호선,동작,1779,1420
2022-11-22,9호선,흑석,10729,11089
2022-11-22,9호선,노들,4931,4179
2022-11-22,9호선,노량진,27402,27184
2022-11-22,9호선,샛강,7391,7147
2022-11-22,9호선,여의도,35701,32668
2022-11-22,9호선,국회의사당,24101,19991
2022-11-22,9호선,당산,20456,20736
2022-11-22,9호선,선유도,9554,9022
2022-11-22,9호선,신목동,4913,4264
2022-11-22,9호선,염창,19173,18803
2022-11-22,9호선,등촌,12763,12119
2022-11-22,9호선,증미,7693,7275
2022-11-22,9호선,가양,23590,23122
2022-11-22,9호선,양천향교,10555,11103
2022-11-22,9호선,마곡나루,13518,13338
2022-11-22,9호선,신방화,7430,7327
2022-11-22,9호선,공항시장,3200,3421
2022-11-22,9호선,김포공항,6848,9769
2022-11-22,9호선,개화,2937,1930
2022-11-23,9호선,신논현,32061,30957
2022-11-23,9호선,사평,4136,4015
2022-11-23,9호선,고속터미널,13550,17389
2022-11-23,9호선,신반포,4156,4036
2022-11-23,9호선,구반포,1829,1873
2022-11-23,9호선,동작,1987,1471
2022-11-23,9호선,흑석,10724,11117
2022-11-23,9호선,노들,5118,4232
2022-11-23,9호선,노량진,28059,27388
2022-11-23,9호선,샛강,7181,6966
2022-11-23,9호선,여의도,32965,31682
2022-11-23,9호선,국회의사당,19022,19859
2022-11-23,9호선,당산,20566,20752
2022-11-23,9호선,선유도,9597,8989
2022-11-23,9호선,신목동,4707,4074
2022-11-23,9호선,염창,19668,19109
2022-11-23,9호선,등촌,12756,11956
2022-11-23,9호선,증미,7744,7263
2022-11-23,9호선,가양,23567,23151
2022-11-23,9호선,양천향교,10681,11015
2022-11-23,9호선,마곡나루,13741,13685
2022-11-23,9호선,신방화,7419,7265
2022-11-23,9호선,공항시장,3171,3546
2022-11-23,9호선,김포공항,7056,10949
2022-11-23,9호선,개화,3050,1981
2022-11-24,9호선,개화,2944,2014
2022-11-24,9호선,김포공항,6460,10675
2022-11-24,9호선,공항시장,3218,3432
2022-11-24,9호선,신방화,7356,7284
2022-11-24,9호선,마곡나루,13618,13545
2022-11-24,9호선,양천향교,10696,11022
2022-11-24,9호선,가양,23601,23268
2022-11-24,9호선,증미,7723,7217
2022-11-24,9호선,등촌,12598,12300
2022-11-24,9호선,염창,19660,19321
2022-11-24,9호선,신목동,4938,4312
2022-11-24,9호선,선유도,9721,9285
2022-11-24,9호선,당산,20841,20991
2022-11-24,9호선,국회의사당,18762,19282
2022-11-24,9호선,여의도,33384,31630
2022-11-24,9호선,샛강,7148,7010
2022-11-24,9호선,노량진,28227,27429
2022-11-24,9호선,노들,5117,4277
2022-11-24,9호선,흑석,10936,11331
2022-11-24,9호선,동작,1856,1410
2022-11-24,9호선,구반포,1475,1582
2022-11-24,9호선,신반포,4158,4105
2022-11-24,9호선,고속터미널,14403,18433
2022-11-24,9호선,사평,4216,3992
2022-11-24,9호선,신논현,32611,31813
2022-11-25,9호선,개화,3021,2032
2022-11-25,9호선,김포공항,8190,11324
2022-11-25,9호선,공항시장,3262,3515
2022-11-25,9호선,신방화,7632,7400
2022-11-25,9호선,마곡나루,14097,13848
2022-11-25,9호선,양천향교,10756,10559
2022-11-25,9호선,가양,23680,23040
2022-11-25,9호선,증미,7807,7300
2022-11-25,9호선,등촌,12763,12001
2022-11-25,9호선,염창,19783,18971
2022-11-25,9호선,신목동,4837,4106
2022-11-25,9호선,선유도,9887,9030
2022-11-25,9호선,당산,21730,21522
2022-11-25,9호선,국회의사당,21019,20805
2022-11-25,9호선,여의도,34994,31888
2022-11-25,9호선,샛강,7215,6946
2022-11-25,9호선,노량진,29866,29055
2022-11-25,9호선,노들,5290,4246
2022-11-25,9호선,흑석,10462,10697
2022-11-25,9호선,동작,1836,1411
2022-11-25,9호선,구반포,1353,1461
2022-11-25,9호선,신반포,4279,4090
2022-11-25,9호선,고속터미널,16674,23455
2022-11-25,9호선,사평,4284,4049
2022-11-25,9호선,신논현,35988,35956
2022-11-26,9호선,개화,1717,1433
2022-11-26,9호선,김포공항,7670,10884
2022-11-26,9호선,공항시장,2437,2493
2022-11-26,9호선,신방화,5048,4604
2022-11-26,9호선,마곡나루,9159,8906
2022-11-26,9호선,양천향교,6439,6051
2022-11-26,9호선,가양,17511,16449
2022-11-26,9호선,증미,3718,3344
2022-11-26,9호선,등촌,7996,7344
2022-11-26,9호선,염창,13586,12390
2022-11-26,9호선,신목동,2941,2463
2022-11-26,9호선,선유도,4294,4036
2022-11-26,9호선,당산,15578,14644
2022-11-26,9호선,국회의사당,5942,6198
2022-11-26,9호선,여의도,17322,15706
2022-11-26,9호선,샛강,3352,3057
2022-11-26,9호선,노량진,23539,23468
2022-11-26,9호선,노들,3790,3153
2022-11-26,9호선,흑석,11423,10267
2022-11-26,9호선,동작,1618,1344
2022-11-26,9호선,구반포,1378,1409
2022-11-26,9호선,신반포,3557,3520
2022-11-26,9호선,고속터미널,16378,24956
2022-11-26,9호선,사평,2794,2484
2022-11-26,9호선,신논현,28828,29169
2022-11-27,9호선,사평,1949,1938
2022-11-27,9호선,신논현,16868,16148
2022-11-27,9호선,고속터미널,13221,19001
2022-11-27,9호선,신반포,2345,2418
2022-11-27,9호선,구반포,756,814
2022-11-27,9호선,동작,1337,1124
2022-11-27,9호선,흑석,8668,7799
2022-11-27,9호선,노들,3085,2576
2022-11-27,9호선,노량진,15979,17070
2022-11-27,9호선,샛강,2135,1823
2022-11-27,9호선,여의도,12832,11042
2022-11-27,9호선,국회의사당,8784,8499
2022-11-27,9호선,당산,10724,10236
2022-11-27,9호선,선유도,2957,2904
2022-11-27,9호선,신목동,2024,1838
2022-11-27,9호선,염창,9411,9360
2022-11-27,9호선,등촌,5460,5470
2022-11-27,9호선,증미,2581,2483
2022-11-27,9호선,가양,11993,11755
2022-11-27,9호선,양천향교,4273,4521
2022-11-27,9호선,마곡나루,6221,6166
2022-11-27,9호선,신방화,3580,3662
2022-11-27,9호선,공항시장,1739,1921
2022-11-27,9호선,김포공항,6909,9411
2022-11-27,9호선,개화,1186,950
2022-11-28,9호선,염창,18487,18176
2022-11-28,9호선,개화,2947,1918
2022-11-28,9호선,김포공항,6997,9163
2022-11-28,9호선,공항시장,3085,3319
2022-11-28,9호선,신방화,7216,7264
2022-11-28,9호선,마곡나루,13023,12672
2022-11-28,9호선,양천향교,10386,10912
2022-11-28,9호선,가양,22330,22139
2022-11-28,9호선,증미,7814,7494
2022-11-28,9호선,등촌,12447,12257
2022-11-28,9호선,신목동,4512,3991
2022-11-28,9호선,선유도,9679,9124
2022-11-28,9호선,당산,19312,19954
2022-11-28,9호선,국회의사당,18550,18506
2022-11-28,9호선,여의도,32939,30267
2022-11-28,9호선,샛강,6900,6435
2022-11-28,9호선,노량진,26510,25950
2022-11-28,9호선,노들,4644,4132
2022-11-28,9호선,흑석,10211,10672
2022-11-28,9호선,동작,1898,1190
2022-11-28,9호선,구반포,1280,1356
2022-11-28,9호선,신반포,3849,3910
2022-11-28,9호선,고속터미널,13176,17518
2022-11-28,9호선,사평,3998,4021
2022-11-28,9호선,신논현,29588,28676
2022-11-29,9호선,신논현,31361,30353
2022-11-29,9호선,사평,4466,4254
2022-11-29,9호선,고속터미널,12977,16783
2022-11-29,9호선,신반포,3998,3987
2022-11-29,9호선,구반포,1212,1319
2022-11-29,9호선,동작,1772,1265
2022-11-29,9호선,흑석,10605,10829
2022-11-29,9호선,노들,4882,4187
2022-11-29,9호선,노량진,27655,27221
2022-11-29,9호선,샛강,6820,6864
2022-11-29,9호선,여의도,32652,31173
2022-11-29,9호선,국회의사당,19098,19433
2022-11-29,9호선,당산,20430,20454
2022-11-29,9호선,선유도,9658,9086
2022-11-29,9호선,신목동,4609,4002
2022-11-29,9호선,염창,19162,18506
2022-11-29,9호선,등촌,12545,12184
2022-11-29,9호선,증미,7793,7371
2022-11-29,9호선,가양,23456,23151
2022-11-29,9호선,양천향교,10622,11005
2022-11-29,9호선,마곡나루,13572,13131
2022-11-29,9호선,신방화,7498,7424
2022-11-29,9호선,공항시장,3133,3436
2022-11-29,9호선,김포공항,7022,9203
2022-11-29,9호선,개화,2960,1943
2022-11-30,9호선,신논현,31566,29342
2022-11-30,9호선,사평,4109,3936
2022-11-30,9호선,고속터미널,13114,16651
2022-11-30,9호선,신반포,3864,3882
2022-11-30,9호선,구반포,1214,1232
2022-11-30,9호선,동작,1668,1160
2022-11-30,9호선,흑석,10027,10227
2022-11-30,9호선,노들,4845,4161
2022-11-30,9호선,노량진,27497,27235
2022-11-30,9호선,샛강,6875,6754
2022-11-30,9호선,여의도,32643,30847
2022-11-30,9호선,국회의사당,18942,18861
2022-11-30,9호선,당산,20360,20345
2022-11-30,9호선,선유도,9565,8954
2022-11-30,9호선,신목동,4668,4077
2022-11-30,9호선,염창,18794,18116
2022-11-30,9호선,등촌,12409,11937
2022-11-30,9호선,증미,7823,7237
2022-11-30,9호선,가양,22585,22391
2022-11-30,9호선,양천향교,10477,10655
2022-11-30,9호선,마곡나루,13245,12909
2022-11-30,9호선,신방화,7327,7087
2022-11-30,9호선,공항시장,3043,3393
2022-11-30,9호선,김포공항,7011,10311
2022-11-30,9호선,개화,2766,1806
2022-12-01,9호선,신논현,30713,29807
2022-12-01,9호선,사평,4006,3937
2022-12-01,9호선,고속터미널,13236,16870
2022-12-01,9호선,신반포,3841,3853
2022-12-01,9호선,구반포,1281,1398
2022-12-01,9호선,동작,1690,1253
2022-12-01,9호선,흑석,10157,10463
2022-12-01,9호선,노들,4900,4101
2022-12-01,9호선,노량진,27576,27011
2022-12-01,9호선,샛강,6800,6800
2022-12-01,9호선,여의도,33122,31034
2022-12-01,9호선,국회의사당,19234,19847
2022-12-01,9호선,당산,20141,20154
2022-12-01,9호선,선유도,9399,8775
2022-12-01,9호선,신목동,4527,3879
2022-12-01,9호선,염창,18639,18115
2022-12-01,9호선,등촌,12200,11739
2022-12-01,9호선,증미,7683,7233
2022-12-01,9호선,가양,22768,22367
2022-12-01,9호선,양천향교,10183,10585
2022-12-01,9호선,마곡나루,13407,12937
2022-12-01,9호선,신방화,7335,7190
2022-12-01,9호선,공항시장,3034,3376
2022-12-01,9호선,김포공항,6725,10322
2022-12-01,9호선,개화,2796,1823
2022-12-02,9호선,신논현,34257,34469
2022-12-02,9호선,사평,4334,4128
2022-12-02,9호선,고속터미널,15996,21734
2022-12-02,9호선,신반포,4051,3949
2022-12-02,9호선,구반포,1535,1573
2022-12-02,9호선,동작,2046,1429
2022-12-02,9호선,흑석,10106,10299
2022-12-02,9호선,노들,5075,4092
2022-12-02,9호선,노량진,30059,28645
2022-12-02,9호선,샛강,6752,6764
2022-12-02,9호선,여의도,33885,31325
2022-12-02,9호선,국회의사당,18745,18860
2022-12-02,9호선,당산,21275,21021
2022-12-02,9호선,선유도,9506,8888
2022-12-02,9호선,신목동,4670,3918
2022-12-02,9호선,염창,19336,18498
2022-12-02,9호선,등촌,12627,12099
2022-12-02,9호선,증미,7808,7187
2022-12-02,9호선,가양,23643,22848
2022-12-02,9호선,양천향교,10885,10858
2022-12-02,9호선,마곡나루,13915,13829
2022-12-02,9호선,신방화,7486,7262
2022-12-02,9호선,공항시장,3204,3341
2022-12-02,9호선,김포공항,7703,11170
2022-12-02,9호선,개화,2773,1887
2022-12-03,9호선,신논현,27310,27581
2022-12-03,9호선,사평,2574,2424
2022-12-03,9호선,고속터미널,15557,23330
2022-12-03,9호선,신반포,3363,3347
2022-12-03,9호선,구반포,1336,1406
2022-12-03,9호선,동작,1366,1139
2022-12-03,9호선,흑석,6758,6699
2022-12-03,9호선,노들,3517,2903
2022-12-03,9호선,노량진,23720,23504
2022-12-03,9호선,샛강,3169,3053
2022-12-03,9호선,여의도,17075,15196
2022-12-03,9호선,국회의사당,8225,7633
2022-12-03,9호선,당산,15101,13943
2022-12-03,9호선,선유도,4230,3868
2022-12-03,9호선,신목동,2648,2190
2022-12-03,9호선,염창,13190,12073
2022-12-03,9호선,등촌,7560,7051
2022-12-03,9호선,증미,3670,3376
2022-12-03,9호선,가양,15565,14839
2022-12-03,9호선,양천향교,5960,5734
2022-12-03,9호선,마곡나루,8776,8373
2022-12-03,9호선,신방화,4939,4807
2022-12-03,9호선,공항시장,2279,2281
2022-12-03,9호선,김포공항,7509,10688
2022-12-03,9호선,개화,1444,1142
2022-12-04,9호선,신논현,16652,15566
2022-12-04,9호선,사평,1605,1704
2022-12-04,9호선,고속터미널,12740,18792
2022-12-04,9호선,신반포,2155,2190
2022-12-04,9호선,구반포,487,511
2022-12-04,9호선,동작,1000,746
2022-12-04,9호선,흑석,4115,4226
2022-12-04,9호선,노들,2852,2530
2022-12-04,9호선,노량진,15993,16437
2022-12-04,9호선,샛강,1943,1756
2022-12-04,9호선,여의도,13154,10795
2022-12-04,9호선,국회의사당,5831,5446
2022-12-04,9호선,당산,10436,10139
2022-12-04,9호선,선유도,2833,2784
2022-12-04,9호선,신목동,1804,1619
2022-12-04,9호선,염창,9095,8945
2022-12-04,9호선,등촌,5186,5496
2022-12-04,9호선,증미,2500,2557
2022-12-04,9호선,가양,12491,11762
2022-12-04,9호선,양천향교,4205,4447
2022-12-04,9호선,마곡나루,6207,6101
2022-12-04,9호선,신방화,3617,3654
2022-12-04,9호선,공항시장,1728,1918
2022-12-04,9호선,김포공항,6823,9533
2022-12-04,9호선,개화,1011,912
2022-12-05,9호선,가양,22521,22355
2022-12-05,9호선,개화,2887,1924
2022-12-05,9호선,김포공항,6818,9953
2022-12-05,9호선,공항시장,2994,3298
2022-12-05,9호선,신방화,7386,7208
2022-12-05,9호선,마곡나루,13156,12690
2022-12-05,9호선,양천향교,10294,10807
2022-12-05,9호선,증미,7722,7309
2022-12-05,9호선,등촌,12410,12035
2022-12-05,9호선,염창,18684,18003
2022-12-05,9호선,신목동,4596,3956
2022-12-05,9호선,선유도,9520,9083
2022-12-05,9호선,당산,19460,19400
2022-12-05,9호선,국회의사당,17748,18372
2022-12-05,9호선,여의도,31957,30118
2022-12-05,9호선,샛강,6781,6830
2022-12-05,9호선,노량진,27040,26538
2022-12-05,9호선,노들,4786,4103
2022-12-05,9호선,흑석,10093,10658
2022-12-05,9호선,동작,1933,1140
2022-12-05,9호선,구반포,1196,1262
2022-12-05,9호선,신반포,3763,3747
2022-12-05,9호선,고속터미널,13185,17343
2022-12-05,9호선,사평,3983,3926
2022-12-05,9호선,신논현,30128,29226
2022-12-06,9호선,개화,2906,1894
2022-12-06,9호선,김포공항,6667,9802
2022-12-06,9호선,공항시장,3130,3372
2022-12-06,9호선,신방화,7455,7209
2022-12-06,9호선,마곡나루,13607,13227
2022-12-06,9호선,양천향교,10613,10966
2022-12-06,9호선,가양,22975,22741
2022-12-06,9호선,증미,7722,7365
2022-12-06,9호선,등촌,12587,12215
2022-12-06,9호선,염창,18849,18450
2022-12-06,9호선,신목동,4646,4053
2022-12-06,9호선,선유도,9528,8976
2022-12-06,9호선,당산,20104,20271
2022-12-06,9호선,국회의사당,18938,19327
2022-12-06,9호선,여의도,32063,30865
2022-12-06,9호선,샛강,6999,6934
2022-12-06,9호선,노량진,27932,27316
2022-12-06,9호선,노들,4931,4054
2022-12-06,9호선,흑석,10251,10647
2022-12-06,9호선,동작,1708,1307
2022-12-06,9호선,구반포,1200,1268
2022-12-06,9호선,신반포,3862,3834
2022-12-06,9호선,고속터미널,13141,16800
2022-12-06,9호선,사평,4443,4185
2022-12-06,9호선,신논현,30987,29946
2022-12-07,9호선,개화,2901,1852
2022-12-07,9호선,김포공항,6491,10290
2022-12-07,9호선,공항시장,3221,3514
2022-12-07,9호선,신방화,7449,7335
2022-12-07,9호선,마곡나루,13913,13525
2022-12-07,9호선,양천향교,10704,11125
2022-12-07,9호선,가양,23397,23052
2022-12-07,9호선,증미,7799,7356
2022-12-07,9호선,등촌,12973,12246
2022-12-07,9호선,염창,19400,18904
2022-12-07,9호선,신목동,4785,4099
2022-12-07,9호선,선유도,9711,9076
2022-12-07,9호선,당산,20816,20887
2022-12-07,9호선,국회의사당,19534,19844
2022-12-07,9호선,여의도,33376,31844
2022-12-07,9호선,샛강,7120,7124
2022-12-07,9호선,노량진,28566,27904
2022-12-07,9호선,노들,5039,4173
2022-12-07,9호선,흑석,10432,10771
2022-12-07,9호선,동작,1786,1420
2022-12-07,9호선,구반포,1346,1429
2022-12-07,9호선,신반포,4020,4033
2022-12-07,9호선,고속터미널,13559,17172
2022-12-07,9호선,사평,4316,4129
2022-12-07,9호선,신논현,31695,30852
2022-12-08,9호선,신논현,32505,31625
2022-12-08,9호선,사평,4299,4020
2022-12-08,9호선,고속터미널,13929,17725
2022-12-08,9호선,신반포,4085,3956
2022-12-08,9호선,구반포,1337,1412
2022-12-08,9호선,동작,1822,1416
2022-12-08,9호선,흑석,10195,10474
2022-12-08,9호선,노들,5051,4243
2022-12-08,9호선,노량진,29006,28199
2022-12-08,9호선,샛강,7065,7223
2022-12-08,9호선,여의도,33772,32447
2022-12-08,9호선,국회의사당,18701,19544
2022-12-08,9호선,당산,20940,20702
2022-12-08,9호선,선유도,9616,8946
2022-12-08,9호선,신목동,4880,4168
2022-12-08,9호선,등촌,12861,12202
2022-12-08,9호선,증미,7756,7270
2022-12-08,9호선,가양,23636,22895
2022-12-08,9호선,양천향교,10576,10995
2022-12-08,9호선,마곡나루,13959,13525
2022-12-08,9호선,신방화,7626,7433
2022-12-08,9호선,공항시장,3235,3491
2022-12-08,9호선,김포공항,6865,10532
2022-12-08,9호선,개화,2910,1906
2022-12-08,9호선,염창,19517,18855
2022-12-09,9호선,개화,2986,2006
2022-12-09,9호선,김포공항,8004,11248
2022-12-09,9호선,공항시장,3139,3420
2022-12-09,9호선,신방화,7675,7372
2022-12-09,9호선,마곡나루,14698,14427
2022-12-09,9호선,양천향교,10975,10828
2022-12-09,9호선,가양,23967,23195
2022-12-09,9호선,증미,7819,7168
2022-12-09,9호선,등촌,13030,12019
2022-12-09,9호선,염창,20068,19065
2022-12-09,9호선,신목동,4916,4170
2022-12-09,9호선,선유도,9665,8872
2022-12-09,9호선,당산,21858,21412
2022-12-09,9호선,국회의사당,19271,19835
2022-12-09,9호선,여의도,34596,32297
2022-12-09,9호선,샛강,7200,7195
2022-12-09,9호선,노량진,30740,29950
2022-12-09,9호선,노들,5269,4333
2022-12-09,9호선,흑석,10201,10529
2022-12-09,9호선,동작,1822,1291
2022-12-09,9호선,구반포,1459,1506
2022-12-09,9호선,신반포,4270,4176
2022-12-09,9호선,고속터미널,16112,22019
2022-12-09,9호선,사평,4419,4164
2022-12-09,9호선,신논현,36322,36607
2022-12-10,9호선,개화,1589,1297
2022-12-10,9호선,김포공항,7536,10828
2022-12-10,9호선,공항시장,2490,2565
2022-12-10,9호선,신방화,5246,4935
2022-12-10,9호선,마곡나루,9124,8764
2022-12-10,9호선,양천향교,6545,6201
2022-12-10,9호선,가양,16558,15597
2022-12-10,9호선,증미,3775,3391
2022-12-10,9호선,등촌,7986,7562
2022-12-10,9호선,염창,13776,12340
2022-12-10,9호선,신목동,2892,2437
2022-12-10,9호선,선유도,4276,4088
2022-12-10,9호선,당산,15568,14436
2022-12-10,9호선,국회의사당,6491,6497
2022-12-10,9호선,여의도,17907,16025
2022-12-10,9호선,샛강,3430,3325
2022-12-10,9호선,노량진,25494,25073
2022-12-10,9호선,노들,3688,3137
2022-12-10,9호선,흑석,6923,6912
2022-12-10,9호선,동작,1408,1177
2022-12-10,9호선,구반포,1214,1229
2022-12-10,9호선,신반포,3383,3334
2022-12-10,9호선,고속터미널,16153,23481
2022-12-10,9호선,사평,2693,2456
2022-12-10,9호선,신논현,28557,28983
2022-12-11,9호선,신목동,1923,1738
2022-12-11,9호선,염창,9653,9509
2022-12-11,9호선,등촌,5497,5559
2022-12-11,9호선,증미,2597,2700
2022-12-11,9호선,가양,12091,11727
2022-12-11,9호선,양천향교,4375,4635
2022-12-11,9호선,마곡나루,6689,6586
2022-12-11,9호선,신방화,3784,3721
2022-12-11,9호선,공항시장,1836,2059
2022-12-11,9호선,김포공항,6716,9762
2022-12-11,9호선,개화,1136,977
2022-12-11,9호선,신논현,17445,16509
2022-12-11,9호선,사평,1811,1741
2022-12-11,9호선,고속터미널,12770,18335
2022-12-11,9호선,신반포,2040,2065
2022-12-11,9호선,구반포,623,650
2022-12-11,9호선,동작,1105,886
2022-12-11,9호선,흑석,4109,4400
2022-12-11,9호선,노들,2888,2497
2022-12-11,9호선,노량진,16595,17238
2022-12-11,9호선,여의도,13493,11284
2022-12-11,9호선,국회의사당,6229,5791
2022-12-11,9호선,당산,10870,10404
2022-12-11,9호선,선유도,3230,3243
2022-12-11,9호선,샛강,2106,1783
2022-12-12,9호선,개화,2922,1974
2022-12-12,9호선,김포공항,7011,10154
2022-12-12,9호선,공항시장,3025,3369
2022-12-12,9호선,신방화,7351,7434
2022-12-12,9호선,마곡나루,13128,12759
2022-12-12,9호선,양천향교,10245,10794
2022-12-12,9호선,가양,22884,22461
2022-12-12,9호선,증미,7726,7442
2022-12-12,9호선,등촌,12544,12312
2022-12-12,9호선,염창,18814,18192
2022-12-12,9호선,신목동,4758,4158
2022-12-12,9호선,선유도,9598,8970
2022-12-12,9호선,당산,19987,20219
2022-12-12,9호선,국회의사당,18518,18477
2022-12-12,9호선,여의도,33122,30766
2022-12-12,9호선,샛강,7049,6739
2022-12-12,9호선,노량진,27231,26607
2022-12-12,9호선,노들,4870,4178
2022-12-12,9호선,흑석,9906,10421
2022-12-12,9호선,동작,1654,1222
2022-12-12,9호선,구반포,1365,1422
2022-12-12,9호선,신반포,3851,3861
2022-12-12,9호선,고속터미널,13419,17470
2022-12-12,9호선,신논현,30733,29659
2022-12-12,9호선,사평,4010,4077
2022-12-13,9호선,개화,2973,1929
2022-12-13,9호선,김포공항,7470,10302
2022-12-13,9호선,공항시장,3220,3583
2022-12-13,9호선,신논현,32464,31472
2022-12-13,9호선,사평,4406,4354
2022-12-13,9호선,고속터미널,13571,17622
2022-12-13,9호선,신반포,4477,4299
2022-12-13,9호선,구반포,1953,2004
2022-12-13,9호선,동작,1705,1261
2022-12-13,9호선,흑석,10351,10888
2022-12-13,9호선,노들,5158,4438
2022-12-13,9호선,노량진,28324,27472
2022-12-13,9호선,샛강,7517,7433
2022-12-13,9호선,여의도,35254,32223
2022-12-13,9호선,국회의사당,19714,19554
2022-12-13,9호선,당산,20854,20899
2022-12-13,9호선,선유도,10171,9453
2022-12-13,9호선,신목동,4820,4284
2022-12-13,9호선,염창,19655,19265
2022-12-13,9호선,등촌,13092,12924
2022-12-13,9호선,증미,8091,7685
2022-12-13,9호선,가양,23494,23481
2022-12-13,9호선,양천향교,10969,11205
2022-12-13,9호선,마곡나루,14214,13639
2022-12-13,9호선,신방화,7717,7650
2022-12-14,9호선,개화,2642,1782
2022-12-14,9호선,김포공항,7255,10929
2022-12-14,9호선,공항시장,3082,3342
2022-12-14,9호선,신방화,7420,7278
2022-12-14,9호선,마곡나루,14248,13568
2022-12-14,9호선,양천향교,10634,10964
2022-12-14,9호선,가양,22365,22066
2022-12-14,9호선,증미,7742,7397
2022-12-14,9호선,등촌,12544,11996
2022-12-14,9호선,염창,18918,18230
2022-12-14,9호선,신목동,4812,4154
2022-12-14,9호선,선유도,9719,9093
2022-12-14,9호선,당산,20646,20478
2022-12-14,9호선,국회의사당,19141,19720
2022-12-14,9호선,여의도,34194,32696
2022-12-14,9호선,샛강,7109,7173
2022-12-14,9호선,노량진,27976,26945
2022-12-14,9호선,노들,4823,4052
2022-12-14,9호선,흑석,9651,10037
2022-12-14,9호선,동작,1668,1156
2022-12-14,9호선,구반포,1288,1410
2022-12-14,9호선,신반포,4107,3907
2022-12-14,9호선,고속터미널,13503,17297
2022-12-14,9호선,사평,4377,4141
2022-12-14,9호선,신논현,31305,30849
2022-12-15,9호선,신논현,32829,32012
2022-12-15,9호선,사평,4469,4497
2022-12-15,9호선,고속터미널,13763,18014
2022-12-15,9호선,신반포,4412,4358
2022-12-15,9호선,구반포,1464,1486
2022-12-15,9호선,동작,1742,1267
2022-12-15,9호선,흑석,10401,10760
2022-12-15,9호선,노들,4990,4293
2022-12-15,9호선,노량진,29252,28272
2022-12-15,9호선,샛강,7906,7513
2022-12-15,9호선,여의도,36410,33704
2022-12-15,9호선,국회의사당,20398,20097
2022-12-15,9호선,당산,21494,21652
2022-12-15,9호선,선유도,10207,9535
2022-12-15,9호선,신목동,4905,4322
2022-12-15,9호선,염창,19460,19370
2022-12-15,9호선,등촌,13186,12732
2022-12-15,9호선,증미,8283,8001
2022-12-15,9호선,가양,23479,23373
2022-12-15,9호선,양천향교,10943,11310
2022-12-15,9호선,마곡나루,14978,14178
2022-12-15,9호선,신방화,7866,7782
2022-12-15,9호선,공항시장,3293,3537
2022-12-15,9호선,김포공항,7926,11848
2022-12-15,9호선,개화,2927,1912
2022-12-16,9호선,개화,2921,1922
2022-12-16,9호선,김포공항,8921,12178
2022-12-16,9호선,공항시장,3245,3497
2022-12-16,9호선,신방화,7628,7393
2022-12-16,9호선,마곡나루,14355,14178
2022-12-16,9호선,양천향교,10910,11006
2022-12-16,9호선,가양,23780,22896
2022-12-16,9호선,증미,8001,7564
2022-12-16,9호선,등촌,13166,12409
2022-12-16,9호선,염창,19933,18966
2022-12-16,9호선,신목동,4793,3923
2022-12-16,9호선,선유도,9845,9109
2022-12-16,9호선,당산,22027,21525
2022-12-16,9호선,국회의사당,18317,18856
2022-12-16,9호선,여의도,35935,33423
2022-12-16,9호선,샛강,7309,7391
2022-12-16,9호선,노량진,30768,29498
2022-12-16,9호선,노들,5065,4232
2022-12-16,9호선,흑석,10306,10412
2022-12-16,9호선,동작,1714,1290
2022-12-16,9호선,구반포,1496,1539
2022-12-16,9호선,신반포,4231,4106
2022-12-16,9호선,고속터미널,16434,22602
2022-12-16,9호선,사평,4614,4319
2022-12-16,9호선,신논현,36480,37658
2022-12-17,9호선,개화,1571,1324
2022-12-17,9호선,김포공항,8631,11809
2022-12-17,9호선,공항시장,2447,2551
2022-12-17,9호선,신방화,5464,5175
2022-12-17,9호선,마곡나루,9584,9459
2022-12-17,9호선,양천향교,6637,6372
2022-12-17,9호선,가양,16155,15114
2022-12-17,9호선,증미,4013,3683
2022-12-17,9호선,등촌,8169,7852
2022-12-17,9호선,염창,13907,12433
2022-12-17,9호선,신목동,2766,2299
2022-12-17,9호선,선유도,4894,4596
2022-12-17,9호선,당산,16145,15170
2022-12-17,9호선,국회의사당,6472,6686
2022-12-17,9호선,여의도,19495,17033
2022-12-17,9호선,샛강,3570,3375
2022-12-17,9호선,노량진,26677,25642
2022-12-17,9호선,노들,3646,3088
2022-12-17,9호선,흑석,6626,6620
2022-12-17,9호선,동작,1417,1108
2022-12-17,9호선,구반포,1115,1153
2022-12-17,9호선,신반포,3321,3240
2022-12-17,9호선,고속터미널,16428,24465
2022-12-17,9호선,사평,3044,2752
2022-12-17,9호선,신논현,29849,30717
2022-12-18,9호선,개화,961,815
2022-12-18,9호선,김포공항,6766,9612
2022-12-18,9호선,공항시장,1822,2046
2022-12-18,9호선,신방화,3626,3629
2022-12-18,9호선,마곡나루,6004,5992
2022-12-18,9호선,양천향교,4428,4602
2022-12-18,9호선,가양,10539,10601
2022-12-18,9호선,증미,2574,2591
2022-12-18,9호선,등촌,5156,5394
2022-12-18,9호선,염창,9225,8935
2022-12-18,9호선,신목동,1756,1627
2022-12-18,9호선,선유도,2880,2947
2022-12-18,9호선,당산,10208,9925
2022-12-18,9호선,국회의사당,5967,5598
2022-12-18,9호선,여의도,13831,11372
2022-12-18,9호선,샛강,2038,1946
2022-12-18,9호선,노량진,16707,16949
2022-12-18,9호선,노들,2640,2282
2022-12-18,9호선,흑석,3736,3913
2022-12-18,9호선,동작,1021,854
2022-12-18,9호선,구반포,397,399
2022-12-18,9호선,신반포,2042,2079
2022-12-18,9호선,고속터미널,12213,18100
2022-12-18,9호선,사평,1856,1917
2022-12-18,9호선,신논현,17444,16473
2022-12-19,9호선,신논현,31529,30590
2022-12-19,9호선,사평,4006,4014
2022-12-19,9호선,고속터미널,13451,17828
2022-12-19,9호선,신반포,3705,3666
2022-12-19,9호선,구반포,1168,1185
2022-12-19,9호선,동작,1590,1121
2022-12-19,9호선,흑석,9655,9916
2022-12-19,9호선,노들,4726,4005
2022-12-19,9호선,노량진,26828,26040
2022-12-19,9호선,샛강,6805,6713
2022-12-19,9호선,여의도,33077,31020
2022-12-19,9호선,국회의사당,17623,18017
2022-12-19,9호선,당산,19627,19799
2022-12-19,9호선,선유도,9330,8914
2022-12-19,9호선,신목동,4383,3896
2022-12-19,9호선,염창,18463,17895
2022-12-19,9호선,등촌,12158,11770
2022-12-19,9호선,증미,7573,7248
2022-12-19,9호선,가양,22219,21875
2022-12-19,9호선,양천향교,9924,10524
2022-12-19,9호선,마곡나루,13058,12722
2022-12-19,9호선,신방화,7177,7128
2022-12-19,9호선,공항시장,2988,3271
2022-12-19,9호선,김포공항,7591,11280
2022-12-19,9호선,개화,2789,1839
2022-12-20,9호선,개화,2973,1994
2022-12-20,9호선,김포공항,7641,11159
2022-12-20,9호선,공항시장,3137,3467
2022-12-20,9호선,신방화,7542,7385
2022-12-20,9호선,마곡나루,13989,13499
2022-12-20,9호선,양천향교,10457,10759
2022-12-20,9호선,가양,23546,23033
2022-12-20,9호선,증미,7941,7581
2022-12-20,9호선,등촌,12936,12332
2022-12-20,9호선,염창,19057,18599
2022-12-20,9호선,신목동,4717,4194
2022-12-20,9호선,선유도,9880,9371
2022-12-20,9호선,당산,21086,21173
2022-12-20,9호선,국회의사당,18925,19377
2022-12-20,9호선,여의도,34932,33103
2022-12-20,9호선,샛강,7241,7229
2022-12-20,9호선,노량진,28611,27764
2022-12-20,9호선,노들,5000,4196
2022-12-20,9호선,흑석,10156,10581
2022-12-20,9호선,동작,1751,1264
2022-12-20,9호선,구반포,1218,1282
2022-12-20,9호선,신반포,3971,3914
2022-12-20,9호선,고속터미널,14483,18497
2022-12-20,9호선,사평,4317,4177
2022-12-20,9호선,신논현,34047,33496
2022-12-21,9호선,신논현,34691,33607
2022-12-21,9호선,사평,5059,4745
2022-12-21,9호선,고속터미널,14838,18937
2022-12-21,9호선,신반포,4383,4238
2022-12-21,9호선,구반포,1364,1325
2022-12-21,9호선,동작,1801,1488
2022-12-21,9호선,흑석,11055,11059
2022-12-21,9호선,노들,5412,4488
2022-12-21,9호선,노량진,29824,28333
2022-12-21,9호선,샛강,7588,7849
2022-12-21,9호선,여의도,37086,35266
2022-12-21,9호선,국회의사당,20184,21683
2022-12-21,9호선,당산,22066,21962
2022-12-21,9호선,선유도,10539,10155
2022-12-21,9호선,신목동,5178,4467
2022-12-21,9호선,염창,20223,19502
2022-12-21,9호선,등촌,13812,12879
2022-12-21,9호선,증미,8558,8119
2022-12-21,9호선,가양,24355,23969
2022-12-21,9호선,양천향교,11304,11686
2022-12-21,9호선,마곡나루,15166,14854
2022-12-21,9호선,신방화,7994,7781
2022-12-21,9호선,공항시장,3320,3573
2022-12-21,9호선,김포공항,8419,12367
2022-12-21,9호선,개화,3573,2006
2022-12-22,9호선,신논현,35680,35132
2022-12-22,9호선,사평,4564,4485
2022-12-22,9호선,고속터미널,15285,20048
2022-12-22,9호선,신반포,4025,3961
2022-12-22,9호선,구반포,1153,1193
2022-12-22,9호선,동작,1803,1430
2022-12-22,9호선,흑석,9197,9804
2022-12-22,9호선,노들,5288,4328
2022-12-22,9호선,노량진,29641,28537
2022-12-22,9호선,샛강,7532,7417
2022-12-22,9호선,여의도,36294,33917
2022-12-22,9호선,국회의사당,19903,20287
2022-12-22,9호선,당산,21953,21538
2022-12-22,9호선,선유도,9878,9521
2022-12-22,9호선,신목동,4638,4042
2022-12-22,9호선,염창,19376,18611
2022-12-22,9호선,등촌,13000,12620
2022-12-22,9호선,증미,7973,7571
2022-12-22,9호선,가양,23598,23007
2022-12-22,9호선,양천향교,10683,11118
2022-12-22,9호선,마곡나루,14463,13904
2022-12-22,9호선,신방화,7533,7466
2022-12-22,9호선,공항시장,3187,3500
2022-12-22,9호선,김포공항,7604,9595
2022-12-22,9호선,개화,2966,1843
2022-12-23,9호선,신논현,35111,35316
2022-12-23,9호선,사평,4295,4204
2022-12-23,9호선,고속터미널,16067,23493
2022-12-23,9호선,신반포,3696,3706
2022-12-23,9호선,구반포,1175,1147
2022-12-23,9호선,동작,1573,1194
2022-12-23,9호선,흑석,9072,9185
2022-12-23,9호선,노들,4895,3991
2022-12-23,9호선,노량진,29024,27926
2022-12-23,9호선,샛강,6778,6684
2022-12-23,9호선,여의도,35510,31820
2022-12-23,9호선,국회의사당,17830,17966
2022-12-23,9호선,당산,21235,20332
2022-12-23,9호선,선유도,9206,8575
2022-12-23,9호선,신목동,4313,3770
2022-12-23,9호선,염창,18666,17593
2022-12-23,9호선,등촌,12407,11670
2022-12-23,9호선,증미,7569,7063
2022-12-23,9호선,가양,22430,21829
2022-12-23,9호선,양천향교,10266,10303
2022-12-23,9호선,마곡나루,13803,13466
2022-12-23,9호선,신방화,7628,7454
2022-12-23,9호선,공항시장,3170,3369
2022-12-23,9호선,김포공항,6808,8355
2022-12-23,9호선,개화,2679,1732
2022-12-24,9호선,신논현,24590,24348
2022-12-24,9호선,사평,2505,2312
2022-12-24,9호선,고속터미널,13866,21117
2022-12-24,9호선,신반포,2574,2538
2022-12-24,9호선,구반포,726,742
2022-12-24,9호선,동작,1198,1027
2022-12-24,9호선,흑석,5544,5542
2022-12-24,9호선,노들,3389,2794
2022-12-24,9호선,노량진,22566,21508
2022-12-24,9호선,샛강,3007,2838
2022-12-24,9호선,여의도,17658,15655
2022-12-24,9호선,국회의사당,4389,4630
2022-12-24,9호선,당산,13005,12226
2022-12-24,9호선,선유도,3892,3565
2022-12-24,9호선,신목동,2223,1882
2022-12-24,9호선,염창,11859,10858
2022-12-24,9호선,등촌,6914,6621
2022-12-24,9호선,증미,3580,3085
2022-12-24,9호선,가양,14734,14109
2022-12-24,9호선,양천향교,5631,5336
2022-12-24,9호선,마곡나루,7915,7774
2022-12-24,9호선,신방화,4632,4364
2022-12-24,9호선,공항시장,2212,2220
2022-12-24,9호선,김포공항,8616,11798
2022-12-24,9호선,개화,1160,1001
2022-12-25,9호선,개화,1013,864
2022-12-25,9호선,김포공항,7114,10041
2022-12-25,9호선,공항시장,1782,1891
2022-12-25,9호선,신방화,3572,3437
2022-12-25,9호선,마곡나루,5588,5681
2022-12-25,9호선,양천향교,4285,4284
2022-12-25,9호선,가양,10796,10464
2022-12-25,9호선,증미,2516,2481
2022-12-25,9호선,등촌,5099,5088
2022-12-25,9호선,염창,8854,8679
2022-12-25,9호선,신목동,1718,1626
2022-12-25,9호선,선유도,2845,2755
2022-12-25,9호선,당산,9867,9674
2022-12-25,9호선,국회의사당,5448,5048
2022-12-25,9호선,여의도,15171,12935
2022-12-25,9호선,노량진,15389,16183
2022-12-25,9호선,노들,2820,2449
2022-12-25,9호선,흑석,4002,4067
2022-12-25,9호선,동작,956,836
2022-12-25,9호선,구반포,323,312
2022-12-25,9호선,신반포,1929,2009
2022-12-25,9호선,고속터미널,11527,17929
2022-12-25,9호선,사평,1801,1804
2022-12-25,9호선,신논현,17793,16600
2022-12-25,9호선,샛강,1971,1681
2022-12-26,9호선,개화,2849,1751
2022-12-26,9호선,김포공항,6902,10813
2022-12-26,9호선,공항시장,3059,3354
2022-12-26,9호선,신방화,7048,6894
2022-12-26,9호선,마곡나루,12693,12243
2022-12-26,9호선,양천향교,9668,10015
2022-12-26,9호선,가양,21609,21291
2022-12-26,9호선,증미,7332,7166
2022-12-26,9호선,등촌,11883,11301
2022-12-26,9호선,염창,17959,17447
2022-12-26,9호선,신목동,4177,3585
2022-12-26,9호선,선유도,8938,8607
2022-12-26,9호선,당산,19074,19131
2022-12-26,9호선,국회의사당,16871,17438
2022-12-26,9호선,여의도,30902,29054
2022-12-26,9호선,샛강,6445,6613
2022-12-26,9호선,노량진,26079,25634
2022-12-26,9호선,노들,4784,4057
2022-12-26,9호선,흑석,8534,8799
2022-12-26,9호선,동작,1504,1223
2022-12-26,9호선,구반포,1088,1156
2022-12-26,9호선,신반포,3568,3524
2022-12-26,9호선,고속터미널,13600,18390
2022-12-26,9호선,사평,3864,3754
2022-12-26,9호선,신논현,31566,30793
2022-12-27,9호선,신논현,33189,32656
2022-12-27,9호선,사평,3975,3813
2022-12-27,9호선,고속터미널,13753,18594
2022-12-27,9호선,신반포,3731,3650
2022-12-27,9호선,구반포,1202,1219
2022-12-27,9호선,동작,1736,1284
2022-12-27,9호선,흑석,8726,9102
2022-12-27,9호선,노들,4769,4000
2022-12-27,9호선,노량진,27942,27105
2022-12-27,9호선,샛강,6811,6840
2022-12-27,9호선,여의도,31917,30366
2022-12-27,9호선,국회의사당,18330,18338
2022-12-27,9호선,당산,20226,20282
2022-12-27,9호선,선유도,9283,8917
2022-12-27,9호선,신목동,4365,3812
2022-12-27,9호선,염창,18417,17903
2022-12-27,9호선,등촌,12295,11741
2022-12-27,9호선,증미,7602,7146
2022-12-27,9호선,가양,22601,22223
2022-12-27,9호선,양천향교,10065,10422
2022-12-27,9호선,마곡나루,13768,13508
2022-12-27,9호선,신방화,7239,7099
2022-12-27,9호선,공항시장,3080,3363
2022-12-27,9호선,김포공항,7690,10922
2022-12-27,9호선,개화,2849,1839
2022-12-28,9호선,신논현,33073,32488
2022-12-28,9호선,사평,4294,4081
2022-12-28,9호선,고속터미널,14100,18822
2022-12-28,9호선,신반포,3728,3815
2022-12-28,9호선,구반포,1891,1945
2022-12-28,9호선,동작,1682,1268
2022-12-28,9호선,흑석,8821,9070
2022-12-28,9호선,노들,4911,4066
2022-12-28,9호선,노량진,28124,27058
2022-12-28,9호선,샛강,7006,7033
2022-12-28,9호선,여의도,32260,30535
2022-12-28,9호선,국회의사당,19250,19270
2022-12-28,9호선,당산,20513,20295
2022-12-28,9호선,선유도,9546,9165
2022-12-28,9호선,신목동,4443,3867
2022-12-28,9호선,염창,18914,18274
2022-12-28,9호선,등촌,12325,11781
2022-12-28,9호선,증미,7649,7242
2022-12-28,9호선,가양,22774,22348
2022-12-28,9호선,양천향교,10210,10554
2022-12-28,9호선,마곡나루,13627,13199
2022-12-28,9호선,신방화,7225,7165
2022-12-28,9호선,공항시장,3162,3404
2022-12-28,9호선,김포공항,7638,11124
2022-12-28,9호선,개화,2840,1858
2022-12-29,9호선,신논현,33016,32764
2022-12-29,9호선,사평,3775,3744
2022-12-29,9호선,고속터미널,13920,19164
2022-12-29,9호선,신반포,3610,3619
2022-12-29,9호선,구반포,1130,1214
2022-12-29,9호선,동작,1598,1198
2022-12-29,9호선,흑석,8435,8664
2022-12-29,9호선,노들,4815,3960
2022-12-29,9호선,노량진,27768,26513
2022-12-29,9호선,샛강,6702,6680
2022-12-29,9호선,여의도,31271,29461
2022-12-29,9호선,국회의사당,17798,17986
2022-12-29,9호선,당산,20473,20028
2022-12-29,9호선,선유도,9089,8706
2022-12-29,9호선,신목동,4328,3748
2022-12-29,9호선,염창,18418,17541
2022-12-29,9호선,등촌,12174,11492
2022-12-29,9호선,증미,7170,6883
2022-12-29,9호선,가양,22409,21634
2022-12-29,9호선,양천향교,10120,10282
2022-12-29,9호선,마곡나루,13330,13288
2022-12-29,9호선,신방화,7157,6967
2022-12-29,9호선,공항시장,3011,3224
2022-12-29,9호선,김포공항,7636,11023
2022-12-29,9호선,개화,2817,1805
2022-12-30,9호선,신논현,32874,33036
2022-12-30,9호선,사평,3836,3603
2022-12-30,9호선,고속터미널,15249,23148
2022-12-30,9호선,신반포,3687,3532
2022-12-30,9호선,구반포,1030,1050
2022-12-30,9호선,동작,1664,1239
2022-12-30,9호선,흑석,8340,8486
2022-12-30,9호선,노들,4652,3824
2022-12-30,9호선,노량진,28269,26862
2022-12-30,9호선,샛강,6070,6055
2022-12-30,9호선,여의도,29057,26545
2022-12-30,9호선,국회의사당,14075,14516
2022-12-30,9호선,당산,19726,18724
2022-12-30,9호선,선유도,7825,7165
2022-12-30,9호선,신목동,4070,3481
2022-12-30,9호선,염창,17917,16426
2022-12-30,9호선,등촌,11734,11145
2022-12-30,9호선,증미,6762,6190
2022-12-30,9호선,가양,21826,20902
2022-12-30,9호선,양천향교,9328,9297
2022-12-30,9호선,마곡나루,12446,12292
2022-12-30,9호선,신방화,7033,6726
2022-12-30,9호선,공항시장,3070,3295
2022-12-30,9호선,김포공항,8083,11413
2022-12-30,9호선,개화,2474,1717
2022-12-31,9호선,개화,1194,1036
2022-12-31,9호선,김포공항,6776,9593
2022-12-31,9호선,공항시장,2084,2048
2022-12-31,9호선,신방화,4400,4142
2022-12-31,9호선,마곡나루,6844,6548
2022-12-31,9호선,양천향교,5108,4756
2022-12-31,9호선,가양,12872,12068
2022-12-31,9호선,증미,3159,2850
2022-12-31,9호선,등촌,6508,6198
2022-12-31,9호선,염창,10641,9608
2022-12-31,9호선,신목동,2195,1840
2022-12-31,9호선,선유도,3456,3166
2022-12-31,9호선,당산,11112,10377
2022-12-31,9호선,국회의사당,3949,4375
2022-12-31,9호선,여의도,11858,10591
2022-12-31,9호선,샛강,2567,2404
2022-12-31,9호선,노량진,20648,19229
2022-12-31,9호선,노들,2972,2525
2022-12-31,9호선,흑석,5101,5098
2022-12-31,9호선,동작,1182,1029
2022-12-31,9호선,구반포,502,511
2022-12-31,9호선,신반포,2181,2150
2022-12-31,9호선,고속터미널,11920,18942
2022-12-31,9호선,사평,2261,2036
2022-12-31,9호선,신논현,21414,21203
2022-01-01,9호선2~3단계,중앙보훈병원,2192,2310
2022-01-01,9호선2~3단계,둔촌오륜,301,293
2022-01-01,9호선2~3단계,올림픽공원,5633,5455
2022-01-01,9호선2~3단계,한성백제,931,822
2022-01-01,9호선2~3단계,송파나루,2349,2546
2022-01-01,9호선2~3단계,석촌,3312,2852
2022-01-01,9호선2~3단계,석촌고분,2375,2318
2022-01-01,9호선2~3단계,삼전,2776,2658
2022-01-01,9호선2~3단계,종합운동장,1485,1472
2022-01-01,9호선2~3단계,봉은사,6418,6599
2022-01-01,9호선2~3단계,삼성중앙,1369,1342
2022-01-01,9호선2~3단계,선정릉,1905,2062
2022-01-01,9호선2~3단계,언주,2197,2177
2022-01-02,9호선2~3단계,중앙보훈병원,2746,2709
2022-01-02,9호선2~3단계,둔촌오륜,350,392
2022-01-02,9호선2~3단계,올림픽공원,4392,4333
2022-01-02,9호선2~3단계,한성백제,1049,1079
2022-01-02,9호선2~3단계,송파나루,2618,2984
2022-01-02,9호선2~3단계,석촌,3756,3520
2022-01-02,9호선2~3단계,석촌고분,2520,2735
2022-01-02,9호선2~3단계,삼전,2926,3136
2022-01-02,9호선2~3단계,종합운동장,1651,1751
2022-01-02,9호선2~3단계,봉은사,5861,6141
2022-01-02,9호선2~3단계,삼성중앙,1491,1670
2022-01-02,9호선2~3단계,선정릉,2156,2523
2022-01-02,9호선2~3단계,언주,2613,2890
2022-01-03,9호선2~3단계,언주,10317,10559
2022-01-03,9호선2~3단계,선정릉,9295,10247
2022-01-03,9호선2~3단계,삼성중앙,6545,6926
2022-01-03,9호선2~3단계,봉은사,15254,15591
2022-01-03,9호선2~3단계,종합운동장,4074,4111
2022-01-03,9호선2~3단계,삼전,6522,6506
2022-01-03,9호선2~3단계,석촌고분,5700,5731
2022-01-03,9호선2~3단계,석촌,7793,7017
2022-01-03,9호선2~3단계,송파나루,4598,4946
2022-01-03,9호선2~3단계,한성백제,2314,2215
2022-01-03,9호선2~3단계,올림픽공원,5514,5395
2022-01-03,9호선2~3단계,둔촌오륜,885,909
2022-01-03,9호선2~3단계,중앙보훈병원,10308,9031
2022-01-04,9호선2~3단계,언주,10831,11089
2022-01-04,9호선2~3단계,선정릉,9721,10579
2022-01-04,9호선2~3단계,삼성중앙,6712,7034
2022-01-04,9호선2~3단계,봉은사,15225,15691
2022-01-04,9호선2~3단계,종합운동장,4083,4170
2022-01-04,9호선2~3단계,삼전,6764,6709
2022-01-04,9호선2~3단계,석촌고분,5987,6011
2022-01-04,9호선2~3단계,석촌,8066,7309
2022-01-04,9호선2~3단계,송파나루,5066,5337
2022-01-04,9호선2~3단계,한성백제,2463,2302
2022-01-04,9호선2~3단계,올림픽공원,5701,5594
2022-01-04,9호선2~3단계,둔촌오륜,925,895
2022-01-04,9호선2~3단계,중앙보훈병원,10749,9507
2022-01-05,9호선2~3단계,언주,11028,11147
2022-01-05,9호선2~3단계,선정릉,9783,10688
2022-01-05,9호선2~3단계,삼성중앙,6785,7161
2022-01-05,9호선2~3단계,봉은사,15636,16072
2022-01-05,9호선2~3단계,종합운동장,4088,4068
2022-01-05,9호선2~3단계,삼전,6775,6713
2022-01-05,9호선2~3단계,석촌고분,6000,5939
2022-01-05,9호선2~3단계,석촌,8227,7374
2022-01-05,9호선2~3단계,송파나루,4849,5243
2022-01-05,9호선2~3단계,한성백제,2490,2260
2022-01-05,9호선2~3단계,올림픽공원,5598,5607
2022-01-05,9호선2~3단계,둔촌오륜,1009,973
2022-01-05,9호선2~3단계,중앙보훈병원,10695,9550
2022-01-06,9호선2~3단계,언주,10857,11133
2022-01-06,9호선2~3단계,선정릉,9749,10602
2022-01-06,9호선2~3단계,삼성중앙,6744,7136
2022-01-06,9호선2~3단계,봉은사,15577,16044
2022-01-06,9호선2~3단계,종합운동장,4131,4202
2022-01-06,9호선2~3단계,삼전,6789,6728
2022-01-06,9호선2~3단계,석촌고분,6216,6010
2022-01-06,9호선2~3단계,석촌,8204,7347
2022-01-06,9호선2~3단계,송파나루,5134,5307
2022-01-06,9호선2~3단계,한성백제,2493,2314
2022-01-06,9호선2~3단계,올림픽공원,5900,5892
2022-01-06,9호선2~3단계,둔촌오륜,945,943
2022-01-06,9호선2~3단계,중앙보훈병원,10588,9442
2022-01-07,9호선2~3단계,둔촌오륜,983,948
2022-01-07,9호선2~3단계,봉은사,15883,16165
2022-01-07,9호선2~3단계,삼성중앙,6898,7068
2022-01-07,9호선2~3단계,삼전,7011,6733
2022-01-07,9호선2~3단계,석촌,8661,7679
2022-01-07,9호선2~3단계,석촌고분,6271,6158
2022-01-07,9호선2~3단계,선정릉,9807,10531
2022-01-07,9호선2~3단계,송파나루,5307,5693
2022-01-07,9호선2~3단계,언주,11225,11121
2022-01-07,9호선2~3단계,올림픽공원,7328,7161
2022-01-07,9호선2~3단계,종합운동장,4314,4356
2022-01-07,9호선2~3단계,중앙보훈병원,10525,9338
2022-01-07,9호선2~3단계,한성백제,2520,2330
2022-01-08,9호선2~3단계,언주,6150,6102
2022-01-08,9호선2~3단계,선정릉,4286,4756
2022-01-08,9호선2~3단계,삼성중앙,2892,2939
2022-01-08,9호선2~3단계,봉은사,10003,10604
2022-01-08,9호선2~3단계,종합운동장,2869,2618
2022-01-08,9호선2~3단계,삼전,4666,4439
2022-01-08,9호선2~3단계,석촌고분,3960,3947
2022-01-08,9호선2~3단계,석촌,6232,5191
2022-01-08,9호선2~3단계,송파나루,4038,4355
2022-01-08,9호선2~3단계,한성백제,1684,1441
2022-01-08,9호선2~3단계,올림픽공원,5353,5273
2022-01-08,9호선2~3단계,둔촌오륜,515,503
2022-01-08,9호선2~3단계,중앙보훈병원,4210,3915
2022-01-09,9호선2~3단계,언주,3596,3593
2022-01-09,9호선2~3단계,선정릉,2663,3034
2022-01-09,9호선2~3단계,삼성중앙,1732,1836
2022-01-09,9호선2~3단계,봉은사,7333,7496
2022-01-09,9호선2~3단계,종합운동장,2227,2009
2022-01-09,9호선2~3단계,삼전,3293,3228
2022-01-09,9호선2~3단계,석촌고분,2762,2812
2022-01-09,9호선2~3단계,석촌,4468,3915
2022-01-09,9호선2~3단계,송파나루,2968,3216
2022-01-09,9호선2~3단계,한성백제,1203,1131
2022-01-09,9호선2~3단계,올림픽공원,4372,4281
2022-01-09,9호선2~3단계,둔촌오륜,433,454
2022-01-09,9호선2~3단계,중앙보훈병원,2981,2858
2022-01-10,9호선2~3단계,중앙보훈병원,10821,9571
2022-01-10,9호선2~3단계,둔촌오륜,917,932
2022-01-10,9호선2~3단계,올림픽공원,5641,5611
2022-01-10,9호선2~3단계,한성백제,2487,2327
2022-01-10,9호선2~3단계,송파나루,4822,5119
2022-01-10,9호선2~3단계,석촌,8211,7369
2022-01-10,9호선2~3단계,석촌고분,6002,5935
2022-01-10,9호선2~3단계,삼전,6970,6811
2022-01-10,9호선2~3단계,종합운동장,3991,4086
2022-01-10,9호선2~3단계,봉은사,15452,15673
2022-01-10,9호선2~3단계,삼성중앙,6755,7213
2022-01-10,9호선2~3단계,선정릉,9795,10536
2022-01-10,9호선2~3단계,언주,10858,11277
2022-01-11,9호선2~3단계,중앙보훈병원,10823,9637
2022-01-11,9호선2~3단계,둔촌오륜,972,913
2022-01-11,9호선2~3단계,올림픽공원,5687,5589
2022-01-11,9호선2~3단계,한성백제,2551,2359
2022-01-11,9호선2~3단계,송파나루,5242,5465
2022-01-11,9호선2~3단계,석촌,8342,7343
2022-01-11,9호선2~3단계,석촌고분,6295,6241
2022-01-11,9호선2~3단계,삼전,6954,7030
2022-01-11,9호선2~3단계,종합운동장,4258,4324
2022-01-11,9호선2~3단계,봉은사,15950,16262
2022-01-11,9호선2~3단계,삼성중앙,7148,7497
2022-01-11,9호선2~3단계,선정릉,9775,10670
2022-01-11,9호선2~3단계,언주,11364,11635
2022-01-12,9호선2~3단계,중앙보훈병원,10644,9347
2022-01-12,9호선2~3단계,둔촌오륜,958,920
2022-01-12,9호선2~3단계,올림픽공원,5614,5658
2022-01-12,9호선2~3단계,한성백제,2526,2273
2022-01-12,9호선2~3단계,송파나루,5203,5378
2022-01-12,9호선2~3단계,석촌,8302,7239
2022-01-12,9호선2~3단계,석촌고분,6111,6144
2022-01-12,9호선2~3단계,삼전,6927,6810
2022-01-12,9호선2~3단계,종합운동장,4284,4367
2022-01-12,9호선2~3단계,봉은사,15883,16130
2022-01-12,9호선2~3단계,삼성중앙,7030,7401
2022-01-12,9호선2~3단계,선정릉,9709,10534
2022-01-12,9호선2~3단계,언주,11113,11359
2022-01-13,9호선2~3단계,언주,11148,11397
2022-01-13,9호선2~3단계,선정릉,9865,10739
2022-01-13,9호선2~3단계,삼성중앙,6975,7389
2022-01-13,9호선2~3단계,봉은사,15715,16146
2022-01-13,9호선2~3단계,종합운동장,4428,4255
2022-01-13,9호선2~3단계,삼전,6881,6772
2022-01-13,9호선2~3단계,석촌고분,6076,6232
2022-01-13,9호선2~3단계,석촌,8178,7301
2022-01-13,9호선2~3단계,송파나루,5054,5491
2022-01-13,9호선2~3단계,한성백제,2510,2340
2022-01-13,9호선2~3단계,올림픽공원,5447,5477
2022-01-13,9호선2~3단계,둔촌오륜,972,914
2022-01-13,9호선2~3단계,중앙보훈병원,10702,9417
2022-01-14,9호선2~3단계,언주,11367,11439
2022-01-14,9호선2~3단계,선정릉,9854,10582
2022-01-14,9호선2~3단계,삼성중앙,6924,7183
2022-01-14,9호선2~3단계,봉은사,15841,16088
2022-01-14,9호선2~3단계,종합운동장,4404,4416
2022-01-14,9호선2~3단계,삼전,7053,6880
2022-01-14,9호선2~3단계,석촌고분,6243,6273
2022-01-14,9호선2~3단계,석촌,8437,7604
2022-01-14,9호선2~3단계,송파나루,5344,5720
2022-01-14,9호선2~3단계,한성백제,2546,2350
2022-01-14,9호선2~3단계,올림픽공원,5679,5609
2022-01-14,9호선2~3단계,둔촌오륜,976,907
2022-01-14,9호선2~3단계,중앙보훈병원,10527,9223
2022-01-15,9호선2~3단계,중앙보훈병원,4360,4120
2022-01-15,9호선2~3단계,둔촌오륜,511,558
2022-01-15,9호선2~3단계,올림픽공원,3415,3411
2022-01-15,9호선2~3단계,한성백제,1622,1394
2022-01-15,9호선2~3단계,송파나루,4074,4467
2022-01-15,9호선2~3단계,석촌,6175,5199
2022-01-15,9호선2~3단계,석촌고분,4154,4022
2022-01-15,9호선2~3단계,삼전,4735,4520
2022-01-15,9호선2~3단계,종합운동장,2730,2656
2022-01-15,9호선2~3단계,봉은사,9878,10558
2022-01-15,9호선2~3단계,삼성중앙,2982,3053
2022-01-15,9호선2~3단계,선정릉,4373,4860
2022-01-15,9호선2~3단계,언주,6203,6173
2022-01-16,9호선2~3단계,언주,3767,3787
2022-01-16,9호선2~3단계,선정릉,2778,3016
2022-01-16,9호선2~3단계,삼성중앙,1827,2021
2022-01-16,9호선2~3단계,봉은사,7590,7345
2022-01-16,9호선2~3단계,종합운동장,2027,1854
2022-01-16,9호선2~3단계,삼전,3391,3372
2022-01-16,9호선2~3단계,석촌고분,2807,2960
2022-01-16,9호선2~3단계,석촌,4274,3719
2022-01-16,9호선2~3단계,송파나루,3062,3250
2022-01-16,9호선2~3단계,한성백제,1210,1083
2022-01-16,9호선2~3단계,올림픽공원,2603,2771
2022-01-16,9호선2~3단계,둔촌오륜,443,467
2022-01-16,9호선2~3단계,중앙보훈병원,3083,3000
2022-01-17,9호선2~3단계,언주,11312,11421
2022-01-17,9호선2~3단계,선정릉,9774,10553
2022-01-17,9호선2~3단계,삼성중앙,7186,7458
2022-01-17,9호선2~3단계,봉은사,16090,16023
2022-01-17,9호선2~3단계,종합운동장,4246,4164
2022-01-17,9호선2~3단계,삼전,7000,7086
2022-01-17,9호선2~3단계,석촌고분,6135,6250
2022-01-17,9호선2~3단계,석촌,8120,7305
2022-01-17,9호선2~3단계,송파나루,4967,5237
2022-01-17,9호선2~3단계,한성백제,2458,2327
2022-01-17,9호선2~3단계,올림픽공원,5492,5415
2022-01-17,9호선2~3단계,둔촌오륜,936,974
2022-01-17,9호선2~3단계,중앙보훈병원,10692,9354
2022-01-18,9호선2~3단계,중앙보훈병원,11106,9887
2022-01-18,9호선2~3단계,둔촌오륜,991,992
2022-01-18,9호선2~3단계,올림픽공원,5690,5630
2022-01-18,9호선2~3단계,한성백제,2573,2409
2022-01-18,9호선2~3단계,송파나루,5180,5490
2022-01-18,9호선2~3단계,석촌,8357,7425
2022-01-18,9호선2~3단계,석촌고분,6319,6239
2022-01-18,9호선2~3단계,삼전,6990,6949
2022-01-18,9호선2~3단계,종합운동장,4297,4271
2022-01-18,9호선2~3단계,봉은사,15916,16415
2022-01-18,9호선2~3단계,삼성중앙,6998,7494
2022-01-18,9호선2~3단계,선정릉,10185,10835
2022-01-18,9호선2~3단계,언주,11215,11536
2022-01-19,9호선2~3단계,중앙보훈병원,11423,10223
2022-01-19,9호선2~3단계,둔촌오륜,1055,1024
2022-01-19,9호선2~3단계,올림픽공원,5966,6004
2022-01-19,9호선2~3단계,한성백제,2781,2585
2022-01-19,9호선2~3단계,송파나루,5386,5764
2022-01-19,9호선2~3단계,석촌,8683,7648
2022-01-19,9호선2~3단계,석촌고분,6593,6632
2022-01-19,9호선2~3단계,삼전,7460,7417
2022-01-19,9호선2~3단계,종합운동장,4480,4472
2022-01-19,9호선2~3단계,봉은사,17051,17039
2022-01-19,9호선2~3단계,삼성중앙,7607,7878
2022-01-19,9호선2~3단계,선정릉,10182,11066
2022-01-19,9호선2~3단계,언주,11578,11799
2022-01-20,9호선2~3단계,언주,11152,11426
2022-01-20,9호선2~3단계,선정릉,10014,10879
2022-01-20,9호선2~3단계,삼성중앙,7014,7587
2022-01-20,9호선2~3단계,봉은사,17043,17586
2022-01-20,9호선2~3단계,종합운동장,4448,4255
2022-01-20,9호선2~3단계,삼전,7157,6959
2022-01-20,9호선2~3단계,석촌고분,6385,6340
2022-01-20,9호선2~3단계,석촌,8601,7581
2022-01-20,9호선2~3단계,송파나루,5224,5525
2022-01-20,9호선2~3단계,한성백제,2691,2439
2022-01-20,9호선2~3단계,올림픽공원,5818,5894
2022-01-20,9호선2~3단계,둔촌오륜,988,964
2022-01-20,9호선2~3단계,중앙보훈병원,10897,9552
2022-01-21,9호선2~3단계,중앙보훈병원,10857,9449
2022-01-21,9호선2~3단계,둔촌오륜,1022,925
2022-01-21,9호선2~3단계,올림픽공원,7282,7057
2022-01-21,9호선2~3단계,한성백제,2636,2492
2022-01-21,9호선2~3단계,송파나루,5355,5790
2022-01-21,9호선2~3단계,석촌,8849,7802
2022-01-21,9호선2~3단계,석촌고분,6367,6431
2022-01-21,9호선2~3단계,삼전,7394,7053
2022-01-21,9호선2~3단계,종합운동장,4586,4508
2022-01-21,9호선2~3단계,봉은사,17714,17987
2022-01-21,9호선2~3단계,삼성중앙,7025,7430
2022-01-21,9호선2~3단계,선정릉,10002,10557
2022-01-21,9호선2~3단계,언주,11515,11547
2022-01-22,9호선2~3단계,언주,6014,6172
2022-01-22,9호선2~3단계,선정릉,4602,5143
2022-01-22,9호선2~3단계,삼성중앙,2921,3160
2022-01-22,9호선2~3단계,봉은사,12248,13094
2022-01-22,9호선2~3단계,종합운동장,3065,2700
2022-01-22,9호선2~3단계,삼전,4905,4607
2022-01-22,9호선2~3단계,석촌고분,4166,4056
2022-01-22,9호선2~3단계,석촌,6472,5585
2022-01-22,9호선2~3단계,송파나루,4097,4368
2022-01-22,9호선2~3단계,한성백제,1634,1420
2022-01-22,9호선2~3단계,올림픽공원,5832,5730
2022-01-22,9호선2~3단계,둔촌오륜,599,636
2022-01-22,9호선2~3단계,중앙보훈병원,4434,4212
2022-01-23,9호선2~3단계,언주,3593,3674
2022-01-23,9호선2~3단계,선정릉,2757,3059
2022-01-23,9호선2~3단계,삼성중앙,1731,1852
2022-01-23,9호선2~3단계,봉은사,7946,8186
2022-01-23,9호선2~3단계,종합운동장,1954,1817
2022-01-23,9호선2~3단계,삼전,3493,3376
2022-01-23,9호선2~3단계,석촌고분,2894,2859
2022-01-23,9호선2~3단계,석촌,4541,3906
2022-01-23,9호선2~3단계,송파나루,3061,3378
2022-01-23,9호선2~3단계,한성백제,1221,1178
2022-01-23,9호선2~3단계,올림픽공원,4157,4230
2022-01-23,9호선2~3단계,둔촌오륜,480,474
2022-01-23,9호선2~3단계,중앙보훈병원,3153,3071
2022-01-24,9호선2~3단계,언주,10863,11291
2022-01-24,9호선2~3단계,선정릉,9830,10783
2022-01-24,9호선2~3단계,삼성중앙,6991,7479
2022-01-24,9호선2~3단계,봉은사,15454,15966
2022-01-24,9호선2~3단계,종합운동장,4183,4315
2022-01-24,9호선2~3단계,삼전,6957,6557
2022-01-24,9호선2~3단계,석촌고분,5976,6039
2022-01-24,9호선2~3단계,석촌,8272,7333
2022-01-24,9호선2~3단계,송파나루,4819,5175
2022-01-24,9호선2~3단계,한성백제,2439,2241
2022-01-24,9호선2~3단계,올림픽공원,5636,5605
2022-01-24,9호선2~3단계,둔촌오륜,939,935
2022-01-24,9호선2~3단계,중앙보훈병원,10788,9574
2022-01-25,9호선2~3단계,중앙보훈병원,10952,9815
2022-01-25,9호선2~3단계,둔촌오륜,982,946
2022-01-25,9호선2~3단계,올림픽공원,5571,5590
2022-01-25,9호선2~3단계,한성백제,2485,2350
2022-01-25,9호선2~3단계,송파나루,5098,5377
2022-01-25,9호선2~3단계,석촌,8570,7657
2022-01-25,9호선2~3단계,석촌고분,6206,6073
2022-01-25,9호선2~3단계,삼전,6987,6831
2022-01-25,9호선2~3단계,종합운동장,4289,4314
2022-01-25,9호선2~3단계,봉은사,16182,16306
2022-01-25,9호선2~3단계,삼성중앙,7190,7714
2022-01-25,9호선2~3단계,선정릉,10013,10979
2022-01-25,9호선2~3단계,언주,11298,11536
2022-01-26,9호선2~3단계,언주,11203,11470
2022-01-26,9호선2~3단계,선정릉,9973,11072
2022-01-26,9호선2~3단계,삼성중앙,7122,7423
2022-01-26,9호선2~3단계,봉은사,16811,16966
2022-01-26,9호선2~3단계,종합운동장,4338,4321
2022-01-26,9호선2~3단계,삼전,7082,6842
2022-01-26,9호선2~3단계,석촌고분,6233,6206
2022-01-26,9호선2~3단계,석촌,8603,7756
2022-01-26,9호선2~3단계,송파나루,5292,5538
2022-01-26,9호선2~3단계,한성백제,2577,2422
2022-01-26,9호선2~3단계,올림픽공원,5849,5874
2022-01-26,9호선2~3단계,둔촌오륜,981,983
2022-01-26,9호선2~3단계,중앙보훈병원,11105,9715
2022-01-27,9호선2~3단계,중앙보훈병원,10432,9341
2022-01-27,9호선2~3단계,둔촌오륜,930,882
2022-01-27,9호선2~3단계,올림픽공원,5655,5552
2022-01-27,9호선2~3단계,한성백제,2641,2323
2022-01-27,9호선2~3단계,송파나루,5205,5388
2022-01-27,9호선2~3단계,석촌,8444,7395
2022-01-27,9호선2~3단계,석촌고분,6306,6226
2022-01-27,9호선2~3단계,삼전,7000,6752
2022-01-27,9호선2~3단계,종합운동장,4591,4528
2022-01-27,9호선2~3단계,봉은사,15921,16246
2022-01-27,9호선2~3단계,삼성중앙,7122,7440
2022-01-27,9호선2~3단계,선정릉,9809,10869
2022-01-27,9호선2~3단계,언주,11151,11215
2022-01-28,9호선2~3단계,언주,10936,10617
2022-01-28,9호선2~3단계,선정릉,9423,9951
2022-01-28,9호선2~3단계,삼성중앙,6723,6909
2022-01-28,9호선2~3단계,봉은사,15035,14952
2022-01-28,9호선2~3단계,종합운동장,4256,4142
2022-01-28,9호선2~3단계,삼전,7096,6634
2022-01-28,9호선2~3단계,석촌고분,6278,6052
2022-01-28,9호선2~3단계,석촌,8614,7342
2022-01-28,9호선2~3단계,송파나루,5214,5350
2022-01-28,9호선2~3단계,한성백제,2477,2227
2022-01-28,9호선2~3단계,올림픽공원,6638,6436
2022-01-28,9호선2~3단계,둔촌오륜,830,826
2022-01-28,9호선2~3단계,중앙보훈병원,9958,8790
2022-01-29,9호선2~3단계,중앙보훈병원,3365,3136
2022-01-29,9호선2~3단계,둔촌오륜,477,461
2022-01-29,9호선2~3단계,올림픽공원,4638,4335
2022-01-29,9호선2~3단계,한성백제,1462,1096
2022-01-29,9호선2~3단계,송파나루,3460,3455
2022-01-29,9호선2~3단계,석촌,5211,4265
2022-01-29,9호선2~3단계,석촌고분,3607,3210
2022-01-29,9호선2~3단계,삼전,4314,3753
2022-01-29,9호선2~3단계,종합운동장,2378,2203
2022-01-29,9호선2~3단계,봉은사,7093,7178
2022-01-29,9호선2~3단계,삼성중앙,2348,2275
2022-01-29,9호선2~3단계,선정릉,3381,3468
2022-01-29,9호선2~3단계,언주,4010,3707
2022-01-30,9호선2~3단계,중앙보훈병원,2459,2436
2022-01-30,9호선2~3단계,둔촌오륜,445,427
2022-01-30,9호선2~3단계,올림픽공원,3450,3276
2022-01-30,9호선2~3단계,한성백제,1045,802
2022-01-30,9호선2~3단계,송파나루,2500,2476
2022-01-30,9호선2~3단계,석촌,3688,2710
2022-01-30,9호선2~3단계,석촌고분,2526,2197
2022-01-30,9호선2~3단계,삼전,2997,2502
2022-01-30,9호선2~3단계,종합운동장,1783,1500
2022-01-30,9호선2~3단계,봉은사,5366,5224
2022-01-30,9호선2~3단계,삼성중앙,1488,1431
2022-01-30,9호선2~3단계,선정릉,2133,2027
2022-01-30,9호선2~3단계,언주,2417,2205
2022-01-31,9호선2~3단계,중앙보훈병원,1778,1788
2022-01-31,9호선2~3단계,둔촌오륜,238,258
2022-01-31,9호선2~3단계,올림픽공원,1622,1628
2022-01-31,9호선2~3단계,한성백제,721,555
2022-01-31,9호선2~3단계,송파나루,1818,1752
2022-01-31,9호선2~3단계,석촌,2705,2049
2022-01-31,9호선2~3단계,석촌고분,1901,1623
2022-01-31,9호선2~3단계,삼전,2178,1946
2022-01-31,9호선2~3단계,종합운동장,1088,1004
2022-01-31,9호선2~3단계,봉은사,4377,4421
2022-01-31,9호선2~3단계,삼성중앙,1246,1027
2022-01-31,9호선2~3단계,선정릉,1558,1464
2022-01-31,9호선2~3단계,언주,1747,1562
2022-02-01,9호선2~3단계,중앙보훈병원,1939,1900
2022-02-01,9호선2~3단계,둔촌오륜,227,218
2022-02-01,9호선2~3단계,올림픽공원,1536,1692
2022-02-01,9호선2~3단계,한성백제,743,730
2022-02-01,9호선2~3단계,송파나루,1501,1650
2022-02-01,9호선2~3단계,석촌,2348,2396
2022-02-01,9호선2~3단계,석촌고분,1626,1943
2022-02-01,9호선2~3단계,삼전,1882,2245
2022-02-01,9호선2~3단계,종합운동장,1025,1071
2022-02-01,9호선2~3단계,봉은사,5174,5635
2022-02-01,9호선2~3단계,삼성중앙,879,960
2022-02-01,9호선2~3단계,선정릉,1137,1538
2022-02-01,9호선2~3단계,언주,1338,1440
2022-02-02,9호선2~3단계,송파나루,2047,2499
2022-02-02,9호선2~3단계,한성백제,1008,1064
2022-02-02,9호선2~3단계,올림픽공원,2217,2343
2022-02-02,9호선2~3단계,둔촌오륜,348,313
2022-02-02,9호선2~3단계,중앙보훈병원,2545,2452
2022-02-02,9호선2~3단계,언주,1938,2330
2022-02-02,9호선2~3단계,선정릉,1849,2379
2022-02-02,9호선2~3단계,삼성중앙,1304,1589
2022-02-02,9호선2~3단계,봉은사,5625,5795
2022-02-02,9호선2~3단계,종합운동장,1437,1591
2022-02-02,9호선2~3단계,삼전,2569,3013
2022-02-02,9호선2~3단계,석촌고분,2119,2530
2022-02-02,9호선2~3단계,석촌,3219,3360
2022-02-03,9호선2~3단계,중앙보훈병원,9233,8190
2022-02-03,9호선2~3단계,둔촌오륜,898,891
2022-02-03,9호선2~3단계,올림픽공원,5069,4917
2022-02-03,9호선2~3단계,한성백제,2190,2048
2022-02-03,9호선2~3단계,송파나루,4458,4911
2022-02-03,9호선2~3단계,석촌,7488,6673
2022-02-03,9호선2~3단계,석촌고분,5400,5532
2022-02-03,9호선2~3단계,삼전,6123,6131
2022-02-03,9호선2~3단계,종합운동장,3702,3739
2022-02-03,9호선2~3단계,봉은사,14001,14239
2022-02-03,9호선2~3단계,삼성중앙,6217,6583
2022-02-03,9호선2~3단계,선정릉,8292,9259
2022-02-03,9호선2~3단계,언주,9638,10003
2022-02-04,9호선2~3단계,중앙보훈병원,9621,8564
2022-02-04,9호선2~3단계,둔촌오륜,933,842
2022-02-04,9호선2~3단계,올림픽공원,5230,5121
2022-02-04,9호선2~3단계,한성백제,2295,2146
2022-02-04,9호선2~3단계,송파나루,4769,5188
2022-02-04,9호선2~3단계,석촌,7834,7014
2022-02-04,9호선2~3단계,석촌고분,5830,5752
2022-02-04,9호선2~3단계,삼전,6548,6459
2022-02-04,9호선2~3단계,종합운동장,3926,3969
2022-02-04,9호선2~3단계,봉은사,14966,15090
2022-02-04,9호선2~3단계,삼성중앙,6643,6925
2022-02-04,9호선2~3단계,선정릉,8720,9456
2022-02-04,9호선2~3단계,언주,10263,10403
2022-02-05,9호선2~3단계,언주,5418,5388
2022-02-05,9호선2~3단계,선정릉,3674,4025
2022-02-05,9호선2~3단계,삼성중앙,2595,2734
2022-02-05,9호선2~3단계,봉은사,9078,9161
2022-02-05,9호선2~3단계,종합운동장,2601,2385
2022-02-05,9호선2~3단계,삼전,4417,4211
2022-02-05,9호선2~3단계,석촌고분,3776,3734
2022-02-05,9호선2~3단계,석촌,5443,4703
2022-02-05,9호선2~3단계,송파나루,3646,3959
2022-02-05,9호선2~3단계,한성백제,1450,1250
2022-02-05,9호선2~3단계,올림픽공원,3752,3750
2022-02-05,9호선2~3단계,둔촌오륜,439,463
2022-02-05,9호선2~3단계,중앙보훈병원,3727,3501
2022-02-06,9호선2~3단계,중앙보훈병원,2666,2600
2022-02-06,9호선2~3단계,둔촌오륜,437,385
2022-02-06,9호선2~3단계,올림픽공원,3016,3096
2022-02-06,9호선2~3단계,한성백제,1002,948
2022-02-06,9호선2~3단계,송파나루,2650,2749
2022-02-06,9호선2~3단계,석촌,3762,3393
2022-02-06,9호선2~3단계,석촌고분,2577,2701
2022-02-06,9호선2~3단계,삼전,3126,3060
2022-02-06,9호선2~3단계,종합운동장,1910,1683
2022-02-06,9호선2~3단계,봉은사,6348,6361
2022-02-06,9호선2~3단계,삼성중앙,1643,1778
2022-02-06,9호선2~3단계,선정릉,2275,2612
2022-02-06,9호선2~3단계,언주,3015,3146
2022-02-07,9호선2~3단계,언주,10640,11012
2022-02-07,9호선2~3단계,선정릉,9407,10407
2022-02-07,9호선2~3단계,삼성중앙,6795,7285
2022-02-07,9호선2~3단계,봉은사,15027,15282
2022-02-07,9호선2~3단계,종합운동장,3998,4066
2022-02-07,9호선2~3단계,삼전,6639,6505
2022-02-07,9호선2~3단계,석촌고분,5923,5941
2022-02-07,9호선2~3단계,석촌,7929,7065
2022-02-07,9호선2~3단계,송파나루,4672,4958
2022-02-07,9호선2~3단계,한성백제,2314,2223
2022-02-07,9호선2~3단계,올림픽공원,5351,5357
2022-02-07,9호선2~3단계,둔촌오륜,1090,1056
2022-02-07,9호선2~3단계,중앙보훈병원,10590,9401
2022-02-08,9호선2~3단계,중앙보훈병원,10502,9505
2022-02-08,9호선2~3단계,둔촌오륜,1130,1067
2022-02-08,9호선2~3단계,올림픽공원,5526,5569
2022-02-08,9호선2~3단계,한성백제,2481,2248
2022-02-08,9호선2~3단계,송파나루,4886,5123
2022-02-08,9호선2~3단계,석촌,8145,7210
2022-02-08,9호선2~3단계,석촌고분,6041,6101
2022-02-08,9호선2~3단계,삼전,6779,6578
2022-02-08,9호선2~3단계,종합운동장,3960,4088
2022-02-08,9호선2~3단계,봉은사,15132,15573
2022-02-08,9호선2~3단계,삼성중앙,6872,7226
2022-02-08,9호선2~3단계,선정릉,9739,10540
2022-02-08,9호선2~3단계,언주,10768,11026
2022-02-09,9호선2~3단계,언주,10640,10851
2022-02-09,9호선2~3단계,선정릉,9670,10502
2022-02-09,9호선2~3단계,삼성중앙,6690,7091
2022-02-09,9호선2~3단계,봉은사,16177,16754
2022-02-09,9호선2~3단계,종합운동장,4144,4188
2022-02-09,9호선2~3단계,삼전,6778,6603
2022-02-09,9호선2~3단계,석촌고분,5961,5986
2022-02-09,9호선2~3단계,석촌,8247,7389
2022-02-09,9호선2~3단계,송파나루,4761,5077
2022-02-09,9호선2~3단계,한성백제,2499,2275
2022-02-09,9호선2~3단계,올림픽공원,5667,5485
2022-02-09,9호선2~3단계,둔촌오륜,1118,1062
2022-02-09,9호선2~3단계,중앙보훈병원,10756,9468
2022-02-10,9호선2~3단계,언주,10554,10850
2022-02-10,9호선2~3단계,선정릉,9513,10376
2022-02-10,9호선2~3단계,삼성중앙,6704,7089
2022-02-10,9호선2~3단계,봉은사,15891,16205
2022-02-10,9호선2~3단계,종합운동장,4001,4097
2022-02-10,9호선2~3단계,삼전,6808,6548
2022-02-10,9호선2~3단계,석촌고분,5967,5933
2022-02-10,9호선2~3단계,석촌,8091,7273
2022-02-10,9호선2~3단계,송파나루,4820,5227
2022-02-10,9호선2~3단계,한성백제,2516,2207
2022-02-10,9호선2~3단계,올림픽공원,5498,5413
2022-02-10,9호선2~3단계,둔촌오륜,1083,1041
2022-02-10,9호선2~3단계,중앙보훈병원,10469,9275
2022-02-11,9호선2~3단계,언주,10512,10594
2022-02-11,9호선2~3단계,선정릉,9524,10255
2022-02-11,9호선2~3단계,삼성중앙,6745,7061
2022-02-11,9호선2~3단계,봉은사,15432,15639
2022-02-11,9호선2~3단계,종합운동장,4034,4149
2022-02-11,9호선2~3단계,삼전,6861,6560
2022-02-11,9호선2~3단계,석촌고분,6074,5978
2022-02-11,9호선2~3단계,석촌,8327,7447
2022-02-11,9호선2~3단계,송파나루,4999,5355
2022-02-11,9호선2~3단계,한성백제,2516,2261
2022-02-11,9호선2~3단계,올림픽공원,5468,5407
2022-02-11,9호선2~3단계,둔촌오륜,1123,1033
2022-02-11,9호선2~3단계,중앙보훈병원,10118,8982
2022-02-12,9호선2~3단계,언주,5823,5894
2022-02-12,9호선2~3단계,선정릉,4298,4671
2022-02-12,9호선2~3단계,삼성중앙,2801,2964
2022-02-12,9호선2~3단계,봉은사,9028,9470
2022-02-12,9호선2~3단계,종합운동장,2880,2655
2022-02-12,9호선2~3단계,삼전,4579,4262
2022-02-12,9호선2~3단계,석촌고분,4013,3777
2022-02-12,9호선2~3단계,석촌,5998,5238
2022-02-12,9호선2~3단계,송파나루,3832,4159
2022-02-12,9호선2~3단계,한성백제,1650,1374
2022-02-12,9호선2~3단계,올림픽공원,5347,5113
2022-02-12,9호선2~3단계,둔촌오륜,520,549
2022-02-12,9호선2~3단계,중앙보훈병원,4188,3929
2022-02-13,9호선2~3단계,중앙보훈병원,2886,2837
2022-02-13,9호선2~3단계,둔촌오륜,390,424
2022-02-13,9호선2~3단계,올림픽공원,4285,4181
2022-02-13,9호선2~3단계,한성백제,1199,1068
2022-02-13,9호선2~3단계,송파나루,2744,2907
2022-02-13,9호선2~3단계,석촌,4159,3612
2022-02-13,9호선2~3단계,석촌고분,2789,2761
2022-02-13,9호선2~3단계,삼전,3248,3191
2022-02-13,9호선2~3단계,종합운동장,1906,1752
2022-02-13,9호선2~3단계,봉은사,6308,6469
2022-02-13,9호선2~3단계,삼성중앙,1726,1889
2022-02-13,9호선2~3단계,선정릉,2625,3037
2022-02-13,9호선2~3단계,언주,3450,3491
2022-02-14,9호선2~3단계,언주,10809,10903
2022-02-14,9호선2~3단계,선정릉,9268,10200
2022-02-14,9호선2~3단계,삼성중앙,6657,7006
2022-02-14,9호선2~3단계,봉은사,14926,15072
2022-02-14,9호선2~3단계,종합운동장,4138,3970
2022-02-14,9호선2~3단계,삼전,6756,6652
2022-02-14,9호선2~3단계,석촌고분,5835,5836
2022-02-14,9호선2~3단계,석촌,7909,7202
2022-02-14,9호선2~3단계,송파나루,4829,4969
2022-02-14,9호선2~3단계,한성백제,2449,2290
2022-02-14,9호선2~3단계,올림픽공원,5507,5219
2022-02-14,9호선2~3단계,둔촌오륜,915,885
2022-02-14,9호선2~3단계,중앙보훈병원,10667,9354
2022-02-15,9호선2~3단계,언주,10558,10859
2022-02-15,9호선2~3단계,선정릉,9386,10274
2022-02-15,9호선2~3단계,삼성중앙,6570,7054
2022-02-15,9호선2~3단계,봉은사,15099,15385
2022-02-15,9호선2~3단계,종합운동장,4071,4020
2022-02-15,9호선2~3단계,삼전,6716,6633
2022-02-15,9호선2~3단계,석촌고분,5942,6059
2022-02-15,9호선2~3단계,석촌,7864,6920
2022-02-15,9호선2~3단계,송파나루,4962,5228
2022-02-15,9호선2~3단계,한성백제,2422,2250
2022-02-15,9호선2~3단계,올림픽공원,5351,5240
2022-02-15,9호선2~3단계,둔촌오륜,969,924
2022-02-15,9호선2~3단계,중앙보훈병원,10662,9320
2022-02-16,9호선2~3단계,언주,10497,10561
2022-02-16,9호선2~3단계,선정릉,9112,10180
2022-02-16,9호선2~3단계,삼성중앙,6379,6808
2022-02-16,9호선2~3단계,봉은사,14949,14929
2022-02-16,9호선2~3단계,종합운동장,4095,4005
2022-02-16,9호선2~3단계,삼전,6754,6520
2022-02-16,9호선2~3단계,석촌고분,5903,5922
2022-02-16,9호선2~3단계,석촌,7853,6963
2022-02-16,9호선2~3단계,송파나루,4850,5100
2022-02-16,9호선2~3단계,한성백제,2443,2212
2022-02-16,9호선2~3단계,올림픽공원,5306,5095
2022-02-16,9호선2~3단계,둔촌오륜,969,923
2022-02-16,9호선2~3단계,중앙보훈병원,10231,8925
2022-02-17,9호선2~3단계,중앙보훈병원,10236,9008
2022-02-17,9호선2~3단계,둔촌오륜,910,865
2022-02-17,9호선2~3단계,올림픽공원,5065,4955
2022-02-17,9호선2~3단계,한성백제,2380,2196
2022-02-17,9호선2~3단계,송파나루,4786,5024
2022-02-17,9호선2~3단계,석촌,7724,6919
2022-02-17,9호선2~3단계,석촌고분,5833,5714
2022-02-17,9호선2~3단계,삼전,6631,6410
2022-02-17,9호선2~3단계,종합운동장,3894,3953
2022-02-17,9호선2~3단계,봉은사,15749,16153
2022-02-17,9호선2~3단계,삼성중앙,6470,6854
2022-02-17,9호선2~3단계,선정릉,9128,9789
2022-02-17,9호선2~3단계,언주,10111,10552
2022-02-18,9호선2~3단계,선정릉,8996,9734
2022-02-18,9호선2~3단계,언주,10057,10197
2022-02-18,9호선2~3단계,삼성중앙,6294,6704
2022-02-18,9호선2~3단계,봉은사,15850,16144
2022-02-18,9호선2~3단계,종합운동장,3985,4030
2022-02-18,9호선2~3단계,삼전,6722,6570
2022-02-18,9호선2~3단계,석촌고분,5749,5713
2022-02-18,9호선2~3단계,석촌,7989,7165
2022-02-18,9호선2~3단계,송파나루,4981,5195
2022-02-18,9호선2~3단계,한성백제,2425,2211
2022-02-18,9호선2~3단계,올림픽공원,5273,5194
2022-02-18,9호선2~3단계,둔촌오륜,960,901
2022-02-18,9호선2~3단계,중앙보훈병원,9800,8601
2022-02-19,9호선2~3단계,중앙보훈병원,4242,3951
2022-02-19,9호선2~3단계,둔촌오륜,516,531
2022-02-19,9호선2~3단계,올림픽공원,6306,6111
2022-02-19,9호선2~3단계,한성백제,1782,1560
2022-02-19,9호선2~3단계,송파나루,4123,4185
2022-02-19,9호선2~3단계,석촌,5966,5005
2022-02-19,9호선2~3단계,석촌고분,3780,3749
2022-02-19,9호선2~3단계,삼전,4612,4487
2022-02-19,9호선2~3단계,종합운동장,2660,2517
2022-02-19,9호선2~3단계,봉은사,11106,11935
2022-02-19,9호선2~3단계,삼성중앙,2902,2954
2022-02-19,9호선2~3단계,선정릉,4165,4618
2022-02-19,9호선2~3단계,언주,5790,5837
2022-02-20,9호선2~3단계,언주,3261,3259
2022-02-20,9호선2~3단계,선정릉,2438,2819
2022-02-20,9호선2~3단계,삼성중앙,1693,1876
2022-02-20,9호선2~3단계,봉은사,8543,8824
2022-02-20,9호선2~3단계,종합운동장,1847,1676
2022-02-20,9호선2~3단계,삼전,3186,3115
2022-02-20,9호선2~3단계,석촌고분,2647,2666
2022-02-20,9호선2~3단계,석촌,3945,3402
2022-02-20,9호선2~3단계,송파나루,2788,2946
2022-02-20,9호선2~3단계,한성백제,1176,1086
2022-02-20,9호선2~3단계,올림픽공원,4674,4465
2022-02-20,9호선2~3단계,둔촌오륜,411,436
2022-02-20,9호선2~3단계,중앙보훈병원,2750,2719
2022-02-21,9호선2~3단계,중앙보훈병원,10012,8834
2022-02-21,9호선2~3단계,둔촌오륜,974,920
2022-02-21,9호선2~3단계,올림픽공원,5025,4991
2022-02-21,9호선2~3단계,한성백제,2329,2098
2022-02-21,9호선2~3단계,송파나루,4555,4758
2022-02-21,9호선2~3단계,석촌,7556,6759
2022-02-21,9호선2~3단계,석촌고분,5685,5732
2022-02-21,9호선2~3단계,삼전,6558,6451
2022-02-21,9호선2~3단계,종합운동장,3779,3759
2022-02-21,9호선2~3단계,봉은사,13974,14211
2022-02-21,9호선2~3단계,삼성중앙,6273,6612
2022-02-21,9호선2~3단계,선정릉,8936,9708
2022-02-21,9호선2~3단계,언주,10036,10401
2022-02-22,9호선2~3단계,중앙보훈병원,10137,9038
2022-02-22,9호선2~3단계,둔촌오륜,928,917
2022-02-22,9호선2~3단계,올림픽공원,5051,5026
2022-02-22,9호선2~3단계,한성백제,2373,2209
2022-02-22,9호선2~3단계,송파나루,4743,4939
2022-02-22,9호선2~3단계,석촌,7656,6722
2022-02-22,9호선2~3단계,석촌고분,5605,5728
2022-02-22,9호선2~3단계,삼전,6648,6504
2022-02-22,9호선2~3단계,종합운동장,3752,3784
2022-02-22,9호선2~3단계,봉은사,14600,14751
2022-02-22,9호선2~3단계,삼성중앙,6418,6846
2022-02-22,9호선2~3단계,선정릉,9023,9936
2022-02-22,9호선2~3단계,언주,10302,10509
2022-02-23,9호선2~3단계,중앙보훈병원,10183,8908
2022-02-23,9호선2~3단계,둔촌오륜,942,990
2022-02-23,9호선2~3단계,올림픽공원,5068,4924
2022-02-23,9호선2~3단계,한성백제,2432,2176
2022-02-23,9호선2~3단계,송파나루,4745,4984
2022-02-23,9호선2~3단계,석촌,7665,6702
2022-02-23,9호선2~3단계,석촌고분,5760,5756
2022-02-23,9호선2~3단계,삼전,6537,6392
2022-02-23,9호선2~3단계,종합운동장,3870,3852
2022-02-23,9호선2~3단계,봉은사,15439,15738
2022-02-23,9호선2~3단계,삼성중앙,6433,6790
2022-02-23,9호선2~3단계,선정릉,8874,9717
2022-02-23,9호선2~3단계,언주,10106,10365
2022-02-24,9호선2~3단계,언주,9976,10261
2022-02-24,9호선2~3단계,선정릉,8856,9642
2022-02-24,9호선2~3단계,삼성중앙,6121,6529
2022-02-24,9호선2~3단계,봉은사,15614,16053
2022-02-24,9호선2~3단계,종합운동장,3898,3802
2022-02-24,9호선2~3단계,삼전,6601,6389
2022-02-24,9호선2~3단계,석촌고분,5718,5761
2022-02-24,9호선2~3단계,석촌,7638,6813
2022-02-24,9호선2~3단계,송파나루,4843,5004
2022-02-24,9호선2~3단계,한성백제,2424,2147
2022-02-24,9호선2~3단계,올림픽공원,5105,5053
2022-02-24,9호선2~3단계,둔촌오륜,1020,970
2022-02-24,9호선2~3단계,중앙보훈병원,9905,8836
2022-02-25,9호선2~3단계,언주,10157,10271
2022-02-25,9호선2~3단계,선정릉,9114,9642
2022-02-25,9호선2~3단계,삼성중앙,6262,6450
2022-02-25,9호선2~3단계,봉은사,16018,16289
2022-02-25,9호선2~3단계,종합운동장,3925,3998
2022-02-25,9호선2~3단계,삼전,6699,6331
2022-02-25,9호선2~3단계,석촌고분,5773,5640
2022-02-25,9호선2~3단계,석촌,7878,7097
2022-02-25,9호선2~3단계,송파나루,4934,5159
2022-02-25,9호선2~3단계,한성백제,2342,2180
2022-02-25,9호선2~3단계,올림픽공원,5366,5313
2022-02-25,9호선2~3단계,둔촌오륜,931,905
2022-02-25,9호선2~3단계,중앙보훈병원,9597,8504
2022-02-26,9호선2~3단계,중앙보훈병원,4109,3870
2022-02-26,9호선2~3단계,둔촌오륜,466,514
2022-02-26,9호선2~3단계,올림픽공원,3173,3345
2022-02-26,9호선2~3단계,한성백제,1630,1399
2022-02-26,9호선2~3단계,송파나루,3756,3807
2022-02-26,9호선2~3단계,석촌,5681,4811
2022-02-26,9호선2~3단계,석촌고분,3767,3748
2022-02-26,9호선2~3단계,삼전,4474,4197
2022-02-26,9호선2~3단계,종합운동장,2457,2235
2022-02-26,9호선2~3단계,봉은사,10830,11270
2022-02-26,9호선2~3단계,삼성중앙,2663,2720
2022-02-26,9호선2~3단계,선정릉,3994,4477
2022-02-26,9호선2~3단계,언주,5618,5523
2022-02-27,9호선2~3단계,중앙보훈병원,3017,2788
2022-02-27,9호선2~3단계,둔촌오륜,411,396
2022-02-27,9호선2~3단계,올림픽공원,2732,2819
2022-02-27,9호선2~3단계,한성백제,1201,1088
2022-02-27,9호선2~3단계,송파나루,2615,2835
2022-02-27,9호선2~3단계,석촌,4041,3672
2022-02-27,9호선2~3단계,석촌고분,2680,2640
2022-02-27,9호선2~3단계,삼전,3177,3064
2022-02-27,9호선2~3단계,종합운동장,1814,1662
2022-02-27,9호선2~3단계,봉은사,8571,9171
2022-02-27,9호선2~3단계,삼성중앙,1723,1855
2022-02-27,9호선2~3단계,선정릉,2543,2828
2022-02-27,9호선2~3단계,언주,3349,3355
2022-02-28,9호선2~3단계,언주,8557,8845
2022-02-28,9호선2~3단계,선정릉,7716,8517
2022-02-28,9호선2~3단계,삼성중앙,5562,5875
2022-02-28,9호선2~3단계,봉은사,12413,12781
2022-02-28,9호선2~3단계,종합운동장,3602,3636
2022-02-28,9호선2~3단계,삼전,6170,5894
2022-02-28,9호선2~3단계,석촌고분,5343,5198
2022-02-28,9호선2~3단계,석촌,7441,6525
2022-02-28,9호선2~3단계,송파나루,4371,4584
2022-02-28,9호선2~3단계,한성백제,2148,1951
2022-02-28,9호선2~3단계,올림픽공원,4914,4933
2022-02-28,9호선2~3단계,둔촌오륜,860,848
2022-02-28,9호선2~3단계,중앙보훈병원,9094,8062
2022-03-01,9호선2~3단계,중앙보훈병원,2848,2817
2022-03-01,9호선2~3단계,둔촌오륜,406,418
2022-03-01,9호선2~3단계,올림픽공원,2408,2618
2022-03-01,9호선2~3단계,한성백제,1185,976
2022-03-01,9호선2~3단계,송파나루,2656,2833
2022-03-01,9호선2~3단계,석촌,4149,3651
2022-03-01,9호선2~3단계,석촌고분,2837,2826
2022-03-01,9호선2~3단계,삼전,3403,3375
2022-03-01,9호선2~3단계,종합운동장,1791,1677
2022-03-01,9호선2~3단계,봉은사,6559,6697
2022-03-01,9호선2~3단계,삼성중앙,1876,1953
2022-03-01,9호선2~3단계,선정릉,2579,2957
2022-03-01,9호선2~3단계,언주,3274,3326
2022-03-02,9호선2~3단계,언주,9602,9843
2022-03-02,9호선2~3단계,선정릉,8888,9745
2022-03-02,9호선2~3단계,삼성중앙,6309,6663
2022-03-02,9호선2~3단계,봉은사,13791,13850
2022-03-02,9호선2~3단계,종합운동장,3783,3878
2022-03-02,9호선2~3단계,삼전,6484,6265
2022-03-02,9호선2~3단계,석촌고분,5673,5605
2022-03-02,9호선2~3단계,석촌,7692,6790
2022-03-02,9호선2~3단계,송파나루,4679,4953
2022-03-02,9호선2~3단계,한성백제,2343,2231
2022-03-02,9호선2~3단계,올림픽공원,5264,5208
2022-03-02,9호선2~3단계,둔촌오륜,1216,1143
2022-03-02,9호선2~3단계,중앙보훈병원,10033,8855
2022-03-03,9호선2~3단계,중앙보훈병원,9840,8685
2022-03-03,9호선2~3단계,둔촌오륜,1121,1095
2022-03-03,9호선2~3단계,올림픽공원,5190,5159
2022-03-03,9호선2~3단계,한성백제,2380,2181
2022-03-03,9호선2~3단계,송파나루,4663,4805
2022-03-03,9호선2~3단계,석촌,7554,6677
2022-03-03,9호선2~3단계,석촌고분,5704,5645
2022-03-03,9호선2~3단계,삼전,6513,6283
2022-03-03,9호선2~3단계,종합운동장,3691,3806
2022-03-03,9호선2~3단계,봉은사,14214,14603
2022-03-03,9호선2~3단계,삼성중앙,6190,6590
2022-03-03,9호선2~3단계,선정릉,8894,9640
2022-03-03,9호선2~3단계,언주,9666,9900
2022-03-04,9호선2~3단계,중앙보훈병원,9765,8691
2022-03-04,9호선2~3단계,둔촌오륜,1184,1053
2022-03-04,9호선2~3단계,올림픽공원,5374,5016
2022-03-04,9호선2~3단계,한성백제,2339,2170
2022-03-04,9호선2~3단계,송파나루,4705,4873
2022-03-04,9호선2~3단계,석촌,7831,6947
2022-03-04,9호선2~3단계,석촌고분,5728,5622
2022-03-04,9호선2~3단계,삼전,6532,6352
2022-03-04,9호선2~3단계,종합운동장,3741,3806
2022-03-04,9호선2~3단계,봉은사,14026,14102
2022-03-04,9호선2~3단계,삼성중앙,6325,6598
2022-03-04,9호선2~3단계,선정릉,9040,9851
2022-03-04,9호선2~3단계,언주,9501,9692
2022-03-05,9호선2~3단계,둔촌오륜,509,544
2022-03-05,9호선2~3단계,중앙보훈병원,3787,3562
2022-03-05,9호선2~3단계,올림픽공원,4940,4977
2022-03-05,9호선2~3단계,한성백제,1514,1352
2022-03-05,9호선2~3단계,송파나루,3626,3867
2022-03-05,9호선2~3단계,석촌,5735,4726
2022-03-05,9호선2~3단계,석촌고분,3684,3498
2022-03-05,9호선2~3단계,삼전,4458,4175
2022-03-05,9호선2~3단계,종합운동장,2593,2390
2022-03-05,9호선2~3단계,봉은사,9384,9805
2022-03-05,9호선2~3단계,삼성중앙,2747,2757
2022-03-05,9호선2~3단계,선정릉,4134,4550
2022-03-05,9호선2~3단계,언주,5153,5249
2022-03-06,9호선2~3단계,중앙보훈병원,2693,2635
2022-03-06,9호선2~3단계,둔촌오륜,362,389
2022-03-06,9호선2~3단계,올림픽공원,4141,4173
2022-03-06,9호선2~3단계,한성백제,1133,984
2022-03-06,9호선2~3단계,송파나루,2598,2801
2022-03-06,9호선2~3단계,석촌,3775,3252
2022-03-06,9호선2~3단계,석촌고분,2677,2636
2022-03-06,9호선2~3단계,삼전,3098,3059
2022-03-06,9호선2~3단계,종합운동장,1732,1611
2022-03-06,9호선2~3단계,봉은사,6493,6548
2022-03-06,9호선2~3단계,삼성중앙,1652,1844
2022-03-06,9호선2~3단계,선정릉,2493,2700
2022-03-06,9호선2~3단계,언주,3117,3184
2022-03-07,9호선2~3단계,언주,9405,9708
2022-03-07,9호선2~3단계,선정릉,8603,9524
2022-03-07,9호선2~3단계,삼성중앙,6218,6474
2022-03-07,9호선2~3단계,봉은사,13368,13541
2022-03-07,9호선2~3단계,종합운동장,3606,3698
2022-03-07,9호선2~3단계,삼전,6345,6199
2022-03-07,9호선2~3단계,석촌고분,5448,5383
2022-03-07,9호선2~3단계,석촌,7340,6549
2022-03-07,9호선2~3단계,송파나루,4421,4590
2022-03-07,9호선2~3단계,한성백제,2288,2100
2022-03-07,9호선2~3단계,올림픽공원,5049,5092
2022-03-07,9호선2~3단계,둔촌오륜,1069,1056
2022-03-07,9호선2~3단계,중앙보훈병원,10225,9009
2022-03-08,9호선2~3단계,중앙보훈병원,10010,8837
2022-03-08,9호선2~3단계,둔촌오륜,1087,1046
2022-03-08,9호선2~3단계,올림픽공원,5227,5192
2022-03-08,9호선2~3단계,언주,9388,9701
2022-03-08,9호선2~3단계,선정릉,8767,9741
2022-03-08,9호선2~3단계,삼성중앙,6198,6648
2022-03-08,9호선2~3단계,봉은사,13605,13938
2022-03-08,9호선2~3단계,종합운동장,3709,3775
2022-03-08,9호선2~3단계,삼전,6457,6079
2022-03-08,9호선2~3단계,석촌고분,5629,5518
2022-03-08,9호선2~3단계,석촌,7625,6710
2022-03-08,9호선2~3단계,송파나루,4489,4700
2022-03-08,9호선2~3단계,한성백제,2317,2054
2022-03-09,9호선2~3단계,송파나루,2862,3159
2022-03-09,9호선2~3단계,석촌,4812,4021
2022-03-09,9호선2~3단계,석촌고분,3054,3058
2022-03-09,9호선2~3단계,삼전,3618,3640
2022-03-09,9호선2~3단계,종합운동장,1929,1936
2022-03-09,9호선2~3단계,봉은사,6394,6532
2022-03-09,9호선2~3단계,삼성중앙,1928,2050
2022-03-09,9호선2~3단계,선정릉,2887,3128
2022-03-09,9호선2~3단계,언주,3270,3320
2022-03-09,9호선2~3단계,한성백제,1405,1153
2022-03-09,9호선2~3단계,올림픽공원,2870,3094
2022-03-09,9호선2~3단계,둔촌오륜,424,490
2022-03-09,9호선2~3단계,중앙보훈병원,2999,2925
2022-03-10,9호선2~3단계,중앙보훈병원,9847,8756
2022-03-10,9호선2~3단계,둔촌오륜,1091,1016
2022-03-10,9호선2~3단계,올림픽공원,5110,5168
2022-03-10,9호선2~3단계,한성백제,2264,2099
2022-03-10,9호선2~3단계,송파나루,4436,4662
2022-03-10,9호선2~3단계,석촌,7455,6628
2022-03-10,9호선2~3단계,석촌고분,5477,5439
2022-03-10,9호선2~3단계,삼전,6325,6120
2022-03-10,9호선2~3단계,종합운동장,3999,4034
2022-03-10,9호선2~3단계,봉은사,14541,15219
2022-03-10,9호선2~3단계,삼성중앙,6089,6465
2022-03-10,9호선2~3단계,선정릉,8566,9522
2022-03-10,9호선2~3단계,언주,9352,9625
2022-03-11,9호선2~3단계,중앙보훈병원,9871,8722
2022-03-11,9호선2~3단계,둔촌오륜,1081,1092
2022-03-11,9호선2~3단계,올림픽공원,6033,5883
2022-03-11,9호선2~3단계,한성백제,2255,2020
2022-03-11,9호선2~3단계,송파나루,4671,4972
2022-03-11,9호선2~3단계,석촌,7774,6888
2022-03-11,9호선2~3단계,석촌고분,5645,5443
2022-03-11,9호선2~3단계,삼전,6476,6258
2022-03-11,9호선2~3단계,종합운동장,3754,3927
2022-03-11,9호선2~3단계,봉은사,15451,15664
2022-03-11,9호선2~3단계,삼성중앙,6022,6282
2022-03-11,9호선2~3단계,선정릉,8828,9641
2022-03-11,9호선2~3단계,언주,9647,9764
2022-03-12,9호선2~3단계,중앙보훈병원,3965,3658
2022-03-12,9호선2~3단계,둔촌오륜,568,608
2022-03-12,9호선2~3단계,올림픽공원,4750,4665
2022-03-12,9호선2~3단계,한성백제,1573,1413
2022-03-12,9호선2~3단계,송파나루,3726,4007
2022-03-12,9호선2~3단계,석촌,5617,4772
2022-03-12,9호선2~3단계,석촌고분,3796,3576
2022-03-12,9호선2~3단계,삼전,4390,4219
2022-03-12,9호선2~3단계,종합운동장,3110,2823
2022-03-12,9호선2~3단계,봉은사,10290,10951
2022-03-12,9호선2~3단계,삼성중앙,2718,2748
2022-03-12,9호선2~3단계,선정릉,4020,4753
2022-03-12,9호선2~3단계,언주,5288,5400
2022-03-13,9호선2~3단계,중앙보훈병원,2391,2414
2022-03-13,9호선2~3단계,둔촌오륜,358,398
2022-03-13,9호선2~3단계,올림픽공원,3286,3192
2022-03-13,9호선2~3단계,한성백제,1006,912
2022-03-13,9호선2~3단계,송파나루,2548,2705
2022-03-13,9호선2~3단계,석촌,3771,3234
2022-03-13,9호선2~3단계,석촌고분,2390,2449
2022-03-13,9호선2~3단계,삼전,2890,2840
2022-03-13,9호선2~3단계,종합운동장,2019,1748
2022-03-13,9호선2~3단계,봉은사,7122,7397
2022-03-13,9호선2~3단계,삼성중앙,1589,1677
2022-03-13,9호선2~3단계,선정릉,2402,2596
2022-03-13,9호선2~3단계,언주,2954,2953
2022-03-14,9호선2~3단계,언주,9221,9569
2022-03-14,9호선2~3단계,선정릉,8458,9199
2022-03-14,9호선2~3단계,삼성중앙,5966,6388
2022-03-14,9호선2~3단계,봉은사,12976,12816
2022-03-14,9호선2~3단계,종합운동장,3611,3629
2022-03-14,9호선2~3단계,삼전,6210,6167
2022-03-14,9호선2~3단계,석촌고분,5355,5263
2022-03-14,9호선2~3단계,석촌,7143,6374
2022-03-14,9호선2~3단계,송파나루,4415,4624
2022-03-14,9호선2~3단계,한성백제,2193,2060
2022-03-14,9호선2~3단계,올림픽공원,4990,4877
2022-03-14,9호선2~3단계,둔촌오륜,1222,1109
2022-03-14,9호선2~3단계,중앙보훈병원,9800,8639
2022-03-15,9호선2~3단계,언주,9342,9717
2022-03-15,9호선2~3단계,선정릉,8746,9604
2022-03-15,9호선2~3단계,삼성중앙,6003,6443
2022-03-15,9호선2~3단계,봉은사,13475,13697
2022-03-15,9호선2~3단계,종합운동장,3570,3552
2022-03-15,9호선2~3단계,삼전,6228,5956
2022-03-15,9호선2~3단계,석촌고분,5524,5477
2022-03-15,9호선2~3단계,석촌,7456,6577
2022-03-15,9호선2~3단계,송파나루,4437,4711
2022-03-15,9호선2~3단계,한성백제,2218,2011
2022-03-15,9호선2~3단계,올림픽공원,5166,5175
2022-03-15,9호선2~3단계,둔촌오륜,1115,1027
2022-03-15,9호선2~3단계,중앙보훈병원,9961,8830
2022-03-16,9호선2~3단계,언주,9437,9567
2022-03-16,9호선2~3단계,선정릉,8680,9455
2022-03-16,9호선2~3단계,삼성중앙,5905,6239
2022-03-16,9호선2~3단계,봉은사,13435,13744
2022-03-16,9호선2~3단계,종합운동장,3565,3704
2022-03-16,9호선2~3단계,삼전,6364,6163
2022-03-16,9호선2~3단계,석촌고분,5409,5398
2022-03-16,9호선2~3단계,석촌,7594,6750
2022-03-16,9호선2~3단계,송파나루,4378,4710
2022-03-16,9호선2~3단계,한성백제,2327,2083
2022-03-16,9호선2~3단계,올림픽공원,5157,5290
2022-03-16,9호선2~3단계,둔촌오륜,1117,1027
2022-03-16,9호선2~3단계,중앙보훈병원,9906,8816
2022-03-17,9호선2~3단계,언주,9193,9392
2022-03-17,9호선2~3단계,선정릉,8330,9377
2022-03-17,9호선2~3단계,삼성중앙,5879,6203
2022-03-17,9호선2~3단계,봉은사,14428,14977
2022-03-17,9호선2~3단계,종합운동장,3457,3603
2022-03-17,9호선2~3단계,삼전,6233,6094
2022-03-17,9호선2~3단계,석촌고분,5345,5327
2022-03-17,9호선2~3단계,석촌,7348,6565
2022-03-17,9호선2~3단계,송파나루,4408,4701
2022-03-17,9호선2~3단계,한성백제,2168,1962
2022-03-17,9호선2~3단계,올림픽공원,5080,5164
2022-03-17,9호선2~3단계,둔촌오륜,1078,1038
2022-03-17,9호선2~3단계,중앙보훈병원,9596,8420
2022-03-18,9호선2~3단계,중앙보훈병원,9477,8258
2022-03-18,9호선2~3단계,둔촌오륜,1082,984
2022-03-18,9호선2~3단계,올림픽공원,5137,5207
2022-03-18,9호선2~3단계,한성백제,2259,2016
2022-03-18,9호선2~3단계,송파나루,4636,4877
2022-03-18,9호선2~3단계,석촌,7665,6635
2022-03-18,9호선2~3단계,석촌고분,5562,5375
2022-03-18,9호선2~3단계,삼전,6436,6174
2022-03-18,9호선2~3단계,종합운동장,3610,3834
2022-03-18,9호선2~3단계,봉은사,15221,15384
2022-03-18,9호선2~3단계,삼성중앙,5838,6168
2022-03-18,9호선2~3단계,선정릉,8461,9196
2022-03-18,9호선2~3단계,언주,9239,9394
2022-03-19,9호선2~3단계,중앙보훈병원,3644,3317
2022-03-19,9호선2~3단계,둔촌오륜,472,507
2022-03-19,9호선2~3단계,올림픽공원,4643,4610
2022-03-19,9호선2~3단계,한성백제,1400,1255
2022-03-19,9호선2~3단계,송파나루,3472,3724
2022-03-19,9호선2~3단계,석촌,5234,4332
2022-03-19,9호선2~3단계,석촌고분,3490,3277
2022-03-19,9호선2~3단계,삼전,4104,3838
2022-03-19,9호선2~3단계,종합운동장,2659,2420
2022-03-19,9호선2~3단계,봉은사,9745,10455
2022-03-19,9호선2~3단계,삼성중앙,2531,2689
2022-03-19,9호선2~3단계,선정릉,3869,4295
2022-03-19,9호선2~3단계,언주,5106,5027
2022-03-20,9호선2~3단계,중앙보훈병원,2833,2758
2022-03-20,9호선2~3단계,둔촌오륜,394,396
2022-03-20,9호선2~3단계,올림픽공원,4320,4254
2022-03-20,9호선2~3단계,한성백제,1138,1022
2022-03-20,9호선2~3단계,송파나루,2713,2847
2022-03-20,9호선2~3단계,석촌,3958,3435
2022-03-20,9호선2~3단계,석촌고분,2630,2554
2022-03-20,9호선2~3단계,삼전,3127,2905
2022-03-20,9호선2~3단계,종합운동장,1772,1622
2022-03-20,9호선2~3단계,봉은사,6949,6978
2022-03-20,9호선2~3단계,삼성중앙,1651,1801
2022-03-20,9호선2~3단계,선정릉,2424,2789
2022-03-20,9호선2~3단계,언주,3251,3267
2022-03-21,9호선2~3단계,언주,9459,9734
2022-03-21,9호선2~3단계,선정릉,8605,9392
2022-03-21,9호선2~3단계,삼성중앙,6142,6509
2022-03-21,9호선2~3단계,봉은사,13336,13624
2022-03-21,9호선2~3단계,종합운동장,3658,3691
2022-03-21,9호선2~3단계,삼전,6225,6041
2022-03-21,9호선2~3단계,석촌고분,5378,5350
2022-03-21,9호선2~3단계,석촌,7298,6493
2022-03-21,9호선2~3단계,송파나루,4236,4524
2022-03-21,9호선2~3단계,한성백제,2244,1994
2022-03-21,9호선2~3단계,올림픽공원,5002,5188
2022-03-21,9호선2~3단계,둔촌오륜,1100,1055
2022-03-21,9호선2~3단계,중앙보훈병원,9895,8698
2022-03-22,9호선2~3단계,언주,9457,9808
2022-03-22,9호선2~3단계,선정릉,8725,9785
2022-03-22,9호선2~3단계,삼성중앙,6259,6543
2022-03-22,9호선2~3단계,봉은사,13789,14119
2022-03-22,9호선2~3단계,종합운동장,3614,3682
2022-03-22,9호선2~3단계,삼전,6272,6160
2022-03-22,9호선2~3단계,석촌고분,5505,5468
2022-03-22,9호선2~3단계,석촌,7507,6606
2022-03-22,9호선2~3단계,송파나루,4465,4685
2022-03-22,9호선2~3단계,한성백제,2308,2068
2022-03-22,9호선2~3단계,올림픽공원,5197,5211
2022-03-22,9호선2~3단계,둔촌오륜,1121,1011
2022-03-22,9호선2~3단계,중앙보훈병원,10134,9014
2022-03-23,9호선2~3단계,언주,9446,9788
2022-03-23,9호선2~3단계,선정릉,8813,9660
2022-03-23,9호선2~3단계,삼성중앙,6125,6426
2022-03-23,9호선2~3단계,봉은사,13894,14064
2022-03-23,9호선2~3단계,종합운동장,3661,3730
2022-03-23,9호선2~3단계,삼전,6331,6134
2022-03-23,9호선2~3단계,석촌고분,5559,5560
2022-03-23,9호선2~3단계,석촌,7581,6803
2022-03-23,9호선2~3단계,송파나루,4630,4839
2022-03-23,9호선2~3단계,한성백제,2365,2149
2022-03-23,9호선2~3단계,올림픽공원,5062,5169
2022-03-23,9호선2~3단계,둔촌오륜,1116,1042
2022-03-23,9호선2~3단계,중앙보훈병원,9846,8640
2022-03-24,9호선2~3단계,중앙보훈병원,9817,8695
2022-03-24,9호선2~3단계,둔촌오륜,1128,1063
2022-03-24,9호선2~3단계,올림픽공원,5255,5191
2022-03-24,9호선2~3단계,한성백제,2282,2060
2022-03-24,9호선2~3단계,송파나루,4632,4854
2022-03-24,9호선2~3단계,석촌,7767,6831
2022-03-24,9호선2~3단계,석촌고분,5570,5445
2022-03-24,9호선2~3단계,삼전,6436,6099
2022-03-24,9호선2~3단계,종합운동장,3776,3823
2022-03-24,9호선2~3단계,봉은사,14939,14924
2022-03-24,9호선2~3단계,삼성중앙,6043,6364
2022-03-24,9호선2~3단계,선정릉,8960,9602
2022-03-24,9호선2~3단계,언주,9951,9894
2022-03-25,9호선2~3단계,중앙보훈병원,9849,8612
2022-03-25,9호선2~3단계,둔촌오륜,1110,1030
2022-03-25,9호선2~3단계,올림픽공원,5490,5231
2022-03-25,9호선2~3단계,한성백제,2310,2120
2022-03-25,9호선2~3단계,송파나루,5049,5148
2022-03-25,9호선2~3단계,석촌,7979,6925
2022-03-25,9호선2~3단계,석촌고분,5765,5675
2022-03-25,9호선2~3단계,삼전,6502,6494
2022-03-25,9호선2~3단계,종합운동장,3815,4114
2022-03-25,9호선2~3단계,봉은사,14996,15399
2022-03-25,9호선2~3단계,삼성중앙,6216,6491
2022-03-25,9호선2~3단계,선정릉,8564,9631
2022-03-25,9호선2~3단계,언주,9690,9804
2022-03-26,9호선2~3단계,중앙보훈병원,3847,3541
2022-03-26,9호선2~3단계,둔촌오륜,675,595
2022-03-26,9호선2~3단계,올림픽공원,4229,4060
2022-03-26,9호선2~3단계,한성백제,1454,1310
2022-03-26,9호선2~3단계,송파나루,3706,4085
2022-03-26,9호선2~3단계,석촌,5921,5102
2022-03-26,9호선2~3단계,석촌고분,3600,3413
2022-03-26,9호선2~3단계,삼전,4276,3942
2022-03-26,9호선2~3단계,종합운동장,2837,2798
2022-03-26,9호선2~3단계,봉은사,9964,10685
2022-03-26,9호선2~3단계,삼성중앙,2641,2635
2022-03-26,9호선2~3단계,선정릉,4066,4609
2022-03-26,9호선2~3단계,언주,5171,5143
2022-03-27,9호선2~3단계,삼전,3248,3223
2022-03-27,9호선2~3단계,종합운동장,2026,1761
2022-03-27,9호선2~3단계,봉은사,7167,7354
2022-03-27,9호선2~3단계,삼성중앙,1764,1819
2022-03-27,9호선2~3단계,선정릉,2587,2974
2022-03-27,9호선2~3단계,언주,3282,3333
2022-03-27,9호선2~3단계,석촌고분,2791,2801
2022-03-27,9호선2~3단계,석촌,4443,3945
2022-03-27,9호선2~3단계,송파나루,3141,3402
2022-03-27,9호선2~3단계,한성백제,1348,1138
2022-03-27,9호선2~3단계,올림픽공원,3740,3812
2022-03-27,9호선2~3단계,둔촌오륜,439,479
2022-03-27,9호선2~3단계,중앙보훈병원,2990,2858
2022-03-28,9호선2~3단계,언주,9563,9837
2022-03-28,9호선2~3단계,선정릉,8796,9613
2022-03-28,9호선2~3단계,삼성중앙,6304,6724
2022-03-28,9호선2~3단계,봉은사,13756,14012
2022-03-28,9호선2~3단계,종합운동장,3664,3842
2022-03-28,9호선2~3단계,삼전,6322,6049
2022-03-28,9호선2~3단계,석촌고분,5536,5507
2022-03-28,9호선2~3단계,석촌,7749,6775
2022-03-28,9호선2~3단계,송파나루,4439,4649
2022-03-28,9호선2~3단계,한성백제,2281,2089
2022-03-28,9호선2~3단계,올림픽공원,5334,5394
2022-03-28,9호선2~3단계,둔촌오륜,1150,1089
2022-03-28,9호선2~3단계,중앙보훈병원,10106,8876
2022-03-29,9호선2~3단계,언주,9628,9965
2022-03-29,9호선2~3단계,선정릉,9094,9946
2022-03-29,9호선2~3단계,삼성중앙,6290,6764
2022-03-29,9호선2~3단계,봉은사,14073,14448
2022-03-29,9호선2~3단계,종합운동장,3685,3835
2022-03-29,9호선2~3단계,삼전,6500,6233
2022-03-29,9호선2~3단계,석촌고분,5630,5632
2022-03-29,9호선2~3단계,석촌,7878,7055
2022-03-29,9호선2~3단계,송파나루,4684,4932
2022-03-29,9호선2~3단계,한성백제,2296,2090
2022-03-29,9호선2~3단계,올림픽공원,5598,5613
2022-03-29,9호선2~3단계,둔촌오륜,1157,1063
2022-03-29,9호선2~3단계,중앙보훈병원,10235,9091
2022-03-30,9호선2~3단계,언주,9573,9900
2022-03-30,9호선2~3단계,선정릉,9050,9849
2022-03-30,9호선2~3단계,삼성중앙,6249,6629
2022-03-30,9호선2~3단계,봉은사,14837,15508
2022-03-30,9호선2~3단계,종합운동장,3704,3836
2022-03-30,9호선2~3단계,삼전,6479,6250
2022-03-30,9호선2~3단계,석촌고분,5597,5450
2022-03-30,9호선2~3단계,석촌,7736,6787
2022-03-30,9호선2~3단계,송파나루,4584,4865
2022-03-30,9호선2~3단계,한성백제,2296,2088
2022-03-30,9호선2~3단계,올림픽공원,5436,5274
2022-03-30,9호선2~3단계,둔촌오륜,1182,1141
2022-03-30,9호선2~3단계,중앙보훈병원,10183,8971
2022-03-31,9호선2~3단계,언주,9681,9822
2022-03-31,9호선2~3단계,선정릉,9004,9926
2022-03-31,9호선2~3단계,삼성중앙,6404,6706
2022-03-31,9호선2~3단계,봉은사,15399,15963
2022-03-31,9호선2~3단계,종합운동장,3753,3832
2022-03-31,9호선2~3단계,삼전,6421,6166
2022-03-31,9호선2~3단계,석촌고분,5673,5515
2022-03-31,9호선2~3단계,석촌,7943,7073
2022-03-31,9호선2~3단계,송파나루,4629,4992
2022-03-31,9호선2~3단계,한성백제,2321,2140
2022-03-31,9호선2~3단계,올림픽공원,5473,5433
2022-03-31,9호선2~3단계,둔촌오륜,1114,1030
2022-03-31,9호선2~3단계,중앙보훈병원,10226,9029
2022-04-01,9호선2~3단계,언주,9900,9910
2022-04-01,9호선2~3단계,선정릉,9073,10050
2022-04-01,9호선2~3단계,삼성중앙,6352,6672
2022-04-01,9호선2~3단계,봉은사,15961,16401
2022-04-01,9호선2~3단계,종합운동장,3986,4170
2022-04-01,9호선2~3단계,삼전,6622,6485
2022-04-01,9호선2~3단계,석촌고분,5807,5625
2022-04-01,9호선2~3단계,석촌,8561,7683
2022-04-01,9호선2~3단계,송파나루,5237,5501
2022-04-01,9호선2~3단계,한성백제,2501,2133
2022-04-01,9호선2~3단계,올림픽공원,5951,5827
2022-04-01,9호선2~3단계,둔촌오륜,1250,1026
2022-04-01,9호선2~3단계,중앙보훈병원,10024,8810
2022-04-02,9호선2~3단계,중앙보훈병원,4442,4134
2022-04-02,9호선2~3단계,둔촌오륜,626,621
2022-04-02,9호선2~3단계,올림픽공원,5149,5330
2022-04-02,9호선2~3단계,한성백제,1970,1642
2022-04-02,9호선2~3단계,송파나루,5110,5112
2022-04-02,9호선2~3단계,석촌,7170,6534
2022-04-02,9호선2~3단계,석촌고분,4065,3928
2022-04-02,9호선2~3단계,삼전,4736,4357
2022-04-02,9호선2~3단계,종합운동장,3973,3546
2022-04-02,9호선2~3단계,봉은사,11919,12833
2022-04-02,9호선2~3단계,삼성중앙,2905,2891
2022-04-02,9호선2~3단계,선정릉,4532,5153
2022-04-02,9호선2~3단계,언주,5468,5518
2022-04-03,9호선2~3단계,언주,3143,3233
2022-04-03,9호선2~3단계,선정릉,2709,3045
2022-04-03,9호선2~3단계,삼성중앙,1772,1999
2022-04-03,9호선2~3단계,봉은사,6816,6902
2022-04-03,9호선2~3단계,종합운동장,2773,2434
2022-04-03,9호선2~3단계,삼전,3441,3285
2022-04-03,9호선2~3단계,석촌고분,3051,2970
2022-04-03,9호선2~3단계,석촌,5177,4733
2022-04-03,9호선2~3단계,송파나루,3479,3698
2022-04-03,9호선2~3단계,한성백제,1606,1305
2022-04-03,9호선2~3단계,올림픽공원,4105,4534
2022-04-03,9호선2~3단계,둔촌오륜,446,493
2022-04-03,9호선2~3단계,중앙보훈병원,3245,3125
2022-04-04,9호선2~3단계,언주,9807,10091
2022-04-04,9호선2~3단계,선정릉,9190,10006
2022-04-04,9호선2~3단계,삼성중앙,6360,6776
2022-04-04,9호선2~3단계,봉은사,14181,14479
2022-04-04,9호선2~3단계,종합운동장,3914,3936
2022-04-04,9호선2~3단계,삼전,6438,6285
2022-04-04,9호선2~3단계,석촌고분,5755,5636
2022-04-04,9호선2~3단계,석촌,8344,7433
2022-04-04,9호선2~3단계,송파나루,4766,5075
2022-04-04,9호선2~3단계,한성백제,2387,2103
2022-04-04,9호선2~3단계,올림픽공원,5798,5930
2022-04-04,9호선2~3단계,둔촌오륜,1170,1094
2022-04-04,9호선2~3단계,중앙보훈병원,10608,9444
2022-04-05,9호선2~3단계,중앙보훈병원,10625,9421
2022-04-05,9호선2~3단계,둔촌오륜,1166,1081
2022-04-05,9호선2~3단계,올림픽공원,5800,5702
2022-04-05,9호선2~3단계,한성백제,2458,2141
2022-04-05,9호선2~3단계,송파나루,4991,5249
2022-04-05,9호선2~3단계,석촌,8356,7618
2022-04-05,9호선2~3단계,석촌고분,5886,5763
2022-04-05,9호선2~3단계,삼전,6606,6334
2022-04-05,9호선2~3단계,종합운동장,3954,4014
2022-04-05,9호선2~3단계,봉은사,14881,15059
2022-04-05,9호선2~3단계,삼성중앙,6534,6984
2022-04-05,9호선2~3단계,선정릉,9245,10294
2022-04-05,9호선2~3단계,언주,10029,10317
2022-04-06,9호선2~3단계,중앙보훈병원,10856,9618
2022-04-06,9호선2~3단계,둔촌오륜,1222,1125
2022-04-06,9호선2~3단계,올림픽공원,5931,6038
2022-04-06,9호선2~3단계,한성백제,2546,2202
2022-04-06,9호선2~3단계,송파나루,5318,5683
2022-04-06,9호선2~3단계,석촌,8916,8119
2022-04-06,9호선2~3단계,석촌고분,6023,5829
2022-04-06,9호선2~3단계,삼전,6619,6346
2022-04-06,9호선2~3단계,종합운동장,4051,4206
2022-04-06,9호선2~3단계,봉은사,15416,15900
2022-04-06,9호선2~3단계,삼성중앙,6624,6953
2022-04-06,9호선2~3단계,선정릉,9502,10407
2022-04-06,9호선2~3단계,언주,9864,10169
2022-04-07,9호선2~3단계,중앙보훈병원,10620,9349
2022-04-07,9호선2~3단계,둔촌오륜,1209,1113
2022-04-07,9호선2~3단계,올림픽공원,5981,5824
2022-04-07,9호선2~3단계,한성백제,2577,2225
2022-04-07,9호선2~3단계,송파나루,5333,5654
2022-04-07,9호선2~3단계,석촌,9101,8261
2022-04-07,9호선2~3단계,석촌고분,5965,5895
2022-04-07,9호선2~3단계,삼전,6672,6395
2022-04-07,9호선2~3단계,종합운동장,3986,4127
2022-04-07,9호선2~3단계,봉은사,16129,16448
2022-04-07,9호선2~3단계,삼성중앙,6530,6982
2022-04-07,9호선2~3단계,선정릉,9457,10481
2022-04-07,9호선2~3단계,언주,10081,10385
2022-04-08,9호선2~3단계,언주,10421,10358
2022-04-08,9호선2~3단계,선정릉,9685,10481
2022-04-08,9호선2~3단계,삼성중앙,6753,6982
2022-04-08,9호선2~3단계,봉은사,16358,16513
2022-04-08,9호선2~3단계,종합운동장,4304,4373
2022-04-08,9호선2~3단계,삼전,6910,6562
2022-04-08,9호선2~3단계,석촌고분,6517,6256
2022-04-08,9호선2~3단계,석촌,10436,9820
2022-04-08,9호선2~3단계,송파나루,6220,6506
2022-04-08,9호선2~3단계,한성백제,2798,2396
2022-04-08,9호선2~3단계,올림픽공원,6871,6774
2022-04-08,9호선2~3단계,둔촌오륜,1246,1067
2022-04-08,9호선2~3단계,중앙보훈병원,10584,9156
2022-04-09,9호선2~3단계,중앙보훈병원,4958,4639
2022-04-09,9호선2~3단계,둔촌오륜,704,665
2022-04-09,9호선2~3단계,올림픽공원,8954,9550
2022-04-09,9호선2~3단계,한성백제,2537,1964
2022-04-09,9호선2~3단계,송파나루,7489,6995
2022-04-09,9호선2~3단계,석촌,10919,10898
2022-04-09,9호선2~3단계,석촌고분,5394,4997
2022-04-09,9호선2~3단계,삼전,5243,4608
2022-04-09,9호선2~3단계,종합운동장,4123,3839
2022-04-09,9호선2~3단계,봉은사,9953,10482
2022-04-09,9호선2~3단계,삼성중앙,3202,3153
2022-04-09,9호선2~3단계,선정릉,4841,5501
2022-04-09,9호선2~3단계,언주,6381,6271
2022-04-10,9호선2~3단계,언주,3929,3894
2022-04-10,9호선2~3단계,선정릉,3141,3338
2022-04-10,9호선2~3단계,삼성중앙,2029,2200
2022-04-10,9호선2~3단계,봉은사,7377,7268
2022-04-10,9호선2~3단계,종합운동장,2539,2124
2022-04-10,9호선2~3단계,삼전,3685,3547
2022-04-10,9호선2~3단계,석촌고분,3855,3780
2022-04-10,9호선2~3단계,석촌,7900,7856
2022-04-10,9호선2~3단계,송파나루,5262,4894
2022-04-10,9호선2~3단계,한성백제,2064,1589
2022-04-10,9호선2~3단계,올림픽공원,6164,6507
2022-04-10,9호선2~3단계,둔촌오륜,497,520
2022-04-10,9호선2~3단계,중앙보훈병원,3722,3463
2022-04-11,9호선2~3단계,중앙보훈병원,11118,9853
2022-04-11,9호선2~3단계,둔촌오륜,1190,1101
2022-04-11,9호선2~3단계,올림픽공원,6069,6153
2022-04-11,9호선2~3단계,한성백제,2604,2304
2022-04-11,9호선2~3단계,송파나루,5228,5450
2022-04-11,9호선2~3단계,석촌,9227,8690
2022-04-11,9호선2~3단계,석촌고분,6069,5914
2022-04-11,9호선2~3단계,삼전,6680,6347
2022-04-11,9호선2~3단계,종합운동장,4052,4197
2022-04-11,9호선2~3단계,봉은사,14584,14755
2022-04-11,9호선2~3단계,삼성중앙,6726,6984
2022-04-11,9호선2~3단계,선정릉,9493,10478
2022-04-11,9호선2~3단계,언주,10207,10493
2022-04-12,9호선2~3단계,언주,10373,10568
2022-04-12,9호선2~3단계,선정릉,9674,10720
2022-04-12,9호선2~3단계,삼성중앙,6834,7163
2022-04-12,9호선2~3단계,봉은사,15164,15632
2022-04-12,9호선2~3단계,종합운동장,4102,4250
2022-04-12,9호선2~3단계,삼전,6769,6573
2022-04-12,9호선2~3단계,석촌고분,6105,5972
2022-04-12,9호선2~3단계,석촌,8923,8140
2022-04-12,9호선2~3단계,송파나루,5272,5429
2022-04-12,9호선2~3단계,한성백제,2639,2322
2022-04-12,9호선2~3단계,올림픽공원,6057,5931
2022-04-12,9호선2~3단계,둔촌오륜,1241,1064
2022-04-12,9호선2~3단계,중앙보훈병원,11109,9954
2022-04-13,9호선2~3단계,중앙보훈병원,10744,9650
2022-04-13,9호선2~3단계,둔촌오륜,1263,1104
2022-04-13,9호선2~3단계,올림픽공원,5620,5564
2022-04-13,9호선2~3단계,한성백제,2573,2268
2022-04-13,9호선2~3단계,송파나루,5118,5291
2022-04-13,9호선2~3단계,석촌,8090,7187
2022-04-13,9호선2~3단계,석촌고분,6072,5963
2022-04-13,9호선2~3단계,삼전,6867,6569
2022-04-13,9호선2~3단계,종합운동장,4100,4279
2022-04-13,9호선2~3단계,봉은사,16514,16901
2022-04-13,9호선2~3단계,삼성중앙,6707,7204
2022-04-13,9호선2~3단계,선정릉,9519,10550
2022-04-13,9호선2~3단계,언주,10103,10489
2022-04-14,9호선2~3단계,언주,10106,10542
2022-04-14,9호선2~3단계,선정릉,9504,10598
2022-04-14,9호선2~3단계,삼성중앙,6768,7190
2022-04-14,9호선2~3단계,봉은사,17169,17677
2022-04-14,9호선2~3단계,종합운동장,4078,4235
2022-04-14,9호선2~3단계,삼전,6708,6492
2022-04-14,9호선2~3단계,석촌고분,5987,5854
2022-04-14,9호선2~3단계,석촌,8573,7508
2022-04-14,9호선2~3단계,송파나루,5040,5277
2022-04-14,9호선2~3단계,한성백제,2560,2280
2022-04-14,9호선2~3단계,올림픽공원,5768,5870
2022-04-14,9호선2~3단계,둔촌오륜,1221,1085
2022-04-14,9호선2~3단계,중앙보훈병원,11050,9846
2022-04-15,9호선2~3단계,중앙보훈병원,10825,9404
2022-04-15,9호선2~3단계,둔촌오륜,1233,1070
2022-04-15,9호선2~3단계,올림픽공원,6376,6191
2022-04-15,9호선2~3단계,한성백제,2697,2390
2022-04-15,9호선2~3단계,송파나루,5339,5750
2022-04-15,9호선2~3단계,석촌,9113,7965
2022-04-15,9호선2~3단계,석촌고분,6218,5887
2022-04-15,9호선2~3단계,삼전,7116,6760
2022-04-15,9호선2~3단계,종합운동장,4234,4453
2022-04-15,9호선2~3단계,봉은사,17962,18447
2022-04-15,9호선2~3단계,삼성중앙,6975,7245
2022-04-15,9호선2~3단계,선정릉,9772,10824
2022-04-15,9호선2~3단계,언주,10514,10677
2022-04-16,9호선2~3단계,중앙보훈병원,4729,4453
2022-04-16,9호선2~3단계,둔촌오륜,1265,1310
2022-04-16,9호선2~3단계,올림픽공원,6917,7191
2022-04-16,9호선2~3단계,한성백제,2160,1775
2022-04-16,9호선2~3단계,송파나루,4563,4599
2022-04-16,9호선2~3단계,석촌,7196,6205
2022-04-16,9호선2~3단계,석촌고분,4381,4082
2022-04-16,9호선2~3단계,삼전,4970,4628
2022-04-16,9호선2~3단계,종합운동장,3288,2911
2022-04-16,9호선2~3단계,봉은사,10773,11417
2022-04-16,9호선2~3단계,삼성중앙,3107,3159
2022-04-16,9호선2~3단계,선정릉,4755,5421
2022-04-16,9호선2~3단계,언주,6021,6033
2022-04-17,9호선2~3단계,언주,3767,3768
2022-04-17,9호선2~3단계,선정릉,3077,3397
2022-04-17,9호선2~3단계,삼성중앙,2010,2197
2022-04-17,9호선2~3단계,봉은사,7714,7757
2022-04-17,9호선2~3단계,종합운동장,2295,2066
2022-04-17,9호선2~3단계,삼전,3676,3515
2022-04-17,9호선2~3단계,석촌고분,3288,3202
2022-04-17,9호선2~3단계,석촌,5061,4485
2022-04-17,9호선2~3단계,송파나루,3157,3243
2022-04-17,9호선2~3단계,한성백제,1598,1366
2022-04-17,9호선2~3단계,올림픽공원,4277,4493
2022-04-17,9호선2~3단계,둔촌오륜,485,531
2022-04-17,9호선2~3단계,중앙보훈병원,3447,3341
2022-04-18,9호선2~3단계,중앙보훈병원,11148,9848
2022-04-18,9호선2~3단계,둔촌오륜,1213,1083
2022-04-18,9호선2~3단계,올림픽공원,5885,6045
2022-04-18,9호선2~3단계,한성백제,2535,2281
2022-04-18,9호선2~3단계,송파나루,4678,5033
2022-04-18,9호선2~3단계,석촌,8300,7367
2022-04-18,9호선2~3단계,석촌고분,5829,5753
2022-04-18,9호선2~3단계,삼전,6792,6481
2022-04-18,9호선2~3단계,종합운동장,4057,4197
2022-04-18,9호선2~3단계,봉은사,15168,15436
2022-04-18,9호선2~3단계,삼성중앙,6804,7235
2022-04-18,9호선2~3단계,선정릉,9740,10828
2022-04-18,9호선2~3단계,언주,10247,10707
2022-04-19,9호선2~3단계,언주,10613,10986
2022-04-19,9호선2~3단계,선정릉,9972,11012
2022-04-19,9호선2~3단계,삼성중앙,6898,7400
2022-04-19,9호선2~3단계,봉은사,15935,16106
2022-04-19,9호선2~3단계,종합운동장,4087,4312
2022-04-19,9호선2~3단계,삼전,6861,6670
2022-04-19,9호선2~3단계,석촌고분,6049,6023
2022-04-19,9호선2~3단계,석촌,8625,7532
2022-04-19,9호선2~3단계,송파나루,4928,5233
2022-04-19,9호선2~3단계,한성백제,2556,2323
2022-04-19,9호선2~3단계,올림픽공원,6109,6114
2022-04-19,9호선2~3단계,둔촌오륜,1212,1054
2022-04-19,9호선2~3단계,중앙보훈병원,11407,10099
2022-04-20,9호선2~3단계,언주,10752,10822
2022-04-20,9호선2~3단계,선정릉,10052,11167
2022-04-20,9호선2~3단계,삼성중앙,7031,7406
2022-04-20,9호선2~3단계,봉은사,17422,17951
2022-04-20,9호선2~3단계,종합운동장,4249,4445
2022-04-20,9호선2~3단계,삼전,7052,6661
2022-04-20,9호선2~3단계,석촌고분,6270,6096
2022-04-20,9호선2~3단계,석촌,8741,7687
2022-04-20,9호선2~3단계,송파나루,4952,5380
2022-04-20,9호선2~3단계,한성백제,2629,2399
2022-04-20,9호선2~3단계,올림픽공원,6150,6080
2022-04-20,9호선2~3단계,둔촌오륜,1247,1115
2022-04-20,9호선2~3단계,중앙보훈병원,11269,9960
2022-04-21,9호선2~3단계,중앙보훈병원,11516,10097
2022-04-21,9호선2~3단계,둔촌오륜,1158,1063
2022-04-21,9호선2~3단계,올림픽공원,6292,6242
2022-04-21,9호선2~3단계,한성백제,2606,2385
2022-04-21,9호선2~3단계,송파나루,4961,5307
2022-04-21,9호선2~3단계,석촌,8873,7747
2022-04-21,9호선2~3단계,석촌고분,6106,5975
2022-04-21,9호선2~3단계,삼전,6987,6598
2022-04-21,9호선2~3단계,종합운동장,4350,4463
2022-04-21,9호선2~3단계,봉은사,17731,18719
2022-04-21,9호선2~3단계,삼성중앙,7250,7600
2022-04-21,9호선2~3단계,선정릉,10061,11158
2022-04-21,9호선2~3단계,언주,10606,11050
2022-04-22,9호선2~3단계,중앙보훈병원,11146,9564
2022-04-22,9호선2~3단계,둔촌오륜,1237,1070
2022-04-22,9호선2~3단계,올림픽공원,6417,6099
2022-04-22,9호선2~3단계,한성백제,2623,2338
2022-04-22,9호선2~3단계,송파나루,5223,5679
2022-04-22,9호선2~3단계,석촌,9111,7719
2022-04-22,9호선2~3단계,석촌고분,6329,6155
2022-04-22,9호선2~3단계,삼전,7070,6706
2022-04-22,9호선2~3단계,종합운동장,4910,5197
2022-04-22,9호선2~3단계,봉은사,18058,18841
2022-04-22,9호선2~3단계,삼성중앙,7198,7481
2022-04-22,9호선2~3단계,선정릉,9959,11078
2022-04-22,9호선2~3단계,언주,10794,11020
2022-04-23,9호선2~3단계,중앙보훈병원,4779,4390
2022-04-23,9호선2~3단계,둔촌오륜,576,595
2022-04-23,9호선2~3단계,올림픽공원,5701,5513
2022-04-23,9호선2~3단계,한성백제,2019,1732
2022-04-23,9호선2~3단계,송파나루,4268,4576
2022-04-23,9호선2~3단계,석촌,7389,6005
2022-04-23,9호선2~3단계,석촌고분,4339,4282
2022-04-23,9호선2~3단계,삼전,4956,4465
2022-04-23,9호선2~3단계,종합운동장,3621,3637
2022-04-23,9호선2~3단계,봉은사,10729,11235
2022-04-23,9호선2~3단계,삼성중앙,2960,2972
2022-04-23,9호선2~3단계,선정릉,4786,5396
2022-04-23,9호선2~3단계,언주,6518,6553
2022-04-24,9호선2~3단계,언주,3898,3933
2022-04-24,9호선2~3단계,선정릉,3064,3426
2022-04-24,9호선2~3단계,삼성중앙,1948,2069
2022-04-24,9호선2~3단계,봉은사,7603,7692
2022-04-24,9호선2~3단계,종합운동장,3091,2756
2022-04-24,9호선2~3단계,삼전,3695,3455
2022-04-24,9호선2~3단계,석촌고분,3036,3080
2022-04-24,9호선2~3단계,석촌,4901,4314
2022-04-24,9호선2~3단계,송파나루,2956,3169
2022-04-24,9호선2~3단계,한성백제,1530,1375
2022-04-24,9호선2~3단계,올림픽공원,4350,4618
2022-04-24,9호선2~3단계,둔촌오륜,568,573
2022-04-24,9호선2~3단계,중앙보훈병원,3536,3422
2022-04-25,9호선2~3단계,언주,10308,10817
2022-04-25,9호선2~3단계,선정릉,10025,11043
2022-04-25,9호선2~3단계,삼성중앙,7173,7575
2022-04-25,9호선2~3단계,봉은사,15573,16036
2022-04-25,9호선2~3단계,종합운동장,4101,4235
2022-04-25,9호선2~3단계,삼전,6857,6605
2022-04-25,9호선2~3단계,석촌고분,6073,5884
2022-04-25,9호선2~3단계,석촌,8488,7436
2022-04-25,9호선2~3단계,송파나루,4762,5063
2022-04-25,9호선2~3단계,한성백제,2551,2313
2022-04-25,9호선2~3단계,올림픽공원,6015,6050
2022-04-25,9호선2~3단계,둔촌오륜,1194,1082
2022-04-25,9호선2~3단계,중앙보훈병원,11137,9855
2022-04-26,9호선2~3단계,중앙보훈병원,11264,10089
2022-04-26,9호선2~3단계,둔촌오륜,1201,1061
2022-04-26,9호선2~3단계,올림픽공원,6336,6193
2022-04-26,9호선2~3단계,한성백제,2584,2375
2022-04-26,9호선2~3단계,송파나루,4987,5349
2022-04-26,9호선2~3단계,석촌,8709,7759
2022-04-26,9호선2~3단계,석촌고분,6136,6049
2022-04-26,9호선2~3단계,삼전,7055,6595
2022-04-26,9호선2~3단계,종합운동장,4277,4424
2022-04-26,9호선2~3단계,봉은사,16623,17084
2022-04-26,9호선2~3단계,삼성중앙,7149,7699
2022-04-26,9호선2~3단계,선정릉,10419,11402
2022-04-26,9호선2~3단계,언주,10760,11214
2022-04-27,9호선2~3단계,언주,10791,11147
2022-04-27,9호선2~3단계,선정릉,10471,11563
2022-04-27,9호선2~3단계,삼성중앙,7254,7593
2022-04-27,9호선2~3단계,봉은사,17090,18048
2022-04-27,9호선2~3단계,종합운동장,4316,4435
2022-04-27,9호선2~3단계,삼전,7109,6729
2022-04-27,9호선2~3단계,석촌고분,6260,6058
2022-04-27,9호선2~3단계,석촌,9028,7964
2022-04-27,9호선2~3단계,송파나루,5205,5500
2022-04-27,9호선2~3단계,한성백제,2771,2456
2022-04-27,9호선2~3단계,올림픽공원,6408,6488
2022-04-27,9호선2~3단계,둔촌오륜,1260,1094
2022-04-27,9호선2~3단계,중앙보훈병원,11563,10258
2022-04-28,9호선2~3단계,언주,10660,11013
2022-04-28,9호선2~3단계,선정릉,10324,11506
2022-04-28,9호선2~3단계,삼성중앙,7291,7684
2022-04-28,9호선2~3단계,봉은사,17112,17729
2022-04-28,9호선2~3단계,종합운동장,4399,4564
2022-04-28,9호선2~3단계,삼전,7211,6794
2022-04-28,9호선2~3단계,석촌고분,6274,6104
2022-04-28,9호선2~3단계,석촌,9033,8082
2022-04-28,9호선2~3단계,송파나루,5051,5376
2022-04-28,9호선2~3단계,한성백제,2646,2392
2022-04-28,9호선2~3단계,올림픽공원,6481,6441
2022-04-28,9호선2~3단계,둔촌오륜,1250,1091
2022-04-28,9호선2~3단계,중앙보훈병원,11436,10034
2022-04-29,9호선2~3단계,언주,10966,11318
2022-04-29,9호선2~3단계,선정릉,10333,11547
2022-04-29,9호선2~3단계,삼성중앙,7305,7779
2022-04-29,9호선2~3단계,봉은사,17021,17674
2022-04-29,9호선2~3단계,종합운동장,4876,5845
2022-04-29,9호선2~3단계,삼전,7508,7080
2022-04-29,9호선2~3단계,석촌고분,6634,6321
2022-04-29,9호선2~3단계,석촌,9487,8121
2022-04-29,9호선2~3단계,송파나루,5821,6231
2022-04-29,9호선2~3단계,한성백제,2727,2621
2022-04-29,9호선2~3단계,올림픽공원,9098,9511
2022-04-29,9호선2~3단계,둔촌오륜,1316,1085
2022-04-29,9호선2~3단계,중앙보훈병원,11249,9801
2022-04-30,9호선2~3단계,언주,6645,6659
2022-04-30,9호선2~3단계,선정릉,5204,6022
2022-04-30,9호선2~3단계,삼성중앙,3354,3299
2022-04-30,9호선2~3단계,봉은사,11791,12644
2022-04-30,9호선2~3단계,종합운동장,4740,4191
2022-04-30,9호선2~3단계,삼전,5336,4739
2022-04-30,9호선2~3단계,석촌고분,4647,4398
2022-04-30,9호선2~3단계,석촌,7465,6365
2022-04-30,9호선2~3단계,송파나루,4996,5178
2022-04-30,9호선2~3단계,한성백제,2040,1798
2022-04-30,9호선2~3단계,올림픽공원,10476,10910
2022-04-30,9호선2~3단계,둔촌오륜,586,651
2022-04-30,9호선2~3단계,중앙보훈병원,5068,4740
2022-05-01,9호선2~3단계,언주,4064,3985
2022-05-01,9호선2~3단계,선정릉,3199,3672
2022-05-01,9호선2~3단계,삼성중앙,2139,2241
2022-05-01,9호선2~3단계,봉은사,9250,9270
2022-05-01,9호선2~3단계,종합운동장,3785,3219
2022-05-01,9호선2~3단계,삼전,3739,3749
2022-05-01,9호선2~3단계,석촌고분,3502,3401
2022-05-01,9호선2~3단계,석촌,5258,4567
2022-05-01,9호선2~3단계,송파나루,3694,3903
2022-05-01,9호선2~3단계,한성백제,1539,1477
2022-05-01,9호선2~3단계,올림픽공원,9811,9880
2022-05-01,9호선2~3단계,둔촌오륜,527,553
2022-05-01,9호선2~3단계,중앙보훈병원,3742,3522
2022-05-02,9호선2~3단계,중앙보훈병원,11589,10334
2022-05-02,9호선2~3단계,둔촌오륜,1221,1125
2022-05-02,9호선2~3단계,올림픽공원,6385,6365
2022-05-02,9호선2~3단계,한성백제,2660,2359
2022-05-02,9호선2~3단계,송파나루,5149,5371
2022-05-02,9호선2~3단계,석촌,8878,7807
2022-05-02,9호선2~3단계,석촌고분,6130,6002
2022-05-02,9호선2~3단계,삼전,7090,6743
2022-05-02,9호선2~3단계,종합운동장,4568,4574
2022-05-02,9호선2~3단계,봉은사,17517,18129
2022-05-02,9호선2~3단계,삼성중앙,7388,7832
2022-05-02,9호선2~3단계,선정릉,10352,11287
2022-05-02,9호선2~3단계,언주,10830,11278
2022-05-03,9호선2~3단계,언주,11154,11507
2022-05-03,9호선2~3단계,선정릉,10691,11902
2022-05-03,9호선2~3단계,삼성중앙,7578,7990
2022-05-03,9호선2~3단계,봉은사,17801,18455
2022-05-03,9호선2~3단계,종합운동장,4485,4556
2022-05-03,9호선2~3단계,삼전,7272,6937
2022-05-03,9호선2~3단계,석촌고분,6460,6252
2022-05-03,9호선2~3단계,석촌,9102,7907
2022-05-03,9호선2~3단계,송파나루,5318,5483
2022-05-03,9호선2~3단계,한성백제,2934,2719
2022-05-03,9호선2~3단계,올림픽공원,6490,6550
2022-05-03,9호선2~3단계,둔촌오륜,1245,1146
2022-05-03,9호선2~3단계,중앙보훈병원,12084,10668
2022-05-04,9호선2~3단계,언주,11675,11798
2022-05-04,9호선2~3단계,선정릉,10862,11988
2022-05-04,9호선2~3단계,삼성중앙,7640,7929
2022-05-04,9호선2~3단계,봉은사,19107,19867
2022-05-04,9호선2~3단계,종합운동장,5083,5036
2022-05-04,9호선2~3단계,삼전,7518,7049
2022-05-04,9호선2~3단계,석촌고분,6744,6245
2022-05-04,9호선2~3단계,석촌,9591,8047
2022-05-04,9호선2~3단계,송파나루,5559,5870
2022-05-04,9호선2~3단계,한성백제,3026,2496
2022-05-04,9호선2~3단계,올림픽공원,7285,6899
2022-05-04,9호선2~3단계,둔촌오륜,1290,1146
2022-05-04,9호선2~3단계,중앙보훈병원,11948,10409
2022-05-05,9호선2~3단계,언주,3882,3929
2022-05-05,9호선2~3단계,선정릉,3425,3830
2022-05-05,9호선2~3단계,삼성중앙,2432,2331
2022-05-05,9호선2~3단계,봉은사,11026,11581
2022-05-05,9호선2~3단계,종합운동장,2983,2429
2022-05-05,9호선2~3단계,삼전,4279,4023
2022-05-05,9호선2~3단계,석촌고분,3774,3450
2022-05-05,9호선2~3단계,석촌,5795,4820
2022-05-05,9호선2~3단계,송파나루,3617,3995
2022-05-05,9호선2~3단계,한성백제,1841,1559
2022-05-05,9호선2~3단계,올림픽공원,4767,5100
2022-05-05,9호선2~3단계,둔촌오륜,555,555
2022-05-05,9호선2~3단계,중앙보훈병원,4287,4020
2022-05-06,9호선2~3단계,언주,9108,9139
2022-05-06,9호선2~3단계,선정릉,8374,9147
2022-05-06,9호선2~3단계,삼성중앙,6062,6346
2022-05-06,9호선2~3단계,봉은사,16180,16652
2022-05-06,9호선2~3단계,종합운동장,4857,4867
2022-05-06,9호선2~3단계,삼전,6767,6271
2022-05-06,9호선2~3단계,석촌고분,6040,5557
2022-05-06,9호선2~3단계,석촌,8763,7369
2022-05-06,9호선2~3단계,송파나루,5172,5492
2022-05-06,9호선2~3단계,한성백제,2626,2198
2022-05-06,9호선2~3단계,올림픽공원,6786,6944
2022-05-06,9호선2~3단계,둔촌오륜,972,883
2022-05-06,9호선2~3단계,중앙보훈병원,9318,8278
2022-05-07,9호선2~3단계,언주,5909,5768
2022-05-07,9호선2~3단계,선정릉,4631,4966
2022-05-07,9호선2~3단계,삼성중앙,3041,3092
2022-05-07,9호선2~3단계,봉은사,11848,12451
2022-05-07,9호선2~3단계,종합운동장,2997,2801
2022-05-07,9호선2~3단계,삼전,4830,4366
2022-05-07,9호선2~3단계,석촌고분,4322,3988
2022-05-07,9호선2~3단계,석촌,6687,5668
2022-05-07,9호선2~3단계,송파나루,3880,4187
2022-05-07,9호선2~3단계,한성백제,1792,1587
2022-05-07,9호선2~3단계,올림픽공원,5078,5157
2022-05-07,9호선2~3단계,둔촌오륜,687,642
2022-05-07,9호선2~3단계,중앙보훈병원,4895,4592
2022-05-08,9호선2~3단계,중앙보훈병원,3816,3604
2022-05-08,9호선2~3단계,둔촌오륜,590,570
2022-05-08,9호선2~3단계,올림픽공원,3779,4059
2022-05-08,9호선2~3단계,한성백제,1460,1294
2022-05-08,9호선2~3단계,송파나루,3040,3209
2022-05-08,9호선2~3단계,석촌,4729,4347
2022-05-08,9호선2~3단계,석촌고분,3201,3265
2022-05-08,9호선2~3단계,삼전,3565,3741
2022-05-08,9호선2~3단계,종합운동장,2823,2767
2022-05-08,9호선2~3단계,봉은사,14411,14880
2022-05-08,9호선2~3단계,삼성중앙,1885,2022
2022-05-08,9호선2~3단계,선정릉,2765,3014
2022-05-08,9호선2~3단계,언주,3624,3694
2022-05-09,9호선2~3단계,언주,10874,11466
2022-05-09,9호선2~3단계,선정릉,10430,11556
2022-05-09,9호선2~3단계,삼성중앙,7528,8028
2022-05-09,9호선2~3단계,봉은사,16444,16888
2022-05-09,9호선2~3단계,종합운동장,4387,4498
2022-05-09,9호선2~3단계,삼전,7215,6859
2022-05-09,9호선2~3단계,석촌고분,6203,6066
2022-05-09,9호선2~3단계,석촌,8958,7912
2022-05-09,9호선2~3단계,송파나루,5078,5377
2022-05-09,9호선2~3단계,한성백제,2795,2590
2022-05-09,9호선2~3단계,올림픽공원,6336,6395
2022-05-09,9호선2~3단계,둔촌오륜,1248,1142
2022-05-09,9호선2~3단계,중앙보훈병원,11679,10241
2022-05-10,9호선2~3단계,중앙보훈병원,11849,10385
2022-05-10,9호선2~3단계,둔촌오륜,1263,1152
2022-05-10,9호선2~3단계,올림픽공원,6871,6782
2022-05-10,9호선2~3단계,한성백제,2783,2598
2022-05-10,9호선2~3단계,송파나루,5246,5509
2022-05-10,9호선2~3단계,석촌,9297,8163
2022-05-10,9호선2~3단계,석촌고분,6491,6240
2022-05-10,9호선2~3단계,삼전,7212,6858
2022-05-10,9호선2~3단계,종합운동장,4667,4830
2022-05-10,9호선2~3단계,봉은사,17196,17622
2022-05-10,9호선2~3단계,삼성중앙,7705,8205
2022-05-10,9호선2~3단계,선정릉,10840,11904
2022-05-10,9호선2~3단계,언주,11171,11662
2022-05-11,9호선2~3단계,중앙보훈병원,11833,10520
2022-05-11,9호선2~3단계,둔촌오륜,1304,1165
2022-05-11,9호선2~3단계,올림픽공원,6776,6641
2022-05-11,9호선2~3단계,한성백제,2756,2465
2022-05-11,9호선2~3단계,송파나루,5248,5678
2022-05-11,9호선2~3단계,석촌,9260,7992
2022-05-11,9호선2~3단계,석촌고분,6454,6155
2022-05-11,9호선2~3단계,삼전,7376,6943
2022-05-11,9호선2~3단계,종합운동장,4590,4790
2022-05-11,9호선2~3단계,봉은사,18514,19058
2022-05-11,9호선2~3단계,삼성중앙,7437,7872
2022-05-11,9호선2~3단계,선정릉,10763,11845
2022-05-11,9호선2~3단계,언주,11169,11510
2022-05-12,9호선2~3단계,중앙보훈병원,11993,10541
2022-05-12,9호선2~3단계,둔촌오륜,1316,1142
2022-05-12,9호선2~3단계,올림픽공원,6598,6780
2022-05-12,9호선2~3단계,한성백제,2769,2528
2022-05-12,9호선2~3단계,송파나루,5238,5601
2022-05-12,9호선2~3단계,석촌,9250,7987
2022-05-12,9호선2~3단계,석촌고분,6447,6318
2022-05-12,9호선2~3단계,삼전,7341,6968
2022-05-12,9호선2~3단계,종합운동장,4558,4691
2022-05-12,9호선2~3단계,봉은사,19489,20266
2022-05-12,9호선2~3단계,삼성중앙,7603,7966
2022-05-12,9호선2~3단계,선정릉,10681,11833
2022-05-12,9호선2~3단계,언주,11179,11556
2022-05-13,9호선2~3단계,중앙보훈병원,11746,10034
2022-05-13,9호선2~3단계,둔촌오륜,1352,1196
2022-05-13,9호선2~3단계,올림픽공원,9793,9256
2022-05-13,9호선2~3단계,한성백제,3349,3051
2022-05-13,9호선2~3단계,송파나루,5582,6100
2022-05-13,9호선2~3단계,석촌,9580,8299
2022-05-13,9호선2~3단계,석촌고분,6941,6479
2022-05-13,9호선2~3단계,삼전,7704,7243
2022-05-13,9호선2~3단계,종합운동장,4836,4882
2022-05-13,9호선2~3단계,봉은사,20043,20623
2022-05-13,9호선2~3단계,삼성중앙,7894,8280
2022-05-13,9호선2~3단계,선정릉,10743,12138
2022-05-13,9호선2~3단계,언주,11570,11735
2022-05-14,9호선2~3단계,언주,6927,7114
2022-05-14,9호선2~3단계,선정릉,5270,6134
2022-05-14,9호선2~3단계,삼성중앙,3470,3686
2022-05-14,9호선2~3단계,봉은사,14850,15767
2022-05-14,9호선2~3단계,종합운동장,4009,3424
2022-05-14,9호선2~3단계,삼전,5515,4990
2022-05-14,9호선2~3단계,석촌고분,4724,4489
2022-05-14,9호선2~3단계,석촌,7851,6469
2022-05-14,9호선2~3단계,송파나루,4604,5014
2022-05-14,9호선2~3단계,한성백제,2282,2080
2022-05-14,9호선2~3단계,올림픽공원,11225,10585
2022-05-14,9호선2~3단계,둔촌오륜,746,712
2022-05-14,9호선2~3단계,중앙보훈병원,5698,5267
2022-05-15,9호선2~3단계,중앙보훈병원,4198,4045
2022-05-15,9호선2~3단계,둔촌오륜,585,582
2022-05-15,9호선2~3단계,올림픽공원,10411,9761
2022-05-15,9호선2~3단계,한성백제,1927,1811
2022-05-15,9호선2~3단계,송파나루,3488,3694
2022-05-15,9호선2~3단계,석촌,5566,4790
2022-05-15,9호선2~3단계,석촌고분,3523,3452
2022-05-15,9호선2~3단계,삼전,3981,3774
2022-05-15,9호선2~3단계,종합운동장,3017,2532
2022-05-15,9호선2~3단계,봉은사,10505,10862
2022-05-15,9호선2~3단계,삼성중앙,2298,2272
2022-05-15,9호선2~3단계,선정릉,3368,3826
2022-05-15,9호선2~3단계,언주,4337,4204
2022-05-16,9호선2~3단계,언주,10849,11358
2022-05-16,9호선2~3단계,선정릉,10494,11546
2022-05-16,9호선2~3단계,삼성중앙,7669,8173
2022-05-16,9호선2~3단계,봉은사,16641,17095
2022-05-16,9호선2~3단계,종합운동장,4446,4494
2022-05-16,9호선2~3단계,삼전,7338,6922
2022-05-16,9호선2~3단계,석촌고분,6330,6093
2022-05-16,9호선2~3단계,석촌,8993,7825
2022-05-16,9호선2~3단계,송파나루,5088,5348
2022-05-16,9호선2~3단계,한성백제,2684,2433
2022-05-16,9호선2~3단계,올림픽공원,6756,6747
2022-05-16,9호선2~3단계,둔촌오륜,1249,1135
2022-05-16,9호선2~3단계,중앙보훈병원,12147,10656
2022-05-17,9호선2~3단계,언주,11394,11717
2022-05-17,9호선2~3단계,선정릉,10769,11978
2022-05-17,9호선2~3단계,삼성중앙,7745,8145
2022-05-17,9호선2~3단계,봉은사,17523,17883
2022-05-17,9호선2~3단계,종합운동장,4497,4581
2022-05-17,9호선2~3단계,삼전,7371,7064
2022-05-17,9호선2~3단계,석촌고분,6599,6227
2022-05-17,9호선2~3단계,석촌,9337,8033
2022-05-17,9호선2~3단계,송파나루,5253,5555
2022-05-17,9호선2~3단계,한성백제,2850,2521
2022-05-17,9호선2~3단계,올림픽공원,6939,7071
2022-05-17,9호선2~3단계,둔촌오륜,1292,1118
2022-05-17,9호선2~3단계,중앙보훈병원,12130,10763
2022-05-18,9호선2~3단계,언주,11217,11439
2022-05-18,9호선2~3단계,선정릉,10535,11527
2022-05-18,9호선2~3단계,삼성중앙,7589,8048
2022-05-18,9호선2~3단계,봉은사,18242,18805
2022-05-18,9호선2~3단계,종합운동장,4493,4694
2022-05-18,9호선2~3단계,삼전,7394,6987
2022-05-18,9호선2~3단계,석촌고분,6531,6183
2022-05-18,9호선2~3단계,석촌,9363,8057
2022-05-18,9호선2~3단계,송파나루,5237,5636
2022-05-18,9호선2~3단계,한성백제,2854,2515
2022-05-18,9호선2~3단계,올림픽공원,6483,6513
2022-05-18,9호선2~3단계,둔촌오륜,1285,1140
2022-05-18,9호선2~3단계,중앙보훈병원,11857,10326
2022-05-19,9호선2~3단계,언주,10844,11352
2022-05-19,9호선2~3단계,선정릉,10811,11974
2022-05-19,9호선2~3단계,삼성중앙,7532,8097
2022-05-19,9호선2~3단계,봉은사,18418,19268
2022-05-19,9호선2~3단계,종합운동장,4585,4653
2022-05-19,9호선2~3단계,삼전,7328,7031
2022-05-19,9호선2~3단계,석촌고분,6529,6247
2022-05-19,9호선2~3단계,석촌,9182,8147
2022-05-19,9호선2~3단계,송파나루,5313,5571
2022-05-19,9호선2~3단계,한성백제,2805,2504
2022-05-19,9호선2~3단계,올림픽공원,6974,7048
2022-05-19,9호선2~3단계,둔촌오륜,1265,1097
2022-05-19,9호선2~3단계,중앙보훈병원,12042,10520
2022-05-20,9호선2~3단계,언주,11317,11528
2022-05-20,9호선2~3단계,선정릉,10844,11920
2022-05-20,9호선2~3단계,삼성중앙,7898,8367
2022-05-20,9호선2~3단계,봉은사,18707,19360
2022-05-20,9호선2~3단계,종합운동장,5338,6143
2022-05-20,9호선2~3단계,삼전,7598,7009
2022-05-20,9호선2~3단계,석촌고분,6779,6455
2022-05-20,9호선2~3단계,석촌,9756,8253
2022-05-20,9호선2~3단계,송파나루,5737,6123
2022-05-20,9호선2~3단계,한성백제,3101,2644
2022-05-20,9호선2~3단계,올림픽공원,7536,7024
2022-05-20,9호선2~3단계,둔촌오륜,1300,1111
2022-05-20,9호선2~3단계,중앙보훈병원,11944,10375
2022-05-21,9호선2~3단계,언주,7199,7162
2022-05-21,9호선2~3단계,선정릉,5509,6016
2022-05-21,9호선2~3단계,삼성중앙,3389,3367
2022-05-21,9호선2~3단계,봉은사,12438,13232
2022-05-21,9호선2~3단계,종합운동장,5136,4380
2022-05-21,9호선2~3단계,삼전,5329,4759
2022-05-21,9호선2~3단계,석촌고분,5080,4638
2022-05-21,9호선2~3단계,석촌,7893,6479
2022-05-21,9호선2~3단계,송파나루,4585,5025
2022-05-21,9호선2~3단계,한성백제,2494,2015
2022-05-21,9호선2~3단계,올림픽공원,8595,8658
2022-05-21,9호선2~3단계,둔촌오륜,760,783
2022-05-21,9호선2~3단계,중앙보훈병원,5564,5126
2022-05-22,9호선2~3단계,언주,3983,4042
2022-05-22,9호선2~3단계,선정릉,3527,3887
2022-05-22,9호선2~3단계,삼성중앙,2177,2184
2022-05-22,9호선2~3단계,봉은사,9170,9103
2022-05-22,9호선2~3단계,종합운동장,3981,3446
2022-05-22,9호선2~3단계,삼전,3861,3745
2022-05-22,9호선2~3단계,석촌고분,3490,3358
2022-05-22,9호선2~3단계,석촌,5552,4705
2022-05-22,9호선2~3단계,송파나루,3413,3754
2022-05-22,9호선2~3단계,한성백제,1855,1529
2022-05-22,9호선2~3단계,올림픽공원,6956,7457
2022-05-22,9호선2~3단계,둔촌오륜,594,570
2022-05-22,9호선2~3단계,중앙보훈병원,4180,4068
2022-05-23,9호선2~3단계,중앙보훈병원,12052,10699
2022-05-23,9호선2~3단계,둔촌오륜,1203,1093
2022-05-23,9호선2~3단계,올림픽공원,6878,7058
2022-05-23,9호선2~3단계,한성백제,2660,2375
2022-05-23,9호선2~3단계,송파나루,5065,5385
2022-05-23,9호선2~3단계,석촌,9091,7930
2022-05-23,9호선2~3단계,석촌고분,6286,6008
2022-05-23,9호선2~3단계,삼전,7259,6885
2022-05-23,9호선2~3단계,종합운동장,4391,4447
2022-05-23,9호선2~3단계,봉은사,16342,16602
2022-05-23,9호선2~3단계,삼성중앙,7554,8090
2022-05-23,9호선2~3단계,선정릉,10518,11375
2022-05-23,9호선2~3단계,언주,10782,11337
2022-05-24,9호선2~3단계,중앙보훈병원,12254,10881
2022-05-24,9호선2~3단계,둔촌오륜,1231,1164
2022-05-24,9호선2~3단계,올림픽공원,7204,7302
2022-05-24,9호선2~3단계,한성백제,2788,2453
2022-05-24,9호선2~3단계,송파나루,5204,5537
2022-05-24,9호선2~3단계,석촌,9289,8096
2022-05-24,9호선2~3단계,석촌고분,6532,6394
2022-05-24,9호선2~3단계,삼전,7506,7020
2022-05-24,9호선2~3단계,종합운동장,4474,4503
2022-05-24,9호선2~3단계,봉은사,17794,18204
2022-05-24,9호선2~3단계,삼성중앙,7745,8300
2022-05-24,9호선2~3단계,선정릉,11026,11996
2022-05-24,9호선2~3단계,언주,11176,11627
2022-05-25,9호선2~3단계,종합운동장,4585,4615
2022-05-25,9호선2~3단계,중앙보훈병원,12133,10588
2022-05-25,9호선2~3단계,둔촌오륜,1295,1146
2022-05-25,9호선2~3단계,올림픽공원,7593,7581
2022-05-25,9호선2~3단계,한성백제,2948,2566
2022-05-25,9호선2~3단계,송파나루,5390,5774
2022-05-25,9호선2~3단계,석촌,9215,8109
2022-05-25,9호선2~3단계,석촌고분,6650,6494
2022-05-25,9호선2~3단계,삼전,7493,7142
2022-05-25,9호선2~3단계,봉은사,17862,17954
2022-05-25,9호선2~3단계,삼성중앙,7740,8211
2022-05-25,9호선2~3단계,선정릉,10800,11978
2022-05-25,9호선2~3단계,언주,11463,11688
2022-05-26,9호선2~3단계,언주,11022,11718
2022-05-26,9호선2~3단계,선정릉,10733,11938
2022-05-26,9호선2~3단계,삼성중앙,7767,8198
2022-05-26,9호선2~3단계,봉은사,18697,19313
2022-05-26,9호선2~3단계,종합운동장,4541,4614
2022-05-26,9호선2~3단계,삼전,7314,6941
2022-05-26,9호선2~3단계,석촌고분,6461,6309
2022-05-26,9호선2~3단계,석촌,9254,8188
2022-05-26,9호선2~3단계,송파나루,5305,5589
2022-05-26,9호선2~3단계,한성백제,2811,2569
2022-05-26,9호선2~3단계,올림픽공원,7831,7555
2022-05-26,9호선2~3단계,둔촌오륜,1258,1115
2022-05-26,9호선2~3단계,중앙보훈병원,12002,10484
2022-05-27,9호선2~3단계,중앙보훈병원,12045,10464
2022-05-27,9호선2~3단계,둔촌오륜,1291,1113
2022-05-27,9호선2~3단계,올림픽공원,12968,12125
2022-05-27,9호선2~3단계,한성백제,3067,2872
2022-05-27,9호선2~3단계,송파나루,5545,5879
2022-05-27,9호선2~3단계,석촌,9869,8675
2022-05-27,9호선2~3단계,석촌고분,6843,6460
2022-05-27,9호선2~3단계,삼전,7726,7292
2022-05-27,9호선2~3단계,종합운동장,4963,5489
2022-05-27,9호선2~3단계,봉은사,20047,20738
2022-05-27,9호선2~3단계,삼성중앙,7748,8157
2022-05-27,9호선2~3단계,선정릉,10940,11845
2022-05-27,9호선2~3단계,언주,11247,11400
2022-05-28,9호선2~3단계,언주,6956,7104
2022-05-28,9호선2~3단계,선정릉,5598,6114
2022-05-28,9호선2~3단계,삼성중앙,3554,3640
2022-05-28,9호선2~3단계,봉은사,14748,16029
2022-05-28,9호선2~3단계,종합운동장,5210,4649
2022-05-28,9호선2~3단계,삼전,5477,4957
2022-05-28,9호선2~3단계,석촌고분,4755,4576
2022-05-28,9호선2~3단계,석촌,8171,6619
2022-05-28,9호선2~3단계,송파나루,4748,5138
2022-05-28,9호선2~3단계,한성백제,2588,2218
2022-05-28,9호선2~3단계,올림픽공원,10298,10109
2022-05-28,9호선2~3단계,둔촌오륜,652,677
2022-05-28,9호선2~3단계,중앙보훈병원,5658,5265
2022-05-29,9호선2~3단계,중앙보훈병원,4027,3802
2022-05-29,9호선2~3단계,둔촌오륜,578,611
2022-05-29,9호선2~3단계,올림픽공원,9281,8934
2022-05-29,9호선2~3단계,한성백제,1843,1661
2022-05-29,9호선2~3단계,송파나루,3344,3727
2022-05-29,9호선2~3단계,석촌,5585,4819
2022-05-29,9호선2~3단계,석촌고분,3486,3383
2022-05-29,9호선2~3단계,삼전,3844,3814
2022-05-29,9호선2~3단계,종합운동장,3747,3363
2022-05-29,9호선2~3단계,봉은사,10934,11280
2022-05-29,9호선2~3단계,삼성중앙,2243,2353
2022-05-29,9호선2~3단계,선정릉,3514,4007
2022-05-29,9호선2~3단계,언주,4227,4270
2022-05-30,9호선2~3단계,중앙보훈병원,12155,10676
2022-05-30,9호선2~3단계,둔촌오륜,1211,1154
2022-05-30,9호선2~3단계,올림픽공원,6636,6678
2022-05-30,9호선2~3단계,한성백제,2650,2368
2022-05-30,9호선2~3단계,송파나루,5092,5245
2022-05-30,9호선2~3단계,석촌,9015,8038
2022-05-30,9호선2~3단계,석촌고분,6285,6190
2022-05-30,9호선2~3단계,삼전,7261,6857
2022-05-30,9호선2~3단계,종합운동장,4399,4465
2022-05-30,9호선2~3단계,봉은사,17414,17670
2022-05-30,9호선2~3단계,삼성중앙,7608,8170
2022-05-30,9호선2~3단계,선정릉,10619,11733
2022-05-30,9호선2~3단계,언주,10945,11493
2022-05-31,9호선2~3단계,중앙보훈병원,12462,10826
2022-05-31,9호선2~3단계,둔촌오륜,1301,1135
2022-05-31,9호선2~3단계,올림픽공원,7445,7454
2022-05-31,9호선2~3단계,한성백제,3045,2572
2022-05-31,9호선2~3단계,송파나루,5417,5857
2022-05-31,9호선2~3단계,석촌,9691,8614
2022-05-31,9호선2~3단계,석촌고분,6652,6389
2022-05-31,9호선2~3단계,삼전,7571,7030
2022-05-31,9호선2~3단계,종합운동장,4773,4930
2022-05-31,9호선2~3단계,봉은사,18027,18410
2022-05-31,9호선2~3단계,삼성중앙,8043,8465
2022-05-31,9호선2~3단계,선정릉,10987,12349
2022-05-31,9호선2~3단계,언주,11262,11883
2022-06-01,9호선2~3단계,중앙보훈병원,4277,4049
2022-06-01,9호선2~3단계,둔촌오륜,585,585
2022-06-01,9호선2~3단계,올림픽공원,5153,5379
2022-06-01,9호선2~3단계,한성백제,1789,1558
2022-06-01,9호선2~3단계,송파나루,3531,3958
2022-06-01,9호선2~3단계,석촌,6154,5071
2022-06-01,9호선2~3단계,석촌고분,3907,3837
2022-06-01,9호선2~3단계,삼전,4434,4213
2022-06-01,9호선2~3단계,종합운동장,2975,2761
2022-06-01,9호선2~3단계,봉은사,11648,12497
2022-06-01,9호선2~3단계,삼성중앙,2645,2609
2022-06-01,9호선2~3단계,선정릉,3769,4197
2022-06-01,9호선2~3단계,언주,4356,4329
2022-06-02,9호선2~3단계,중앙보훈병원,11656,10309
2022-06-02,9호선2~3단계,둔촌오륜,975,940
2022-06-02,9호선2~3단계,올림픽공원,7236,7180
2022-06-02,9호선2~3단계,한성백제,2851,2591
2022-06-02,9호선2~3단계,송파나루,5139,5363
2022-06-02,9호선2~3단계,석촌,9292,8462
2022-06-02,9호선2~3단계,석촌고분,6527,6365
2022-06-02,9호선2~3단계,삼전,7313,6786
2022-06-02,9호선2~3단계,종합운동장,4620,4768
2022-06-02,9호선2~3단계,봉은사,19743,20653
2022-06-02,9호선2~3단계,삼성중앙,7819,8256
2022-06-02,9호선2~3단계,선정릉,10730,11908
2022-06-02,9호선2~3단계,언주,11255,11516
2022-06-03,9호선2~3단계,석촌,9684,8453
2022-06-03,9호선2~3단계,석촌고분,6736,6252
2022-06-03,9호선2~3단계,삼전,7466,6976
2022-06-03,9호선2~3단계,종합운동장,4698,4842
2022-06-03,9호선2~3단계,봉은사,20610,21176
2022-06-03,9호선2~3단계,송파나루,5456,5808
2022-06-03,9호선2~3단계,한성백제,2852,2506
2022-06-03,9호선2~3단계,올림픽공원,7258,7211
2022-06-03,9호선2~3단계,둔촌오륜,1027,959
2022-06-03,9호선2~3단계,중앙보훈병원,11689,10117
2022-06-03,9호선2~3단계,언주,11634,11723
2022-06-03,9호선2~3단계,선정릉,10965,11766
2022-06-03,9호선2~3단계,삼성중앙,7829,8265
2022-06-04,9호선2~3단계,중앙보훈병원,5023,4686
2022-06-04,9호선2~3단계,둔촌오륜,606,571
2022-06-04,9호선2~3단계,올림픽공원,8178,8302
2022-06-04,9호선2~3단계,한성백제,2029,1696
2022-06-04,9호선2~3단계,송파나루,4201,4618
2022-06-04,9호선2~3단계,석촌,7137,5838
2022-06-04,9호선2~3단계,석촌고분,4572,4058
2022-06-04,9호선2~3단계,삼전,5143,4588
2022-06-04,9호선2~3단계,종합운동장,3593,3194
2022-06-04,9호선2~3단계,봉은사,15605,17355
2022-06-04,9호선2~3단계,삼성중앙,3359,3153
2022-06-04,9호선2~3단계,선정릉,4990,5530
2022-06-04,9호선2~3단계,언주,6515,6436
2022-06-05,9호선2~3단계,중앙보훈병원,3942,3786
2022-06-05,9호선2~3단계,둔촌오륜,552,538
2022-06-05,9호선2~3단계,올림픽공원,6957,7187
2022-06-05,9호선2~3단계,한성백제,1675,1465
2022-06-05,9호선2~3단계,송파나루,3118,3381
2022-06-05,9호선2~3단계,석촌,4909,4273
2022-06-05,9호선2~3단계,석촌고분,3256,3135
2022-06-05,9호선2~3단계,삼전,3721,3429
2022-06-05,9호선2~3단계,종합운동장,2347,2193
2022-06-05,9호선2~3단계,봉은사,11393,12395
2022-06-05,9호선2~3단계,삼성중앙,2100,2073
2022-06-05,9호선2~3단계,선정릉,3160,3482
2022-06-05,9호선2~3단계,언주,3955,3878
2022-06-06,9호선2~3단계,중앙보훈병원,3737,3535
2022-06-06,9호선2~3단계,둔촌오륜,451,473
2022-06-06,9호선2~3단계,올림픽공원,4391,4689
2022-06-06,9호선2~3단계,한성백제,1490,1285
2022-06-06,9호선2~3단계,송파나루,2874,3129
2022-06-06,9호선2~3단계,석촌,4830,4350
2022-06-06,9호선2~3단계,석촌고분,3190,3177
2022-06-06,9호선2~3단계,삼전,3617,3643
2022-06-06,9호선2~3단계,종합운동장,2143,2058
2022-06-06,9호선2~3단계,봉은사,7621,7686
2022-06-06,9호선2~3단계,삼성중앙,2102,2208
2022-06-06,9호선2~3단계,선정릉,2842,3316
2022-06-06,9호선2~3단계,언주,3494,3604
2022-06-07,9호선2~3단계,언주,11198,11807
2022-06-07,9호선2~3단계,선정릉,11032,12103
2022-06-07,9호선2~3단계,삼성중앙,8042,8561
2022-06-07,9호선2~3단계,봉은사,17306,17714
2022-06-07,9호선2~3단계,종합운동장,4545,4570
2022-06-07,9호선2~3단계,삼전,7443,7128
2022-06-07,9호선2~3단계,석촌고분,6662,6609
2022-06-07,9호선2~3단계,석촌,9406,8474
2022-06-07,9호선2~3단계,송파나루,5167,5360
2022-06-07,9호선2~3단계,한성백제,2716,2449
2022-06-07,9호선2~3단계,올림픽공원,6715,6768
2022-06-07,9호선2~3단계,둔촌오륜,1243,1109
2022-06-07,9호선2~3단계,중앙보훈병원,12186,10682
2022-06-08,9호선2~3단계,언주,11513,11834
2022-06-08,9호선2~3단계,선정릉,11139,12268
2022-06-08,9호선2~3단계,삼성중앙,7739,8402
2022-06-08,9호선2~3단계,봉은사,19388,19976
2022-06-08,9호선2~3단계,종합운동장,4604,4762
2022-06-08,9호선2~3단계,삼전,7369,7001
2022-06-08,9호선2~3단계,석촌고분,6735,6540
2022-06-08,9호선2~3단계,석촌,9393,8500
2022-06-08,9호선2~3단계,송파나루,5287,5594
2022-06-08,9호선2~3단계,한성백제,2741,2490
2022-06-08,9호선2~3단계,올림픽공원,6790,6871
2022-06-08,9호선2~3단계,둔촌오륜,1242,1141
2022-06-08,9호선2~3단계,중앙보훈병원,12417,11069
2022-06-09,9호선2~3단계,중앙보훈병원,12293,10770
2022-06-09,9호선2~3단계,둔촌오륜,1258,1158
2022-06-09,9호선2~3단계,올림픽공원,6646,6863
2022-06-09,9호선2~3단계,한성백제,2869,2522
2022-06-09,9호선2~3단계,송파나루,5264,5503
2022-06-09,9호선2~3단계,석촌,9239,8179
2022-06-09,9호선2~3단계,석촌고분,6717,6405
2022-06-09,9호선2~3단계,삼전,7455,7021
2022-06-09,9호선2~3단계,종합운동장,4534,4605
2022-06-09,9호선2~3단계,봉은사,19242,20073
2022-06-09,9호선2~3단계,삼성중앙,7979,8482
2022-06-09,9호선2~3단계,선정릉,10965,12203
2022-06-09,9호선2~3단계,언주,11224,11839
2022-06-10,9호선2~3단계,언주,11870,12030
2022-06-10,9호선2~3단계,선정릉,11270,12389
2022-06-10,9호선2~3단계,삼성중앙,8176,8507
2022-06-10,9호선2~3단계,봉은사,19903,20257
2022-06-10,9호선2~3단계,종합운동장,4887,5018
2022-06-10,9호선2~3단계,삼전,7689,7193
2022-06-10,9호선2~3단계,석촌고분,6899,6424
2022-06-10,9호선2~3단계,석촌,9643,8584
2022-06-10,9호선2~3단계,송파나루,5681,6059
2022-06-10,9호선2~3단계,한성백제,3094,2861
2022-06-10,9호선2~3단계,올림픽공원,9752,9273
2022-06-10,9호선2~3단계,둔촌오륜,1280,1099
2022-06-10,9호선2~3단계,중앙보훈병원,12204,10799
2022-06-11,9호선2~3단계,언주,6568,6652
2022-06-11,9호선2~3단계,선정릉,5199,5778
2022-06-11,9호선2~3단계,삼성중앙,3389,3588
2022-06-11,9호선2~3단계,봉은사,12667,13405
2022-06-11,9호선2~3단계,종합운동장,3675,3359
2022-06-11,9호선2~3단계,삼전,5511,4941
2022-06-11,9호선2~3단계,석촌고분,4724,4303
2022-06-11,9호선2~3단계,석촌,7649,6226
2022-06-11,9호선2~3단계,송파나루,4363,4893
2022-06-11,9호선2~3단계,한성백제,2582,2675
2022-06-11,9호선2~3단계,올림픽공원,13002,12236
2022-06-11,9호선2~3단계,둔촌오륜,687,703
2022-06-11,9호선2~3단계,중앙보훈병원,5517,5102
2022-06-12,9호선2~3단계,중앙보훈병원,4055,3955
2022-06-12,9호선2~3단계,둔촌오륜,585,619
2022-06-12,9호선2~3단계,올림픽공원,10550,9370
2022-06-12,9호선2~3단계,한성백제,1810,1898
2022-06-12,9호선2~3단계,송파나루,3286,3546
2022-06-12,9호선2~3단계,석촌,5422,4586
2022-06-12,9호선2~3단계,석촌고분,3364,3279
2022-06-12,9호선2~3단계,삼전,3836,3795
2022-06-12,9호선2~3단계,종합운동장,2658,2331
2022-06-12,9호선2~3단계,봉은사,8763,8657
2022-06-12,9호선2~3단계,삼성중앙,2300,2418
2022-06-12,9호선2~3단계,선정릉,3333,3749
2022-06-12,9호선2~3단계,언주,4087,4198
2022-06-13,9호선2~3단계,언주,11028,11623
2022-06-13,9호선2~3단계,선정릉,10814,11747
2022-06-13,9호선2~3단계,삼성중앙,7941,8310
2022-06-13,9호선2~3단계,봉은사,17066,17605
2022-06-13,9호선2~3단계,종합운동장,4339,4535
2022-06-13,9호선2~3단계,삼전,7320,6915
2022-06-13,9호선2~3단계,석촌고분,6303,6239
2022-06-13,9호선2~3단계,석촌,9166,8083
2022-06-13,9호선2~3단계,송파나루,5003,5285
2022-06-13,9호선2~3단계,한성백제,2756,2417
2022-06-13,9호선2~3단계,올림픽공원,6454,6670
2022-06-13,9호선2~3단계,둔촌오륜,1213,1141
2022-06-13,9호선2~3단계,중앙보훈병원,12495,10937
2022-06-14,9호선2~3단계,언주,11542,11949
2022-06-14,9호선2~3단계,선정릉,11220,12377
2022-06-14,9호선2~3단계,삼성중앙,8169,8534
2022-06-14,9호선2~3단계,봉은사,18187,18599
2022-06-14,9호선2~3단계,종합운동장,4950,4942
2022-06-14,9호선2~3단계,삼전,7481,7167
2022-06-14,9호선2~3단계,석촌고분,6770,6592
2022-06-14,9호선2~3단계,석촌,9385,8256
2022-06-14,9호선2~3단계,송파나루,5313,5614
2022-06-14,9호선2~3단계,한성백제,2791,2550
2022-06-14,9호선2~3단계,올림픽공원,6569,6832
2022-06-14,9호선2~3단계,둔촌오륜,1250,1163
2022-06-14,9호선2~3단계,중앙보훈병원,12489,11044
2022-06-15,9호선2~3단계,언주,11798,12072
2022-06-15,9호선2~3단계,선정릉,11265,12297
2022-06-15,9호선2~3단계,삼성중앙,8139,8461
2022-06-15,9호선2~3단계,봉은사,19879,20238
2022-06-15,9호선2~3단계,종합운동장,4655,4678
2022-06-15,9호선2~3단계,삼전,7551,7262
2022-06-15,9호선2~3단계,석촌고분,6760,6626
2022-06-15,9호선2~3단계,석촌,9314,8218
2022-06-15,9호선2~3단계,송파나루,5434,5715
2022-06-15,9호선2~3단계,한성백제,2809,2600
2022-06-15,9호선2~3단계,올림픽공원,6339,6475
2022-06-15,9호선2~3단계,둔촌오륜,1329,1200
2022-06-15,9호선2~3단계,중앙보훈병원,12333,10964
2022-06-16,9호선2~3단계,언주,11556,12090
2022-06-16,9호선2~3단계,선정릉,11316,12448
2022-06-16,9호선2~3단계,삼성중앙,8144,8638
2022-06-16,9호선2~3단계,봉은사,21604,22586
2022-06-16,9호선2~3단계,종합운동장,4786,4774
2022-06-16,9호선2~3단계,삼전,7512,7061
2022-06-16,9호선2~3단계,석촌고분,6769,6488
2022-06-16,9호선2~3단계,석촌,9554,8449
2022-06-16,9호선2~3단계,송파나루,5372,5550
2022-06-16,9호선2~3단계,한성백제,2824,2545
2022-06-16,9호선2~3단계,올림픽공원,6602,6871
2022-06-16,9호선2~3단계,둔촌오륜,1274,1159
2022-06-16,9호선2~3단계,중앙보훈병원,12462,11021
2022-06-17,9호선2~3단계,언주,11615,12017
2022-06-17,9호선2~3단계,선정릉,11265,12429
2022-06-17,9호선2~3단계,삼성중앙,7971,8397
2022-06-17,9호선2~3단계,봉은사,21788,22230
2022-06-17,9호선2~3단계,종합운동장,4813,4918
2022-06-17,9호선2~3단계,삼전,7584,7198
2022-06-17,9호선2~3단계,석촌고분,6846,6475
2022-06-17,9호선2~3단계,석촌,9981,8713
2022-06-17,9호선2~3단계,송파나루,5629,6095
2022-06-17,9호선2~3단계,한성백제,2900,2552
2022-06-17,9호선2~3단계,올림픽공원,8594,8706
2022-06-17,9호선2~3단계,둔촌오륜,1357,1221
2022-06-17,9호선2~3단계,중앙보훈병원,12146,10599
2022-06-18,9호선2~3단계,중앙보훈병원,5465,5044
2022-06-18,9호선2~3단계,둔촌오륜,650,663
2022-06-18,9호선2~3단계,올림픽공원,6339,6474
2022-06-18,9호선2~3단계,한성백제,2122,1828
2022-06-18,9호선2~3단계,송파나루,4618,5338
2022-06-18,9호선2~3단계,석촌,7641,6185
2022-06-18,9호선2~3단계,석촌고분,4776,4409
2022-06-18,9호선2~3단계,삼전,5359,4833
2022-06-18,9호선2~3단계,종합운동장,4788,4714
2022-06-18,9호선2~3단계,봉은사,14529,16294
2022-06-18,9호선2~3단계,삼성중앙,3384,3647
2022-06-18,9호선2~3단계,선정릉,5372,6274
2022-06-18,9호선2~3단계,언주,6886,6894
2022-06-19,9호선2~3단계,중앙보훈병원,4236,4064
2022-06-19,9호선2~3단계,둔촌오륜,593,647
2022-06-19,9호선2~3단계,올림픽공원,5612,5779
2022-06-19,9호선2~3단계,한성백제,1652,1406
2022-06-19,9호선2~3단계,송파나루,3072,3312
2022-06-19,9호선2~3단계,석촌,5444,4609
2022-06-19,9호선2~3단계,석촌고분,3341,3283
2022-06-19,9호선2~3단계,삼전,3750,3678
2022-06-19,9호선2~3단계,종합운동장,2666,2636
2022-06-19,9호선2~3단계,봉은사,9021,9057
2022-06-19,9호선2~3단계,삼성중앙,2134,2161
2022-06-19,9호선2~3단계,선정릉,3217,3712
2022-06-19,9호선2~3단계,언주,4296,4404
2022-06-20,9호선2~3단계,언주,11281,11701
2022-06-20,9호선2~3단계,선정릉,10991,12019
2022-06-20,9호선2~3단계,삼성중앙,7812,8316
2022-06-20,9호선2~3단계,봉은사,17747,18099
2022-06-20,9호선2~3단계,종합운동장,4472,4556
2022-06-20,9호선2~3단계,삼전,7247,6825
2022-06-20,9호선2~3단계,석촌고분,6547,6326
2022-06-20,9호선2~3단계,석촌,9265,8240
2022-06-20,9호선2~3단계,송파나루,5255,5479
2022-06-20,9호선2~3단계,한성백제,2784,2548
2022-06-20,9호선2~3단계,올림픽공원,6584,6729
2022-06-20,9호선2~3단계,둔촌오륜,1219,1143
2022-06-20,9호선2~3단계,중앙보훈병원,12435,11028
2022-06-21,9호선2~3단계,언주,11814,12168
2022-06-21,9호선2~3단계,선정릉,11204,12478
2022-06-21,9호선2~3단계,삼성중앙,8081,8703
2022-06-21,9호선2~3단계,봉은사,18614,18936
2022-06-21,9호선2~3단계,종합운동장,4789,4806
2022-06-21,9호선2~3단계,삼전,7384,6988
2022-06-21,9호선2~3단계,석촌고분,6819,6585
2022-06-21,9호선2~3단계,석촌,9510,8347
2022-06-21,9호선2~3단계,송파나루,5445,5762
2022-06-21,9호선2~3단계,한성백제,2863,2598
2022-06-21,9호선2~3단계,올림픽공원,6654,6845
2022-06-21,9호선2~3단계,둔촌오륜,1220,1110
2022-06-21,9호선2~3단계,중앙보훈병원,12485,11083
2022-06-22,9호선2~3단계,중앙보훈병원,12377,11022
2022-06-22,9호선2~3단계,둔촌오륜,1268,1205
2022-06-22,9호선2~3단계,올림픽공원,7954,8164
2022-06-22,9호선2~3단계,한성백제,2945,2642
2022-06-22,9호선2~3단계,송파나루,5622,6076
2022-06-22,9호선2~3단계,석촌,9533,8452
2022-06-22,9호선2~3단계,석촌고분,6875,6721
2022-06-22,9호선2~3단계,삼전,7617,7183
2022-06-22,9호선2~3단계,종합운동장,4706,4757
2022-06-22,9호선2~3단계,봉은사,20235,20586
2022-06-22,9호선2~3단계,삼성중앙,8017,8513
2022-06-22,9호선2~3단계,선정릉,11343,12461
2022-06-22,9호선2~3단계,언주,11887,12201
2022-06-23,9호선2~3단계,중앙보훈병원,11823,10420
2022-06-23,9호선2~3단계,둔촌오륜,1271,1154
2022-06-23,9호선2~3단계,올림픽공원,6188,6195
2022-06-23,9호선2~3단계,한성백제,2925,2615
2022-06-23,9호선2~3단계,송파나루,5522,5895
2022-06-23,9호선2~3단계,석촌,8959,7778
2022-06-23,9호선2~3단계,석촌고분,6601,6693
2022-06-23,9호선2~3단계,삼전,7452,7379
2022-06-23,9호선2~3단계,종합운동장,4645,4556
2022-06-23,9호선2~3단계,봉은사,21491,21635
2022-06-23,9호선2~3단계,삼성중앙,8426,8670
2022-06-23,9호선2~3단계,선정릉,10388,11847
2022-06-23,9호선2~3단계,언주,12267,12225
2022-06-24,9호선2~3단계,언주,11824,12107
2022-06-24,9호선2~3단계,선정릉,11062,12011
2022-06-24,9호선2~3단계,삼성중앙,8183,8534
2022-06-24,9호선2~3단계,봉은사,20760,21331
2022-06-24,9호선2~3단계,종합운동장,5317,5753
2022-06-24,9호선2~3단계,삼전,7650,7217
2022-06-24,9호선2~3단계,석촌고분,7004,6641
2022-06-24,9호선2~3단계,석촌,9957,8614
2022-06-24,9호선2~3단계,송파나루,5768,6224
2022-06-24,9호선2~3단계,한성백제,2867,2561
2022-06-24,9호선2~3단계,올림픽공원,6972,6895
2022-06-24,9호선2~3단계,둔촌오륜,1327,1185
2022-06-24,9호선2~3단계,중앙보훈병원,12014,10681
2022-06-25,9호선2~3단계,언주,7125,6987
2022-06-25,9호선2~3단계,선정릉,5150,5815
2022-06-25,9호선2~3단계,삼성중앙,3523,3607
2022-06-25,9호선2~3단계,봉은사,16250,17240
2022-06-25,9호선2~3단계,종합운동장,4280,4442
2022-06-25,9호선2~3단계,삼전,5459,4914
2022-06-25,9호선2~3단계,석촌고분,4956,4527
2022-06-25,9호선2~3단계,석촌,7780,6226
2022-06-25,9호선2~3단계,송파나루,4584,5206
2022-06-25,9호선2~3단계,한성백제,2352,2281
2022-06-25,9호선2~3단계,올림픽공원,11682,11184
2022-06-25,9호선2~3단계,둔촌오륜,703,683
2022-06-25,9호선2~3단계,중앙보훈병원,5879,5374
2022-06-26,9호선2~3단계,언주,3956,4034
2022-06-26,9호선2~3단계,선정릉,3135,3523
2022-06-26,9호선2~3단계,삼성중앙,2199,2355
2022-06-26,9호선2~3단계,봉은사,10363,10785
2022-06-26,9호선2~3단계,종합운동장,3354,3293
2022-06-26,9호선2~3단계,삼전,3811,3756
2022-06-26,9호선2~3단계,석촌고분,3343,3247
2022-06-26,9호선2~3단계,석촌,5269,4545
2022-06-26,9호선2~3단계,송파나루,3164,3561
2022-06-26,9호선2~3단계,한성백제,1566,1543
2022-06-26,9호선2~3단계,올림픽공원,9482,8664
2022-06-26,9호선2~3단계,둔촌오륜,621,627
2022-06-26,9호선2~3단계,중앙보훈병원,3972,3776
2022-06-27,9호선2~3단계,중앙보훈병원,11913,10440
2022-06-27,9호선2~3단계,둔촌오륜,1303,1170
2022-06-27,9호선2~3단계,올림픽공원,6322,6328
2022-06-27,9호선2~3단계,한성백제,2712,2468
2022-06-27,9호선2~3단계,송파나루,5135,5555
2022-06-27,9호선2~3단계,석촌,8843,7797
2022-06-27,9호선2~3단계,석촌고분,6638,6481
2022-06-27,9호선2~3단계,삼전,7284,6939
2022-06-27,9호선2~3단계,종합운동장,4528,4435
2022-06-27,9호선2~3단계,봉은사,18603,18896
2022-06-27,9호선2~3단계,삼성중앙,8105,8548
2022-06-27,9호선2~3단계,선정릉,10874,11691
2022-06-27,9호선2~3단계,언주,11624,12046
2022-06-28,9호선2~3단계,언주,11950,12265
2022-06-28,9호선2~3단계,선정릉,11248,12233
2022-06-28,9호선2~3단계,삼성중앙,8361,8633
2022-06-28,9호선2~3단계,봉은사,18814,19337
2022-06-28,9호선2~3단계,종합운동장,4483,4594
2022-06-28,9호선2~3단계,삼전,7367,7206
2022-06-28,9호선2~3단계,석촌고분,6589,6559
2022-06-28,9호선2~3단계,석촌,9026,7945
2022-06-28,9호선2~3단계,송파나루,5446,5792
2022-06-28,9호선2~3단계,한성백제,2808,2582
2022-06-28,9호선2~3단계,올림픽공원,6342,6251
2022-06-28,9호선2~3단계,둔촌오륜,1280,1167
2022-06-28,9호선2~3단계,중앙보훈병원,12142,10795
2022-06-29,9호선2~3단계,언주,12239,12293
2022-06-29,9호선2~3단계,선정릉,11085,11949
2022-06-29,9호선2~3단계,삼성중앙,8178,8520
2022-06-29,9호선2~3단계,봉은사,21735,21984
2022-06-29,9호선2~3단계,종합운동장,4651,4571
2022-06-29,9호선2~3단계,삼전,7564,7325
2022-06-29,9호선2~3단계,석촌고분,6797,6721
2022-06-29,9호선2~3단계,석촌,8927,7810
2022-06-29,9호선2~3단계,송파나루,5624,5894
2022-06-29,9호선2~3단계,한성백제,2830,2552
2022-06-29,9호선2~3단계,올림픽공원,6165,6223
2022-06-29,9호선2~3단계,둔촌오륜,1284,1194
2022-06-29,9호선2~3단계,중앙보훈병원,11904,10455
2022-06-30,9호선2~3단계,중앙보훈병원,11548,10202
2022-06-30,9호선2~3단계,둔촌오륜,1336,1113
2022-06-30,9호선2~3단계,올림픽공원,6025,6158
2022-06-30,9호선2~3단계,한성백제,2868,2643
2022-06-30,9호선2~3단계,송파나루,5557,5901
2022-06-30,9호선2~3단계,석촌,8361,7522
2022-06-30,9호선2~3단계,석촌고분,6883,6730
2022-06-30,9호선2~3단계,삼전,7600,7353
2022-06-30,9호선2~3단계,종합운동장,4797,4555
2022-06-30,9호선2~3단계,봉은사,23074,23797
2022-06-30,9호선2~3단계,삼성중앙,8659,8694
2022-06-30,9호선2~3단계,선정릉,10684,11760
2022-06-30,9호선2~3단계,언주,12413,12328
2022-07-01,9호선2~3단계,언주,11821,11921
2022-07-01,9호선2~3단계,선정릉,10985,12088
2022-07-01,9호선2~3단계,삼성중앙,8350,8543
2022-07-01,9호선2~3단계,봉은사,23546,24818
2022-07-01,9호선2~3단계,종합운동장,4817,5050
2022-07-01,9호선2~3단계,삼전,7805,7181
2022-07-01,9호선2~3단계,석촌고분,7100,6653
2022-07-01,9호선2~3단계,석촌,9715,8476
2022-07-01,9호선2~3단계,송파나루,5920,6429
2022-07-01,9호선2~3단계,한성백제,3003,2602
2022-07-01,9호선2~3단계,올림픽공원,8450,8139
2022-07-01,9호선2~3단계,둔촌오륜,1348,1161
2022-07-01,9호선2~3단계,중앙보훈병원,12121,10475
2022-07-02,9호선2~3단계,중앙보훈병원,5261,4989
2022-07-02,9호선2~3단계,둔촌오륜,715,669
2022-07-02,9호선2~3단계,올림픽공원,9022,9107
2022-07-02,9호선2~3단계,한성백제,2029,1746
2022-07-02,9호선2~3단계,송파나루,4949,5463
2022-07-02,9호선2~3단계,석촌,7373,5996
2022-07-02,9호선2~3단계,석촌고분,4636,4378
2022-07-02,9호선2~3단계,삼전,5487,4965
2022-07-02,9호선2~3단계,종합운동장,5417,5042
2022-07-02,9호선2~3단계,봉은사,17460,19941
2022-07-02,9호선2~3단계,삼성중앙,3756,3870
2022-07-02,9호선2~3단계,선정릉,4974,5645
2022-07-02,9호선2~3단계,언주,7061,6915
2022-07-03,9호선2~3단계,언주,4066,4048
2022-07-03,9호선2~3단계,선정릉,3128,3507
2022-07-03,9호선2~3단계,삼성중앙,2223,2409
2022-07-03,9호선2~3단계,봉은사,10045,10280
2022-07-03,9호선2~3단계,종합운동장,4139,3751
2022-07-03,9호선2~3단계,삼전,3788,3694
2022-07-03,9호선2~3단계,석촌고분,3319,3353
2022-07-03,9호선2~3단계,석촌,4940,4278
2022-07-03,9호선2~3단계,송파나루,3476,3789
2022-07-03,9호선2~3단계,한성백제,1662,1421
2022-07-03,9호선2~3단계,올림픽공원,7763,7868
2022-07-03,9호선2~3단계,둔촌오륜,606,630
2022-07-03,9호선2~3단계,중앙보훈병원,3830,3656
2022-07-04,9호선2~3단계,언주,11994,12366
2022-07-04,9호선2~3단계,선정릉,10958,12003
2022-07-04,9호선2~3단계,삼성중앙,8184,8561
2022-07-04,9호선2~3단계,봉은사,18720,19050
2022-07-04,9호선2~3단계,종합운동장,4484,4560
2022-07-04,9호선2~3단계,삼전,7392,7116
2022-07-04,9호선2~3단계,석촌고분,6755,6618
2022-07-04,9호선2~3단계,석촌,9013,7915
2022-07-04,9호선2~3단계,송파나루,5365,5604
2022-07-04,9호선2~3단계,한성백제,2797,2558
2022-07-04,9호선2~3단계,올림픽공원,6471,6482
2022-07-04,9호선2~3단계,둔촌오륜,1317,1180
2022-07-04,9호선2~3단계,중앙보훈병원,12122,10660
2022-07-05,9호선2~3단계,언주,12103,12317
2022-07-05,9호선2~3단계,선정릉,11209,12304
2022-07-05,9호선2~3단계,삼성중앙,8466,8843
2022-07-05,9호선2~3단계,봉은사,19995,20690
2022-07-05,9호선2~3단계,종합운동장,4727,4792
2022-07-05,9호선2~3단계,삼전,7527,7272
2022-07-05,9호선2~3단계,석촌고분,6735,6739
2022-07-05,9호선2~3단계,석촌,9119,8057
2022-07-05,9호선2~3단계,송파나루,5652,6138
2022-07-05,9호선2~3단계,한성백제,2925,2523
2022-07-05,9호선2~3단계,올림픽공원,6881,6588
2022-07-05,9호선2~3단계,둔촌오륜,1335,1220
2022-07-05,9호선2~3단계,중앙보훈병원,12438,11237
2022-07-06,9호선2~3단계,언주,12130,12414
2022-07-06,9호선2~3단계,선정릉,11117,12309
2022-07-06,9호선2~3단계,삼성중앙,8221,8772
2022-07-06,9호선2~3단계,봉은사,20271,20629
2022-07-06,9호선2~3단계,종합운동장,4666,4788
2022-07-06,9호선2~3단계,삼전,7591,7326
2022-07-06,9호선2~3단계,석촌고분,6890,6808
2022-07-06,9호선2~3단계,석촌,9370,7980
2022-07-06,9호선2~3단계,송파나루,5580,6126
2022-07-06,9호선2~3단계,한성백제,2856,2592
2022-07-06,9호선2~3단계,올림픽공원,6672,6615
2022-07-06,9호선2~3단계,둔촌오륜,1304,1227
2022-07-06,9호선2~3단계,중앙보훈병원,12233,10731
2022-07-07,9호선2~3단계,중앙보훈병원,11964,10514
2022-07-07,9호선2~3단계,둔촌오륜,1282,1167
2022-07-07,9호선2~3단계,올림픽공원,6699,6703
2022-07-07,9호선2~3단계,한성백제,2906,2619
2022-07-07,9호선2~3단계,송파나루,5562,5925
2022-07-07,9호선2~3단계,석촌,9127,7933
2022-07-07,9호선2~3단계,석촌고분,6724,6686
2022-07-07,9호선2~3단계,삼전,7435,7190
2022-07-07,9호선2~3단계,종합운동장,4593,4664
2022-07-07,9호선2~3단계,봉은사,23390,24019
2022-07-07,9호선2~3단계,삼성중앙,8289,8691
2022-07-07,9호선2~3단계,선정릉,11063,12117
2022-07-07,9호선2~3단계,언주,12131,12369
2022-07-08,9호선2~3단계,중앙보훈병원,11993,10409
2022-07-08,9호선2~3단계,둔촌오륜,1333,1195
2022-07-08,9호선2~3단계,올림픽공원,6718,6649
2022-07-08,9호선2~3단계,한성백제,2871,2512
2022-07-08,9호선2~3단계,송파나루,5741,6279
2022-07-08,9호선2~3단계,석촌,9755,8396
2022-07-08,9호선2~3단계,석촌고분,7020,6585
2022-07-08,9호선2~3단계,삼전,7649,7081
2022-07-08,9호선2~3단계,종합운동장,4815,4905
2022-07-08,9호선2~3단계,봉은사,24223,25058
2022-07-08,9호선2~3단계,삼성중앙,8226,8564
2022-07-08,9호선2~3단계,선정릉,11216,12158
2022-07-08,9호선2~3단계,언주,12042,12213
2022-07-09,9호선2~3단계,중앙보훈병원,5523,4994
2022-07-09,9호선2~3단계,둔촌오륜,690,724
2022-07-09,9호선2~3단계,올림픽공원,6238,6296
2022-07-09,9호선2~3단계,한성백제,1954,1670
2022-07-09,9호선2~3단계,송파나루,4439,4976
2022-07-09,9호선2~3단계,석촌,7327,5840
2022-07-09,9호선2~3단계,석촌고분,4607,4295
2022-07-09,9호선2~3단계,삼전,5283,4779
2022-07-09,9호선2~3단계,종합운동장,3777,3666
2022-07-09,9호선2~3단계,봉은사,19490,21329
2022-07-09,9호선2~3단계,삼성중앙,3488,3501
2022-07-09,9호선2~3단계,선정릉,5025,5616
2022-07-09,9호선2~3단계,언주,6838,6785
2022-07-10,9호선2~3단계,중앙보훈병원,3955,3939
2022-07-10,9호선2~3단계,둔촌오륜,618,619
2022-07-10,9호선2~3단계,올림픽공원,4875,5095
2022-07-10,9호선2~3단계,한성백제,1624,1454
2022-07-10,9호선2~3단계,송파나루,3362,3679
2022-07-10,9호선2~3단계,석촌,4878,4196
2022-07-10,9호선2~3단계,석촌고분,3282,3280
2022-07-10,9호선2~3단계,삼전,3752,3726
2022-07-10,9호선2~3단계,종합운동장,2503,2307
2022-07-10,9호선2~3단계,봉은사,14767,15696
2022-07-10,9호선2~3단계,삼성중앙,2313,2290
2022-07-10,9호선2~3단계,선정릉,3094,3525
2022-07-10,9호선2~3단계,언주,4086,3918
2022-07-11,9호선2~3단계,중앙보훈병원,11906,10594
2022-07-11,9호선2~3단계,둔촌오륜,1323,1196
2022-07-11,9호선2~3단계,올림픽공원,6340,6332
2022-07-11,9호선2~3단계,한성백제,2785,2532
2022-07-11,9호선2~3단계,송파나루,5130,5615
2022-07-11,9호선2~3단계,석촌,9001,7933
2022-07-11,9호선2~3단계,석촌고분,6518,6409
2022-07-11,9호선2~3단계,삼전,7255,7007
2022-07-11,9호선2~3단계,종합운동장,4437,4509
2022-07-11,9호선2~3단계,봉은사,18203,18578
2022-07-11,9호선2~3단계,삼성중앙,8103,8574
2022-07-11,9호선2~3단계,선정릉,10643,11735
2022-07-11,9호선2~3단계,언주,11503,11903
2022-07-12,9호선2~3단계,중앙보훈병원,12419,11096
2022-07-12,9호선2~3단계,둔촌오륜,1241,1152
2022-07-12,9호선2~3단계,올림픽공원,6568,6662
2022-07-12,9호선2~3단계,한성백제,2834,2638
2022-07-12,9호선2~3단계,송파나루,5510,5831
2022-07-12,9호선2~3단계,석촌,9337,8155
2022-07-12,9호선2~3단계,석촌고분,6741,6655
2022-07-12,9호선2~3단계,삼전,7464,7186
2022-07-12,9호선2~3단계,종합운동장,4760,4902
2022-07-12,9호선2~3단계,봉은사,19015,19498
2022-07-12,9호선2~3단계,삼성중앙,8248,8844
2022-07-12,9호선2~3단계,선정릉,11175,12293
2022-07-12,9호선2~3단계,언주,12091,12397
2022-07-13,9호선2~3단계,언주,12418,12101
2022-07-13,9호선2~3단계,선정릉,10527,11408
2022-07-13,9호선2~3단계,삼성중앙,8310,8585
2022-07-13,9호선2~3단계,봉은사,20888,20970
2022-07-13,9호선2~3단계,종합운동장,4677,4551
2022-07-13,9호선2~3단계,삼전,7413,7399
2022-07-13,9호선2~3단계,석촌고분,6749,6676
2022-07-13,9호선2~3단계,석촌,8523,7520
2022-07-13,9호선2~3단계,송파나루,5472,5899
2022-07-13,9호선2~3단계,한성백제,2852,2628
2022-07-13,9호선2~3단계,올림픽공원,5868,5736
2022-07-13,9호선2~3단계,둔촌오륜,1394,1210
2022-07-13,9호선2~3단계,중앙보훈병원,11789,10282
2022-07-14,9호선2~3단계,언주,12035,12547
2022-07-14,9호선2~3단계,선정릉,10967,12207
2022-07-14,9호선2~3단계,삼성중앙,8121,8520
2022-07-14,9호선2~3단계,봉은사,21077,21655
2022-07-14,9호선2~3단계,종합운동장,4724,4919
2022-07-14,9호선2~3단계,삼전,7569,7212
2022-07-14,9호선2~3단계,석촌고분,6733,6545
2022-07-14,9호선2~3단계,석촌,9438,8231
2022-07-14,9호선2~3단계,송파나루,5700,6069
2022-07-14,9호선2~3단계,한성백제,2887,2587
2022-07-14,9호선2~3단계,올림픽공원,6331,6404
2022-07-14,9호선2~3단계,둔촌오륜,1332,1203
2022-07-14,9호선2~3단계,중앙보훈병원,12089,10752
2022-07-15,9호선2~3단계,언주,12495,12434
2022-07-15,9호선2~3단계,선정릉,11200,12163
2022-07-15,9호선2~3단계,삼성중앙,8620,8759
2022-07-15,9호선2~3단계,봉은사,22038,22396
2022-07-15,9호선2~3단계,종합운동장,6859,6899
2022-07-15,9호선2~3단계,삼전,7879,7520
2022-07-15,9호선2~3단계,석촌고분,7225,7002
2022-07-15,9호선2~3단계,석촌,9861,8691
2022-07-15,9호선2~3단계,송파나루,6051,6731
2022-07-15,9호선2~3단계,한성백제,2974,2654
2022-07-15,9호선2~3단계,올림픽공원,6962,7027
2022-07-15,9호선2~3단계,둔촌오륜,1397,1236
2022-07-15,9호선2~3단계,중앙보훈병원,12434,10735
2022-07-16,9호선2~3단계,중앙보훈병원,5257,4776
2022-07-16,9호선2~3단계,둔촌오륜,636,643
2022-07-16,9호선2~3단계,올림픽공원,5668,5895
2022-07-16,9호선2~3단계,한성백제,2012,1785
2022-07-16,9호선2~3단계,송파나루,4380,4825
2022-07-16,9호선2~3단계,석촌,7187,6052
2022-07-16,9호선2~3단계,석촌고분,4856,4725
2022-07-16,9호선2~3단계,삼전,5509,5239
2022-07-16,9호선2~3단계,종합운동장,5428,5278
2022-07-16,9호선2~3단계,봉은사,14913,16005
2022-07-16,9호선2~3단계,삼성중앙,3474,3616
2022-07-16,9호선2~3단계,선정릉,4699,5382
2022-07-16,9호선2~3단계,언주,6585,6500
2022-07-17,9호선2~3단계,언주,3760,3756
2022-07-17,9호선2~3단계,선정릉,3235,3668
2022-07-17,9호선2~3단계,삼성중앙,2317,2356
2022-07-17,9호선2~3단계,봉은사,10693,11225
2022-07-17,9호선2~3단계,종합운동장,4114,3934
2022-07-17,9호선2~3단계,삼전,3752,3750
2022-07-17,9호선2~3단계,석촌고분,3409,3380
2022-07-17,9호선2~3단계,석촌,5109,4373
2022-07-17,9호선2~3단계,송파나루,3178,3638
2022-07-17,9호선2~3단계,한성백제,1554,1347
2022-07-17,9호선2~3단계,올림픽공원,4680,4860
2022-07-17,9호선2~3단계,둔촌오륜,627,623
2022-07-17,9호선2~3단계,중앙보훈병원,3705,3675
2022-07-18,9호선2~3단계,언주,11625,11938
2022-07-18,9호선2~3단계,선정릉,10627,11878
2022-07-18,9호선2~3단계,삼성중앙,8070,8483
2022-07-18,9호선2~3단계,봉은사,18082,18656
2022-07-18,9호선2~3단계,종합운동장,4573,4403
2022-07-18,9호선2~3단계,삼전,7353,6978
2022-07-18,9호선2~3단계,석촌고분,6655,6494
2022-07-18,9호선2~3단계,석촌,8986,7962
2022-07-18,9호선2~3단계,송파나루,5258,5679
2022-07-18,9호선2~3단계,한성백제,2766,2552
2022-07-18,9호선2~3단계,올림픽공원,6338,6453
2022-07-18,9호선2~3단계,둔촌오륜,1211,1183
2022-07-18,9호선2~3단계,중앙보훈병원,11898,10564
2022-07-19,9호선2~3단계,석촌,9141,8145
2022-07-19,9호선2~3단계,송파나루,5442,5886
2022-07-19,9호선2~3단계,한성백제,2834,2557
2022-07-19,9호선2~3단계,올림픽공원,6613,6595
2022-07-19,9호선2~3단계,둔촌오륜,1252,1132
2022-07-19,9호선2~3단계,중앙보훈병원,12273,10686
2022-07-19,9호선2~3단계,언주,12052,12511
2022-07-19,9호선2~3단계,선정릉,11173,12298
2022-07-19,9호선2~3단계,삼성중앙,8393,8913
2022-07-19,9호선2~3단계,봉은사,19020,19380
2022-07-19,9호선2~3단계,종합운동장,4525,4523
2022-07-19,9호선2~3단계,삼전,7469,7261
2022-07-19,9호선2~3단계,석촌고분,6606,6484
2022-07-20,9호선2~3단계,중앙보훈병원,12036,10717
2022-07-20,9호선2~3단계,둔촌오륜,1026,1033
2022-07-20,9호선2~3단계,올림픽공원,6646,6609
2022-07-20,9호선2~3단계,한성백제,2838,2540
2022-07-20,9호선2~3단계,송파나루,5631,6038
2022-07-20,9호선2~3단계,석촌,9233,8182
2022-07-20,9호선2~3단계,석촌고분,6842,6590
2022-07-20,9호선2~3단계,삼전,7506,7359
2022-07-20,9호선2~3단계,종합운동장,4528,4523
2022-07-20,9호선2~3단계,봉은사,19866,20400
2022-07-20,9호선2~3단계,삼성중앙,8096,8632
2022-07-20,9호선2~3단계,선정릉,10936,12165
2022-07-20,9호선2~3단계,언주,12113,12404
2022-07-21,9호선2~3단계,언주,11791,12298
2022-07-21,9호선2~3단계,선정릉,10938,12006
2022-07-21,9호선2~3단계,삼성중앙,7980,8500
2022-07-21,9호선2~3단계,봉은사,20230,21275
2022-07-21,9호선2~3단계,종합운동장,4447,4450
2022-07-21,9호선2~3단계,삼전,7546,7000
2022-07-21,9호선2~3단계,석촌고분,6758,6508
2022-07-21,9호선2~3단계,석촌,9017,7967
2022-07-21,9호선2~3단계,송파나루,5596,5955
2022-07-21,9호선2~3단계,한성백제,2836,2577
2022-07-21,9호선2~3단계,올림픽공원,6221,6212
2022-07-21,9호선2~3단계,둔촌오륜,1020,998
2022-07-21,9호선2~3단계,중앙보훈병원,11906,10470
2022-07-22,9호선2~3단계,언주,12050,12158
2022-07-22,9호선2~3단계,선정릉,10851,11715
2022-07-22,9호선2~3단계,삼성중앙,7846,8369
2022-07-22,9호선2~3단계,봉은사,22421,23065
2022-07-22,9호선2~3단계,종합운동장,4591,4632
2022-07-22,9호선2~3단계,삼전,7638,7065
2022-07-22,9호선2~3단계,석촌고분,6839,6518
2022-07-22,9호선2~3단계,석촌,9288,8302
2022-07-22,9호선2~3단계,송파나루,5658,6246
2022-07-22,9호선2~3단계,한성백제,2723,2487
2022-07-22,9호선2~3단계,올림픽공원,6609,6450
2022-07-22,9호선2~3단계,둔촌오륜,955,915
2022-07-22,9호선2~3단계,중앙보훈병원,11790,10270
2022-07-23,9호선2~3단계,언주,6185,6257
2022-07-23,9호선2~3단계,선정릉,4470,4951
2022-07-23,9호선2~3단계,삼성중앙,3490,3579
2022-07-23,9호선2~3단계,봉은사,17854,18708
2022-07-23,9호선2~3단계,종합운동장,3695,3287
2022-07-23,9호선2~3단계,삼전,5270,4774
2022-07-23,9호선2~3단계,석촌고분,4563,4357
2022-07-23,9호선2~3단계,석촌,6947,5508
2022-07-23,9호선2~3단계,송파나루,4510,4718
2022-07-23,9호선2~3단계,한성백제,1887,1576
2022-07-23,9호선2~3단계,올림픽공원,4492,4302
2022-07-23,9호선2~3단계,둔촌오륜,637,597
2022-07-23,9호선2~3단계,중앙보훈병원,5174,4653
2022-07-24,9호선2~3단계,중앙보훈병원,3621,3429
2022-07-24,9호선2~3단계,둔촌오륜,553,587
2022-07-24,9호선2~3단계,올림픽공원,3108,3431
2022-07-24,9호선2~3단계,한성백제,1359,1236
2022-07-24,9호선2~3단계,송파나루,2913,3319
2022-07-24,9호선2~3단계,석촌,4800,4049
2022-07-24,9호선2~3단계,석촌고분,3121,3101
2022-07-24,9호선2~3단계,삼전,3577,3536
2022-07-24,9호선2~3단계,종합운동장,2470,2165
2022-07-24,9호선2~3단계,봉은사,12371,12821
2022-07-24,9호선2~3단계,삼성중앙,2112,2227
2022-07-24,9호선2~3단계,선정릉,2846,3222
2022-07-24,9호선2~3단계,언주,3539,3556
2022-07-25,9호선2~3단계,언주,11387,11767
2022-07-25,9호선2~3단계,선정릉,10515,11534
2022-07-25,9호선2~3단계,삼성중앙,7690,8305
2022-07-25,9호선2~3단계,봉은사,18837,19237
2022-07-25,9호선2~3단계,종합운동장,4384,4473
2022-07-25,9호선2~3단계,삼전,7165,6942
2022-07-25,9호선2~3단계,석촌고분,6359,6155
2022-07-25,9호선2~3단계,석촌,8858,7829
2022-07-25,9호선2~3단계,송파나루,5186,5603
2022-07-25,9호선2~3단계,한성백제,2729,2469
2022-07-25,9호선2~3단계,올림픽공원,5913,6029
2022-07-25,9호선2~3단계,둔촌오륜,935,963
2022-07-25,9호선2~3단계,중앙보훈병원,11645,10243
2022-07-26,9호선2~3단계,언주,11780,11867
2022-07-26,9호선2~3단계,선정릉,10714,11793
2022-07-26,9호선2~3단계,삼성중앙,7782,8271
2022-07-26,9호선2~3단계,봉은사,18713,19241
2022-07-26,9호선2~3단계,종합운동장,4476,4491
2022-07-26,9호선2~3단계,삼전,7270,6954
2022-07-26,9호선2~3단계,석촌고분,6489,6428
2022-07-26,9호선2~3단계,석촌,8989,7884
2022-07-26,9호선2~3단계,송파나루,5438,5849
2022-07-26,9호선2~3단계,한성백제,2788,2481
2022-07-26,9호선2~3단계,올림픽공원,6628,6619
2022-07-26,9호선2~3단계,둔촌오륜,975,928
2022-07-26,9호선2~3단계,중앙보훈병원,11479,10106
2022-07-27,9호선2~3단계,중앙보훈병원,11455,10149
2022-07-27,9호선2~3단계,둔촌오륜,967,946
2022-07-27,9호선2~3단계,올림픽공원,6369,6264
2022-07-27,9호선2~3단계,한성백제,2764,2399
2022-07-27,9호선2~3단계,송파나루,5290,5766
2022-07-27,9호선2~3단계,석촌,8968,7790
2022-07-27,9호선2~3단계,석촌고분,6450,6349
2022-07-27,9호선2~3단계,삼전,7142,6809
2022-07-27,9호선2~3단계,종합운동장,4482,4427
2022-07-27,9호선2~3단계,봉은사,19248,19596
2022-07-27,9호선2~3단계,삼성중앙,7627,8126
2022-07-27,9호선2~3단계,선정릉,10680,11550
2022-07-27,9호선2~3단계,언주,11341,11690
2022-07-28,9호선2~3단계,언주,11421,11696
2022-07-28,9호선2~3단계,선정릉,10679,11898
2022-07-28,9호선2~3단계,삼성중앙,7681,8310
2022-07-28,9호선2~3단계,봉은사,21894,22325
2022-07-28,9호선2~3단계,종합운동장,4771,4822
2022-07-28,9호선2~3단계,삼전,7196,6892
2022-07-28,9호선2~3단계,석촌고분,6561,6360
2022-07-28,9호선2~3단계,석촌,8982,7900
2022-07-28,9호선2~3단계,송파나루,5307,5869
2022-07-28,9호선2~3단계,한성백제,2760,2477
2022-07-28,9호선2~3단계,올림픽공원,6393,6370
2022-07-28,9호선2~3단계,둔촌오륜,908,895
2022-07-28,9호선2~3단계,중앙보훈병원,11281,9816
2022-07-29,9호선2~3단계,언주,11448,11541
2022-07-29,9호선2~3단계,선정릉,10379,11226
2022-07-29,9호선2~3단계,삼성중앙,7705,8051
2022-07-29,9호선2~3단계,봉은사,22914,23071
2022-07-29,9호선2~3단계,종합운동장,4509,4663
2022-07-29,9호선2~3단계,삼전,7308,6740
2022-07-29,9호선2~3단계,석촌고분,6656,6306
2022-07-29,9호선2~3단계,석촌,9167,7887
2022-07-29,9호선2~3단계,송파나루,5537,6100
2022-07-29,9호선2~3단계,한성백제,2732,2463
2022-07-29,9호선2~3단계,올림픽공원,8689,8583
2022-07-29,9호선2~3단계,둔촌오륜,918,932
2022-07-29,9호선2~3단계,중앙보훈병원,11106,9752
2022-07-30,9호선2~3단계,언주,5605,5416
2022-07-30,9호선2~3단계,선정릉,4199,4644
2022-07-30,9호선2~3단계,삼성중앙,3014,3018
2022-07-30,9호선2~3단계,봉은사,16461,17301
2022-07-30,9호선2~3단계,종합운동장,3290,2947
2022-07-30,9호선2~3단계,삼전,4909,4434
2022-07-30,9호선2~3단계,석촌고분,4327,3971
2022-07-30,9호선2~3단계,석촌,6493,5304
2022-07-30,9호선2~3단계,송파나루,4265,4638
2022-07-30,9호선2~3단계,한성백제,1725,1532
2022-07-30,9호선2~3단계,올림픽공원,8991,8988
2022-07-30,9호선2~3단계,둔촌오륜,590,584
2022-07-30,9호선2~3단계,중앙보훈병원,4875,4498
2022-07-31,9호선2~3단계,언주,3569,3636
2022-07-31,9호선2~3단계,선정릉,2595,2969
2022-07-31,9호선2~3단계,삼성중앙,1966,2123
2022-07-31,9호선2~3단계,봉은사,12597,12798
2022-07-31,9호선2~3단계,종합운동장,2216,1975
2022-07-31,9호선2~3단계,삼전,3319,3363
2022-07-31,9호선2~3단계,석촌고분,3057,3173
2022-07-31,9호선2~3단계,석촌,4176,3814
2022-07-31,9호선2~3단계,송파나루,3104,3240
2022-07-31,9호선2~3단계,한성백제,1218,1183
2022-07-31,9호선2~3단계,올림픽공원,5370,5688
2022-07-31,9호선2~3단계,둔촌오륜,480,482
2022-07-31,9호선2~3단계,중앙보훈병원,3295,3110
2022-08-01,9호선2~3단계,언주,10820,11202
2022-08-01,9호선2~3단계,선정릉,9771,10408
2022-08-01,9호선2~3단계,삼성중앙,7236,7714
2022-08-01,9호선2~3단계,봉은사,17973,18332
2022-08-01,9호선2~3단계,종합운동장,3947,4060
2022-08-01,9호선2~3단계,삼전,6799,6385
2022-08-01,9호선2~3단계,석촌고분,6077,5976
2022-08-01,9호선2~3단계,석촌,8207,7297
2022-08-01,9호선2~3단계,송파나루,5020,5338
2022-08-01,9호선2~3단계,한성백제,2532,2229
2022-08-01,9호선2~3단계,올림픽공원,6072,5611
2022-08-01,9호선2~3단계,둔촌오륜,860,824
2022-08-01,9호선2~3단계,중앙보훈병원,10855,9472
2022-08-02,9호선2~3단계,중앙보훈병원,10730,9476
2022-08-02,9호선2~3단계,둔촌오륜,872,857
2022-08-02,9호선2~3단계,올림픽공원,5852,5815
2022-08-02,9호선2~3단계,한성백제,2583,2361
2022-08-02,9호선2~3단계,송파나루,5077,5374
2022-08-02,9호선2~3단계,석촌,8285,7364
2022-08-02,9호선2~3단계,석촌고분,6350,6219
2022-08-02,9호선2~3단계,삼전,6950,6755
2022-08-02,9호선2~3단계,종합운동장,4279,4301
2022-08-02,9호선2~3단계,봉은사,19245,19489
2022-08-02,9호선2~3단계,삼성중앙,7626,8036
2022-08-02,9호선2~3단계,선정릉,9886,10806
2022-08-02,9호선2~3단계,언주,11302,11298
2022-08-03,9호선2~3단계,언주,11043,11272
2022-08-03,9호선2~3단계,선정릉,10016,10825
2022-08-03,9호선2~3단계,삼성중앙,7288,7728
2022-08-03,9호선2~3단계,봉은사,18741,19076
2022-08-03,9호선2~3단계,종합운동장,4276,4409
2022-08-03,9호선2~3단계,삼전,7027,6648
2022-08-03,9호선2~3단계,석촌고분,6302,6165
2022-08-03,9호선2~3단계,석촌,8237,7375
2022-08-03,9호선2~3단계,송파나루,5159,5492
2022-08-03,9호선2~3단계,한성백제,2652,2382
2022-08-03,9호선2~3단계,올림픽공원,5900,5922
2022-08-03,9호선2~3단계,둔촌오륜,919,866
2022-08-03,9호선2~3단계,중앙보훈병원,10725,9568
2022-08-04,9호선2~3단계,언주,11058,11360
2022-08-04,9호선2~3단계,선정릉,10407,11295
2022-08-04,9호선2~3단계,삼성중앙,7452,7994
2022-08-04,9호선2~3단계,봉은사,21027,21357
2022-08-04,9호선2~3단계,종합운동장,4468,4405
2022-08-04,9호선2~3단계,삼전,6928,6675
2022-08-04,9호선2~3단계,석촌고분,6341,6264
2022-08-04,9호선2~3단계,석촌,8955,7685
2022-08-04,9호선2~3단계,송파나루,5297,5756
2022-08-04,9호선2~3단계,한성백제,2641,2356
2022-08-04,9호선2~3단계,올림픽공원,6023,6000
2022-08-04,9호선2~3단계,둔촌오륜,940,913
2022-08-04,9호선2~3단계,중앙보훈병원,11374,10023
2022-08-05,9호선2~3단계,중앙보훈병원,10801,9464
2022-08-05,9호선2~3단계,둔촌오륜,860,867
2022-08-05,9호선2~3단계,올림픽공원,10868,10772
2022-08-05,9호선2~3단계,한성백제,2845,2490
2022-08-05,9호선2~3단계,송파나루,5708,6177
2022-08-05,9호선2~3단계,석촌,9210,7794
2022-08-05,9호선2~3단계,석촌고분,6615,6221
2022-08-05,9호선2~3단계,삼전,7148,6700
2022-08-05,9호선2~3단계,종합운동장,4392,4619
2022-08-05,9호선2~3단계,봉은사,20153,20439
2022-08-05,9호선2~3단계,삼성중앙,7562,7952
2022-08-05,9호선2~3단계,선정릉,10149,11024
2022-08-05,9호선2~3단계,언주,11450,11473
2022-08-06,9호선2~3단계,언주,5819,5641
2022-08-06,9호선2~3단계,선정릉,4191,4540
2022-08-06,9호선2~3단계,삼성중앙,3122,3353
2022-08-06,9호선2~3단계,봉은사,13665,14116
2022-08-06,9호선2~3단계,종합운동장,2938,2826
2022-08-06,9호선2~3단계,삼전,4722,4352
2022-08-06,9호선2~3단계,석촌고분,4405,4156
2022-08-06,9호선2~3단계,석촌,6385,5213
2022-08-06,9호선2~3단계,송파나루,4399,4751
2022-08-06,9호선2~3단계,한성백제,1925,1612
2022-08-06,9호선2~3단계,올림픽공원,9914,10054
2022-08-06,9호선2~3단계,둔촌오륜,555,581
2022-08-06,9호선2~3단계,중앙보훈병원,4708,4403
2022-08-07,9호선2~3단계,언주,3607,3671
2022-08-07,9호선2~3단계,선정릉,2593,2954
2022-08-07,9호선2~3단계,삼성중앙,1958,2087
2022-08-07,9호선2~3단계,봉은사,9345,9458
2022-08-07,9호선2~3단계,종합운동장,2268,2103
2022-08-07,9호선2~3단계,삼전,3458,3278
2022-08-07,9호선2~3단계,석촌고분,3104,3108
2022-08-07,9호선2~3단계,석촌,4723,4043
2022-08-07,9호선2~3단계,송파나루,3157,3518
2022-08-07,9호선2~3단계,한성백제,1414,1342
2022-08-07,9호선2~3단계,올림픽공원,9340,9397
2022-08-07,9호선2~3단계,둔촌오륜,551,594
2022-08-07,9호선2~3단계,중앙보훈병원,3420,3345
2022-08-08,9호선2~3단계,언주,11763,11742
2022-08-08,9호선2~3단계,선정릉,9821,10674
2022-08-08,9호선2~3단계,삼성중앙,7825,8115
2022-08-08,9호선2~3단계,봉은사,18312,18310
2022-08-08,9호선2~3단계,종합운동장,4454,4245
2022-08-08,9호선2~3단계,삼전,6946,7054
2022-08-08,9호선2~3단계,석촌고분,6325,6465
2022-08-08,9호선2~3단계,석촌,7939,6695
2022-08-08,9호선2~3단계,송파나루,5107,5361
2022-08-08,9호선2~3단계,한성백제,2679,2413
2022-08-08,9호선2~3단계,올림픽공원,5343,5316
2022-08-08,9호선2~3단계,둔촌오륜,934,901
2022-08-08,9호선2~3단계,중앙보훈병원,11088,9608
2022-08-09,9호선2~3단계,언주,8925,6616
2022-08-09,9호선2~3단계,선정릉,6940,4775
2022-08-09,9호선2~3단계,삼성중앙,6347,5148
2022-08-09,9호선2~3단계,봉은사,13175,9135
2022-08-09,9호선2~3단계,종합운동장,3680,3337
2022-08-09,9호선2~3단계,삼전,6193,6189
2022-08-09,9호선2~3단계,석촌고분,5781,5669
2022-08-09,9호선2~3단계,석촌,5875,5056
2022-08-09,9호선2~3단계,송파나루,4513,4601
2022-08-09,9호선2~3단계,한성백제,2228,1993
2022-08-09,9호선2~3단계,올림픽공원,4266,4191
2022-08-09,9호선2~3단계,둔촌오륜,804,770
2022-08-09,9호선2~3단계,중앙보훈병원,8516,7613
2022-08-10,9호선2~3단계,언주,11218,11337
2022-08-10,9호선2~3단계,선정릉,10376,11090
2022-08-10,9호선2~3단계,삼성중앙,7467,7805
2022-08-10,9호선2~3단계,봉은사,18074,18140
2022-08-10,9호선2~3단계,종합운동장,14335,6062
2022-08-10,9호선2~3단계,삼전,7062,6859
2022-08-10,9호선2~3단계,석촌고분,6293,6251
2022-08-10,9호선2~3단계,석촌,8517,7508
2022-08-10,9호선2~3단계,송파나루,5215,5627
2022-08-10,9호선2~3단계,한성백제,2769,2348
2022-08-10,9호선2~3단계,올림픽공원,5968,5888
2022-08-10,9호선2~3단계,둔촌오륜,908,898
2022-08-10,9호선2~3단계,중앙보훈병원,10792,9711
2022-08-11,9호선2~3단계,송파나루,5204,5508
2022-08-11,9호선2~3단계,언주,11314,11421
2022-08-11,9호선2~3단계,선정릉,10476,11265
2022-08-11,9호선2~3단계,삼성중앙,7523,7802
2022-08-11,9호선2~3단계,봉은사,19099,19627
2022-08-11,9호선2~3단계,종합운동장,7951,4840
2022-08-11,9호선2~3단계,삼전,7253,6726
2022-08-11,9호선2~3단계,석촌고분,6652,6429
2022-08-11,9호선2~3단계,석촌,8798,7608
2022-08-11,9호선2~3단계,한성백제,2665,2375
2022-08-11,9호선2~3단계,올림픽공원,6279,6187
2022-08-11,9호선2~3단계,둔촌오륜,906,866
2022-08-11,9호선2~3단계,중앙보훈병원,10987,9870
2022-08-12,9호선2~3단계,중앙보훈병원,11423,9944
2022-08-12,9호선2~3단계,둔촌오륜,1021,1006
2022-08-12,9호선2~3단계,올림픽공원,13012,13359
2022-08-12,9호선2~3단계,한성백제,2910,2633
2022-08-12,9호선2~3단계,송파나루,5739,6332
2022-08-12,9호선2~3단계,석촌,9483,8339
2022-08-12,9호선2~3단계,석촌고분,6857,6528
2022-08-12,9호선2~3단계,삼전,7525,7049
2022-08-12,9호선2~3단계,종합운동장,7160,5679
2022-08-12,9호선2~3단계,봉은사,22045,22553
2022-08-12,9호선2~3단계,삼성중앙,7677,7849
2022-08-12,9호선2~3단계,선정릉,10461,11342
2022-08-12,9호선2~3단계,언주,11701,11557
2022-08-13,9호선2~3단계,중앙보훈병원,4556,4134
2022-08-13,9호선2~3단계,둔촌오륜,565,548
2022-08-13,9호선2~3단계,올림픽공원,11495,11152
2022-08-13,9호선2~3단계,한성백제,1798,1486
2022-08-13,9호선2~3단계,송파나루,3888,4238
2022-08-13,9호선2~3단계,석촌,6383,5108
2022-08-13,9호선2~3단계,석촌고분,4317,3962
2022-08-13,9호선2~3단계,삼전,4927,4384
2022-08-13,9호선2~3단계,종합운동장,9712,4597
2022-08-13,9호선2~3단계,봉은사,13170,14296
2022-08-13,9호선2~3단계,삼성중앙,3008,3157
2022-08-13,9호선2~3단계,선정릉,3948,4370
2022-08-13,9호선2~3단계,언주,5429,5370
2022-08-14,9호선2~3단계,언주,3467,3420
2022-08-14,9호선2~3단계,선정릉,2810,3068
2022-08-14,9호선2~3단계,삼성중앙,2051,2106
2022-08-14,9호선2~3단계,봉은사,11435,11920
2022-08-14,9호선2~3단계,종합운동장,10656,3627
2022-08-14,9호선2~3단계,삼전,3585,3391
2022-08-14,9호선2~3단계,석촌고분,3169,3000
2022-08-14,9호선2~3단계,석촌,4668,3788
2022-08-14,9호선2~3단계,송파나루,3125,3583
2022-08-14,9호선2~3단계,한성백제,1447,1291
2022-08-14,9호선2~3단계,올림픽공원,9439,9345
2022-08-14,9호선2~3단계,둔촌오륜,574,565
2022-08-14,9호선2~3단계,중앙보훈병원,3661,3474
2022-08-15,9호선2~3단계,중앙보훈병원,3307,3190
2022-08-15,9호선2~3단계,둔촌오륜,442,453
2022-08-15,9호선2~3단계,올림픽공원,2895,3019
2022-08-15,9호선2~3단계,한성백제,1290,1152
2022-08-15,9호선2~3단계,송파나루,2753,3017
2022-08-15,9호선2~3단계,석촌,4367,3948
2022-08-15,9호선2~3단계,석촌고분,3048,3113
2022-08-15,9호선2~3단계,삼전,3399,3567
2022-08-15,9호선2~3단계,종합운동장,2042,1932
2022-08-15,9호선2~3단계,봉은사,8962,8893
2022-08-15,9호선2~3단계,삼성중앙,2053,2221
2022-08-15,9호선2~3단계,선정릉,2535,3002
2022-08-15,9호선2~3단계,언주,3240,3383
2022-08-16,9호선2~3단계,언주,11032,11521
2022-08-16,9호선2~3단계,선정릉,10423,11487
2022-08-16,9호선2~3단계,삼성중앙,7454,8007
2022-08-16,9호선2~3단계,봉은사,17553,17781
2022-08-16,9호선2~3단계,종합운동장,4656,4593
2022-08-16,9호선2~3단계,삼전,7067,6832
2022-08-16,9호선2~3단계,석촌고분,6338,6305
2022-08-16,9호선2~3단계,석촌,8726,7805
2022-08-16,9호선2~3단계,송파나루,5071,5471
2022-08-16,9호선2~3단계,한성백제,2696,2402
2022-08-16,9호선2~3단계,올림픽공원,6029,6227
2022-08-16,9호선2~3단계,둔촌오륜,1152,1097
2022-08-16,9호선2~3단계,중앙보훈병원,11441,10307
2022-08-17,9호선2~3단계,언주,11413,11589
2022-08-17,9호선2~3단계,선정릉,10624,11660
2022-08-17,9호선2~3단계,삼성중앙,7665,8035
2022-08-17,9호선2~3단계,봉은사,18508,18835
2022-08-17,9호선2~3단계,종합운동장,4657,4636
2022-08-17,9호선2~3단계,삼전,7209,6950
2022-08-17,9호선2~3단계,석촌고분,6620,6508
2022-08-17,9호선2~3단계,석촌,8976,8041
2022-08-17,9호선2~3단계,송파나루,5342,5738
2022-08-17,9호선2~3단계,한성백제,2672,2501
2022-08-17,9호선2~3단계,올림픽공원,6225,6157
2022-08-17,9호선2~3단계,둔촌오륜,1234,1135
2022-08-17,9호선2~3단계,중앙보훈병원,11754,10400
2022-08-18,9호선2~3단계,언주,11414,11688
2022-08-18,9호선2~3단계,선정릉,10750,11767
2022-08-18,9호선2~3단계,삼성중앙,7823,8221
2022-08-18,9호선2~3단계,봉은사,18720,19023
2022-08-18,9호선2~3단계,종합운동장,4550,4639
2022-08-18,9호선2~3단계,삼전,7271,6878
2022-08-18,9호선2~3단계,석촌고분,6606,6529
2022-08-18,9호선2~3단계,석촌,9001,7836
2022-08-18,9호선2~3단계,송파나루,5431,5756
2022-08-18,9호선2~3단계,한성백제,2712,2424
2022-08-18,9호선2~3단계,올림픽공원,6357,6374
2022-08-18,9호선2~3단계,둔촌오륜,1229,1163
2022-08-18,9호선2~3단계,중앙보훈병원,11861,10560
2022-08-19,9호선2~3단계,언주,12203,11693
2022-08-19,9호선2~3단계,선정릉,10427,11501
2022-08-19,9호선2~3단계,삼성중앙,8101,8366
2022-08-19,9호선2~3단계,봉은사,19731,19269
2022-08-19,9호선2~3단계,종합운동장,4617,4638
2022-08-19,9호선2~3단계,삼전,7481,7233
2022-08-19,9호선2~3단계,석촌고분,6775,6678
2022-08-19,9호선2~3단계,석촌,8922,7853
2022-08-19,9호선2~3단계,송파나루,5595,6135
2022-08-19,9호선2~3단계,한성백제,2756,2518
2022-08-19,9호선2~3단계,올림픽공원,6245,6092
2022-08-19,9호선2~3단계,둔촌오륜,1239,1162
2022-08-19,9호선2~3단계,중앙보훈병원,11558,10047
2022-08-20,9호선2~3단계,중앙보훈병원,5024,4703
2022-08-20,9호선2~3단계,둔촌오륜,602,632
2022-08-20,9호선2~3단계,올림픽공원,9331,9164
2022-08-20,9호선2~3단계,한성백제,1955,1751
2022-08-20,9호선2~3단계,송파나루,4068,4647
2022-08-20,9호선2~3단계,석촌,7080,5650
2022-08-20,9호선2~3단계,석촌고분,4545,4225
2022-08-20,9호선2~3단계,삼전,5085,4669
2022-08-20,9호선2~3단계,종합운동장,3319,3060
2022-08-20,9호선2~3단계,봉은사,13235,13499
2022-08-20,9호선2~3단계,삼성중앙,3417,3443
2022-08-20,9호선2~3단계,선정릉,4757,5278
2022-08-20,9호선2~3단계,언주,6422,6509
2022-08-21,9호선2~3단계,언주,3692,3700
2022-08-21,9호선2~3단계,선정릉,3071,3588
2022-08-21,9호선2~3단계,삼성중앙,2167,2311
2022-08-21,9호선2~3단계,봉은사,9017,8907
2022-08-21,9호선2~3단계,종합운동장,2277,2174
2022-08-21,9호선2~3단계,삼전,3579,3402
2022-08-21,9호선2~3단계,석촌고분,3175,3196
2022-08-21,9호선2~3단계,석촌,4875,4217
2022-08-21,9호선2~3단계,송파나루,3048,3362
2022-08-21,9호선2~3단계,한성백제,1537,1309
2022-08-21,9호선2~3단계,올림픽공원,5879,6077
2022-08-21,9호선2~3단계,둔촌오륜,602,593
2022-08-21,9호선2~3단계,중앙보훈병원,3788,3618
2022-08-22,9호선2~3단계,중앙보훈병원,11817,10488
2022-08-22,9호선2~3단계,둔촌오륜,1365,1623
2022-08-22,9호선2~3단계,올림픽공원,6307,6419
2022-08-22,9호선2~3단계,한성백제,2677,2368
2022-08-22,9호선2~3단계,송파나루,5102,5445
2022-08-22,9호선2~3단계,석촌,8599,7633
2022-08-22,9호선2~3단계,석촌고분,6502,6432
2022-08-22,9호선2~3단계,삼전,7171,6770
2022-08-22,9호선2~3단계,종합운동장,4222,4385
2022-08-22,9호선2~3단계,봉은사,17055,17361
2022-08-22,9호선2~3단계,삼성중앙,7606,8176
2022-08-22,9호선2~3단계,선정릉,10503,11403
2022-08-22,9호선2~3단계,언주,11247,11537
2022-08-23,9호선2~3단계,언주,11443,11794
2022-08-23,9호선2~3단계,선정릉,10891,11838
2022-08-23,9호선2~3단계,삼성중앙,7945,8464
2022-08-23,9호선2~3단계,봉은사,18211,18593
2022-08-23,9호선2~3단계,종합운동장,4358,4471
2022-08-23,9호선2~3단계,삼전,7251,6830
2022-08-23,9호선2~3단계,석촌고분,6666,6426
2022-08-23,9호선2~3단계,석촌,9007,8113
2022-08-23,9호선2~3단계,송파나루,5269,5656
2022-08-23,9호선2~3단계,한성백제,2783,2447
2022-08-23,9호선2~3단계,올림픽공원,6594,6579
2022-08-23,9호선2~3단계,둔촌오륜,1219,1093
2022-08-23,9호선2~3단계,중앙보훈병원,11769,10506
2022-08-24,9호선2~3단계,중앙보훈병원,12142,10723
2022-08-24,9호선2~3단계,둔촌오륜,1162,1128
2022-08-24,9호선2~3단계,올림픽공원,6674,6680
2022-08-24,9호선2~3단계,한성백제,2733,2475
2022-08-24,9호선2~3단계,송파나루,5313,5802
2022-08-24,9호선2~3단계,석촌,9288,8193
2022-08-24,9호선2~3단계,석촌고분,6754,6585
2022-08-24,9호선2~3단계,삼전,7181,6899
2022-08-24,9호선2~3단계,종합운동장,4473,4452
2022-08-24,9호선2~3단계,봉은사,19214,19515
2022-08-24,9호선2~3단계,삼성중앙,7882,8264
2022-08-24,9호선2~3단계,선정릉,10942,11929
2022-08-24,9호선2~3단계,언주,11345,11733
2022-08-25,9호선2~3단계,중앙보훈병원,12020,10545
2022-08-25,9호선2~3단계,둔촌오륜,1175,1153
2022-08-25,9호선2~3단계,올림픽공원,6520,6624
2022-08-25,9호선2~3단계,한성백제,2756,2424
2022-08-25,9호선2~3단계,송파나루,5423,5848
2022-08-25,9호선2~3단계,석촌,9150,8179
2022-08-25,9호선2~3단계,석촌고분,6687,6519
2022-08-25,9호선2~3단계,삼전,7208,7012
2022-08-25,9호선2~3단계,종합운동장,4569,4651
2022-08-25,9호선2~3단계,봉은사,20573,21452
2022-08-25,9호선2~3단계,삼성중앙,7954,8289
2022-08-25,9호선2~3단계,선정릉,10725,11994
2022-08-25,9호선2~3단계,언주,11357,11666
2022-08-26,9호선2~3단계,언주,11956,12089
2022-08-26,9호선2~3단계,선정릉,10927,11928
2022-08-26,9호선2~3단계,삼성중앙,8118,8267
2022-08-26,9호선2~3단계,봉은사,20708,20799
2022-08-26,9호선2~3단계,종합운동장,4897,4822
2022-08-26,9호선2~3단계,삼전,7504,6919
2022-08-26,9호선2~3단계,석촌고분,6923,6577
2022-08-26,9호선2~3단계,석촌,9690,8366
2022-08-26,9호선2~3단계,송파나루,5625,6112
2022-08-26,9호선2~3단계,한성백제,2823,2482
2022-08-26,9호선2~3단계,올림픽공원,7191,6748
2022-08-26,9호선2~3단계,둔촌오륜,1256,1149
2022-08-26,9호선2~3단계,중앙보훈병원,11889,10442
2022-08-27,9호선2~3단계,중앙보훈병원,5521,4950
2022-08-27,9호선2~3단계,둔촌오륜,627,640
2022-08-27,9호선2~3단계,올림픽공원,7791,7451
2022-08-27,9호선2~3단계,한성백제,2206,2007
2022-08-27,9호선2~3단계,송파나루,4268,4790
2022-08-27,9호선2~3단계,석촌,7570,6299
2022-08-27,9호선2~3단계,석촌고분,4621,4477
2022-08-27,9호선2~3단계,삼전,5498,4898
2022-08-27,9호선2~3단계,종합운동장,3927,3866
2022-08-27,9호선2~3단계,봉은사,17056,18456
2022-08-27,9호선2~3단계,삼성중앙,3492,3493
2022-08-27,9호선2~3단계,선정릉,5296,6123
2022-08-27,9호선2~3단계,언주,6856,6799
2022-08-28,9호선2~3단계,언주,4137,4183
2022-08-28,9호선2~3단계,선정릉,3596,4123
2022-08-28,9호선2~3단계,삼성중앙,2293,2294
2022-08-28,9호선2~3단계,봉은사,12082,12620
2022-08-28,9호선2~3단계,종합운동장,2905,2705
2022-08-28,9호선2~3단계,삼전,3679,3687
2022-08-28,9호선2~3단계,석촌고분,3298,3319
2022-08-28,9호선2~3단계,석촌,5456,4669
2022-08-28,9호선2~3단계,송파나루,3168,3617
2022-08-28,9호선2~3단계,한성백제,1673,1530
2022-08-28,9호선2~3단계,올림픽공원,7640,7488
2022-08-28,9호선2~3단계,둔촌오륜,638,640
2022-08-28,9호선2~3단계,중앙보훈병원,4050,3962
2022-08-29,9호선2~3단계,중앙보훈병원,12016,10619
2022-08-29,9호선2~3단계,둔촌오륜,1219,1126
2022-08-29,9호선2~3단계,올림픽공원,6355,6593
2022-08-29,9호선2~3단계,한성백제,2563,2302
2022-08-29,9호선2~3단계,송파나루,5042,5441
2022-08-29,9호선2~3단계,석촌,8814,7908
2022-08-29,9호선2~3단계,석촌고분,6616,6420
2022-08-29,9호선2~3단계,삼전,7163,6809
2022-08-29,9호선2~3단계,종합운동장,4249,4374
2022-08-29,9호선2~3단계,봉은사,17496,17878
2022-08-29,9호선2~3단계,삼성중앙,7883,8331
2022-08-29,9호선2~3단계,선정릉,10644,11446
2022-08-29,9호선2~3단계,언주,11125,11480
2022-08-30,9호선2~3단계,선정릉,10835,11719
2022-08-30,9호선2~3단계,언주,11923,12115
2022-08-30,9호선2~3단계,삼성중앙,8177,8571
2022-08-30,9호선2~3단계,봉은사,18401,18780
2022-08-30,9호선2~3단계,종합운동장,4391,4391
2022-08-30,9호선2~3단계,삼전,7321,7066
2022-08-30,9호선2~3단계,석촌고분,6796,6749
2022-08-30,9호선2~3단계,석촌,8722,7789
2022-08-30,9호선2~3단계,송파나루,5390,5751
2022-08-30,9호선2~3단계,한성백제,2734,2538
2022-08-30,9호선2~3단계,올림픽공원,6101,6344
2022-08-30,9호선2~3단계,둔촌오륜,1240,1127
2022-08-30,9호선2~3단계,중앙보훈병원,11741,10396
2022-08-31,9호선2~3단계,언주,11592,11883
2022-08-31,9호선2~3단계,선정릉,10988,12078
2022-08-31,9호선2~3단계,삼성중앙,7880,8218
2022-08-31,9호선2~3단계,봉은사,18089,18707
2022-08-31,9호선2~3단계,종합운동장,4415,4513
2022-08-31,9호선2~3단계,삼전,7418,7027
2022-08-31,9호선2~3단계,석촌고분,6743,6468
2022-08-31,9호선2~3단계,석촌,9184,8226
2022-08-31,9호선2~3단계,송파나루,5362,5687
2022-08-31,9호선2~3단계,한성백제,2731,2430
2022-08-31,9호선2~3단계,올림픽공원,6658,6902
2022-08-31,9호선2~3단계,둔촌오륜,1208,1135
2022-08-31,9호선2~3단계,중앙보훈병원,11832,10527
2022-09-01,9호선2~3단계,중앙보훈병원,12233,11061
2022-09-01,9호선2~3단계,둔촌오륜,1232,1166
2022-09-01,9호선2~3단계,올림픽공원,6935,6909
2022-09-01,9호선2~3단계,한성백제,2802,2474
2022-09-01,9호선2~3단계,송파나루,5358,5811
2022-09-01,9호선2~3단계,석촌,9426,8453
2022-09-01,9호선2~3단계,석촌고분,6839,6651
2022-09-01,9호선2~3단계,삼전,7468,7087
2022-09-01,9호선2~3단계,종합운동장,4519,4613
2022-09-01,9호선2~3단계,봉은사,18321,18806
2022-09-01,9호선2~3단계,삼성중앙,8022,8520
2022-09-01,9호선2~3단계,선정릉,11277,12312
2022-09-01,9호선2~3단계,언주,11649,12002
2022-09-02,9호선2~3단계,중앙보훈병원,12021,10665
2022-09-02,9호선2~3단계,둔촌오륜,1308,1204
2022-09-02,9호선2~3단계,올림픽공원,10784,11254
2022-09-02,9호선2~3단계,한성백제,2919,2645
2022-09-02,9호선2~3단계,송파나루,5621,6198
2022-09-02,9호선2~3단계,석촌,9889,8826
2022-09-02,9호선2~3단계,석촌고분,7033,7003
2022-09-02,9호선2~3단계,삼전,7601,7154
2022-09-02,9호선2~3단계,종합운동장,4967,5048
2022-09-02,9호선2~3단계,봉은사,19342,19538
2022-09-02,9호선2~3단계,삼성중앙,8212,8468
2022-09-02,9호선2~3단계,선정릉,11149,12176
2022-09-02,9호선2~3단계,언주,11978,12149
2022-09-03,9호선2~3단계,언주,7114,7153
2022-09-03,9호선2~3단계,선정릉,5312,6086
2022-09-03,9호선2~3단계,삼성중앙,3617,3694
2022-09-03,9호선2~3단계,봉은사,15777,16887
2022-09-03,9호선2~3단계,종합운동장,3639,3317
2022-09-03,9호선2~3단계,삼전,5352,4920
2022-09-03,9호선2~3단계,석촌고분,4816,4591
2022-09-03,9호선2~3단계,석촌,7815,6349
2022-09-03,9호선2~3단계,송파나루,4553,5232
2022-09-03,9호선2~3단계,한성백제,2338,2168
2022-09-03,9호선2~3단계,올림픽공원,16141,16469
2022-09-03,9호선2~3단계,둔촌오륜,701,702
2022-09-03,9호선2~3단계,중앙보훈병원,5557,5151
2022-09-04,9호선2~3단계,언주,3976,4060
2022-09-04,9호선2~3단계,선정릉,3158,3552
2022-09-04,9호선2~3단계,삼성중앙,2340,2478
2022-09-04,9호선2~3단계,봉은사,12738,13198
2022-09-04,9호선2~3단계,종합운동장,2197,2009
2022-09-04,9호선2~3단계,삼전,3632,3539
2022-09-04,9호선2~3단계,석촌고분,3292,3289
2022-09-04,9호선2~3단계,석촌,4682,3912
2022-09-04,9호선2~3단계,송파나루,3069,3208
2022-09-04,9호선2~3단계,한성백제,1523,1361
2022-09-04,9호선2~3단계,올림픽공원,8412,8442
2022-09-04,9호선2~3단계,둔촌오륜,570,602
2022-09-04,9호선2~3단계,중앙보훈병원,3362,3247
2022-09-05,9호선2~3단계,중앙보훈병원,11479,10073
2022-09-05,9호선2~3단계,둔촌오륜,1280,1113
2022-09-05,9호선2~3단계,올림픽공원,5714,5866
2022-09-05,9호선2~3단계,한성백제,2609,2457
2022-09-05,9호선2~3단계,송파나루,5037,5346
2022-09-05,9호선2~3단계,석촌,7911,7091
2022-09-05,9호선2~3단계,석촌고분,6613,6658
2022-09-05,9호선2~3단계,삼전,7244,7295
2022-09-05,9호선2~3단계,종합운동장,4347,4232
2022-09-05,9호선2~3단계,봉은사,21700,21442
2022-09-05,9호선2~3단계,삼성중앙,8471,8537
2022-09-05,9호선2~3단계,선정릉,10036,10934
2022-09-05,9호선2~3단계,언주,11919,11706
2022-09-06,9호선2~3단계,중앙보훈병원,11344,9999
2022-09-06,9호선2~3단계,둔촌오륜,935,925
2022-09-06,9호선2~3단계,올림픽공원,6269,6346
2022-09-06,9호선2~3단계,한성백제,2586,2319
2022-09-06,9호선2~3단계,송파나루,5043,5248
2022-09-06,9호선2~3단계,석촌,8508,7542
2022-09-06,9호선2~3단계,석촌고분,6448,6180
2022-09-06,9호선2~3단계,삼전,7006,6579
2022-09-06,9호선2~3단계,종합운동장,4219,4344
2022-09-06,9호선2~3단계,봉은사,17796,18461
2022-09-06,9호선2~3단계,삼성중앙,7448,7654
2022-09-06,9호선2~3단계,선정릉,10358,11360
2022-09-06,9호선2~3단계,언주,10592,10976
2022-09-07,9호선2~3단계,언주,12285,12294
2022-09-07,9호선2~3단계,선정릉,11683,12651
2022-09-07,9호선2~3단계,삼성중앙,8564,8925
2022-09-07,9호선2~3단계,봉은사,19187,19481
2022-09-07,9호선2~3단계,종합운동장,4541,4777
2022-09-07,9호선2~3단계,삼전,7673,7044
2022-09-07,9호선2~3단계,석촌고분,7120,6860
2022-09-07,9호선2~3단계,석촌,9786,8562
2022-09-07,9호선2~3단계,송파나루,5611,5955
2022-09-07,9호선2~3단계,한성백제,2848,2533
2022-09-07,9호선2~3단계,올림픽공원,7011,7030
2022-09-07,9호선2~3단계,둔촌오륜,1288,1172
2022-09-07,9호선2~3단계,중앙보훈병원,12306,10804
2022-09-08,9호선2~3단계,석촌,9788,8197
2022-09-08,9호선2~3단계,언주,11670,11037
2022-09-08,9호선2~3단계,선정릉,10889,11281
2022-09-08,9호선2~3단계,삼성중앙,7775,7951
2022-09-08,9호선2~3단계,봉은사,16796,16938
2022-09-08,9호선2~3단계,종합운동장,4878,5053
2022-09-08,9호선2~3단계,삼전,7418,6647
2022-09-08,9호선2~3단계,석촌고분,7010,6398
2022-09-08,9호선2~3단계,송파나루,5441,5709
2022-09-08,9호선2~3단계,한성백제,2662,2262
2022-09-08,9호선2~3단계,올림픽공원,6793,6706
2022-09-08,9호선2~3단계,둔촌오륜,1217,1089
2022-09-08,9호선2~3단계,중앙보훈병원,11574,10122
2022-09-09,9호선2~3단계,언주,2596,2086
2022-09-09,9호선2~3단계,선정릉,2451,2219
2022-09-09,9호선2~3단계,삼성중앙,1932,1680
2022-09-09,9호선2~3단계,봉은사,6490,6841
2022-09-09,9호선2~3단계,종합운동장,2688,2107
2022-09-09,9호선2~3단계,삼전,3430,2614
2022-09-09,9호선2~3단계,석촌고분,3005,2357
2022-09-09,9호선2~3단계,석촌,4389,3181
2022-09-09,9호선2~3단계,송파나루,2945,2955
2022-09-09,9호선2~3단계,한성백제,1204,891
2022-09-09,9호선2~3단계,올림픽공원,2938,2861
2022-09-09,9호선2~3단계,둔촌오륜,352,369
2022-09-09,9호선2~3단계,중앙보훈병원,2950,2757
2022-09-10,9호선2~3단계,석촌고분,2101,1933
2022-09-10,9호선2~3단계,삼전,2342,2145
2022-09-10,9호선2~3단계,종합운동장,1480,1338
2022-09-10,9호선2~3단계,봉은사,6470,6787
2022-09-10,9호선2~3단계,삼성중앙,1150,1109
2022-09-10,9호선2~3단계,선정릉,1565,1598
2022-09-10,9호선2~3단계,언주,1743,1549
2022-09-10,9호선2~3단계,석촌,3197,2463
2022-09-10,9호선2~3단계,송파나루,1729,1777
2022-09-10,9호선2~3단계,한성백제,993,801
2022-09-10,9호선2~3단계,올림픽공원,2396,2458
2022-09-10,9호선2~3단계,둔촌오륜,267,265
2022-09-10,9호선2~3단계,중앙보훈병원,2425,2297
2022-09-11,9호선2~3단계,중앙보훈병원,3235,3041
2022-09-11,9호선2~3단계,둔촌오륜,463,499
2022-09-11,9호선2~3단계,올림픽공원,4721,4823
2022-09-11,9호선2~3단계,한성백제,1225,1204
2022-09-11,9호선2~3단계,송파나루,2303,2825
2022-09-11,9호선2~3단계,석촌,3853,3701
2022-09-11,9호선2~3단계,석촌고분,2474,2646
2022-09-11,9호선2~3단계,삼전,2848,3012
2022-09-11,9호선2~3단계,종합운동장,1849,1960
2022-09-11,9호선2~3단계,봉은사,6607,6931
2022-09-11,9호선2~3단계,삼성중앙,1572,1659
2022-09-11,9호선2~3단계,선정릉,1949,2343
2022-09-11,9호선2~3단계,언주,2060,2375
2022-09-12,9호선2~3단계,언주,2446,2889
2022-09-12,9호선2~3단계,선정릉,2430,3010
2022-09-12,9호선2~3단계,삼성중앙,1876,2082
2022-09-12,9호선2~3단계,봉은사,7433,7751
2022-09-12,9호선2~3단계,종합운동장,2041,2128
2022-09-12,9호선2~3단계,삼전,3310,3578
2022-09-12,9호선2~3단계,석촌고분,2809,3000
2022-09-12,9호선2~3단계,석촌,4549,4219
2022-09-12,9호선2~3단계,송파나루,2589,3070
2022-09-12,9호선2~3단계,한성백제,1411,1455
2022-09-12,9호선2~3단계,올림픽공원,5190,5734
2022-09-12,9호선2~3단계,둔촌오륜,424,433
2022-09-12,9호선2~3단계,중앙보훈병원,3779,3532
2022-09-13,9호선2~3단계,중앙보훈병원,12042,10654
2022-09-13,9호선2~3단계,둔촌오륜,1183,1110
2022-09-13,9호선2~3단계,올림픽공원,6619,6970
2022-09-13,9호선2~3단계,한성백제,2644,2372
2022-09-13,9호선2~3단계,송파나루,4882,5343
2022-09-13,9호선2~3단계,석촌,8761,8077
2022-09-13,9호선2~3단계,언주,10851,11389
2022-09-13,9호선2~3단계,선정릉,10346,11386
2022-09-13,9호선2~3단계,삼성중앙,7703,7984
2022-09-13,9호선2~3단계,봉은사,16435,16831
2022-09-13,9호선2~3단계,석촌고분,6256,6275
2022-09-13,9호선2~3단계,삼전,7084,6854
2022-09-13,9호선2~3단계,종합운동장,4176,4372
2022-09-14,9호선2~3단계,올림픽공원,7033,7154
2022-09-14,9호선2~3단계,중앙보훈병원,12222,10789
2022-09-14,9호선2~3단계,둔촌오륜,1207,1153
2022-09-14,9호선2~3단계,한성백제,2822,2515
2022-09-14,9호선2~3단계,송파나루,5377,5645
2022-09-14,9호선2~3단계,석촌,9384,8446
2022-09-14,9호선2~3단계,석촌고분,6915,6681
2022-09-14,9호선2~3단계,언주,11761,12146
2022-09-14,9호선2~3단계,삼전,7440,7176
2022-09-14,9호선2~3단계,종합운동장,5576,5695
2022-09-14,9호선2~3단계,봉은사,17567,18031
2022-09-14,9호선2~3단계,삼성중앙,8148,8542
2022-09-14,9호선2~3단계,선정릉,11414,12327
2022-09-15,9호선2~3단계,언주,11740,12163
2022-09-15,9호선2~3단계,선정릉,11198,12514
2022-09-15,9호선2~3단계,삼성중앙,8375,8792
2022-09-15,9호선2~3단계,봉은사,19642,20202
2022-09-15,9호선2~3단계,종합운동장,4557,4700
2022-09-15,9호선2~3단계,삼전,7518,7174
2022-09-15,9호선2~3단계,석촌고분,6980,6853
2022-09-15,9호선2~3단계,석촌,9667,8596
2022-09-15,9호선2~3단계,송파나루,5300,5613
2022-09-15,9호선2~3단계,한성백제,2885,2606
2022-09-15,9호선2~3단계,올림픽공원,7103,7300
2022-09-15,9호선2~3단계,둔촌오륜,1217,1138
2022-09-15,9호선2~3단계,중앙보훈병원,12403,10993
2022-09-16,9호선2~3단계,중앙보훈병원,12233,10703
2022-09-16,9호선2~3단계,둔촌오륜,1285,1137
2022-09-16,9호선2~3단계,올림픽공원,8019,8067
2022-09-16,9호선2~3단계,한성백제,3034,2791
2022-09-16,9호선2~3단계,송파나루,5936,6417
2022-09-16,9호선2~3단계,석촌,9682,8769
2022-09-16,9호선2~3단계,석촌고분,7093,6956
2022-09-16,9호선2~3단계,삼전,7833,7451
2022-09-16,9호선2~3단계,종합운동장,4934,4945
2022-09-16,9호선2~3단계,봉은사,21377,21515
2022-09-16,9호선2~3단계,삼성중앙,8671,8862
2022-09-16,9호선2~3단계,선정릉,11017,12244
2022-09-16,9호선2~3단계,언주,12382,12372
2022-09-17,9호선2~3단계,중앙보훈병원,5757,5379
2022-09-17,9호선2~3단계,둔촌오륜,762,726
2022-09-17,9호선2~3단계,올림픽공원,14754,16825
2022-09-17,9호선2~3단계,한성백제,5451,4594
2022-09-17,9호선2~3단계,송파나루,5124,5417
2022-09-17,9호선2~3단계,석촌,8283,6987
2022-09-17,9호선2~3단계,석촌고분,4911,4681
2022-09-17,9호선2~3단계,삼전,5684,5119
2022-09-17,9호선2~3단계,종합운동장,6373,4424
2022-09-17,9호선2~3단계,봉은사,16583,17795
2022-09-17,9호선2~3단계,삼성중앙,3735,3729
2022-09-17,9호선2~3단계,선정릉,5718,6356
2022-09-17,9호선2~3단계,언주,7424,7501
2022-09-18,9호선2~3단계,언주,4845,4932
2022-09-18,9호선2~3단계,선정릉,3708,4066
2022-09-18,9호선2~3단계,삼성중앙,2371,2530
2022-09-18,9호선2~3단계,봉은사,11449,11655
2022-09-18,9호선2~3단계,종합운동장,4877,3489
2022-09-18,9호선2~3단계,삼전,4123,3914
2022-09-18,9호선2~3단계,석촌고분,3808,3576
2022-09-18,9호선2~3단계,석촌,5836,5004
2022-09-18,9호선2~3단계,송파나루,3955,4279
2022-09-18,9호선2~3단계,한성백제,1903,1660
2022-09-18,9호선2~3단계,올림픽공원,14008,14201
2022-09-18,9호선2~3단계,둔촌오륜,724,679
2022-09-18,9호선2~3단계,중앙보훈병원,4484,4316
2022-09-19,9호선2~3단계,언주,11595,12152
2022-09-19,9호선2~3단계,선정릉,11136,12188
2022-09-19,9호선2~3단계,삼성중앙,8304,8745
2022-09-19,9호선2~3단계,봉은사,18229,18826
2022-09-19,9호선2~3단계,종합운동장,4565,4576
2022-09-19,9호선2~3단계,삼전,7338,6949
2022-09-19,9호선2~3단계,석촌고분,6900,6584
2022-09-19,9호선2~3단계,석촌,9217,8171
2022-09-19,9호선2~3단계,송파나루,5175,5619
2022-09-19,9호선2~3단계,한성백제,2862,2507
2022-09-19,9호선2~3단계,올림픽공원,7563,7540
2022-09-19,9호선2~3단계,둔촌오륜,1155,1123
2022-09-19,9호선2~3단계,중앙보훈병원,12456,10911
2022-09-20,9호선2~3단계,언주,11877,12380
2022-09-20,9호선2~3단계,선정릉,11528,12721
2022-09-20,9호선2~3단계,삼성중앙,8410,8916
2022-09-20,9호선2~3단계,봉은사,19593,20106
2022-09-20,9호선2~3단계,종합운동장,4664,4813
2022-09-20,9호선2~3단계,삼전,7489,7095
2022-09-20,9호선2~3단계,석촌고분,6964,6698
2022-09-20,9호선2~3단계,석촌,9476,8535
2022-09-20,9호선2~3단계,송파나루,5323,5780
2022-09-20,9호선2~3단계,한성백제,2906,2583
2022-09-20,9호선2~3단계,올림픽공원,8029,8118
2022-09-20,9호선2~3단계,둔촌오륜,1233,1147
2022-09-20,9호선2~3단계,중앙보훈병원,12700,11133
2022-09-21,9호선2~3단계,중앙보훈병원,12376,11038
2022-09-21,9호선2~3단계,둔촌오륜,1233,1155
2022-09-21,9호선2~3단계,올림픽공원,13457,13800
2022-09-21,9호선2~3단계,한성백제,3034,2728
2022-09-21,9호선2~3단계,송파나루,5473,5957
2022-09-21,9호선2~3단계,석촌,9783,8692
2022-09-21,9호선2~3단계,석촌고분,6927,6822
2022-09-21,9호선2~3단계,삼전,7620,7280
2022-09-21,9호선2~3단계,종합운동장,4650,4759
2022-09-21,9호선2~3단계,봉은사,20054,20570
2022-09-21,9호선2~3단계,삼성중앙,8405,8686
2022-09-21,9호선2~3단계,선정릉,11251,12592
2022-09-21,9호선2~3단계,언주,11757,12227
2022-09-22,9호선2~3단계,언주,11783,12070
2022-09-22,9호선2~3단계,선정릉,11311,12660
2022-09-22,9호선2~3단계,삼성중앙,8464,8904
2022-09-22,9호선2~3단계,봉은사,20194,21051
2022-09-22,9호선2~3단계,종합운동장,4774,4819
2022-09-22,9호선2~3단계,삼전,7575,7090
2022-09-22,9호선2~3단계,석촌고분,7047,6790
2022-09-22,9호선2~3단계,석촌,9825,8742
2022-09-22,9호선2~3단계,송파나루,5423,5798
2022-09-22,9호선2~3단계,한성백제,2900,2642
2022-09-22,9호선2~3단계,올림픽공원,8258,8460
2022-09-22,9호선2~3단계,둔촌오륜,1207,1110
2022-09-22,9호선2~3단계,중앙보훈병원,12571,11135
2022-09-23,9호선2~3단계,언주,12022,12198
2022-09-23,9호선2~3단계,선정릉,11387,12390
2022-09-23,9호선2~3단계,삼성중앙,8226,8602
2022-09-23,9호선2~3단계,봉은사,20548,21211
2022-09-23,9호선2~3단계,종합운동장,5415,5446
2022-09-23,9호선2~3단계,삼전,7799,7352
2022-09-23,9호선2~3단계,석촌고분,7222,6898
2022-09-23,9호선2~3단계,석촌,10193,9043
2022-09-23,9호선2~3단계,송파나루,5805,6415
2022-09-23,9호선2~3단계,한성백제,3035,2690
2022-09-23,9호선2~3단계,올림픽공원,12682,13092
2022-09-23,9호선2~3단계,둔촌오륜,1261,1149
2022-09-23,9호선2~3단계,중앙보훈병원,12188,10870
2022-09-24,9호선2~3단계,언주,7615,7597
2022-09-24,9호선2~3단계,선정릉,5733,6653
2022-09-24,9호선2~3단계,삼성중앙,3661,3680
2022-09-24,9호선2~3단계,봉은사,13878,14974
2022-09-24,9호선2~3단계,종합운동장,4701,4706
2022-09-24,9호선2~3단계,삼전,5797,5252
2022-09-24,9호선2~3단계,석촌고분,5154,4726
2022-09-24,9호선2~3단계,석촌,8439,6911
2022-09-24,9호선2~3단계,송파나루,4579,5196
2022-09-24,9호선2~3단계,한성백제,2686,2252
2022-09-24,9호선2~3단계,올림픽공원,11075,11520
2022-09-24,9호선2~3단계,둔촌오륜,701,725
2022-09-24,9호선2~3단계,중앙보훈병원,6246,5840
2022-09-25,9호선2~3단계,언주,4775,4704
2022-09-25,9호선2~3단계,선정릉,3710,4148
2022-09-25,9호선2~3단계,삼성중앙,2323,2376
2022-09-25,9호선2~3단계,봉은사,11259,11865
2022-09-25,9호선2~3단계,종합운동장,3615,3470
2022-09-25,9호선2~3단계,삼전,4070,3779
2022-09-25,9호선2~3단계,석촌고분,3554,3606
2022-09-25,9호선2~3단계,석촌,6056,5115
2022-09-25,9호선2~3단계,송파나루,3237,3676
2022-09-25,9호선2~3단계,한성백제,2041,1749
2022-09-25,9호선2~3단계,올림픽공원,9916,10452
2022-09-25,9호선2~3단계,둔촌오륜,685,702
2022-09-25,9호선2~3단계,중앙보훈병원,4416,4238
2022-09-26,9호선2~3단계,언주,11481,12005
2022-09-26,9호선2~3단계,선정릉,10980,12161
2022-09-26,9호선2~3단계,삼성중앙,8293,8723
2022-09-26,9호선2~3단계,봉은사,18575,18854
2022-09-26,9호선2~3단계,종합운동장,4428,4539
2022-09-26,9호선2~3단계,삼전,7393,7034
2022-09-26,9호선2~3단계,석촌고분,6813,6474
2022-09-26,9호선2~3단계,석촌,9494,8281
2022-09-26,9호선2~3단계,송파나루,5183,5590
2022-09-26,9호선2~3단계,한성백제,2895,2593
2022-09-26,9호선2~3단계,올림픽공원,7939,8236
2022-09-26,9호선2~3단계,둔촌오륜,1184,1116
2022-09-26,9호선2~3단계,중앙보훈병원,12560,11191
2022-09-27,9호선2~3단계,중앙보훈병원,12739,11344
2022-09-27,9호선2~3단계,둔촌오륜,1205,1066
2022-09-27,9호선2~3단계,올림픽공원,8449,8588
2022-09-27,9호선2~3단계,한성백제,3007,2622
2022-09-27,9호선2~3단계,송파나루,5336,5701
2022-09-27,9호선2~3단계,석촌,9662,8503
2022-09-27,9호선2~3단계,석촌고분,6992,6770
2022-09-27,9호선2~3단계,삼전,7496,7148
2022-09-27,9호선2~3단계,종합운동장,4429,4550
2022-09-27,9호선2~3단계,봉은사,18705,19075
2022-09-27,9호선2~3단계,삼성중앙,8439,8843
2022-09-27,9호선2~3단계,선정릉,11484,12600
2022-09-27,9호선2~3단계,언주,12224,12578
2022-09-28,9호선2~3단계,언주,11952,12320
2022-09-28,9호선2~3단계,선정릉,11454,12554
2022-09-28,9호선2~3단계,삼성중앙,8278,8670
2022-09-28,9호선2~3단계,봉은사,19095,19579
2022-09-28,9호선2~3단계,종합운동장,4688,4671
2022-09-28,9호선2~3단계,삼전,7592,7180
2022-09-28,9호선2~3단계,석촌고분,7030,6729
2022-09-28,9호선2~3단계,석촌,9590,8575
2022-09-28,9호선2~3단계,송파나루,5390,5793
2022-09-28,9호선2~3단계,한성백제,3015,2673
2022-09-28,9호선2~3단계,올림픽공원,8700,8626
2022-09-28,9호선2~3단계,둔촌오륜,1286,1201
2022-09-28,9호선2~3단계,중앙보훈병원,13829,12255
2022-09-29,9호선2~3단계,중앙보훈병원,13195,11744
2022-09-29,9호선2~3단계,둔촌오륜,1212,1123
2022-09-29,9호선2~3단계,올림픽공원,9174,9642
2022-09-29,9호선2~3단계,한성백제,3089,2714
2022-09-29,9호선2~3단계,송파나루,5525,5809
2022-09-29,9호선2~3단계,석촌,9696,8564
2022-09-29,9호선2~3단계,석촌고분,7162,6954
2022-09-29,9호선2~3단계,삼전,7622,7130
2022-09-29,9호선2~3단계,종합운동장,4560,4599
2022-09-29,9호선2~3단계,봉은사,20347,21093
2022-09-29,9호선2~3단계,삼성중앙,8398,8815
2022-09-29,9호선2~3단계,선정릉,11350,12524
2022-09-29,9호선2~3단계,언주,11958,12287
2022-09-30,9호선2~3단계,언주,12094,12248
2022-09-30,9호선2~3단계,선정릉,11235,12332
2022-09-30,9호선2~3단계,삼성중앙,8481,8700
2022-09-30,9호선2~3단계,봉은사,20037,20391
2022-09-30,9호선2~3단계,종합운동장,4890,4998
2022-09-30,9호선2~3단계,삼전,7980,7288
2022-09-30,9호선2~3단계,석촌고분,7328,6925
2022-09-30,9호선2~3단계,석촌,10213,9003
2022-09-30,9호선2~3단계,송파나루,5870,6502
2022-09-30,9호선2~3단계,한성백제,3876,3475
2022-09-30,9호선2~3단계,올림픽공원,13331,13829
2022-09-30,9호선2~3단계,둔촌오륜,1280,1172
2022-09-30,9호선2~3단계,중앙보훈병원,12731,11210
2022-10-01,9호선2~3단계,종합운동장,3448,3231
2022-10-01,9호선2~3단계,봉은사,13463,14244
2022-10-01,9호선2~3단계,삼성중앙,3717,3698
2022-10-01,9호선2~3단계,선정릉,5423,6087
2022-10-01,9호선2~3단계,언주,6959,6811
2022-10-01,9호선2~3단계,중앙보훈병원,5654,5254
2022-10-01,9호선2~3단계,둔촌오륜,785,759
2022-10-01,9호선2~3단계,올림픽공원,16354,18416
2022-10-01,9호선2~3단계,한성백제,4222,3869
2022-10-01,9호선2~3단계,송파나루,4547,5014
2022-10-01,9호선2~3단계,석촌,8064,6852
2022-10-01,9호선2~3단계,석촌고분,5042,4670
2022-10-01,9호선2~3단계,삼전,5614,4998
2022-10-02,9호선2~3단계,언주,4351,4450
2022-10-02,9호선2~3단계,선정릉,3275,3920
2022-10-02,9호선2~3단계,삼성중앙,2549,2447
2022-10-02,9호선2~3단계,봉은사,13937,14216
2022-10-02,9호선2~3단계,종합운동장,2802,2535
2022-10-02,9호선2~3단계,삼전,4180,4020
2022-10-02,9호선2~3단계,석촌고분,3688,3698
2022-10-02,9호선2~3단계,석촌,5797,5109
2022-10-02,9호선2~3단계,송파나루,3840,4042
2022-10-02,9호선2~3단계,한성백제,3667,2958
2022-10-02,9호선2~3단계,올림픽공원,14459,15424
2022-10-02,9호선2~3단계,둔촌오륜,674,663
2022-10-02,9호선2~3단계,중앙보훈병원,4225,4078
2022-10-03,9호선2~3단계,언주,3625,3839
2022-10-03,9호선2~3단계,선정릉,2963,3336
2022-10-03,9호선2~3단계,삼성중앙,2215,2365
2022-10-03,9호선2~3단계,봉은사,11870,12015
2022-10-03,9호선2~3단계,종합운동장,2174,1888
2022-10-03,9호선2~3단계,삼전,3556,3613
2022-10-03,9호선2~3단계,석촌고분,3128,3249
2022-10-03,9호선2~3단계,석촌,4489,4057
2022-10-03,9호선2~3단계,송파나루,2962,3160
2022-10-03,9호선2~3단계,한성백제,1362,1205
2022-10-03,9호선2~3단계,올림픽공원,3115,3038
2022-10-03,9호선2~3단계,둔촌오륜,429,430
2022-10-03,9호선2~3단계,중앙보훈병원,3661,3362
2022-10-04,9호선2~3단계,중앙보훈병원,12732,11447
2022-10-04,9호선2~3단계,둔촌오륜,1203,1155
2022-10-04,9호선2~3단계,올림픽공원,7134,7273
2022-10-04,9호선2~3단계,한성백제,2796,2576
2022-10-04,9호선2~3단계,송파나루,5383,5584
2022-10-04,9호선2~3단계,석촌,9493,8625
2022-10-04,9호선2~3단계,석촌고분,6955,6728
2022-10-04,9호선2~3단계,삼전,7653,7328
2022-10-04,9호선2~3단계,종합운동장,4518,4717
2022-10-04,9호선2~3단계,봉은사,19779,20312
2022-10-04,9호선2~3단계,삼성중앙,8305,8791
2022-10-04,9호선2~3단계,선정릉,11004,12239
2022-10-04,9호선2~3단계,언주,11811,12270
2022-10-05,9호선2~3단계,언주,12045,12486
2022-10-05,9호선2~3단계,선정릉,11394,12550
2022-10-05,9호선2~3단계,삼성중앙,8251,8690
2022-10-05,9호선2~3단계,봉은사,20846,21667
2022-10-05,9호선2~3단계,종합운동장,4813,5008
2022-10-05,9호선2~3단계,삼전,7621,7276
2022-10-05,9호선2~3단계,석촌고분,7020,6712
2022-10-05,9호선2~3단계,석촌,9859,8700
2022-10-05,9호선2~3단계,송파나루,5478,5836
2022-10-05,9호선2~3단계,한성백제,3071,2607
2022-10-05,9호선2~3단계,올림픽공원,7552,7610
2022-10-05,9호선2~3단계,둔촌오륜,1244,1183
2022-10-05,9호선2~3단계,중앙보훈병원,12570,11292
2022-10-06,9호선2~3단계,언주,12290,12383
2022-10-06,9호선2~3단계,선정릉,11283,12660
2022-10-06,9호선2~3단계,삼성중앙,8479,8898
2022-10-06,9호선2~3단계,봉은사,21888,22539
2022-10-06,9호선2~3단계,종합운동장,4810,4803
2022-10-06,9호선2~3단계,삼전,7752,7205
2022-10-06,9호선2~3단계,석촌고분,7242,6975
2022-10-06,9호선2~3단계,석촌,9730,8564
2022-10-06,9호선2~3단계,송파나루,5431,5792
2022-10-06,9호선2~3단계,한성백제,2987,2646
2022-10-06,9호선2~3단계,올림픽공원,7946,7857
2022-10-06,9호선2~3단계,둔촌오륜,1230,1170
2022-10-06,9호선2~3단계,중앙보훈병원,12919,11374
2022-10-07,9호선2~3단계,중앙보훈병원,12592,11021
2022-10-07,9호선2~3단계,둔촌오륜,1224,1158
2022-10-07,9호선2~3단계,올림픽공원,7888,8009
2022-10-07,9호선2~3단계,한성백제,3051,2634
2022-10-07,9호선2~3단계,송파나루,6047,6582
2022-10-07,9호선2~3단계,석촌,10272,9210
2022-10-07,9호선2~3단계,석촌고분,7366,6977
2022-10-07,9호선2~3단계,삼전,7924,7297
2022-10-07,9호선2~3단계,종합운동장,6101,5798
2022-10-07,9호선2~3단계,봉은사,22945,23607
2022-10-07,9호선2~3단계,삼성중앙,8489,8773
2022-10-07,9호선2~3단계,선정릉,11572,12663
2022-10-07,9호선2~3단계,언주,12388,12541
2022-10-08,9호선2~3단계,중앙보훈병원,6487,6094
2022-10-08,9호선2~3단계,둔촌오륜,723,733
2022-10-08,9호선2~3단계,올림픽공원,16297,17251
2022-10-08,9호선2~3단계,한성백제,3021,2605
2022-10-08,9호선2~3단계,송파나루,5045,5316
2022-10-08,9호선2~3단계,석촌,9518,8061
2022-10-08,9호선2~3단계,석촌고분,5176,4897
2022-10-08,9호선2~3단계,삼전,5947,5266
2022-10-08,9호선2~3단계,종합운동장,4522,4054
2022-10-08,9호선2~3단계,봉은사,13767,13902
2022-10-08,9호선2~3단계,삼성중앙,3927,3903
2022-10-08,9호선2~3단계,선정릉,6044,6703
2022-10-08,9호선2~3단계,언주,7769,7476
2022-10-09,9호선2~3단계,언주,4272,4225
2022-10-09,9호선2~3단계,선정릉,3106,3551
2022-10-09,9호선2~3단계,삼성중앙,2308,2433
2022-10-09,9호선2~3단계,봉은사,11075,11599
2022-10-09,9호선2~3단계,종합운동장,2630,2411
2022-10-09,9호선2~3단계,삼전,3785,3651
2022-10-09,9호선2~3단계,석촌고분,3658,3509
2022-10-09,9호선2~3단계,석촌,5071,4384
2022-10-09,9호선2~3단계,송파나루,3562,3850
2022-10-09,9호선2~3단계,한성백제,1749,1707
2022-10-09,9호선2~3단계,올림픽공원,7725,7476
2022-10-09,9호선2~3단계,둔촌오륜,592,566
2022-10-09,9호선2~3단계,중앙보훈병원,3483,3392
2022-10-10,9호선2~3단계,언주,4952,4954
2022-10-10,9호선2~3단계,선정릉,3404,3886
2022-10-10,9호선2~3단계,삼성중앙,2414,2536
2022-10-10,9호선2~3단계,봉은사,9676,9944
2022-10-10,9호선2~3단계,종합운동장,2492,2375
2022-10-10,9호선2~3단계,삼전,4060,4019
2022-10-10,9호선2~3단계,석촌고분,3535,3473
2022-10-10,9호선2~3단계,석촌,5310,4855
2022-10-10,9호선2~3단계,송파나루,3634,3640
2022-10-10,9호선2~3단계,한성백제,1665,1520
2022-10-10,9호선2~3단계,올림픽공원,10018,9239
2022-10-10,9호선2~3단계,둔촌오륜,483,524
2022-10-10,9호선2~3단계,중앙보훈병원,3874,3621
2022-10-11,9호선2~3단계,언주,12058,12379
2022-10-11,9호선2~3단계,선정릉,11283,12352
2022-10-11,9호선2~3단계,삼성중앙,8238,8725
2022-10-11,9호선2~3단계,봉은사,18196,18568
2022-10-11,9호선2~3단계,종합운동장,4647,4875
2022-10-11,9호선2~3단계,삼전,7448,7199
2022-10-11,9호선2~3단계,석촌고분,6882,6657
2022-10-11,9호선2~3단계,석촌,9641,8554
2022-10-11,9호선2~3단계,송파나루,5494,5695
2022-10-11,9호선2~3단계,한성백제,3014,2699
2022-10-11,9호선2~3단계,올림픽공원,7350,7507
2022-10-11,9호선2~3단계,둔촌오륜,1195,1197
2022-10-11,9호선2~3단계,중앙보훈병원,13153,11681
2022-10-12,9호선2~3단계,언주,12247,12619
2022-10-12,9호선2~3단계,선정릉,11371,12502
2022-10-12,9호선2~3단계,삼성중앙,8178,8675
2022-10-12,9호선2~3단계,봉은사,19227,19464
2022-10-12,9호선2~3단계,종합운동장,4898,4880
2022-10-12,9호선2~3단계,삼전,7616,7228
2022-10-12,9호선2~3단계,석촌고분,7067,6911
2022-10-12,9호선2~3단계,석촌,9875,8729
2022-10-12,9호선2~3단계,송파나루,5699,5940
2022-10-12,9호선2~3단계,한성백제,3267,2833
2022-10-12,9호선2~3단계,올림픽공원,7508,7750
2022-10-12,9호선2~3단계,둔촌오륜,1233,1158
2022-10-12,9호선2~3단계,중앙보훈병원,12991,11788
2022-10-13,9호선2~3단계,언주,12132,12617
2022-10-13,9호선2~3단계,선정릉,11491,12605
2022-10-13,9호선2~3단계,삼성중앙,8391,8946
2022-10-13,9호선2~3단계,봉은사,20356,20931
2022-10-13,9호선2~3단계,종합운동장,4865,4819
2022-10-13,9호선2~3단계,삼전,7622,7235
2022-10-13,9호선2~3단계,석촌고분,6954,6846
2022-10-13,9호선2~3단계,석촌,9881,8929
2022-10-13,9호선2~3단계,송파나루,5531,5939
2022-10-13,9호선2~3단계,한성백제,3035,2607
2022-10-13,9호선2~3단계,올림픽공원,7721,7814
2022-10-13,9호선2~3단계,둔촌오륜,1196,1147
2022-10-13,9호선2~3단계,중앙보훈병원,13165,11704
2022-10-14,9호선2~3단계,중앙보훈병원,12864,11259
2022-10-14,9호선2~3단계,둔촌오륜,1311,1171
2022-10-14,9호선2~3단계,올림픽공원,7871,8040
2022-10-14,9호선2~3단계,한성백제,4165,3625
2022-10-14,9호선2~3단계,송파나루,5694,6261
2022-10-14,9호선2~3단계,석촌,10268,9172
2022-10-14,9호선2~3단계,석촌고분,7302,6953
2022-10-14,9호선2~3단계,삼전,8016,7348
2022-10-14,9호선2~3단계,종합운동장,5349,5205
2022-10-14,9호선2~3단계,봉은사,20312,21054
2022-10-14,9호선2~3단계,삼성중앙,8158,8619
2022-10-14,9호선2~3단계,선정릉,11484,12615
2022-10-14,9호선2~3단계,언주,12250,12504
2022-10-15,9호선2~3단계,언주,7430,7485
2022-10-15,9호선2~3단계,선정릉,5825,6466
2022-10-15,9호선2~3단계,삼성중앙,3626,3777
2022-10-15,9호선2~3단계,봉은사,13477,14202
2022-10-15,9호선2~3단계,종합운동장,3941,3465
2022-10-15,9호선2~3단계,삼전,5632,4973
2022-10-15,9호선2~3단계,석촌고분,5080,4753
2022-10-15,9호선2~3단계,석촌,8706,7554
2022-10-15,9호선2~3단계,송파나루,4866,5265
2022-10-15,9호선2~3단계,한성백제,3251,2638
2022-10-15,9호선2~3단계,올림픽공원,12521,13319
2022-10-15,9호선2~3단계,둔촌오륜,2074,2194
2022-10-15,9호선2~3단계,중앙보훈병원,5789,5460
2022-10-16,9호선2~3단계,중앙보훈병원,4058,3938
2022-10-16,9호선2~3단계,둔촌오륜,669,650
2022-10-16,9호선2~3단계,올림픽공원,11485,12542
2022-10-16,9호선2~3단계,한성백제,2433,2171
2022-10-16,9호선2~3단계,송파나루,3463,3751
2022-10-16,9호선2~3단계,석촌,5954,5101
2022-10-16,9호선2~3단계,석촌고분,3509,3486
2022-10-16,9호선2~3단계,삼전,3857,3656
2022-10-16,9호선2~3단계,종합운동장,2628,2351
2022-10-16,9호선2~3단계,봉은사,9104,9188
2022-10-16,9호선2~3단계,삼성중앙,2247,2445
2022-10-16,9호선2~3단계,선정릉,3737,4192
2022-10-16,9호선2~3단계,언주,4351,4333
2022-10-17,9호선2~3단계,선정릉,11059,12228
2022-10-17,9호선2~3단계,삼성중앙,8195,8632
2022-10-17,9호선2~3단계,봉은사,17861,18299
2022-10-17,9호선2~3단계,종합운동장,4643,4518
2022-10-17,9호선2~3단계,삼전,7466,7064
2022-10-17,9호선2~3단계,석촌고분,6877,6750
2022-10-17,9호선2~3단계,석촌,9408,8292
2022-10-17,9호선2~3단계,송파나루,5369,5476
2022-10-17,9호선2~3단계,한성백제,2951,2632
2022-10-17,9호선2~3단계,올림픽공원,7413,7491
2022-10-17,9호선2~3단계,둔촌오륜,1201,1075
2022-10-17,9호선2~3단계,중앙보훈병원,12756,10981
2022-10-17,9호선2~3단계,언주,11765,12024
2022-10-18,9호선2~3단계,언주,12081,12488
2022-10-18,9호선2~3단계,선정릉,11405,12774
2022-10-18,9호선2~3단계,삼성중앙,8693,9072
2022-10-18,9호선2~3단계,봉은사,19458,20317
2022-10-18,9호선2~3단계,종합운동장,4785,4843
2022-10-18,9호선2~3단계,삼전,7588,7176
2022-10-18,9호선2~3단계,석촌고분,7110,6939
2022-10-18,9호선2~3단계,석촌,9614,8710
2022-10-18,9호선2~3단계,송파나루,5458,5681
2022-10-18,9호선2~3단계,한성백제,3056,2688
2022-10-18,9호선2~3단계,올림픽공원,7881,8182
2022-10-18,9호선2~3단계,둔촌오륜,1213,1148
2022-10-18,9호선2~3단계,중앙보훈병원,13135,11748
2022-10-19,9호선2~3단계,언주,12201,12688
2022-10-19,9호선2~3단계,선정릉,11469,12694
2022-10-19,9호선2~3단계,삼성중앙,8123,8686
2022-10-19,9호선2~3단계,봉은사,20508,21074
2022-10-19,9호선2~3단계,종합운동장,4959,4883
2022-10-19,9호선2~3단계,삼전,7643,7270
2022-10-19,9호선2~3단계,석촌고분,7162,6872
2022-10-19,9호선2~3단계,석촌,9854,8780
2022-10-19,9호선2~3단계,송파나루,5592,5806
2022-10-19,9호선2~3단계,한성백제,3042,2722
2022-10-19,9호선2~3단계,올림픽공원,7350,7548
2022-10-19,9호선2~3단계,둔촌오륜,1243,1172
2022-10-19,9호선2~3단계,중앙보훈병원,12590,11078
2022-10-20,9호선2~3단계,언주,11959,12198
2022-10-20,9호선2~3단계,선정릉,11459,12805
2022-10-20,9호선2~3단계,삼성중앙,8323,8776
2022-10-20,9호선2~3단계,봉은사,20961,22079
2022-10-20,9호선2~3단계,종합운동장,4827,4908
2022-10-20,9호선2~3단계,삼전,7634,7181
2022-10-20,9호선2~3단계,석촌고분,7129,6931
2022-10-20,9호선2~3단계,석촌,9935,8837
2022-10-20,9호선2~3단계,송파나루,5526,5973
2022-10-20,9호선2~3단계,한성백제,3066,2761
2022-10-20,9호선2~3단계,올림픽공원,7501,7726
2022-10-20,9호선2~3단계,둔촌오륜,1251,1113
2022-10-20,9호선2~3단계,중앙보훈병원,12803,11371
2022-10-21,9호선2~3단계,중앙보훈병원,12456,10981
2022-10-21,9호선2~3단계,둔촌오륜,1272,1152
2022-10-21,9호선2~3단계,올림픽공원,8032,8144
2022-10-21,9호선2~3단계,한성백제,3236,2817
2022-10-21,9호선2~3단계,송파나루,5938,6240
2022-10-21,9호선2~3단계,석촌,10410,9304
2022-10-21,9호선2~3단계,석촌고분,7236,6947
2022-10-21,9호선2~3단계,삼전,7737,7164
2022-10-21,9호선2~3단계,종합운동장,4900,4978
2022-10-21,9호선2~3단계,봉은사,20933,21857
2022-10-21,9호선2~3단계,삼성중앙,8068,8420
2022-10-21,9호선2~3단계,선정릉,11319,12539
2022-10-21,9호선2~3단계,언주,11954,12167
2022-10-22,9호선2~3단계,중앙보훈병원,5742,5418
2022-10-22,9호선2~3단계,둔촌오륜,772,757
2022-10-22,9호선2~3단계,올림픽공원,12533,12919
2022-10-22,9호선2~3단계,한성백제,2746,2399
2022-10-22,9호선2~3단계,송파나루,4881,5500
2022-10-22,9호선2~3단계,석촌,8750,7393
2022-10-22,9호선2~3단계,석촌고분,4974,4746
2022-10-22,9호선2~3단계,삼전,5688,5239
2022-10-22,9호선2~3단계,종합운동장,4393,4039
2022-10-22,9호선2~3단계,봉은사,14992,16185
2022-10-22,9호선2~3단계,삼성중앙,3684,3722
2022-10-22,9호선2~3단계,선정릉,5702,6410
2022-10-22,9호선2~3단계,언주,7023,7030
2022-10-23,9호선2~3단계,언주,4700,4755
2022-10-23,9호선2~3단계,선정릉,3635,4152
2022-10-23,9호선2~3단계,삼성중앙,2385,2485
2022-10-23,9호선2~3단계,봉은사,10473,10782
2022-10-23,9호선2~3단계,종합운동장,3332,2959
2022-10-23,9호선2~3단계,삼전,3952,3924
2022-10-23,9호선2~3단계,석촌고분,3579,3518
2022-10-23,9호선2~3단계,석촌,6075,5356
2022-10-23,9호선2~3단계,송파나루,3686,3906
2022-10-23,9호선2~3단계,한성백제,2139,1901
2022-10-23,9호선2~3단계,올림픽공원,10830,10150
2022-10-23,9호선2~3단계,둔촌오륜,652,636
2022-10-23,9호선2~3단계,중앙보훈병원,4399,4139
2022-10-24,9호선2~3단계,중앙보훈병원,12635,11201
2022-10-24,9호선2~3단계,둔촌오륜,1190,1113
2022-10-24,9호선2~3단계,올림픽공원,7266,7418
2022-10-24,9호선2~3단계,한성백제,2945,2619
2022-10-24,9호선2~3단계,송파나루,5246,5474
2022-10-24,9호선2~3단계,석촌,9463,8643
2022-10-24,9호선2~3단계,석촌고분,6973,6724
2022-10-24,9호선2~3단계,삼전,7442,7078
2022-10-24,9호선2~3단계,종합운동장,4910,4865
2022-10-24,9호선2~3단계,봉은사,18129,18483
2022-10-24,9호선2~3단계,삼성중앙,8126,8696
2022-10-24,9호선2~3단계,선정릉,10983,12175
2022-10-24,9호선2~3단계,언주,11716,12140
2022-10-25,9호선2~3단계,중앙보훈병원,13102,11509
2022-10-25,9호선2~3단계,둔촌오륜,1248,1155
2022-10-25,9호선2~3단계,올림픽공원,7487,7658
2022-10-25,9호선2~3단계,한성백제,3210,2785
2022-10-25,9호선2~3단계,송파나루,5521,5762
2022-10-25,9호선2~3단계,석촌,9859,8870
2022-10-25,9호선2~3단계,석촌고분,7214,6958
2022-10-25,9호선2~3단계,삼전,7642,7194
2022-10-25,9호선2~3단계,종합운동장,4751,5120
2022-10-25,9호선2~3단계,봉은사,19848,20652
2022-10-25,9호선2~3단계,삼성중앙,8428,8836
2022-10-25,9호선2~3단계,선정릉,11800,12786
2022-10-25,9호선2~3단계,언주,12294,12442
2022-10-26,9호선2~3단계,중앙보훈병원,12739,11214
2022-10-26,9호선2~3단계,둔촌오륜,1239,1138
2022-10-26,9호선2~3단계,올림픽공원,7463,7779
2022-10-26,9호선2~3단계,한성백제,3203,2766
2022-10-26,9호선2~3단계,송파나루,5559,5871
2022-10-26,9호선2~3단계,석촌,10003,9019
2022-10-26,9호선2~3단계,석촌고분,7088,6878
2022-10-26,9호선2~3단계,삼전,7655,7206
2022-10-26,9호선2~3단계,종합운동장,4863,4818
2022-10-26,9호선2~3단계,봉은사,20382,21515
2022-10-26,9호선2~3단계,삼성중앙,8287,8832
2022-10-26,9호선2~3단계,선정릉,11350,12668
2022-10-26,9호선2~3단계,언주,11910,12261
2022-10-27,9호선2~3단계,중앙보훈병원,12678,11233
2022-10-27,9호선2~3단계,둔촌오륜,1239,1182
2022-10-27,9호선2~3단계,올림픽공원,7889,8146
2022-10-27,9호선2~3단계,한성백제,3097,2690
2022-10-27,9호선2~3단계,송파나루,5525,5845
2022-10-27,9호선2~3단계,석촌,10214,9198
2022-10-27,9호선2~3단계,석촌고분,7233,6966
2022-10-27,9호선2~3단계,삼전,7716,7258
2022-10-27,9호선2~3단계,종합운동장,4822,4969
2022-10-27,9호선2~3단계,봉은사,20556,21196
2022-10-27,9호선2~3단계,삼성중앙,8502,8922
2022-10-27,9호선2~3단계,선정릉,11584,12654
2022-10-27,9호선2~3단계,언주,11976,12502
2022-10-28,9호선2~3단계,언주,12012,12196
2022-10-28,9호선2~3단계,선정릉,11277,12294
2022-10-28,9호선2~3단계,삼성중앙,8290,8685
2022-10-28,9호선2~3단계,봉은사,20620,21212
2022-10-28,9호선2~3단계,종합운동장,5762,5195
2022-10-28,9호선2~3단계,삼전,7796,7248
2022-10-28,9호선2~3단계,석촌고분,7351,6965
2022-10-28,9호선2~3단계,석촌,10625,9416
2022-10-28,9호선2~3단계,송파나루,5928,6479
2022-10-28,9호선2~3단계,한성백제,3182,2840
2022-10-28,9호선2~3단계,올림픽공원,7953,8017
2022-10-28,9호선2~3단계,둔촌오륜,1269,1217
2022-10-28,9호선2~3단계,중앙보훈병원,12405,10847
2022-10-29,9호선2~3단계,언주,6914,7145
2022-10-29,9호선2~3단계,선정릉,5591,6370
2022-10-29,9호선2~3단계,삼성중앙,3905,3947
2022-10-29,9호선2~3단계,봉은사,14979,16814
2022-10-29,9호선2~3단계,종합운동장,5036,4695
2022-10-29,9호선2~3단계,삼전,5885,5139
2022-10-29,9호선2~3단계,석촌고분,5087,4772
2022-10-29,9호선2~3단계,석촌,9049,7577
2022-10-29,9호선2~3단계,송파나루,4973,5278
2022-10-29,9호선2~3단계,한성백제,2751,2244
2022-10-29,9호선2~3단계,올림픽공원,8202,8587
2022-10-29,9호선2~3단계,둔촌오륜,737,708
2022-10-29,9호선2~3단계,중앙보훈병원,6278,5745
2022-10-30,9호선2~3단계,언주,4483,4495
2022-10-30,9호선2~3단계,선정릉,3511,3994
2022-10-30,9호선2~3단계,삼성중앙,2378,2398
2022-10-30,9호선2~3단계,봉은사,10817,11080
2022-10-30,9호선2~3단계,종합운동장,3713,3256
2022-10-30,9호선2~3단계,삼전,3903,3790
2022-10-30,9호선2~3단계,석촌고분,3541,3589
2022-10-30,9호선2~3단계,석촌,5924,5305
2022-10-30,9호선2~3단계,송파나루,3421,3702
2022-10-30,9호선2~3단계,한성백제,2021,1729
2022-10-30,9호선2~3단계,올림픽공원,6252,6804
2022-10-30,9호선2~3단계,둔촌오륜,619,604
2022-10-30,9호선2~3단계,중앙보훈병원,4178,3980
2022-10-31,9호선2~3단계,중앙보훈병원,12604,11120
2022-10-31,9호선2~3단계,둔촌오륜,1191,1112
2022-10-31,9호선2~3단계,올림픽공원,7193,7358
2022-10-31,9호선2~3단계,한성백제,2916,2628
2022-10-31,9호선2~3단계,송파나루,5076,5446
2022-10-31,9호선2~3단계,석촌,9427,8480
2022-10-31,9호선2~3단계,석촌고분,6793,6542
2022-10-31,9호선2~3단계,삼전,7346,6887
2022-10-31,9호선2~3단계,종합운동장,4579,4637
2022-10-31,9호선2~3단계,봉은사,17792,18117
2022-10-31,9호선2~3단계,삼성중앙,8098,8634
2022-10-31,9호선2~3단계,선정릉,11131,12085
2022-10-31,9호선2~3단계,언주,11527,11804
2022-11-01,9호선2~3단계,중앙보훈병원,12659,11201
2022-11-01,9호선2~3단계,둔촌오륜,1202,1172
2022-11-01,9호선2~3단계,올림픽공원,7319,7634
2022-11-01,9호선2~3단계,한성백제,3019,2664
2022-11-01,9호선2~3단계,송파나루,5298,5543
2022-11-01,9호선2~3단계,석촌,9601,8495
2022-11-01,9호선2~3단계,석촌고분,7030,6850
2022-11-01,9호선2~3단계,삼전,7464,7009
2022-11-01,9호선2~3단계,종합운동장,4829,4866
2022-11-01,9호선2~3단계,봉은사,18917,19315
2022-11-01,9호선2~3단계,삼성중앙,8309,8729
2022-11-01,9호선2~3단계,선정릉,11315,12545
2022-11-01,9호선2~3단계,언주,11616,11881
2022-11-02,9호선2~3단계,언주,11753,12029
2022-11-02,9호선2~3단계,선정릉,11285,12518
2022-11-02,9호선2~3단계,삼성중앙,8216,8654
2022-11-02,9호선2~3단계,봉은사,20304,20674
2022-11-02,9호선2~3단계,종합운동장,4747,4698
2022-11-02,9호선2~3단계,삼전,7526,7081
2022-11-02,9호선2~3단계,석촌고분,7060,6838
2022-11-02,9호선2~3단계,석촌,9496,8669
2022-11-02,9호선2~3단계,송파나루,5382,5556
2022-11-02,9호선2~3단계,한성백제,3077,2719
2022-11-02,9호선2~3단계,올림픽공원,7430,7643
2022-11-02,9호선2~3단계,둔촌오륜,1299,1199
2022-11-02,9호선2~3단계,중앙보훈병원,12972,11387
2022-11-03,9호선2~3단계,언주,11949,12293
2022-11-03,9호선2~3단계,선정릉,11252,12567
2022-11-03,9호선2~3단계,삼성중앙,8364,8904
2022-11-03,9호선2~3단계,봉은사,20895,21528
2022-11-03,9호선2~3단계,종합운동장,4728,4707
2022-11-03,9호선2~3단계,삼전,7458,7185
2022-11-03,9호선2~3단계,석촌고분,7066,6831
2022-11-03,9호선2~3단계,석촌,9603,8621
2022-11-03,9호선2~3단계,송파나루,5497,5753
2022-11-03,9호선2~3단계,한성백제,3054,2634
2022-11-03,9호선2~3단계,올림픽공원,7314,7529
2022-11-03,9호선2~3단계,둔촌오륜,1269,1222
2022-11-03,9호선2~3단계,중앙보훈병원,12468,10907
2022-11-04,9호선2~3단계,중앙보훈병원,10305,8427
2022-11-04,9호선2~3단계,둔촌오륜,1229,1187
2022-11-04,9호선2~3단계,올림픽공원,7292,7355
2022-11-04,9호선2~3단계,한성백제,3019,2706
2022-11-04,9호선2~3단계,송파나루,5740,6257
2022-11-04,9호선2~3단계,석촌,9672,8708
2022-11-04,9호선2~3단계,석촌고분,7328,6975
2022-11-04,9호선2~3단계,삼전,7780,7260
2022-11-04,9호선2~3단계,종합운동장,5174,5111
2022-11-04,9호선2~3단계,봉은사,20483,20914
2022-11-04,9호선2~3단계,삼성중앙,8318,8613
2022-11-04,9호선2~3단계,선정릉,11050,12295
2022-11-04,9호선2~3단계,언주,11964,12201
2022-11-05,9호선2~3단계,중앙보훈병원,5788,5346
2022-11-05,9호선2~3단계,둔촌오륜,740,757
2022-11-05,9호선2~3단계,올림픽공원,5487,5835
2022-11-05,9호선2~3단계,한성백제,2399,1987
2022-11-05,9호선2~3단계,송파나루,4627,4949
2022-11-05,9호선2~3단계,석촌,7885,6353
2022-11-05,9호선2~3단계,석촌고분,4980,4574
2022-11-05,9호선2~3단계,삼전,5439,4801
2022-11-05,9호선2~3단계,종합운동장,3457,3211
2022-11-05,9호선2~3단계,봉은사,15004,16298
2022-11-05,9호선2~3단계,삼성중앙,3445,3558
2022-11-05,9호선2~3단계,선정릉,5621,6213
2022-11-05,9호선2~3단계,언주,6559,6633
2022-11-06,9호선2~3단계,중앙보훈병원,4105,3945
2022-11-06,9호선2~3단계,둔촌오륜,757,760
2022-11-06,9호선2~3단계,올림픽공원,4890,5236
2022-11-06,9호선2~3단계,한성백제,2034,1937
2022-11-06,9호선2~3단계,송파나루,3513,3749
2022-11-06,9호선2~3단계,석촌,5677,5030
2022-11-06,9호선2~3단계,석촌고분,4220,3884
2022-11-06,9호선2~3단계,삼전,4760,4285
2022-11-06,9호선2~3단계,종합운동장,4409,3358
2022-11-06,9호선2~3단계,봉은사,10722,11095
2022-11-06,9호선2~3단계,삼성중앙,2387,2528
2022-11-06,9호선2~3단계,선정릉,3617,4062
2022-11-06,9호선2~3단계,언주,4431,4687
2022-11-07,9호선2~3단계,중앙보훈병원,12653,11011
2022-11-07,9호선2~3단계,둔촌오륜,1214,1164
2022-11-07,9호선2~3단계,올림픽공원,7068,7322
2022-11-07,9호선2~3단계,한성백제,2803,2525
2022-11-07,9호선2~3단계,송파나루,5141,5431
2022-11-07,9호선2~3단계,석촌,9226,8154
2022-11-07,9호선2~3단계,석촌고분,6847,6686
2022-11-07,9호선2~3단계,삼전,7277,7037
2022-11-07,9호선2~3단계,종합운동장,4568,4565
2022-11-07,9호선2~3단계,봉은사,18663,19217
2022-11-07,9호선2~3단계,삼성중앙,8169,8432
2022-11-07,9호선2~3단계,선정릉,10845,11639
2022-11-07,9호선2~3단계,언주,11417,11652
2022-11-08,9호선2~3단계,언주,11833,12187
2022-11-08,9호선2~3단계,선정릉,11384,12511
2022-11-08,9호선2~3단계,삼성중앙,8345,8767
2022-11-08,9호선2~3단계,봉은사,19312,19652
2022-11-08,9호선2~3단계,종합운동장,4811,4807
2022-11-08,9호선2~3단계,삼전,7424,7065
2022-11-08,9호선2~3단계,석촌고분,7022,6708
2022-11-08,9호선2~3단계,석촌,9745,8772
2022-11-08,9호선2~3단계,송파나루,5560,5619
2022-11-08,9호선2~3단계,한성백제,3078,2705
2022-11-08,9호선2~3단계,올림픽공원,7956,7844
2022-11-08,9호선2~3단계,둔촌오륜,1294,1161
2022-11-08,9호선2~3단계,중앙보훈병원,13479,11247
2022-11-09,9호선2~3단계,언주,11842,12092
2022-11-09,9호선2~3단계,선정릉,11524,12534
2022-11-09,9호선2~3단계,삼성중앙,8266,8754
2022-11-09,9호선2~3단계,봉은사,19951,20528
2022-11-09,9호선2~3단계,종합운동장,4723,4854
2022-11-09,9호선2~3단계,삼전,7441,7084
2022-11-09,9호선2~3단계,석촌고분,7016,6781
2022-11-09,9호선2~3단계,석촌,9733,8572
2022-11-09,9호선2~3단계,송파나루,5480,5633
2022-11-09,9호선2~3단계,한성백제,3034,2706
2022-11-09,9호선2~3단계,올림픽공원,8190,7741
2022-11-09,9호선2~3단계,둔촌오륜,1194,1156
2022-11-09,9호선2~3단계,중앙보훈병원,13903,11299
2022-11-10,9호선2~3단계,언주,11776,12168
2022-11-10,9호선2~3단계,선정릉,11494,12455
2022-11-10,9호선2~3단계,삼성중앙,8240,8842
2022-11-10,9호선2~3단계,봉은사,20261,20793
2022-11-10,9호선2~3단계,종합운동장,4704,4714
2022-11-10,9호선2~3단계,삼전,7570,7141
2022-11-10,9호선2~3단계,석촌고분,7109,6930
2022-11-10,9호선2~3단계,석촌,9840,8627
2022-11-10,9호선2~3단계,송파나루,5393,5664
2022-11-10,9호선2~3단계,한성백제,2923,2579
2022-11-10,9호선2~3단계,올림픽공원,7894,7603
2022-11-10,9호선2~3단계,둔촌오륜,1191,1097
2022-11-10,9호선2~3단계,중앙보훈병원,13800,11373
2022-11-11,9호선2~3단계,언주,11842,12053
2022-11-11,9호선2~3단계,선정릉,11258,12299
2022-11-11,9호선2~3단계,삼성중앙,8407,8605
2022-11-11,9호선2~3단계,봉은사,20752,21208
2022-11-11,9호선2~3단계,종합운동장,4790,4933
2022-11-11,9호선2~3단계,삼전,7697,7093
2022-11-11,9호선2~3단계,석촌고분,7226,6755
2022-11-11,9호선2~3단계,석촌,10097,8898
2022-11-11,9호선2~3단계,송파나루,5674,6174
2022-11-11,9호선2~3단계,한성백제,3073,2691
2022-11-11,9호선2~3단계,올림픽공원,7767,7883
2022-11-11,9호선2~3단계,둔촌오륜,1167,1126
2022-11-11,9호선2~3단계,중앙보훈병원,12746,10892
2022-11-12,9호선2~3단계,언주,7152,7165
2022-11-12,9호선2~3단계,선정릉,5198,6011
2022-11-12,9호선2~3단계,삼성중앙,3606,3711
2022-11-12,9호선2~3단계,봉은사,13620,14283
2022-11-12,9호선2~3단계,종합운동장,3608,3309
2022-11-12,9호선2~3단계,삼전,5386,5041
2022-11-12,9호선2~3단계,석촌고분,4854,4789
2022-11-12,9호선2~3단계,석촌,7428,6287
2022-11-12,9호선2~3단계,송파나루,4749,4904
2022-11-12,9호선2~3단계,한성백제,2349,2025
2022-11-12,9호선2~3단계,올림픽공원,8183,8547
2022-11-12,9호선2~3단계,둔촌오륜,656,705
2022-11-12,9호선2~3단계,중앙보훈병원,5550,5170
2022-11-13,9호선2~3단계,언주,4469,4488
2022-11-13,9호선2~3단계,선정릉,3292,3727
2022-11-13,9호선2~3단계,삼성중앙,2292,2349
2022-11-13,9호선2~3단계,봉은사,9848,9830
2022-11-13,9호선2~3단계,종합운동장,3257,2642
2022-11-13,9호선2~3단계,삼전,3787,3632
2022-11-13,9호선2~3단계,석촌고분,3389,3206
2022-11-13,9호선2~3단계,석촌,5486,4750
2022-11-13,9호선2~3단계,송파나루,3352,3637
2022-11-13,9호선2~3단계,한성백제,2060,1851
2022-11-13,9호선2~3단계,올림픽공원,7750,7709
2022-11-13,9호선2~3단계,둔촌오륜,620,673
2022-11-13,9호선2~3단계,중앙보훈병원,3945,3671
2022-11-14,9호선2~3단계,중앙보훈병원,12474,10851
2022-11-14,9호선2~3단계,언주,11470,11815
2022-11-14,9호선2~3단계,선정릉,10851,12006
2022-11-14,9호선2~3단계,삼성중앙,8134,8552
2022-11-14,9호선2~3단계,봉은사,17889,18460
2022-11-14,9호선2~3단계,종합운동장,4546,4434
2022-11-14,9호선2~3단계,삼전,7330,6938
2022-11-14,9호선2~3단계,석촌고분,6700,6613
2022-11-14,9호선2~3단계,석촌,8935,8047
2022-11-14,9호선2~3단계,송파나루,5102,5454
2022-11-14,9호선2~3단계,한성백제,2826,2510
2022-11-14,9호선2~3단계,올림픽공원,6895,7025
2022-11-14,9호선2~3단계,둔촌오륜,1002,1029
2022-11-15,9호선2~3단계,중앙보훈병원,12950,11490
2022-11-15,9호선2~3단계,둔촌오륜,1065,1049
2022-11-15,9호선2~3단계,올림픽공원,7510,7649
2022-11-15,9호선2~3단계,한성백제,3015,2626
2022-11-15,9호선2~3단계,송파나루,5335,5691
2022-11-15,9호선2~3단계,석촌,9494,8468
2022-11-15,9호선2~3단계,석촌고분,6994,6941
2022-11-15,9호선2~3단계,삼전,7466,7178
2022-11-15,9호선2~3단계,종합운동장,4716,4712
2022-11-15,9호선2~3단계,봉은사,19985,20335
2022-11-15,9호선2~3단계,삼성중앙,8485,8846
2022-11-15,9호선2~3단계,선정릉,11076,12384
2022-11-15,9호선2~3단계,언주,12023,12208
2022-11-16,9호선2~3단계,중앙보훈병원,12700,11261
2022-11-16,9호선2~3단계,둔촌오륜,1274,1243
2022-11-16,9호선2~3단계,올림픽공원,7530,7744
2022-11-16,9호선2~3단계,한성백제,2941,2626
2022-11-16,9호선2~3단계,송파나루,5396,5689
2022-11-16,9호선2~3단계,석촌,9611,8505
2022-11-16,9호선2~3단계,석촌고분,7017,6824
2022-11-16,9호선2~3단계,삼전,7717,7261
2022-11-16,9호선2~3단계,종합운동장,4963,4834
2022-11-16,9호선2~3단계,봉은사,19257,19706
2022-11-16,9호선2~3단계,삼성중앙,8338,8685
2022-11-16,9호선2~3단계,선정릉,11206,12310
2022-11-16,9호선2~3단계,언주,11917,12266
2022-11-17,9호선2~3단계,언주,11541,12108
2022-11-17,9호선2~3단계,선정릉,11141,12211
2022-11-17,9호선2~3단계,삼성중앙,8127,8609
2022-11-17,9호선2~3단계,봉은사,20739,21073
2022-11-17,9호선2~3단계,종합운동장,4756,4843
2022-11-17,9호선2~3단계,삼전,7602,7107
2022-11-17,9호선2~3단계,석촌고분,7136,6917
2022-11-17,9호선2~3단계,석촌,9526,8629
2022-11-17,9호선2~3단계,송파나루,5402,5797
2022-11-17,9호선2~3단계,한성백제,2966,2633
2022-11-17,9호선2~3단계,올림픽공원,7545,7705
2022-11-17,9호선2~3단계,둔촌오륜,1322,1155
2022-11-17,9호선2~3단계,중앙보훈병원,12367,11041
2022-11-18,9호선2~3단계,중앙보훈병원,12206,10621
2022-11-18,9호선2~3단계,둔촌오륜,1106,1066
2022-11-18,9호선2~3단계,올림픽공원,11324,11594
2022-11-18,9호선2~3단계,한성백제,2990,2614
2022-11-18,9호선2~3단계,송파나루,5559,6074
2022-11-18,9호선2~3단계,석촌,10052,8833
2022-11-18,9호선2~3단계,석촌고분,7159,6856
2022-11-18,9호선2~3단계,삼전,7836,7160
2022-11-18,9호선2~3단계,종합운동장,4828,4869
2022-11-18,9호선2~3단계,봉은사,19820,20621
2022-11-18,9호선2~3단계,삼성중앙,7874,8180
2022-11-18,9호선2~3단계,선정릉,11192,11926
2022-11-18,9호선2~3단계,언주,11775,12077
2022-11-19,9호선2~3단계,언주,7285,7348
2022-11-19,9호선2~3단계,선정릉,5335,6242
2022-11-19,9호선2~3단계,삼성중앙,3862,3754
2022-11-19,9호선2~3단계,봉은사,14222,14855
2022-11-19,9호선2~3단계,종합운동장,3832,3509
2022-11-19,9호선2~3단계,삼전,5427,5121
2022-11-19,9호선2~3단계,석촌고분,4966,4775
2022-11-19,9호선2~3단계,석촌,8238,6816
2022-11-19,9호선2~3단계,송파나루,4478,5056
2022-11-19,9호선2~3단계,한성백제,2318,1949
2022-11-19,9호선2~3단계,올림픽공원,10875,10572
2022-11-19,9호선2~3단계,둔촌오륜,641,784
2022-11-19,9호선2~3단계,중앙보훈병원,5606,5098
2022-11-20,9호선2~3단계,언주,4631,4673
2022-11-20,9호선2~3단계,선정릉,3511,3981
2022-11-20,9호선2~3단계,삼성중앙,2246,2277
2022-11-20,9호선2~3단계,봉은사,10561,11015
2022-11-20,9호선2~3단계,종합운동장,4007,3072
2022-11-20,9호선2~3단계,삼전,3983,3829
2022-11-20,9호선2~3단계,석촌고분,3698,3771
2022-11-20,9호선2~3단계,석촌,6043,5104
2022-11-20,9호선2~3단계,송파나루,3300,3756
2022-11-20,9호선2~3단계,한성백제,1877,1674
2022-11-20,9호선2~3단계,올림픽공원,9691,9867
2022-11-20,9호선2~3단계,둔촌오륜,1128,652
2022-11-20,9호선2~3단계,중앙보훈병원,4195,4081
2022-11-21,9호선2~3단계,중앙보훈병원,12655,11228
2022-11-21,9호선2~3단계,둔촌오륜,1170,1134
2022-11-21,9호선2~3단계,올림픽공원,7146,7325
2022-11-21,9호선2~3단계,한성백제,2725,2420
2022-11-21,9호선2~3단계,송파나루,4999,5483
2022-11-21,9호선2~3단계,석촌,9132,8308
2022-11-21,9호선2~3단계,석촌고분,6738,6651
2022-11-21,9호선2~3단계,삼전,7379,6926
2022-11-21,9호선2~3단계,종합운동장,4881,4907
2022-11-21,9호선2~3단계,봉은사,18742,19150
2022-11-21,9호선2~3단계,삼성중앙,8136,8626
2022-11-21,9호선2~3단계,선정릉,10949,11919
2022-11-21,9호선2~3단계,언주,11553,11957
2022-11-22,9호선2~3단계,중앙보훈병원,13041,11470
2022-11-22,9호선2~3단계,둔촌오륜,1212,1148
2022-11-22,9호선2~3단계,올림픽공원,7265,7525
2022-11-22,9호선2~3단계,한성백제,2924,2601
2022-11-22,9호선2~3단계,송파나루,5244,5627
2022-11-22,9호선2~3단계,석촌,9563,8507
2022-11-22,9호선2~3단계,석촌고분,6799,6711
2022-11-22,9호선2~3단계,삼전,7617,7121
2022-11-22,9호선2~3단계,종합운동장,4625,4706
2022-11-22,9호선2~3단계,봉은사,19793,20386
2022-11-22,9호선2~3단계,삼성중앙,8364,8759
2022-11-22,9호선2~3단계,선정릉,11267,12591
2022-11-22,9호선2~3단계,언주,11887,12255
2022-11-23,9호선2~3단계,중앙보훈병원,12773,11233
2022-11-23,9호선2~3단계,둔촌오륜,1165,1112
2022-11-23,9호선2~3단계,올림픽공원,7321,7620
2022-11-23,9호선2~3단계,한성백제,2900,2559
2022-11-23,9호선2~3단계,송파나루,5318,5746
2022-11-23,9호선2~3단계,석촌,9534,8590
2022-11-23,9호선2~3단계,석촌고분,6869,6824
2022-11-23,9호선2~3단계,삼전,7524,7155
2022-11-23,9호선2~3단계,종합운동장,4674,4751
2022-11-23,9호선2~3단계,봉은사,22643,23515
2022-11-23,9호선2~3단계,삼성중앙,8459,8886
2022-11-23,9호선2~3단계,선정릉,11313,12565
2022-11-23,9호선2~3단계,언주,12077,12296
2022-11-24,9호선2~3단계,송파나루,5416,5802
2022-11-24,9호선2~3단계,언주,12003,12291
2022-11-24,9호선2~3단계,선정릉,11563,12621
2022-11-24,9호선2~3단계,삼성중앙,8584,8826
2022-11-24,9호선2~3단계,봉은사,23974,24325
2022-11-24,9호선2~3단계,종합운동장,4862,4865
2022-11-24,9호선2~3단계,삼전,7643,7324
2022-11-24,9호선2~3단계,석촌고분,7118,6939
2022-11-24,9호선2~3단계,석촌,9748,8796
2022-11-24,9호선2~3단계,한성백제,2958,2586
2022-11-24,9호선2~3단계,올림픽공원,7672,7591
2022-11-24,9호선2~3단계,둔촌오륜,1249,1168
2022-11-24,9호선2~3단계,중앙보훈병원,12791,11353
2022-11-25,9호선2~3단계,언주,11957,12169
2022-11-25,9호선2~3단계,선정릉,11202,12370
2022-11-25,9호선2~3단계,삼성중앙,8488,8775
2022-11-25,9호선2~3단계,봉은사,25013,26206
2022-11-25,9호선2~3단계,종합운동장,4942,4975
2022-11-25,9호선2~3단계,삼전,7827,7257
2022-11-25,9호선2~3단계,석촌고분,7184,6773
2022-11-25,9호선2~3단계,석촌,9925,8915
2022-11-25,9호선2~3단계,송파나루,5654,6131
2022-11-25,9호선2~3단계,한성백제,2968,2693
2022-11-25,9호선2~3단계,올림픽공원,7607,7396
2022-11-25,9호선2~3단계,둔촌오륜,1260,1200
2022-11-25,9호선2~3단계,중앙보훈병원,12435,10883
2022-11-26,9호선2~3단계,언주,7258,7147
2022-11-26,9호선2~3단계,선정릉,5510,6381
2022-11-26,9호선2~3단계,삼성중앙,4079,3910
2022-11-26,9호선2~3단계,봉은사,21211,23478
2022-11-26,9호선2~3단계,종합운동장,4148,3580
2022-11-26,9호선2~3단계,삼전,5700,5108
2022-11-26,9호선2~3단계,석촌고분,4938,4725
2022-11-26,9호선2~3단계,석촌,8012,6765
2022-11-26,9호선2~3단계,송파나루,4832,5419
2022-11-26,9호선2~3단계,한성백제,2302,1863
2022-11-26,9호선2~3단계,올림픽공원,11104,11324
2022-11-26,9호선2~3단계,둔촌오륜,747,801
2022-11-26,9호선2~3단계,중앙보훈병원,5545,5026
2022-11-27,9호선2~3단계,중앙보훈병원,4123,3893
2022-11-27,9호선2~3단계,둔촌오륜,636,640
2022-11-27,9호선2~3단계,올림픽공원,8793,9764
2022-11-27,9호선2~3단계,한성백제,1717,1578
2022-11-27,9호선2~3단계,송파나루,3286,3656
2022-11-27,9호선2~3단계,석촌,5635,4864
2022-11-27,9호선2~3단계,석촌고분,3527,3480
2022-11-27,9호선2~3단계,삼전,3916,3773
2022-11-27,9호선2~3단계,종합운동장,2556,2277
2022-11-27,9호선2~3단계,봉은사,9895,10404
2022-11-27,9호선2~3단계,삼성중앙,2346,2467
2022-11-27,9호선2~3단계,선정릉,3225,3634
2022-11-27,9호선2~3단계,언주,4441,4397
2022-11-28,9호선2~3단계,언주,11812,11988
2022-11-28,9호선2~3단계,선정릉,10693,11514
2022-11-28,9호선2~3단계,삼성중앙,8322,8580
2022-11-28,9호선2~3단계,봉은사,19526,19623
2022-11-28,9호선2~3단계,종합운동장,4460,4493
2022-11-28,9호선2~3단계,삼전,7409,7410
2022-11-28,9호선2~3단계,석촌고분,6848,6895
2022-11-28,9호선2~3단계,석촌,9071,7900
2022-11-28,9호선2~3단계,송파나루,5157,5518
2022-11-28,9호선2~3단계,한성백제,2763,2510
2022-11-28,9호선2~3단계,올림픽공원,6508,6562
2022-11-28,9호선2~3단계,둔촌오륜,1218,1197
2022-11-28,9호선2~3단계,중앙보훈병원,12235,10739
2022-11-29,9호선2~3단계,중앙보훈병원,12855,11242
2022-11-29,9호선2~3단계,둔촌오륜,1280,1171
2022-11-29,9호선2~3단계,올림픽공원,6991,7074
2022-11-29,9호선2~3단계,한성백제,2919,2607
2022-11-29,9호선2~3단계,송파나루,5362,5663
2022-11-29,9호선2~3단계,석촌,9365,8415
2022-11-29,9호선2~3단계,석촌고분,6992,6851
2022-11-29,9호선2~3단계,삼전,7472,7255
2022-11-29,9호선2~3단계,종합운동장,4777,4601
2022-11-29,9호선2~3단계,봉은사,19566,19856
2022-11-29,9호선2~3단계,삼성중앙,8268,8837
2022-11-29,9호선2~3단계,선정릉,10933,12137
2022-11-29,9호선2~3단계,언주,12190,12485
2022-11-30,9호선2~3단계,중앙보훈병원,12099,10700
2022-11-30,9호선2~3단계,둔촌오륜,1219,1142
2022-11-30,9호선2~3단계,올림픽공원,7035,6799
2022-11-30,9호선2~3단계,한성백제,2991,2667
2022-11-30,9호선2~3단계,송파나루,5268,5711
2022-11-30,9호선2~3단계,석촌,9346,8047
2022-11-30,9호선2~3단계,석촌고분,6988,6798
2022-11-30,9호선2~3단계,삼전,7509,7046
2022-11-30,9호선2~3단계,종합운동장,5092,5028
2022-11-30,9호선2~3단계,봉은사,20518,20176
2022-11-30,9호선2~3단계,삼성중앙,8329,8723
2022-11-30,9호선2~3단계,선정릉,10833,11869
2022-11-30,9호선2~3단계,언주,12536,12221
2022-12-01,9호선2~3단계,중앙보훈병원,12064,10767
2022-12-01,9호선2~3단계,둔촌오륜,1266,1142
2022-12-01,9호선2~3단계,올림픽공원,6808,6973
2022-12-01,9호선2~3단계,한성백제,2924,2690
2022-12-01,9호선2~3단계,송파나루,5356,5712
2022-12-01,9호선2~3단계,석촌,9220,8112
2022-12-01,9호선2~3단계,석촌고분,6999,6985
2022-12-01,9호선2~3단계,삼전,7544,7241
2022-12-01,9호선2~3단계,종합운동장,4570,4555
2022-12-01,9호선2~3단계,봉은사,21102,21840
2022-12-01,9호선2~3단계,삼성중앙,8363,8618
2022-12-01,9호선2~3단계,선정릉,10803,11958
2022-12-01,9호선2~3단계,언주,11928,12107
2022-12-02,9호선2~3단계,중앙보훈병원,12066,10533
2022-12-02,9호선2~3단계,둔촌오륜,1351,1169
2022-12-02,9호선2~3단계,올림픽공원,9119,8808
2022-12-02,9호선2~3단계,한성백제,3150,2767
2022-12-02,9호선2~3단계,송파나루,5916,6374
2022-12-02,9호선2~3단계,석촌,9922,8811
2022-12-02,9호선2~3단계,석촌고분,7292,7049
2022-12-02,9호선2~3단계,삼전,7822,7176
2022-12-02,9호선2~3단계,종합운동장,6464,6623
2022-12-02,9호선2~3단계,봉은사,21714,22025
2022-12-02,9호선2~3단계,삼성중앙,8528,8922
2022-12-02,9호선2~3단계,선정릉,10976,11919
2022-12-02,9호선2~3단계,언주,12363,12373
2022-12-03,9호선2~3단계,중앙보훈병원,5644,5181
2022-12-03,9호선2~3단계,둔촌오륜,694,680
2022-12-03,9호선2~3단계,올림픽공원,10355,10623
2022-12-03,9호선2~3단계,한성백제,2116,1884
2022-12-03,9호선2~3단계,송파나루,4726,5213
2022-12-03,9호선2~3단계,석촌,7821,6486
2022-12-03,9호선2~3단계,석촌고분,4915,4642
2022-12-03,9호선2~3단계,삼전,5480,4954
2022-12-03,9호선2~3단계,종합운동장,5756,5324
2022-12-03,9호선2~3단계,봉은사,16408,17682
2022-12-03,9호선2~3단계,삼성중앙,3804,4131
2022-12-03,9호선2~3단계,선정릉,5141,5850
2022-12-03,9호선2~3단계,언주,7881,7810
2022-12-04,9호선2~3단계,중앙보훈병원,3833,3569
2022-12-04,9호선2~3단계,둔촌오륜,658,647
2022-12-04,9호선2~3단계,올림픽공원,9464,9490
2022-12-04,9호선2~3단계,한성백제,1669,1473
2022-12-04,9호선2~3단계,송파나루,3386,3744
2022-12-04,9호선2~3단계,석촌,5262,4472
2022-12-04,9호선2~3단계,석촌고분,3402,3480
2022-12-04,9호선2~3단계,삼전,3723,3872
2022-12-04,9호선2~3단계,종합운동장,2851,2568
2022-12-04,9호선2~3단계,봉은사,12251,13048
2022-12-04,9호선2~3단계,삼성중앙,2401,2487
2022-12-04,9호선2~3단계,선정릉,3283,3588
2022-12-04,9호선2~3단계,언주,4651,4583
2022-12-05,9호선2~3단계,언주,12084,12358
2022-12-05,9호선2~3단계,선정릉,10531,11674
2022-12-05,9호선2~3단계,삼성중앙,8288,8687
2022-12-05,9호선2~3단계,봉은사,18643,19038
2022-12-05,9호선2~3단계,종합운동장,4561,4638
2022-12-05,9호선2~3단계,삼전,7421,7176
2022-12-05,9호선2~3단계,석촌고분,6878,6915
2022-12-05,9호선2~3단계,석촌,9091,8139
2022-12-05,9호선2~3단계,송파나루,5368,5767
2022-12-05,9호선2~3단계,한성백제,2839,2482
2022-12-05,9호선2~3단계,올림픽공원,6538,6685
2022-12-05,9호선2~3단계,둔촌오륜,1238,1194
2022-12-05,9호선2~3단계,중앙보훈병원,12239,10684
2022-12-06,9호선2~3단계,언주,11959,12348
2022-12-06,9호선2~3단계,선정릉,11028,12046
2022-12-06,9호선2~3단계,삼성중앙,8379,8890
2022-12-06,9호선2~3단계,봉은사,18958,19252
2022-12-06,9호선2~3단계,종합운동장,4620,4690
2022-12-06,9호선2~3단계,삼전,7612,7186
2022-12-06,9호선2~3단계,석촌고분,7063,6946
2022-12-06,9호선2~3단계,석촌,9261,8541
2022-12-06,9호선2~3단계,송파나루,5331,5680
2022-12-06,9호선2~3단계,한성백제,3024,2754
2022-12-06,9호선2~3단계,올림픽공원,6754,6976
2022-12-06,9호선2~3단계,둔촌오륜,1247,1148
2022-12-06,9호선2~3단계,중앙보훈병원,12588,11114
2022-12-07,9호선2~3단계,언주,11984,12458
2022-12-07,9호선2~3단계,선정릉,10920,12043
2022-12-07,9호선2~3단계,삼성중앙,8376,8763
2022-12-07,9호선2~3단계,봉은사,21055,21862
2022-12-07,9호선2~3단계,종합운동장,4722,4805
2022-12-07,9호선2~3단계,삼전,7796,7383
2022-12-07,9호선2~3단계,석촌고분,7265,7054
2022-12-07,9호선2~3단계,석촌,9502,8558
2022-12-07,9호선2~3단계,송파나루,5527,5955
2022-12-07,9호선2~3단계,한성백제,3086,2740
2022-12-07,9호선2~3단계,올림픽공원,7144,7166
2022-12-07,9호선2~3단계,둔촌오륜,1257,1161
2022-12-07,9호선2~3단계,중앙보훈병원,12839,11311
2022-12-08,9호선2~3단계,중앙보훈병원,12723,11182
2022-12-08,9호선2~3단계,둔촌오륜,1193,1099
2022-12-08,9호선2~3단계,올림픽공원,7065,7150
2022-12-08,9호선2~3단계,한성백제,3010,2649
2022-12-08,9호선2~3단계,송파나루,5500,5982
2022-12-08,9호선2~3단계,석촌,9815,8609
2022-12-08,9호선2~3단계,석촌고분,7185,7145
2022-12-08,9호선2~3단계,삼전,7747,7300
2022-12-08,9호선2~3단계,종합운동장,5321,4912
2022-12-08,9호선2~3단계,봉은사,22245,23439
2022-12-08,9호선2~3단계,삼성중앙,8378,9011
2022-12-08,9호선2~3단계,선정릉,11237,12355
2022-12-08,9호선2~3단계,언주,11973,12417
2022-12-09,9호선2~3단계,언주,12321,12712
2022-12-09,9호선2~3단계,선정릉,11126,12178
2022-12-09,9호선2~3단계,삼성중앙,8605,9055
2022-12-09,9호선2~3단계,봉은사,22658,23619
2022-12-09,9호선2~3단계,종합운동장,5126,5160
2022-12-09,9호선2~3단계,삼전,7890,7462
2022-12-09,9호선2~3단계,석촌고분,7557,7263
2022-12-09,9호선2~3단계,석촌,10352,8962
2022-12-09,9호선2~3단계,송파나루,5998,6655
2022-12-09,9호선2~3단계,한성백제,3142,2854
2022-12-09,9호선2~3단계,올림픽공원,13058,14234
2022-12-09,9호선2~3단계,둔촌오륜,1427,1235
2022-12-09,9호선2~3단계,중앙보훈병원,12576,10760
2022-12-10,9호선2~3단계,언주,7296,7408
2022-12-10,9호선2~3단계,선정릉,5394,6185
2022-12-10,9호선2~3단계,삼성중앙,4112,4197
2022-12-10,9호선2~3단계,봉은사,15894,17620
2022-12-10,9호선2~3단계,종합운동장,3864,3657
2022-12-10,9호선2~3단계,삼전,5750,5323
2022-12-10,9호선2~3단계,석촌고분,5127,5041
2022-12-10,9호선2~3단계,석촌,8482,7009
2022-12-10,9호선2~3단계,송파나루,5071,5818
2022-12-10,9호선2~3단계,한성백제,2283,2023
2022-12-10,9호선2~3단계,올림픽공원,12137,12556
2022-12-10,9호선2~3단계,둔촌오륜,805,840
2022-12-10,9호선2~3단계,중앙보훈병원,6060,5321
2022-12-11,9호선2~3단계,중앙보훈병원,4243,3961
2022-12-11,9호선2~3단계,둔촌오륜,670,660
2022-12-11,9호선2~3단계,올림픽공원,10103,10709
2022-12-11,9호선2~3단계,한성백제,1751,1612
2022-12-11,9호선2~3단계,송파나루,3521,3942
2022-12-11,9호선2~3단계,석촌,5716,5064
2022-12-11,9호선2~3단계,석촌고분,3630,3652
2022-12-11,9호선2~3단계,삼전,3821,3846
2022-12-11,9호선2~3단계,종합운동장,2650,2449
2022-12-11,9호선2~3단계,봉은사,12372,12859
2022-12-11,9호선2~3단계,삼성중앙,2371,2425
2022-12-11,9호선2~3단계,선정릉,3394,3843
2022-12-11,9호선2~3단계,언주,4327,4284
2022-12-12,9호선2~3단계,종합운동장,4707,4649
2022-12-12,9호선2~3단계,삼전,7480,7361
2022-12-12,9호선2~3단계,석촌고분,6936,7069
2022-12-12,9호선2~3단계,석촌,9302,8132
2022-12-12,9호선2~3단계,송파나루,5290,5685
2022-12-12,9호선2~3단계,한성백제,2888,2631
2022-12-12,9호선2~3단계,올림픽공원,6543,6578
2022-12-12,9호선2~3단계,둔촌오륜,1193,1170
2022-12-12,9호선2~3단계,언주,11969,12071
2022-12-12,9호선2~3단계,선정릉,10578,11557
2022-12-12,9호선2~3단계,삼성중앙,8456,8803
2022-12-12,9호선2~3단계,봉은사,18990,19116
2022-12-12,9호선2~3단계,중앙보훈병원,12699,11232
2022-12-13,9호선2~3단계,중앙보훈병원,12856,11414
2022-12-13,9호선2~3단계,둔촌오륜,1248,1172
2022-12-13,9호선2~3단계,올림픽공원,6896,6906
2022-12-13,9호선2~3단계,한성백제,3177,2925
2022-12-13,9호선2~3단계,송파나루,5858,6274
2022-12-13,9호선2~3단계,석촌,9603,8608
2022-12-13,9호선2~3단계,석촌고분,7291,7398
2022-12-13,9호선2~3단계,삼전,7881,7577
2022-12-13,9호선2~3단계,종합운동장,5098,4917
2022-12-13,9호선2~3단계,봉은사,20299,20505
2022-12-13,9호선2~3단계,삼성중앙,8966,9268
2022-12-13,9호선2~3단계,선정릉,11216,12495
2022-12-13,9호선2~3단계,언주,12963,12988
2022-12-14,9호선2~3단계,언주,12195,12495
2022-12-14,9호선2~3단계,선정릉,10809,12007
2022-12-14,9호선2~3단계,삼성중앙,8215,8730
2022-12-14,9호선2~3단계,봉은사,20857,21398
2022-12-14,9호선2~3단계,종합운동장,4784,4860
2022-12-14,9호선2~3단계,삼전,7574,7296
2022-12-14,9호선2~3단계,석촌고분,7158,7108
2022-12-14,9호선2~3단계,석촌,9239,8098
2022-12-14,9호선2~3단계,송파나루,5564,5986
2022-12-14,9호선2~3단계,한성백제,3086,2675
2022-12-14,9호선2~3단계,올림픽공원,6698,6511
2022-12-14,9호선2~3단계,둔촌오륜,1222,1141
2022-12-14,9호선2~3단계,중앙보훈병원,12356,10791
2022-12-15,9호선2~3단계,중앙보훈병원,13097,11485
2022-12-15,9호선2~3단계,둔촌오륜,1252,1284
2022-12-15,9호선2~3단계,올림픽공원,6937,6990
2022-12-15,9호선2~3단계,한성백제,3112,2747
2022-12-15,9호선2~3단계,송파나루,5976,6428
2022-12-15,9호선2~3단계,석촌,9605,8480
2022-12-15,9호선2~3단계,석촌고분,7369,7331
2022-12-15,9호선2~3단계,삼전,7932,7842
2022-12-15,9호선2~3단계,종합운동장,4956,4930
2022-12-15,9호선2~3단계,봉은사,22415,23038
2022-12-15,9호선2~3단계,삼성중앙,8890,9317
2022-12-15,9호선2~3단계,선정릉,11161,12363
2022-12-15,9호선2~3단계,언주,13190,13354
2022-12-16,9호선2~3단계,언주,12673,12681
2022-12-16,9호선2~3단계,선정릉,11087,12053
2022-12-16,9호선2~3단계,삼성중앙,8703,9231
2022-12-16,9호선2~3단계,봉은사,22722,23491
2022-12-16,9호선2~3단계,종합운동장,6629,6461
2022-12-16,9호선2~3단계,삼전,8200,7681
2022-12-16,9호선2~3단계,석촌고분,7649,7423
2022-12-16,9호선2~3단계,석촌,10110,8978
2022-12-16,9호선2~3단계,송파나루,6489,7027
2022-12-16,9호선2~3단계,한성백제,3116,2758
2022-12-16,9호선2~3단계,올림픽공원,9891,10132
2022-12-16,9호선2~3단계,둔촌오륜,1343,1268
2022-12-16,9호선2~3단계,중앙보훈병원,12810,10989
2022-12-17,9호선2~3단계,언주,7754,7824
2022-12-17,9호선2~3단계,선정릉,5647,6308
2022-12-17,9호선2~3단계,삼성중앙,4223,4473
2022-12-17,9호선2~3단계,봉은사,17515,18963
2022-12-17,9호선2~3단계,종합운동장,4051,3488
2022-12-17,9호선2~3단계,삼전,5998,5551
2022-12-17,9호선2~3단계,석촌고분,5261,4937
2022-12-17,9호선2~3단계,석촌,8280,6718
2022-12-17,9호선2~3단계,송파나루,5452,6083
2022-12-17,9호선2~3단계,한성백제,2438,2076
2022-12-17,9호선2~3단계,올림픽공원,12460,12318
2022-12-17,9호선2~3단계,둔촌오륜,859,890
2022-12-17,9호선2~3단계,중앙보훈병원,5977,5330
2022-12-18,9호선2~3단계,언주,4296,4284
2022-12-18,9호선2~3단계,선정릉,3190,3516
2022-12-18,9호선2~3단계,삼성중앙,2339,2402
2022-12-18,9호선2~3단계,봉은사,11902,12267
2022-12-18,9호선2~3단계,종합운동장,2559,2431
2022-12-18,9호선2~3단계,삼전,3984,3858
2022-12-18,9호선2~3단계,석촌고분,3450,3494
2022-12-18,9호선2~3단계,석촌,5311,4560
2022-12-18,9호선2~3단계,송파나루,3827,4113
2022-12-18,9호선2~3단계,한성백제,1588,1363
2022-12-18,9호선2~3단계,올림픽공원,9211,9128
2022-12-18,9호선2~3단계,둔촌오륜,623,627
2022-12-18,9호선2~3단계,중앙보훈병원,3760,3530
2022-12-19,9호선2~3단계,중앙보훈병원,11839,10464
2022-12-19,9호선2~3단계,둔촌오륜,1205,1113
2022-12-19,9호선2~3단계,올림픽공원,6076,6109
2022-12-19,9호선2~3단계,한성백제,2684,2416
2022-12-19,9호선2~3단계,송파나루,5490,5885
2022-12-19,9호선2~3단계,석촌,8963,8047
2022-12-19,9호선2~3단계,석촌고분,6954,6888
2022-12-19,9호선2~3단계,삼전,7463,7145
2022-12-19,9호선2~3단계,종합운동장,4517,4494
2022-12-19,9호선2~3단계,봉은사,19520,19995
2022-12-19,9호선2~3단계,삼성중앙,8144,8589
2022-12-19,9호선2~3단계,선정릉,10651,11713
2022-12-19,9호선2~3단계,언주,12037,12149
2022-12-20,9호선2~3단계,언주,12281,12617
2022-12-20,9호선2~3단계,선정릉,11065,12390
2022-12-20,9호선2~3단계,삼성중앙,8632,9121
2022-12-20,9호선2~3단계,봉은사,21658,22429
2022-12-20,9호선2~3단계,종합운동장,4640,4880
2022-12-20,9호선2~3단계,삼전,7788,7527
2022-12-20,9호선2~3단계,석촌고분,7235,7029
2022-12-20,9호선2~3단계,석촌,9649,8619
2022-12-20,9호선2~3단계,송파나루,5739,6189
2022-12-20,9호선2~3단계,한성백제,2881,2662
2022-12-20,9호선2~3단계,올림픽공원,7013,7017
2022-12-20,9호선2~3단계,둔촌오륜,1222,1167
2022-12-20,9호선2~3단계,중앙보훈병원,12775,11059
2022-12-21,9호선2~3단계,중앙보훈병원,13088,11814
2022-12-21,9호선2~3단계,둔촌오륜,1354,1355
2022-12-21,9호선2~3단계,올림픽공원,7320,7489
2022-12-21,9호선2~3단계,한성백제,3270,2852
2022-12-21,9호선2~3단계,송파나루,6385,6749
2022-12-21,9호선2~3단계,석촌,9845,8969
2022-12-21,9호선2~3단계,석촌고분,7842,7548
2022-12-21,9호선2~3단계,삼전,8443,7945
2022-12-21,9호선2~3단계,종합운동장,5309,5254
2022-12-21,9호선2~3단계,봉은사,23026,24227
2022-12-21,9호선2~3단계,삼성중앙,8967,9433
2022-12-21,9호선2~3단계,선정릉,11393,12480
2022-12-21,9호선2~3단계,언주,12945,13590
2022-12-22,9호선2~3단계,중앙보훈병원,12856,11258
2022-12-22,9호선2~3단계,둔촌오륜,2913,2716
2022-12-22,9호선2~3단계,올림픽공원,7558,11609
2022-12-22,9호선2~3단계,한성백제,3100,2779
2022-12-22,9호선2~3단계,송파나루,6600,7151
2022-12-22,9호선2~3단계,석촌,9927,8780
2022-12-22,9호선2~3단계,석촌고분,7724,7604
2022-12-22,9호선2~3단계,삼전,8129,7862
2022-12-22,9호선2~3단계,종합운동장,5240,5002
2022-12-22,9호선2~3단계,봉은사,29609,30581
2022-12-22,9호선2~3단계,삼성중앙,8958,9372
2022-12-22,9호선2~3단계,선정릉,10964,12118
2022-12-22,9호선2~3단계,언주,12939,13105
2022-12-23,9호선2~3단계,중앙보훈병원,11584,9968
2022-12-23,9호선2~3단계,둔촌오륜,1128,1064
2022-12-23,9호선2~3단계,올림픽공원,12083,14115
2022-12-23,9호선2~3단계,한성백제,3196,2867
2022-12-23,9호선2~3단계,송파나루,6858,7665
2022-12-23,9호선2~3단계,석촌,9727,8557
2022-12-23,9호선2~3단계,석촌고분,7593,7526
2022-12-23,9호선2~3단계,삼전,8034,7599
2022-12-23,9호선2~3단계,종합운동장,8070,7110
2022-12-23,9호선2~3단계,봉은사,28489,29705
2022-12-23,9호선2~3단계,삼성중앙,8235,8373
2022-12-23,9호선2~3단계,선정릉,10362,11294
2022-12-23,9호선2~3단계,언주,12639,12577
2022-12-24,9호선2~3단계,중앙보훈병원,4772,4332
2022-12-24,9호선2~3단계,둔촌오륜,699,715
2022-12-24,9호선2~3단계,올림픽공원,9898,11161
2022-12-24,9호선2~3단계,한성백제,1961,1628
2022-12-24,9호선2~3단계,송파나루,5454,5881
2022-12-24,9호선2~3단계,석촌,7241,6261
2022-12-24,9호선2~3단계,석촌고분,4837,4461
2022-12-24,9호선2~3단계,삼전,5308,4713
2022-12-24,9호선2~3단계,종합운동장,6336,4654
2022-12-24,9호선2~3단계,봉은사,21479,23707
2022-12-24,9호선2~3단계,삼성중앙,3443,3323
2022-12-24,9호선2~3단계,선정릉,4351,4792
2022-12-24,9호선2~3단계,언주,5913,5802
2022-12-25,9호선2~3단계,중앙보훈병원,3606,3389
2022-12-25,9호선2~3단계,둔촌오륜,733,615
2022-12-25,9호선2~3단계,올림픽공원,8995,6696
2022-12-25,9호선2~3단계,한성백제,1492,1300
2022-12-25,9호선2~3단계,송파나루,4596,4984
2022-12-25,9호선2~3단계,석촌,5632,5056
2022-12-25,9호선2~3단계,석촌고분,3420,3454
2022-12-25,9호선2~3단계,삼전,3702,3663
2022-12-25,9호선2~3단계,종합운동장,5639,3927
2022-12-25,9호선2~3단계,봉은사,19031,20741
2022-12-25,9호선2~3단계,삼성중앙,2142,2183
2022-12-25,9호선2~3단계,선정릉,2770,3173
2022-12-25,9호선2~3단계,언주,3539,3490
2022-12-26,9호선2~3단계,언주,11145,11455
2022-12-26,9호선2~3단계,선정릉,9866,10676
2022-12-26,9호선2~3단계,삼성중앙,7709,8301
2022-12-26,9호선2~3단계,봉은사,18542,19266
2022-12-26,9호선2~3단계,종합운동장,4479,4437
2022-12-26,9호선2~3단계,삼전,7182,6927
2022-12-26,9호선2~3단계,석촌고분,6747,6722
2022-12-26,9호선2~3단계,석촌,8853,7800
2022-12-26,9호선2~3단계,송파나루,5369,5783
2022-12-26,9호선2~3단계,한성백제,2548,2260
2022-12-26,9호선2~3단계,올림픽공원,5985,5987
2022-12-26,9호선2~3단계,둔촌오륜,985,1073
2022-12-26,9호선2~3단계,중앙보훈병원,11560,10094
2022-12-27,9호선2~3단계,중앙보훈병원,12494,10672
2022-12-27,9호선2~3단계,둔촌오륜,1009,1048
2022-12-27,9호선2~3단계,올림픽공원,6451,6446
2022-12-27,9호선2~3단계,한성백제,2800,2462
2022-12-27,9호선2~3단계,송파나루,5752,6315
2022-12-27,9호선2~3단계,석촌,9307,8341
2022-12-27,9호선2~3단계,석촌고분,7073,6882
2022-12-27,9호선2~3단계,삼전,7553,7212
2022-12-27,9호선2~3단계,종합운동장,4601,4797
2022-12-27,9호선2~3단계,봉은사,19675,20231
2022-12-27,9호선2~3단계,삼성중앙,8101,8628
2022-12-27,9호선2~3단계,선정릉,10361,11504
2022-12-27,9호선2~3단계,언주,11804,12258
2022-12-28,9호선2~3단계,중앙보훈병원,11865,10314
2022-12-28,9호선2~3단계,둔촌오륜,1078,1071
2022-12-28,9호선2~3단계,올림픽공원,6641,6793
2022-12-28,9호선2~3단계,한성백제,2740,2406
2022-12-28,9호선2~3단계,송파나루,5929,6457
2022-12-28,9호선2~3단계,석촌,9268,8270
2022-12-28,9호선2~3단계,석촌고분,6949,6974
2022-12-28,9호선2~3단계,삼전,7548,7271
2022-12-28,9호선2~3단계,종합운동장,4910,4867
2022-12-28,9호선2~3단계,봉은사,19903,20634
2022-12-28,9호선2~3단계,삼성중앙,7990,8393
2022-12-28,9호선2~3단계,선정릉,10197,11386
2022-12-28,9호선2~3단계,언주,11720,11974
2022-12-29,9호선2~3단계,중앙보훈병원,11483,9949
2022-12-29,9호선2~3단계,둔촌오륜,1030,977
2022-12-29,9호선2~3단계,올림픽공원,6297,6376
2022-12-29,9호선2~3단계,한성백제,2685,2373
2022-12-29,9호선2~3단계,송파나루,6008,6401
2022-12-29,9호선2~3단계,석촌,9322,8144
2022-12-29,9호선2~3단계,석촌고분,6833,6709
2022-12-29,9호선2~3단계,삼전,7509,7086
2022-12-29,9호선2~3단계,종합운동장,4553,4692
2022-12-29,9호선2~3단계,봉은사,20220,20917
2022-12-29,9호선2~3단계,삼성중앙,7762,8113
2022-12-29,9호선2~3단계,선정릉,9828,10821
2022-12-29,9호선2~3단계,언주,11069,11494
2022-12-30,9호선2~3단계,석촌고분,6996,6696
2022-12-30,9호선2~3단계,석촌,9348,8060
2022-12-30,9호선2~3단계,송파나루,6192,6622
2022-12-30,9호선2~3단계,한성백제,2670,2337
2022-12-30,9호선2~3단계,올림픽공원,11869,12010
2022-12-30,9호선2~3단계,둔촌오륜,929,932
2022-12-30,9호선2~3단계,중앙보훈병원,10419,9035
2022-12-30,9호선2~3단계,삼전,7432,6743
2022-12-30,9호선2~3단계,언주,10031,10034
2022-12-30,9호선2~3단계,선정릉,8603,9286
2022-12-30,9호선2~3단계,삼성중앙,7006,7258
2022-12-30,9호선2~3단계,봉은사,18999,19414
2022-12-30,9호선2~3단계,종합운동장,4706,4863
2022-12-31,9호선2~3단계,중앙보훈병원,4228,3827
2022-12-31,9호선2~3단계,둔촌오륜,508,513
2022-12-31,9호선2~3단계,올림픽공원,11877,11856
2022-12-31,9호선2~3단계,한성백제,1850,1552
2022-12-31,9호선2~3단계,언주,4929,4797
2022-12-31,9호선2~3단계,선정릉,3555,3756
2022-12-31,9호선2~3단계,삼성중앙,2970,2838
2022-12-31,9호선2~3단계,봉은사,13911,15690
2022-12-31,9호선2~3단계,종합운동장,3121,3043
2022-12-31,9호선2~3단계,삼전,4626,4255
2022-12-31,9호선2~3단계,석촌고분,4244,4022
2022-12-31,9호선2~3단계,석촌,6537,5587
2022-12-31,9호선2~3단계,송파나루,4422,5062
